3.13958 3.13958 43.01 0.0020109 -0.00635 -21.1569 6.00552 185.12 -0.692986 0.0422791 0.71959 -20.2436 6.0714 189.481 -0.657688 0.113122 0.744748 
3.13958 3.13958 43.01 0.0020109 -0.00635 -21.1558 6.00547 185.12 -0.693108 0.0422845 0.719591 -20.2436 6.0714 189.481 -0.657688 0.113122 0.744748 
3.13958 3.13958 43.01 0.0020109 -0.00635 -21.1569 6.00552 185.12 -0.692986 0.0422791 0.71959 -20.2436 6.0714 189.481 -0.657688 0.113122 0.744748 
3.13958 3.13958 43.01 0.0020109 -0.00635 -21.1569 6.00552 185.12 -0.692986 0.0422791 0.71959 -20.2436 6.0714 189.481 -0.657688 0.113122 0.744748 
3.13958 3.13958 43.01 0.0020109 -0.00635 -21.1558 6.00547 185.12 -0.693108 0.0422845 0.719591 -20.2436 6.0714 189.481 -0.657688 0.113122 0.744748 
3.13958 3.13958 43.01 0.0020109 -0.00635 -21.1558 6.00547 185.12 -0.693108 0.0422845 0.719591 -20.2436 6.0714 189.481 -0.657688 0.113122 0.744748 
3.13958 3.13958 43.01 0.0020109 -0.00635 -21.1557 6.00664 185.121 -0.693115 0.0421587 0.719473 -20.3632 6.26266 188.36 -0.666843 0.101114 0.738307 
3.13958 3.13958 43.0116 0.0020109 -0.0079375 -21.1557 6.0066 185.12 -0.693114 0.0421626 0.719595 -20.3879 6.58046 187.354 -0.673929 0.092279 0.73301 
3.13958 3.13958 43.0116 0.0020109 -0.0079375 -21.1557 6.00664 185.121 -0.693115 0.0421587 0.719473 -20.3285 6.91077 186.44 -0.676311 0.0898504 0.731116 
3.13958 3.13958 43.0116 0.0020109 -0.0079375 -21.1557 6.0066 185.12 -0.693114 0.0421626 0.719595 -20.243 7.23271 186.062 -0.676298 0.089567 0.731162 
3.13958 3.13958 43.0116 0.0020109 -0.0079375 -21.1557 6.0066 185.12 -0.693114 0.0421626 0.719595 -20.1501 7.52043 185.92 -0.674659 0.089904 0.732634 
3.13958 3.13958 43.0116 0.0020109 -0.0079375 -21.1557 6.0066 185.12 -0.693114 0.0421626 0.719595 -20.0599 7.75756 185.832 -0.675011 0.0906127 0.732222 
3.13958 3.13958 43.0116 0.0020109 -0.0079375 -21.1557 6.0066 185.12 -0.693114 0.0421626 0.719595 -20.0141 7.93756 185.759 -0.675791 0.0912125 0.731427 
3.13958 3.13958 43.0116 0.0020109 -0.0079375 -21.1568 6.00778 185.12 -0.692997 0.0420353 0.719598 -19.9259 8.06317 185.693 -0.676326 0.0915229 0.730894 
3.13958 3.13958 43.0116 0.0020109 -0.0079375 -21.1569 6.00665 185.12 -0.692992 0.0421572 0.719594 -19.8491 8.1423 185.634 -0.676531 0.0915806 0.730697 
3.13958 3.13958 43.0116 0.0020109 -0.0079375 -21.1569 6.00665 185.12 -0.692992 0.0421572 0.719594 -19.7793 8.18763 185.584 -0.676584 0.0914934 0.73066 
3.13958 3.13958 43.0116 0.0020109 -0.0079375 -21.1569 6.00665 185.12 -0.692992 0.0421572 0.719594 -19.7331 8.20906 185.544 -0.67656 0.0913259 0.730703 
3.13958 3.13958 43.0116 0.0020109 -0.0079375 -21.1569 6.00665 185.12 -0.692992 0.0421572 0.719594 -19.6984 8.21741 185.515 -0.676515 0.0911188 0.73077 
3.13958 3.13958 43.0116 0.0020109 -0.0079375 -21.1569 6.00665 185.12 -0.692992 0.0421572 0.719594 -19.6736 8.21942 185.494 -0.67647 0.0909106 0.730838 
3.13958 3.13958 43.0116 0.0020109 -0.0079375 -21.1568 6.00775 185.119 -0.692996 0.0420392 0.71972 -19.6566 8.21895 185.469 -0.676431 0.0907248 0.730897 
3.13958 3.13958 43.0116 0.0020109 -0.0079375 -21.158 6.0078 185.119 -0.692874 0.0420339 0.719719 -19.6455 8.21813 185.463 -0.676396 0.0905413 0.730952 
3.13958 3.13958 43.0116 0.0020109 -0.0079375 -21.158 6.0078 185.119 -0.692874 0.0420339 0.719719 -19.6387 8.21749 185.459 -0.676379 0.0900727 0.731025 
3.13958 3.13958 43.0116 0.0020109 -0.0079375 -21.158 6.00776 185.118 -0.692873 0.0420378 0.719841 -19.6344 8.21689 185.457 -0.676346 0.0900521 0.731059 
3.13958 3.13958 43.0116 0.0020109 -0.0079375 -21.158 6.0078 185.119 -0.692874 0.0420339 0.719719 -19.6318 8.21664 185.456 -0.676326 0.0900263 0.731081 
3.13958 3.13958 43.0116 0.0020109 -0.0079375 -21.1592 6.00668 185.118 -0.692745 0.0421543 0.719836 -19.6303 8.21645 185.454 -0.676296 0.0900127 0.73111 
3.13958 3.13958 43.0116 0.0020109 -0.0079375 -21.1591 6.00781 185.118 -0.692751 0.0420324 0.71984 -19.6296 8.21613 185.454 -0.676257 0.0900298 0.731144 
3.13958 3.13958 43.0116 0.0020109 -0.0079375 -21.1591 6.00781 185.118 -0.692751 0.0420324 0.71984 -19.6293 8.21617 185.453 -0.676232 0.0900135 0.731169 
3.13958 3.13958 43.0116 0.0020109 -0.0079375 -21.1591 6.00778 185.117 -0.692749 0.0420363 0.719962 -19.6291 8.21619 185.453 -0.676199 0.0900018 0.731201 
3.13958 3.13958 43.0116 0.0020109 -0.0079375 -21.1591 6.00778 185.117 -0.692749 0.0420363 0.719962 -19.6289 8.2162 185.452 -0.676175 0.0899945 0.731224 
3.13958 3.13958 43.0116 0.0020109 -0.0079375 -21.1591 6.00778 185.117 -0.692749 0.0420363 0.719962 -19.6288 8.21621 185.452 -0.676176 0.0899912 0.731223 
3.13958 3.13958 43.0116 0.0020109 -0.0079375 -21.1591 6.00778 185.117 -0.692749 0.0420363 0.719962 -19.6289 8.21629 185.452 -0.676157 0.0899806 0.731242 
3.13958 3.13958 43.0116 0.0020109 -0.0079375 -21.1591 6.00778 185.117 -0.692749 0.0420363 0.719962 -19.6291 8.21632 185.452 -0.676136 0.0899772 0.731262 
3.13958 3.13958 43.0116 0.0020109 -0.0079375 -21.1591 6.00778 185.117 -0.692749 0.0420363 0.719962 -19.6289 8.21627 185.452 -0.676137 0.0899798 0.731261 
3.13958 3.13958 43.0116 0.0020109 -0.0079375 -21.1591 6.00891 185.116 -0.692755 0.0419144 0.719966 -19.6289 8.21634 185.452 -0.676138 0.0899718 0.731261 
3.13958 3.13958 43.0116 0.0020109 -0.0079375 -21.1603 6.00783 185.117 -0.692628 0.0420309 0.719961 -19.629 8.21638 185.452 -0.676127 0.0899674 0.731272 
3.13958 3.13958 43.0116 0.0020109 -0.0079375 -21.0487 6.00399 185.114 -0.692632 0.0419129 0.720087 -19.6116 8.21581 185.451 -0.676089 0.0899436 0.731309 
3.13958 3.13958 43.0116 0.0020109 -0.0079375 -21.0499 6.00404 185.114 -0.69251 0.0419075 0.720086 -19.5817 8.21459 185.451 -0.676045 0.0899315 0.731352 
3.13958 3.13958 43.0116 0.0020109 -0.0079375 -21.051 6.00292 185.113 -0.692381 0.0420279 0.720203 -19.5622 8.21373 185.45 -0.675994 0.0899292 0.7314 
3.13958 3.13958 43.0116 0.0020109 -0.0079375 -21.051 6.00406 185.113 -0.692386 0.041906 0.720207 -19.5508 8.21313 185.45 -0.675937 0.0899377 0.731451 
3.13958 3.13958 43.0116 0.0020109 -0.0079375 -21.051 6.00406 185.113 -0.692386 0.041906 0.720207 -19.544 8.21289 185.45 -0.675904 0.0899293 0.731483 
3.13958 3.13958 43.0116 0.0020109 -0.0079375 -21.056 5.89143 185.116 -0.69238 0.0420318 0.720325 -19.5399 8.21288 185.449 -0.675873 0.0899089 0.731514 
3.13958 3.13958 43.0116 0.0020109 -0.0079375 -21.0522 6.00403 185.111 -0.692262 0.0419084 0.720449 -19.5382 8.20339 185.449 -0.675812 0.0899045 0.73157 
3.13958 3.13958 43.0116 0.0020109 -0.0079375 -21.0593 5.89264 185.113 -0.692017 0.0419015 0.720569 -19.5384 8.182 185.449 -0.675721 0.0898975 0.731656 
3.13958 3.13958 43.0116 0.0020109 -0.0079375 -21.0605 5.89149 185.111 -0.691887 0.0420258 0.720808 -19.5396 8.15708 185.449 -0.675608 0.0898945 0.73176 
3.13958 3.13958 43.0116 0.0020109 -0.0079375 -21.0616 5.89263 185.11 -0.691769 0.0419024 0.720933 -19.5409 8.14 185.448 -0.675481 0.0899079 0.731875 
3.13958 3.13958 43.0116 0.0020109 -0.0079375 -20.9513 5.88658 185.108 -0.691641 0.0420228 0.72105 -19.5072 8.12825 185.447 -0.675353 0.0899136 0.731993 
3.13958 3.13958 43.0116 0.0020109 -0.0079375 -20.9513 5.88772 185.108 -0.691646 0.0419009 0.721054 -19.4829 8.12106 185.446 -0.675243 0.0899112 0.732095 
