10602 20.6991 -6.997 186.569 -0.579022 -0.0589243 0.81318 21.046 -3.4629 184.234 -0.550538 0.0320991 0.834135 20.7163 -6.97637 186.552 -0.578596 -0.0578702 0.813559 
222638 21.1393 -2.57853 185.464 -0.565547 0.0229918 0.824395 21.3238 -1.21435 183.346 -0.542925 0.0612164 0.837501 21.1475 -2.59464 185.446 -0.565301 0.0229177 0.824566 
382285 21.5322 -0.466252 185.057 -0.559597 0.0569804 0.826804 21.541 1.1349 183.158 -0.538006 0.0950545 0.837476 21.5371 -0.475859 185.04 -0.559395 0.0568516 0.826949 
586222 22.0634 1.21057 185.105 -0.554427 0.0704248 0.829247 21.5511 2.75156 183.228 -0.537488 0.103104 0.83688 22.0607 1.19999 185.087 -0.554247 0.0702358 0.829384 
848295 23.1039 3.60244 185.707 -0.55152 0.0794241 0.830372 22.342 7.96114 183.907 -0.534009 0.162955 0.829562 23.0979 3.63777 185.685 -0.551262 0.0800946 0.830479 
1078236 23.946 6.01003 186.294 -0.549238 0.102749 0.829325 23.3011 9.83068 184.645 -0.532752 0.179841 0.82688 23.9401 6.03835 186.275 -0.549041 0.103271 0.829391 
1290302 24.7105 7.90927 186.901 -0.551928 0.112043 0.82633 24.7112 10.9787 185.378 -0.532345 0.182734 0.82655 24.724 7.92188 186.883 -0.551621 0.112454 0.82648 
1447979 24.9545 8.83908 187.312 -0.553654 0.122461 0.823693 25.0426 11.5418 185.927 -0.534982 0.179868 0.825444 24.9662 8.84297 187.296 -0.553378 0.122584 0.82386 
1606636 24.7355 10.2076 187.75 -0.558674 0.129558 0.819206 25.0516 12.5658 186.737 -0.543442 0.182365 0.819386 24.7489 10.2062 187.741 -0.558474 0.129612 0.819333 
1817273 23.9556 11.9804 188.224 -0.568342 0.137013 0.811305 24.1047 14.49 187.46 -0.556345 0.187719 0.809402 23.9658 11.9837 188.219 -0.568186 0.137035 0.81141 
2027927 22.7798 13.9246 188.521 -0.580408 0.143739 0.801539 22.8461 16.5431 187.975 -0.570031 0.195481 0.797896 22.7904 13.931 188.517 -0.580244 0.143792 0.801649 
2241493 21.4848 15.6345 188.748 -0.591978 0.152065 0.791479 21.472 18.4776 188.399 -0.585022 0.20547 0.784515 21.4981 15.6464 188.747 -0.59182 0.152183 0.791574 
2416188 20.454 17.0801 188.938 -0.601243 0.160095 0.782864 20.1334 20.053 188.598 -0.597323 0.216099 0.772301 20.4616 17.0931 188.936 -0.601157 0.160264 0.782896 
2570645 19.55 18.1114 189.175 -0.609649 0.163838 0.775555 18.8103 21.1124 188.788 -0.607803 0.221119 0.762659 19.5488 18.1223 189.169 -0.609616 0.163992 0.775548 
2726854 18.7695 18.7105 189.49 -0.61754 0.166414 0.768733 17.7617 21.8126 189.197 -0.616866 0.224743 0.754257 18.7627 18.7219 189.485 -0.61754 0.166554 0.768703 
2886761 18.0572 19.0325 189.917 -0.624826 0.169421 0.762161 16.8677 22.0695 189.717 -0.625341 0.225481 0.747026 18.0454 19.0408 189.913 -0.624859 0.169482 0.76212 
3038903 17.5014 19.1973 190.509 -0.630388 0.173142 0.756725 16.3609 22.0318 190.336 -0.631118 0.227736 0.741426 17.4896 19.1998 190.504 -0.630428 0.173154 0.756689 
3196350 17.0543 19.3658 191.193 -0.634666 0.179473 0.751657 15.9516 21.9683 191.168 -0.635158 0.231746 0.73673 17.0435 19.3634 191.191 -0.634699 0.179429 0.75164 
3354682 16.7309 19.5998 191.908 -0.637709 0.188921 0.74675 15.6861 22.1813 191.879 -0.637909 0.239639 0.731909 16.7228 19.5985 191.905 -0.637736 0.188852 0.746745 
3514752 16.5329 19.8131 192.565 -0.639448 0.197529 0.743027 15.6255 22.3547 192.579 -0.638922 0.248424 0.728017 16.5283 19.8121 192.563 -0.639464 0.197475 0.743027 
3672437 16.3988 20.0469 193.19 -0.640698 0.205158 0.739876 15.6775 22.519 193.278 -0.640158 0.256502 0.724147 16.3975 20.0457 193.188 -0.640713 0.205123 0.739873 
3831154 16.3278 20.3165 193.726 -0.640982 0.212681 0.737502 15.3985 22.8563 193.848 -0.639933 0.262578 0.722144 16.3258 20.3165 193.725 -0.640989 0.21265 0.737504 
3982023 16.1968 20.6921 194.173 -0.641538 0.219511 0.735013 15.4231 22.9243 194.314 -0.640233 0.268467 0.719665 16.1966 20.6918 194.174 -0.641541 0.219501 0.735014 
4137602 15.9988 21.0761 194.544 -0.642371 0.225524 0.732461 15.2278 23.0736 194.653 -0.640828 0.268657 0.719058 15.999 21.077 194.542 -0.642376 0.225533 0.732453 
4294061 15.7839 21.4693 194.862 -0.642885 0.231679 0.730084 15.013 23.0278 194.999 -0.642682 0.266063 0.718422 15.7841 21.4721 194.862 -0.642885 0.231728 0.730069 
4446767 15.6099 21.7546 195.134 -0.642777 0.236433 0.728654 14.8048 23.0686 195.344 -0.643557 0.266039 0.71758 15.6103 21.7567 195.134 -0.64277 0.236484 0.728644 
4602166 15.4481 21.9129 195.378 -0.64238 0.239027 0.728158 14.6743 24.5168 195.368 -0.639978 0.293555 0.710054 15.4485 21.9105 195.378 -0.642394 0.238949 0.728171 
4759319 15.3385 22.0691 195.586 -0.642003 0.239627 0.728293 14.6099 24.9059 195.37 -0.63821 0.300909 0.708605 15.339 22.0691 195.587 -0.642017 0.239576 0.728298 
4917366 15.2695 22.2516 195.734 -0.641317 0.240406 0.72864 14.5365 25.2246 195.477 -0.636994 0.304299 0.708128 15.2697 22.252 195.734 -0.64133 0.240375 0.728639 
5073024 15.2105 22.3486 195.847 -0.640949 0.239416 0.72929 14.5732 25.5413 195.465 -0.635904 0.305881 0.708436 15.2104 22.3489 195.848 -0.640962 0.239396 0.729285 
5232684 15.1822 22.3031 195.954 -0.640795 0.236182 0.730479 14.4699 25.665 195.456 -0.634997 0.306144 0.709149 15.1812 22.3042 195.954 -0.640815 0.236167 0.730467 
5390343 15.1212 22.2943 196.034 -0.640989 0.233764 0.731086 14.4484 25.5619 195.45 -0.634361 0.305343 0.710139 15.1213 22.297 196.033 -0.641016 0.233743 0.73107 
5552386 15.0921 22.3236 196.088 -0.641499 0.230597 0.731645 14.4436 25.5861 195.547 -0.633681 0.303072 0.711658 15.0942 22.3296 196.087 -0.64152 0.230555 0.731639 
5710018 15.1252 22.3444 196.116 -0.64216 0.226368 0.732385 14.3209 25.5079 195.547 -0.634052 0.30129 0.712201 15.1238 22.3513 196.114 -0.642186 0.226367 0.732363 
5868250 15.1004 22.433 196.119 -0.643295 0.223703 0.732208 14.3047 25.4179 195.542 -0.633987 0.299084 0.712994 15.1033 22.4454 196.117 -0.643239 0.223957 0.73218 
6025040 14.9985 22.3629 196.074 -0.640255 0.226164 0.734114 14.1727 25.2669 195.648 -0.634875 0.293581 0.714501 14.9963 22.3679 196.071 -0.639992 0.226912 0.734112 
6180895 14.8345 22.1754 195.885 -0.63796 0.228235 0.735469 14.0139 24.9095 195.534 -0.63657 0.285854 0.716204 14.8289 22.1666 195.879 -0.637997 0.228201 0.735448 
6334534 14.7725 21.9813 195.658 -0.637635 0.226261 0.736361 13.9958 24.831 195.522 -0.636301 0.282412 0.717883 14.7682 21.9773 195.657 -0.637687 0.226068 0.736375 
6487664 14.7469 21.924 195.42 -0.636408 0.225573 0.737633 14.0737 24.707 195.398 -0.634639 0.281854 0.719463 14.7461 21.9186 195.421 -0.636442 0.225399 0.737656 
6649375 14.8496 21.9262 194.961 -0.632579 0.229802 0.739618 14.1408 24.6526 194.928 -0.630637 0.28469 0.721894 14.8483 21.923 194.962 -0.632589 0.229743 0.739628 
6808453 14.9217 22.0039 194.424 -0.628647 0.235004 0.741334 14.4483 24.7599 194.339 -0.625517 0.290202 0.724236 14.9226 22.0038 194.425 -0.628648 0.235006 0.741333 
6965755 14.9236 22.2143 193.745 -0.625619 0.237972 0.742947 14.6652 24.9908 193.643 -0.621031 0.295655 0.725733 14.9238 22.2146 193.745 -0.625621 0.237974 0.742945 
7124525 14.8604 22.5644 193.008 -0.623329 0.240451 0.744073 14.5802 25.4049 192.837 -0.618216 0.298014 0.727217 14.8606 22.5639 193.01 -0.623328 0.240449 0.744075 
7283993 14.8006 22.8531 192.284 -0.621316 0.239993 0.745902 14.5016 25.8148 192.037 -0.616085 0.300818 0.727965 14.8012 22.853 192.285 -0.62132 0.239987 0.7459 
7443780 14.7087 23.1363 191.38 -0.619995 0.238855 0.747365 14.4111 26.1491 191.118 -0.614521 0.299542 0.72981 14.7095 23.1365 191.369 -0.619994 0.238857 0.747365 
7601352 14.6269 23.3875 190.747 -0.619502 0.236868 0.748406 14.3161 26.3782 190.434 -0.613816 0.298361 0.73081 14.6275 23.3879 190.749 -0.619501 0.23687 0.748406 
7763059 14.5776 23.6216 190.051 -0.617786 0.23545 0.75027 14.1099 26.6106 189.755 -0.613048 0.298517 0.731406 14.5773 23.6222 190.058 -0.617787 0.23547 0.750262 
7922340 14.5163 23.9203 189.297 -0.616194 0.234894 0.751751 14.0258 26.9497 188.951 -0.612007 0.297057 0.732898 14.5159 23.9215 189.302 -0.616197 0.234908 0.751745 
8075819 14.4788 24.2299 188.566 -0.614109 0.236165 0.753058 14.034 27.1607 188.149 -0.610689 0.295808 0.734501 14.4793 24.2296 188.568 -0.614109 0.236168 0.753057 
8233847 14.4473 24.5295 187.864 -0.612415 0.238441 0.75372 14.0496 27.448 187.351 -0.608488 0.298233 0.735259 14.4474 24.5295 187.864 -0.612412 0.238453 0.753718 
8386524 14.4401 24.7639 187.206 -0.610516 0.240452 0.754621 14.0699 27.7446 186.775 -0.606458 0.300315 0.736151 14.4398 24.7631 187.2 -0.610516 0.24046 0.754619 
8540849 14.4209 24.9712 186.566 -0.608867 0.241516 0.755613 14.0744 27.9287 186.092 -0.604567 0.302291 0.736925 14.4208 24.9711 186.567 -0.608868 0.241516 0.755613 
8699896 14.4038 25.1507 185.952 -0.607565 0.241824 0.756562 13.9737 28.1347 185.412 -0.603266 0.303603 0.737481 14.4037 25.151 185.95 -0.607565 0.241829 0.75656 
8856654 14.3926 25.3277 185.339 -0.60598 0.242024 0.757768 13.9832 28.3385 184.838 -0.601749 0.303791 0.738554 14.3928 25.3296 185.34 -0.605973 0.242057 0.757763 
9014831 14.3862 25.4998 184.716 -0.604545 0.242077 0.758897 13.9798 28.4349 184.267 -0.600527 0.303646 0.739518 14.3891 25.4999 184.724 -0.604519 0.242175 0.758886 
9171605 14.3018 25.6826 184.254 -0.603013 0.242444 0.759997 13.76 28.5712 183.585 -0.599973 0.302248 0.740771 14.2913 25.6899 184.253 -0.602892 0.24297 0.759925 
9329613 14.3188 26.4226 183.583 -0.5983 0.256525 0.7591 13.7627 28.7034 182.783 -0.599751 0.297588 0.742728 14.3575 26.5017 183.547 -0.597923 0.258203 0.758827 
9534222 14.3583 26.935 182.261 -0.594692 0.258741 0.76118 13.4565 28.213 181.642 -0.602321 0.279107 0.747793 14.3782 26.9623 182.245 -0.594555 0.259165 0.761142 
9734601 13.484 26.3077 181.506 -0.60228 0.23592 0.762627 12.2621 27.4452 181.006 -0.610519 0.257727 0.748862 13.4788 26.3122 181.501 -0.6023 0.23596 0.762599 
9893832 12.6946 26.5613 180.821 -0.606263 0.233461 0.760225 11.633 26.0583 180.79 -0.617625 0.222875 0.754197 12.6011 26.4049 180.798 -0.605989 0.234967 0.759979 
10070082 11.7417 27.2957 180.022 -0.616494 0.238543 0.750355 11.0655 25.2189 180.574 -0.621268 0.200422 0.757432 11.7379 27.3091 180.022 -0.616653 0.238303 0.7503 
12127919 4.24797 38.9086 179.378 -0.680497 0.327299 0.655591 2.8781 38.3939 176.812 -0.669291 0.307435 0.676368 4.26412 38.944 179.316 -0.679636 0.328071 0.656098 
13173561 2.41356 35.5738 178.239 -0.657232 0.328745 0.678213 1.47607 37.3587 178.062 -0.661032 0.345553 0.666042 2.41224 35.5882 178.257 -0.657271 0.329119 0.677994 
13337352 2.45029 35.0581 177.864 -0.653216 0.335684 0.678693 1.44135 37.1673 177.643 -0.659642 0.352929 0.663499 2.44942 35.0766 177.864 -0.653039 0.336668 0.678377 
13497705 2.53653 34.6537 177.126 -0.655667 0.317371 0.685111 1.3416 36.5931 176.829 -0.660156 0.341079 0.669084 2.53422 34.6661 177.098 -0.655631 0.316033 0.685763 
13668479 2.5934 34.0699 176.828 -0.656991 0.301449 0.691008 1.17295 36.2142 176.489 -0.661122 0.334989 0.67122 2.5811 34.0827 176.835 -0.657124 0.301569 0.690829 
13835012 2.65739 33.6293 176.636 -0.657651 0.295369 0.693002 1.12795 35.8955 176.16 -0.661821 0.332634 0.671661 2.63771 33.6461 176.641 -0.65776 0.295543 0.692825 
14015430 2.96747 32.7327 176.367 -0.657317 0.283009 0.698455 1.59661 33.7917 175.869 -0.664647 0.296935 0.685509 2.94904 32.6848 176.376 -0.657701 0.281422 0.698735 
14177861 3.21637 30.5572 176.513 -0.659293 0.252319 0.708285 1.97394 31.8794 176.043 -0.665514 0.267418 0.696717 3.18268 30.472 176.528 -0.659431 0.251353 0.7085 
14339439 3.60372 29.4162 176.43 -0.660012 0.235922 0.71325 2.776 31.4426 175.916 -0.66022 0.276827 0.698216 3.59408 29.3875 176.44 -0.660373 0.234797 0.713287 
14496117 4.25428 28.9908 176.242 -0.657743 0.238444 0.714506 3.48051 31.1848 175.57 -0.653291 0.291768 0.698563 4.24657 28.9722 176.247 -0.657883 0.237914 0.714554 
14657324 4.90577 28.5066 176.062 -0.653195 0.247413 0.715628 4.42513 31.0873 175.332 -0.644887 0.310186 0.698427 4.90516 28.502 176.066 -0.653233 0.247265 0.715645 
14815795 5.61229 27.9673 175.896 -0.647641 0.257857 0.716988 5.34394 30.8807 175.092 -0.635388 0.328463 0.698768 5.6174 27.9751 175.899 -0.647563 0.258088 0.716975 
14971795 6.28304 27.4927 175.664 -0.641859 0.267492 0.718655 6.14461 30.5945 174.752 -0.626916 0.344769 0.698445 6.29555 27.5149 175.662 -0.641656 0.268262 0.718549 
15137716 7.00758 27.2319 175.23 -0.635409 0.277895 0.720437 6.75284 30.493 174.178 -0.620167 0.355799 0.699147 7.0217 27.2835 175.215 -0.635063 0.279407 0.720158 
15305595 7.59793 27.1552 174.723 -0.628517 0.293067 0.720471 7.39787 29.6794 173.695 -0.618768 0.34701 0.704744 7.61949 27.2288 174.683 -0.628258 0.294311 0.720189 
15493504 8.36222 23.5171 174.673 -0.63295 0.22717 0.740113 7.61926 24.0511 174.258 -0.633762 0.238181 0.7358 8.36908 23.401 174.693 -0.63325 0.224447 0.740688 
15653694 8.61741 21.6381 174.72 -0.637124 0.185185 0.748184 7.83159 23.2607 174.13 -0.634551 0.222753 0.740023 8.61812 21.6112 174.727 -0.637185 0.184201 0.748375 
15816505 8.94247 20.9387 174.409 -0.635037 0.175966 0.752173 8.17211 22.6101 173.911 -0.632367 0.225923 0.740883 8.94171 20.9124 174.419 -0.635004 0.175682 0.752267 
15973659 9.13534 20.3563 174.006 -0.632135 0.171292 0.755688 8.36593 22.5315 173.343 -0.63027 0.229352 0.741736 9.12258 20.3327 174.014 -0.632159 0.171435 0.755636 
16134870 9.32682 19.6856 173.603 -0.632112 0.167796 0.756491 8.75562 22.2193 172.781 -0.628829 0.230772 0.74241 9.32439 19.6769 173.604 -0.632173 0.168389 0.756308 
16297739 9.61352 18.9033 173.023 -0.631353 0.152933 0.760266 8.93809 21.38 172.074 -0.628916 0.20706 0.749294 9.60882 18.8883 173.013 -0.631313 0.153017 0.760282 
16455433 9.67227 18.6573 172.531 -0.631154 0.136098 0.763624 8.85875 21.6074 171.613 -0.631249 0.194849 0.75064 9.65885 18.6743 172.519 -0.63119 0.136563 0.763512 
16615851 9.48377 18.7745 172.065 -0.632113 0.12248 0.765135 8.6866 21.9595 171.265 -0.633641 0.183129 0.751608 9.47183 18.8159 172.056 -0.632143 0.123243 0.764988 
16795234 9.28781 18.4312 171.578 -0.632848 0.0891529 0.769126 8.59821 20.8241 170.792 -0.636438 0.135893 0.759179 9.28433 18.4356 171.562 -0.632798 0.0894454 0.769134 
16983795 9.21943 17.6203 171.181 -0.628811 0.0396923 0.776544 8.75782 20.1085 170.523 -0.635084 0.0883338 0.767312 9.24782 17.6455 171.168 -0.628754 0.040237 0.776562 
18210800 4.77931 17.5356 168.434 -0.585138 -0.107964 0.803715 2.25153 21.2874 166.722 -0.614794 -0.0144322 0.788433 4.49491 17.95 167.941 -0.589381 -0.0935685 0.802418 
18479741 1.52846 16.876 170.177 -0.567297 -0.162028 0.807417 -1.20217 20.2945 169.478 -0.605779 -0.0901455 0.790399 1.44093 16.9694 170.158 -0.568547 -0.159446 0.807051 
18721494 1.62577 15.8665 171.775 -0.541447 -0.217496 0.812115 -0.492544 17.8314 171.347 -0.571833 -0.174167 0.801653 1.6709 15.8784 171.779 -0.541391 -0.217804 0.81207 
18999947 2.71952 13.4434 173.413 -0.495797 -0.29536 0.816669 1.31664 13.7337 173.115 -0.503243 -0.286206 0.81528 2.79632 13.3961 173.418 -0.494806 -0.296781 0.816755 
19559304 2.10924 9.39912 175.939 -0.446875 -0.380808 0.809499 -0.256466 10.1332 175.557 -0.469282 -0.357476 0.807374 2.09826 9.40077 175.936 -0.446669 -0.380854 0.809591 
20992130 3.47199 -3.51801 180.378 -0.368591 -0.507854 0.778605 1.45858 -1.7568 178.54 -0.410443 -0.462767 0.785654 3.46402 -3.47605 180.331 -0.368787 -0.507394 0.778811 
21225918 2.97202 -4.80644 181.111 -0.370288 -0.511225 0.775587 1.06476 -3.59948 179.657 -0.408732 -0.473785 0.77995 2.97754 -4.79003 181.093 -0.370387 -0.51096 0.775714 
21440694 2.67736 -5.87544 181.815 -0.372516 -0.512819 0.773465 0.808458 -4.72103 180.518 -0.410377 -0.479854 0.775377 2.68263 -5.86292 181.801 -0.372625 -0.512623 0.773542 
21662532 2.48925 -6.90431 182.503 -0.374803 -0.513925 0.771624 0.407562 -5.95346 181.254 -0.410204 -0.484525 0.772573 2.49186 -6.89378 182.49 -0.374912 -0.513752 0.771687 
21886148 2.19415 -7.99798 183.173 -0.379038 -0.516173 0.768047 0.169134 -6.98093 181.995 -0.412257 -0.489163 0.768577 2.19822 -7.9824 183.158 -0.379151 -0.515996 0.76811 
22136421 1.9461 -9.14348 183.838 -0.382091 -0.518416 0.765018 0.0531739 -8.46059 182.741 -0.410433 -0.496061 0.765078 1.95459 -9.12775 183.823 -0.382156 -0.518278 0.765078 
22367159 1.59673 -10.5508 184.389 -0.387819 -0.518968 0.761753 -0.202073 -9.85814 183.375 -0.415884 -0.496872 0.761634 1.60729 -10.5367 184.373 -0.387887 -0.518839 0.761807 
22583513 1.51748 -11.5322 185.052 -0.392448 -0.52027 0.758488 -0.501594 -11.0237 184.129 -0.424931 -0.496851 0.756629 1.52343 -11.5244 185.038 -0.39257 -0.520126 0.758523 
22798811 1.34035 -12.682 185.747 -0.395086 -0.520793 0.756757 -0.58444 -12.286 184.76 -0.423474 -0.503704 0.75289 1.34594 -12.6798 185.735 -0.395112 -0.520768 0.756761 
23008898 1.13339 -13.6976 186.452 -0.39951 -0.521781 0.753748 -0.680774 -13.251 185.486 -0.427243 -0.504862 0.749921 1.1409 -13.6969 186.44 -0.399542 -0.52177 0.753739 
23200556 1.08973 -14.492 187.106 -0.399625 -0.525456 0.75113 -0.655184 -14.0127 186.082 -0.429044 -0.50614 0.748149 1.09856 -14.4918 187.1 -0.399693 -0.5254 0.751133 
23402698 0.849731 -15.3471 187.77 -0.394214 -0.535442 0.746925 -0.729069 -14.9262 186.912 -0.423178 -0.514188 0.74597 0.862435 -15.3487 187.762 -0.394558 -0.534942 0.747102 
23624542 0.712378 -16.2479 188.51 -0.394624 -0.536987 0.745599 -0.956818 -15.6409 187.612 -0.421339 -0.516815 0.745162 0.722983 -16.2475 188.503 -0.394547 -0.537066 0.745582 
23850472 0.485071 -17.1226 189.312 -0.396887 -0.539916 0.742274 -1.12234 -16.3781 188.55 -0.42586 -0.516366 0.742892 0.496315 -17.1221 189.306 -0.396881 -0.539926 0.74227 
24072134 0.279348 -17.9697 189.987 -0.401607 -0.538731 0.740595 -1.42174 -17.2248 189.152 -0.430045 -0.51533 0.741211 0.288102 -17.9716 189.977 -0.401704 -0.538571 0.740658 
24293821 0.0163781 -18.8252 190.625 -0.406467 -0.536802 0.739343 -1.57778 -17.9767 189.869 -0.435917 -0.513958 0.738689 0.0260731 -18.827 190.615 -0.406655 -0.536589 0.739394 
24508531 -0.246253 -19.6689 191.211 -0.410345 -0.537899 0.736398 -1.9161 -18.7752 190.481 -0.435917 -0.518111 0.735873 -0.239642 -19.6711 191.2 -0.41048 -0.537767 0.736419 
24721630 -0.565344 -20.5565 191.821 -0.415841 -0.538348 0.732979 -2.03148 -19.7293 191.097 -0.437805 -0.520772 0.732797 -0.555194 -20.5621 191.809 -0.415944 -0.538279 0.732971 
24937526 -0.830523 -21.4477 192.359 -0.41939 -0.539145 0.730366 -2.17008 -20.5479 191.595 -0.435679 -0.526459 0.729994 -0.818387 -21.4537 192.346 -0.419357 -0.53919 0.730352 
25149226 -1.1981 -22.2774 192.887 -0.425114 -0.539527 0.726766 -2.64159 -21.1471 192.309 -0.441599 -0.524576 0.727825 -1.19063 -22.2798 192.881 -0.42509 -0.539542 0.726769 
25365206 -1.64507 -23.0719 193.583 -0.431369 -0.53818 0.724074 -3.03008 -21.981 193.032 -0.447921 -0.522896 0.725179 -1.63976 -23.0766 193.578 -0.431349 -0.53822 0.724056 
25578518 -2.02116 -23.8726 194.163 -0.435322 -0.536504 0.722952 -3.33441 -22.7006 193.632 -0.449896 -0.523657 0.723396 -2.0178 -23.8762 194.159 -0.435284 -0.536593 0.722908 
25784360 -2.32671 -24.6416 194.719 -0.439737 -0.533912 0.722198 -3.56572 -23.2674 194.094 -0.456529 -0.517406 0.723681 -2.3247 -24.6429 194.712 -0.439761 -0.533939 0.722163 
25947079 -2.57916 -25.1957 195.078 -0.446325 -0.530844 0.720415 -4.04403 -23.4978 194.436 -0.467376 -0.506978 0.724154 -2.58237 -25.1927 195.071 -0.446438 -0.530749 0.720416 
26110341 -2.81182 -25.7137 195.514 -0.45068 -0.529947 0.718362 -4.34018 -23.8321 194.902 -0.475558 -0.500291 0.723471 -2.81737 -25.7083 195.507 -0.45088 -0.529748 0.718383 
26271656 -3.02903 -26.2035 195.923 -0.453736 -0.530022 0.71638 -4.56703 -24.1336 195.374 -0.479309 -0.498816 0.722017 -3.03631 -26.1949 195.916 -0.453978 -0.529777 0.716408 
26428903 -3.22573 -26.6788 196.31 -0.455435 -0.531054 0.714535 -4.6746 -24.8542 195.868 -0.478841 -0.503156 0.719321 -3.23333 -26.6741 196.304 -0.455658 -0.530855 0.714542 
26614161 -3.21836 -27.396 196.716 -0.450807 -0.53678 0.71319 -4.23384 -26.2241 196.268 -0.464399 -0.521082 0.716075 -3.21963 -27.4044 196.709 -0.450854 -0.536816 0.713133 
26767687 -3.09595 -27.9975 196.864 -0.44523 -0.543181 0.711846 -4.12175 -26.6448 196.396 -0.459241 -0.526394 0.715418 -3.09904 -28.0023 196.855 -0.445298 -0.543199 0.71179 
26928984 -2.90346 -28.4728 196.965 -0.43665 -0.549481 0.712325 -3.74107 -27.1763 196.637 -0.448829 -0.536398 0.714695 -2.90438 -28.4793 196.958 -0.436674 -0.549562 0.712248 
27088128 -2.65273 -28.7723 196.942 -0.428974 -0.553968 0.713513 -3.3422 -27.6348 196.743 -0.438859 -0.542701 0.716075 -2.65104 -28.7803 196.937 -0.428957 -0.55408 0.713436 
27245325 -2.37675 -28.909 196.829 -0.421778 -0.557056 0.715396 -3.09416 -27.7602 196.726 -0.431561 -0.546146 0.717901 -2.37592 -28.9162 196.826 -0.421766 -0.557174 0.715312 
27404149 -2.10778 -28.9006 196.62 -0.414555 -0.559179 0.717957 -2.72776 -27.8048 196.582 -0.423593 -0.548418 0.720907 -2.10561 -28.9082 196.618 -0.414536 -0.55929 0.717882 
27564345 -1.82627 -28.8113 196.271 -0.406835 -0.560492 0.721342 -2.56305 -27.7219 196.321 -0.416189 -0.549486 0.724376 -1.82612 -28.8187 196.269 -0.406816 -0.56059 0.721277 
27724382 -1.53465 -28.5966 195.906 -0.399234 -0.560742 0.725383 -2.17279 -27.5652 195.937 -0.407756 -0.550308 0.728557 -1.53297 -28.6043 195.904 -0.399195 -0.560832 0.725335 
27885433 -1.23041 -28.3357 195.542 -0.392576 -0.560471 0.729216 -1.75169 -27.198 195.539 -0.399281 -0.550006 0.733439 -1.22706 -28.3414 195.54 -0.392513 -0.560554 0.729186 
28046922 -1.00188 -28.0144 195.206 -0.387293 -0.558782 0.733326 -1.54453 -26.9119 195.268 -0.393081 -0.549164 0.73736 -0.998922 -28.0201 195.204 -0.387216 -0.558866 0.733303 
28209591 -0.792781 -27.6991 194.886 -0.381866 -0.557167 0.73739 -1.32376 -26.6355 194.888 -0.38851 -0.547608 0.740918 -0.790123 -27.7053 194.884 -0.381799 -0.557237 0.737371 
28369624 -0.616851 -27.3333 194.565 -0.378645 -0.553815 0.741564 -1.21214 -26.3415 194.62 -0.383921 -0.545929 0.744594 -0.615139 -27.3397 194.564 -0.378598 -0.553871 0.741546 
28529682 -0.522416 -26.8807 194.299 -0.373762 -0.552121 0.745295 -1.09325 -25.9313 194.348 -0.378432 -0.544869 0.748275 -0.520365 -26.8838 194.298 -0.373719 -0.55218 0.745273 
28688753 -0.340093 -26.4165 194.006 -0.369344 -0.549474 0.749442 -0.750601 -25.5574 194.075 -0.373238 -0.543275 0.751945 -0.339022 -26.4202 194.005 -0.369304 -0.549544 0.74941 
28846134 -0.175333 -25.9228 193.748 -0.366442 -0.547245 0.752491 -0.500656 -25.0658 193.793 -0.368279 -0.540768 0.756204 -0.17336 -25.9269 193.747 -0.366421 -0.547373 0.752408 
29005094 -0.0544261 -25.4508 193.469 -0.364047 -0.542322 0.757203 -0.353267 -24.5749 193.507 -0.364175 -0.536515 0.76116 -0.0544237 -25.4648 193.467 -0.363917 -0.542421 0.757195 
29186325 0.116618 -24.7896 193.194 -0.36064 -0.533665 0.764945 -0.132464 -23.6692 193.193 -0.361244 -0.529337 0.767638 0.13067 -24.795 193.19 -0.360366 -0.533881 0.764923 
29429923 0.521456 -23.9031 192.935 -0.351241 -0.533297 0.769561 0.357697 -22.8922 192.709 -0.343436 -0.539473 0.768649 0.567369 -23.9191 192.894 -0.350297 -0.534181 0.769378 
29700386 -0.376259 -21.9399 192.406 -0.388876 -0.502181 0.772393 -1.31722 -20.9143 192.737 -0.404557 -0.487388 0.773673 -0.384107 -21.9341 192.456 -0.389775 -0.50241 0.77179 
29869948 0.0414785 -21.6238 192.724 -0.402269 -0.489691 0.773552 -0.916911 -20.8882 192.843 -0.410106 -0.483031 0.773507 0.047943 -21.6473 192.736 -0.402157 -0.49019 0.773294 
30070034 0.115049 -21.0084 192.5 -0.411796 -0.472881 0.778978 -1.06857 -20.1046 192.515 -0.42654 -0.454305 0.782101 0.108714 -21.0158 192.504 -0.41192 -0.472699 0.779024 
30294461 0.195924 -19.8715 192.142 -0.417497 -0.457097 0.78534 -0.711674 -18.9785 192.099 -0.423166 -0.449094 0.786795 0.200737 -19.8796 192.142 -0.417302 -0.457229 0.785366 
30596659 0.0921784 -18.4361 191.16 -0.434685 -0.43085 0.790833 -1.11933 -16.6034 191.267 -0.446948 -0.406209 0.796931 0.0933142 -18.4101 191.153 -0.434785 -0.430223 0.79112 
30865829 -0.0995466 -16.9534 191.332 -0.454774 -0.39348 0.79897 -1.75838 -15.2831 191.581 -0.474724 -0.375921 0.795746 -0.105631 -16.9373 191.361 -0.4551 -0.392831 0.799104 
31114791 -0.198347 -16.1087 191.475 -0.471458 -0.379637 0.795992 -1.93686 -15.0267 191.537 -0.487987 -0.375011 0.788088 -0.204283 -16.1152 191.488 -0.471326 -0.380117 0.795841 
31360903 -0.10443 -15.4822 190.918 -0.481505 -0.376438 0.791484 -2.07163 -14.4433 190.763 -0.500222 -0.363733 0.785625 -0.122144 -15.4933 190.908 -0.481625 -0.376959 0.791163 
31679619 0.380963 -14.4253 190.233 -0.492713 -0.35717 0.793513 -1.80132 -13.202 190.025 -0.518643 -0.331205 0.788156 0.364994 -14.4223 190.219 -0.492933 -0.356733 0.793573 
31902431 0.935627 -13.4909 189.898 -0.501481 -0.341934 0.794731 -1.1565 -12.2686 189.756 -0.523976 -0.320184 0.789147 0.958046 -13.4806 189.893 -0.50158 -0.341819 0.794718 
32118651 1.41879 -12.8541 189.565 -0.508327 -0.334468 0.793558 -0.738851 -11.8123 189.393 -0.525332 -0.315896 0.790024 1.42039 -12.8563 189.56 -0.508298 -0.334498 0.793564 
32337859 1.61749 -12.1864 189.228 -0.515975 -0.320816 0.794259 -0.602623 -11.2863 189.022 -0.530397 -0.302174 0.791914 1.60708 -12.1922 189.223 -0.51591 -0.320875 0.794277 
32561944 1.95267 -11.578 188.902 -0.521307 -0.308426 0.795684 -0.0876706 -10.4817 188.636 -0.535495 -0.287827 0.793909 1.94976 -11.5825 188.897 -0.52125 -0.308484 0.795698 
32773493 2.43223 -11.1552 188.464 -0.525063 -0.298553 0.796979 0.36998 -9.99322 188.262 -0.539472 -0.275124 0.795689 2.42834 -11.1622 188.459 -0.52502 -0.298576 0.796998 
33022121 3.11913 -10.6387 188.187 -0.534382 -0.268869 0.801339 1.1907 -9.08053 187.835 -0.548641 -0.240131 0.800712 3.11344 -10.637 188.179 -0.534391 -0.26884 0.801343 
33234184 3.44961 -10.3437 187.929 -0.535324 -0.264758 0.802079 1.46762 -8.85404 187.588 -0.549943 -0.232879 0.801995 3.4408 -10.3453 187.923 -0.535337 -0.264689 0.802093 
