8783 20.5706 -6.96221 186.584 -0.57964 -0.0593432 0.812709 18.2297 -3.10177 184.008 -0.565805 0.0196991 0.824255 20.6158 0.415314 184.798 -0.593783 0.0793542 0.800702 1.46447 -2.51742 67.5244 5.5307 -25.7814 -8.12013 -14.0621 0 1.30971 -1.23922 -5.24468 0 1 0.0771164 1 
211480 20.3473 -2.75875 185.508 -0.568744 0.0192464 0.82229 19.0028 -1.46615 183.576 -0.558729 0.0491886 0.827848 21.3425 1.21665 185.127 -0.592575 0.0831804 0.801209 1.39058 -2.59063 67.7745 5.58453 -25.3033 -7.96953 -13.8327 0 1.21601 -1.20431 -5.21095 0 1 0.0692293 1 
439542 21.0243 -0.000555681 185.12 -0.561236 0.0634325 0.825222 20.0491 1.51289 183.218 -0.549066 0.09143 0.83068 22.1664 2.1853 185.511 -0.590989 0.0872563 0.801947 1.32719 -2.64815 68.1238 5.64424 -24.6919 -7.77699 -13.5301 0 1.11209 -1.19791 -5.21475 0 1 0.093962 1 
665980 21.9882 1.77745 185.277 -0.555152 0.0710829 0.828706 20.941 3.78155 183.342 -0.543483 0.102884 0.832981 23.3497 3.80587 186.137 -0.589436 0.0935713 0.802377 1.22753 -2.73767 69.9156 5.71563 -24.9767 -7.86668 -13.0555 0 0.987832 -1.1487 -5.18321 0 1 0.0710777 1 
889954 23.18 4.35527 185.719 -0.551073 0.0860724 0.830006 22.4146 8.1919 183.782 -0.535459 0.162832 0.828596 24.405 5.74091 186.848 -0.588924 0.0998364 0.801998 1.15583 -2.78754 70.4139 5.76248 -24.1568 -7.60843 -12.6403 0 0.90629 -1.10545 -5.17795 0 1 0.0922049 1 
1080072 24.0315 6.0491 186.195 -0.549616 0.102893 0.829057 23.4898 9.06178 184.524 -0.532861 0.170845 0.828705 24.8833 7.24415 187.41 -0.589719 0.102249 0.80111 1.07644 -2.82044 71.7388 5.8403 -24.4469 -7.69983 -12.3144 0 0.770852 -1.10271 -5.25612 0 1 0.0601437 1 
1274641 24.6522 7.5369 186.81 -0.552654 0.107969 0.826387 24.4813 10.3397 185.156 -0.53432 0.170294 0.82788 24.8846 8.99265 187.911 -0.591819 0.11044 0.798469 1.05306 -2.86074 72.4617 5.87451 -24.1554 -7.608 -11.9949 0 0.711306 -1.12157 -5.24552 0 1 0.0545025 1 
1411859 24.8462 8.45179 187.194 -0.553925 0.119638 0.823926 24.8321 11.0306 185.822 -0.537291 0.17101 0.825811 24.5216 10.3082 188.195 -0.594154 0.118791 0.795531 1.06958 -2.8839 73.3787 5.87386 -24.0739 -7.58233 -11.6804 0 0.712446 -1.14918 -5.20408 0 1 0.0615244 1 
1550824 24.7587 9.55011 187.58 -0.557411 0.126714 0.82051 24.8557 11.994 186.393 -0.542138 0.177103 0.821283 23.927 11.5788 188.41 -0.596819 0.127953 0.792108 1.0881 -2.89162 74.1817 5.89299 -24.1292 -7.59976 -11.4449 0 0.679135 -1.21473 -5.22394 0 1 0.0654968 1 
1696386 24.3508 10.8932 187.909 -0.562818 0.132435 0.815902 24.4567 13.3029 187.088 -0.550369 0.181097 0.814894 23.1416 12.8448 188.568 -0.599587 0.138372 0.788257 1.11479 -2.90541 75.09 5.90188 -24.4019 -7.68564 -11.2447 0 0.663669 -1.27664 -5.21542 0 1 0.0242726 1 
1896505 23.4294 12.6627 188.385 -0.572866 0.139371 0.807713 23.6312 15.2307 187.692 -0.562769 0.188901 0.804647 21.9105 14.5487 188.739 -0.602977 0.154114 0.782731 1.16161 -2.91668 75.737 5.91532 -24.5216 -7.72335 -11.0786 0 0.640282 -1.38153 -5.21918 0 1 0.014765 1 
2100073 22.2839 14.5286 188.645 -0.583869 0.14699 0.79843 22.5719 17.254 188.185 -0.574457 0.197452 0.79425 20.638 16.2297 188.895 -0.605739 0.172303 0.776783 1.2163 -2.92917 76.5732 5.91665 -24.8836 -7.83737 -10.9293 0 0.637954 -1.47903 -5.19976 0 1 0.0129839 1 
2290518 21.1692 16.2373 188.813 -0.593247 0.157506 0.789462 21.3888 19.2224 188.352 -0.585174 0.210527 0.783102 19.5387 17.4654 189.11 -0.60815 0.184245 0.772145 1.26856 -2.92429 77.3002 5.91928 -25.1549 -7.92282 -10.7858 0 0.633391 -1.57455 -5.21282 0 1 0.0954739 1 
2430079 20.39 17.3361 188.942 -0.600512 0.161255 0.783187 20.3254 20.4566 188.524 -0.594528 0.218924 0.773665 18.9047 18.1128 189.38 -0.609814 0.188968 0.769687 1.30626 -2.91534 78.0541 5.91035 -25.4024 -8.00075 -10.6262 0 0.648926 -1.62464 -5.21287 0 1 0.0770332 1 
2565321 19.643 18.1689 189.127 -0.607637 0.163721 0.777157 19.2824 21.3103 188.811 -0.604672 0.220611 0.765285 18.4235 18.5656 189.716 -0.61132 0.191718 0.767809 1.33017 -2.90846 78.652 5.90277 -25.4208 -8.00655 -10.4437 0 0.662112 -1.65307 -5.21166 0 1 0.0601906 1 
2696075 18.9483 18.7366 189.398 -0.614834 0.165452 0.771106 18.3425 21.8359 189.205 -0.612848 0.222266 0.75823 18.0384 18.8776 190.138 -0.61266 0.192951 0.766431 1.34496 -2.90314 79.2231 5.89398 -25.2776 -7.96146 -10.2187 0 0.67742 -1.66352 -5.20562 0 1 0.0468645 1 
2828851 18.3156 19.0428 189.813 -0.622106 0.166574 0.765008 17.6328 22.1477 189.605 -0.621137 0.223549 0.751066 17.7158 19.0726 190.648 -0.614 0.192854 0.765383 1.35243 -2.89923 79.8223 5.88461 -25.1028 -7.9064 -9.97498 0 0.693726 -1.6602 -5.19611 0 1 0.0355104 1 
2962208 17.7022 19.1563 190.282 -0.628718 0.168296 0.759204 16.9175 22.1532 190.219 -0.627634 0.222494 0.745907 17.4446 19.2084 191.214 -0.615302 0.192758 0.764361 1.35204 -2.90041 80.4071 5.87588 -24.8796 -7.83608 -9.72047 0 0.70893 -1.64433 -5.17885 0 1 0.0259696 1 
3091540 17.179 19.2054 190.816 -0.633679 0.172266 0.754172 16.6457 21.93 190.832 -0.633201 0.223305 0.741051 17.2044 19.3719 191.782 -0.616372 0.193998 0.763184 1.35245 -2.90692 80.8469 5.86761 -24.596 -7.74678 -9.49262 0 0.723316 -1.63065 -5.15314 0 1 0.0220606 1 
3228414 16.8488 19.355 191.367 -0.637085 0.179999 0.749482 16.3457 22.001 191.432 -0.63668 0.228458 0.736537 16.9763 19.5658 192.376 -0.617307 0.196532 0.761779 1.35645 -2.91531 81.2496 5.85947 -24.2719 -7.6447 -9.26371 0 0.737491 -1.62343 -5.12435 0 1 0.0250135 1 
3367970 16.6425 19.5135 191.994 -0.639289 0.189479 0.745257 16.247 22.2552 192.026 -0.63846 0.238534 0.731742 16.7438 19.8167 192.944 -0.617964 0.200487 0.760214 1.36302 -2.92247 81.5379 5.8526 -23.8981 -7.52696 -9.05519 0 0.74945 -1.62291 -5.09993 0 1 0.0315579 1 
3504889 16.5046 19.6994 192.566 -0.640869 0.198114 0.741645 16.1393 22.5055 192.727 -0.639156 0.249385 0.727403 16.5145 20.1107 193.443 -0.618369 0.205399 0.758572 1.36876 -2.92825 81.749 5.85085 -23.5411 -7.41453 -8.87627 0 0.752484 -1.62986 -5.08684 0 1 0.0358147 1 
3645304 16.3989 19.9327 193.084 -0.641796 0.205269 0.738893 16.1408 22.6753 193.192 -0.639494 0.256504 0.724634 16.2875 20.4419 193.915 -0.618554 0.211241 0.756815 1.37449 -2.9336 81.8922 5.85195 -23.171 -7.29794 -8.71458 0 0.750573 -1.64175 -5.07944 0 1 0.0392792 1 
3785205 16.3602 20.1657 193.545 -0.642086 0.210829 0.737073 16.0335 22.8604 193.656 -0.640144 0.261669 0.722169 16.0776 20.7993 194.316 -0.618526 0.217642 0.755021 1.37846 -2.9395 82.0563 5.85554 -22.8786 -7.20586 -8.57079 0 0.744324 -1.65492 -5.07542 0 1 0.043765 1 
3925426 16.2767 20.4406 193.978 -0.642726 0.215057 0.735292 16.0257 23.1606 194.107 -0.639805 0.266765 0.720675 15.8802 21.1912 194.65 -0.618234 0.224567 0.75323 1.38659 -2.94473 82.1674 5.85519 -22.6466 -7.13277 -8.46272 0 0.744932 -1.66846 -5.06571 0 1 0.0497718 1 
4059622 16.1027 20.86 194.362 -0.644408 0.220038 0.73234 15.9149 23.4742 194.45 -0.640512 0.269749 0.718885 15.7169 21.519 194.911 -0.617862 0.230053 0.751879 1.39521 -2.94789 82.1721 5.85461 -22.4235 -7.06253 -8.39099 0 0.745949 -1.68243 -5.05919 0 1 0.0549897 1 
4193641 15.9066 21.28 194.679 -0.64625 0.223871 0.72955 15.6975 23.7739 194.801 -0.641747 0.273918 0.716332 15.5796 21.7845 195.145 -0.617508 0.234199 0.75089 1.40511 -2.94891 82.0622 5.85287 -22.1748 -6.98418 -8.34726 0 0.748969 -1.69665 -5.05439 0 1 0.0589061 1 
4331465 15.7348 21.6671 194.938 -0.647722 0.227078 0.727249 15.4861 23.8856 195.035 -0.643106 0.273966 0.715001 15.4706 21.975 195.342 -0.617191 0.236949 0.750287 1.41477 -2.94806 81.8015 5.85196 -21.8676 -6.88742 -8.33261 0 0.750559 -1.71187 -5.0543 0 1 0.0610486 1 
4470036 15.6041 21.9108 195.153 -0.648398 0.229079 0.726018 15.0602 23.7921 195.271 -0.644755 0.271463 0.714478 15.3933 22.099 195.52 -0.616991 0.23874 0.749884 1.42858 -2.94698 81.3455 5.84731 -21.4851 -6.76697 -8.35577 0 0.758647 -1.72782 -5.04809 0 1 0.0574812 1 
4599830 15.5056 22.0285 195.348 -0.647723 0.231361 0.725897 14.9681 23.7027 195.616 -0.646184 0.269818 0.713807 15.3245 22.1733 195.647 -0.616854 0.239725 0.749682 1.43971 -2.94956 80.8482 5.84492 -21.1126 -6.64962 -8.39508 0 0.762815 -1.74303 -5.03942 0 1 0.0497605 1 
4728151 15.375 22.1595 195.465 -0.647127 0.233233 0.72583 14.8996 24.8407 195.515 -0.642766 0.291013 0.708517 15.2709 22.2272 195.751 -0.616802 0.240209 0.74957 1.44289 -2.94806 80.5767 5.84558 -20.7879 -6.54736 -8.37834 0 0.761667 -1.7497 -5.04317 0 1 0.0490904 1 
4856439 15.2972 22.2464 195.489 -0.646798 0.233739 0.72596 14.7759 25.0381 195.513 -0.642101 0.293465 0.708195 15.2242 22.2564 195.837 -0.616857 0.240343 0.749481 1.44573 -2.94429 80.4202 5.84521 -20.4699 -6.44722 -8.32748 0 0.762309 -1.75401 -5.0491 0 1 0.0499193 1 
4988949 15.2579 22.3743 195.533 -0.64411 0.237298 0.727194 14.6517 25.1271 195.512 -0.641058 0.295567 0.708124 15.183 22.2601 195.921 -0.616986 0.240228 0.749412 1.4447 -2.9412 80.2773 5.84887 -20.0896 -6.32743 -8.25269 0 0.75594 -1.75859 -5.06085 0 1 0.0436348 1 
5125099 15.1823 22.4102 195.606 -0.642665 0.239016 0.72791 14.6387 25.2288 195.728 -0.639757 0.297324 0.708549 15.1472 22.2493 195.993 -0.617147 0.239929 0.749375 1.44577 -2.93783 80.1292 5.84946 -19.6969 -6.20374 -8.17565 0 0.754909 -1.76148 -5.06774 0 1 0.038297 1 
5262029 15.1358 22.4157 195.606 -0.641784 0.240424 0.728223 14.6383 25.2418 195.944 -0.639486 0.29662 0.7093 15.1141 22.2194 196.054 -0.617336 0.239474 0.749365 1.42002 -2.99271 78.6249 5.87957 -19.0005 -5.98442 -8.43011 0 0.702504 -1.76907 -5.02464 0 1 0.0564528 1 
5412082 15.1434 22.4658 195.731 -0.639539 0.238848 0.730713 14.633 25.2648 196.154 -0.638693 0.294849 0.710687 15.0641 22.178 196.132 -0.617583 0.238878 0.749352 1.4444 -2.92763 79.8016 5.85648 -18.8265 -5.92959 -8.00468 0 0.742685 -1.77132 -5.09773 0 1 0.0339723 1 
5547941 15.0929 22.5056 195.753 -0.639153 0.24001 0.73067 14.5161 25.2871 196.364 -0.637892 0.292837 0.712204 15.0232 22.1419 196.188 -0.617816 0.238308 0.749341 1.44092 -2.91973 79.9173 5.85871 -18.4712 -5.8177 -7.85635 0 0.738801 -1.76914 -5.11535 0 1 0.0342586 1 
5703202 15.1432 23.0956 195.824 -0.638699 0.243157 0.730026 14.4171 25.3234 196.809 -0.638791 0.290013 0.712539 14.9891 22.1006 196.23 -0.618024 0.23767 0.749373 1.44847 -2.83641 79.8244 5.85891 -17.4368 -5.49192 -7.55983 0 0.738462 -1.78262 -5.26071 0 1 0.0570478 1 
5896526 14.7982 22.7621 197.2 -0.641847 0.234635 0.730054 13.9064 23.6316 198.032 -0.648543 0.245997 0.720262 14.9494 22.0531 196.169 -0.617676 0.236951 0.749887 1.44894 -2.80142 78.5662 5.86103 -18.4745 -5.81875 -8.28294 0 0.734766 -1.78715 -5.32532 0 1 0.0530404 1 
6033681 14.7243 20.5881 197.677 -0.646609 0.180969 0.741045 13.687 20.9982 198.004 -0.652005 0.192407 0.733334 14.9351 22.035 196.006 -0.616906 0.236427 0.750686 1.43288 -2.91704 79.4287 5.87175 -19.6611 -6.19246 -8.38499 0 0.716108 -1.77785 -5.14273 0 1 0.0860292 1 
6174440 14.6393 20.4828 197.128 -0.646102 0.18368 0.74082 13.7585 21.3557 197.321 -0.649644 0.200167 0.733331 14.9132 22.0476 195.76 -0.615776 0.235754 0.751824 1.43459 -2.93775 79.8189 5.86817 -20.2953 -6.39222 -8.46185 0 0.722336 -1.7746 -5.10045 0 1 0.0581605 1 
6313696 14.6116 20.9961 196.506 -0.644657 0.200703 0.737656 13.6966 22.672 196.436 -0.64837 0.223736 0.727625 14.9075 22.0781 195.423 -0.614479 0.235064 0.753101 1.44241 -2.95752 79.6236 5.85721 -20.5595 -6.47542 -8.60657 0 0.74141 -1.76913 -5.04697 0 1 0.0602359 1 
6447673 14.7055 21.6056 195.868 -0.642964 0.216307 0.734717 13.9492 23.8586 195.659 -0.64449 0.250561 0.72229 14.9003 22.146 195.003 -0.613102 0.23427 0.754469 1.45576 -2.95831 79.2965 5.8434 -20.8939 -6.58075 -8.81494 0 0.765461 -1.76832 -5.02154 0 1 0.052493 1 
6575777 14.7587 21.9627 195.368 -0.641252 0.225542 0.733435 14.0171 24.1819 195.214 -0.641529 0.262688 0.720687 14.8947 22.2389 194.514 -0.61175 0.233376 0.755842 1.45697 -2.97578 78.6729 5.84736 -21.041 -6.62707 -9.05767 0 0.75856 -1.77732 -4.99803 0 1 0.0413407 1 
6707670 14.8368 22.1323 194.822 -0.638763 0.229266 0.734451 14.4821 24.9274 194.443 -0.635204 0.289596 0.715937 14.89 22.3509 193.953 -0.610461 0.232328 0.757206 1.45645 -2.99409 78.1995 5.85387 -21.3257 -6.71675 -9.29643 0 0.747233 -1.78774 -4.97749 0 1 0.0393694 1 
6847142 15.1624 22.6922 194.584 -0.633459 0.240071 0.735592 14.8871 26.5134 193.534 -0.625109 0.321733 0.71112 14.8693 22.505 193.299 -0.609334 0.230906 0.758547 1.45818 -2.96593 77.1638 5.87101 -21.6502 -6.81895 -9.72486 0 0.717394 -1.82059 -5.05635 0 1 0.0394977 1 
6976536 15.1476 22.8665 193.744 -0.627861 0.256444 0.734865 15.0784 26.6001 192.845 -0.622682 0.322941 0.71265 14.8235 22.6682 192.684 -0.608798 0.229413 0.759431 1.45128 -2.96299 76.6599 5.88455 -21.9822 -6.92352 -9.98811 0 0.693833 -1.83214 -5.08502 0 1 0.0312394 1 
7106170 15.3259 23.4762 193.114 -0.62651 0.258484 0.735303 14.9428 26.6308 192.026 -0.620892 0.316879 0.716839 14.7528 22.8468 192.075 -0.608662 0.22785 0.76001 1.46156 -2.93105 76.9451 5.88279 -22.6911 -7.1468 -10.1216 0 0.696903 -1.84696 -5.13756 0 1 0.0395793 1 
7244906 15.2165 23.5697 192.448 -0.627437 0.250674 0.737214 14.7506 26.3912 191.34 -0.623939 0.303938 0.719931 14.6834 23.0663 191.421 -0.608958 0.22615 0.76028 1.46497 -2.91497 76.861 5.89012 -23.2565 -7.32489 -10.3261 0 0.684129 -1.86568 -5.17831 0 1 0.0383452 1 
7382266 14.9736 23.5162 191.708 -0.628793 0.241908 0.738986 14.2357 26.0709 190.769 -0.627856 0.287075 0.72339 14.6283 23.3018 190.757 -0.609464 0.224434 0.760384 1.46515 -2.90755 76.5178 5.89998 -23.6181 -7.43878 -10.5481 0 0.666974 -1.88314 -5.20839 0 1 0.0326738 1 
7517995 14.7692 23.4237 190.995 -0.629807 0.231192 0.741548 13.9526 25.5594 190.31 -0.631949 0.267773 0.727166 14.5805 23.5129 190.116 -0.610075 0.222943 0.760332 1.46768 -2.90818 76.1052 5.90501 -23.8362 -7.50747 -10.7468 0 0.658226 -1.89629 -5.21603 0 1 0.0238892 1 
7659386 14.5619 23.2936 190.359 -0.630501 0.22213 0.743725 13.7532 25.2066 189.853 -0.633679 0.255713 0.729976 14.5211 23.7615 189.455 -0.610673 0.222076 0.760106 1.47303 -2.91852 75.6619 5.90574 -24.0268 -7.56748 -10.9464 0 0.656942 -1.90689 -5.19932 0 1 0.0214474 1 
7799836 14.471 23.4398 189.708 -0.63019 0.220777 0.744391 13.6302 25.3291 189.28 -0.633335 0.252465 0.73141 14.4632 24.0326 188.807 -0.611276 0.222328 0.759547 1.47599 -2.92706 75.3421 5.91062 -24.3249 -7.66138 -11.141 0 0.648459 -1.92053 -5.19294 0 1 0.0197569 1 
7939756 14.4305 23.7383 189.049 -0.628896 0.223151 0.744778 13.6078 25.5286 188.708 -0.632126 0.253254 0.732231 14.4294 24.3099 188.178 -0.611893 0.223343 0.758752 1.47712 -2.93171 75.0211 5.91666 -24.6309 -7.75775 -11.3385 0 0.637945 -1.933 -5.19536 0 1 0.0165426 1 
8077432 14.4232 24.0237 188.476 -0.627168 0.225795 0.745437 13.5761 25.8182 188.023 -0.63036 0.256007 0.732867 14.4328 24.5738 187.578 -0.612538 0.224733 0.75782 1.47837 -2.93659 74.6538 5.92145 -24.9187 -7.84841 -11.5449 0 0.629602 -1.94353 -5.1952 0 1 0.0136216 1 
8222069 14.4324 24.2681 187.857 -0.624881 0.227736 0.746766 13.5376 26.1061 187.446 -0.62775 0.259281 0.733846 14.4537 24.8314 186.964 -0.613248 0.22658 0.756696 1.47936 -2.94358 74.2174 5.92595 -25.1538 -7.92247 -11.7563 0 0.621776 -1.95307 -5.19086 0 1 0.010117 1 
8360078 14.4184 24.4576 187.272 -0.62324 0.228279 0.747971 13.7274 26.2941 186.869 -0.625366 0.261943 0.734967 14.4497 25.0405 186.407 -0.613987 0.228351 0.755563 1.48034 -2.95122 73.9361 5.93028 -25.401 -8.00031 -11.9228 0 0.61423 -1.96234 -5.18512 0 1 0.0075983 1 
8497811 14.45 24.6953 186.718 -0.621736 0.230537 0.74853 13.6957 26.5836 186.185 -0.623601 0.264692 0.735481 14.4247 25.2178 185.871 -0.614902 0.230057 0.754301 1.48288 -2.9569 73.7124 5.93471 -25.6884 -8.09085 -12.0838 0 0.606519 -1.97446 -5.18294 0 1 0.00488184 1 
8632035 14.4329 24.9436 186.193 -0.620347 0.232967 0.74893 13.6699 26.8709 185.73 -0.622234 0.26839 0.735361 14.4014 25.3766 185.362 -0.616013 0.231547 0.752937 1.48524 -2.96121 73.4547 5.93818 -25.9535 -8.17434 -12.2484 0 0.60049 -1.9846 -5.18148 0 1 0.00318998 1 
8767476 14.425 25.1763 185.681 -0.618925 0.235385 0.74935 13.6385 27.1501 185.163 -0.620391 0.272592 0.735343 14.3695 25.4804 184.86 -0.617311 0.232277 0.751648 1.48733 -2.9627 73.1951 5.94132 -26.2358 -8.26324 -12.4191 0 0.595019 -1.9937 -5.18435 0 1 0.00199851 1 
8898565 14.4109 25.3723 185.151 -0.617529 0.237476 0.749842 13.6094 27.434 184.596 -0.618779 0.2763 0.735342 14.3142 25.5394 184.364 -0.618642 0.232286 0.75055 1.48922 -2.96216 72.9678 5.94437 -26.5403 -8.35915 -12.5866 0 0.589717 -2.0023 -5.19059 0 1 0.00157543 1 
9029598 14.338 25.5201 184.637 -0.616763 0.23857 0.750125 13.5872 27.6255 184.14 -0.617486 0.278298 0.735638 14.2146 25.5732 183.854 -0.620076 0.231956 0.749468 1.49274 -2.96194 72.727 5.94693 -26.8621 -8.46049 -12.7638 0 0.585258 -2.01288 -5.19544 0 1 0.00194002 1 
9158712 14.2681 25.4472 184.144 -0.617784 0.236372 0.749981 13.45 27.8118 183.571 -0.615941 0.28019 0.736301 14.0746 25.5856 183.345 -0.621669 0.231208 0.748379 1.49633 -2.96512 72.5364 5.95157 -27.2001 -8.56697 -12.9303 0 0.577188 -2.02719 -5.19797 0 1 0.0015152 1 
9295370 14.0568 25.41 183.616 -0.619659 0.230734 0.75019 13.4384 27.9046 183.122 -0.615469 0.280813 0.736279 13.8805 25.5747 182.798 -0.623641 0.22989 0.747142 1.49884 -2.96644 72.3079 5.95595 -27.5381 -8.67342 -13.1087 0 0.569551 -2.03922 -5.2033 0 1 0.00187021 1 
9430709 13.7468 25.4005 183.047 -0.620193 0.226328 0.75109 13.426 28.1136 182.555 -0.615339 0.280579 0.736528 13.6153 25.549 182.251 -0.625746 0.228124 0.745923 1.50057 -2.96681 72.0799 5.95955 -27.8777 -8.78038 -13.2875 0 0.5633 -2.04848 -5.20892 0 1 0.00370489 1 
9563773 13.5846 25.3876 182.639 -0.620127 0.222575 0.752265 13.2943 28.3072 181.877 -0.6145 0.281344 0.736865 13.271 25.6012 181.689 -0.627941 0.227822 0.744169 1.50676 -2.96451 71.8486 5.96854 -28.3557 -8.93094 -13.5109 0 0.547647 -2.0749 -5.22857 0 1 0.00994499 1 
9704994 13.252 25.5965 181.938 -0.621469 0.216704 0.752872 13.0687 28.4326 181.421 -0.615008 0.277816 0.737827 12.7472 25.8691 181.017 -0.630479 0.231856 0.740769 1.52021 -2.95896 71.7734 5.97645 -28.9701 -9.12444 -13.7281 0 0.533874 -2.11207 -5.252 0 1 0.0241381 1 
9840761 12.8434 25.959 181.354 -0.622897 0.216814 0.751659 12.5216 28.5651 180.637 -0.617279 0.271541 0.738397 12.077 26.3162 180.345 -0.633135 0.238838 0.736272 1.55716 -2.95082 71.7849 5.97608 -29.644 -9.3367 -13.9367 0 0.534526 -2.17575 -5.26552 0 1 0.0330016 1 
9982068 12.3219 26.3178 180.68 -0.624518 0.219457 0.749544 11.691 28.4336 180.1 -0.623874 0.257425 0.737893 11.1808 26.9659 179.639 -0.636345 0.248737 0.730202 1.60126 -2.96362 71.9171 5.96881 -30.1594 -9.49904 -14.0574 0 0.547171 -2.23985 -5.23059 0 1 0.0374239 1 
10135635 11.3887 26.5832 179.894 -0.629176 0.220646 0.745287 10.4208 28.1678 179.58 -0.630877 0.244486 0.73626 10.0675 27.8395 178.927 -0.639742 0.261709 0.72266 1.64288 -3.00258 71.772 5.96531 -30.517 -9.61167 -14.2158 0 0.553268 -2.3062 -5.15668 0 1 0.085467 1 
10273541 10.6475 27.4167 179.262 -0.630956 0.229265 0.741169 9.30915 29.1193 178.965 -0.635192 0.256845 0.728247 9.02551 28.7323 178.36 -0.642358 0.275025 0.715358 1.65946 -3.04432 71.9336 5.97308 -30.9847 -9.75895 -14.3121 0 0.539742 -2.34859 -5.09756 0 1 0.0413149 1 
10412590 9.60374 28.2243 178.654 -0.636174 0.238406 0.733788 8.54822 29.471 178.454 -0.639199 0.26305 0.722609 7.96155 29.7159 177.859 -0.644491 0.289831 0.707551 1.68856 -3.08593 71.957 5.97563 -31.3299 -9.86768 -14.4135 0 0.535307 -2.40365 -5.02957 0 1 0.0410307 1 
10546332 8.56637 29.108 178.101 -0.640521 0.251375 0.725633 7.51419 30.8589 177.747 -0.641577 0.288419 0.710657 6.98219 30.7027 177.478 -0.646185 0.304283 0.699897 1.71241 -3.12385 71.9914 5.98231 -31.5008 -9.9215 -14.4565 0 0.523685 -2.4568 -4.97519 0 1 0.0415545 1 
10682126 7.58326 30.1649 177.608 -0.644463 0.267996 0.716133 6.66959 32.6307 177.044 -0.641606 0.321117 0.696517 6.06984 31.5652 177.266 -0.647823 0.315509 0.693382 1.73718 -3.14129 72.2085 5.98771 -31.5444 -9.93526 -14.4019 0 0.514287 -2.5093 -4.95423 0 1 0.0368906 1 
11615519 5.58711 38.3964 178.371 -0.642735 0.435 0.630608 3.89265 36.5259 176.152 -0.645183 0.382916 0.661167 3.15012 33.3351 178.979 -0.658397 0.322999 0.679841 1.84003 -3.13435 72.1018 6.01506 -29.3903 -9.25677 -13.757 0 0.466678 -2.73593 -5.01393 0 1 0.0110683 1 
11835839 1.52717 34.0007 178.092 -0.666054 0.333417 0.667237 1.75643 37.6438 177.198 -0.658037 0.3911 0.643342 2.85996 33.2396 179.525 -0.660367 0.319557 0.679558 1.77206 -3.10678 73.2431 5.98625 -28.9601 -9.1213 -13.2621 0 0.516813 -2.56749 -5.01178 0 1 0.0338849 1 
12053045 3.51685 33.8642 178.724 -0.669831 0.333377 0.663465 2.12523 36.8353 178.31 -0.65801 0.38654 0.646161 2.64896 33.1375 179.918 -0.661593 0.317032 0.679548 1.80009 -2.98217 72.9805 5.9878 -28.1437 -8.86416 -13.0876 0 0.514116 -2.61898 -5.23136 0 1 0.0210473 1 
12206693 2.81388 34.3621 179.718 -0.66153 0.345516 0.66558 1.95608 36.285 179.081 -0.661105 0.375561 0.649563 2.56763 33.1348 180.031 -0.661654 0.317965 0.679052 1.79859 -2.91431 72.0765 5.98131 -28.644 -9.02175 -13.5299 0 0.525415 -2.60507 -5.33817 0 1 0.00176402 1 
12365116 2.42993 32.5705 180.386 -0.667104 0.29964 0.682047 1.5506 32.8912 179.879 -0.676762 0.297641 0.673229 2.52704 33.1947 179.982 -0.661046 0.320845 0.67829 1.80302 -2.98794 72.5744 5.98374 -28.8389 -9.08311 -13.4345 0 0.521193 -2.617 -5.21424 0 1 0.0119597 1 
12507145 2.67628 31.5669 180.64 -0.669329 0.277936 0.689021 1.57646 32.4226 179.979 -0.677832 0.288414 0.676194 2.50207 33.295 179.802 -0.660148 0.323825 0.677748 1.80238 -3.02191 73.4223 5.99442 -29.2205 -9.20332 -13.2876 0 0.502597 -2.63448 -5.17372 0 1 0.0582733 1 
12655007 2.63899 31.1792 180.498 -0.670972 0.270473 0.690392 1.46552 32.5257 179.983 -0.67822 0.288996 0.67557 2.48782 33.4392 179.497 -0.65908 0.326986 0.677269 1.80808 -3.06127 72.7511 6.00522 -28.869 -9.0926 -13.3883 0 0.483806 -2.66319 -5.124 0 1 0.0173895 1 
12823036 2.64105 32.498 179.846 -0.670974 0.291241 0.681889 1.0154 32.9217 179.776 -0.679315 0.292433 0.672916 2.45638 33.6565 178.996 -0.657564 0.330983 0.676801 1.80889 -3.08438 72.882 6.00648 -29.303 -9.22929 -13.4838 0 0.481616 -2.66679 -5.08597 0 1 0.0715078 1 
12958747 2.42908 33.0883 179.266 -0.671192 0.306391 0.675001 0.908476 32.9167 179.783 -0.679815 0.292646 0.672304 2.4654 33.8423 178.515 -0.656056 0.33484 0.676368 1.80759 -3.10651 73.0517 6.00374 -29.6371 -9.33451 -13.5355 0 0.486388 -2.65976 -5.04267 0 1 0.0386144 1 
13099424 2.48916 33.4841 178.735 -0.669062 0.316739 0.672334 0.916305 34.5885 178.933 -0.675318 0.326291 0.66139 2.51341 34.0001 177.96 -0.65437 0.338488 0.676184 1.80743 -3.12576 72.6672 6.0052 -29.993 -9.44661 -13.7687 0 0.483839 -2.66203 -5.01172 0 1 0.0259668 1 
13236494 2.42619 33.7871 178.275 -0.667542 0.324393 0.670192 0.88337 34.9376 178.611 -0.673395 0.33567 0.658656 2.59726 33.9632 177.483 -0.65363 0.337964 0.677162 1.80455 -3.12651 71.5321 6.00415 -30.2789 -9.53665 -14.2163 0 0.485665 -2.65519 -5.00858 0 1 0.0133041 1 
13372459 2.26515 34.1886 177.571 -0.664176 0.335089 0.668271 1.89765 36.9112 177.201 -0.658988 0.386245 0.645324 2.70523 33.7846 177.067 -0.653582 0.334975 0.678691 1.79875 -3.0908 71.2424 5.99942 -30.3987 -9.57439 -14.3453 0 0.493899 -2.63686 -5.06251 0 1 0.0149361 1 
13510015 2.49553 34.8662 176.883 -0.652699 0.36073 0.666226 2.05664 37.0584 176.62 -0.653295 0.393283 0.646898 2.85887 33.4978 176.717 -0.653913 0.330914 0.680363 1.79953 -3.05931 72.0896 5.98845 -31.1115 -9.79888 -14.3029 0 0.512995 -2.61911 -5.09822 0 1 0.0211422 1 
13653293 2.73354 34.7211 176.594 -0.647424 0.367308 0.667777 1.93784 37.156 176.396 -0.653065 0.393774 0.646759 3.09437 33.0676 176.442 -0.654578 0.325962 0.682112 1.79652 -3.04069 72.3621 5.9801 -31.6523 -9.96921 -14.3874 0 0.527529 -2.59935 -5.11609 0 1 0.0412461 1 
13793032 2.84964 34.5394 176.264 -0.643827 0.371462 0.668956 2.03651 37.131 175.949 -0.652131 0.395386 0.646703 3.38949 32.5305 176.251 -0.655413 0.320395 0.683945 1.79049 -3.01323 72.8045 5.96344 -32.2006 -10.1419 -14.4208 0 0.556528 -2.55985 -5.13488 0 1 0.07161 1 
13938300 3.07092 34.1589 175.982 -0.645194 0.363261 0.672136 1.97024 35.1589 176.01 -0.662178 0.355301 0.659689 3.75326 31.8617 176.12 -0.656445 0.313469 0.686161 1.78592 -2.97898 73.6116 5.93429 -32.9641 -10.3824 -14.4071 0 0.607266 -2.50116 -5.14376 0 1 0.06808 1 
14086148 3.10436 33.1688 176.14 -0.6525 0.3405 0.676982 2.25305 33.9728 176.217 -0.664533 0.340251 0.665278 4.14012 31.0906 176.055 -0.657796 0.305488 0.688464 1.77461 -2.9219 73.6155 5.89174 -33.5068 -10.5533 -14.5768 0 0.681312 -2.40742 -5.16907 0 1 0.0054448 1 
14293277 3.71871 31.4583 176.301 -0.657246 0.314907 0.684734 3.49784 32.2104 176.064 -0.661092 0.328995 0.674244 4.71862 29.972 175.969 -0.659362 0.296246 0.690999 1.74533 -2.88494 73.5992 5.87251 -34.3773 -10.8275 -14.8561 0 0.714786 -2.32299 -5.19992 0 1 0.00150327 1 
14445467 4.56957 29.4633 176.463 -0.6632 0.281673 0.693417 4.22067 30.5328 176.021 -0.6614 0.307402 0.684035 5.18121 29.1324 175.893 -0.660222 0.290417 0.692651 1.74771 -2.89935 73.3653 5.8767 -34.667 -10.9187 -15.021 0 0.707491 -2.33443 -5.18213 0 1 0.0124934 1 
14580703 4.95762 28.5794 176.371 -0.663218 0.271435 0.69747 4.42963 30.2982 175.677 -0.659575 0.308225 0.68546 5.59977 28.372 175.809 -0.660856 0.285589 0.694053 1.74491 -2.89736 73.1752 5.87026 -34.9256 -11.0002 -15.1623 0 0.718709 -2.31834 -5.17439 0 1 0.00934099 1 
14717501 5.19711 28.0263 176.137 -0.662103 0.269071 0.699443 4.74206 30.0325 175.34 -0.656878 0.312711 0.686036 6.02397 27.6015 175.695 -0.661206 0.280741 0.695695 1.73493 -2.88723 72.9009 5.85969 -35.1498 -11.0708 -15.3193 0 0.737108 -2.28257 -5.17361 0 1 0.0149913 1 
14865201 5.56572 27.5931 175.841 -0.659953 0.272096 0.700304 5.15305 29.8729 174.995 -0.653102 0.318095 0.687065 6.52048 26.7573 175.53 -0.661348 0.275278 0.697739 1.71794 -2.86815 72.8056 5.84467 -35.5131 -11.1852 -15.4638 0 0.763236 -2.22687 -5.18069 0 1 0.0251411 1 
14999993 6.1368 26.9104 175.573 -0.657265 0.270913 0.703284 6.04893 28.6396 174.733 -0.649847 0.308619 0.694393 6.98383 26.0211 175.336 -0.661271 0.270243 0.699778 1.70606 -2.85619 72.7782 5.83444 -35.7721 -11.2668 -15.554 0 0.781055 -2.18838 -5.18369 0 1 0.0187983 1 
15139725 6.7216 25.9827 175.304 -0.654462 0.265395 0.707987 6.60724 27.8115 174.597 -0.64745 0.302957 0.699176 7.50559 25.0595 175.112 -0.661638 0.258802 0.703745 1.6974 -2.84601 72.513 5.82575 -35.8513 -11.2918 -15.6625 0 0.796177 -2.15819 -5.18629 0 1 0.0169708 1 
15277930 7.2737 24.6656 175.15 -0.65191 0.248748 0.716337 6.96484 26.5459 174.436 -0.64587 0.283726 0.708636 7.98774 24.0989 174.873 -0.661625 0.243835 0.709081 1.6959 -2.85496 72.2712 5.82069 -35.8675 -11.2969 -15.7437 0 0.804985 -2.14677 -5.16191 0 1 0.0194756 1 
15413963 7.6754 23.8766 174.99 -0.649239 0.236897 0.722751 7.28805 26.1233 174.305 -0.643468 0.281802 0.711723 8.42873 23.1713 174.603 -0.660998 0.226938 0.715249 1.68684 -2.85285 72.1072 5.81676 -36.1326 -11.3803 -15.8789 0 0.81182 -2.12416 -5.15875 0 1 0.0214535 1 
15553458 8.06021 23.2505 174.735 -0.647152 0.229667 0.726944 7.70749 25.7708 174.066 -0.639847 0.284284 0.713937 8.839 22.2888 174.298 -0.65928 0.207694 0.722643 1.67447 -2.84806 71.798 5.81666 -36.397 -11.4636 -16.0595 0 0.811994 -2.10244 -5.16691 0 1 0.0233442 1 
15694628 8.51152 22.6309 174.425 -0.644246 0.224054 0.731264 8.13169 25.4491 173.707 -0.636852 0.283111 0.717118 9.20437 21.4464 173.968 -0.656407 0.186306 0.73104 1.65902 -2.84192 71.3299 5.81981 -36.5969 -11.5266 -16.2699 0 0.806513 -2.08104 -5.18306 0 1 0.0273582 1 
15835780 8.83378 22.005 174.07 -0.641558 0.218412 0.735323 8.54608 25.0222 173.227 -0.632596 0.280913 0.72166 9.49259 20.6525 173.63 -0.652289 0.16317 0.740199 1.63924 -2.83223 70.8493 5.82595 -36.7406 -11.5718 -16.4665 0 0.795834 -2.05729 -5.21062 0 1 0.0399537 1 
15980170 9.12727 21.246 173.689 -0.638698 0.209671 0.74034 9.07486 24.5292 172.844 -0.628211 0.274491 0.727912 9.70355 19.8866 173.298 -0.646951 0.137863 0.749965 1.61823 -2.81932 70.5328 5.84013 -36.923 -11.6293 -16.6237 0 0.771144 -2.04542 -5.25778 0 1 0.0686958 1 
16117830 9.54928 20.7821 173.278 -0.636462 0.196582 0.745836 9.5036 24.0689 172.349 -0.625178 0.263886 0.73442 9.7992 19.242 172.977 -0.640312 0.113975 0.759612 1.60506 -2.78839 70.4333 5.84637 -37.2842 -11.7431 -16.7688 0 0.760283 -2.03335 -5.32247 0 1 0.0751011 1 
16261435 10.0347 20.5896 172.79 -0.63391 0.182476 0.751572 9.97127 23.2547 172.084 -0.624827 0.244068 0.741589 9.83228 18.7935 172.629 -0.632425 0.0937359 0.76893 1.60159 -2.73393 70.1673 5.84421 -37.4607 -11.7986 -16.9082 0 0.76404 -2.02356 -5.4135 0 1 0.0976792 1 
16493533 10.7404 19.0355 172.08 -0.633524 0.121622 0.764104 9.74888 19.8207 171.62 -0.636899 0.14293 0.757469 9.70809 18.1177 172.075 -0.618527 0.0617854 0.78333 1.62126 -2.55993 74.1444 5.88364 -40.8172 -12.8558 -16.7127 0 0.695413 -2.12642 -5.78499 0 1 0.0871134 1 
16644031 9.6989 14.059 172.506 -0.634892 0.0103332 0.772532 8.81941 16.066 172.034 -0.643173 0.0408405 0.764651 9.48715 17.6619 171.719 -0.608932 0.0402223 0.792202 1.63149 -2.63269 71.7157 5.88765 -39.9076 -12.5693 -17.1911 0 0.688443 -2.15119 -5.6653 0 1 0.0966641 1 
16844232 9.66668 14.964 172.041 -0.629747 0.00276085 0.776795 8.70419 15.8544 171.697 -0.642164 0.0262479 0.766043 9.06345 17.078 171.299 -0.596267 0.0109709 0.802711 1.60699 -2.66389 69.7037 5.98645 -39.2385 -12.3586 -17.6141 0 0.516471 -2.28052 -5.78299 0 1 0.0265911 1 
17039041 9.27659 15.8004 171.366 -0.62531 -0.0164593 0.780203 8.05576 17.3042 170.73 -0.637169 0.00989517 0.770502 8.49011 16.509 170.948 -0.583545 -0.0192719 0.811852 1.62297 -2.6794 69.8734 6.00857 -39.6042 -12.4738 -17.6759 0 0.477976 -2.34684 -5.79448 0 1 0.0974262 1 
17410742 8.07106 16.8281 170.618 -0.611307 -0.050816 0.78976 6.54381 20.0679 169.585 -0.627572 0.00561635 0.778474 7.07476 15.5905 170.557 -0.559523 -0.0781628 0.825121 1.75369 -2.66431 65.7281 6.05444 -37.0082 -11.6561 -18.1638 0 0.398139 -2.6542 -5.90058 0 1 0.0915713 1 
17779478 6.30318 16.4492 169.82 -0.591779 -0.0983402 0.800079 3.89943 19.6699 169.45 -0.617368 -0.0311572 0.78592 5.52227 14.9343 170.61 -0.533626 -0.137794 0.834419 1.89332 -2.50553 63.4552 6.06357 -34.4298 -10.844 -18.0676 0 0.382241 -2.91311 -6.19285 0 1 0.097958 1 
18008514 4.79634 15.118 170.418 -0.575596 -0.14946 0.80396 2.69109 17.9762 170.005 -0.600458 -0.0903215 0.794443 4.57621 14.6381 170.944 -0.517092 -0.172815 0.838302 1.90193 -2.49504 62.2708 6.09056 -33.2162 -10.4618 -18.0584 0 0.335273 -2.97507 -6.25807 0 1 0.096891 1 
18213822 4.30268 14.703 170.948 -0.560298 -0.180197 0.808452 2.12893 17.3055 170.31 -0.584785 -0.126358 0.801205 3.82794 14.4469 171.43 -0.502915 -0.20102 0.840635 1.92483 -2.47682 61.1557 6.13685 -32.0713 -10.1012 -18.049 0 0.254703 -3.09549 -6.37034 0 1 0.0850731 1 
18403982 3.78222 14.4448 171.435 -0.543527 -0.209893 0.812726 1.46138 16.9186 170.626 -0.570735 -0.157245 0.805879 3.21525 14.2484 172.022 -0.490025 -0.2251 0.842143 1.9142 -2.46625 61.3243 6.20359 -31.7402 -9.9969 -17.8916 0 0.138533 -3.19317 -6.50492 0 1 0.0997691 1 
18573494 3.24355 14.3311 171.87 -0.531502 -0.231835 0.814714 0.810142 16.6079 170.958 -0.558759 -0.184338 0.808508 2.73578 13.9911 172.65 -0.478745 -0.245611 0.842899 1.92022 -2.44981 61.302 6.23148 -30.9856 -9.75926 -17.661 0 0.0899914 -3.25218 -6.58207 0 1 0.0992477 1 
18765513 2.69889 14.1464 172.52 -0.517348 -0.255512 0.81674 0.385025 16.3255 171.746 -0.546648 -0.212441 0.809822 2.27409 13.5162 173.491 -0.465893 -0.269108 0.842926 1.96278 -2.41701 60.7557 6.2135 -29.4376 -9.2717 -17.3455 0 0.121288 -3.29497 -6.60786 0 1 0.0743771 1 
18967843 2.26821 13.5926 173.41 -0.50347 -0.280042 0.81737 -0.242003 15.5859 172.674 -0.53543 -0.239631 0.809774 1.84985 12.4657 174.481 -0.451562 -0.296623 0.84149 2.00663 -2.36598 61.0921 6.20037 -28.4796 -8.96996 -16.9378 0 0.144144 -3.34843 -6.67383 0 1 0.076637 1 
19164376 1.74848 12.6696 174.356 -0.488815 -0.308146 0.816153 -0.955062 14.4033 173.857 -0.525454 -0.266787 0.807783 1.7463 10.6842 175.455 -0.43416 -0.328828 0.838676 2.05873 -2.29419 61.0643 6.19129 -27.6604 -8.71195 -16.6886 0 0.15995 -3.4233 -6.78297 0 1 0.0722854 1 
19358841 1.45392 11.1591 175.308 -0.469589 -0.34121 0.814286 -1.35567 12.8331 174.835 -0.512032 -0.299988 0.804836 1.92146 8.36679 176.394 -0.414414 -0.362712 0.834687 2.11743 -2.20563 60.9868 6.15409 -26.9719 -8.4951 -16.4961 0 0.224688 -3.46073 -6.87238 0 1 0.0672083 1 
19557668 1.42813 8.98074 176.211 -0.452653 -0.374298 0.809324 -1.52365 10.4905 175.733 -0.497506 -0.333805 0.800676 2.25487 5.80465 177.285 -0.394251 -0.395756 0.829423 2.17237 -2.10486 60.595 6.12201 -26.3644 -8.30375 -16.4282 0 0.280524 -3.50053 -6.99193 0 1 0.0869049 1 
20906566 3.49345 -2.89196 179.889 -0.369666 -0.506177 0.779186 0.891552 -1.60069 177.817 -0.405027 -0.471725 0.783174 3.03826 -4.71494 181.267 -0.342966 -0.483526 0.805343 2.44658 -1.77537 58.1132 5.78276 -21.3131 -6.71277 -15.6189 0 0.871005 -3.38732 -6.97493 0 1 0.0980593 1 
21217161 2.86471 -4.79008 181.048 -0.370848 -0.511202 0.775335 0.434331 -3.75297 179.384 -0.407987 -0.477199 0.778232 2.6118 -6.10314 182.188 -0.345533 -0.487435 0.801882 2.49083 -1.70444 57.5485 5.67374 -19.4594 -6.12896 -15.2129 0 1.06074 -3.27459 -6.90865 0 1 0.0981216 1 
21456700 2.59513 -5.90545 181.87 -0.372291 -0.512868 0.773541 0.169105 -5.03295 180.466 -0.410605 -0.48129 0.774346 2.32634 -7.1506 182.855 -0.348058 -0.490058 0.799186 2.52868 -1.65557 57.183 5.64486 -18.2583 -5.75064 -14.9497 0 1.11102 -3.29019 -6.94344 0 1 0.085573 1 
21655509 2.33201 -6.92063 182.461 -0.374413 -0.514768 0.771252 -0.0304649 -6.08174 181.088 -0.409379 -0.487334 0.771213 2.09021 -8.07663 183.415 -0.350439 -0.492347 0.796736 2.55417 -1.61042 56.7532 5.58367 -17.1689 -5.40754 -14.742 0 1.21751 -3.22807 -6.91552 0 1 0.0870189 1 
21852500 2.12764 -7.87146 183.031 -0.378322 -0.515657 0.768746 -0.202422 -6.9306 181.815 -0.411647 -0.49054 0.76803 1.86536 -9.05494 183.959 -0.353234 -0.494664 0.794061 2.58457 -1.55914 56.5962 5.54731 -16.3143 -5.13835 -14.5222 0 1.2808 -3.2177 -6.94149 0 1 0.0899391 1 
22054208 1.9355 -8.81611 183.587 -0.382053 -0.51736 0.76575 -0.486784 -8.00777 182.437 -0.413301 -0.493849 0.764967 1.64214 -10.0892 184.513 -0.356682 -0.496782 0.791193 2.61219 -1.49153 56.2714 5.46729 -15.3356 -4.83011 -14.3163 0 1.42008 -3.12648 -6.91989 0 1 0.0996703 1 
22276117 1.70587 -9.94701 184.161 -0.384242 -0.520581 0.762466 -0.471268 -9.46867 183.078 -0.40993 -0.502919 0.760802 1.41857 -11.2344 185.143 -0.360628 -0.499148 0.787908 2.64748 -1.40853 55.6554 5.37574 -13.9271 -4.38649 -14.0667 0 1.57942 -3.02857 -6.905 0 1 0.0850154 1 
22476830 1.3968 -11.0651 184.722 -0.38689 -0.522215 0.760005 -0.738364 -10.7638 183.716 -0.412801 -0.50678 0.756667 1.2282 -12.2567 185.737 -0.364081 -0.501256 0.784976 2.66005 -1.33819 55.0434 5.26991 -12.7023 -4.00073 -13.8737 0 1.76362 -2.86624 -6.84323 0 1 0.0936666 1 
22678158 1.35123 -12.1721 185.342 -0.392191 -0.519473 0.759167 -0.962328 -11.893 184.446 -0.420836 -0.50414 0.75398 1.06309 -13.2195 186.342 -0.367624 -0.503048 0.782174 2.67596 -1.28826 55.1108 5.22853 -11.9533 -3.76483 -13.6165 0 1.83565 -2.82191 -6.85811 0 1 0.0864795 1 
22877290 1.13715 -13.1347 185.941 -0.39682 -0.520529 0.756032 -1.10363 -12.7874 184.944 -0.426628 -0.503146 0.751441 0.910016 -14.0791 186.964 -0.370795 -0.504554 0.779702 2.68418 -1.24039 54.8677 5.17743 -10.9412 -3.44604 -13.3743 0 1.92458 -2.74729 -6.85251 0 1 0.0836093 1 
23071494 0.940939 -14.0229 186.617 -0.401251 -0.521988 0.752679 -1.36378 -13.4542 185.659 -0.432049 -0.50226 0.749024 0.759612 -14.8841 187.588 -0.373763 -0.505765 0.777498 2.68893 -1.19368 54.6256 5.12351 -9.93618 -3.1295 -13.134 0 2.01844 -2.66169 -6.83993 0 1 0.085511 1 
23272039 0.764055 -14.8351 187.251 -0.405402 -0.522292 0.75024 -1.31527 -14.4115 186.493 -0.433596 -0.50482 0.746426 0.571838 -15.6798 188.256 -0.377061 -0.506706 0.77529 2.69653 -1.15006 54.6654 5.08415 -9.03377 -2.84528 -12.8373 0 2.08695 -2.60641 -6.84735 0 1 0.0894099 1 
23460010 0.700447 -15.5944 187.93 -0.410729 -0.519698 0.749143 -1.28517 -14.9377 187.193 -0.434554 -0.506111 0.744885 0.397128 -16.3857 188.872 -0.37999 -0.507666 0.773228 2.7019 -1.10737 54.468 5.03221 -8.03822 -2.53172 -12.5859 0 2.17734 -2.52537 -6.83126 0 1 0.0910248 1 
23664798 0.492305 -16.3929 188.686 -0.415062 -0.520197 0.746404 -1.65744 -15.5027 187.903 -0.440237 -0.504493 0.742693 0.205403 -17.1817 189.546 -0.382663 -0.509078 0.770979 2.7078 -1.05871 54.3945 4.97844 -7.20993 -2.27084 -12.3482 0 2.27094 -2.44204 -6.82236 0 1 0.0948634 1 
23874379 0.201892 -17.1151 189.429 -0.417581 -0.522802 0.743172 -2.19694 -15.9947 188.846 -0.452025 -0.49867 0.73946 0.00921139 -18.0046 190.206 -0.385342 -0.510577 0.76865 2.71239 -0.999284 54.1761 4.91482 -6.34519 -1.99849 -12.1446 0 2.38167 -2.3393 -6.81506 0 1 0.0989447 1 
24075935 0.0771164 -18.0142 190.064 -0.41932 -0.52585 0.740035 -1.82743 -17.2618 189.366 -0.439161 -0.515665 0.735558 -0.190675 -18.7875 190.805 -0.387866 -0.511955 0.766461 2.71223 -0.939754 53.4822 4.8353 -5.20545 -1.63951 -12.0042 0 2.52007 -2.20061 -6.78027 0 1 0.0924157 1 
24264814 -0.0105927 -18.8275 190.569 -0.420156 -0.527827 0.738152 -1.79846 -18.1315 189.736 -0.439379 -0.517045 0.734502 -0.393779 -19.5475 191.371 -0.390174 -0.513359 0.764347 2.73455 -0.888067 53.6289 4.81125 -4.48387 -1.41224 -11.7307 0 2.56193 -2.1976 -6.82837 0 1 0.0965779 1 
24408284 -0.181847 -19.3459 190.909 -0.420457 -0.532363 0.734714 -1.97148 -18.4817 190.2 -0.443358 -0.514605 0.733858 -0.569122 -20.1072 191.758 -0.392289 -0.514009 0.762826 2.73288 -0.836474 52.6477 4.73442 -3.18977 -1.00465 -11.6321 0 2.69566 -2.06096 -6.78444 0 1 0.0702955 1 
24594917 -0.418357 -20.1034 191.444 -0.420759 -0.534364 0.733087 -2.18962 -19.3021 190.815 -0.440773 -0.521223 0.730728 -0.844451 -20.8486 192.262 -0.395821 -0.514323 0.760787 2.74472 -0.771987 52.2896 4.67946 -2.22586 -0.701059 -11.4414 0 2.79131 -1.98592 -6.80103 0 1 0.0805636 1 
24792819 -0.677988 -20.9011 191.989 -0.420511 -0.538403 0.730269 -2.29515 -20.038 191.407 -0.438619 -0.524619 0.729585 -1.16652 -21.6175 192.782 -0.400037 -0.514196 0.758665 2.74943 -0.719071 51.9641 4.61942 -1.25991 -0.396823 -11.2396 0 2.89581 -1.88962 -6.78863 0 1 0.0962857 1 
24999960 -1.03817 -21.7569 192.499 -0.423973 -0.539372 0.727547 -2.598 -20.6808 192.006 -0.439563 -0.526657 0.727577 -1.52769 -22.4355 193.331 -0.404657 -0.513921 0.756398 2.74641 -0.664501 51.481 4.54742 0.0538701 0.016967 -10.978 0 3.02112 -1.75905 -6.7583 0 1 0.0892568 1 
25193327 -1.34425 -22.498 193.092 -0.427606 -0.539407 0.725392 -2.97265 -21.3747 192.596 -0.444784 -0.523523 0.726681 -1.86176 -23.1892 193.837 -0.408856 -0.513666 0.75431 2.74056 -0.619954 51.0723 4.48785 1.06565 0.335638 -10.7881 0 3.12481 -1.64519 -6.73215 0 1 0.0890296 1 
25382712 -1.73108 -23.1805 193.65 -0.432383 -0.537391 0.724055 -3.26665 -21.9263 193.186 -0.447 -0.523376 0.725354 -2.1566 -23.914 194.326 -0.412373 -0.51365 0.752404 2.72868 -0.57777 50.4965 4.42841 2.08265 0.655953 -10.6491 0 3.22828 -1.52104 -6.70211 0 1 0.0773537 1 
25578780 -2.07727 -23.8628 194.143 -0.43631 -0.53507 0.723418 -3.64233 -22.4128 193.654 -0.452862 -0.518903 0.724913 -2.41448 -24.6632 194.845 -0.415211 -0.513959 0.75063 2.70796 -0.541004 49.8895 4.37114 3.10392 0.977613 -10.5186 0 3.32795 -1.3853 -6.66642 0 1 0.0682654 1 
25731193 -2.33133 -24.4088 194.589 -0.442116 -0.531452 0.722559 -3.90738 -22.9054 194.006 -0.458736 -0.513809 0.72482 -2.59312 -25.2261 195.252 -0.417132 -0.514202 0.749398 2.68816 -0.539047 50.1548 4.35134 3.32622 1.04763 -10.365 0 3.36241 -1.31638 -6.63537 0 1 0.0902276 1 
25864350 -2.59498 -24.8671 194.934 -0.446553 -0.529944 0.720937 -4.26274 -23.0908 194.46 -0.467742 -0.505742 0.724793 -2.72191 -25.6935 195.603 -0.418581 -0.514479 0.748399 2.67925 -0.515223 49.982 4.32994 3.92319 1.23565 -10.2314 0 3.39966 -1.26361 -6.63958 0 1 0.082974 1 
26002838 -2.84121 -25.2715 195.296 -0.450685 -0.529182 0.718922 -4.61813 -23.2737 194.918 -0.476744 -0.49793 0.724407 -2.83624 -26.1834 195.966 -0.419816 -0.514909 0.747411 2.6686 -0.486457 49.8859 4.30785 4.47159 1.40838 -10.089 0 3.4381 -1.20665 -6.65121 0 1 0.0850716 1 
26138892 -3.05197 -25.6219 195.657 -0.453683 -0.528158 0.717789 -4.71441 -23.5895 195.165 -0.477204 -0.499572 0.722993 -2.93839 -26.6736 196.324 -0.420701 -0.515486 0.746515 2.6575 -0.454903 49.772 4.28626 5.06287 1.5946 -9.93863 0 3.47569 -1.14973 -6.66854 0 1 0.0897154 1 
26278994 -3.20696 -26.1072 195.981 -0.455337 -0.529975 0.715398 -4.90373 -23.9216 195.525 -0.479542 -0.499431 0.721546 -3.02052 -27.1646 196.666 -0.421137 -0.516226 0.745758 2.6418 -0.428978 49.6163 4.26537 5.66046 1.78282 -9.79943 0 3.51205 -1.08606 -6.6773 0 1 0.0931752 1 
26466192 -3.28893 -26.8086 196.43 -0.452437 -0.534439 0.713916 -4.53666 -25.3923 195.948 -0.465891 -0.518875 0.716731 -3.03755 -27.7871 197.04 -0.420313 -0.517758 0.74516 2.61058 -0.368018 47.8449 4.20305 7.55094 2.37825 -9.76195 0 3.62051 -0.92325 -6.67495 0 1 0.0654049 1 
26610311 -3.23609 -27.4746 196.647 -0.446549 -0.541217 0.712515 -4.45749 -26.0045 196.191 -0.460262 -0.523982 0.716582 -2.96378 -28.1932 197.213 -0.417856 -0.520041 0.744952 2.60629 -0.363708 48.0759 4.20908 7.7627 2.44494 -9.62248 0 3.61002 -0.926281 -6.69294 0 1 0.082832 1 
26747821 -3.14077 -28.0161 196.829 -0.441969 -0.545843 0.711842 -4.17328 -26.6956 196.441 -0.452366 -0.531981 0.715763 -2.83068 -28.4886 197.26 -0.414237 -0.523067 0.744855 2.59635 -0.355993 47.463 4.20359 8.46772 2.667 -9.59346 0 3.61957 -0.899422 -6.69682 0 1 0.0754887 1 
26884251 -2.99571 -28.4015 196.938 -0.436192 -0.550016 0.712193 -3.88022 -27.0837 196.671 -0.446381 -0.53658 0.715962 -2.63252 -28.6907 197.204 -0.409635 -0.526555 0.744942 2.58899 -0.350241 46.904 4.20098 8.99761 2.83389 -9.60266 0 3.62412 -0.882057 -6.70228 0 1 0.06831 1 
27019471 -2.77303 -28.663 196.98 -0.429863 -0.55409 0.712883 -3.60147 -27.3639 196.779 -0.43929 -0.541125 0.717004 -2.42367 -28.7788 197.058 -0.405113 -0.529547 0.745294 2.58519 -0.344157 46.3127 4.19773 9.42958 2.96995 -9.65282 0 3.62978 -0.869786 -6.70721 0 1 0.0625125 1 
27157505 -2.55476 -28.8294 196.961 -0.42331 -0.557276 0.71432 -3.32425 -27.5476 196.876 -0.432354 -0.54406 0.718978 -2.18173 -28.7678 196.834 -0.400709 -0.532178 0.745801 2.58439 -0.339906 45.7356 4.19761 9.72797 3.06393 -9.74061 0 3.62999 -0.868189 -6.7144 0 1 0.0548626 1 
27290635 -2.31921 -28.8709 196.834 -0.41653 -0.559313 0.716709 -3.04978 -27.63 196.853 -0.425555 -0.546252 0.72142 -1.92567 -28.6657 196.55 -0.396466 -0.534732 0.746242 2.58662 -0.337818 45.182 4.20056 9.89643 3.11698 -9.8619 0 3.62485 -0.877207 -6.72318 0 1 0.0458227 1 
27422493 -2.07607 -28.8532 196.603 -0.409801 -0.561132 0.719162 -2.78369 -27.6132 196.599 -0.418401 -0.54781 0.724329 -1.66871 -28.5099 196.217 -0.392581 -0.537239 0.746495 2.59035 -0.337312 44.6952 4.20491 9.94235 3.13145 -10.0008 0 3.61728 -0.891273 -6.73162 0 1 0.0372645 1 
27562735 -1.84147 -28.8176 196.338 -0.403304 -0.562497 0.721764 -2.50486 -27.6063 196.345 -0.412618 -0.548302 0.727342 -1.42925 -28.2974 195.857 -0.389253 -0.539483 0.746619 2.59554 -0.338498 44.2392 4.21041 9.92519 3.12604 -10.1498 0 3.6077 -0.909882 -6.73914 0 1 0.0286827 1 
27699314 -1.58642 -28.6322 196.007 -0.396506 -0.562479 0.725535 -2.35391 -27.3738 196.085 -0.40572 -0.549375 0.730361 -1.21148 -28.0633 195.526 -0.387017 -0.541053 0.746646 2.60072 -0.341195 43.7945 4.2165 9.92252 3.1252 -10.2907 0 3.59711 -0.929489 -6.74503 0 1 0.0213279 1 
27833772 -1.32478 -28.3966 195.686 -0.39028 -0.561895 0.729353 -1.9819 -27.1449 195.815 -0.398596 -0.549441 0.734203 -1.03509 -27.8184 195.235 -0.385638 -0.54199 0.746679 2.60492 -0.347436 43.396 4.2229 9.90464 3.11957 -10.4218 0 3.58597 -0.947948 -6.74531 0 1 0.015397 1 
27974977 -1.09346 -28.1317 195.376 -0.385327 -0.560696 0.7329 -1.71216 -26.9275 195.436 -0.392588 -0.548929 0.737918 -0.878659 -27.5619 194.953 -0.384784 -0.542608 0.746671 2.60937 -0.354535 43.0324 4.22902 9.87301 3.10961 -10.5463 0 3.57532 -0.966345 -6.74361 0 1 0.0113028 1 
28116553 -0.999857 -27.7772 195.079 -0.383836 -0.557472 0.736135 -1.54415 -26.6136 195.055 -0.387957 -0.547111 0.741607 -0.721003 -27.2935 194.683 -0.383795 -0.543455 0.746564 2.61632 -0.355196 42.6898 4.23702 9.87377 3.10985 -10.654 0 3.56139 -0.992365 -6.75638 0 1 0.0111043 1 
28252790 -0.790541 -27.5205 194.82 -0.377355 -0.557559 0.739413 -1.37348 -26.3966 194.795 -0.383179 -0.546531 0.744598 -0.574274 -26.9811 194.424 -0.383147 -0.543917 0.746561 2.62346 -0.361976 42.3456 4.24424 9.87053 3.10883 -10.7634 0 3.54883 -1.01735 -6.75714 0 1 0.0111591 1 
28398091 -0.639498 -27.1882 194.572 -0.373211 -0.555434 0.743106 -1.09534 -26.065 194.532 -0.378281 -0.545952 0.747466 -0.425037 -26.5971 194.166 -0.383188 -0.543592 0.746776 2.63174 -0.371073 41.9934 4.25368 9.864 3.10677 -10.8764 0 3.53239 -1.04821 -6.75775 0 1 0.0140545 1 
28533402 -0.500078 -26.8415 194.314 -0.369722 -0.553665 0.746164 -1.03154 -25.8576 194.273 -0.374009 -0.544649 0.750563 -0.307816 -26.1724 193.938 -0.384058 -0.542288 0.747277 2.64062 -0.383387 41.6275 4.26398 9.88453 3.11324 -10.9852 0 3.51447 -1.08158 -6.75424 0 1 0.0173643 1 
28678113 -0.343389 -26.4358 194.044 -0.365758 -0.55096 0.75011 -0.749236 -25.4294 193.999 -0.369877 -0.542478 0.754247 -0.210964 -25.6663 193.702 -0.386093 -0.539638 0.748147 2.6498 -0.402434 41.2459 4.27651 9.88089 3.11209 -11.1065 0 3.49265 -1.11937 -6.7429 0 1 0.0217481 1 
28818648 -0.191053 -26.0187 193.803 -0.362796 -0.547684 0.753937 -0.581274 -25.1134 193.73 -0.365127 -0.540535 0.757931 -0.135073 -25.1307 193.49 -0.389343 -0.535657 0.749322 2.65803 -0.428653 40.8974 4.29102 9.85402 3.10363 -11.2248 0 3.4674 -1.15896 -6.72253 0 1 0.0311062 1 
28954432 0.0582345 -25.6008 193.539 -0.359834 -0.543819 0.758142 -0.398919 -24.6994 193.566 -0.362132 -0.536797 0.761946 -0.0551101 -24.5595 193.29 -0.39372 -0.530558 0.750661 2.66382 -0.471987 40.5695 4.30301 9.79057 3.08364 -11.348 0 3.44653 -1.1899 -6.66797 0 1 0.0577655 1 
29125327 0.378146 -25.0143 193.188 -0.349914 -0.541324 0.764545 -0.291358 -24.0142 193.263 -0.364163 -0.526906 0.767906 0.00961283 -23.8308 193.061 -0.400307 -0.52297 0.7525 2.68517 -0.526828 41.2788 4.32192 9.04466 2.84871 -11.3595 0 3.41361 -1.25997 -6.60543 0 1 0.0554721 1 
29260534 0.363335 -24.4879 192.815 -0.375225 -0.522346 0.765742 -0.257685 -23.6477 193.022 -0.356972 -0.530723 0.768682 0.0536051 -23.2281 192.886 -0.406718 -0.515607 0.754142 2.71578 -0.554129 40.7511 4.33263 9.85521 3.104 -11.2705 0 3.39498 -1.33189 -6.57655 0 1 0.0811614 1 
29426221 0.543894 -23.9196 192.755 -0.391651 -0.50755 0.767465 -0.264614 -23.2225 193.107 -0.357391 -0.528125 0.770198 0.0821406 -22.4918 192.686 -0.415238 -0.505681 0.756217 2.74668 -0.630772 40.8431 4.35246 9.63618 3.03502 -11.3105 0 3.36047 -1.42017 -6.47766 0 1 0.0334023 1 
29626004 0.280752 -22.8013 192.762 -0.390152 -0.496923 0.775145 -1.28921 -21.6467 193.322 -0.384283 -0.496105 0.778558 0.104739 -21.5963 192.472 -0.426757 -0.49224 0.758669 2.76636 -0.700739 40.7254 4.38238 9.37378 2.95237 -11.4302 0 3.30839 -1.5065 -6.40796 0 1 0.0637076 1 
29860278 -0.425388 -21.2086 193.04 -0.411882 -0.462021 0.785423 -2.16323 -20.0196 193.328 -0.403596 -0.469678 0.785055 0.117624 -20.5428 192.235 -0.441439 -0.475177 0.761143 2.74947 -0.748714 40.5967 4.4315 8.42857 2.65467 -11.7684 0 3.22289 -1.56262 -6.40996 0 1 0.086719 1 
30284335 -0.950133 -18.7061 191.675 -0.423052 -0.4341 0.795352 -2.0731 -17.8935 191.404 -0.422131 -0.440028 0.792428 0.0868896 -18.7287 191.845 -0.467879 -0.444063 0.764132 2.55 -0.828083 46.8937 4.68838 2.7476 0.865385 -11.5744 0 2.77579 -1.66254 -6.71892 0 1 0.0676426 1 
30617688 0.661821 -19.6691 191.45 -0.423828 -0.461555 0.779318 0.161481 -19.3645 191.55 -0.429665 -0.45575 0.779523 0.0101507 -17.3125 191.499 -0.489072 -0.418402 0.765342 2.5554 -1.11161 45.4574 4.68996 2.68652 0.846149 -12.046 0 2.77303 -1.67468 -6.22819 0 1 0.0703999 1 
30826410 0.679047 -18.6688 191.318 -0.441092 -0.437121 0.783813 -0.0435617 -18.2155 191.115 -0.448103 -0.425383 0.786264 0.0172895 -16.5011 191.259 -0.500703 -0.403326 0.765914 2.61127 -1.18184 46.4798 4.76864 1.46494 0.461399 -12.1087 0 2.63609 -1.90887 -6.24289 0 1 0.080252 1 
31040137 0.344293 -17.0307 191.099 -0.454799 -0.412233 0.789444 -0.881503 -15.5657 190.954 -0.474924 -0.377346 0.795012 0.099621 -15.7071 190.988 -0.511209 -0.388576 0.766599 2.58035 -1.24833 47.3353 4.79975 0.576912 0.181705 -12.119 0 2.58195 -1.9092 -6.18132 0 1 0.0804306 1 
31337143 0.0949691 -15.4794 190.826 -0.476303 -0.382896 0.791534 -1.49908 -13.9638 190.913 -0.497931 -0.347925 0.794374 0.348478 -14.6852 190.566 -0.523523 -0.368801 0.768056 2.53916 -1.33478 48.8184 4.83825 -1.25675 -0.395826 -12.2294 0 2.51494 -1.90451 -6.09784 0 1 0.0964343 1 
31624355 0.016311 -14.3975 190.444 -0.49138 -0.358501 0.79374 -1.83438 -12.9367 190.455 -0.513836 -0.329107 0.792267 0.777148 -13.6749 190.14 -0.533981 -0.349552 0.769856 2.50985 -1.39744 49.7369 4.90635 -2.70723 -0.85267 -12.3969 0 2.39641 -1.97203 -6.10733 0 1 0.0934627 1 
31928059 0.39481 -13.4145 189.98 -0.500281 -0.340887 0.795937 -1.65014 -11.9951 189.871 -0.525411 -0.311846 0.791508 1.29609 -12.6913 189.697 -0.544 -0.32898 0.771904 2.46027 -1.47877 51.4331 5.01521 -4.94422 -1.55724 -12.5673 0 2.20693 -2.07521 -6.15524 0 1 0.0945309 1 
32157456 1.07302 -12.5572 189.598 -0.511352 -0.325552 0.795321 -1.07377 -11.3162 189.275 -0.530202 -0.30107 0.792583 1.7575 -11.9686 189.345 -0.55168 -0.312472 0.773311 2.42506 -1.52637 51.7446 5.05233 -5.73703 -1.80694 -12.7189 0 2.14233 -2.07853 -6.13699 0 1 0.094047 1 
32380378 1.57419 -11.9792 189.218 -0.515608 -0.31602 0.796417 -0.326281 -10.769 188.898 -0.528533 -0.298769 0.794576 2.21647 -11.3926 189.007 -0.558554 -0.297135 0.774421 2.37103 -1.59129 52.3242 5.04206 -6.78498 -2.137 -12.8664 0 2.16019 -1.96663 -6.00613 0 1 0.0765242 1 
32621631 2.15881 -11.277 188.749 -0.526202 -0.289706 0.799488 0.193013 -10.0612 188.384 -0.53971 -0.267075 0.798278 2.77743 -10.8762 188.621 -0.565735 -0.280295 0.775486 2.35272 -1.61912 52.9308 5.08206 -7.48147 -2.35637 -12.8947 0 2.09057 -2.00438 -6.02732 0 1 0.0973677 1 
32878701 2.67866 -10.8426 188.399 -0.531354 -0.273778 0.801691 0.66925 -9.56446 188.113 -0.545072 -0.247964 0.800826 3.45806 -10.4154 188.22 -0.572486 -0.263394 0.776456 2.29483 -1.68239 53.6366 5.06898 -8.73341 -2.75068 -13.0667 0 2.11335 -1.88083 -5.89441 0 1 0.0886152 1 
33100106 3.16289 -10.5403 188.072 -0.534406 -0.263884 0.802979 1.25663 -9.17494 187.737 -0.550182 -0.22935 0.802898 3.78542 -10.2159 188.022 -0.575486 -0.255587 0.776847 2.27386 -1.70158 54.3392 5.11125 -9.47682 -2.98482 -13.0796 0 2.03977 -1.91793 -5.93459 0 1 0.0930977 1 
33291862 3.47633 -10.3954 187.883 -0.535648 -0.259761 0.803496 1.58439 -8.86414 187.497 -0.550618 -0.22654 0.803309 4.06701 -10.0719 187.864 -0.577827 -0.249217 0.777178 2.24897 -1.72678 54.8316 5.13161 -10.0547 -3.16683 -13.1065 0 2.00434 -1.91003 -5.92617 0 1 0.0953631 1 
