3.13987 3.13987 43.0084 0.00172362 0 -21.0023 6.05499 184.878 -0.690456 0.0452027 0.721816 -20.247 6.06486 189.487 -0.657709 0.113102 0.744733 
3.13987 3.13987 43.0084 0.00172362 0 -21.0065 5.9435 184.881 -0.690456 0.0452027 0.721816 -20.247 6.06486 189.487 -0.657709 0.113102 0.744733 
3.13987 3.13987 43.0084 0.00172362 0 -21.0065 5.9435 184.881 -0.690456 0.0452027 0.721816 -20.247 6.06486 189.487 -0.657709 0.113102 0.744733 
3.13987 3.13987 43.0084 0.00172362 0 -21.0053 5.94459 184.881 -0.690583 0.0450854 0.721821 -20.247 6.06486 189.487 -0.657709 0.113102 0.744733 
3.13987 3.13987 43.0084 0.00172362 0 -21.0053 5.94572 184.881 -0.690587 0.0449634 0.721824 -20.247 6.06486 189.487 -0.657709 0.113102 0.744733 
3.13987 3.13987 43.0084 0.00172362 0 -21.0053 5.94572 184.881 -0.690587 0.0449634 0.721824 -20.247 6.06486 189.487 -0.657709 0.113102 0.744733 
3.13987 3.13987 43.0084 0.00172362 0 -21.0053 5.94572 184.881 -0.690587 0.0449634 0.721824 -20.247 6.06486 189.487 -0.657709 0.113102 0.744733 
3.13987 3.13987 43.0084 0.00172362 0 -21.0053 5.94572 184.881 -0.690587 0.0449634 0.721824 -20.247 6.06486 189.487 -0.657709 0.113102 0.744733 
3.13987 3.13987 43.0084 0.00172362 0 -21.0042 5.94572 184.882 -0.69071 0.0449643 0.721704 -20.247 6.06486 189.487 -0.657709 0.113102 0.744733 
3.13987 3.13987 43.0084 0.00172362 0 -21.0053 5.94686 184.881 -0.690592 0.0448415 0.721828 -20.247 6.06486 189.487 -0.657709 0.113102 0.744733 
3.13987 3.13987 43.0084 0.00172362 0 -21.0053 5.94686 184.881 -0.690592 0.0448415 0.721828 -20.247 6.06486 189.487 -0.657709 0.113102 0.744733 
3.13987 3.13987 43.0084 0.00172362 0 -21.0052 5.94689 184.882 -0.690593 0.0448377 0.721706 -20.247 6.06486 189.487 -0.657709 0.113102 0.744733 
3.13987 3.13987 43.0084 0.00172362 0 -21.0053 5.94572 184.881 -0.690587 0.0449634 0.721824 -20.247 6.06486 189.487 -0.657709 0.113102 0.744733 
3.13987 3.13987 43.0084 0.00172362 0 -21.0053 5.94686 184.881 -0.690592 0.0448415 0.721828 -20.247 6.06486 189.487 -0.657709 0.113102 0.744733 
3.13987 3.13987 43.0084 0.00172362 0 -21.0053 5.94686 184.881 -0.690592 0.0448415 0.721828 -20.247 6.06486 189.487 -0.657709 0.113102 0.744733 
3.13987 3.13987 43.0084 0.00172362 0 -21.0053 5.94686 184.881 -0.690592 0.0448415 0.721828 -20.247 6.06486 189.487 -0.657709 0.113102 0.744733 
3.13987 3.13987 43.0084 0.00172362 0 -21.0052 5.94799 184.881 -0.690596 0.0447196 0.721832 -20.247 6.06486 189.487 -0.657709 0.113102 0.744733 
