3.13901 3.13901 43.0386 0.00258544 -0.0381 -19.6128 5.33053 185.658 -0.698816 4.22719e-005 0.715177 -11.9862 18.3197 185.194 -0.651446 0.0444379 0.757392 
3.13901 3.13901 43.0386 0.00258544 -0.0381 -19.6128 5.33048 185.657 -0.698814 4.76977e-005 0.715299 -14.2359 18.5021 185.34 -0.658433 0.0424767 0.75144 
3.13901 3.13901 43.0386 0.00258544 -0.0381 -19.6128 5.33048 185.657 -0.698814 4.76977e-005 0.715299 -14.7355 18.5507 185.361 -0.659789 0.0399461 0.750388 
3.13901 3.13901 43.0386 0.00258544 -0.0381 -19.6127 5.3316 185.657 -0.698828 -7.34084e-005 0.715305 -14.9594 18.5702 185.362 -0.658438 0.0389144 0.751629 
3.13901 3.13901 43.0401 0.00258544 -0.0396875 -19.6128 5.33048 185.657 -0.698814 4.76977e-005 0.715299 -15.498 18.609 185.404 -0.662184 0.0379406 0.74838 
3.13901 3.13901 43.0401 0.00258544 -0.0396875 -19.6139 5.33061 185.657 -0.698692 3.33784e-005 0.715297 -17.5338 18.7344 185.525 -0.670052 0.0337814 0.741545 
3.13901 3.13901 43.0401 0.00258544 -0.0396875 -19.6138 5.33174 185.657 -0.698707 -8.77277e-005 0.715303 -17.7745 18.7329 185.535 -0.668926 0.0350782 0.742501 
3.13901 3.13901 43.0401 0.00258544 -0.0396875 -19.6138 5.33174 185.657 -0.698707 -8.77277e-005 0.715303 -17.8585 18.7464 185.537 -0.668543 0.034042 0.742894 
3.13901 3.13901 43.0401 0.00258544 -0.0396875 -19.6138 5.33169 185.656 -0.698704 -8.23019e-005 0.715425 -17.8971 18.7593 185.494 -0.665999 0.0327406 0.745234 
3.13901 3.13901 43.0401 0.00258544 -0.0396875 -19.615 5.33182 185.656 -0.698583 -9.66212e-005 0.715424 -17.931 18.7758 185.473 -0.663917 0.0310533 0.747161 
3.13901 3.13901 43.0401 0.00258544 -0.0396875 -19.6138 5.33169 185.656 -0.698704 -8.23019e-005 0.715425 -17.9464 18.7673 185.456 -0.662663 0.0319869 0.748234 
3.13901 3.13901 43.0401 0.00258544 -0.0396875 -19.615 5.33182 185.656 -0.698583 -9.66212e-005 0.715424 -17.9872 18.7587 185.444 -0.659843 0.032979 0.75068 
3.13901 3.13901 43.0401 0.00258544 -0.0396875 -19.615 5.33182 185.656 -0.698583 -9.66212e-005 0.715424 -18.0162 18.7612 185.413 -0.65663 0.0327143 0.753503 
3.13901 3.13901 43.0401 0.00258544 -0.0396875 -19.615 5.33182 185.656 -0.698583 -9.66212e-005 0.715424 -18.0323 18.7712 185.401 -0.655099 0.0316577 0.754879 
3.13901 3.13901 43.0401 0.00258544 -0.0396875 -19.615 5.33182 185.656 -0.698583 -9.66212e-005 0.715424 -18.0416 18.7779 185.41 -0.655136 0.0309909 0.754875 
3.13901 3.13901 43.0401 0.00258544 -0.0396875 -19.615 5.33182 185.656 -0.698583 -9.66212e-005 0.715424 -18.0473 18.7808 185.411 -0.654899 0.0306968 0.755093 
3.13901 3.13901 43.0401 0.00258544 -0.0396875 -19.6161 5.3319 185.654 -0.69846 -0.000105515 0.715544 -18.0558 18.7885 185.389 -0.653211 0.0298362 0.756588 
3.13901 3.13901 43.0401 0.00258544 -0.0396875 -19.615 5.33177 185.654 -0.698581 -9.11954e-005 0.715545 -18.0687 18.8023 185.365 -0.651157 0.0283316 0.758414 
3.13901 3.13901 43.0401 0.00258544 -0.0396875 -19.6161 5.3319 185.654 -0.69846 -0.000105515 0.715544 -18.1016 18.8185 185.343 -0.647945 0.0266072 0.761223 
