3.13987 3.14016 43.002 0.00172362 -0.0015875 -21.1421 6.11965 185.042 -0.692793 0.0424592 0.719888 -20.2465 6.05979 189.481 -0.657703 0.112947 0.744762 
3.13987 3.14016 43.002 0.00172362 -0.0015875 -21.1433 6.1197 185.042 -0.692671 0.0424538 0.719887 -20.2465 6.05979 189.481 -0.657703 0.112947 0.744762 
3.13987 3.14016 43.002 0.00172362 -0.0015875 -21.1433 6.11967 185.04 -0.69267 0.0424577 0.720009 -20.2465 6.05979 189.481 -0.657703 0.112947 0.744762 
3.13987 3.14016 43.002 0.00172362 -0.0015875 -21.1432 6.12084 185.042 -0.692676 0.0423319 0.71989 -20.2465 6.05979 189.481 -0.657703 0.112947 0.744762 
3.13987 3.14016 43.002 0.00172362 -0.0015875 -21.1433 6.1197 185.042 -0.692671 0.0424538 0.719887 -20.2465 6.05979 189.481 -0.657703 0.112947 0.744762 
3.13987 3.14016 43.002 0.00172362 -0.0015875 -21.1433 6.1197 185.042 -0.692671 0.0424538 0.719887 -20.2465 6.05979 189.481 -0.657703 0.112947 0.744762 
3.13987 3.14016 43.002 0.00172362 -0.0015875 -21.1433 6.1197 185.042 -0.692671 0.0424538 0.719887 -20.2465 6.05979 189.481 -0.657703 0.112947 0.744762 
3.13987 3.14016 43.002 0.00172362 -0.0015875 -21.1433 6.1197 185.042 -0.692671 0.0424538 0.719887 -20.2465 6.05979 189.481 -0.657703 0.112947 0.744762 
3.13987 3.14016 43.002 0.00172362 -0.0015875 -21.1421 6.12079 185.041 -0.692798 0.0423373 0.719892 -20.2465 6.05979 189.481 -0.657703 0.112947 0.744762 
3.13987 3.14016 43.002 0.00172362 -0.0015875 -21.1432 6.12197 185.041 -0.692681 0.04221 0.719894 -20.2465 6.05979 189.481 -0.657703 0.112947 0.744762 
3.13987 3.14016 43.002 0.00172362 -0.0015875 -21.142 6.12192 185.041 -0.692803 0.0422154 0.719895 -20.2465 6.05979 189.481 -0.657703 0.112947 0.744762 
3.13987 3.14016 43.002 0.00172362 -0.0015875 -21.147 6.01046 185.045 -0.692803 0.0422154 0.719895 -20.2465 6.05979 189.481 -0.657703 0.112947 0.744762 
3.13987 3.14016 43.002 0.00172362 -0.0015875 -21.1469 6.0105 185.046 -0.692805 0.0422115 0.719773 -20.2465 6.05979 189.481 -0.657703 0.112947 0.744762 
3.13987 3.14016 43.002 0.00172362 -0.0015875 -21.1469 6.0105 185.046 -0.692805 0.0422115 0.719773 -20.2465 6.05979 189.481 -0.657703 0.112947 0.744762 
3.13987 3.14016 43.002 0.00172362 -0.0015875 -21.1469 6.0105 185.046 -0.692805 0.0422115 0.719773 -20.2465 6.05979 189.481 -0.657703 0.112947 0.744762 
3.13987 3.14016 43.002 0.00172362 -0.0015875 -21.1469 6.0105 185.046 -0.692805 0.0422115 0.719773 -20.2465 6.05979 189.481 -0.657703 0.112947 0.744762 
3.13987 3.14016 43.002 0.00172362 -0.0015875 -21.1469 6.01163 185.046 -0.69281 0.0420896 0.719777 -20.3673 6.26862 188.286 -0.667219 0.100391 0.738065 
3.13987 3.14016 43.002 0.00172362 -0.0015875 -21.1469 6.01163 185.046 -0.69281 0.0420896 0.719777 -20.3832 6.59042 187.259 -0.673941 0.0920052 0.733034 
3.13987 3.14016 43.002 0.00172362 -0.0015875 -21.1469 6.01163 185.046 -0.69281 0.0420896 0.719777 -20.3209 6.92284 186.341 -0.676179 0.0897184 0.731254 
3.13987 3.14016 43.002 0.00172362 -0.0015875 -21.148 6.01165 185.045 -0.692687 0.0420881 0.719898 -20.2339 7.24493 185.989 -0.676099 0.0894872 0.731357 
3.13987 3.14016 43.002 0.00172362 -0.0015875 -21.1469 6.01273 185.045 -0.692814 0.0419716 0.719903 -20.1404 7.53195 185.854 -0.6745 0.0898124 0.732791 
3.13987 3.14016 43.002 0.00172362 -0.0015875 -21.148 6.01165 185.045 -0.692687 0.0420881 0.719898 -20.0506 7.76738 185.769 -0.674801 0.0905172 0.732428 
3.13987 3.14016 43.002 0.00172362 -0.0015875 -21.148 6.01161 185.044 -0.692686 0.042092 0.72002 -20.0371 7.8891 185.721 -0.675283 0.0909321 0.731932 
3.13987 3.14016 43.002 0.00172362 -0.0015875 -21.148 6.01161 185.044 -0.692686 0.042092 0.72002 -20.0371 7.8891 185.721 -0.675283 0.0909321 0.731932 
