-2.93993 2.16056 62.1298 0.71674 -13.2826 -22.2584 6.17172 186.632 -0.691164 0.257987 0.674936 -20.4271 2.54706 190.918 -0.72825 0.214621 0.650838 0
-2.82674 2.08702 65.1842 0.800911 -14.9527 -20.2818 6.61469 187.626 -0.689494 0.273249 0.670688 -18.116 1.67583 192.21 -0.734606 0.205094 0.646754 0
-2.62623 2.3447 66.9542 0.57052 -13.0651 -16.2724 3.18143 191.552 -0.67891 0.255427 0.688282 -14.8382 -4.96999 196.178 -0.733999 0.15518 0.661184 0
-2.42945 2.74573 70.2213 0.186151 -13.4683 -16.7318 -5.87099 194.174 -0.704028 0.183915 0.685899 -17.7432 -14.5875 197.474 -0.762743 0.114005 0.636574 0
-2.36395 2.93189 71.585 6.24871 -14.2002 -19.173 -10.3026 194.275 -0.716428 0.185263 0.6726 -22.3833 -17.5206 196.77 -0.78247 0.132499 0.608428 0
-2.63083 3.08615 69.0259 6.03326 -17.2085 -27.2813 -9.1588 188.87 -0.739107 0.218612 0.637032 -30.4244 -8.5658 191.258 -0.792485 0.216276 0.570256 0
2.79256 -2.53603 56.3958 5.41419 -3.24961 -19.6671 15.6071 189.297 -0.654432 0.329696 0.680311 -12.4963 12.4194 197.043 -0.671963 0.214554 0.708824 0
2.65927 -1.41854 62.2489 4.23782 -2.53048 -15.7453 9.24741 198.216 -0.638511 0.34481 0.687947 -13.9661 -4.9079 203.047 -0.703004 0.153402 0.694445 0
2.57251 -1.16345 63.6887 3.97956 -5.20859 -17.021 3.59045 196.983 -0.652407 0.31297 0.690054 -17.4879 -10.9479 200.987 -0.728372 0.127157 0.67328 0
2.53344 -1.054 64.9349 3.88218 -7.75811 -18.9212 0.65618 195.637 -0.67226 0.286644 0.682521 -20.3143 -13.6031 198.718 -0.749292 0.110404 0.652973 0
2.51333 -1.00114 65.2794 3.82846 -9.79011 -19.6862 -0.398354 193.946 -0.678705 0.282559 0.677759 -21.7368 -14.7427 196.542 -0.756892 0.106765 0.64476 0
2.51103 -0.964368 65.4302 3.7802 -11.5237 -20.321 -0.902773 192.211 -0.678657 0.289336 0.674945 -22.8694 -14.8226 194.68 -0.760327 0.114941 0.63929 0
2.51879 -0.94311 65.3588 3.73797 -13.0334 -20.764 -0.574737 190.656 -0.675516 0.301306 0.672872 -23.6227 -14.1728 193.019 -0.759276 0.132059 0.637228 0
2.53229 -0.948281 65.0762 3.70838 -14.2605 -20.8935 -0.0342813 189.178 -0.665856 0.32229 0.672814 -23.7905 -12.8601 191.671 -0.751576 0.159862 0.639982 0
2.60985 -0.981317 64.4857 3.75664 -15.5003 -20.8488 -0.0363448 187.514 -0.674823 0.304034 0.672396 -22.5454 -10.2783 190.422 -0.746348 0.16287 0.645321 0
2.68943 -1.07727 64.7063 3.87241 -15.8845 -20.7013 0.231178 186.965 -0.693026 0.26117 0.671916 -20.9589 -7.15292 190.707 -0.743779 0.168318 0.646886 0
2.74487 -1.17436 65.87 3.97094 -17.1514 -20.2045 4.77531 186.187 -0.683197 0.305789 0.663052 -20.4319 -4.21695 190.448 -0.745969 0.186785 0.63925 0
2.74114 -1.04222 69.5165 3.85058 -19.4881 -22.779 5.94793 186.239 -0.703668 0.323322 0.632669 -24.5677 -5.27703 190.335 -0.781794 0.188252 0.59444 0
2.46794 -0.554433 64.9603 3.28178 -13.4255 -27.3016 -1.09324 188.282 -0.691546 0.335544 0.639613 -34.4681 -13.6442 190.141 -0.795981 0.182603 0.577123 0
2.14706 -0.469688 59.6216 3.12809 -8.63124 -33.4488 -9.29387 187.56 -0.698973 0.29106 0.653079 -42.2153 -17.6584 187.866 -0.804478 0.166284 0.570232 0
1.80463 -0.527142 54.1892 3.11085 -3.49409 -40.3208 -14.8126 185.864 -0.716371 0.242498 0.654139 -48.4952 -19.3473 186.122 -0.809435 0.159417 0.565157 0
1.40648 -0.710421 49.6727 3.19905 0.84455 -46.6336 -18.6405 183.957 -0.734222 0.209382 0.645846 -53.0935 -20.53 184.707 -0.812504 0.15288 0.562552 0
1.32575 -0.750638 48.6535 3.22117 1.81769 -48.0702 -19.6079 183.37 -0.739548 0.197015 0.643569 -53.8453 -20.5858 184.491 -0.812119 0.151319 0.563529 0
1.29473 -0.7673 48.317 3.23065 2.16059 -48.4479 -19.9829 183.28 -0.740579 0.193567 0.643466 -54.1488 -20.5999 184.431 -0.812049 0.151534 0.563573 0
1.27261 -0.784249 48.0233 3.23869 2.47491 -48.7025 -20.2682 183.186 -0.741511 0.190962 0.643209 -54.2746 -20.6009 184.463 -0.810768 0.15295 0.565032 0
1.26284 -0.791718 47.8646 3.24214 2.63366 -48.8307 -20.3605 183.075 -0.741256 0.189967 0.64373 -54.3149 -20.6007 184.479 -0.810104 0.153356 0.565875 0
1.26083 -0.793154 47.8201 3.24271 2.67811 -48.8301 -20.356 183.073 -0.741313 0.189487 0.64387 -54.3194 -20.5968 184.485 -0.809934 0.153386 0.566109 0
1.25997 -0.793729 47.8026 3.243 2.69557 -48.8441 -20.4632 183.078 -0.741235 0.189109 0.643883 -54.3217 -20.5978 184.487 -0.809883 0.15336 0.566189 0
1.25997 -0.793729 47.7963 3.243 2.70192 -48.844 -20.4621 183.076 -0.741248 0.188992 0.64401 -54.3179 -20.5988 184.489 -0.809863 0.153297 0.566235 0
1.25997 -0.793729 47.7915 3.243 2.70669 -48.8438 -20.4599 183.075 -0.741275 0.188755 0.644141 -54.315 -20.5996 184.491 -0.809848 0.153251 0.566269 0
1.24647 -0.802922 47.5121 3.2476 2.8702 -48.9695 -20.5515 183.078 -0.741101 0.188129 0.644406 -54.3457 -20.6106 184.408 -0.809031 0.152832 0.567549 0
1.22636 -0.808954 46.993 3.25277 2.88131 -49.0007 -20.7422 182.74 -0.741153 0.183508 0.645675 -54.3983 -20.6766 183.935 -0.809067 0.148658 0.568605 0
1.21745 -0.825329 46.6819 3.2565 2.8956 -49.1405 -20.9297 182.298 -0.741625 0.179529 0.646316 -54.2663 -20.6004 183.773 -0.805699 0.151749 0.572556 0
1.21516 -0.839405 46.385 3.25822 3.02101 -48.9428 -20.9618 182.049 -0.739419 0.179239 0.648858 -54.0241 -20.5195 183.77 -0.801808 0.154655 0.577222 0
1.21142 -0.847161 46.1183 3.2588 3.24961 -48.7405 -20.8904 182.118 -0.73572 0.181032 0.652646 -53.8966 -20.4478 183.836 -0.799568 0.155685 0.580045 0
1.20884 -0.84946 45.9945 3.25937 3.35915 -48.6327 -20.8031 182.098 -0.733973 0.182115 0.65429 -53.8602 -20.4405 183.854 -0.798985 0.155339 0.580941 0
1.20884 -0.84946 45.9818 3.25937 3.37185 -48.6374 -20.8038 182.093 -0.733466 0.182196 0.654768 -53.8527 -20.4426 183.858 -0.798946 0.155211 0.581029 0
1.20884 -0.84946 45.9738 3.25937 3.37979 -48.6391 -20.7995 182.2 -0.733095 0.18217 0.655252 -53.8481 -20.444 183.861 -0.798922 0.15513 0.581083 0
1.20884 -0.84946 45.9675 3.25937 3.38614 -48.6413 -20.7982 182.198 -0.732864 0.182028 0.655498 -53.8443 -20.445 183.862 -0.798903 0.155066 0.581127 0
1.20884 -0.84946 45.9659 3.25937 3.38772 -48.6413 -20.7982 182.197 -0.732862 0.182033 0.65562 -53.8434 -20.4453 183.863 -0.798898 0.15505 0.581138 0
1.20884 -0.84946 45.9659 3.25937 3.38772 -48.6424 -20.7981 182.197 -0.732741 0.182018 0.655619 -53.8434 -20.4453 183.863 -0.798898 0.15505 0.581138 0
1.20711 -0.84946 45.877 3.25937 3.44487 -48.6423 -20.797 182.196 -0.732753 0.181902 0.655745 -53.8333 -20.4418 183.845 -0.798838 0.154316 0.581415 0
1.20711 -0.84946 45.8643 3.25937 3.45281 -48.6433 -20.7958 182.194 -0.732645 0.18177 0.655871 -53.8258 -20.4439 183.844 -0.7988 0.154188 0.581502 0
1.20711 -0.84946 45.858 3.25937 3.45757 -48.6445 -20.7957 182.193 -0.732522 0.18176 0.655991 -53.822 -20.445 183.845 -0.79878 0.154123 0.581546 0
1.20711 -0.84946 45.8468 3.25937 3.46392 -48.6455 -20.7945 182.192 -0.732413 0.181629 0.656117 -53.8154 -20.4469 183.844 -0.798747 0.154011 0.581622 0
1.20711 -0.84946 45.8405 3.25937 3.47027 -48.6455 -20.7945 182.192 -0.732413 0.181629 0.656117 -53.8117 -20.4479 183.846 -0.798727 0.153947 0.581666 0
1.20711 -0.84946 45.8373 3.25937 3.47345 -48.6598 -20.904 182.195 -0.732305 0.181498 0.656242 -53.8098 -20.4485 183.846 -0.798717 0.153915 0.581688 0
1.20711 -0.84946 45.8357 3.25937 3.47504 -48.6597 -20.9029 182.194 -0.732318 0.181381 0.656369 -53.8089 -20.4487 183.847 -0.798713 0.153899 0.581699 0
1.20711 -0.84946 45.8341 3.25937 3.47662 -48.6595 -20.9018 182.194 -0.732332 0.18126 0.656373 -53.8079 -20.449 183.847 -0.798708 0.153883 0.58171 0
1.20682 -0.84946 45.8151 3.25937 3.48456 -48.6594 -20.9006 182.194 -0.732347 0.181139 0.656378 -53.8037 -20.4491 183.84 -0.798685 0.153718 0.581785 0
1.20223 -0.850034 45.6246 3.25995 3.52266 -48.6496 -20.7893 182.076 -0.732159 0.180634 0.656638 -53.7881 -20.4543 183.714 -0.79863 0.15206 0.582296 0
1.20108 -0.850321 45.5738 3.26024 3.53854 -48.6515 -20.7858 182.072 -0.731954 0.180255 0.657015 -53.7784 -20.4618 183.688 -0.798585 0.151567 0.582486 0
1.20108 -0.850321 45.5658 3.26024 3.54171 -48.6658 -20.8953 182.075 -0.731846 0.180124 0.65714 -53.7737 -20.4631 183.686 -0.79856 0.151486 0.582541 0
1.19505 -0.849747 45.5277 3.26138 3.57822 -48.6691 -20.8936 181.96 -0.731671 0.179502 0.657527 -53.878 -20.4729 183.645 -0.799484 0.150498 0.581529 0
1.18643 -0.848885 45.4754 3.26397 3.60045 -48.6705 -20.8958 181.958 -0.731517 0.179739 0.65776 -54.008 -20.5371 183.557 -0.800962 0.148322 0.580052 0
1.18126 -0.850321 45.4341 3.26569 3.61791 -48.7813 -20.8824 181.96 -0.731519 0.179734 0.657638 -54.0632 -20.5599 183.515 -0.801347 0.14772 0.579674 0
1.18097 -0.850609 45.4341 3.26598 3.61791 -48.7827 -20.8842 181.849 -0.731548 0.179492 0.657648 -54.0628 -20.5644 183.515 -0.801353 0.147657 0.579682 0
1.18097 -0.850609 45.4325 3.26598 3.6195 -48.7826 -20.8831 181.849 -0.731562 0.179371 0.657652 -54.0619 -20.5646 183.515 -0.801348 0.147641 0.579693 0
1.18097 -0.850609 45.4309 3.26598 3.62109 -48.7946 -20.9928 181.853 -0.731698 0.179265 0.657658 -54.061 -20.5649 183.516 -0.801343 0.147625 0.579704 0
1.1781 -0.851758 45.4198 3.26713 3.63061 -48.7942 -20.9894 181.853 -0.731742 0.178901 0.657672 -54.0922 -20.5813 183.502 -0.801539 0.147425 0.579484 0
1.1781 -0.851758 45.4198 3.26713 3.63061 -48.7941 -20.9883 181.854 -0.731758 0.178776 0.657555 -54.0922 -20.5813 183.502 -0.801539 0.147425 0.579484 0
1.1781 -0.851758 45.4198 3.26713 3.63061 -48.7929 -20.9884 181.855 -0.731881 0.178786 0.657434 -54.0922 -20.5813 183.502 -0.801539 0.147425 0.579484 0
1.1781 -0.851758 45.4198 3.26713 3.63061 -48.7918 -20.9885 181.855 -0.732002 0.1788 0.657435 -54.0922 -20.5813 183.502 -0.801539 0.147425 0.579484 0
1.1781 -0.851758 45.4198 3.26713 3.63061 -48.9026 -20.9752 181.856 -0.732002 0.1788 0.657435 -54.0922 -20.5813 183.502 -0.801539 0.147425 0.579484 0
1.1781 -0.851758 45.4198 3.26713 3.63061 -48.9025 -20.974 181.856 -0.732017 0.178679 0.65744 -54.0922 -20.5813 183.502 -0.801539 0.147425 0.579484 0
1.1781 -0.851758 45.4198 3.26713 3.63061 -48.9025 -20.974 181.856 -0.732017 0.178679 0.65744 -54.0922 -20.5813 183.502 -0.801539 0.147425 0.579484 0
1.1781 -0.851758 45.4182 3.26713 3.6322 -48.9025 -20.974 181.856 -0.732017 0.178679 0.65744 -54.0912 -20.5816 183.503 -0.801534 0.147409 0.579495 0
1.1781 -0.851758 45.4166 3.26713 3.63379 -48.9025 -20.974 181.856 -0.732017 0.178679 0.65744 -54.0903 -20.5819 183.503 -0.801529 0.147393 0.579505 0
1.1781 -0.851758 45.4166 3.26713 3.63379 -48.9025 -20.974 181.857 -0.732019 0.178675 0.657318 -54.0903 -20.5819 183.503 -0.801529 0.147393 0.579505 0
1.16718 -0.850321 45.423 3.26972 3.70681 -48.9023 -20.9729 181.857 -0.732033 0.178554 0.657323 -54.3109 -20.6173 183.485 -0.803582 0.145747 0.577074 0
1.15454 -0.854918 45.4579 3.27431 3.81159 -49.0172 -20.9739 181.858 -0.7316 0.180103 0.657382 -54.5051 -20.6536 183.544 -0.804733 0.145841 0.575443 0
1.1442 -0.862387 45.4309 3.27862 3.91319 -49.136 -20.9796 181.965 -0.730556 0.182586 0.658008 -54.5912 -20.6725 183.594 -0.804612 0.146734 0.575386 0
1.13472 -0.870718 45.3976 3.28236 4.01638 -49.1562 -21.1 181.965 -0.729812 0.183621 0.658448 -54.6532 -20.661 183.655 -0.804057 0.148267 0.575768 0
1.12696 -0.879048 45.3357 3.28523 4.17195 -49.2591 -21.0782 181.973 -0.730667 0.182713 0.657761 -54.6707 -20.6227 183.762 -0.803076 0.15002 0.576682 0
1.12064 -0.88939 45.3388 3.28753 4.39737 -49.4924 -21.2552 182.106 -0.732086 0.18124 0.656615 -54.6851 -20.5304 184.006 -0.801467 0.153747 0.577939 0
1.11633 -0.895997 45.3134 3.28839 4.63074 -49.4923 -21.2547 182.327 -0.731738 0.182067 0.656824 -54.6927 -20.4424 184.232 -0.800222 0.156303 0.578977 0
1.11145 -0.899445 45.2357 3.28925 4.80695 -49.6046 -21.245 182.439 -0.731392 0.18289 0.65691 -54.7125 -20.3973 184.34 -0.799756 0.156865 0.579469 0
1.11145 -0.899445 45.2325 3.28925 4.81806 -49.6019 -21.2418 182.44 -0.73168 0.182552 0.656805 -54.7106 -20.3979 184.349 -0.799747 0.156832 0.57949 0
1.1103 -0.900594 45.2087 3.28925 4.87839 -49.6122 -21.3471 182.447 -0.732001 0.181962 0.656465 -54.7122 -20.3724 184.391 -0.799497 0.157225 0.579728 0
1.10743 -0.90203 45.1372 3.28982 4.98316 -49.6095 -21.3439 182.449 -0.73229 0.181619 0.656237 -54.7102 -20.3619 184.434 -0.799323 0.156948 0.580043 0
1.10714 -0.902605 45.1134 3.28982 5.01015 -49.6052 -21.3366 182.563 -0.73258 0.181276 0.65601 -54.6979 -20.3523 184.446 -0.799133 0.156992 0.580292 0
1.10714 -0.902605 45.1039 3.28982 5.01967 -49.7144 -21.32 182.565 -0.732747 0.180923 0.655903 -54.6923 -20.354 184.449 -0.799108 0.156891 0.580355 0
1.10714 -0.902605 45.096 3.28982 5.02761 -49.7129 -21.3167 182.565 -0.732912 0.180574 0.655919 -54.6876 -20.3555 184.452 -0.799086 0.156808 0.580407 0
1.10714 -0.902605 45.088 3.28982 5.03555 -49.7126 -21.3145 182.565 -0.732941 0.180332 0.655928 -54.6829 -20.3569 184.454 -0.799065 0.156724 0.580459 0
1.10714 -0.902605 45.0833 3.28982 5.04031 -49.7123 -21.3122 182.565 -0.73297 0.180089 0.655937 -54.6802 -20.3578 184.456 -0.799052 0.156674 0.58049 0
1.10427 -0.904903 45.0134 3.2904 5.14668 -49.7228 -21.4187 182.571 -0.733274 0.179625 0.655714 -54.671 -20.3352 184.507 -0.798645 0.15681 0.581014 0
1.10111 -0.906914 44.9404 3.29069 5.26574 -49.8329 -21.3997 182.572 -0.733347 0.17902 0.655738 -54.6745 -20.2978 184.566 -0.798293 0.15703 0.581438 0
1.09795 -0.90835 44.8499 3.29155 5.3721 -49.7219 -21.4108 182.571 -0.733376 0.178777 0.655747 -54.6609 -20.3044 184.595 -0.798142 0.156336 0.581832 0
1.09565 -0.910935 44.7848 3.29184 5.5118 -49.8305 -21.3889 182.682 -0.733432 0.178297 0.655887 -54.6444 -20.2682 184.689 -0.797554 0.156819 0.582507 0
1.0922 -0.914095 44.7372 3.29184 5.76897 -49.8297 -21.3825 182.791 -0.733336 0.17805 0.656139 -54.6631 -20.1908 184.908 -0.796932 0.15808 0.583018 0
1.08703 -0.916106 44.5943 3.2927 6.0071 -49.8331 -21.3825 182.9 -0.732788 0.178489 0.656481 -54.6572 -20.1722 185.02 -0.796702 0.15726 0.583554 0
1.08387 -0.918692 44.5006 3.29327 6.15474 -49.8324 -21.3773 183.009 -0.732677 0.178362 0.656729 -54.6364 -20.1417 185.096 -0.796173 0.157269 0.584273 0
1.08359 -0.918979 44.4848 3.29327 6.18014 -49.8323 -21.3761 183.009 -0.732692 0.178241 0.656733 -54.6306 -20.137 185.11 -0.796083 0.157257 0.5844 0
1.08359 -0.918979 44.4848 3.29327 6.1849 -49.82 -21.2642 183.003 -0.732583 0.17811 0.656859 -54.6306 -20.137 185.115 -0.796083 0.157257 0.5844 0
1.08359 -0.918979 44.4816 3.29327 6.19125 -49.821 -21.263 183.002 -0.732475 0.177979 0.656984 -54.6288 -20.1376 185.119 -0.796074 0.157223 0.58442 0
1.08359 -0.918979 44.4784 3.29327 6.19601 -49.8343 -21.3737 183.005 -0.732473 0.177983 0.657106 -54.6269 -20.1382 185.122 -0.796066 0.157189 0.58444 0
1.08359 -0.918979 44.4705 3.29327 6.20395 -49.8325 -21.3685 183.117 -0.732488 0.177862 0.657111 -54.6223 -20.1397 185.124 -0.796045 0.157104 0.584491 0
1.08359 -0.918979 44.4641 3.29327 6.2103 -49.8325 -21.3685 183.117 -0.732488 0.177862 0.657111 -54.6186 -20.1409 185.126 -0.796029 0.157036 0.584532 0
1.08359 -0.918979 44.4609 3.29327 6.21347 -49.8323 -21.3674 183.117 -0.732502 0.177741 0.657115 -54.6168 -20.1414 185.127 -0.79602 0.157002 0.584553 0
1.08359 -0.918979 44.4594 3.29327 6.21506 -49.8189 -21.2555 183.113 -0.732517 0.17762 0.65712 -54.6158 -20.1417 185.128 -0.796016 0.156985 0.584563 0
1.08359 -0.918979 44.4594 3.29327 6.21506 -49.8322 -21.3663 183.117 -0.732517 0.17762 0.65712 -54.6158 -20.1417 185.128 -0.796016 0.156985 0.584563 0
1.08359 -0.918979 44.4594 3.29327 6.21506 -49.8322 -21.3663 183.117 -0.732517 0.17762 0.65712 -54.6158 -20.1417 185.128 -0.796016 0.156985 0.584563 0
1.08359 -0.918979 44.461 3.29327 6.21506 -49.8321 -21.3652 183.117 -0.732531 0.177499 0.657125 -54.6168 -20.1414 185.129 -0.79602 0.157002 0.584553 0
1.08359 -0.918979 44.461 3.29327 6.21506 -49.8321 -21.3652 183.117 -0.732531 0.177499 0.657125 -54.6168 -20.1414 185.129 -0.79602 0.157002 0.584553 0
1.08359 -0.918979 44.461 3.29327 6.21506 -49.8332 -21.3651 183.116 -0.732408 0.177488 0.657245 -54.6168 -20.1414 185.129 -0.79602 0.157002 0.584553 0
1.08359 -0.918979 44.461 3.29327 6.21506 -49.8332 -21.3651 183.116 -0.732408 0.177488 0.657245 -54.6168 -20.1414 185.129 -0.79602 0.157002 0.584553 0
1.0833 -0.919266 44.4673 3.29327 6.223 -49.8332 -21.3651 183.116 -0.732408 0.177488 0.657245 -54.624 -20.1327 185.141 -0.795988 0.157227 0.584536 0
1.08215 -0.922714 44.5022 3.29327 6.3627 -49.8198 -21.2532 183.111 -0.732423 0.177367 0.65725 -54.6364 -20.06 185.318 -0.795235 0.159277 0.585006 0
1.08071 -0.92415 44.4895 3.29327 6.4897 -49.8202 -21.2569 183.223 -0.7322 0.1782 0.657216 -54.6464 -20.0245 185.434 -0.794938 0.159934 0.58523 0
1.08071 -0.92415 44.4848 3.29327 6.50399 -49.9307 -21.2416 183.335 -0.732048 0.178433 0.657327 -54.6436 -20.0254 185.445 -0.794926 0.159883 0.58526 0
1.08071 -0.92415 44.4832 3.29327 6.51192 -49.931 -21.2439 183.335 -0.732019 0.178675 0.657318 -54.6427 -20.0257 185.452 -0.794922 0.159866 0.58527 0
1.08071 -0.92415 44.4832 3.29327 6.51669 -49.9311 -21.245 183.334 -0.732002 0.1788 0.657435 -54.6427 -20.0257 185.457 -0.794922 0.159866 0.58527 0
1.08071 -0.92415 44.4816 3.29327 6.52145 -49.9322 -21.2449 183.334 -0.731881 0.178786 0.657434 -54.6418 -20.026 185.46 -0.794918 0.159849 0.585281 0
1.08071 -0.92415 44.4784 3.29327 6.52621 -49.9324 -21.246 183.334 -0.731866 0.178907 0.65743 -54.6399 -20.0266 185.463 -0.79491 0.159815 0.585301 0
1.08071 -0.92415 44.4737 3.29327 6.53097 -49.9324 -21.2461 183.333 -0.731865 0.178911 0.657552 -54.6372 -20.0275 185.464 -0.794898 0.159764 0.585331 0
1.08071 -0.92415 44.4689 3.29327 6.53574 -49.9318 -21.2418 183.444 -0.731743 0.178897 0.65755 -54.6344 -20.0284 185.466 -0.794886 0.159713 0.585362 0
1.08071 -0.925012 44.4546 3.29327 6.55002 -49.9308 -21.2431 183.444 -0.73185 0.179032 0.657547 -54.6166 -20.019 185.476 -0.794603 0.15997 0.585675 0
1.08129 -0.935066 44.2736 3.29327 6.57066 -49.932 -21.243 183.443 -0.731727 0.179022 0.657668 -54.4041 -19.9221 185.44 -0.7911 0.162669 0.58966 0
1.10887 -0.979019 42.775 3.28724 7.28504 -49.0129 -20.8786 183.273 -0.716161 0.18646 0.672553 -52.6159 -19.6382 185.567 -0.77025 0.167526 0.615346 0
1.6271 -0.657563 43.6561 3.11488 3.61474 -42.9463 -18.43 182.651 -0.700165 0.155816 0.696763 -45.9975 -18.7322 185.027 -0.758305 0.130022 0.638801 0
1.72535 -0.595512 44.7197 3.08988 1.68751 -41.1371 -17.3761 182.144 -0.699539 0.162106 0.695912 -44.827 -18.5333 184.515 -0.758835 0.128487 0.638482 0
1.65152 -0.602694 46.4898 3.14389 -1.1684 -41.8477 -18.4694 180.519 -0.713259 0.150277 0.68458 -46.7119 -20.5702 182.232 -0.783485 0.107116 0.612109 0
1.61274 -0.617632 47.2597 3.16687 -1.60972 -42.4483 -19.2218 180.06 -0.719175 0.152816 0.677736 -47.6179 -21.3174 182.034 -0.792118 0.10379 0.601479 0
1.58056 -0.627399 47.6471 3.15452 -1.75101 -43.1822 -19.1762 180.235 -0.723484 0.158399 0.671856 -48.8848 -20.4875 181.908 -0.79496 0.12249 0.594168 0
1.49955 -0.536909 44.2292 2.99078 0.744537 -47.3718 -14.5048 179.173 -0.727128 0.21358 0.652426 -52.3108 -13.6059 180.857 -0.789917 0.177981 0.586816 0
0.0114908 -1.09163 33.4516 3.34211 14.6622 -59.1528 -6.23847 177.633 -0.770333 0.211642 0.601355 -60.2547 -2.2416 181.574 -0.791776 0.242035 0.560811 0
0.027578 -1.20137 27.8716 3.40559 14.6494 -54.9011 -9.99244 174.779 -0.743935 0.136184 0.654164 -56.0624 -6.19226 178.205 -0.766008 0.173453 0.618988 0
0.0321743 -1.15942 29.348 3.41191 12.3428 -55.6854 -10.6103 172.917 -0.754859 0.133342 0.642095 -56.9969 -6.86563 176.799 -0.779521 0.168121 0.603392 0
0.0344725 -1.09996 31.6054 3.41795 10.2505 -57.3909 -11.1631 172.168 -0.772333 0.140356 0.619504 -58.5459 -7.56362 176.017 -0.799379 0.16297 0.578303 0
0.0341852 -1.07612 32.1404 3.41996 9.48372 -57.913 -11.5039 171.739 -0.782399 0.134362 0.608147 -58.9702 -7.84419 175.505 -0.805989 0.157518 0.570587 0
0.0367707 -1.06951 32.415 3.42254 8.78205 -58.1449 -11.8018 171.24 -0.786501 0.131352 0.603433 -59.1338 -8.08772 174.96 -0.808553 0.154898 0.567669 0
0.0419415 -1.07123 32.6373 3.42369 8.26929 -58.3824 -12.0024 170.715 -0.78856 0.129786 0.601078 -59.2193 -8.23123 174.608 -0.809151 0.155522 0.566645 0
0.0459633 -1.0787 32.7865 3.42513 7.99624 -58.504 -12.1072 170.505 -0.789193 0.129707 0.600235 -59.2377 -8.31364 174.475 -0.808486 0.157667 0.567002 0
0.0462506 -1.07928 32.7976 3.42513 7.9756 -58.503 -12.1085 170.507 -0.789302 0.129838 0.60011 -59.2399 -8.31287 174.465 -0.808415 0.157924 0.567032 0
0.0462506 -1.07928 32.8039 3.42513 7.96607 -58.5036 -12.1126 170.396 -0.789425 0.129849 0.599989 -59.2439 -8.31194 174.46 -0.808438 0.157981 0.566983 0
0.0462506 -1.07928 32.8103 3.42513 7.95972 -58.5035 -12.1126 170.397 -0.789427 0.129844 0.599867 -59.2479 -8.31101 174.458 -0.808462 0.158038 0.566934 0
0.0485488 -1.08473 32.8531 3.42513 7.93274 -58.5025 -12.1138 170.4 -0.789537 0.129971 0.59962 -59.2321 -8.30205 174.489 -0.807559 0.160008 0.567668 0
0.051996 -1.0968 32.8912 3.42513 7.91527 -58.5178 -12.2312 170.402 -0.789325 0.130692 0.599835 -59.1789 -8.24993 174.561 -0.805323 0.164249 0.569629 0
0.0554433 -1.11001 32.8912 3.42513 7.91527 -58.5199 -12.2391 170.4 -0.789098 0.131534 0.600045 -59.0906 -8.18814 174.63 -0.802717 0.168454 0.572074 0
0.0580287 -1.12352 32.9706 3.42513 8.03751 -58.525 -12.1568 170.489 -0.786934 0.135039 0.601961 -59.0584 -8.08851 174.876 -0.800301 0.173739 0.573876 0
0.0586032 -1.13357 32.9976 3.42513 8.29786 -58.4246 -12.1031 170.794 -0.783845 0.141045 0.604627 -59.0257 -7.98652 175.204 -0.798398 0.177636 0.575331 0
0.0586032 -1.13616 32.9817 3.42513 8.44074 -58.4264 -12.1089 170.903 -0.783468 0.142115 0.604826 -59.0044 -7.96039 175.349 -0.797836 0.178449 0.575859 0
0.0586032 -1.13788 32.8912 3.42513 8.56615 -58.425 -12.1071 171.015 -0.783439 0.142357 0.604817 -58.9409 -7.95565 175.422 -0.797202 0.178233 0.576804 0
0.0586032 -1.13817 32.7309 3.42513 8.72649 -58.4234 -12.1042 171.127 -0.783425 0.142478 0.604812 -58.8405 -7.97767 175.475 -0.796623 0.17682 0.578037 0
0.0560178 -1.13673 32.5166 3.42513 8.96461 -58.3121 -12.1134 171.235 -0.7833 0.142472 0.605055 -58.7358 -7.96652 175.556 -0.796272 0.174772 0.579142 0
0.0514215 -1.13156 32.3515 3.42484 9.23925 -58.2133 -12.1315 171.551 -0.781462 0.144291 0.606915 -58.6957 -7.92409 175.685 -0.796799 0.172456 0.579112 0
0.0473997 -1.12639 32.2166 3.42427 9.42975 -58.106 -12.0494 171.748 -0.779289 0.146822 0.609111 -58.6709 -7.87247 175.752 -0.797338 0.170556 0.578932 0
0.0465379 -1.12409 32.1832 3.42369 9.47579 -58.1067 -12.0463 171.856 -0.779027 0.146927 0.60947 -58.6712 -7.84826 175.763 -0.797585 0.170033 0.578746 0
0.0465379 -1.12409 32.1785 3.42369 9.48055 -57.9972 -12.0607 171.854 -0.778889 0.147038 0.609586 -58.6683 -7.84897 175.764 -0.797568 0.169989 0.578782 0
0.0465379 -1.12409 32.1753 3.42369 9.48372 -57.9972 -12.0608 171.853 -0.778887 0.147042 0.609708 -58.6663 -7.84944 175.765 -0.797557 0.169959 0.578806 0
0.0465379 -1.12409 32.1737 3.42369 9.48531 -57.9972 -12.0608 171.853 -0.778887 0.147042 0.609708 -58.6653 -7.84968 175.766 -0.797552 0.169945 0.578818 0
0.0465379 -1.12409 32.1705 3.42369 9.48849 -57.9972 -12.0608 171.853 -0.778887 0.147042 0.609708 -58.6634 -7.85016 175.767 -0.797541 0.169915 0.578841 0
0.0465379 -1.12409 32.1673 3.42369 9.49166 -57.9972 -12.0608 171.853 -0.778887 0.147042 0.609708 -58.6614 -7.85063 175.768 -0.79753 0.169885 0.578865 0
0.0465379 -1.12409 32.1642 3.42369 9.49484 -57.9972 -12.0608 171.853 -0.778887 0.147042 0.609708 -58.6594 -7.85111 175.769 -0.797519 0.169856 0.578889 0
0.0465379 -1.12409 32.1642 3.42369 9.49484 -57.9972 -12.0608 171.853 -0.778887 0.147042 0.609708 -58.6594 -7.85111 175.769 -0.797519 0.169856 0.578889 0
0.0465379 -1.12409 32.1642 3.42369 9.49484 -57.9838 -11.9489 171.848 -0.778902 0.146921 0.609712 -58.6594 -7.85111 175.769 -0.797519 0.169856 0.578889 0
0.0465379 -1.12409 32.1626 3.42369 9.49643 -57.9838 -11.9489 171.848 -0.778902 0.146921 0.609712 -58.6584 -7.85134 175.77 -0.797514 0.169841 0.578901 0
0.0465379 -1.12409 32.1626 3.42369 9.49643 -57.9849 -11.9488 171.849 -0.778781 0.146907 0.609711 -58.6584 -7.85134 175.77 -0.797514 0.169841 0.578901 0
0.0465379 -1.12409 32.1626 3.42369 9.49643 -57.9849 -11.9488 171.847 -0.778779 0.146911 0.609833 -58.6584 -7.85134 175.77 -0.797514 0.169841 0.578901 0
0.0465379 -1.12409 32.1626 3.42369 9.49643 -57.9849 -11.9488 171.847 -0.778779 0.146911 0.609833 -58.6584 -7.85134 175.77 -0.797514 0.169841 0.578901 0
0.0465379 -1.12409 32.1626 3.42369 9.49643 -57.9849 -11.9488 171.849 -0.778781 0.146907 0.609711 -58.6584 -7.85134 175.77 -0.797514 0.169841 0.578901 0
0.0465379 -1.12409 32.1626 3.42369 9.49643 -57.9849 -11.9488 171.849 -0.778781 0.146907 0.609711 -58.6584 -7.85134 175.77 -0.797514 0.169841 0.578901 0
0.0465379 -1.12409 32.1626 3.42369 9.49643 -57.9849 -11.9488 171.849 -0.778781 0.146907 0.609711 -58.6584 -7.85134 175.77 -0.797514 0.169841 0.578901 0
0.0465379 -1.12409 32.1626 3.42369 9.49643 -57.9849 -11.9488 171.847 -0.778779 0.146911 0.609833 -58.6584 -7.85134 175.77 -0.797514 0.169841 0.578901 0
0.0462506 -1.12409 32.1467 3.42369 9.50119 -57.9849 -11.9488 171.847 -0.778779 0.146911 0.609833 -58.5703 -8.27159 175.48 -0.79644 0.166914 0.581226 1
0.000861812 -1.1488 31.2037 3.40904 11.5395 -57.9792 -10.6326 172.972 -0.770714 0.166441 0.614984 -58.1101 -8.66988 174.808 -0.782997 0.166544 0.599315 1
-1.35075 -1.40447 28.2764 3.92555 12.0412 -49.8711 -3.95533 173.751 -0.747494 0.143897 0.648439 -50.6215 -1.30702 176.725 -0.757374 0.153064 0.634788 1
-0.777642 -1.07296 28.7574 3.58514 3.66871 -55.7563 -0.717682 163.712 -0.797803 0.148462 0.584288 -56.4902 1.70863 167.17 -0.796911 0.17676 0.577658 1
-0.563625 -1.29933 27.5207 3.66155 6.92626 -54.7358 -9.33667 165.842 -0.780152 0.102201 0.617106 -55.1163 -7.70037 168.225 -0.782046 0.118125 0.611924 1
-1.72477 -1.58459 34.2803 4.21972 9.22496 -48.2094 -6.15039 177.485 -0.75686 0.144718 0.637312 -48.736 -4.98716 180.697 -0.771586 0.116634 0.625341 1
-1.91495 -1.24158 37.3315 4.02725 2.49714 -47.993 5.31094 173.729 -0.773281 0.213067 0.597194 -48.6079 5.21861 176.219 -0.785909 0.179201 0.591806 1
-1.81756 -1.16201 37.7474 3.98014 -3.47027 -49.3119 6.18815 168.258 -0.784029 0.210771 0.58388 -50.6445 4.95497 169.351 -0.800644 0.172635 0.57373 1
-1.37143 -1.34673 40.4398 4.02179 -6.40239 -56.3463 -3.31784 163.357 -0.828285 0.157838 0.537619 -57.038 -5.27336 164.932 -0.838699 0.131022 0.5286 1
-1.27002 -1.53546 38.1189 4.16198 0.53975 -54.3569 -12.8918 168.879 -0.817842 0.0834874 0.569374 -54.6857 -13.5482 170.241 -0.824389 0.0605156 0.56278 1
-1.6317 -1.73282 37.4378 4.33836 7.78034 -49.6065 -11.415 178.078 -0.774521 0.115857 0.621897 -49.8668 -11.7484 179.818 -0.790102 0.0821966 0.607439 1
-2.00515 -1.37086 40.2382 4.14934 2.69399 -48.3969 3.974 176.337 -0.780174 0.215962 0.586931 -48.5664 3.14212 177.647 -0.795667 0.175436 0.579772 1
-1.96551 -1.26859 40.3303 4.07953 -1.52241 -48.9238 6.10195 172.447 -0.783277 0.231939 0.576743 -49.4454 4.78753 172.863 -0.799697 0.187114 0.570502 1
-1.52455 -1.23613 41.6066 3.98588 -7.9502 -55.5744 0.847641 163.829 -0.830777 0.173669 0.528771 -56.371 -0.268338 164.489 -0.840233 0.15393 0.519918 1
-1.36798 -1.44986 38.7491 4.12406 -3.42582 -55.1933 -8.24707 165.842 -0.824807 0.11485 0.553674 -55.0957 -10.0559 165.826 -0.828881 0.0839811 0.553086 1
-1.61647 -1.75034 40.4398 4.4165 1.59067 -50.286 -14.2501 173.066 -0.797887 0.0719941 0.598444 -50.6048 -15.6867 174.41 -0.808605 0.0452722 0.586608 1
-2.01176 -1.71702 42.1861 4.47798 0.627062 -47.732 -7.07197 176.279 -0.787867 0.126201 0.602787 -48.0646 -8.21787 176.894 -0.799804 0.0880917 0.593762 1
-2.24358 -1.60297 43.5704 4.41966 -4.12115 -45.5921 0.727137 173.525 -0.780804 0.17908 0.598549 -46.4922 -1.41763 175.099 -0.793481 0.136032 0.593198 1
-2.25479 -1.58257 43.9577 4.403 -5.35464 -45.4683 1.78832 172.834 -0.779485 0.193335 0.59581 -46.6096 -0.337068 173.368 -0.793787 0.148062 0.589899 1
-2.2298 -1.55844 44.761 4.38519 -7.89305 -46.0663 2.13214 171.007 -0.785482 0.193257 0.587841 -47.4992 -0.0413194 170.83 -0.800384 0.153332 0.579547 1
-1.5527 -1.42113 43.3227 4.15307 -8.03434 -55.3858 -4.23451 165.334 -0.832672 0.155665 0.531412 -55.8403 -6.3997 164.742 -0.84362 0.117065 0.524024 1
-1.15397 -1.55299 44.072 4.16313 -5.57054 -57.174 -15.2691 166.724 -0.836538 0.101521 0.538335 -58.4731 -15.4722 167.653 -0.853018 0.0843871 0.515014 1
-1.08876 -1.54896 44.3038 4.16715 -3.18611 -57.5521 -17.769 168.534 -0.840812 0.0806261 0.535132 -58.1146 -17.9094 169.66 -0.850331 0.0655834 0.522146 1
-1.04739 -1.59809 44.7276 4.1818 0.10795 -57.1011 -19.583 172.099 -0.836297 0.0786474 0.542587 -57.6907 -19.6268 173.067 -0.844804 0.0668015 0.53089 1
-1.07238 -1.65612 44.4514 4.19444 5.95789 -56.57 -20.1115 178.09 -0.832572 0.0805024 0.548083 -57.0056 -19.5477 178.833 -0.837307 0.080788 0.540732 1
-1.5142 -1.59981 38.792 4.26913 10.2743 -52.4288 -12.6445 181.137 -0.799353 0.105365 0.591383 -52.2313 -12.298 180.354 -0.80848 0.0665297 0.584752 1
-1.64922 -1.47858 37.5029 4.19559 5.86105 -51.7404 -6.11476 176.507 -0.803926 0.12546 0.581312 -51.5192 -6.80349 176.089 -0.804782 0.104217 0.58435 1
-1.62337 -1.40619 35.9837 4.17692 1.77324 -51.0531 -6.22249 171.324 -0.804227 0.0949392 0.586585 -51.2927 -7.23296 170.867 -0.80699 0.0772199 0.585495 1
-1.44066 -1.42802 39.3984 4.1683 -2.79717 -53.3879 -8.61171 167.724 -0.818818 0.089905 0.566833 -54.1987 -10.5681 167.074 -0.830608 0.0608249 0.553526 1
-1.20941 -1.56649 41.786 4.23782 -2.91783 -54.5441 -17.686 168.29 -0.829194 0.0434174 0.557327 -54.8256 -19.467 167.851 -0.837261 0.0182241 0.5465 1
-1.22377 -1.90719 46.2326 4.48832 -4.87997 -50.5083 -25.8638 171.119 -0.796862 0.0454488 0.602452 -51.8271 -27.246 172.193 -0.823884 0.0174127 0.566492 1
-1.50444 -1.98131 49.5235 4.61127 2.06692 -49.8166 -24.3537 181.388 -0.800156 0.0738658 0.595233 -51.035 -24.3758 181.518 -0.821466 0.0510521 0.567967 1
-2.05312 -1.66818 47.7725 4.50297 0.100012 -50.994 -7.1523 180.123 -0.818667 0.146285 0.555243 -51.2654 -8.20604 178.945 -0.831108 0.105708 0.545971 1
-2.23525 -1.46824 47.5026 4.3645 -7.40092 -48.7996 2.46357 173.608 -0.811079 0.193232 0.551947 -49.2069 0.410017 173.28 -0.823894 0.139341 0.549348 1
-1.9362 -1.33581 47.8074 4.25764 -14.4716 -52.2113 -0.634014 165.328 -0.839248 0.139373 0.52551 -54.1346 -2.23061 163.58 -0.858873 0.103434 0.501636 1
-0.817572 -1.65094 43.8863 4.15997 -7.00087 -55.9082 -24.4178 164.431 -0.821083 0.0546655 0.568032 -56.8451 -24.2849 165.914 -0.838436 0.0405243 0.543492 1
-1.16804 -1.81584 49.4679 4.37887 0.635 -54.18 -24.834 178.046 -0.808654 0.107942 0.578114 -55.2905 -24.9532 177.411 -0.833748 0.0713478 0.547516 1
-2.05829 -1.6248 48.798 4.44178 -4.29736 -51.7402 -4.18837 176.561 -0.821949 0.173257 0.542457 -52.5079 -5.44025 175.611 -0.832455 0.144133 0.535019 1
-2.08472 -1.54494 48.4916 4.3826 -8.68362 -51.7947 -0.779525 172.257 -0.82348 0.188778 0.53495 -52.3047 -2.34762 171.143 -0.831766 0.158936 0.531888 1
-2.0221 -1.51305 48.0535 4.36278 -13.8938 -51.92 -1.53115 166.386 -0.829667 0.163029 0.533908 -52.9739 -3.24328 165.337 -0.838575 0.14184 0.525997 1
-1.79544 -1.54753 53.9018 4.35445 -20.1962 -57.1677 -4.65255 162.071 -0.853923 0.174843 0.490109 -58.0584 -7.12665 161.306 -0.871748 0.134718 0.471069 1
-1.56936 -1.64577 55.4512 4.44753 -19.2389 -59.8507 -15.219 162.444 -0.881484 0.0913669 0.463279 -59.4006 -17.2193 162.178 -0.884484 0.0693586 0.461387 1
-1.6024 -1.94655 56.037 4.66327 -13.3096 -54.2431 -21.633 170.143 -0.843939 0.0971954 0.527488 -54.7391 -24.1479 170.321 -0.857688 0.0626709 0.510337 1
-1.92988 -2.13126 58.1214 4.89825 -12.1333 -50.5074 -20.1309 175.893 -0.831623 0.103913 0.545503 -50.7328 -22.4266 176.695 -0.851138 0.0690016 0.520388 1
-2.38751 -2.15568 61.1964 4.94335 -15.621 -48.4225 -7.43785 176.88 -0.818004 0.20228 0.538405 -48.6284 -9.36993 178.518 -0.845668 0.150494 0.512052 1
-2.6653 -1.95516 62.5791 4.82816 -20.1581 -46.3963 3.80505 174.477 -0.813418 0.2625 0.518911 -46.6451 -0.383886 176.006 -0.844825 0.179637 0.503985 1
-2.69201 -1.86353 63.4316 4.77559 -24.2999 -46.5773 4.44589 170.889 -0.829992 0.231078 0.507483 -47.3449 1.30428 171.832 -0.851763 0.179567 0.492195 1
-2.1011 -1.55471 56.1719 4.46562 -21.2407 -54.1181 -1.43869 165.654 -0.858878 0.167943 0.483961 -55.6475 -4.54202 163.895 -0.874373 0.122201 0.469616 1
-1.9115 -1.79659 54.3781 4.64488 -27.2224 -53.264 -11.9715 157.045 -0.851952 0.0930148 0.515302 -54.1533 -15.9741 156.611 -0.860062 0.0597766 0.506676 1
-1.61705 -2.14189 63.3046 4.90543 -27.5622 -50.1841 -25.9871 163.429 -0.836616 0.097745 0.539085 -52.0391 -29.7253 163.054 -0.864936 0.0407242 0.500227 1
-1.57137 -2.1508 66.6129 4.93273 -24.7047 -50.3355 -29.0418 168.319 -0.842236 0.0978302 0.530127 -51.6321 -31.1798 167.991 -0.865595 0.0530285 0.497928 1
-1.58315 -2.18958 68.9751 4.95111 -20.8788 -50.8921 -28.803 173.947 -0.841919 0.126487 0.524433 -51.9617 -30.6065 173.836 -0.863161 0.0889145 0.497038 1
-1.7851 -2.19791 67.8417 4.97668 -14.9812 -51.9656 -25.6341 179.978 -0.844865 0.151013 0.513076 -52.1539 -26.4675 179.607 -0.860997 0.103826 0.497899 1
-2.22348 -2.17177 63.2792 5.01173 -13.5065 -50.9672 -14.8216 180.068 -0.848549 0.149517 0.507445 -50.7994 -17.4125 179.484 -0.859674 0.0946028 0.502008 1
-2.42399 -2.11431 60.2804 5.00253 -17.8102 -47.8636 -8.37414 175.157 -0.838772 0.145435 0.524671 -48.16 -11.4211 174.45 -0.845878 0.10194 0.523544 1
-2.42227 -2.0537 59.4279 4.98702 -22.7997 -47.7072 -8.47087 169.463 -0.842475 0.118719 0.525458 -48.1034 -11.4961 168.732 -0.847613 0.07833 0.524801 1
-2.34815 -2.01549 60.6852 4.95485 -29.029 -48.581 -8.96357 163.525 -0.847472 0.110463 0.519117 -49.5452 -12.405 162.627 -0.858857 0.0694295 0.507489 1
-2.1709 -1.98159 66.2827 4.91951 -35.7378 -53.3189 -11.6512 158.772 -0.8739 0.115769 0.472046 -53.769 -15.8089 157.975 -0.886658 0.0604387 0.45846 1
-1.01091 -1.80722 55.7624 4.38174 -2.04946 -57.9171 -27.8142 179.588 -0.840023 0.133937 0.525721 -57.9635 -28.9205 178.728 -0.855432 0.0802719 0.511656 1
-0.943684 -1.76499 49.2616 4.29556 8.72808 -55.673 -26.775 185.69 -0.822452 0.10224 0.559474 -56.3644 -27.3146 185.466 -0.832726 0.0711469 0.549095 1
-0.90203 -1.76241 44.5371 4.21828 19.7342 -54.3033 -25.5319 192.37 -0.800984 0.0980249 0.590577 -55.0088 -25.1759 193.279 -0.809348 0.0829209 0.581446 1
-1.05888 -1.85835 38.1332 4.22403 26.8891 -50.7022 -22.0223 196.642 -0.762189 0.100287 0.639504 -51.8685 -21.1803 196.701 -0.771312 0.0963981 0.629115 1
0.0930757 -1.32863 44.7419 3.73452 -3.18135 -59.0295 -25.2204 168.119 -0.812609 0.0989215 0.57435 -59.1393 -24.7795 170.251 -0.828999 0.0958349 0.550978 1
0.238722 -1.42774 45.5262 3.77129 1.6383 -54.4905 -30.3317 174.521 -0.780724 0.0819349 0.619443 -55.8538 -28.6826 176.932 -0.800358 0.0936427 0.592163 1
0.173512 -1.49783 41.9495 3.7486 10.8172 -53.5983 -28.0449 182.48 -0.746713 0.132734 0.651767 -54.6837 -26.6638 183.322 -0.772958 0.104818 0.625738 1
-0.464229 -1.45646 33.5913 3.79858 19.604 -54.2932 -18.7608 183.924 -0.758869 0.106152 0.642416 -55.5461 -17.248 184.404 -0.785708 0.0897129 0.612057 1
-0.530014 -1.2976 34.1994 3.75635 12.7429 -56.9864 -15.4086 177.807 -0.797266 0.0967904 0.595696 -57.6254 -14.7301 177.426 -0.810846 0.0862362 0.578871 1
-0.385805 -1.2795 38.0443 3.76238 2.81781 -59.3708 -18.5222 168.796 -0.824209 0.0763001 0.560937 -59.1377 -18.5476 169.957 -0.828648 0.0698758 0.555391 1
-0.536622 -1.72621 42.0035 4.09418 2.24155 -52.4864 -29.214 172.18 -0.769465 0.0585794 0.636007 -52.9685 -27.2059 174.592 -0.786223 0.0653224 0.614481 1
-1.26686 -1.68025 37.3045 4.21369 13.4382 -52.5964 -17.3547 182.135 -0.796553 0.0737417 0.60007 -52.7053 -16.7656 182.175 -0.797685 0.0702624 0.598967 1
-1.32805 -1.61791 37.5633 4.17979 11.638 -53.0674 -13.7345 180.887 -0.793005 0.108354 0.599363 -53.2139 -13.8901 180.291 -0.803396 0.0845963 0.589405 1
-1.35448 -1.52311 38.465 4.1321 7.83431 -54.2385 -11.2477 177.434 -0.808271 0.109025 0.57868 -54.1538 -11.0638 176.785 -0.814356 0.0987547 0.571902 1
-1.32805 -1.48404 39.8096 4.08901 2.77971 -55.9826 -9.55578 173.331 -0.819249 0.126819 0.559139 -55.672 -9.81136 172.478 -0.824404 0.114296 0.554342 1
-0.83682 -1.38551 40.316 3.90717 -4.12591 -59.7115 -13.5953 164.329 -0.832039 0.125418 0.540326 -59.4442 -14.1304 164.337 -0.840177 0.103913 0.532264 1
