2.9698 -2.87788 44.5784 5.94535 -2.41459 -18.4711 9.41905 184.666 -0.649554 0.0964159 0.754046 -15.6847 7.88879 187.981 -0.638158 0.0733641 0.766402 
2.92815 -2.67765 50.7014 5.69342 -9.03129 -18.5817 12.3103 182.947 -0.68581 0.15254 0.711519 -15.0569 8.68836 186.671 -0.662909 0.0979223 0.742269 
2.90316 -2.46277 53.6065 5.45872 -10.7315 -18.5979 13.1123 182.462 -0.692593 0.172728 0.700327 -14.3454 7.97851 187.61 -0.676846 0.10344 0.72882 
2.87529 -2.27202 55.5036 5.26682 -11.4395 -17.5588 12.8104 183.736 -0.695739 0.181231 0.694962 -13.5914 6.47621 188.55 -0.684148 0.0992368 0.72256 
2.83364 -2.16947 56.3799 5.16714 -12.3746 -16.6913 11.8049 184.431 -0.6964 0.180024 0.694642 -12.1876 5.35693 188.449 -0.679763 0.0932119 0.727485 
2.69489 -2.08271 59.9105 5.09733 -16.6053 -14.1881 10.328 183.964 -0.696818 0.158682 0.699362 -8.87684 3.81229 187.501 -0.682046 0.0730849 0.727648 
2.60181 -2.06979 63.0442 5.08124 -19.7755 -12.5154 9.64329 183.427 -0.700298 0.151425 0.69756 -7.10279 3.2137 187.161 -0.691048 0.0710582 0.719308 
2.50816 -2.07697 65.1286 5.09446 -22.3266 -10.4909 9.15283 183.003 -0.704567 0.14623 0.694358 -5.00125 2.72226 186.59 -0.693544 0.0640674 0.71756 
1.77821 -2.36453 76.2967 5.46073 -36.8633 5.00693 7.33654 178.554 -0.680231 0.0812518 0.728518 10.368 0.195736 180.145 -0.68252 -0.00369661 0.730858 
1.58602 -2.45358 79.2478 5.57219 -40.0701 9.18874 7.00494 177.467 -0.676866 0.0596555 0.73369 14.1958 0.714811 179.241 -0.682173 -0.0193283 0.730936 
0.767587 -2.8819 80.2988 6.02292 -45.1358 26.0855 12.8602 172.023 -0.599385 0.0966462 0.794598 24.9153 2.63994 174.805 -0.643019 -0.0488214 0.764293 
0.688588 -2.91149 80.3638 6.06055 -45.7978 28.3243 13.2517 170.78 -0.587862 0.0888049 0.803994 25.4324 2.32084 174.096 -0.639989 -0.0549977 0.766413 
0.7989 -2.84427 80.5051 5.99074 -45.3565 28.237 10.9367 171.404 -0.588448 0.0639553 0.805898 24.9028 1.41099 174.481 -0.642937 -0.0574071 0.763765 
0.860376 -2.80893 80.3797 5.95225 -45.539 27.65 9.51884 171.585 -0.591645 0.0513225 0.804509 24.4084 0.984815 174.307 -0.64519 -0.0567742 0.761909 
1.28266 -2.5162 80.5559 5.68882 -44.6532 20.737 2.10269 173.173 -0.625872 -0.0296958 0.779304 22.8733 0.335577 172.364 -0.613492 -0.0706357 0.786536 
0.898583 -2.73826 81.2243 5.88244 -46.8297 28.7792 9.57465 171.025 -0.59293 0.0626804 0.802695 26.1377 8.79892 171.362 -0.657668 -0.123273 0.743153 
1.15109 -2.74487 81.3243 6.10881 -47.6917 18.5122 16.8116 170.754 -0.618957 -0.108603 0.777844 24.4568 1.37764 172.588 -0.583543 -0.0145361 0.811952 
1.05629 -2.61704 80.1194 5.55237 -36.6792 27.311 4.45837 179.397 -0.519792 0.356122 0.776402 28.611 13.236 173.831 -0.498653 0.421501 0.757418 
1.26974 -2.66128 81.2957 5.79195 -43.588 19.4137 11.9059 174.887 -0.640383 0.0814629 0.763699 26.1545 -22.8932 173.749 -0.559974 -0.00437552 0.828499 
1.24331 -3.1324 81.4434 5.33835 -45.4152 32.482 12.553 170.533 -0.321461 0.625108 0.711161 21.3727 -8.75227 170.493 -0.639038 0.0765042 0.765361 
1.23842 3.14131 81.391 5.30445 -46.0486 33.1363 12.5406 170.432 -0.307549 0.634756 0.70873 37.5761 18.2606 169.933 -0.202502 0.757498 0.620637 
1.22435 -2.74142 81.3148 5.85544 -56.6103 19.1825 14.9588 162.637 -0.639875 0.107749 0.760773 25.843 -9.88291 160.601 -0.579712 -0.0398603 0.813846 
1.16776 -2.75981 81.5815 5.88043 -65.7415 18.7451 12.1162 152.193 -0.635097 -0.0538282 0.770418 24.9352 1.5824 151.203 -0.601296 -0.0131241 0.798919 
