6210 20.6806 -4.98307 186.911 -0.58334 -0.0171941 0.812046 1.42142 -2.36366 69.3164 5.48429 -25.3143 
95080 20.8218 -4.1822 186.542 -0.579998 -0.00428467 0.814607 1.4194 -2.38377 69.0021 5.49204 -25.4397 
180560 20.9201 -3.17724 186.234 -0.577115 0.0123663 0.816569 1.4194 -2.40819 68.7291 5.50037 -25.5445 
265265 21.0177 -2.31252 186.032 -0.574942 0.0272903 0.817739 1.41797 -2.43031 68.5608 5.50784 -25.6175 
329817 21.1254 -1.62223 185.915 -0.573167 0.0388468 0.818518 1.4151 -2.4487 68.4528 5.51502 -25.6445 
391021 21.2423 -1.08054 185.813 -0.571514 0.0445761 0.81938 1.41165 -2.46191 68.3401 5.52422 -25.6445 
452905 21.3858 -0.537934 185.737 -0.569982 0.0504947 0.820104 1.40619 -2.47627 68.2639 5.53427 -25.6429 
516663 21.5121 -0.0558761 185.697 -0.568576 0.0567655 0.82067 1.40131 -2.48949 68.1988 5.54231 -25.6143 
596094 21.7602 0.603892 185.683 -0.566793 0.0625594 0.821482 1.38982 -2.50845 68.1623 5.55811 -25.5635 
680864 22.079 1.33528 185.736 -0.565122 0.0664844 0.822324 1.37373 -2.52971 68.1734 5.57937 -25.4746 
766000 22.4305 2.0686 185.845 -0.562951 0.0704645 0.823481 1.35621 -2.55154 68.1607 5.6012 -25.3 
848442 22.7688 2.70603 186.003 -0.56088 0.0736893 0.824611 1.33897 -2.57107 68.1592 5.62131 -25.0825 
934828 23.1385 3.38103 186.186 -0.558284 0.077479 0.826024 1.32087 -2.59176 68.1338 5.642 -24.8126 
1019269 23.4816 4.01072 186.386 -0.556342 0.0812404 0.826972 1.30335 -2.611 68.1782 5.66124 -24.5856 
1104207 23.7959 4.61591 186.612 -0.554577 0.0847473 0.827806 1.28726 -2.6291 68.2227 5.67934 -24.3348 
1191137 24.0872 5.27426 186.848 -0.553417 0.0886179 0.828177 1.27146 -2.64777 68.3258 5.69801 -24.1236 
1279496 24.317 5.99237 187.07 -0.552584 0.0941039 0.828128 1.25853 -2.66673 68.437 5.71525 -23.9331 
1366782 24.4577 6.7462 187.286 -0.552741 0.0990054 0.827451 1.24848 -2.68426 68.5925 5.73249 -23.7919 
1451848 24.5086 7.52978 187.5 -0.553754 0.103756 0.826191 1.24187 -2.70034 68.764 5.74857 -23.6728 
1527934 24.492 8.24788 187.669 -0.554985 0.108606 0.82474 1.23842 -2.71442 68.9211 5.76179 -23.5918 
1588457 24.4078 8.79519 187.802 -0.556102 0.11522 0.823089 1.24015 -2.72505 69.0402 5.76753 -23.5252 
1650188 24.2842 9.3853 187.923 -0.557637 0.121642 0.821124 1.24302 -2.73568 69.1767 5.77385 -23.4839 
1713682 24.134 9.93044 188.023 -0.559425 0.126756 0.819131 1.24675 -2.74458 69.3117 5.77989 -23.468 
1774564 23.9403 10.5302 188.115 -0.561537 0.131336 0.816962 1.25164 -2.7532 69.4482 5.78707 -23.4601 
1840340 23.7098 11.0836 188.188 -0.563803 0.134435 0.814894 1.25796 -2.7601 69.5577 5.79396 -23.4553 
1928855 23.3379 11.9126 188.313 -0.567461 0.140225 0.811372 1.26859 -2.77073 69.7482 5.80287 -23.4537 
2018392 22.9386 12.6828 188.43 -0.571219 0.145213 0.80785 1.28008 -2.77963 69.9276 5.81091 -23.4537 
2102636 22.5151 13.4284 188.539 -0.575077 0.149255 0.804369 1.29243 -2.78768 70.0911 5.81896 -23.4537 
2187890 22.0483 14.1725 188.639 -0.579091 0.153283 0.800723 1.30651 -2.79514 70.2435 5.82642 -23.4553 
2271660 21.5991 14.8682 188.73 -0.583075 0.157081 0.797088 1.32001 -2.80175 70.4023 5.83303 -23.4728 
2355190 21.178 15.4624 188.818 -0.58662 0.160461 0.793807 1.33265 -2.80721 70.5436 5.83849 -23.4807 
2438858 20.7353 16.0598 188.916 -0.590445 0.163593 0.790324 1.34586 -2.81267 70.6928 5.84395 -23.4902 
2501566 20.407 16.5439 189.006 -0.593505 0.165873 0.787552 1.35448 -2.81784 70.8293 5.84941 -23.4966 
2565027 20.1159 16.914 189.098 -0.596301 0.166699 0.785262 1.36195 -2.821 70.9516 5.854 -23.4966 
2628147 19.8145 17.2513 189.216 -0.599382 0.167097 0.782828 1.36942 -2.82358 71.1008 5.85802 -23.4966 
2690931 19.5074 17.5718 189.354 -0.602621 0.167516 0.780247 1.37746 -2.82559 71.2691 5.86147 -23.4966 
2752080 19.2533 17.8334 189.489 -0.605497 0.167795 0.777958 1.38378 -2.82732 71.4342 5.86434 -23.4966 
2810269 19.0063 18.0594 189.644 -0.608454 0.168021 0.775598 1.3901 -2.82847 71.6183 5.86636 -23.4966 
2871495 18.7697 18.2598 189.82 -0.611486 0.168247 0.773161 1.39614 -2.82933 71.8231 5.86779 -23.495 
2934637 18.5501 18.4328 190.003 -0.61427 0.168755 0.77084 1.40217 -2.8299 72.0152 5.86837 -23.4759 
3000031 18.342 18.5914 190.225 -0.617397 0.168891 0.768308 1.40734 -2.83048 72.2485 5.86894 -23.4553 
3064131 18.1612 18.6968 190.416 -0.619928 0.169039 0.766235 1.41194 -2.83048 72.4438 5.86894 -23.4331 
3125283 17.9928 18.8039 190.651 -0.622438 0.169143 0.764174 1.41624 -2.83048 72.6423 5.86894 -23.3696 
3188239 17.8547 18.8906 190.881 -0.624544 0.169201 0.76244 1.41969 -2.83048 72.8121 5.86894 -23.287 
3252165 17.7041 18.9881 191.131 -0.626603 0.169353 0.760716 1.42371 -2.83048 72.9677 5.86894 -23.1711 
3314668 17.5638 19.1046 191.365 -0.628614 0.170199 0.758865 1.42716 -2.83134 73.1296 5.86894 -23.0696 
3378910 17.4238 19.2758 191.617 -0.63078 0.172285 0.756594 1.43061 -2.83364 73.328 5.86894 -22.9759 
3437583 17.3036 19.3688 191.865 -0.632453 0.173879 0.75483 1.43463 -2.83421 73.4757 5.8675 -22.8521 
3496003 17.1764 19.489 192.111 -0.634129 0.17603 0.752924 1.43894 -2.83536 73.6249 5.86607 -22.7282 
3557100 17.0519 19.6407 192.346 -0.635718 0.178969 0.750888 1.44325 -2.83737 73.7741 5.86463 -22.6108 
3621781 16.925 19.7707 192.601 -0.637321 0.181994 0.748799 1.44813 -2.83881 73.9281 5.86233 -22.479 
3684657 16.8358 19.9025 192.825 -0.6384 0.185091 0.747119 1.45215 -2.84053 74.0377 5.86032 -22.3393 
3749190 16.7339 20.0296 193.05 -0.639487 0.188575 0.745316 1.45646 -2.84226 74.1615 5.85802 -22.2075 
3812880 16.6252 20.1636 193.255 -0.640572 0.192142 0.74347 1.46135 -2.84398 74.2726 5.85544 -22.0869 
3876178 16.5232 20.2936 193.468 -0.641555 0.195904 0.741639 1.46623 -2.8457 74.3806 5.85257 -21.9551 
3937038 16.4248 20.4359 193.658 -0.642356 0.19957 0.739966 1.47083 -2.84771 74.4663 5.85027 -21.825 
3997168 16.3462 20.5789 193.824 -0.64272 0.203536 0.738569 1.47514 -2.85001 74.5139 5.84797 -21.6853 
4060466 16.2437 20.7388 194.003 -0.643323 0.207747 0.736869 1.48031 -2.85231 74.5822 5.84538 -21.5487 
4124063 16.1496 20.8843 194.157 -0.643714 0.211529 0.735451 1.48519 -2.85432 74.6234 5.84309 -21.4154 
4186836 16.0629 21.0356 194.313 -0.644004 0.215779 0.733961 1.48979 -2.85662 74.6727 5.84079 -21.2852 
4248742 15.9775 21.1864 194.458 -0.644523 0.219367 0.73244 1.49438 -2.85834 74.733 5.83849 -21.1772 
4305954 15.9027 21.2762 194.598 -0.644673 0.222098 0.731485 1.49869 -2.85921 74.7457 5.83619 -21.0391 
4366165 15.8312 21.4 194.73 -0.644588 0.225457 0.730531 1.503 -2.86093 74.7393 5.83418 -20.8883 
4428153 15.7665 21.5308 194.843 -0.644466 0.228644 0.729648 1.50673 -2.86294 74.7298 5.83274 -20.7518 
4488642 15.7063 21.601 194.963 -0.644382 0.230514 0.729133 1.51018 -2.86351 74.7076 5.83131 -20.6073 
4547594 15.6538 21.6887 195.074 -0.644243 0.232471 0.728635 1.51305 -2.86466 74.6838 5.83045 -20.466 
4608996 15.6035 21.7867 195.161 -0.644086 0.234083 0.728257 1.51535 -2.8661 74.6504 5.83045 -20.3406 
4670472 15.5634 21.8549 195.245 -0.643811 0.235169 0.728151 1.51736 -2.86696 74.5996 5.83045 -20.2057 
4733664 15.514 21.9048 195.34 -0.643821 0.235698 0.727971 1.51937 -2.86725 74.5711 5.83045 -20.0835 
4792228 15.4651 21.943 195.423 -0.643803 0.235978 0.727896 1.52139 -2.86725 74.5345 5.83045 -19.9676 
4855969 15.4304 21.9948 195.495 -0.643569 0.236761 0.727848 1.52311 -2.86782 74.4885 5.83045 -19.8517 
4916621 15.3894 22.0268 195.565 -0.643522 0.237005 0.72781 1.52483 -2.86782 74.4536 5.83045 -19.7501 
4982474 15.345 22.0737 195.623 -0.643362 0.237561 0.727771 1.52684 -2.86811 74.406 5.83045 -19.6485 
5045098 15.3021 22.1084 195.674 -0.643145 0.237873 0.72786 1.52885 -2.86811 74.3472 5.83045 -19.5453 
5104313 15.2555 22.1447 195.721 -0.643044 0.238163 0.727855 1.53087 -2.86811 74.3012 5.83045 -19.458 
5161127 15.225 22.1692 195.768 -0.642882 0.238385 0.727926 1.5323 -2.86811 74.2583 5.83045 -19.3739 
5224526 15.1931 22.1942 195.807 -0.642763 0.2386 0.72796 1.53374 -2.86811 74.2202 5.83045 -19.3008 
5278505 15.1765 22.2099 195.844 -0.642384 0.238821 0.728222 1.53489 -2.86811 74.1583 5.83045 -19.2103 
5341592 15.1599 22.2255 195.884 -0.642005 0.239043 0.728484 1.53604 -2.86811 74.0964 5.83045 -19.1167 
5401764 15.1329 22.2479 195.923 -0.641728 0.239283 0.728648 1.53747 -2.86811 74.0408 5.83045 -19.0294 
5463245 15.1145 22.2642 195.956 -0.641407 0.239493 0.728862 1.53862 -2.86811 73.9853 5.83045 -18.9484 
5522196 15.1064 22.2736 195.989 -0.640983 0.239683 0.729173 1.53948 -2.86811 73.9234 5.83045 -18.8627 
5581705 15.0864 22.2794 196.017 -0.640704 0.239633 0.729434 1.54063 -2.86782 73.8678 5.83045 -18.7881 
5642475 15.0596 22.2547 196.049 -0.640628 0.23879 0.729778 1.54178 -2.86667 73.8202 5.83045 -18.723 
5705936 15.0347 22.2403 196.075 -0.640493 0.238209 0.730086 1.54293 -2.86581 73.771 5.83045 -18.6595 
5764897 15.0413 22.1923 196.1 -0.640262 0.237241 0.730604 1.54293 -2.86466 73.7265 5.83045 -18.6039 
5826947 15.0093 22.1832 196.124 -0.640128 0.236697 0.730897 1.54437 -2.8638 73.6725 5.83045 -18.5388 
5886085 15.0127 22.1611 196.139 -0.639784 0.236292 0.73133 1.54465 -2.86323 73.6201 5.83045 -18.4833 
5944422 15.0099 22.1196 196.152 -0.639624 0.235349 0.731773 1.54494 -2.86208 73.5789 5.83045 -18.442 
6006597 14.9885 22.1258 196.155 -0.639388 0.23529 0.731999 1.54609 -2.86179 73.5281 5.83045 -18.3975 
6069746 14.98 22.089 196.145 -0.639186 0.234392 0.732463 1.54667 -2.86064 73.4773 5.83045 -18.3706 
6132766 14.9726 22.0757 196.112 -0.638729 0.234081 0.732961 1.54753 -2.86007 73.4027 5.83045 -18.3436 
6193960 14.9489 22.0737 196.066 -0.638334 0.233834 0.733383 1.54896 -2.85949 73.3249 5.83045 -18.3261 
6249872 14.9519 22.0537 196.009 -0.637772 0.233504 0.733977 1.54954 -2.85892 73.2439 5.83045 -18.3182 
6313436 14.9346 22.0486 195.929 -0.637175 0.233292 0.734563 1.55097 -2.85834 73.1439 5.83045 -18.3166 
6372422 14.9285 22.0815 195.837 -0.636423 0.233699 0.735086 1.55184 -2.85892 73.0407 5.83102 -18.3166 
6429688 14.9243 22.0679 195.749 -0.635725 0.233259 0.735828 1.5527 -2.85834 72.9328 5.83131 -18.3166 
6492731 14.9309 22.0837 195.618 -0.634563 0.233487 0.736759 1.55356 -2.85863 72.7804 5.83188 -18.3166 
6556649 14.9537 22.0665 195.483 -0.633329 0.233151 0.737927 1.55385 -2.85834 72.6216 5.83246 -18.3182 
6615900 14.9582 22.1077 195.316 -0.631965 0.233579 0.738959 1.55471 -2.85921 72.4422 5.83361 -18.3277 
6674091 14.9552 22.1304 195.155 -0.630827 0.233465 0.739967 1.55557 -2.85949 72.2787 5.83476 -18.3483 
6733265 14.9463 22.1456 194.964 -0.629688 0.233511 0.740922 1.55701 -2.85949 72.1152 5.83533 -18.4007 
6793468 14.9446 22.1783 194.755 -0.628505 0.233659 0.741879 1.55787 -2.86007 71.9517 5.83648 -18.4674 
6857706 14.9467 22.2431 194.515 -0.627073 0.234436 0.742845 1.55873 -2.8615 71.7675 5.83792 -18.542 
6915712 14.9249 22.265 194.312 -0.626201 0.234268 0.743633 1.56017 -2.8615 71.6262 5.83878 -18.6245 
6978396 14.9077 22.329 194.052 -0.625149 0.234765 0.744361 1.56132 -2.86265 71.4738 5.84021 -18.7484 
7036554 14.8644 22.3848 193.842 -0.624698 0.234689 0.744764 1.56275 -2.86323 71.3723 5.84165 -18.8674 
7096284 14.8556 22.4655 193.576 -0.623465 0.235519 0.745535 1.56361 -2.86495 71.2071 5.84337 -18.9833 
7159428 14.8305 22.5225 193.321 -0.622598 0.235366 0.746308 1.56448 -2.86581 71.0611 5.84538 -19.1087 
7219271 14.8273 22.5891 193.054 -0.621259 0.235766 0.747296 1.56505 -2.86725 70.8785 5.8474 -19.2119 
7279707 14.828 22.6522 192.782 -0.620018 0.236116 0.748216 1.56534 -2.86869 70.7118 5.84941 -19.3342 
7338966 14.8171 22.7112 192.506 -0.618909 0.23623 0.749097 1.56591 -2.86983 70.5499 5.85142 -19.4659 
7401033 14.7977 22.7964 192.224 -0.617936 0.236656 0.749766 1.56649 -2.87156 70.4039 5.85372 -19.6136 
7460179 14.7712 22.8964 191.934 -0.616957 0.23737 0.750346 1.56735 -2.87357 70.2562 5.85601 -19.766 
7519396 14.7326 22.971 191.651 -0.616116 0.237348 0.751044 1.5685 -2.87472 70.1054 5.85831 -19.9136 
7582467 14.7144 23.0768 191.343 -0.61503 0.237938 0.751747 1.56879 -2.87702 69.9467 5.86118 -20.0739 
7642255 14.6917 23.1618 191.067 -0.614212 0.238094 0.752366 1.56879 -2.87874 69.8101 5.86406 -20.2216 
7704770 14.6501 23.2988 190.793 -0.613503 0.238942 0.752676 1.56965 -2.88133 69.6847 5.86693 -20.3724 
7766453 14.6121 23.382 190.526 -0.612782 0.238764 0.75332 1.57022 -2.88276 69.5466 5.8698 -20.5137 
7827266 14.5811 23.5152 190.231 -0.611676 0.239807 0.753886 1.5708 -2.88563 69.3831 5.87296 -20.6518 
7888232 14.5491 23.6205 189.967 -0.610821 0.239964 0.754529 1.57108 -2.88765 69.2371 5.87612 -20.7804 
7953013 14.5117 23.7449 189.665 -0.609829 0.240879 0.755041 1.57195 -2.89023 69.0815 5.879 -20.9344 
8017627 14.4897 23.8607 189.364 -0.60864 0.241605 0.755768 1.57223 -2.89282 68.9085 5.88216 -21.0725 
8081836 14.4834 23.9668 189.066 -0.607396 0.242278 0.756552 1.57195 -2.8954 68.7402 5.88532 -21.2122 
8143966 14.4555 24.0949 188.786 -0.606462 0.243015 0.757065 1.57195 -2.89827 68.5957 5.88876 -21.3519 
8206337 14.4399 24.194 188.514 -0.605421 0.243603 0.757709 1.57195 -2.90057 68.4465 5.89164 -21.4836 
8269294 14.4393 24.3054 188.232 -0.604517 0.244206 0.758237 1.5708 -2.90345 68.3258 5.89508 -21.6456 
8336101 14.4348 24.4395 187.944 -0.603495 0.245364 0.758677 1.56993 -2.90689 68.1957 5.89853 -21.8027 
8400822 14.4423 24.5251 187.666 -0.602529 0.245462 0.759413 1.5685 -2.90919 68.0655 5.90198 -21.9567 
8463784 14.4285 24.6315 187.418 -0.602019 0.245749 0.759724 1.56735 -2.91178 67.9813 5.90542 -22.117 
8527582 14.4297 24.7297 187.15 -0.601164 0.24627 0.760232 1.5662 -2.91436 67.8686 5.90858 -22.2742 
8589151 14.4195 24.8336 186.901 -0.600437 0.2468 0.760635 1.56534 -2.91695 67.7639 5.91174 -22.4187 
8651842 14.41 24.9054 186.661 -0.599832 0.246728 0.761135 1.56448 -2.91867 67.667 5.91462 -22.5663 
8714409 14.4048 25.0062 186.395 -0.599231 0.247013 0.761516 1.56304 -2.92126 67.5781 5.91806 -22.7409 
8777534 14.3936 25.0685 186.136 -0.598731 0.246489 0.762079 1.56189 -2.92269 67.4861 5.92122 -22.914 
8840997 14.3712 25.1355 185.896 -0.598451 0.2463 0.76236 1.56132 -2.92413 67.421 5.92381 -23.0902 
8904812 14.3515 25.2118 185.641 -0.598222 0.245967 0.762647 1.56017 -2.92585 67.3606 5.92697 -23.2839 
8968134 14.3363 25.2655 185.398 -0.59782 0.245185 0.763214 1.55902 -2.927 67.2749 5.93013 -23.4474 
9031325 14.3245 25.3167 185.16 -0.597469 0.24455 0.763692 1.55787 -2.92815 67.2019 5.933 -23.6172 
9095394 14.3023 25.3839 184.904 -0.597357 0.243763 0.764032 1.55643 -2.92959 67.1479 5.93645 -23.8188 
9160913 14.2664 25.4371 184.645 -0.59731 0.242885 0.764348 1.55586 -2.93045 67.0924 5.93932 -24.0252 
9220831 14.2346 25.4781 184.401 -0.597112 0.2418 0.764847 1.55528 -2.93102 67.0177 5.94219 -24.203 
9275540 14.2022 25.4986 184.192 -0.597159 0.240135 0.765334 1.55442 -2.93102 66.9669 5.94507 -24.3697 
9336531 14.1554 25.5163 183.965 -0.597439 0.238204 0.765719 1.55385 -2.93074 66.932 5.94794 -24.5697 
9397295 14.0914 25.5322 183.732 -0.597736 0.23628 0.766083 1.55413 -2.93016 66.8876 5.95053 -24.7682 
9461302 14.0118 25.5255 183.476 -0.598295 0.233589 0.766472 1.55471 -2.92873 66.8558 5.95311 -25.0063 
9524542 13.9243 25.5328 183.215 -0.598939 0.230961 0.766765 1.55528 -2.92758 66.8304 5.95598 -25.2539 
9587910 13.8215 25.5364 182.942 -0.599656 0.228668 0.766892 1.55701 -2.92614 66.8098 5.95799 -25.5175 
9651343 13.7159 25.5507 182.688 -0.600459 0.226594 0.766879 1.55873 -2.92499 66.8018 5.96001 -25.7715 
9714021 13.5809 25.588 182.409 -0.601387 0.22521 0.76656 1.56189 -2.92413 66.7971 5.96144 -26.0509 
9777739 13.4328 25.6501 182.142 -0.602434 0.224505 0.765944 1.56563 -2.92384 66.8066 5.96259 -26.3255 
9837440 13.2692 25.7168 181.878 -0.603483 0.224584 0.765095 1.5708 -2.92355 66.8161 5.96259 -26.597 
9899554 13.0655 25.8311 181.588 -0.604751 0.225121 0.763935 1.57683 -2.92413 66.8272 5.96317 -26.8891 
9962869 12.8339 25.9659 181.316 -0.606238 0.225741 0.762572 1.58344 -2.92499 66.8463 5.96403 -27.1669 
10023914 12.5371 26.1258 181.014 -0.607871 0.226555 0.761029 1.59234 -2.92585 66.8368 5.96489 -27.4495 
10085946 12.2144 26.3018 180.739 -0.609621 0.227458 0.759359 1.60182 -2.927 66.8241 5.96604 -27.6987 
10170356 11.7636 26.6001 180.375 -0.612455 0.231077 0.755977 1.61561 -2.93045 66.8939 5.96604 -28.0861 
10253808 11.2802 26.9439 180.01 -0.615068 0.235983 0.752332 1.63055 -2.93533 66.9304 5.96604 -28.4305 
10337873 10.757 27.322 179.634 -0.617765 0.241681 0.748302 1.64692 -2.94108 66.9685 5.96604 -28.7782 
10422972 10.1979 27.7751 179.272 -0.620383 0.24827 0.743967 1.6633 -2.94912 66.9876 5.96776 -29.0751 
10507084 9.61456 28.278 178.922 -0.623139 0.255483 0.739206 1.67938 -2.95889 67.0257 5.97063 -29.3592 
10591192 9.05463 28.8053 178.6 -0.625573 0.263091 0.734467 1.69404 -2.97009 67.0542 5.97466 -29.5926 
10675172 8.49358 29.3269 178.323 -0.628128 0.270151 0.729708 1.70782 -2.9813 67.0939 5.97954 -29.7831 
10760525 7.83921 29.9154 178.077 -0.631096 0.278002 0.724177 1.72334 -2.99451 67.1495 5.98557 -29.9387 
10845343 7.30924 30.41 177.895 -0.633823 0.284039 0.719438 1.73454 -3.006 67.2368 5.99189 -30.0752 
10923004 6.8057 30.8544 177.756 -0.636459 0.289434 0.714946 1.74517 -3.01663 67.3273 5.99764 -30.1768 
10985449 6.42557 31.1951 177.662 -0.638543 0.292639 0.711777 1.75178 -3.02496 67.3876 6.00367 -30.2355 
11048985 6.0827 31.4976 177.603 -0.640536 0.295399 0.708839 1.75752 -3.03243 67.4575 6.00913 -30.2752 
11111588 5.77654 31.7514 177.577 -0.642555 0.297431 0.706157 1.76212 -3.03875 67.5464 6.01401 -30.3101 
11173869 5.49887 32.0052 177.571 -0.644475 0.299613 0.70348 1.76614 -3.04507 67.648 6.01861 -30.3339 
11237880 5.23773 32.2382 177.604 -0.646449 0.301602 0.700814 1.76987 -3.05082 67.7686 6.02263 -30.3403 
11301343 4.99172 32.4429 177.667 -0.648561 0.302975 0.698266 1.77303 -3.0557 67.9083 6.02637 -30.3403 
11364265 4.74554 32.6183 177.741 -0.65076 0.303954 0.69579 1.77648 -3.05972 68.0544 6.02953 -30.3403 
11427398 4.51706 32.7537 177.83 -0.652944 0.304493 0.693504 1.77993 -3.06259 68.2052 6.03182 -30.3403 
11490522 4.28906 32.872 177.948 -0.655294 0.304501 0.691281 1.78309 -3.06489 68.3687 6.03412 -30.326 
11549617 4.09837 32.9512 178.059 -0.657152 0.304441 0.689542 1.78625 -3.06633 68.4909 6.03556 -30.2943 
11609746 3.91149 33.0149 178.202 -0.659196 0.30419 0.687698 1.78941 -3.06719 68.6418 6.03642 -30.2577 
11671257 3.75188 33.0976 178.342 -0.661127 0.304385 0.685756 1.79171 -3.06863 68.8084 6.03728 -30.2339 
11728647 3.61552 33.125 178.476 -0.662737 0.304031 0.684357 1.79429 -3.06863 68.9354 6.03728 -30.1958 
11788039 3.48688 33.1483 178.615 -0.664156 0.303729 0.683115 1.79688 -3.06863 69.0418 6.03728 -30.1371 
11845422 3.37036 33.1698 178.757 -0.665465 0.303445 0.681966 1.79918 -3.06863 69.1418 6.03728 -30.0704 
11909395 3.27265 33.1864 178.892 -0.666506 0.303225 0.681047 1.80119 -3.06863 69.218 6.03728 -29.9926 
11973134 3.19695 33.201 179.026 -0.667388 0.303025 0.680271 1.80262 -3.06863 69.2879 6.03728 -29.9117 
12036006 3.10714 33.2179 179.17 -0.66842 0.302793 0.679361 1.80435 -3.06863 69.3688 6.03728 -29.8291 
12099548 3.01851 33.234 179.292 -0.669421 0.302568 0.678475 1.80607 -3.06863 69.4466 6.03728 -29.7656 
12159712 2.95979 33.2445 179.407 -0.670079 0.302421 0.677891 1.80722 -3.06863 69.4974 6.03728 -29.6894 
12221279 2.89924 33.2559 179.504 -0.670778 0.30226 0.67727 1.80837 -3.06863 69.553 6.03728 -29.6339 
12283785 2.849 33.2621 179.582 -0.671235 0.302171 0.676858 1.80952 -3.06863 69.5815 6.03728 -29.5767 
12347043 2.79198 33.267 179.652 -0.671669 0.302099 0.676459 1.81095 -3.06863 69.6022 6.03728 -29.5211 
12409816 2.74782 33.2702 179.706 -0.671982 0.302051 0.67617 1.8121 -3.06863 69.6149 6.03728 -29.4751 
12471155 2.70054 33.2703 179.741 -0.672188 0.302046 0.675967 1.81354 -3.06863 69.6101 6.03728 -29.4338 
12530625 2.67183 33.296 179.75 -0.672133 0.302793 0.675687 1.81469 -3.06949 69.599 6.03728 -29.4068 
12591450 2.67624 33.3396 179.742 -0.671841 0.304033 0.675421 1.81498 -3.07092 69.5895 6.03728 -29.3942 
12654894 2.64641 33.3658 179.73 -0.671814 0.30477 0.675116 1.81613 -3.07179 69.5815 6.03728 -29.391 
12717921 2.61135 33.4155 179.689 -0.671543 0.306284 0.6747 1.81785 -3.07351 69.553 6.03728 -29.391 
12781127 2.59783 33.4591 179.625 -0.670949 0.307879 0.674565 1.81929 -3.07523 69.4942 6.03728 -29.391 
12842204 2.57943 33.4803 179.548 -0.670293 0.309044 0.674684 1.82101 -3.07638 69.4117 6.03728 -29.391 
12897466 2.56391 33.5099 179.458 -0.669568 0.310455 0.674757 1.82273 -3.07782 69.3276 6.03728 -29.3989 
12960199 2.55377 33.5467 179.33 -0.668714 0.312126 0.674833 1.82446 -3.07954 69.2355 6.03728 -29.437 
13020223 2.53667 33.582 179.193 -0.667985 0.313658 0.674844 1.82618 -3.08098 69.1561 6.03728 -29.4926 
13080511 2.52275 33.615 179.047 -0.667404 0.315004 0.674792 1.82762 -3.08241 69.0942 6.03728 -29.5751 
13140687 2.51486 33.6549 178.877 -0.666679 0.316613 0.674756 1.82905 -3.08414 69.0228 6.03728 -29.672 
13201446 2.50494 33.7038 178.696 -0.665867 0.318467 0.674685 1.83049 -3.08615 68.9481 6.03728 -29.7752 
13254175 2.49453 33.7397 178.54 -0.665404 0.319803 0.67451 1.83164 -3.08759 68.9037 6.03728 -29.8783 
13316175 2.49822 33.7683 178.332 -0.664589 0.321192 0.674653 1.83279 -3.08902 68.8227 6.03728 -30.0085 
13379675 2.51669 33.7892 178.139 -0.663785 0.322334 0.6749 1.83336 -3.09017 68.7481 6.03728 -30.1323 
13439757 2.56166 33.7764 177.946 -0.662716 0.32286 0.675699 1.83336 -3.09046 68.637 6.03728 -30.2355 
13501690 2.61826 33.7478 177.743 -0.661369 0.323239 0.676836 1.83336 -3.09046 68.4894 6.03728 -30.3212 
13564741 2.65413 33.7297 177.552 -0.660513 0.323479 0.677557 1.83336 -3.09046 68.3957 6.03728 -30.4387 
13625068 2.70578 33.7035 177.371 -0.659262 0.323786 0.678628 1.83336 -3.09046 68.2608 6.03728 -30.5165 
13683816 2.77257 33.6715 177.198 -0.657792 0.324194 0.679859 1.83336 -3.09046 68.1004 6.03728 -30.5625 
13745831 2.81601 33.6198 177.016 -0.656752 0.323812 0.681045 1.83336 -3.0896 67.9686 6.03728 -30.6483 
13810220 2.83752 33.5174 176.871 -0.656113 0.322495 0.682285 1.83422 -3.08701 67.8575 6.03642 -30.7277 
13870356 2.87964 33.3576 176.735 -0.655445 0.320203 0.684005 1.83509 -3.0827 67.7321 6.0347 -30.8038 
13933109 2.93083 33.1829 176.633 -0.654691 0.317811 0.68584 1.83566 -3.07811 67.6019 6.03297 -30.842 
13996265 3.02367 32.9652 176.522 -0.65377 0.314623 0.688184 1.83537 -3.07207 67.4607 6.03067 -30.8943 
14057013 3.13864 32.7504 176.433 -0.652861 0.311384 0.690516 1.83422 -3.06604 67.3384 6.02838 -30.9404 
14112046 3.24814 32.5282 176.367 -0.652084 0.307864 0.692825 1.83307 -3.05972 67.2257 6.02608 -30.9737 
14175565 3.39814 32.2475 176.298 -0.651161 0.303288 0.695705 1.83106 -3.05168 67.1003 6.02321 -31.015 
14236358 3.52775 31.9595 176.253 -0.650455 0.29875 0.698325 1.82991 -3.04335 66.9971 6.01976 -31.0515 
14295993 3.68913 31.6784 176.21 -0.649525 0.294438 0.701016 1.8279 -3.0353 66.8939 6.01631 -31.0848 
14359005 3.85154 31.378 176.174 -0.648662 0.289952 0.70368 1.82618 -3.02668 66.8018 6.01229 -31.1245 
14421843 4.02993 31.0351 176.132 -0.647675 0.285553 0.706383 1.82532 -3.01692 66.7145 6.00654 -31.1817 
14479917 4.18955 30.7321 176.097 -0.646855 0.281679 0.708685 1.82446 -3.0083 66.6494 6.00137 -31.2388 
14540502 4.39698 30.3716 176.058 -0.645625 0.277874 0.711304 1.82388 -2.99824 66.5717 5.99419 -31.3007 
14601446 4.57635 30.0524 176.013 -0.644681 0.274929 0.713303 1.82388 -2.98934 66.5336 5.98701 -31.3896 
14661467 4.77455 29.7418 175.967 -0.643759 0.272329 0.71513 1.82331 -2.98072 66.5224 5.97954 -31.4992 
14725587 4.95996 29.4314 175.921 -0.643021 0.270018 0.716668 1.82331 -2.9721 66.5367 5.9715 -31.6278 
14788062 5.18205 29.0906 175.865 -0.641873 0.267976 0.718462 1.82331 -2.96291 66.5304 5.9623 -31.7532 
14849208 5.38696 28.7688 175.809 -0.640842 0.266032 0.720103 1.82331 -2.95429 66.5288 5.95369 -31.877 
14910614 5.5888 28.4259 175.751 -0.639931 0.263908 0.721693 1.82359 -2.9451 66.5415 5.94449 -32.0183 
14966435 5.79051 28.0793 175.702 -0.63898 0.261779 0.723309 1.82388 -2.93591 66.5494 5.9353 -32.1453 
15041295 6.02035 27.6281 175.647 -0.638225 0.259409 0.724828 1.82532 -2.92384 66.6161 5.92237 -32.3453 
15125036 6.35401 27.073 175.572 -0.636919 0.258058 0.726457 1.82675 -2.90948 66.7225 5.90456 -32.612 
15209480 6.66157 26.5489 175.466 -0.636007 0.256108 0.727945 1.82704 -2.89598 66.8479 5.88876 -32.9184 
15296014 6.96818 26.0098 175.345 -0.635112 0.252435 0.730006 1.82561 -2.88247 66.9336 5.87526 -33.2089 
15378784 7.26607 25.4986 175.221 -0.633788 0.249283 0.732237 1.82446 -2.86983 66.9638 5.86262 -33.4518 
15467457 7.5471 24.9998 175.067 -0.632902 0.246153 0.73406 1.82302 -2.85748 67.0431 5.85027 -33.7582 
15532799 7.74586 24.6599 174.933 -0.632041 0.242109 0.736143 1.82015 -2.84915 67.0209 5.8451 -33.9344 
15594943 7.912 24.3249 174.819 -0.63111 0.236561 0.738741 1.81699 -2.84111 66.932 5.84251 -34.0392 
15657225 8.07826 23.9348 174.701 -0.63026 0.229976 0.741542 1.81411 -2.83134 66.8479 5.83935 -34.1566 
15718573 8.24377 23.5496 174.592 -0.629338 0.2237 0.74424 1.81153 -2.82157 66.7606 5.8359 -34.2598 
15781449 8.42351 23.14 174.463 -0.628228 0.21694 0.747172 1.80866 -2.81123 66.6574 5.83246 -34.371 
15839519 8.57587 22.7774 174.346 -0.627157 0.210847 0.749812 1.80636 -2.80204 66.5526 5.82958 -34.4583 
15898952 8.72457 22.4003 174.218 -0.626096 0.204268 0.752515 1.80406 -2.79227 66.4462 5.82671 -34.5583 
15962190 8.88307 22.0081 174.07 -0.624918 0.197267 0.755357 1.80147 -2.78222 66.3319 5.82413 -34.671 
16021555 9.01186 21.6452 173.932 -0.623986 0.190581 0.757839 1.79946 -2.77274 66.2383 5.82183 -34.7853 
16082367 9.13213 21.2823 173.792 -0.6231 0.183842 0.76023 1.79774 -2.76326 66.1526 5.81953 -34.9044 
16145920 9.24679 20.9224 173.66 -0.622088 0.176882 0.762705 1.7963 -2.75378 66.0462 5.81752 -34.9996 
16212852 9.36708 20.5473 173.503 -0.620902 0.169443 0.765356 1.79458 -2.74372 65.924 5.8158 -35.106 
16277520 9.46411 20.2531 173.349 -0.619814 0.162658 0.767706 1.79257 -2.73568 65.8049 5.8158 -35.2012 
16341150 9.53148 19.9785 173.197 -0.618912 0.156159 0.769781 1.79142 -2.72792 65.6969 5.8158 -35.2997 
16403495 9.56446 19.687 173.062 -0.61836 0.148933 0.771654 1.79113 -2.7193 65.6128 5.8158 -35.4028 
16469726 9.58925 19.3903 172.917 -0.617829 0.14149 0.773478 1.79113 -2.7104 65.5318 5.8158 -35.5187 
16531533 9.62416 19.1117 172.774 -0.616989 0.134609 0.775374 1.79113 -2.70207 65.4271 5.8158 -35.6092 
16595756 9.6564 18.7993 172.653 -0.616295 0.1267 0.777256 1.79113 -2.69259 65.3445 5.8158 -35.7013 
16656447 9.70107 18.5119 172.515 -0.615532 0.11838 0.779171 1.7897 -2.68397 65.2667 5.81723 -35.8092 
16719199 9.7126 18.2816 172.387 -0.614933 0.11095 0.780736 1.78912 -2.6765 65.1953 5.81924 -35.9061 
16783039 9.70866 18.0348 172.236 -0.614215 0.102339 0.782475 1.78883 -2.66817 65.1064 5.82212 -36.014 
16847064 9.65028 17.8185 172.085 -0.613841 0.0934948 0.783874 1.7897 -2.66013 65.0334 5.82585 -36.1331 
16907519 9.55845 17.6416 171.94 -0.613644 0.0852537 0.784967 1.79142 -2.65295 64.9683 5.82987 -36.2474 
16970954 9.45087 17.4731 171.799 -0.613429 0.0767004 0.786016 1.79343 -2.64576 64.9016 5.83447 -36.3569 
17058847 9.25998 17.2486 171.598 -0.61257 0.059668 0.788161 1.79458 -2.63456 64.7635 5.84768 -36.4792 
17143996 9.04993 17.0256 171.427 -0.611321 0.0407913 0.790331 1.79544 -2.62278 64.6317 5.8632 -36.5776 
17227847 8.85097 16.8046 171.27 -0.609611 0.0220208 0.792395 1.7963 -2.61129 64.5063 5.87871 -36.6665 
17315659 8.54755 16.588 171.131 -0.607704 0.000481824 0.794164 1.79918 -2.59836 64.3968 5.89738 -36.7522 
17399818 8.24258 16.3874 171.005 -0.604916 -0.0210992 0.79601 1.80234 -2.58572 64.2603 5.91692 -36.7998 
17484983 7.94292 16.1885 170.894 -0.601017 -0.0437164 0.79804 1.80521 -2.5728 64.1015 5.93817 -36.8125 
17573340 7.5717 15.9916 170.79 -0.596447 -0.0671608 0.799838 1.81038 -2.55929 63.9269 5.96058 -36.8062 
17661726 7.24385 15.8028 170.715 -0.592197 -0.0844005 0.801361 1.81814 -2.54752 63.7142 5.97581 -36.73 
17747899 6.94801 15.6443 170.667 -0.587675 -0.0988342 0.803038 1.82618 -2.53746 63.4427 5.98902 -36.5744 
17833069 6.59153 15.4666 170.654 -0.583226 -0.11262 0.804465 1.83738 -2.52655 63.1538 6.0008 -36.368 
17918526 6.24742 15.3354 170.67 -0.578173 -0.126033 0.806122 1.84744 -2.51707 62.8331 6.0143 -36.1029 
18001094 5.88899 15.2001 170.707 -0.573012 -0.139565 0.807576 1.85778 -2.50759 62.5315 6.02809 -35.8331 
18086894 5.55593 15.0792 170.772 -0.567284 -0.152744 0.809233 1.86726 -2.49868 62.2076 6.04245 -35.5155 
18173214 5.22101 14.9654 170.852 -0.561161 -0.166041 0.810882 1.87645 -2.49006 61.8838 6.05768 -35.1822 
18258887 4.8955 14.8678 170.969 -0.555027 -0.178599 0.812433 1.88507 -2.48231 61.5726 6.0729 -34.8202 
18346215 4.51574 14.747 171.118 -0.549061 -0.191784 0.813481 1.89512 -2.47426 61.3107 6.08842 -34.4694 
18433556 4.20655 14.6418 171.305 -0.542644 -0.204498 0.814689 1.90259 -2.46679 61.063 6.10422 -34.0916 
18523330 3.92799 14.5306 171.503 -0.536656 -0.216034 0.815677 1.90949 -2.4599 60.8535 6.11829 -33.7328 
18606907 3.6418 14.4281 171.744 -0.530612 -0.227067 0.816634 1.91667 -2.45329 60.6344 6.13237 -33.3232 
18692733 3.41652 14.3086 172.015 -0.523968 -0.238543 0.817652 1.92213 -2.44611 60.4455 6.14644 -32.9105 
18779608 3.13056 14.1635 172.329 -0.517275 -0.250554 0.818321 1.9296 -2.43835 60.2693 6.16081 -32.4676 
18868786 2.88986 13.9802 172.652 -0.510869 -0.261945 0.818778 1.93707 -2.42974 60.1296 6.17259 -32.0484 
18953031 2.6657 13.7341 172.995 -0.50457 -0.273694 0.818841 1.94568 -2.41939 60.0391 6.18207 -31.6579 
19038282 2.43938 13.4144 173.36 -0.497928 -0.286137 0.818653 1.95631 -2.40675 59.9565 6.18982 -31.2563 
19122431 2.23762 13.0252 173.74 -0.490371 -0.299705 0.81836 1.96809 -2.39182 59.8787 6.19643 -30.8499 
19206620 2.09913 12.5408 174.136 -0.48201 -0.314213 0.817885 1.98102 -2.37343 59.8216 6.20016 -30.453 
19300938 1.94938 11.9392 174.57 -0.473669 -0.329229 0.816851 1.99768 -2.35189 59.774 6.19988 -30.0323 
19593238 1.97727 9.79074 175.759 -0.452634 -0.369268 0.811643 2.04968 -2.2772 59.8994 6.17058 -29.1116 
20581471 3.15874 -0.677724 179.266 -0.382166 -0.489474 0.783814 2.28466 -1.92586 59.6438 5.94105 -25.2508 
21010860 3.20526 -3.51506 180.595 -0.370729 -0.508743 0.777008 2.35648 -1.81383 59.0279 5.84366 -23.2521 
21138260 3.17403 -4.22081 180.992 -0.369018 -0.511529 0.775992 2.37602 -1.7828 58.7088 5.81292 -22.5473 
21244172 3.12434 -4.7424 181.285 -0.368717 -0.513113 0.775089 2.39067 -1.75953 58.4818 5.78851 -22.0345 
21375362 2.98523 -5.3413 181.649 -0.36851 -0.515386 0.773678 2.40934 -1.7331 58.2293 5.76179 -21.4233 
21518802 2.83959 -6.00583 182.039 -0.369746 -0.517057 0.771971 2.4283 -1.70352 57.9817 5.72904 -20.7835 
21683111 2.51253 -6.69468 182.512 -0.370263 -0.519713 0.769938 2.45387 -1.67306 57.6483 5.69859 -19.9835 
21860108 2.34914 -7.52915 183.012 -0.370281 -0.522056 0.768342 2.478 -1.6317 57.207 5.65521 -19.0563 
22012803 2.20171 -8.31129 183.435 -0.372849 -0.521923 0.767189 2.49839 -1.59177 56.7561 5.60752 -18.1991 
22133227 2.07133 -8.93913 183.8 -0.375346 -0.523221 0.765085 2.51247 -1.56189 56.5799 5.57248 -17.6371 
22249803 1.93278 -9.50602 184.12 -0.37646 -0.525528 0.762953 2.52597 -1.5346 56.4339 5.54346 -17.1466 
22364944 1.78771 -10.0525 184.437 -0.377607 -0.526783 0.76152 2.53976 -1.50645 56.1751 5.51244 -16.564 
22471457 1.68182 -10.5819 184.727 -0.376938 -0.528807 0.760448 2.55326 -1.47743 55.8687 5.48342 -15.9671 
22580503 1.64417 -11.1598 185.051 -0.378502 -0.528996 0.759539 2.56332 -1.44497 55.5766 5.44493 -15.3432 
22688341 1.53975 -11.7374 185.37 -0.384851 -0.525718 0.758624 2.57079 -1.41251 55.3179 5.39724 -14.7526 
22783907 1.43901 -12.1951 185.642 -0.387402 -0.525542 0.757447 2.57825 -1.38723 55.1512 5.36564 -14.2891 
22876562 1.31133 -12.6267 185.937 -0.388412 -0.527161 0.755803 2.58716 -1.36339 55.0512 5.34008 -13.8573 
22961896 1.16344 -12.9793 186.209 -0.388525 -0.529671 0.753987 2.59607 -1.34414 55.0131 5.32226 -13.5049 
23056140 1.09446 -13.4172 186.516 -0.389266 -0.531542 0.752286 2.60267 -1.31915 54.9623 5.29555 -13.0969 
23146256 1.01993 -13.8386 186.798 -0.390303 -0.53308 0.750659 2.60871 -1.29473 54.9242 5.26883 -12.7222 
23241986 0.976411 -14.2347 187.106 -0.391553 -0.533958 0.749383 2.61301 -1.27089 54.8718 5.24154 -12.3127 
23335575 0.935515 -14.6305 187.378 -0.39338 -0.533973 0.748415 2.61646 -1.24618 54.7892 5.21138 -11.9126 
23424385 0.831553 -14.9906 187.661 -0.394835 -0.534809 0.747051 2.62163 -1.22377 54.7495 5.18581 -11.5395 
23516434 0.770157 -15.3744 187.957 -0.396694 -0.534866 0.746024 2.62479 -1.19936 54.6781 5.15593 -11.1236 
23611581 0.680386 -15.7407 188.267 -0.398442 -0.535065 0.744949 2.62853 -1.17551 54.6051 5.12721 -10.6934 
23707072 0.57547 -16.1397 188.572 -0.39986 -0.535894 0.743592 2.63284 -1.14937 54.5384 5.09704 -10.2679 
23798365 0.494311 -16.4773 188.87 -0.40117 -0.53636 0.74255 2.63571 -1.12696 54.4686 5.07062 -9.85679 
23894313 0.403055 -16.8395 189.184 -0.40186 -0.537753 0.741168 2.63916 -1.10312 54.413 5.04447 -9.43769 
23982999 0.323443 -17.1864 189.476 -0.402739 -0.53866 0.740031 2.64174 -1.07956 54.3352 5.01776 -9.02652 
24075176 0.219645 -17.5319 189.754 -0.404008 -0.539605 0.73865 2.64433 -1.05658 54.2812 4.99133 -8.6487 
24167203 0.147306 -17.9143 190.037 -0.405666 -0.539958 0.737483 2.6449 -1.0313 54.1955 4.96088 -8.23754 
24262200 0.0685939 -18.2768 190.326 -0.406988 -0.540608 0.736277 2.64576 -1.00717 54.1129 4.93244 -7.82637 
24357361 -0.0454147 -18.6111 190.597 -0.40846 -0.54089 0.735254 2.64749 -0.98304 54.0066 4.904 -7.41521 
24452977 -0.16439 -18.9975 190.886 -0.41092 -0.540583 0.734108 2.64749 -0.956612 53.9018 4.87096 -6.98182 
24547252 -0.294483 -19.3896 191.163 -0.412768 -0.541049 0.732727 2.64835 -0.929034 53.805 4.83879 -6.5659 
24640315 -0.427314 -19.7211 191.426 -0.414435 -0.541297 0.731602 2.6495 -0.904616 53.7081 4.81035 -6.17061 
24732514 -0.532552 -20.0686 191.684 -0.416289 -0.541198 0.730622 2.64892 -0.880485 53.5986 4.78105 -5.76897 
24829560 -0.668052 -20.4398 191.964 -0.418809 -0.540348 0.72981 2.64806 -0.854056 53.4525 4.74744 -5.31177 
24923540 -0.836665 -20.8188 192.225 -0.421934 -0.539402 0.72871 2.6472 -0.827627 53.3414 4.71354 -4.89744 
25014397 -0.981093 -21.1902 192.468 -0.423608 -0.540584 0.726859 2.64749 -0.803209 53.3271 4.68625 -4.57994 
25102967 -1.09916 -21.511 192.704 -0.425816 -0.539769 0.726175 2.64576 -0.781376 53.2001 4.65809 -4.18624 
25190898 -1.23056 -21.8708 192.928 -0.427823 -0.539738 0.725017 2.64433 -0.758107 53.1065 4.62937 -3.8227 
25277484 -1.40221 -22.198 193.167 -0.430209 -0.539322 0.723914 2.64375 -0.735413 53.0049 4.60093 -3.4417 
25362453 -1.53312 -22.5399 193.397 -0.43216 -0.539629 0.722522 2.64203 -0.71473 52.9493 4.57565 -3.10515 
25446490 -1.66729 -22.8256 193.618 -0.433614 -0.539456 0.721779 2.64117 -0.694621 52.8096 4.55094 -2.71621 
25533273 -1.81408 -23.1783 193.854 -0.435492 -0.53961 0.720533 2.63916 -0.672788 52.6969 4.52394 -2.32251 
25616906 -1.93038 -23.4748 194.064 -0.437106 -0.539274 0.719807 2.63657 -0.65469 52.5572 4.50038 -1.94151 
25701155 -2.03551 -23.7889 194.281 -0.438623 -0.538732 0.719289 2.63284 -0.636305 52.3651 4.47597 -1.50812 
25785446 -2.16438 -24.1177 194.518 -0.440576 -0.538344 0.718386 2.62881 -0.618781 52.2222 4.45212 -1.09061 
25869611 -2.28239 -24.4358 194.751 -0.442523 -0.537508 0.717815 2.62393 -0.602407 52.0333 4.42885 -0.638175 
25953799 -2.39297 -24.7465 194.972 -0.443996 -0.536905 0.717356 2.61905 -0.586032 51.8143 4.40616 -0.173037 
26038818 -2.47425 -25.0546 195.197 -0.445266 -0.536039 0.717217 2.61273 -0.571381 51.5698 4.3849 0.315912 
26126952 -2.52644 -25.3626 195.423 -0.445968 -0.535425 0.717239 2.60583 -0.557592 51.3063 4.36508 0.823912 
26216137 -2.58666 -25.695 195.646 -0.446879 -0.534632 0.717264 2.5975 -0.544378 51.03 4.34497 1.34779 
26306066 -2.68025 -26.0063 195.874 -0.448208 -0.533622 0.717187 2.58975 -0.531738 50.7729 4.32544 1.85896 
26390186 -2.73823 -26.3328 196.091 -0.448991 -0.533092 0.717091 2.58084 -0.520822 50.522 4.3082 2.36061 
26475095 -2.76035 -26.6431 196.283 -0.449142 -0.532656 0.717321 2.57136 -0.511055 50.2458 4.29297 2.85591 
26562996 -2.80043 -26.9309 196.494 -0.449152 -0.532316 0.717567 2.56274 -0.501 49.9632 4.27804 3.37344 
26639610 -2.83108 -27.1899 196.643 -0.449138 -0.532329 0.717566 2.55499 -0.492957 49.7489 4.26626 3.76555 
26703666 -2.86189 -27.3577 196.763 -0.44887 -0.53345 0.716901 2.55183 -0.486349 49.6854 4.25965 3.97986 
26765997 -2.89509 -27.496 196.863 -0.448618 -0.534496 0.716279 2.54953 -0.480317 49.6346 4.2539 4.15607 
26829087 -2.89389 -27.6599 196.941 -0.447394 -0.536431 0.715598 2.54694 -0.472848 49.5632 4.24845 4.33546 
26891224 -2.87011 -27.8045 196.991 -0.445723 -0.538557 0.715044 2.54464 -0.465953 49.4886 4.24414 4.4831 
26953310 -2.83336 -27.9556 197.029 -0.443606 -0.540969 0.71454 2.54235 -0.458197 49.3933 4.23983 4.64026 
27017170 -2.78636 -28.0916 197.049 -0.441265 -0.543234 0.714271 2.54005 -0.450728 49.2743 4.23581 4.79584 
27076358 -2.74799 -28.197 197.049 -0.43942 -0.545068 0.71401 2.53832 -0.444982 49.1901 4.23293 4.89426 
27138960 -2.67749 -28.3058 197.041 -0.436845 -0.547105 0.714033 2.53603 -0.43895 49.0599 4.23035 5.02602 
27201271 -2.61506 -28.369 197.028 -0.434506 -0.548574 0.714333 2.53459 -0.434066 48.925 4.22834 5.14509 
27264325 -2.53194 -28.4366 196.978 -0.431682 -0.550275 0.714736 2.53287 -0.428895 48.7694 4.22661 5.24669 
27326096 -2.42254 -28.4761 196.905 -0.428805 -0.551536 0.715496 2.53086 -0.426022 48.6043 4.22661 5.32606 
27389162 -2.32016 -28.4973 196.827 -0.425972 -0.552658 0.716322 2.52942 -0.42315 48.4376 4.22661 5.3975 
27453899 -2.22018 -28.4864 196.726 -0.422864 -0.553757 0.717314 2.52913 -0.419703 48.2551 4.22661 5.45306 
27516002 -2.13303 -28.4602 196.62 -0.420092 -0.554511 0.718359 2.52913 -0.41683 48.0789 4.22661 5.49434 
27578769 -2.03982 -28.4425 196.494 -0.417083 -0.555537 0.719319 2.52913 -0.413383 47.9042 4.22661 5.51656 
27642359 -1.9541 -28.4155 196.357 -0.414327 -0.556257 0.720355 2.52913 -0.41051 47.7296 4.22661 5.52609 
27704294 -1.85973 -28.4093 196.226 -0.411433 -0.557359 0.721162 2.52884 -0.40735 47.5756 4.2269 5.52768 
27765549 -1.73583 -28.39 196.09 -0.408557 -0.558039 0.72227 2.5277 -0.406775 47.4137 4.22891 5.52768 
27827282 -1.63616 -28.3192 195.948 -0.405748 -0.558309 0.723643 2.52827 -0.405626 47.2311 4.23035 5.52768 
27890640 -1.54262 -28.254 195.825 -0.403333 -0.558425 0.724903 2.52856 -0.405339 47.0724 4.23207 5.52768 
27953853 -1.44355 -28.1554 195.7 -0.400706 -0.55839 0.726385 2.52971 -0.405339 46.9009 4.23437 5.52768 
28017933 -1.34775 -28.047 195.574 -0.398086 -0.558268 0.727918 2.53114 -0.405339 46.7263 4.23667 5.52768 
28080161 -1.24806 -27.9524 195.452 -0.395608 -0.558148 0.729359 2.532 -0.405914 46.5644 4.23925 5.5245 
28133185 -1.15937 -27.8639 195.342 -0.393475 -0.557991 0.730632 2.53287 -0.406775 46.4279 4.24184 5.5118 
28196135 -1.0589 -27.7692 195.219 -0.391049 -0.557868 0.732027 2.53373 -0.407637 46.2755 4.24471 5.4991 
28257710 -0.962831 -27.6512 195.088 -0.38881 -0.557347 0.733616 2.53488 -0.409361 46.1151 4.24787 5.47846 
28319851 -0.884123 -27.5323 194.966 -0.386929 -0.556727 0.735079 2.53631 -0.411084 45.9738 4.25074 5.45148 
28375783 -0.808784 -27.431 194.863 -0.385221 -0.556265 0.736324 2.53746 -0.412808 45.8564 4.25362 5.42608 
28437968 -0.722597 -27.2847 194.736 -0.383328 -0.55532 0.738024 2.53919 -0.415681 45.7056 4.25735 5.39591 
28500167 -0.65616 -27.1334 194.616 -0.381656 -0.554332 0.739631 2.54148 -0.417979 45.5643 4.26051 5.36257 
28555990 -0.593636 -26.9961 194.508 -0.380298 -0.553256 0.741135 2.54321 -0.420852 45.4373 4.26367 5.33241 
28612748 -0.537888 -26.8353 194.393 -0.378856 -0.552084 0.742746 2.54579 -0.423437 45.3023 4.26683 5.29749 
28671893 -0.473869 -26.6835 194.277 -0.377194 -0.55106 0.74435 2.54809 -0.425735 45.1595 4.26999 5.2705 
28734910 -0.421504 -26.4978 194.172 -0.375969 -0.549475 0.74614 2.55096 -0.42947 45.0213 4.27373 5.24193 
28797884 -0.376014 -26.2923 194.061 -0.374748 -0.54771 0.748049 2.55441 -0.433204 44.8737 4.27746 5.21176 
28858042 -0.328875 -26.1107 193.964 -0.373628 -0.546147 0.74975 2.55728 -0.436939 44.7451 4.2812 5.18478 
28920073 -0.280195 -25.9367 193.859 -0.372419 -0.544609 0.751468 2.55987 -0.440386 44.6054 4.28464 5.16096 
28977747 -0.220321 -25.7629 193.768 -0.371121 -0.54307 0.753223 2.56217 -0.444408 44.4657 4.28866 5.15144 
29040667 -0.161308 -25.5496 193.664 -0.370212 -0.540676 0.755389 2.56447 -0.450728 44.307 4.29355 5.13556 
29103885 -0.113458 -25.3164 193.561 -0.369803 -0.537704 0.757708 2.56676 -0.458484 44.1498 4.29872 5.11492 
29166025 -0.0838317 -25.0786 193.468 -0.369905 -0.534385 0.760002 2.56906 -0.466815 44.0038 4.3036 5.09429 
29229224 -0.0633453 -24.8146 193.394 -0.370513 -0.530569 0.762375 2.57165 -0.476869 43.8768 4.30935 5.06889 
29288294 -0.0442402 -24.5634 193.313 -0.371384 -0.526511 0.764761 2.57337 -0.487498 43.7466 4.31481 5.0419 
29343408 -0.0257892 -24.3294 193.243 -0.372464 -0.522496 0.766987 2.57452 -0.498415 43.6354 4.32026 5.01333 
29405206 -0.00135857 -24.0868 193.157 -0.373809 -0.517875 0.769463 2.57481 -0.510767 43.5037 4.32601 4.98475 
29467401 0.0293109 -23.852 193.068 -0.375342 -0.513036 0.771953 2.57423 -0.524269 43.3783 4.33204 4.94982 
29553141 0.0709458 -23.4937 192.97 -0.377835 -0.507582 0.774339 2.57624 -0.544665 43.4053 4.34554 4.74345 
29637431 0.122919 -23.0787 192.866 -0.380048 -0.501687 0.777093 2.57883 -0.566498 43.4068 4.36077 4.54343 
29721499 0.150324 -22.6946 192.761 -0.383097 -0.496004 0.779241 2.58084 -0.588905 43.4878 4.37628 4.28149 
29806850 0.189653 -22.323 192.655 -0.386355 -0.490425 0.781161 2.5817 -0.613036 43.6101 4.39323 3.9878 
29890864 0.194359 -21.9186 192.576 -0.390037 -0.484652 0.782932 2.58371 -0.637741 43.7513 4.41075 3.70046 
29978606 0.186154 -21.5217 192.481 -0.394115 -0.47876 0.784514 2.58515 -0.663308 43.9021 4.42857 3.39407 
30062564 0.190526 -21.1436 192.39 -0.398279 -0.472816 0.786014 2.58515 -0.690024 44.0641 4.44695 3.08927 
30147438 0.184177 -20.7685 192.293 -0.402208 -0.467324 0.787297 2.58572 -0.715879 44.2244 4.46562 2.78289 
30242189 0.171676 -20.3077 192.211 -0.407731 -0.45982 0.788873 2.58486 -0.749777 44.4451 4.48889 2.4257 
30347288 0.138044 -19.8571 192.111 -0.41723 -0.449695 0.789743 2.57854 -0.796314 44.8705 4.51676 1.88436 
30456453 0.0537749 -19.3714 192.013 -0.427093 -0.439184 0.790385 2.57395 -0.842278 45.3293 4.54434 1.31763 
30563069 0.00381577 -18.9286 191.91 -0.435283 -0.42967 0.791146 2.56935 -0.883357 45.7262 4.56933 0.811213 
30667998 -0.00761026 -18.5257 191.79 -0.442769 -0.420502 0.791918 2.5636 -0.922139 46.1135 4.59288 0.306387 
30774297 -0.0143294 -18.1066 191.681 -0.449669 -0.41163 0.792691 2.55843 -0.960059 46.4993 4.61702 -0.188913 
30882000 0.00419559 -17.6687 191.567 -0.456554 -0.402322 0.793533 2.5524 -0.999128 46.9089 4.64229 -0.712788 
30991940 0.0148109 -17.2439 191.434 -0.463233 -0.393703 0.793986 2.54665 -1.03619 47.3359 4.66729 -1.27 
31094228 0.050395 -16.8606 191.307 -0.468833 -0.386212 0.794378 2.54091 -1.06893 47.7249 4.69027 -1.78435 
31189562 0.0604067 -16.475 191.194 -0.471838 -0.381728 0.794766 2.54034 -1.09335 47.9709 4.71153 -2.16376 
31293783 0.0767727 -16.087 191.065 -0.47726 -0.374414 0.795008 2.53516 -1.12409 48.3218 4.73279 -2.65113 
31394072 0.149871 -15.7427 190.935 -0.481745 -0.367748 0.795414 2.52827 -1.1531 48.6266 4.75289 -3.09721 
31493436 0.241366 -15.3913 190.801 -0.485812 -0.361343 0.795876 2.52109 -1.18183 48.9123 4.77329 -3.53377 
31595075 0.32972 -15.0305 190.657 -0.491499 -0.352529 0.796337 2.51103 -1.21401 49.2425 4.79196 -4.02114 
31693332 0.434167 -14.6855 190.523 -0.495324 -0.345903 0.796872 2.50328 -1.24101 49.4981 4.81006 -4.4323 
31797903 0.563571 -14.3208 190.372 -0.499216 -0.338998 0.797411 2.49408 -1.26974 49.7727 4.82931 -4.87997 
31897190 0.692705 -13.9784 190.221 -0.502917 -0.332489 0.797826 2.48489 -1.29674 50.0537 4.84712 -5.32765 
32004967 0.851472 -13.6269 190.062 -0.507052 -0.324302 0.798578 2.4734 -1.32518 50.3315 4.86321 -5.78326 
32107977 1.00677 -13.2883 189.908 -0.511131 -0.31647 0.799119 2.46191 -1.35247 50.6379 4.87872 -6.25157 
32214134 1.21422 -12.9538 189.755 -0.514946 -0.307779 0.800064 2.44812 -1.38062 50.93 4.89308 -6.7056 
32322105 1.44061 -12.6231 189.592 -0.518533 -0.299487 0.800894 2.43376 -1.40849 51.257 4.90802 -7.19455 
32427386 1.63989 -12.3156 189.449 -0.521936 -0.29235 0.80132 2.42083 -1.43377 51.6174 4.92267 -7.68509 
32533973 1.86101 -12.0253 189.289 -0.525068 -0.285206 0.801849 2.40704 -1.45819 51.973 4.93646 -8.18356 
32639047 2.07595 -11.7439 189.126 -0.528006 -0.278321 0.802338 2.39383 -1.48146 52.3175 4.94967 -8.67092 
32744360 2.2878 -11.4567 188.962 -0.530569 -0.271338 0.803039 2.38119 -1.50386 52.6223 4.96231 -9.12654 
32845994 2.46216 -11.2002 188.79 -0.53339 -0.265302 0.803187 2.3697 -1.52426 52.9747 4.97438 -9.62342 
32943198 2.7284 -10.9736 188.641 -0.534655 -0.260511 0.803914 2.35648 -1.54379 53.2636 4.98759 -10.0393 
33024782 2.89954 -10.8068 188.52 -0.536068 -0.256677 0.804206 2.347 -1.55816 53.5018 4.99679 -10.3775 
33086688 2.99966 -10.692 188.445 -0.537019 -0.253891 0.804457 2.34126 -1.56735 53.6415 5.00225 -10.5807 
33147017 3.10587 -10.59 188.383 -0.53781 -0.251668 0.804626 2.33551 -1.57597 53.7859 5.00799 -10.7744 
33210276 3.21257 -10.4879 188.312 -0.53879 -0.24944 0.804665 2.32948 -1.58487 53.9558 5.01402 -10.9982 
33274087 3.3046 -10.4038 188.247 -0.539616 -0.247638 0.804668 2.32431 -1.59234 54.1034 5.01919 -11.1951 
33334254 3.41241 -10.3364 188.181 -0.540297 -0.245806 0.804772 2.31856 -1.59952 54.24 5.02379 -11.3824 
