3.14016 3.14016 43.0195 0.00143635 -0.015875 -21.5085 4.53146 185.249 -0.704438 0.0169394 0.709514 -20.2563 6.06062 189.482 -0.657841 0.113109 0.744615 
3.14016 3.14016 43.0211 0.00143635 -0.0174625 -21.5085 4.53146 185.249 -0.704438 0.0169394 0.709514 -20.2571 6.06091 189.482 -0.657855 0.113113 0.744602 
3.14016 3.14016 43.0211 0.00143635 -0.0174625 -21.5085 4.53146 185.249 -0.704438 0.0169394 0.709514 -20.2571 6.06091 189.482 -0.657855 0.113113 0.744602 
3.14016 3.14016 43.0211 0.00143635 -0.0174625 -21.5073 4.53141 185.251 -0.704561 0.0169453 0.709394 -20.2571 6.06091 189.482 -0.657855 0.113113 0.744602 
3.14016 3.14016 43.0211 0.00143635 -0.0174625 -21.5084 4.53263 185.251 -0.70445 0.0168139 0.709396 -20.2571 6.06091 189.482 -0.657855 0.113113 0.744602 
3.14016 3.14016 43.0211 0.00143635 -0.0174625 -21.5073 4.53254 185.251 -0.704571 0.0168237 0.709398 -20.2571 6.06091 189.482 -0.657855 0.113113 0.744602 
3.14016 3.14016 43.0211 0.00143635 -0.0174625 -21.5073 4.53254 185.251 -0.704571 0.0168237 0.709398 -20.2571 6.06091 189.482 -0.657855 0.113113 0.744602 
3.14016 3.14016 43.0211 0.00143635 -0.0174625 -21.5072 4.53367 185.25 -0.704581 0.0167021 0.709401 -20.2571 6.06091 189.482 -0.657855 0.113113 0.744602 
3.14016 3.14016 43.0211 0.00143635 -0.0174625 -21.5072 4.53367 185.25 -0.704581 0.0167021 0.709401 -20.2571 6.06091 189.482 -0.657855 0.113113 0.744602 
3.14016 3.14016 43.0211 0.00143635 -0.0174625 -21.5073 4.53254 185.251 -0.704571 0.0168237 0.709398 -20.2571 6.06091 189.482 -0.657855 0.113113 0.744602 
3.14016 3.14016 43.0211 0.00143635 -0.0174625 -21.5072 4.53367 185.25 -0.704581 0.0167021 0.709401 -20.2571 6.06091 189.482 -0.657855 0.113113 0.744602 
3.14016 3.14016 43.0211 0.00143635 -0.0174625 -21.5072 4.53367 185.25 -0.704581 0.0167021 0.709401 -20.2571 6.06091 189.482 -0.657855 0.113113 0.744602 
3.14016 3.14016 43.0211 0.00143635 -0.0174625 -21.5072 4.53367 185.25 -0.704581 0.0167021 0.709401 -20.2571 6.06091 189.482 -0.657855 0.113113 0.744602 
3.14016 3.14016 43.0211 0.00143635 -0.0174625 -21.5072 4.53367 185.25 -0.704581 0.0167021 0.709401 -20.5431 5.72494 187.922 -0.676336 0.0854622 0.731618 
3.14016 3.14016 43.0211 0.00143635 -0.0174625 -21.5072 4.53367 185.25 -0.704581 0.0167021 0.709401 -20.5708 5.8055 187.013 -0.682433 0.0761059 0.726975 
3.14016 3.14016 43.0211 0.00143635 -0.0174625 -21.5082 4.53489 185.25 -0.704469 0.0165707 0.709404 -20.5266 6.00652 186.339 -0.678504 0.0719133 0.731068 
3.14016 3.14016 43.0211 0.00143635 -0.0174625 -21.5082 4.53489 185.25 -0.704469 0.0165707 0.709404 -20.4569 6.23265 186.094 -0.682073 0.0710092 0.727829 
3.14016 3.14016 43.0211 0.00143635 -0.0174625 -21.517 4.42482 185.254 -0.704479 0.016449 0.709408 -20.3795 6.42933 185.983 -0.68437 0.0704606 0.725723 
3.14016 3.14016 43.0211 0.00143635 -0.0174625 -21.5183 4.42374 185.253 -0.704346 0.0165647 0.709525 -20.3305 6.58704 185.903 -0.685667 0.0699706 0.724545 
3.14016 3.14016 43.0211 0.00143635 -0.0174625 -21.5183 4.42374 185.253 -0.704346 0.0165647 0.709525 -20.2686 6.70144 185.834 -0.686412 0.0693777 0.723896 
3.14016 3.14016 43.0211 0.00143635 -0.0174625 -21.5183 4.4237 185.252 -0.704345 0.0165686 0.709647 -20.1912 6.76913 185.772 -0.686855 0.0687356 0.723537 
3.14016 3.14016 43.0211 0.00143635 -0.0174625 -21.5182 4.42487 185.253 -0.704356 0.0164431 0.709529 -20.1165 6.80814 185.718 -0.687114 0.0680877 0.723352 
3.14016 3.14016 43.0211 0.00143635 -0.0174625 -21.5182 4.42484 185.252 -0.704354 0.016447 0.709651 -20.0664 6.82407 185.674 -0.687176 0.0675045 0.723348 
3.14016 3.14016 43.0211 0.00143635 -0.0174625 -21.5182 4.42484 185.252 -0.704354 0.016447 0.709651 -20.0278 6.82612 185.64 -0.687176 0.0670148 0.723393 
3.14016 3.14016 43.0211 0.00143635 -0.0174625 -21.5193 4.42493 185.252 -0.704233 0.0164372 0.70965 -19.9994 6.82218 185.615 -0.687159 0.0666012 0.723448 
3.14016 3.14016 43.0211 0.00143635 -0.0174625 -21.5182 4.42484 185.252 -0.704354 0.016447 0.709651 -19.9796 6.81669 185.585 -0.687141 0.0662688 0.723496 
3.14016 3.14016 43.0211 0.00143635 -0.0174625 -21.5182 4.42484 185.252 -0.704354 0.016447 0.709651 -19.9662 6.81194 185.577 -0.687134 0.0659977 0.723527 
3.14016 3.14016 43.0211 0.00143635 -0.0174625 -21.5182 4.42484 185.252 -0.704354 0.016447 0.709651 -19.9574 6.80846 185.573 -0.687148 0.0654096 0.723567 
3.14016 3.14016 43.0211 0.00143635 -0.0174625 -21.5182 4.42484 185.252 -0.704354 0.016447 0.709651 -19.952 6.80616 185.57 -0.687139 0.0653409 0.723581 
3.14016 3.14016 43.0211 0.00143635 -0.0174625 -21.5194 4.4238 185.252 -0.704223 0.0165588 0.709646 -19.9486 6.80434 185.568 -0.687132 0.065331 0.723589 
3.14016 3.14016 43.0211 0.00143635 -0.0174625 -21.5182 4.42484 185.252 -0.704354 0.016447 0.709651 -19.9465 6.80341 185.567 -0.687128 0.0653137 0.723595 
3.14016 3.14016 43.0211 0.00143635 -0.0174625 -21.5182 4.42484 185.252 -0.704354 0.016447 0.709651 -19.9452 6.80303 185.567 -0.687131 0.0652903 0.723594 
3.14016 3.14016 43.0211 0.00143635 -0.0174625 -21.5193 4.42493 185.252 -0.704233 0.0164372 0.70965 -19.9445 6.80281 185.566 -0.687124 0.0652763 0.723602 
3.14016 3.14016 43.0211 0.00143635 -0.0174625 -21.5193 4.42493 185.252 -0.704233 0.0164372 0.70965 -19.9441 6.80267 185.566 -0.68712 0.0652678 0.723607 
3.14016 3.14016 43.0211 0.00143635 -0.0174625 -21.5182 4.42484 185.252 -0.704354 0.016447 0.709651 -19.9439 6.80259 185.566 -0.687117 0.0652628 0.72361 
3.14016 3.14016 43.0211 0.00143635 -0.0174625 -21.5181 4.42597 185.252 -0.704364 0.0163254 0.709655 -19.9436 6.80286 185.566 -0.687129 0.0652377 0.723601 
