2714 20.49 -5.10751 186.922 -0.584197 -0.0175862 0.811421 1.43118 -2.35619 69.3006 5.47682 -25.3 
48123 20.5657 -4.98207 186.929 -0.583431 -0.0134114 0.812052 1.43118 -2.35619 69.3006 5.47682 -25.3 
95397 20.6317 -4.86509 186.902 -0.582502 -0.0095056 0.812774 1.43118 -2.35619 69.3006 5.47682 -25.3 
141601 20.6939 -4.74604 186.858 -0.581391 -0.00566077 0.813604 1.43118 -2.35619 69.3006 5.47682 -25.3 
193854 20.7511 -4.62685 186.799 -0.580113 -0.00198898 0.814533 1.43118 -2.35619 69.3006 5.47682 -25.3 
240119 20.796 -4.52441 186.693 -0.579048 0.000780783 0.815293 1.43118 -2.35619 69.3006 5.47682 -25.3 
287007 20.8367 -4.42402 186.567 -0.578125 0.00304212 0.815943 1.43118 -2.35619 69.3006 5.47682 -25.3 
336147 20.8727 -4.32763 186.425 -0.576651 0.00578264 0.81697 1.43118 -2.35619 69.3006 5.47682 -25.3 
380429 20.8874 -4.24872 186.294 -0.575296 0.00801773 0.817906 1.43118 -2.35619 69.3006 5.47682 -25.3 
428408 20.8971 -4.17819 186.164 -0.573821 0.00997119 0.81892 1.43118 -2.35619 69.3006 5.47682 -25.3 
473620 20.9054 -4.10748 186.019 -0.572466 0.0119071 0.819842 1.43118 -2.35619 69.3006 5.47682 -25.3 
516515 20.9151 -4.05307 185.899 -0.571397 0.0133455 0.820565 1.43118 -2.35619 69.3006 5.47682 -25.3 
562894 20.9192 -3.98896 185.782 -0.570387 0.0146236 0.821246 1.43118 -2.35619 69.3006 5.47682 -25.3 
610764 20.9214 -3.93492 185.674 -0.569491 0.0157263 0.821847 1.43118 -2.35619 69.3006 5.47682 -25.3 
655849 20.9219 -3.88778 185.572 -0.568664 0.0167237 0.8224 1.43118 -2.35619 69.3006 5.47682 -25.3 
709601 20.9209 -3.85206 185.489 -0.56799 0.0175013 0.822849 1.43118 -2.35619 69.3006 5.47682 -25.3 
754088 20.8924 -3.84445 185.408 -0.567489 0.0182411 0.823179 1.43118 -2.35619 69.3006 5.47682 -25.3 
799499 20.8912 -3.82978 185.341 -0.566967 0.0188425 0.823525 1.43118 -2.35619 69.3006 5.47682 -25.3 
841317 20.8906 -3.83517 185.285 -0.566547 0.0193378 0.823802 1.43118 -2.35619 69.3006 5.47682 -25.3 
887337 20.9057 -3.82579 185.234 -0.566271 0.0197907 0.823981 1.43118 -2.35619 69.3006 5.47682 -25.3 
935011 20.899 -3.81749 185.188 -0.56585 0.0200974 0.824263 1.43118 -2.35619 69.3006 5.47682 -25.3 
988377 20.893 -3.81022 185.149 -0.565576 0.0204196 0.824443 1.43118 -2.35619 69.3006 5.47682 -25.3 
1034986 20.8863 -3.80302 185.117 -0.565363 0.0207317 0.824581 1.43118 -2.35619 69.3006 5.47682 -25.3 
1082240 20.8766 -3.79654 185.089 -0.565184 0.0209884 0.824698 1.43118 -2.35619 69.3006 5.47682 -25.3 
1126216 20.8665 -3.79317 185.067 -0.565021 0.0211833 0.824805 1.43118 -2.35619 69.3006 5.47682 -25.3 
1178575 20.8568 -3.7833 185.047 -0.564863 0.0213462 0.824909 1.43118 -2.35619 69.3006 5.47682 -25.3 
1225506 20.8449 -3.74977 185.03 -0.564704 0.0214666 0.825014 1.43118 -2.35619 69.3006 5.47682 -25.3 
1272857 20.8393 -3.73598 185.015 -0.564593 0.0215669 0.825088 1.43118 -2.35619 69.3006 5.47682 -25.3 
1323344 20.8344 -3.73735 185.004 -0.564478 0.0216611 0.825164 1.43118 -2.35619 69.3006 5.47682 -25.3 
1375267 20.8296 -3.7379 184.994 -0.564395 0.0217485 0.825218 1.43118 -2.35619 69.3006 5.47682 -25.3 
1432143 20.8251 -3.73792 184.986 -0.564336 0.0218228 0.825257 1.43118 -2.35619 69.3006 5.47682 -25.3 
1479329 20.8218 -3.73769 184.98 -0.564308 0.0218757 0.825275 1.43118 -2.35619 69.3006 5.47682 -25.3 
1530464 20.8387 -3.73768 184.974 -0.564292 0.0219279 0.825284 1.43118 -2.35619 69.3006 5.47682 -25.3 
1583676 20.8516 -3.7388 184.97 -0.564291 0.0219651 0.825284 1.43118 -2.35619 69.3006 5.47682 -25.3 
1633823 20.8629 -3.73864 184.967 -0.564289 0.0219961 0.825284 1.43118 -2.35619 69.3006 5.47682 -25.3 
1687656 20.8733 -3.73809 184.964 -0.564286 0.0220245 0.825286 1.43118 -2.35619 69.3006 5.47682 -25.3 
1734157 20.8812 -3.73757 184.961 -0.564282 0.0220469 0.825287 1.43118 -2.35619 69.3006 5.47682 -25.3 
1784110 20.8728 -3.73688 184.959 -0.564268 0.0220655 0.825297 1.43118 -2.35619 69.3006 5.47682 -25.3 
1829246 20.86 -3.73624 184.958 -0.564248 0.0220805 0.82531 1.43118 -2.35619 69.3006 5.47682 -25.3 
1875160 20.8484 -3.73564 184.956 -0.564215 0.0220944 0.825332 1.43118 -2.35619 69.3006 5.47682 -25.3 
1921110 20.8395 -3.73516 184.955 -0.564181 0.0221054 0.825355 1.43118 -2.35619 69.3006 5.47682 -25.3 
1967651 20.8322 -3.73475 184.954 -0.564153 0.0221144 0.825374 1.43118 -2.35619 69.3006 5.47682 -25.3 
2016476 20.8263 -3.73441 184.954 -0.564125 0.022122 0.825393 1.43118 -2.35619 69.3006 5.47682 -25.3 
2060491 20.8214 -3.73411 184.953 -0.564081 0.0221273 0.825423 1.43118 -2.35619 69.3006 5.47682 -25.3 
2106533 20.8172 -3.73383 184.952 -0.564044 0.0221281 0.825448 1.43118 -2.35619 69.3006 5.47682 -25.3 
2160918 20.8143 -3.73365 184.952 -0.564039 0.022133 0.825452 1.43118 -2.35619 69.3006 5.47682 -25.3 
2213003 20.8119 -3.73349 184.951 -0.564037 0.0221372 0.825452 1.43118 -2.35619 69.3006 5.47682 -25.3 
2258316 20.8099 -3.73337 184.951 -0.564037 0.0221406 0.825453 1.43118 -2.35619 69.3006 5.47682 -25.3 
2305303 20.8084 -3.73327 184.951 -0.564036 0.0221433 0.825453 1.43118 -2.35619 69.3006 5.47682 -25.3 
2351500 20.8072 -3.72345 184.951 -0.564042 0.0221351 0.825449 1.43118 -2.35619 69.3006 5.47682 -25.3 
2400780 20.8065 -3.703 184.95 -0.564057 0.0221149 0.82544 1.43118 -2.35619 69.3006 5.47682 -25.3 
2447645 20.8059 -3.69877 184.95 -0.564067 0.0221202 0.825432 1.43118 -2.35619 69.3006 5.47682 -25.3 
2497701 20.8186 -3.74378 184.965 -0.56434 0.0218786 0.825252 1.42975 -2.35619 69.3418 5.47682 -25.3143 
2543706 20.8564 -3.42513 185.012 -0.564579 0.0238448 0.825034 1.42572 -2.36826 69.4514 5.48601 -25.319 
2589258 20.7926 -3.51614 184.994 -0.56465 0.0234585 0.824997 1.43262 -2.37544 69.5228 5.49262 -25.3222 
2638056 20.7507 -3.46117 184.97 -0.564371 0.0213675 0.825245 1.4352 -2.39124 69.6625 5.50727 -25.3286 
2684299 20.5625 -3.21772 184.984 -0.565223 0.0157307 0.824788 1.43664 -2.40245 69.7736 5.51732 -25.3286 
2733174 20.4586 -2.91805 185.063 -0.566362 0.00964038 0.8241 1.44124 -2.39785 69.7546 5.51847 -25.2905 
2781545 20.3136 -2.5785 185.067 -0.5666 0.00376594 0.823985 1.44124 -2.40819 69.8117 5.52709 -25.273 
2830736 20.2577 -2.37526 185.066 -0.566639 -0.000674786 0.823966 1.43492 -2.42227 69.9181 5.53456 -25.2651 
2881785 20.1865 -2.18925 185.069 -0.567208 -0.00423749 0.823564 1.44181 -2.41824 69.8879 5.53829 -25.2762 
2931933 20.2096 -2.08171 185.143 -0.567851 -0.00828072 0.82309 1.44899 -2.41106 69.8356 5.54289 -25.2651 
2979203 20.17 -2.03468 185.168 -0.5682 -0.00994941 0.82283 1.45129 -2.41135 69.8435 5.54404 -25.2651 
3027107 20.2031 -1.82935 185.173 -0.568386 -0.0164371 0.822598 1.44784 -2.41422 69.9356 5.55582 -25.2857 
3074200 20.1844 -1.71606 185.177 -0.568533 -0.0190531 0.82244 1.44382 -2.42112 70.0419 5.56156 -25.2921 
3120079 20.1818 -1.64447 185.166 -0.568373 -0.0212657 0.822496 1.4421 -2.42485 70.0483 5.56616 -25.2825 
3163271 20.1544 -1.57944 185.202 -0.568742 -0.0209092 0.82225 1.4421 -2.42801 70.08 5.56587 -25.2397 
3209817 20.1225 -1.48265 185.266 -0.569074 -0.0195495 0.822054 1.44641 -2.42629 70.0673 5.56271 -25.1841 
3262676 20.0981 -1.21266 185.341 -0.569967 -0.0162615 0.821506 1.44784 -2.42658 70.1451 5.56127 -25.1349 
3317752 20.1072 -0.841207 185.406 -0.57083 -0.0106515 0.821 1.45072 -2.42686 70.2404 5.56127 -25.0968 
3369470 20.1459 -0.446457 185.435 -0.57139 -0.00499751 0.820664 1.451 -2.43117 70.3388 5.56156 -25.0857 
3420120 20.0987 0.0519398 185.515 -0.572513 0.00404399 0.819886 1.45474 -2.43203 70.3912 5.56156 -25.065 
3469452 19.9915 0.409705 185.637 -0.572418 0.0141466 0.81984 1.45503 -2.43548 70.469 5.56214 -25.019 
3516520 19.926 0.753252 185.73 -0.573938 0.014093 0.818778 1.45388 -2.43893 70.5404 5.57018 -24.9873 
3563328 19.8275 1.02769 185.806 -0.573926 0.021672 0.818621 1.45244 -2.44324 70.6277 5.57592 -24.9476 
3607303 19.7392 1.43108 185.884 -0.575337 0.0271637 0.817466 1.4579 -2.44812 70.7103 5.5719 -24.9047 
3652636 19.8188 1.58215 185.955 -0.575509 0.0311674 0.817201 1.46566 -2.44123 70.769 5.56731 -24.8523 
3700584 19.6602 1.62968 186.044 -0.576102 0.0290594 0.816861 1.47715 -2.43663 70.8309 5.56271 -24.7936 
3748882 19.6136 1.81404 186.151 -0.577099 0.0326676 0.816021 1.47772 -2.43519 70.9087 5.56731 -24.7555 
3800451 19.4612 1.96465 186.27 -0.578534 0.0340738 0.814946 1.4826 -2.43491 71.0103 5.56874 -24.7078 
3848078 19.2207 1.82678 186.384 -0.579987 0.029282 0.814099 1.49697 -2.4283 71.0802 5.56127 -24.6586 
3894116 19.1741 2.1927 186.503 -0.580902 0.0336831 0.813276 1.49237 -2.43491 71.1786 5.5719 -24.6158 
3941817 19.0138 2.16062 186.636 -0.582247 0.0333416 0.812328 1.49783 -2.43347 71.2579 5.57075 -24.5586 
3992403 18.9255 2.33632 186.775 -0.583358 0.0337355 0.811514 1.48519 -2.44381 71.3611 5.58885 -24.5031 
4042922 18.7496 2.34181 186.924 -0.584683 0.0317438 0.810641 1.47944 -2.45128 71.4453 5.5969 -24.4396 
4092713 18.6025 2.63023 187.054 -0.585682 0.0286753 0.810034 1.46048 -2.46995 71.5548 5.61614 -24.3935 
4141094 18.6894 3.01354 187.195 -0.586445 0.0274131 0.809525 1.42199 -2.50471 71.6723 5.64286 -24.3745 
4190767 18.8196 3.46126 187.332 -0.586962 0.0299073 0.809062 1.41538 -2.51563 71.7882 5.64889 -24.3316 
4243108 19.0053 4.09164 187.462 -0.586905 0.0353023 0.808885 1.42199 -2.51707 71.8803 5.64832 -24.2602 
4287235 19.2476 4.7198 187.499 -0.586356 0.0407208 0.809029 1.4194 -2.52511 71.9453 5.65148 -24.2173 
4332487 19.1662 4.86279 187.599 -0.58761 0.0425903 0.808023 1.42975 -2.52252 72.0231 5.64947 -24.149 
4379664 19.2531 5.01839 187.702 -0.587681 0.0490966 0.807602 1.42458 -2.53086 72.1009 5.64947 -24.1078 
4425985 19.2406 5.26815 187.831 -0.588492 0.0517855 0.806843 1.41395 -2.54378 72.1898 5.65492 -24.0379 
4473744 19.1503 5.44604 187.923 -0.589103 0.0552399 0.806168 1.41596 -2.54752 72.2724 5.65435 -23.9855 
4517774 19.0328 5.58167 188.015 -0.589695 0.0590371 0.805465 1.41768 -2.55039 72.3676 5.65636 -23.9458 
4563901 19.0513 5.76223 188.112 -0.589871 0.0629117 0.805043 1.4217 -2.55154 72.4264 5.65607 -23.8903 
4613052 19.0566 5.96882 188.238 -0.590784 0.0675905 0.803994 1.42486 -2.55355 72.5137 5.6578 -23.8331 
4667664 19.073 6.16979 188.336 -0.590979 0.0708585 0.803569 1.43262 -2.5524 72.5692 5.6578 -23.7585 
4715844 19.0686 6.39144 188.421 -0.591717 0.0726489 0.802865 1.43693 -2.55412 72.6375 5.6601 -23.7045 
4769454 18.9984 6.65508 188.55 -0.593033 0.0723953 0.801917 1.44727 -2.55384 72.7169 5.66297 -23.6331 
4816606 18.8842 6.94062 188.652 -0.593783 0.0726725 0.801337 1.48634 -2.54464 72.801 5.65665 -23.5791 
4866728 18.6358 7.14609 188.817 -0.595401 0.0759823 0.799828 1.49927 -2.54981 72.9359 5.65004 -23.5426 
4916355 18.1628 7.59194 188.997 -0.598781 0.0736434 0.79752 1.49898 -2.56188 72.9931 5.64889 -23.4871 
4963084 18.0953 7.65321 189.094 -0.599703 0.0782477 0.796388 1.49266 -2.56648 73.0248 5.64774 -23.4379 
5010507 17.9256 7.96697 189.219 -0.600604 0.0816817 0.795364 1.50128 -2.56676 73.1153 5.65062 -23.3918 
5056368 17.8467 8.20962 189.297 -0.600863 0.0872214 0.794579 1.50444 -2.56849 73.1963 5.65291 -23.3363 
5105715 17.7589 8.41721 189.368 -0.601227 0.0916174 0.793809 1.51191 -2.56705 73.2614 5.65378 -23.2839 
5149522 17.6075 8.79359 189.487 -0.602774 0.0961928 0.792092 1.51535 -2.57136 73.3455 5.65579 -23.2347 
5195938 17.5179 9.0674 189.633 -0.604301 0.0986081 0.79063 1.50702 -2.58429 73.4122 5.65694 -23.1727 
5242935 17.5052 9.29238 189.669 -0.60457 0.102124 0.789978 1.51507 -2.58027 73.5233 5.66412 -23.1489 
5294077 17.4534 9.5366 189.742 -0.604783 0.107266 0.789133 1.51564 -2.58084 73.6487 5.66785 -23.1188 
5343120 17.3072 9.81173 189.849 -0.606648 0.106186 0.787847 1.51277 -2.58486 73.7202 5.67245 -23.0775 
5392052 17.1715 10.1169 190.014 -0.608401 0.107793 0.786275 1.4941 -2.60813 73.7789 5.67589 -23.0235 
5435224 17.1522 10.1829 190.054 -0.608947 0.104562 0.786289 1.46422 -2.63944 73.7281 5.67647 -22.9807 
5479021 17.1483 10.1509 190.04 -0.608947 0.105778 0.786127 1.46939 -2.63657 73.736 5.67503 -22.9711 
5521277 17.5558 10.3247 190.139 -0.60566 0.117668 0.786976 1.39786 -2.7104 73.6678 5.67101 -22.9251 
5568506 18.0742 10.2082 190.161 -0.603344 0.131042 0.786641 1.36281 -2.7509 73.6694 5.6713 -22.8632 
5613481 19.6928 9.72741 190.1 -0.592751 0.175057 0.786131 1.31139 -2.80865 73.6995 5.66498 -22.7933 
5662833 20.4902 10.0947 190.071 -0.585514 0.192808 0.787399 1.30852 -2.81525 73.7329 5.66871 -22.7092 
5710006 21.2288 10.6133 190.092 -0.579037 0.2124 0.787149 1.31943 -2.80778 73.817 5.66756 -22.6504 
5760292 21.9812 11.54 190.012 -0.564903 0.245523 0.787784 1.31972 -2.8187 73.8535 5.65981 -22.5774 
5804103 21.9271 12.0604 189.975 -0.563136 0.252424 0.786867 1.33495 -2.81123 73.917 5.65148 -22.5377 
5853432 22.0124 12.3403 189.972 -0.558814 0.263297 0.786385 1.34816 -2.80462 73.9424 5.642 -22.4838 
5899310 21.9395 12.3742 190.085 -0.556959 0.275288 0.78359 1.36511 -2.79428 74.0154 5.6262 -22.4361 
5943373 21.7872 12.3967 190.175 -0.555423 0.284322 0.781452 1.38723 -2.77934 74.0932 5.60724 -22.4091 
5994863 21.6556 13.2519 190.135 -0.551953 0.293256 0.780608 1.40734 -2.77188 74.1107 5.61557 -22.3679 
6041036 21.3898 12.8761 190.295 -0.555052 0.289745 0.779721 1.41596 -2.76613 74.1742 5.61471 -22.3044 
6093998 21.1889 12.8277 190.416 -0.559654 0.284289 0.778439 1.42343 -2.7601 74.244 5.61356 -22.2647 
6143283 21.0254 12.952 190.525 -0.56208 0.282426 0.777368 1.42917 -2.75694 74.2821 5.61557 -22.2075 
6188085 20.793 13.1418 190.637 -0.56521 0.278601 0.776478 1.43607 -2.75435 74.3266 5.62275 -22.1488 
6236775 20.454 13.2179 190.806 -0.57305 0.261242 0.776767 1.43463 -2.75119 74.3599 5.63596 -22.098 
6292579 20.3652 13.552 190.883 -0.573628 0.264346 0.775289 1.44124 -2.75033 74.4234 5.63999 -22.0472 
6341134 20.1043 13.7359 190.971 -0.575707 0.260413 0.775078 1.44526 -2.74947 74.4869 5.64142 -21.9615 
6388728 19.9442 13.8893 191.07 -0.577447 0.258593 0.774393 1.44813 -2.75062 74.552 5.64343 -21.8916 
6437794 19.6825 13.7827 191.171 -0.581347 0.25021 0.774229 1.45531 -2.74286 74.5917 5.64257 -21.825 
6488039 19.6147 13.9183 191.237 -0.580702 0.25353 0.773633 1.46336 -2.7397 74.6107 5.6443 -21.7472 
6536132 19.4196 13.9353 191.388 -0.584822 0.247761 0.772397 1.46824 -2.73712 74.7171 5.64401 -21.7075 
6584207 19.3276 14.1988 191.48 -0.586643 0.245961 0.771592 1.46709 -2.74171 74.7552 5.6555 -21.6535 
6633277 19.0332 14.746 191.589 -0.590387 0.239934 0.770633 1.46623 -2.74918 74.8076 5.68681 -21.5757 
6682488 19.118 14.2461 191.707 -0.586524 0.249622 0.770506 1.47858 -2.73913 74.8013 5.65579 -21.49 
6729786 18.8491 14.7323 191.774 -0.591364 0.239345 0.770067 1.48031 -2.742 74.8282 5.65722 -21.4106 
6781140 18.5672 14.9936 191.888 -0.595552 0.231426 0.76926 1.47427 -2.74861 74.9314 5.68796 -21.4471 
6830676 18.4495 14.818 192.024 -0.59736 0.234068 0.767055 1.47743 -2.74947 75.0235 5.69428 -21.4487 
6877619 18.278 15.0002 192.079 -0.59889 0.233462 0.766046 1.48663 -2.74602 75.0775 5.68509 -21.4011 
6927248 18.1563 15.0431 192.158 -0.598534 0.236099 0.765516 1.49639 -2.73654 75.1696 5.66412 -21.3709 
6975292 18.0595 15.2688 192.172 -0.598979 0.237403 0.764764 1.50214 -2.73396 75.2219 5.65004 -21.3265 
7018383 17.9156 15.4016 192.245 -0.600277 0.23631 0.764084 1.50961 -2.7308 75.2156 5.64659 -21.2773 
7064234 17.8716 15.2833 192.338 -0.600465 0.238457 0.763269 1.51593 -2.72936 75.2394 5.64372 -21.2566 
7111552 17.7913 15.1317 192.454 -0.601077 0.237132 0.7632 1.51133 -2.72591 75.3569 5.63568 -21.2487 
7158007 17.6926 14.9302 192.483 -0.600896 0.238706 0.762852 1.52742 -2.71471 75.2981 5.61873 -21.2138 
7203750 17.8481 14.7452 192.587 -0.599782 0.245258 0.76165 1.53316 -2.72246 75.2743 5.62936 -21.1868 
7251973 17.6744 14.8534 192.594 -0.599976 0.244513 0.761736 1.52426 -2.71844 75.414 5.6127 -21.1868 
7295037 17.523 14.6255 192.679 -0.60149 0.241979 0.761351 1.51909 -2.715 75.5013 5.60178 -21.1884 
7348062 17.588 14.2423 192.716 -0.599234 0.248061 0.761173 1.52196 -2.71069 75.4982 5.59 -21.1868 
7394723 17.5648 14.351 192.697 -0.599338 0.24668 0.76154 1.51018 -2.71069 75.5236 5.60436 -21.2138 
7437804 17.8273 14.2548 192.801 -0.596675 0.253792 0.761294 1.48892 -2.71069 75.6061 5.61729 -21.2328 
7486618 17.8702 14.1385 192.821 -0.595696 0.257483 0.760821 1.50156 -2.71327 75.5791 5.60781 -21.2042 
7531456 17.7651 14.237 192.793 -0.596827 0.254812 0.760834 1.52627 -2.71413 75.4966 5.5946 -21.155 
7579717 17.7754 14.1049 192.817 -0.597042 0.251708 0.761698 1.55758 -2.71586 75.4029 5.57391 -21.0899 
7627052 17.6427 13.8379 192.865 -0.597802 0.250234 0.761587 1.54695 -2.7081 75.395 5.57995 -21.1042 
7677267 17.4026 13.1886 193.06 -0.600243 0.251862 0.759127 1.50013 -2.70178 75.4728 5.61384 -21.1804 
7722186 17.4295 13.1719 193.04 -0.6009 0.252056 0.758543 1.57625 -2.70034 75.4553 5.55524 -21.2233 
7769275 17.254 12.8457 193.111 -0.603011 0.24945 0.757729 1.56132 -2.69604 75.5093 5.56874 -21.29 
7814147 17.1369 13.0253 193.014 -0.603341 0.248273 0.757852 1.55155 -2.69718 75.5887 5.57794 -21.3789 
7860257 16.9651 13.1164 192.918 -0.604171 0.245785 0.758002 1.53259 -2.69805 75.6458 5.59661 -21.4535 
7904711 16.9648 13.3233 192.795 -0.603379 0.245459 0.758738 1.50645 -2.70322 75.7125 5.61902 -21.5392 
7951808 16.9466 13.4526 192.763 -0.604678 0.241943 0.758833 1.48921 -2.70609 75.7934 5.63424 -21.6233 
8002623 17.032 14.0828 192.635 -0.607661 0.231323 0.759762 1.50041 -2.71327 75.8427 5.64458 -21.7281 
8052182 17.089 14.1196 192.688 -0.609851 0.22634 0.759508 1.50846 -2.71701 75.9252 5.63999 -21.8313 
8099951 16.9433 14.1558 192.643 -0.611418 0.225455 0.75851 1.46163 -2.71816 76.0268 5.67819 -21.9408 
8148403 16.9908 14.7807 192.523 -0.612467 0.225451 0.757665 1.40188 -2.72218 76.0363 5.73249 -22.0107 
8200325 17.2289 15.0523 192.393 -0.615719 0.210982 0.759195 1.37976 -2.72361 75.9728 5.75777 -22.0504 
8247380 17.6912 15.5569 192.25 -0.615173 0.200456 0.762483 1.40016 -2.73424 75.9141 5.74685 -22.1028 
8294433 17.9326 15.4874 192.263 -0.616014 0.192048 0.763966 1.42027 -2.74114 75.8776 5.73593 -22.1837 
8345612 17.7812 15.3974 192.261 -0.616964 0.192416 0.763107 1.37402 -2.73281 75.922 5.77156 -22.2218 
8393713 17.89 15.3865 192.273 -0.616435 0.191371 0.763797 1.40159 -2.73999 75.9268 5.75001 -22.2647 
8439098 17.903 15.4836 192.209 -0.616282 0.189607 0.764359 1.42084 -2.75004 76.0062 5.73565 -22.3393 
8486210 17.8299 15.5029 192.125 -0.615531 0.191912 0.76439 1.43434 -2.76096 76.1316 5.72301 -22.4584 
8535119 17.812 15.6869 192.013 -0.615098 0.194579 0.764064 1.43578 -2.77963 76.176 5.73134 -22.5377 
8584242 17.6763 15.7845 191.896 -0.614754 0.201754 0.762478 1.44526 -2.79227 76.1411 5.7345 -22.6028 
8628382 17.5231 15.9904 191.843 -0.61534 0.206549 0.760719 1.45359 -2.80032 76.0617 5.73507 -22.6457 
8670591 17.3597 16.1308 191.807 -0.616081 0.210325 0.759083 1.46508 -2.80606 75.9887 5.73163 -22.6679 
8712735 17.2035 16.2935 191.778 -0.616679 0.212309 0.758045 1.47944 -2.81295 75.9601 5.72818 -22.7044 
8757692 17.0841 16.3407 191.766 -0.617599 0.211794 0.75744 1.48979 -2.81468 75.9157 5.72617 -22.7457 
8808019 17.0096 16.4216 191.696 -0.618068 0.212958 0.75673 1.49381 -2.81899 75.9157 5.72617 -22.8203 
8855034 17.0508 16.5327 191.598 -0.618262 0.212158 0.756796 1.46767 -2.82416 75.9379 5.74053 -22.9156 
8905438 17.0576 16.7343 191.477 -0.617576 0.214939 0.756572 1.42687 -2.82445 75.9839 5.76265 -23.0378 
8955309 16.8859 17.0845 191.347 -0.617131 0.219085 0.755746 1.41567 -2.82617 75.9935 5.77156 -23.1759 
9002720 17.0129 17.2623 191.25 -0.617374 0.219165 0.755524 1.4105 -2.82847 76.0141 5.77701 -23.2902 
9050745 17.1365 17.4553 191.13 -0.617157 0.218423 0.755916 1.40016 -2.83191 76.0427 5.78563 -23.4013 
9101863 17.0919 17.6124 191.032 -0.617134 0.219114 0.755734 1.41021 -2.84484 76.0617 5.78506 -23.4759 
9158789 17.0847 17.7378 190.885 -0.617463 0.217272 0.755997 1.41854 -2.8549 76.084 5.78563 -23.595 
9208260 17.0344 17.9362 190.752 -0.617834 0.218194 0.755429 1.44181 -2.87185 76.1236 5.77874 -23.6792 
9258198 17.1001 18.3773 190.554 -0.616949 0.227766 0.753324 1.45416 -2.87644 76.2141 5.77299 -23.7411 
9306309 16.8262 19.3357 190.266 -0.616162 0.245054 0.748527 1.46221 -2.87242 76.3237 5.76495 -23.8109 
9349385 16.7474 19.9278 190.147 -0.615734 0.257621 0.74465 1.47226 -2.87357 76.3522 5.75719 -23.8649 
9398356 16.7827 20.074 190.095 -0.614954 0.263969 0.74307 1.4691 -2.87558 76.3348 5.75949 -23.9458 
9443640 16.8953 20.5969 189.994 -0.612999 0.273504 0.741234 1.45761 -2.8819 76.376 5.76236 -24.0109 
9489651 16.9725 20.9971 189.949 -0.611484 0.279962 0.740073 1.44641 -2.8865 76.4078 5.76581 -24.0856 
9537821 17.0075 21.0835 189.889 -0.611138 0.281733 0.739687 1.4467 -2.88793 76.3999 5.76696 -24.1633 
9580077 17.3254 21.1255 189.789 -0.608842 0.29027 0.738279 1.4217 -2.88765 76.465 5.76983 -24.2602 
9624743 17.1714 21.2443 189.615 -0.609871 0.293224 0.736258 1.45531 -2.88391 76.5221 5.75662 -24.2935 
9676037 17.3016 21.2638 189.582 -0.608738 0.293138 0.73723 1.45474 -2.88707 76.4935 5.75863 -24.3935 
9721110 17.3664 21.3714 189.539 -0.607638 0.294837 0.73746 1.45187 -2.88994 76.4872 5.76093 -24.4872 
9770563 17.4097 21.5081 189.485 -0.606543 0.29782 0.737163 1.451 -2.89339 76.4856 5.76121 -24.5618 
9823609 17.5057 21.6076 189.425 -0.606417 0.298027 0.737183 1.43061 -2.89713 76.4634 5.77127 -24.6824 
9872720 17.6107 21.4455 189.299 -0.605405 0.301066 0.73678 1.43319 -2.89425 76.4951 5.76524 -24.7967 
9918223 17.3731 21.6147 189.099 -0.606406 0.299349 0.736656 1.47083 -2.89109 76.5507 5.75461 -24.8682 
9964682 17.3863 21.7531 189.02 -0.606059 0.297421 0.737721 1.49295 -2.88678 76.6253 5.74972 -24.946 
10009044 17.2514 21.8339 189.011 -0.606771 0.300033 0.736076 1.51966 -2.88247 76.7348 5.74254 -24.9984 
10061103 16.9048 22.1343 188.924 -0.608532 0.305621 0.732315 1.54465 -2.87903 76.7745 5.73593 -25.1047 
10110318 16.3914 22.5345 188.88 -0.611741 0.3108 0.727445 1.56074 -2.8773 76.8205 5.7322 -25.1968 
10156532 15.682 22.8961 188.902 -0.615372 0.310799 0.724376 1.59378 -2.87271 76.8539 5.72588 -25.2809 
10206595 15.3752 23.1637 188.844 -0.617613 0.310625 0.722541 1.59809 -2.87644 76.8618 5.73163 -25.3603 
10253179 14.8917 23.1461 188.805 -0.620726 0.308149 0.720932 1.59091 -2.88161 76.8634 5.73996 -25.427 
10302996 14.5728 23.2991 188.746 -0.622767 0.30611 0.72004 1.5774 -2.88707 76.8428 5.74743 -25.4905 
10349960 14.5567 23.3753 188.605 -0.622719 0.30625 0.720022 1.56074 -2.88966 76.865 5.75375 -25.6302 
10394017 14.2615 23.4181 188.556 -0.623862 0.308615 0.71802 1.56735 -2.88994 76.8475 5.75145 -25.7127 
10442416 14.2884 23.4845 188.482 -0.623903 0.309285 0.717696 1.56792 -2.89052 76.8698 5.75145 -25.8048 
10487318 14.3009 23.5124 188.407 -0.623529 0.308729 0.71826 1.56218 -2.89253 76.8523 5.75461 -25.8937 
10533460 14.3654 23.6185 188.326 -0.62208 0.307555 0.720019 1.5392 -2.89914 76.8412 5.76552 -25.9763 
10579534 14.3328 23.6326 188.239 -0.622955 0.309339 0.718496 1.53747 -2.89885 76.8761 5.76437 -26.0922 
10629389 14.2997 23.7037 188.127 -0.623441 0.308991 0.718224 1.53891 -2.89799 76.9237 5.76581 -26.1937 
10677739 14.5085 23.7134 187.941 -0.622804 0.309549 0.718536 1.5392 -2.89684 76.9888 5.76552 -26.2906 
10725898 14.5542 23.8275 187.877 -0.622765 0.310367 0.718217 1.53431 -2.89856 77.0142 5.7684 -26.37 
10773983 14.5885 24.085 187.786 -0.622246 0.312994 0.717526 1.52598 -2.90172 77.0349 5.77213 -26.4525 
10823151 14.6077 24.1814 187.726 -0.621913 0.31432 0.717236 1.52397 -2.90287 76.9936 5.77328 -26.5112 
10869485 14.5432 24.2682 187.672 -0.622389 0.314144 0.7169 1.52282 -2.90402 76.9539 5.77701 -26.5859 
10920416 14.6278 24.2816 187.578 -0.621935 0.315693 0.716614 1.52253 -2.90373 76.9809 5.77673 -26.6478 
10964493 14.6706 24.2704 187.532 -0.621845 0.316735 0.716231 1.52368 -2.90316 77.0301 5.77529 -26.6938 
11008719 14.5678 24.6761 187.508 -0.622467 0.320686 0.713929 1.51334 -2.91091 77.0412 5.78506 -26.7144 
11059011 14.7366 24.2111 187.444 -0.621612 0.315611 0.71693 1.51966 -2.90459 77.0301 5.77845 -26.7668 
11114258 14.715 24.2436 187.388 -0.621739 0.315318 0.716948 1.51937 -2.90459 77.019 5.77903 -26.8129 
11173197 14.6729 24.4835 187.333 -0.62225 0.316984 0.71577 1.51277 -2.90948 76.9761 5.78535 -26.878 
11223165 14.7296 24.3925 187.275 -0.622038 0.315815 0.71647 1.51363 -2.90775 76.9825 5.7842 -26.9224 
11274349 14.7438 24.3152 187.211 -0.622389 0.313155 0.717333 1.51507 -2.90459 77.1142 5.78362 -26.9891 
11328500 14.6947 24.3853 187.197 -0.622396 0.315797 0.716167 1.5165 -2.90632 77.1095 5.78333 -27.0113 
11382627 14.7203 24.3659 187.125 -0.622526 0.314946 0.716429 1.51621 -2.90603 77.0968 5.78362 -27.0732 
11438334 14.6447 24.4261 187.089 -0.623726 0.313744 0.715912 1.51736 -2.90603 77.165 5.78649 -27.1399 
11493309 14.6141 24.432 187.038 -0.623622 0.313696 0.716024 1.51736 -2.90689 77.0619 5.78649 -27.1812 
11546052 14.5991 24.4357 186.979 -0.624159 0.313358 0.715704 1.51851 -2.90661 77.1254 5.78707 -27.2669 
11602052 14.4961 24.4815 186.951 -0.625047 0.311932 0.715552 1.51966 -2.90747 77.0571 5.78965 -27.305 
11656178 14.518 24.5309 186.892 -0.625263 0.311015 0.715762 1.51794 -2.90919 76.9539 5.79138 -27.3304 
11707360 14.4903 24.4898 186.842 -0.625923 0.309804 0.715711 1.5188 -2.90833 76.9999 5.7931 -27.3875 
11757683 14.45 24.5155 186.838 -0.626012 0.309779 0.715643 1.51823 -2.90718 77.165 5.79368 -27.432 
11813108 14.4484 24.4538 186.827 -0.626336 0.308737 0.71581 1.51823 -2.90603 77.292 5.79368 -27.4511 
11861610 14.446 24.5918 186.799 -0.627171 0.307501 0.715611 1.51277 -2.90775 77.3047 5.79942 -27.4653 
11909910 14.3896 24.619 186.769 -0.627412 0.307494 0.715403 1.50932 -2.90948 77.2666 5.80344 -27.5034 
11954243 14.3555 24.6386 186.766 -0.62768 0.306935 0.715408 1.51018 -2.90977 77.192 5.80402 -27.5177 
12004962 14.2827 24.7896 186.777 -0.62897 0.305817 0.714754 1.50673 -2.91321 77.1238 5.81062 -27.5463 
12053327 14.268 24.7476 186.715 -0.629371 0.304526 0.714952 1.50731 -2.91407 77.0285 5.8112 -27.5542 
12101291 14.2288 24.7292 186.687 -0.629947 0.303326 0.714954 1.50817 -2.91178 77.2206 5.8112 -27.6193 
12143563 14.2224 24.7475 186.681 -0.631041 0.301739 0.714661 1.50673 -2.91149 77.3825 5.81378 -27.6876 
12187793 14.2197 24.7606 186.613 -0.631402 0.300859 0.714713 1.50731 -2.9112 77.4063 5.81465 -27.7273 
12235851 14.1907 24.7665 186.551 -0.631402 0.300648 0.714802 1.50903 -2.91034 77.3936 5.8135 -27.7844 
12283043 14.1724 24.8153 186.534 -0.63159 0.30039 0.714745 1.50788 -2.91178 77.2762 5.81493 -27.7971 
12333236 14.1522 24.8249 186.503 -0.631622 0.300236 0.714781 1.50846 -2.9112 77.2666 5.81436 -27.8368 
12381156 14.1271 24.8371 186.495 -0.631664 0.300001 0.714842 1.50903 -2.91063 77.2127 5.81378 -27.8606 
12427267 14.0858 24.8992 186.535 -0.632208 0.299675 0.714499 1.50817 -2.91149 77.1142 5.81465 -27.867 
12475577 14.0717 24.9322 186.5 -0.632499 0.299452 0.714334 1.50817 -2.91206 77.0095 5.81465 -27.8717 
12528792 14.0676 24.9433 186.476 -0.632546 0.299406 0.714312 1.50817 -2.91264 76.9364 5.81465 -27.8844 
12581776 14.1185 24.9327 186.433 -0.632251 0.299963 0.714339 1.50875 -2.91264 76.8634 5.8135 -27.8971 
12631641 14.8529 24.8714 186.335 -0.628414 0.310245 0.713333 1.49352 -2.92671 76.8555 5.82355 -27.9305 
12681993 14.3868 25.0488 186.211 -0.631222 0.299931 0.715262 1.4895 -2.93619 76.8285 5.85343 -27.9686 
12735020 14.236 25.2006 186.158 -0.631591 0.298251 0.715639 1.48864 -2.93677 76.9444 5.85372 -28.0114 
12779325 14.1307 25.4243 186.081 -0.633303 0.295037 0.715458 1.49036 -2.93562 77.0619 5.84826 -28.0321 
12832615 13.8954 25.843 186.106 -0.637522 0.289208 0.71409 1.5076 -2.92844 77.1666 5.82901 -28.0464 
12877305 13.9143 25.7564 186.14 -0.636783 0.290623 0.714175 1.50559 -2.92614 77.2603 5.82729 -28.0654 
12924564 13.883 25.8032 186.107 -0.636758 0.291061 0.714018 1.50645 -2.9247 77.3095 5.82671 -28.113 
12972470 13.7417 25.8971 186.039 -0.638074 0.287996 0.714086 1.49955 -2.93131 77.2079 5.84682 -28.148 
13022835 13.8178 25.7835 186.062 -0.636792 0.292358 0.713459 1.51018 -2.92355 77.2476 5.83274 -28.2178 
13073048 13.7577 25.7299 186.037 -0.636621 0.293262 0.71324 1.50932 -2.92327 77.4175 5.83217 -28.2607 
13134045 13.6461 25.7752 185.971 -0.637027 0.292945 0.713008 1.51018 -2.93533 77.5603 5.83849 -28.3194 
13182099 13.6236 25.7715 185.951 -0.637073 0.295559 0.711886 1.50702 -2.93275 77.7254 5.8382 -28.3734 
13229023 13.5976 26.1013 185.884 -0.636776 0.300838 0.709939 1.50961 -2.9382 77.8762 5.8382 -28.4686 
13273307 13.5398 26.2881 185.869 -0.637 0.303879 0.708441 1.51219 -2.9428 78.0144 5.83792 -28.5671 
13324707 13.5204 26.4475 185.943 -0.637846 0.305665 0.70691 1.51449 -2.94711 78.1525 5.83849 -28.6607 
13373607 13.4411 26.6136 185.928 -0.638763 0.308177 0.704989 1.51392 -2.94452 78.3112 5.8382 -28.7004 
13421980 13.4199 26.8182 185.941 -0.639241 0.311635 0.703033 1.5142 -2.94539 78.4366 5.83849 -28.7528 
13467015 13.4113 26.8734 185.945 -0.639303 0.312124 0.702759 1.51621 -2.95084 78.4668 5.8382 -28.8036 
13521939 13.2021 27.0139 185.966 -0.641196 0.311212 0.701438 1.51162 -2.93763 78.5541 5.84452 -28.8528 
13573059 13.1499 26.937 185.97 -0.641768 0.312208 0.700471 1.50645 -2.92269 78.5589 5.84826 -28.9147 
13619371 13.082 27.0485 186.033 -0.642835 0.312157 0.699515 1.50875 -2.927 78.6636 5.84768 -28.9703 
13665355 12.9004 26.8904 186.069 -0.645996 0.301986 0.701066 1.5142 -2.91293 78.6033 5.84625 -29.0005 
13716645 12.7019 26.4967 186.05 -0.647437 0.296629 0.702023 1.49812 -2.91436 78.4811 5.86521 -29.0163 
13767792 12.6771 26.5913 186.003 -0.650529 0.288329 0.702623 1.49352 -2.92528 78.4446 5.87756 -29.0608 
13818895 12.4702 26.724 185.876 -0.651956 0.284128 0.703011 1.50013 -2.92786 78.4446 5.87871 -29.156 
13869318 12.251 26.7425 185.832 -0.654177 0.278841 0.703065 1.503 -2.92298 78.4588 5.88244 -29.2735 
13916996 12.3409 26.5406 185.903 -0.655791 0.276282 0.702571 1.4918 -2.92011 78.516 5.88905 -29.3926 
13963199 12.0783 26.5703 185.853 -0.656973 0.273048 0.702731 1.49812 -2.91178 78.5255 5.88905 -29.4656 
14011356 11.9789 26.7201 185.721 -0.657717 0.270602 0.702982 1.50099 -2.9158 78.5065 5.89221 -29.537 
14054363 11.9773 26.7961 185.638 -0.658328 0.267959 0.703422 1.49898 -2.92011 78.4589 5.89709 -29.5767 
14106561 11.6387 26.8939 185.541 -0.659568 0.263361 0.703996 1.51162 -2.91321 78.4287 5.89681 -29.6577 
14157683 11.5773 27.0182 185.444 -0.659968 0.261504 0.704314 1.51593 -2.91609 78.416 5.89796 -29.7323 
14206110 11.4944 26.9573 185.448 -0.661143 0.260221 0.703686 1.51995 -2.91379 78.4557 5.89652 -29.8402 
14254948 11.4032 26.9716 185.347 -0.661905 0.259245 0.703331 1.52627 -2.91695 78.4462 5.8948 -29.9323 
14302916 11.2423 26.9547 185.325 -0.663519 0.255659 0.703122 1.53489 -2.91379 78.4271 5.89393 -29.9958 
14354054 11.2656 27.1163 185.212 -0.663979 0.256646 0.702328 1.5323 -2.91896 78.4731 5.89767 -30.1053 
14404254 11.1397 27.2069 185.026 -0.664193 0.25764 0.701762 1.5323 -2.93619 78.4747 5.9037 -30.145 
14452442 10.9446 26.8224 185.1 -0.665408 0.254196 0.701866 1.54494 -2.93418 78.4271 5.89738 -30.2181 
14500624 10.7857 26.9126 185.003 -0.665641 0.253805 0.701787 1.55184 -2.95487 78.3477 5.89968 -30.2609 
14547682 10.7549 27.0034 184.928 -0.666544 0.253574 0.701013 1.55299 -2.96262 78.3509 5.9014 -30.3609 
14598944 10.6561 27.2373 184.856 -0.667547 0.254796 0.699615 1.555 -2.98417 78.3445 5.90571 -30.4419 
14650752 10.5961 27.3838 184.713 -0.66742 0.257403 0.698781 1.55816 -2.98359 78.3128 5.90341 -30.5292 
14699551 10.5772 27.6188 184.524 -0.666835 0.260308 0.698263 1.56304 -2.97009 78.2477 5.90025 -30.5753 
14753217 10.5153 28.1198 184.275 -0.66583 0.274342 0.693835 1.57712 -2.98848 78.1525 5.89307 -30.6499 
14799295 10.5596 28.2307 184.257 -0.66519 0.277232 0.693299 1.58775 -2.9879 78.1033 5.88704 -30.7213 
14847640 10.616 28.6625 183.983 -0.662277 0.287532 0.691892 1.57884 -2.97814 78.0842 5.89164 -30.8277 
14893580 10.6675 29.4166 183.667 -0.657667 0.305657 0.688511 1.58229 -2.98244 78.0032 5.88819 -30.842 
14944770 10.6847 29.6627 183.514 -0.659928 0.302988 0.687527 1.582 -2.98158 77.9747 5.88848 -30.9435 
14995454 10.8966 29.845 183.387 -0.659204 0.308166 0.685919 1.58688 -2.98762 77.9874 5.88474 -31.0229 
15042873 10.8597 29.8275 183.282 -0.657022 0.314048 0.685344 1.58516 -2.98618 77.9 5.87957 -31.042 
15089296 11.0387 29.9963 183.245 -0.656016 0.318316 0.684338 1.58803 -2.98848 77.9096 5.8767 -31.0769 
15139265 11.1427 30.0089 183.139 -0.654647 0.322803 0.683546 1.58889 -2.9902 77.8778 5.8744 -31.1499 
15188130 12.4212 30.3464 183.094 -0.644038 0.345918 0.682316 1.59292 -2.98015 77.862 5.83562 -31.2023 
15238238 11.9548 29.9346 182.984 -0.646802 0.340576 0.682389 1.59234 -2.97871 77.8064 5.83045 -31.2753 
15284642 11.9828 29.8219 182.916 -0.645882 0.341153 0.682972 1.59177 -2.97699 77.827 5.83533 -31.3579 
15331629 12.0906 29.6586 182.812 -0.643195 0.345391 0.683378 1.59004 -2.98101 77.8366 5.83792 -31.4611 
15382887 12.3416 29.4786 182.796 -0.63891 0.352926 0.683547 1.58602 -3.02008 77.8731 5.84768 -31.5674 
15428943 12.2722 29.5885 182.739 -0.638474 0.353964 0.683418 1.58573 -3.02439 77.8953 5.84969 -31.6532 
15475109 12.1725 29.9053 182.535 -0.638555 0.356936 0.681795 1.58976 -3.01922 77.9509 5.84567 -31.7214 
15523175 12.1033 30.0709 182.426 -0.638852 0.357858 0.681033 1.58918 -3.02151 77.9588 5.84682 -31.7786 
15568256 11.9814 30.3006 182.322 -0.63909 0.359574 0.679905 1.59033 -3.02726 77.9445 5.85056 -31.8214 
15615394 11.9217 30.2612 182.293 -0.639453 0.358131 0.680325 1.58803 -3.03214 77.9778 5.85458 -31.8691 
15664624 11.9055 30.2432 182.221 -0.639518 0.35769 0.680496 1.58775 -3.03042 77.9493 5.85486 -31.9453 
15708511 11.7183 30.4153 182.192 -0.640748 0.356909 0.679748 1.58717 -3.0376 77.9731 5.86176 -31.9754 
15754950 11.7567 30.3889 182.122 -0.640796 0.356745 0.679789 1.58688 -3.03674 77.9778 5.86147 -32.0596 
15802724 11.7109 30.3702 182.071 -0.64131 0.35498 0.680229 1.58516 -3.03818 77.9905 5.86377 -32.1485 
15855291 11.6322 30.4338 181.997 -0.641895 0.353675 0.680357 1.58516 -3.03674 77.9445 5.86521 -32.2135 
15906252 11.5905 30.467 181.916 -0.64224 0.353515 0.680114 1.5843 -3.03875 77.9747 5.86636 -32.3088 
15955231 11.5016 30.5243 181.874 -0.643022 0.352395 0.679957 1.58085 -3.04622 78.035 5.87124 -32.3866 
16002315 11.4568 30.6144 181.797 -0.643575 0.351851 0.679715 1.57913 -3.04938 78.0699 5.87325 -32.4787 
16050671 11.4569 30.6253 181.774 -0.643826 0.351125 0.679852 1.57338 -3.05283 78.1636 5.8744 -32.5183 
16099671 11.5099 30.8163 181.643 -0.644337 0.353005 0.678393 1.57453 -3.04967 78.054 5.8744 -32.5358 
16148937 11.4891 30.8541 181.537 -0.643752 0.354313 0.678267 1.57309 -3.04995 78.2366 5.87469 -32.612 
16201124 11.4873 30.9773 181.412 -0.643501 0.355875 0.677687 1.57683 -3.04564 78.2969 5.87268 -32.6549 
16247998 11.4748 31.1244 181.332 -0.643217 0.357679 0.677006 1.57654 -3.04076 78.3287 5.87181 -32.666 
16298013 11.462 31.3041 181.186 -0.641106 0.364829 0.675191 1.58114 -3.03444 78.3493 5.86865 -32.7025 
16344274 11.4532 31.4698 181.134 -0.640939 0.368381 0.673418 1.58832 -3.00514 78.4144 5.86406 -32.7184 
16391555 11.4496 31.576 181.081 -0.64084 0.369118 0.673109 1.57166 -3.04651 78.4843 5.87555 -32.7374 
16440604 11.4757 31.417 181.164 -0.641681 0.367258 0.673326 1.56275 -3.07638 78.435 5.88101 -32.7803 
16487745 11.5107 31.5147 181.153 -0.64154 0.367466 0.673346 1.56476 -3.07351 78.3747 5.87986 -32.8406 
16533858 11.5766 31.7296 181.053 -0.64062 0.371458 0.672031 1.56649 -3.06489 78.37 5.87842 -32.8962 
16584010 11.6858 31.9502 180.915 -0.637764 0.378386 0.670881 1.56649 -3.05512 78.3811 5.87612 -32.9962 
16631151 11.8457 32.5603 180.888 -0.63551 0.388991 0.666943 1.55931 -3.06202 78.3557 5.87986 -33.0819 
16681209 11.7798 32.217 180.805 -0.637765 0.380713 0.669562 1.56448 -3.05685 78.3255 5.87698 -33.1819 
16727458 11.7289 32.0437 180.734 -0.638185 0.37745 0.671007 1.56821 -3.05283 78.3096 5.87584 -33.2772 
16776819 11.7407 32.1817 180.668 -0.638334 0.378437 0.67031 1.5685 -3.04794 78.2826 5.87612 -33.374 
16829390 11.7883 32.1253 180.584 -0.637617 0.377791 0.671355 1.56821 -3.05541 78.2223 5.8767 -33.474 
16875783 11.7924 32.0861 180.495 -0.63767 0.377682 0.671367 1.57654 -3.03272 78.1747 5.87038 -33.5455 
16921758 11.7377 31.98 180.37 -0.637843 0.376489 0.671872 1.56907 -3.06231 78.2302 5.87727 -33.6534 
16971023 11.8758 32.0483 180.318 -0.637501 0.379756 0.670357 1.56476 -3.08012 78.2334 5.88129 -33.7518 
17023056 11.9177 32.4588 180.232 -0.637105 0.383276 0.668728 1.56505 -3.05857 78.1541 5.87727 -33.828 
17072510 11.8796 32.4055 180.088 -0.637317 0.381852 0.66934 1.57166 -3.03904 78.1017 5.87268 -33.8995 
17123320 11.9532 32.3419 179.926 -0.636684 0.381353 0.670227 1.59177 -2.96463 78.0096 5.85486 -33.9249 
17167299 12.0636 32.222 179.953 -0.637805 0.379257 0.67035 1.60613 -2.90718 77.908 5.84337 -33.9439 
17213792 11.2849 29.6789 180.372 -0.638549 0.347601 0.686607 1.60814 -2.9 77.9318 5.84395 -33.99 
17260829 10.6165 28.0566 180.768 -0.652296 0.306029 0.693438 1.61906 -2.87673 77.9223 5.84424 -34.0709 
17307585 10.376 28.0995 180.766 -0.65664 0.294943 0.694142 1.62107 -2.86639 77.9382 5.84596 -34.1995 
17354780 10.2311 27.967 180.654 -0.661292 0.287406 0.692886 1.62193 -2.86782 77.9445 5.84826 -34.3059 
17400013 10.0979 27.7045 180.544 -0.664532 0.280256 0.692715 1.62337 -2.87098 77.927 5.84854 -34.3995 
17446061 10.0403 27.7329 180.496 -0.664911 0.277956 0.693278 1.6248 -2.86495 77.9318 5.8474 -34.4868 
17498216 9.89984 27.4152 180.47 -0.666216 0.273007 0.693991 1.6271 -2.85978 77.9032 5.84625 -34.5678 
17546560 9.86072 27.447 180.395 -0.665153 0.273575 0.694786 1.62854 -2.85059 77.9001 5.8451 -34.6853 
17595478 9.81584 27.2378 180.315 -0.665901 0.27017 0.695403 1.63026 -2.84312 77.9048 5.84309 -34.825 
17641534 9.74862 27.1354 180.248 -0.665018 0.271008 0.695921 1.63055 -2.8368 77.8969 5.84309 -34.9361 
17687725 9.62755 26.7767 180.224 -0.668089 0.261864 0.69648 1.63313 -2.82904 77.9128 5.84108 -35.0345 
17739203 9.57996 26.55 180.143 -0.670452 0.25513 0.696708 1.63457 -2.82157 77.9905 5.83935 -35.1425 
17792040 9.57253 26.4312 180.073 -0.669414 0.256403 0.697239 1.63514 -2.82646 77.881 5.83878 -35.1742 
17842227 9.54701 26.3719 180.008 -0.669193 0.256647 0.697362 1.63457 -2.82674 77.8683 5.83906 -35.2441 
17894144 9.50821 26.339 179.896 -0.66918 0.252712 0.698809 1.62911 -2.82588 77.9334 5.84452 -35.3425 
17937510 9.30483 25.32 179.92 -0.67217 0.235268 0.702023 1.62337 -2.82129 77.9048 5.84797 -35.4076 
17983748 9.28871 25.3564 179.932 -0.672654 0.235633 0.701437 1.62021 -2.82301 77.8366 5.85084 -35.4282 
18031645 9.2066 25.4032 179.891 -0.67294 0.235616 0.701168 1.61561 -2.82732 77.7254 5.85573 -35.4362 
18079029 9.23001 25.3274 179.859 -0.674014 0.230746 0.701755 1.61791 -2.8233 77.6746 5.85113 -35.4711 
18127114 9.14192 24.9708 179.814 -0.67566 0.22345 0.702533 1.61791 -2.82215 77.6381 5.85113 -35.5267 
18176465 9.15517 24.7592 179.785 -0.675885 0.218487 0.703877 1.62049 -2.81669 77.6841 5.85084 -35.6171 
18224529 9.17626 24.6087 179.731 -0.675843 0.215015 0.704986 1.62078 -2.8141 77.6556 5.85257 -35.6854 
18274224 9.22087 24.4848 179.683 -0.675686 0.212038 0.706037 1.62394 -2.80663 77.6826 5.85228 -35.7981 
18319246 9.25534 24.4611 179.658 -0.675318 0.210677 0.706796 1.62653 -2.80118 77.6064 5.8517 -35.8632 
18365898 9.24111 24.438 179.604 -0.67485 0.209819 0.707498 1.62854 -2.79486 77.5444 5.8517 -35.9299 
18409574 9.21591 24.3867 179.515 -0.675153 0.206758 0.70811 1.63141 -2.7871 77.5238 5.8517 -36.0188 
18454622 9.21021 24.19 179.428 -0.675937 0.20066 0.709115 1.63371 -2.78136 77.4444 5.8517 -36.0743 
18506013 9.13342 23.951 179.362 -0.676533 0.194355 0.710302 1.63514 -2.77762 77.3254 5.8517 -36.1077 
18555009 9.01589 23.5442 179.291 -0.677117 0.186218 0.711924 1.63744 -2.77475 77.2015 5.85142 -36.1236 
18600879 9.02756 23.2503 179.197 -0.678525 0.17341 0.713815 1.65209 -2.77216 77.1047 5.85228 -36.1251 
18650254 9.04586 23.0689 179.144 -0.677225 0.172332 0.71531 1.66129 -2.77791 77.0952 5.86118 -36.1474 
18700577 8.49832 22.4124 179.068 -0.675455 0.16935 0.717692 1.69145 -2.79285 77.0682 5.86865 -36.1394 
18752470 7.66344 23.1267 179.025 -0.681827 0.157022 0.714462 1.72219 -2.80893 77.0412 5.87354 -36.141 
18802806 6.45014 23.2941 178.999 -0.687836 0.15094 0.709999 1.73914 -2.81439 77.092 5.87698 -36.1426 
18849509 5.81687 23.8884 178.933 -0.693616 0.154002 0.70369 1.74201 -2.81583 77.1762 5.87842 -36.1617 
18898284 5.45682 24.3097 178.852 -0.69794 0.156803 0.698779 1.7446 -2.81726 77.2206 5.88101 -36.1886 
18950984 5.27644 24.5464 178.844 -0.698122 0.158125 0.6983 1.74373 -2.81784 77.2333 5.88244 -36.1934 
18999213 5.25502 24.3754 178.846 -0.699128 0.145495 0.700037 1.73799 -2.81037 77.3222 5.8991 -36.1998 
19042431 5.03453 24.4966 178.849 -0.699437 0.139971 0.700854 1.72851 -2.80692 77.4 5.91806 -36.2061 
19090206 4.41708 24.8457 178.848 -0.700426 0.132836 0.701254 1.71932 -2.80865 77.5127 5.94363 -36.2125 
19141843 4.32624 24.9319 178.821 -0.701251 0.132554 0.700483 1.71702 -2.80692 77.6381 5.94765 -36.2331 
19185365 4.05078 25.1602 178.792 -0.702889 0.128781 0.699545 1.71328 -2.8052 77.7651 5.9557 -36.2696 
19235795 3.77865 25.481 178.743 -0.704257 0.127234 0.698451 1.70984 -2.80577 77.7842 5.96288 -36.322 
19284816 3.60579 25.7339 178.686 -0.705072 0.127159 0.697642 1.7084 -2.80663 77.7556 5.96575 -36.3601 
19333015 3.49862 25.9752 178.65 -0.70543 0.12414 0.697824 1.70409 -2.80635 77.7096 5.97178 -36.4046 
19377191 3.2774 26.1801 178.613 -0.7066 0.121905 0.697033 1.70409 -2.80807 77.6365 5.97695 -36.4506 
19426353 3.1555 26.2599 178.604 -0.70773 0.12027 0.69617 1.70581 -2.80922 77.5603 5.9804 -36.4601 
19472229 3.11457 26.1724 178.551 -0.708633 0.119587 0.695369 1.70955 -2.80951 77.5333 5.98011 -36.4919 
19520397 2.99517 25.9655 178.515 -0.710277 0.116866 0.694153 1.72104 -2.81094 77.4762 5.97897 -36.5046 
19568556 2.97209 26.0737 178.534 -0.710364 0.11685 0.694067 1.71989 -2.81181 77.4222 5.98011 -36.5046 
19618085 2.79273 26.1597 178.549 -0.711123 0.116624 0.693327 1.72161 -2.81295 77.4254 5.98155 -36.4934 
19663680 2.79389 26.1683 178.536 -0.711017 0.11621 0.693506 1.72018 -2.81238 77.4492 5.9827 -36.4839 
19712140 2.78949 25.9995 178.5 -0.711567 0.114479 0.69323 1.72391 -2.81066 77.5381 5.98299 -36.4887 
19763135 2.75279 26.015 178.5 -0.711719 0.113732 0.693196 1.73138 -2.80893 77.6365 5.985 -36.5046 
19813479 2.69136 26.1135 178.549 -0.711643 0.113755 0.69327 1.72707 -2.80807 77.708 5.98672 -36.4855 
19861174 2.40463 26.1886 178.561 -0.712923 0.110503 0.692481 1.7288 -2.80951 77.6873 5.99103 -36.468 
19907512 2.30307 26.2409 178.578 -0.713172 0.108776 0.692498 1.72621 -2.80865 77.7731 5.99477 -36.4617 
19952720 2.28002 26.2908 178.577 -0.712941 0.105053 0.69331 1.71845 -2.80692 77.8445 6.00166 -36.4744 
20003359 2.01332 26.3649 178.562 -0.714043 0.102851 0.692506 1.72219 -2.81008 77.7254 6.00453 -36.4649 
20054829 2.11916 26.3799 178.564 -0.713826 0.100688 0.693047 1.71845 -2.80979 77.6381 6.00741 -36.4665 
20101813 1.88133 26.3949 178.577 -0.715034 0.0995048 0.691972 1.72506 -2.81037 77.6968 6.00884 -36.449 
20147973 1.96817 26.4426 178.581 -0.71431 0.0992029 0.692763 1.70782 -2.80893 77.727 6.01373 -36.4633 
20198367 1.80825 26.3969 178.581 -0.715289 0.097635 0.691975 1.71788 -2.80807 77.8572 6.01401 -36.4617 
20252329 1.70355 26.4088 178.569 -0.715789 0.0932293 0.692065 1.74603 -2.8075 77.8508 6.01689 -36.4649 
20301378 1.47505 26.5385 178.578 -0.716668 0.0880365 0.691836 1.68657 -2.80721 77.8508 6.03211 -36.476 
20350388 1.36261 26.5343 178.67 -0.717371 0.0843486 0.691567 1.67249 -2.80692 77.8762 6.03786 -36.4601 
20395647 1.35138 26.4909 178.644 -0.716821 0.0824449 0.692366 1.72334 -2.8075 77.8366 6.03642 -36.3998 
20445674 1.53053 26.52 178.631 -0.715712 0.0817744 0.693592 1.77734 -2.81066 77.7302 6.03383 -36.3379 
20494150 0.595595 26.1515 178.719 -0.719569 0.0655367 0.691322 1.83049 -2.81468 77.6302 6.02665 -36.303 
20548452 -0.393516 25.4747 178.846 -0.727187 0.0493717 0.684661 1.8371 -2.81123 77.6762 6.02435 -36.303 
20597430 -1.83438 25.6795 178.816 -0.733209 0.0516539 0.678038 1.84801 -2.81152 77.8064 6.02464 -36.3014 
20645214 -2.57575 25.9811 178.808 -0.734131 0.058098 0.676517 1.84629 -2.80721 77.9382 6.02751 -36.3014 
20693825 -3.86987 26.8837 178.692 -0.73557 0.0694884 0.673876 1.84658 -2.78969 77.9905 6.03297 -36.3014 
20743581 -2.97265 26.7915 178.702 -0.737601 0.0689757 0.671704 1.83882 -2.79773 78.1033 6.03814 -36.3014 
20789693 -2.80135 26.4929 178.774 -0.739239 0.0616354 0.670617 1.84227 -2.80951 78.2128 6.04331 -36.2934 
20842155 -3.1712 26.7977 178.772 -0.738693 0.068529 0.670549 1.83939 -2.81841 78.3303 6.04877 -36.295 
20888331 -4.14384 27.3059 178.754 -0.739518 0.0780642 0.668595 1.83336 -2.83709 78.4477 6.05768 -36.3188 
20934102 -4.1349 27.5481 178.756 -0.742719 0.0819039 0.664575 1.8348 -2.84341 78.3842 6.05653 -36.3204 
20982180 -4.01616 27.9417 178.756 -0.743236 0.0829846 0.663863 1.83164 -2.84312 78.3922 6.05969 -36.3156 
21029264 -3.8932 27.878 178.708 -0.743897 0.0838159 0.663017 1.83365 -2.83967 78.435 6.05797 -36.3284 
21072489 -3.90943 27.8795 178.695 -0.743771 0.0837206 0.663171 1.83049 -2.83996 78.4668 6.06113 -36.3236 
21120528 -3.79141 27.9695 178.671 -0.743594 0.0829553 0.663465 1.82819 -2.83852 78.5335 6.06113 -36.3268 
21167725 -3.90119 27.9617 178.668 -0.745026 0.0819155 0.661986 1.83365 -2.8368 78.5223 6.06113 -36.3268 
21216893 -3.89267 28.0785 178.665 -0.744868 0.0830296 0.662026 1.83106 -2.83795 78.5065 6.06227 -36.3268 
21267043 -3.92189 28.1642 178.712 -0.744767 0.0826573 0.662186 1.82733 -2.84025 78.3827 6.06543 -36.3093 
21315919 -3.91362 28.1345 178.758 -0.745161 0.0828194 0.661722 1.82848 -2.84025 78.2636 6.06457 -36.2966 
21366248 -3.70691 28.0071 178.771 -0.744072 0.0815522 0.663103 1.82589 -2.83823 78.1683 6.0617 -36.2871 
21411302 -3.94729 28.1668 178.773 -0.745211 0.0833767 0.661596 1.82618 -2.83996 78.1556 6.06342 -36.2871 
21459602 -3.95698 28.18 178.697 -0.745557 0.0838543 0.661146 1.82704 -2.83996 78.1667 6.06342 -36.322 
21510494 -3.91264 28.1471 178.649 -0.745602 0.0842742 0.661041 1.82848 -2.8391 78.154 6.0617 -36.3633 
21559091 -3.90963 28.169 178.645 -0.745692 0.0856886 0.660757 1.82905 -2.83967 78.0937 6.06026 -36.3665 
21608970 -3.84153 28.0789 178.627 -0.74546 0.0842033 0.66121 1.83106 -2.83766 78.0144 6.05825 -36.3887 
21662012 -3.9056 28.2382 178.639 -0.74521 0.0851562 0.661371 1.82561 -2.84025 77.9889 6.06199 -36.3823 
21707268 -3.86291 28.1114 178.63 -0.744739 0.0821067 0.662286 1.82474 -2.83823 77.9937 6.06429 -36.3807 
21761136 -3.83066 28.0939 178.595 -0.744547 0.0829189 0.6624 1.82503 -2.83737 77.8429 6.06457 -36.3776 
21805559 -3.78406 28.0869 178.563 -0.744356 0.0840084 0.662478 1.82503 -2.83622 77.7365 6.06457 -36.3776 
21854714 -3.73547 28.0634 178.554 -0.744076 0.0841903 0.662769 1.82474 -2.8345 77.7238 6.06486 -36.3744 
21900587 -3.7311 28.0895 178.525 -0.743972 0.0845146 0.662845 1.82302 -2.83479 77.7921 6.06601 -36.3744 
21946877 -3.72853 28.0979 178.511 -0.743862 0.084834 0.662928 1.82302 -2.83479 77.6905 6.06601 -36.3506 
21995040 -3.72959 28.0826 178.501 -0.743842 0.0846977 0.662967 1.82302 -2.83479 77.7476 6.06601 -36.3379 
22045021 -3.73011 28.0771 178.505 -0.743781 0.0845835 0.663051 1.82302 -2.83479 77.7762 6.06601 -36.3109 
22093406 -3.85636 28.1379 178.53 -0.744664 0.0846604 0.662048 1.82474 -2.8368 77.8889 6.06601 -36.3093 
22141277 -3.78451 28.0786 178.475 -0.74403 0.083876 0.662861 1.82331 -2.83594 78.0096 6.06687 -36.3061 
22186183 -3.68621 28.0429 178.387 -0.743108 0.0833863 0.663956 1.82015 -2.83536 78.1033 6.06859 -36.3109 
22234481 -3.76509 28.0789 178.428 -0.743584 0.0831776 0.663449 1.8213 -2.83565 78.0032 6.06888 -36.3014 
22277571 -3.75001 28.0519 178.42 -0.743326 0.0828075 0.663784 1.8213 -2.8345 77.9143 6.06888 -36.2966 
22325667 -3.77088 28.0568 178.417 -0.743369 0.0826477 0.663756 1.8213 -2.83421 77.9191 6.06888 -36.2903 
22377698 -3.80631 28.075 178.408 -0.74341 0.0820637 0.663782 1.82043 -2.8345 77.954 6.07003 -36.2839 
22426791 -3.83823 28.0462 178.39 -0.743192 0.0808916 0.66417 1.82043 -2.83278 77.9382 6.07032 -36.2791 
22477304 -3.93418 28.0679 178.4 -0.743375 0.0800094 0.664072 1.82302 -2.82818 77.8747 6.06773 -36.2585 
22532102 -4.00216 28.0845 178.425 -0.74375 0.0780031 0.663891 1.82072 -2.8322 77.8064 6.07434 -36.2553 
22579232 -3.95104 28.0905 178.41 -0.743611 0.0799033 0.663821 1.82158 -2.83019 77.8699 6.0706 -36.2537 
22625444 -3.96059 28.0619 178.422 -0.743596 0.0792792 0.663913 1.82015 -2.83163 77.9128 6.0729 -36.2315 
22672719 -3.97074 28.0442 178.423 -0.743586 0.0787832 0.663983 1.82015 -2.8299 77.8651 6.0729 -36.2077 
22723721 -3.97177 28.0266 178.43 -0.74371 0.0786451 0.663861 1.82015 -2.8299 77.962 6.0729 -36.1855 
22773009 -3.93647 28.0035 178.49 -0.74362 0.0782391 0.664009 1.82072 -2.81841 78.0667 6.06802 -36.1537 
22821949 -3.91705 28.0838 178.55 -0.743849 0.0791695 0.663642 1.82072 -2.82071 78.1731 6.06744 -36.1331 
22866101 -3.93297 28.076 178.458 -0.743432 0.0770143 0.664362 1.8144 -2.81899 78.162 6.07319 -36.1013 
22913289 -3.84055 28.1079 178.565 -0.743435 0.0794552 0.664072 1.8279 -2.81382 78.0794 6.05366 -36.0743 
22964453 -3.62983 27.7414 178.725 -0.742855 0.0795308 0.664711 1.82216 -2.77532 77.9921 6.01401 -36.0759 
23009591 -3.14401 27.4007 178.829 -0.742729 0.0849205 0.664185 1.83279 -2.77705 77.908 6.00482 -36.0696 
23055757 -2.96146 27.26 178.851 -0.740449 0.0908214 0.665948 1.82675 -2.77159 77.7937 6.00942 -36.0712 
23101745 -2.76452 27.1174 178.895 -0.737839 0.0930889 0.668526 1.82503 -2.7285 77.781 6.00281 -36.1172 
23149017 -2.24932 26.4796 178.995 -0.735962 0.0837891 0.671818 1.8213 -2.71586 77.6889 6.00482 -36.1251 
23196743 -1.87692 25.1803 179.214 -0.733008 0.0554857 0.677953 1.83595 -2.7104 77.5905 5.98787 -36.1188 
23247031 -1.92269 23.6955 179.512 -0.72745 0.0431218 0.684805 1.84887 -2.7035 77.5286 5.98213 -36.1156 
23297291 -1.57581 23.3822 179.462 -0.728151 0.0303338 0.684746 1.85203 -2.69891 77.5127 5.97379 -36.1283 
23343232 -1.47535 23.2778 179.429 -0.727936 0.0307295 0.684956 1.85376 -2.69805 77.6032 5.97006 -36.1347 
23390161 -1.48478 22.9919 179.423 -0.727474 0.0309384 0.685438 1.85893 -2.69833 77.7365 5.96087 -36.1379 
23439332 -1.26948 22.638 179.47 -0.72604 0.0313992 0.686936 1.87099 -2.68885 77.7683 5.93185 -36.1283 
23489786 -1.5147 23.1292 179.406 -0.727369 0.0367732 0.685261 1.87042 -2.69431 77.835 5.93501 -36.1188 
23536921 -1.50131 22.9374 179.471 -0.727231 0.0389908 0.685284 1.87502 -2.6923 77.9239 5.92754 -36.1045 
23585746 -1.49823 22.8168 179.498 -0.727315 0.0417122 0.685035 1.87818 -2.69115 77.9842 5.92266 -36.0998 
23636399 -1.44658 22.7576 179.516 -0.727563 0.0451703 0.684552 1.88047 -2.69086 77.9 5.91778 -36.0886 
23686327 -1.3739 22.5926 179.548 -0.727854 0.0471416 0.684109 1.88421 -2.68742 77.8286 5.9106 -36.0807 
23736315 -1.28974 22.5602 179.557 -0.728253 0.0502107 0.683466 1.88651 -2.68541 77.8889 5.90514 -36.0728 
23785454 -1.20877 22.5006 179.603 -0.72841 0.0519385 0.68317 1.88794 -2.6834 77.9842 5.90226 -36.0632 
23832355 -1.13906 22.4293 179.64 -0.728513 0.0555542 0.682775 1.89082 -2.68167 78.0906 5.89594 -36.0474 
23883586 -1.13482 22.4097 179.652 -0.728755 0.0584075 0.682279 1.89369 -2.6811 78.2128 5.89106 -36.041 
23930984 -1.15866 22.3039 179.731 -0.72931 0.0630208 0.681275 1.90173 -2.6788 78.2302 5.879 -36.0108 
23981262 -1.19911 22.4047 179.77 -0.729809 0.0693683 0.680123 1.9046 -2.67966 78.1636 5.87325 -35.9839 
24031952 -1.26262 22.3137 179.809 -0.730552 0.0721962 0.67903 1.91035 -2.67708 78.0572 5.86578 -35.9743 
24078553 -1.26908 22.3645 179.847 -0.731022 0.0761343 0.678093 1.91351 -2.67708 78.0175 5.8609 -35.9474 
24127197 -1.2273 22.2491 179.889 -0.730929 0.0785726 0.677915 1.91638 -2.67506 77.8762 5.85486 -35.9346 
24174587 -1.17086 22.1303 179.902 -0.730704 0.0784844 0.678168 1.91638 -2.67392 77.7556 5.854 -35.9283 
24222680 -1.11344 21.9495 179.926 -0.730433 0.0799736 0.678285 1.91897 -2.66961 77.7858 5.84711 -35.9267 
24267894 -0.991933 21.9541 179.926 -0.730088 0.0853302 0.678005 1.91983 -2.66875 77.8588 5.84079 -35.9235 
24313644 -1.00734 22.0198 179.92 -0.730303 0.0884427 0.677374 1.92098 -2.66961 77.9794 5.83878 -35.9219 
24362014 -1.01556 21.9362 179.955 -0.730261 0.0891507 0.677327 1.92385 -2.66559 78.0413 5.83389 -35.9029 
24410926 -0.981461 21.9007 179.983 -0.730019 0.0915537 0.677266 1.92644 -2.65869 78.0921 5.82844 -35.8632 
24460324 -0.85716 21.9661 179.944 -0.729584 0.0947729 0.677292 1.92816 -2.64892 78.1588 5.82068 -35.8426 
24506148 -0.989406 22.0656 179.932 -0.730163 0.0966369 0.676404 1.9296 -2.65093 78.216 5.82097 -35.8394 
24551611 -0.957363 21.9587 179.966 -0.730403 0.0967618 0.676128 1.93075 -2.64921 78.0937 5.81924 -35.8331 
24597317 -0.863831 21.9304 179.978 -0.730046 0.0973994 0.676421 1.92644 -2.65122 78.0652 5.82097 -35.8299 
24643557 -0.854269 21.9278 179.977 -0.729824 0.0974149 0.676659 1.92328 -2.65438 78.1731 5.82413 -35.8267 
24694787 -0.794653 22.0269 179.974 -0.729354 0.0978064 0.677109 1.91753 -2.66357 78.2874 5.82987 -35.8188 
24743772 -0.839293 21.8499 180.041 -0.729505 0.101832 0.676353 1.92299 -2.65898 78.3906 5.81867 -35.7822 
24792950 -0.668632 21.8378 180.072 -0.728456 0.106203 0.676811 1.91983 -2.65984 78.462 5.81034 -35.7457 
24843249 -0.77285 21.9381 180.118 -0.729377 0.104638 0.676062 1.9161 -2.65783 78.543 5.80948 -35.7283 
24887984 -0.671981 21.8879 180.219 -0.729934 0.106508 0.675168 1.91724 -2.65697 78.4096 5.80948 -35.6965 
24935808 -0.571964 21.8428 180.282 -0.730011 0.1079 0.674864 1.91868 -2.65639 78.2445 5.8089 -35.6441 
24982310 -0.559122 21.8309 180.355 -0.730247 0.108549 0.674505 1.91897 -2.65553 78.2255 5.80833 -35.5981 
25030843 -0.526986 21.8052 180.386 -0.730299 0.108907 0.67439 1.91897 -2.65553 78.1715 5.80833 -35.5521 
25080114 -0.496295 21.7695 180.45 -0.730212 0.108748 0.674511 1.9204 -2.65582 78.0271 5.80861 -35.4679 
25127731 -0.500644 21.7292 180.497 -0.730094 0.108313 0.674708 1.92299 -2.65553 77.8238 5.80833 -35.3901 
25180253 -0.431436 21.6564 180.577 -0.729885 0.108337 0.67493 1.92414 -2.65553 77.6508 5.80833 -35.352 
25227155 -0.409398 21.6076 180.53 -0.729486 0.108406 0.675351 1.92558 -2.65524 77.4889 5.80833 -35.3139 
25279429 -0.372416 21.5291 180.427 -0.728673 0.108319 0.676241 1.92845 -2.65438 77.2857 5.80833 -35.2631 
25324253 -0.368377 21.5283 180.355 -0.727539 0.109049 0.677344 1.9319 -2.65323 77.0936 5.80833 -35.1917 
25370623 -0.325702 21.5386 180.255 -0.726626 0.109539 0.678245 1.93534 -2.6518 76.8952 5.80833 -35.1139 
25424511 -0.278131 21.5395 180.171 -0.725812 0.108952 0.679211 1.93908 -2.65007 76.6348 5.80919 -35.0075 
25473862 -0.278896 21.4968 180.049 -0.725302 0.108329 0.679855 1.94281 -2.64749 76.4348 5.80919 -34.9377 
25526864 -0.281025 21.4589 179.944 -0.72451 0.10757 0.680818 1.94655 -2.64461 76.2284 5.80919 -34.8329 
25576206 -0.32643 21.385 179.863 -0.724039 0.106038 0.68156 1.94942 -2.64145 76.049 5.80976 -34.7504 
25628304 -0.324483 21.3272 179.84 -0.72351 0.105177 0.682255 1.94999 -2.64031 75.8252 5.81034 -34.6392 
25677503 -0.360051 21.2477 179.77 -0.722846 0.105122 0.682966 1.95143 -2.63513 75.6331 5.79942 -34.5583 
25724196 -0.280956 21.1881 179.69 -0.72228 0.103366 0.683832 1.95315 -2.63312 75.4712 5.79684 -34.49 
25774310 -0.185931 21.1007 179.635 -0.719908 0.105367 0.686025 1.95804 -2.62565 75.3426 5.78851 -34.3757 
25820893 -0.070373 21.079 179.547 -0.71714 0.10964 0.68825 1.96407 -2.61043 75.2918 5.77299 -34.344 
25870803 0.0431835 20.921 179.554 -0.716904 0.109155 0.688573 1.96493 -2.6044 75.2648 5.77012 -34.3551 
25918798 0.0307894 20.6489 179.578 -0.716019 0.108324 0.689625 1.96464 -2.5998 75.1505 5.76524 -34.336 
25970564 0.143701 20.319 179.677 -0.71532 0.106681 0.690606 1.96464 -2.59032 75.014 5.75805 -34.336 
26021292 0.303321 20.004 179.693 -0.713573 0.105896 0.692531 1.96436 -2.57567 74.8584 5.74857 -34.3265 
26074240 0.645914 19.3396 179.723 -0.711308 0.0975633 0.696076 1.95919 -2.54694 74.7584 5.74139 -34.3424 
26119579 0.87712 18.9469 179.565 -0.710649 0.0931361 0.697355 1.95718 -2.54005 74.8013 5.73795 -34.3773 
26168638 0.99416 18.6267 179.593 -0.709883 0.0879282 0.69881 1.95689 -2.5366 74.7854 5.7368 -34.3281 
26217057 1.02459 18.5979 179.565 -0.709253 0.086315 0.699649 1.95804 -2.53516 74.6933 5.73651 -34.2789 
26259700 0.871794 18.6189 179.459 -0.710102 0.0817518 0.699337 1.96436 -2.53545 74.6774 5.748 -34.2646 
26314080 1.04107 18.2659 179.589 -0.708659 0.0797081 0.701034 1.96206 -2.52827 74.7759 5.74082 -34.2471 
26365144 0.937997 17.7951 179.742 -0.708734 0.0698648 0.702008 1.95631 -2.5208 74.9013 5.74053 -34.2376 
26413163 0.915748 17.6985 179.774 -0.708595 0.0679269 0.702338 1.9543 -2.51793 74.8711 5.74053 -34.1947 
26470219 0.920035 17.6703 179.749 -0.708302 0.0680505 0.702622 1.95229 -2.51506 74.76 5.74053 -34.1789 
26518514 0.937775 17.6046 179.753 -0.708078 0.0676071 0.70289 1.94798 -2.50787 74.6425 5.73823 -34.1757 
26567736 0.984802 18.038 180.019 -0.707984 0.0752158 0.702212 1.91207 -2.47283 74.6504 5.73163 -34.1725 
26616428 1.41971 16.5433 179.943 -0.705314 0.0483822 0.707242 1.90489 -2.45186 74.6901 5.7322 -34.1328 
26666201 1.76379 15.9449 180.023 -0.701727 0.0407865 0.711277 1.90518 -2.44266 74.6869 5.72732 -34.0582 
26722083 1.65234 15.8756 180.113 -0.701433 0.0287988 0.712153 1.91207 -2.44726 74.6933 5.74168 -33.99 
26770175 1.87862 15.5224 180.274 -0.700625 0.023907 0.713129 1.91179 -2.44611 74.7187 5.74484 -33.9646 
26822452 1.90518 15.2431 180.36 -0.699869 0.0138951 0.714137 1.90863 -2.4441 74.7917 5.75288 -33.955 
26869464 1.91877 15.1108 180.296 -0.699469 0.0100264 0.714593 1.91092 -2.44352 74.9029 5.75231 -33.9471 
26920540 1.89709 15.0459 180.348 -0.699174 0.00703558 0.714917 1.91236 -2.44266 74.9949 5.75087 -33.9249 
26973537 1.80709 15.1121 180.367 -0.699543 0.00394958 0.71458 1.9115 -2.44266 74.941 5.75547 -33.8995 
27030125 1.80366 15.094 180.366 -0.699541 0.00239292 0.714589 1.91265 -2.44209 74.9917 5.75518 -33.8836 
27079413 1.78557 15.0466 180.365 -0.69993 0.00177747 0.714209 1.91294 -2.44065 74.8902 5.75547 -33.8741 
27128837 1.77243 14.9943 180.399 -0.699703 0.000333884 0.714434 1.9161 -2.44036 75.0299 5.75116 -33.8693 
27178332 1.75151 14.9685 180.435 -0.699673 -0.000884483 0.714463 1.91897 -2.44036 75.1537 5.74685 -33.8661 
27228428 1.70553 15.0011 180.456 -0.699679 -0.00207999 0.714454 1.92155 -2.4418 75.2696 5.74398 -33.8566 
27277518 1.66088 14.6045 180.614 -0.698536 -0.0131726 0.715454 1.925 -2.44439 75.4093 5.74111 -33.8518 
27325775 1.75125 14.0321 180.763 -0.698191 -0.0213755 0.715593 1.9296 -2.44726 75.5553 5.73565 -33.8487 
27372511 1.73942 13.8186 180.87 -0.698501 -0.0243793 0.715194 1.93362 -2.45186 75.6982 5.73134 -33.8471 
27420684 1.69775 13.6527 180.96 -0.699231 -0.0253362 0.714446 1.93822 -2.45616 75.8347 5.72588 -33.8471 
27468718 1.59952 13.5777 181.125 -0.700593 -0.0213007 0.713243 1.94195 -2.45875 75.9919 5.71812 -33.8614 
27523024 1.50906 13.7294 181.26 -0.702215 -0.0145495 0.711816 1.94339 -2.46076 76.1538 5.71267 -33.8788 
27570247 1.41336 13.9395 181.324 -0.705091 -0.00589418 0.709092 1.94597 -2.46363 76.2713 5.70893 -33.8804 
27618485 1.3726 13.9864 181.329 -0.705756 -0.00223746 0.708452 1.94913 -2.46507 76.1633 5.70548 -33.8804 
27674252 1.30248 14.0011 181.396 -0.707586 0.00484565 0.706611 1.95373 -2.46536 76.0093 5.70003 -33.8804 
27726673 1.32326 13.9437 181.356 -0.707333 0.00620972 0.706854 1.95114 -2.46047 75.8855 5.70261 -33.8772 
27778678 1.27455 13.8993 181.378 -0.70772 0.0100141 0.706422 1.95143 -2.45645 75.7442 5.70232 -33.863 
27830825 1.32239 13.8562 181.399 -0.707541 0.00978606 0.706604 1.95114 -2.45128 75.7077 5.70175 -33.8646 
27876871 1.37299 13.7796 181.397 -0.70787 0.00973121 0.706276 1.95114 -2.44812 75.676 5.70117 -33.8582 
27931366 1.43906 13.7457 181.347 -0.706923 0.00997864 0.70722 1.95028 -2.44381 75.5458 5.70261 -33.8455 
27981419 1.48796 13.6833 181.34 -0.706556 0.00918273 0.707598 1.95086 -2.44094 75.4378 5.70347 -33.8423 
28038246 1.82141 13.2707 181.122 -0.703243 -0.0041422 0.710938 1.94339 -2.42658 75.2934 5.70836 -33.8391 
28084782 1.71185 12.9174 181.368 -0.704794 -0.00429443 0.709399 1.9678 -2.41652 75.1743 5.69313 -33.8391 
28137765 1.63213 12.7092 181.129 -0.701834 -0.0257707 0.711874 1.96867 -2.39785 75.0806 5.7052 -33.8407 
28189955 1.68414 12.5384 181.129 -0.702068 -0.0246234 0.711684 1.97125 -2.40072 74.9394 5.71583 -33.8344 
28242005 1.68584 12.2112 181.067 -0.700497 -0.0327236 0.712905 1.97326 -2.39814 74.8362 5.71669 -33.8122 
28293871 1.61133 11.9331 181 -0.698886 -0.0415221 0.714027 1.97728 -2.39584 74.7012 5.71468 -33.7645 
28343027 1.57933 11.8227 180.949 -0.697841 -0.0458433 0.714784 1.97786 -2.39411 74.5806 5.71439 -33.7217 
28395431 1.52737 11.7141 180.928 -0.69673 -0.0494519 0.715627 1.97815 -2.39383 74.3425 5.7141 -33.6296 
28447869 1.54262 11.657 180.927 -0.695933 -0.051352 0.716269 1.9793 -2.39354 74.0916 5.71295 -33.5121 
28501812 1.69587 11.5463 180.833 -0.695298 -0.0499841 0.716981 1.98188 -2.39239 73.8392 5.70606 -33.401 
28555589 1.78075 11.5065 180.709 -0.694575 -0.0489158 0.717755 1.98332 -2.39268 73.5757 5.70462 -33.2629 
28606762 1.85562 11.4916 180.611 -0.693456 -0.0459185 0.719034 1.9836 -2.39268 73.3884 5.70405 -33.1438 
28657213 1.90505 11.4573 180.581 -0.691692 -0.0448631 0.720798 1.9859 -2.39182 73.3233 5.70117 -33.0581 
28705104 1.93758 11.4303 180.593 -0.690195 -0.0457384 0.722177 1.98964 -2.38894 73.3614 5.69744 -33.0184 
28761583 2.02409 11.345 180.578 -0.688191 -0.0446031 0.724157 1.99883 -2.38147 73.39 5.68308 -32.9359 
28814526 1.93863 11.6347 180.435 -0.687005 -0.0438203 0.72533 2.01233 -2.38004 73.4312 5.67905 -32.9216 
28864314 1.75676 11.4676 180.595 -0.688355 -0.0443144 0.724019 2.01951 -2.37314 73.5297 5.67589 -32.9422 
28914064 1.56225 10.8677 180.73 -0.688764 -0.050528 0.723223 2.02095 -2.36424 73.5614 5.67618 -32.8628 
28966891 1.28298 10.8829 180.776 -0.689702 -0.0509037 0.722302 2.02353 -2.36137 73.4836 5.67388 -32.7438 
29017132 1.1374 10.9037 180.812 -0.69036 -0.052252 0.721576 2.02526 -2.35964 73.4662 5.67331 -32.6898 
29069979 0.990865 10.7663 180.908 -0.690861 -0.0540238 0.720967 2.02583 -2.35648 73.4725 5.67216 -32.6295 
29120559 1.01248 10.6285 180.955 -0.691232 -0.053758 0.72063 2.02239 -2.35102 73.4312 5.66785 -32.5803 
29169086 0.925266 10.597 180.962 -0.69103 -0.0549613 0.720733 2.02842 -2.34959 73.3884 5.66756 -32.5295 
29213302 1.01281 10.45 181.063 -0.692017 -0.0518087 0.72002 2.02066 -2.34499 73.3566 5.66182 -32.4802 
29260384 0.995496 10.5058 181.02 -0.691169 -0.0523629 0.720794 2.02669 -2.34585 73.309 5.66124 -32.431 
29309496 0.88154 10.4254 181.001 -0.690195 -0.0566391 0.721404 2.03646 -2.34355 73.2391 5.66297 -32.3564 
29360751 1.027 10.2991 181.089 -0.690383 -0.054435 0.721393 2.03732 -2.34126 73.1566 5.66096 -32.2564 
29410144 1.07194 10.2216 181.142 -0.689953 -0.0547998 0.721777 2.03732 -2.33982 73.036 5.65952 -32.1373 
29457642 1.04508 10.1147 181.173 -0.689565 -0.0560683 0.72205 2.05054 -2.34643 72.9328 5.66239 -32.0611 
29507104 0.963766 9.92536 181.263 -0.690079 -0.057842 0.721419 2.03876 -2.33206 72.8804 5.65521 -31.9675 
29560199 0.973003 9.99202 181.289 -0.689774 -0.0588935 0.721626 2.0468 -2.33695 72.8058 5.65952 -31.8722 
29613056 1.00658 10.0734 181.273 -0.689836 -0.0575909 0.721671 2.05197 -2.34241 72.747 5.66211 -31.8103 
29663991 0.950218 10.0523 181.233 -0.690108 -0.0583404 0.721351 2.06375 -2.34269 72.6423 5.66239 -31.7357 
29712730 0.945448 10.027 181.27 -0.689798 -0.0592281 0.721575 2.05743 -2.33609 72.5391 5.65981 -31.6421 
29759082 0.810804 10.0634 181.264 -0.689912 -0.0586459 0.721514 2.04996 -2.33063 72.4549 5.65722 -31.5881 
29812194 0.609476 10.126 181.344 -0.689968 -0.057214 0.721575 2.03847 -2.32172 72.3597 5.65205 -31.4992 
29872258 0.622743 10.0044 181.34 -0.689298 -0.0583269 0.722126 2.02899 -2.30678 72.2692 5.64803 -31.396 
29927132 1.12879 9.6815 181.327 -0.686753 -0.0573676 0.724623 2.01578 -2.29328 72.3533 5.64343 -31.3611 
29974422 1.33871 9.6352 181.417 -0.685362 -0.0580709 0.725883 2.01492 -2.28811 72.2597 5.642 -31.2626 
30026629 1.63268 9.43017 181.483 -0.684684 -0.0527714 0.726927 2.0063 -2.27404 72.2327 5.6285 -31.2007 
30078081 1.8146 9.16793 181.571 -0.683344 -0.059047 0.727705 2.00314 -2.26657 72.1977 5.62964 -31.1229 
30129252 1.97913 8.74431 181.607 -0.681834 -0.0648712 0.728625 2.004 -2.26369 72.0787 5.62792 -31.0118 
30184907 1.9948 8.51852 181.663 -0.68137 -0.0674926 0.72882 2.01578 -2.2726 72.0104 5.62562 -30.9118 
30237140 2.12053 8.11487 181.771 -0.679028 -0.0752434 0.730246 2.02497 -2.2861 71.8548 5.62304 -30.7991 
30286533 2.641 7.48719 181.927 -0.668591 -0.0798865 0.739327 2.03474 -2.30736 71.6818 5.61902 -30.6943 
30337587 2.38774 7.4051 181.766 -0.674316 -0.0871232 0.733286 2.06691 -2.34298 71.5469 5.61729 -30.5625 
30385309 1.87034 8.62672 181.589 -0.679096 -0.0610892 0.731503 2.09104 -2.37401 71.4326 5.61586 -30.4276 
30439858 1.25208 9.32609 181.446 -0.683585 -0.0464948 0.728389 2.10052 -2.37688 71.3373 5.61729 -30.3165 
30496920 0.920717 10.3956 181.469 -0.688238 -0.0216063 0.725163 2.10282 -2.37688 71.2484 5.61787 -30.2038 
30547074 0.135906 11.1335 181.694 -0.689686 -0.0160433 0.723931 2.08702 -2.32862 71.1643 5.59747 -30.1339 
30597092 0.667493 10.4992 181.925 -0.697047 0.00887275 0.71697 2.05801 -2.27921 71.1183 5.57937 -30.1355 
30645290 0.451059 11.3593 181.67 -0.690893 0.0124399 0.72285 2.04881 -2.24129 71.0452 5.5561 -30.1133 
30699260 0.920963 9.68876 181.72 -0.684547 -0.0271491 0.728463 2.02497 -2.17435 71.0643 5.58138 -30.1101 
30748484 1.93134 7.67514 181.883 -0.677241 -0.0674888 0.732659 2.00515 -2.14735 71.0421 5.60896 -30.0561 
30802970 2.1334 6.51335 181.925 -0.670404 -0.100985 0.735092 2.00515 -2.13729 71.0373 5.63166 -29.9799 
30846419 2.23789 6.05177 181.988 -0.666761 -0.115822 0.736216 2.0109 -2.14275 71.0468 5.63482 -29.8974 
30891642 2.3837 5.55872 182.059 -0.66312 -0.132629 0.736669 2.0198 -2.13873 71.0373 5.62275 -29.7974 
30950698 2.51365 5.11842 182.162 -0.659536 -0.143407 0.737867 2.03014 -2.13327 70.9674 5.60954 -29.6672 
31005775 2.5923 4.75937 182.254 -0.655829 -0.155809 0.738655 2.03704 -2.12781 70.9039 5.6012 -29.5513 
31058348 2.58305 4.38321 182.34 -0.653522 -0.163139 0.739118 2.04048 -2.12293 70.7817 5.60034 -29.4418 
31111120 2.6915 4.1014 182.498 -0.651857 -0.167898 0.739522 2.03761 -2.12896 70.6372 5.61442 -29.3259 
31163495 3.07641 2.98997 182.609 -0.64688 -0.183652 0.740148 2.03589 -2.11719 70.5706 5.60867 -29.2195 
31212619 3.34501 2.49524 182.645 -0.642956 -0.193999 0.740927 2.0379 -2.11948 70.361 5.60867 -29.0909 
31266856 3.41188 2.31556 182.643 -0.640618 -0.199753 0.741422 2.04249 -2.12724 70.088 5.60752 -28.9449 
31319143 3.44892 2.33598 182.628 -0.638896 -0.200799 0.742625 2.04537 -2.13701 69.8546 5.60695 -28.8052 
31369175 3.48433 2.26534 182.611 -0.636999 -0.202385 0.743823 2.04767 -2.1416 69.7308 5.60551 -28.702 
31429321 3.47645 2.3891 182.597 -0.636034 -0.199733 0.745364 2.05197 -2.14821 69.5863 5.60235 -28.5623 
31477392 3.41437 2.61557 182.582 -0.635869 -0.19523 0.746697 2.056 -2.15367 69.4641 5.59862 -28.4337 
31526329 3.35933 2.76413 182.586 -0.635969 -0.191751 0.747512 2.06059 -2.15625 69.4133 5.59431 -28.321 
31573515 3.40134 2.85459 182.541 -0.636381 -0.187046 0.748353 2.0649 -2.15855 69.2879 5.58885 -28.2162 
31621593 3.4834 3.09523 182.609 -0.639999 -0.173729 0.748478 2.06232 -2.16171 69.2371 5.58138 -28.1146 
31674645 3.41357 3.2079 182.63 -0.640011 -0.170785 0.749146 2.0695 -2.16487 69.1767 5.57506 -27.9781 
31725941 3.46618 3.27424 182.696 -0.641181 -0.163981 0.749664 2.0718 -2.16516 69.1069 5.56846 -27.8479 
31778260 3.39805 3.4584 182.72 -0.643445 -0.15321 0.750003 2.07984 -2.16889 69.0482 5.55524 -27.7146 
31831139 3.33124 3.68861 182.785 -0.644974 -0.145797 0.750168 2.08501 -2.17148 69.0005 5.5495 -27.5765 
31884134 3.32434 3.46505 182.839 -0.643621 -0.149071 0.750686 2.08788 -2.16458 68.9132 5.54777 -27.486 
31940706 3.26327 3.42819 182.944 -0.643967 -0.144089 0.751362 2.09392 -2.15568 68.8211 5.54375 -27.351 
31995753 3.26364 3.50819 183.036 -0.646598 -0.133757 0.751012 2.09736 -2.14476 68.8592 5.53772 -27.2558 
32043724 3.36255 3.51294 183.07 -0.647736 -0.129764 0.750732 2.10253 -2.13586 68.8767 5.53456 -27.1796 
32087489 3.24797 3.58188 183.08 -0.647629 -0.130022 0.75078 2.10225 -2.13586 68.7322 5.53082 -27.078 
32138253 3.19554 3.57193 183.135 -0.647537 -0.130495 0.750777 2.1011 -2.13787 68.5814 5.52709 -26.9462 
32195292 3.10056 3.58108 183.187 -0.647205 -0.131203 0.75094 2.10684 -2.12868 68.4767 5.52479 -26.816 
32250396 3.14517 3.40151 183.258 -0.646197 -0.133581 0.751389 2.10713 -2.12523 68.3004 5.52019 -26.6541 
32302401 3.14175 3.32451 183.303 -0.645323 -0.133423 0.752168 2.1146 -2.11288 68.1782 5.51502 -26.524 
32356337 3.19976 3.03489 183.415 -0.643586 -0.137812 0.752865 2.12465 -2.08932 68.1115 5.51158 -26.4017 
32406602 3.20049 2.4682 183.461 -0.640209 -0.147972 0.753815 2.13902 -2.05829 68.075 5.50957 -26.2969 
32455635 3.08999 2.1623 183.482 -0.638403 -0.155165 0.7539 2.14132 -2.05341 67.9575 5.50612 -26.1541 
32511036 3.00758 1.76148 183.56 -0.636494 -0.165676 0.753278 2.14505 -2.04565 67.8369 5.50267 -26.008 
32562089 2.96966 1.48073 183.622 -0.634764 -0.171821 0.753361 2.15022 -2.04106 67.6893 5.49721 -25.854 
32619342 2.98728 1.20138 183.672 -0.633285 -0.175562 0.753743 2.15108 -2.04594 67.567 5.48745 -25.708 
32671146 2.98476 0.859547 183.67 -0.631073 -0.183114 0.753801 2.15453 -2.03991 67.4733 5.48227 -25.6064 
32726357 3.00548 0.558545 183.668 -0.630234 -0.18528 0.753974 2.15683 -2.03531 67.3337 5.47222 -25.508 
32779047 2.99665 0.488627 183.728 -0.630958 -0.18231 0.754092 2.1597 -2.03244 67.259 5.4636 -25.4111 
32837664 3.10659 0.304452 183.766 -0.630972 -0.180758 0.754454 2.15798 -2.0356 67.0828 5.45154 -25.2524 
32885772 3.11851 0.175314 183.769 -0.631138 -0.1779 0.754994 2.16028 -2.03445 66.932 5.44349 -25.1031 
32931723 3.10683 0.128896 183.774 -0.630615 -0.177032 0.755635 2.16344 -2.03187 66.8161 5.44177 -25.0142 
32977206 3.12539 -0.0408945 183.828 -0.630012 -0.177977 0.755916 2.16573 -2.01779 66.8003 5.44838 -24.973 
33029375 3.13019 0.0317317 183.854 -0.630943 -0.171356 0.756669 2.16746 -2.01951 66.6923 5.44263 -24.8476 
33084526 3.13089 0.0444845 183.866 -0.630633 -0.169692 0.757303 2.16889 -2.02497 66.5542 5.43516 -24.7015 
33133391 3.11043 -0.0921025 183.858 -0.629551 -0.172051 0.75767 2.17177 -2.02152 66.4446 5.432 -24.5967 
33189853 3.13485 -0.219778 183.891 -0.62929 -0.169993 0.758351 2.17406 -2.01406 66.2938 5.42798 -24.4538 
33242150 3.23573 -0.0804138 183.955 -0.628791 -0.168038 0.7592 2.17349 -2.00515 66.2176 5.43344 -24.3554 
33291098 3.2453 -0.146049 183.997 -0.628242 -0.168239 0.75961 2.17464 -1.99596 66.1192 5.43344 -24.2999 
33343144 3.23556 -0.313001 183.944 -0.626124 -0.173944 0.760074 2.17751 -1.99136 65.9763 5.432 -24.1951 
