3.13987 3.13987 43.0036 0.00172362 -0.003175 -21.0663 5.89716 185.23 -0.697752 0.0441489 0.714933 -20.2448 6.064 189.48 -0.657667 0.113091 0.744771 
3.13987 3.13987 43.0036 0.00172362 -0.003175 -21.0663 5.89716 185.23 -0.697752 0.0441489 0.714933 -20.2448 6.064 189.48 -0.657667 0.113091 0.744771 
3.13987 3.13987 43.0036 0.00172362 -0.003175 -21.0651 5.89827 185.231 -0.697881 0.044029 0.714816 -20.2448 6.064 189.48 -0.657667 0.113091 0.744771 
3.13987 3.13987 43.0052 0.00172362 -0.0047625 -21.1766 5.90357 185.232 -0.697881 0.044029 0.714816 -20.2456 6.06429 189.48 -0.657681 0.113095 0.744759 
3.13987 3.13987 43.0052 0.00172362 -0.0047625 -21.1766 5.90357 185.232 -0.697881 0.044029 0.714816 -20.2456 6.06429 189.48 -0.657681 0.113095 0.744759 
3.13987 3.13987 43.0052 0.00172362 -0.0047625 -21.1766 5.90357 185.232 -0.697881 0.044029 0.714816 -20.2456 6.06429 189.48 -0.657681 0.113095 0.744759 
3.13987 3.13987 43.0052 0.00172362 -0.0047625 -21.1766 5.90357 185.232 -0.697881 0.044029 0.714816 -20.2456 6.06429 189.48 -0.657681 0.113095 0.744759 
3.13987 3.13987 43.0052 0.00172362 -0.0047625 -21.1766 5.90357 185.232 -0.697881 0.044029 0.714816 -20.2456 6.06429 189.48 -0.657681 0.113095 0.744759 
3.13987 3.13987 43.0052 0.00172362 -0.0047625 -21.1766 5.90357 185.232 -0.697881 0.044029 0.714816 -20.2456 6.06429 189.48 -0.657681 0.113095 0.744759 
3.13987 3.13987 43.0052 0.00172362 -0.0047625 -21.1766 5.90357 185.232 -0.697881 0.044029 0.714816 -20.2456 6.06429 189.48 -0.657681 0.113095 0.744759 
3.13987 3.13987 43.0052 0.00172362 -0.0047625 -21.1766 5.90357 185.232 -0.697881 0.044029 0.714816 -20.2456 6.06429 189.48 -0.657681 0.113095 0.744759 
3.13987 3.13987 43.0052 0.00172362 -0.0047625 -21.1766 5.90357 185.232 -0.697881 0.044029 0.714816 -20.2456 6.06429 189.48 -0.657681 0.113095 0.744759 
3.13987 3.13987 43.0052 0.00172362 -0.0047625 -21.1766 5.90244 185.232 -0.697875 0.0441508 0.714812 -20.2456 6.06429 189.48 -0.657681 0.113095 0.744759 
3.13987 3.13987 43.0052 0.00172362 -0.0047625 -21.1766 5.90244 185.232 -0.697875 0.0441508 0.714812 -20.2456 6.06429 189.48 -0.657681 0.113095 0.744759 
3.13987 3.13987 43.0052 0.00172362 -0.0047625 -21.1755 5.90355 185.233 -0.698004 0.0440309 0.714695 -20.2456 6.06429 189.48 -0.657681 0.113095 0.744759 
3.13987 3.13987 43.0052 0.00172362 -0.0047625 -21.1755 5.90355 185.233 -0.698004 0.0440309 0.714695 -20.2456 6.06429 189.48 -0.657681 0.113095 0.744759 
3.13987 3.13987 43.0052 0.00172362 -0.0047625 -21.1755 5.90355 185.233 -0.698004 0.0440309 0.714695 -20.2456 6.06429 189.48 -0.657681 0.113095 0.744759 
3.13987 3.13987 43.0052 0.00172362 -0.0047625 -21.1754 5.90469 185.233 -0.69801 0.043909 0.714699 -20.2456 6.06429 189.48 -0.657681 0.113095 0.744759 
3.13987 3.13987 43.0052 0.00172362 -0.0047625 -21.1754 5.90469 185.233 -0.69801 0.043909 0.714699 -20.2456 6.06429 189.48 -0.657681 0.113095 0.744759 
3.13987 3.13987 43.0052 0.00172362 -0.0047625 -21.1754 5.90469 185.233 -0.69801 0.043909 0.714699 -20.2456 6.06429 189.48 -0.657681 0.113095 0.744759 
3.13987 3.13987 43.0052 0.00172362 -0.0047625 -21.1754 5.90469 185.233 -0.69801 0.043909 0.714699 -20.2456 6.06429 189.48 -0.657681 0.113095 0.744759 
3.13987 3.13987 43.0052 0.00172362 -0.0047625 -21.1754 5.90469 185.233 -0.69801 0.043909 0.714699 -20.2456 6.06429 189.48 -0.657681 0.113095 0.744759 
3.13987 3.13987 43.0052 0.00172362 -0.0047625 -21.1754 5.90469 185.233 -0.69801 0.043909 0.714699 -20.2456 6.06429 189.48 -0.657681 0.113095 0.744759 
3.13987 3.13987 43.0052 0.00172362 -0.0047625 -21.1754 5.90469 185.233 -0.69801 0.043909 0.714699 -20.2456 6.06429 189.48 -0.657681 0.113095 0.744759 
3.13987 3.13987 43.0052 0.00172362 -0.0047625 -21.1755 5.90355 185.233 -0.698004 0.0440309 0.714695 -20.2456 6.06429 189.48 -0.657681 0.113095 0.744759 
3.13987 3.13987 43.0052 0.00172362 -0.0047625 -21.1754 5.90469 185.233 -0.69801 0.043909 0.714699 -20.2456 6.06429 189.48 -0.657681 0.113095 0.744759 
3.13987 3.13987 43.0052 0.00172362 -0.0047625 -21.1743 5.90467 185.234 -0.698133 0.0439109 0.714578 -20.2456 6.06429 189.48 -0.657681 0.113095 0.744759 
3.13987 3.13987 43.0052 0.00172362 -0.0047625 -21.1754 5.90469 185.233 -0.69801 0.043909 0.714699 -20.2456 6.06429 189.48 -0.657681 0.113095 0.744759 
3.13987 3.13987 43.0052 0.00172362 -0.0047625 -21.1754 5.90472 185.234 -0.698011 0.0439051 0.714577 -20.2456 6.06429 189.48 -0.657681 0.113095 0.744759 
3.13987 3.13987 43.0052 0.00172362 -0.0047625 -21.1742 5.9058 185.234 -0.698139 0.043789 0.714582 -20.2456 6.06429 189.48 -0.657681 0.113095 0.744759 
3.13987 3.13987 43.0052 0.00172362 -0.0047625 -21.1742 5.9058 185.234 -0.698139 0.043789 0.714582 -20.2456 6.06429 189.48 -0.657681 0.113095 0.744759 
3.13987 3.13987 43.0052 0.00172362 -0.0047625 -21.1742 5.9058 185.234 -0.698139 0.043789 0.714582 -20.2456 6.06429 189.48 -0.657681 0.113095 0.744759 
3.13987 3.13987 43.0052 0.00172362 -0.0047625 -21.1742 5.9058 185.234 -0.698139 0.043789 0.714582 -20.2456 6.06429 189.48 -0.657681 0.113095 0.744759 
3.13987 3.13987 43.0052 0.00172362 -0.0047625 -21.1742 5.9058 185.234 -0.698139 0.043789 0.714582 -20.2456 6.06429 189.48 -0.657681 0.113095 0.744759 
3.13987 3.13987 43.0052 0.00172362 -0.0047625 -21.1743 5.90467 185.234 -0.698133 0.0439109 0.714578 -20.2456 6.06429 189.48 -0.657681 0.113095 0.744759 
3.13987 3.13987 43.0052 0.00172362 -0.0047625 -21.1742 5.90584 185.235 -0.69814 0.0437851 0.71446 -20.2456 6.06429 189.48 -0.657681 0.113095 0.744759 
3.13987 3.13987 43.0052 0.00172362 -0.0047625 -21.1743 5.90467 185.234 -0.698133 0.0439109 0.714578 -20.2456 6.06429 189.48 -0.657681 0.113095 0.744759 
3.13987 3.13987 43.0052 0.00172362 -0.0047625 -21.1742 5.9058 185.234 -0.698139 0.043789 0.714582 -20.2456 6.06429 189.48 -0.657681 0.113095 0.744759 
3.13987 3.13987 43.0052 0.00172362 -0.0047625 -21.1742 5.9058 185.234 -0.698139 0.043789 0.714582 -20.2456 6.06429 189.48 -0.657681 0.113095 0.744759 
3.13987 3.13987 43.0052 0.00172362 -0.0047625 -21.1742 5.9058 185.234 -0.698139 0.043789 0.714582 -20.2456 6.06429 189.48 -0.657681 0.113095 0.744759 
3.13987 3.13987 43.0052 0.00172362 -0.0047625 -21.1742 5.9058 185.234 -0.698139 0.043789 0.714582 -20.2456 6.06429 189.48 -0.657681 0.113095 0.744759 
3.13987 3.13987 43.0052 0.00172362 -0.0047625 -21.1742 5.9058 185.234 -0.698139 0.043789 0.714582 -20.2456 6.06429 189.48 -0.657681 0.113095 0.744759 
3.13987 3.13987 43.0052 0.00172362 -0.0047625 -21.1742 5.90584 185.235 -0.69814 0.0437851 0.71446 -20.2456 6.06429 189.48 -0.657681 0.113095 0.744759 
3.13987 3.13987 43.0052 0.00172362 -0.0047625 -21.1742 5.90584 185.235 -0.69814 0.0437851 0.71446 -20.2456 6.06429 189.48 -0.657681 0.113095 0.744759 
3.13987 3.13987 43.0052 0.00172362 -0.0047625 -21.1731 5.90579 185.235 -0.698262 0.0437909 0.714461 -20.2456 6.06429 189.48 -0.657681 0.113095 0.744759 
3.13987 3.13987 43.0052 0.00172362 -0.0047625 -21.1731 5.90579 185.235 -0.698262 0.0437909 0.714461 -20.2456 6.06429 189.48 -0.657681 0.113095 0.744759 
3.13987 3.13987 43.0052 0.00172362 -0.0047625 -21.1731 5.90579 185.235 -0.698262 0.0437909 0.714461 -20.2456 6.06429 189.48 -0.657681 0.113095 0.744759 
3.13987 3.13987 43.0052 0.00172362 -0.0047625 -21.1731 5.90579 185.235 -0.698262 0.0437909 0.714461 -20.2456 6.06429 189.48 -0.657681 0.113095 0.744759 
3.13987 3.13987 43.0052 0.00172362 -0.0047625 -21.1731 5.90579 185.235 -0.698262 0.0437909 0.714461 -20.2456 6.06429 189.48 -0.657681 0.113095 0.744759 
3.13987 3.13987 43.0052 0.00172362 -0.0047625 -21.1731 5.90579 185.235 -0.698262 0.0437909 0.714461 -20.2456 6.06429 189.48 -0.657681 0.113095 0.744759 
3.13987 3.13987 43.0052 0.00172362 -0.0047625 -21.1731 5.90579 185.235 -0.698262 0.0437909 0.714461 -20.2456 6.06429 189.48 -0.657681 0.113095 0.744759 
3.13987 3.13987 43.0052 0.00172362 -0.0047625 -21.1731 5.90579 185.235 -0.698262 0.0437909 0.714461 -20.2456 6.06429 189.48 -0.657681 0.113095 0.744759 
3.13987 3.13987 43.0052 0.00172362 -0.0047625 -21.173 5.90692 185.235 -0.698268 0.0436691 0.714465 -20.2456 6.06429 189.48 -0.657681 0.113095 0.744759 
3.13987 3.13987 43.0052 0.00172362 -0.0047625 -21.173 5.90696 185.236 -0.698269 0.0436652 0.714343 -20.2456 6.06429 189.48 -0.657681 0.113095 0.744759 
3.13987 3.13987 43.0052 0.00172362 -0.0047625 -21.173 5.90692 185.235 -0.698268 0.0436691 0.714465 -20.2456 6.06429 189.48 -0.657681 0.113095 0.744759 
3.13987 3.13987 43.0052 0.00172362 -0.0047625 -21.173 5.90692 185.235 -0.698268 0.0436691 0.714465 -20.2456 6.06429 189.48 -0.657681 0.113095 0.744759 
3.13987 3.13987 43.0052 0.00172362 -0.0047625 -21.1719 5.90577 185.236 -0.698385 0.0437928 0.71434 -20.2456 6.06429 189.48 -0.657681 0.113095 0.744759 
3.13987 3.13987 43.0052 0.00172362 -0.0047625 -21.1731 5.90579 185.235 -0.698262 0.0437909 0.714461 -20.2456 6.06429 189.48 -0.657681 0.113095 0.744759 
3.13987 3.13987 43.0052 0.00172362 -0.0047625 -21.173 5.90692 185.235 -0.698268 0.0436691 0.714465 -20.2456 6.06429 189.48 -0.657681 0.113095 0.744759 
