-2.87702 2.38751 58.858 0.476295 -9.0805 -21.8841 3.92226 188.033 -0.681294 0.224308 0.696618 -18.7582 -0.91417 192.854 -0.704185 0.19336 0.68318 0
-2.31425 2.66559 65.127 0.149668 -13.7112 -12.4218 -7.09851 190.693 -0.63971 0.210571 0.739032 -11.2014 -14.0583 194.317 -0.684248 0.168172 0.709593 0
-1.72046 2.51448 77.2492 0.394135 -19.7326 7.23804 -3.95693 195.44 -0.612054 0.209751 0.762366 8.58611 -10.2574 199.429 -0.672901 0.164672 0.72117 0
-1.77016 2.31483 78.9192 0.61361 -21.7106 8.95549 5.3392 194.533 -0.615099 0.24957 0.747779 9.43026 -1.32644 198.753 -0.684657 0.187382 0.704367 0
-2.62508 1.29157 66.4701 1.6001 -16.9148 -8.77806 20.7906 187.614 -0.640106 0.368115 0.674347 -10.728 15.6725 191.379 -0.707322 0.270192 0.653217 0
2.72907 0.446419 50.4982 2.27059 -3.15277 -26.4467 7.02637 186.302 -0.64093 0.329604 0.693218 -34.4518 1.7871 188.55 -0.736091 0.232944 0.635537 0
2.28811 -0.261991 50.8094 2.89109 0.746125 -31.9216 -4.22358 189.349 -0.667005 0.264068 0.696567 -38.4276 -12.4058 191.247 -0.755525 0.163503 0.634388 0
2.05312 -0.417692 54.6146 3.04363 3.03371 -36.0856 -9.23319 193.287 -0.696017 0.252219 0.672244 -43.6578 -17.3061 194.844 -0.795052 0.152249 0.587122 0
1.83336 -0.512204 55.5306 3.06518 7.06755 -40.9763 -10.6421 197.133 -0.696766 0.293152 0.654529 -49.5283 -17.115 197.726 -0.80695 0.198728 0.556183 0
1.74172 -0.552996 55.3941 3.07609 9.00747 -42.6356 -10.9578 198.831 -0.686648 0.315558 0.65492 -51.476 -16.9754 198.855 -0.809411 0.212732 0.547356 0
1.74144 -0.573967 55.4131 3.07782 9.80123 -43.197 -11.1135 199.419 -0.687624 0.316946 0.653173 -51.245 -16.6898 199.837 -0.803443 0.223567 0.551813 0
2.22836 -0.45159 55.8973 3.04823 8.98366 -36.6233 -10.4053 201.329 -0.70337 0.248336 0.665892 -39.1111 -14.5427 203.709 -0.766792 0.194254 0.611797 0
2.77676 -0.674799 62.3108 3.43547 -1.83197 -24.3523 1.78926 198.587 -0.68684 0.294318 0.664485 -26.1465 -4.9076 201.564 -0.751383 0.201396 0.628382 0
2.81209 -0.683704 62.7378 3.45213 -3.28612 -24.4481 3.8034 197.131 -0.690588 0.302537 0.656912 -26.0171 -3.74741 200.49 -0.75351 0.20505 0.624642 0
2.81726 -0.680257 63.2284 3.44696 -3.91001 -24.511 4.37663 196.798 -0.688706 0.312432 0.654207 -26.3277 -3.43604 200.203 -0.756494 0.209772 0.619445 0
2.81611 -0.662159 64.1872 3.43001 -4.53866 -24.8823 4.87838 196.622 -0.690551 0.322321 0.647402 -27.1353 -3.35648 200.172 -0.76434 0.21358 0.608414 0
2.80979 -0.634581 65.3302 3.41249 -5.17207 -25.7889 5.08129 196.723 -0.699213 0.323837 0.637209 -28.1926 -3.68567 200.228 -0.776029 0.210514 0.594527 0
2.80032 -0.608152 66.5193 3.3964 -5.81977 -26.5974 4.97749 196.842 -0.710278 0.321282 0.626343 -29.2994 -4.15006 200.299 -0.787998 0.206359 0.580065 0
2.78279 -0.587756 67.4337 3.37572 -6.33413 -27.3053 5.04568 196.937 -0.717701 0.322821 0.616987 -30.2884 -4.64747 200.32 -0.79585 0.207569 0.568804 0
2.75406 -0.572531 68.1163 3.3467 -6.66115 -27.9444 5.13757 197.117 -0.719159 0.332906 0.609925 -31.272 -5.17079 200.367 -0.799643 0.216365 0.560141 0
2.73281 -0.559316 68.4751 3.32056 -6.73576 -28.3774 5.30553 197.156 -0.717808 0.343769 0.60536 -32.0036 -5.46215 200.458 -0.801025 0.224651 0.55488 0
2.71816 -0.549262 68.6656 3.29902 -6.73576 -28.6062 5.45738 197.28 -0.714382 0.354264 0.603344 -32.5279 -5.56825 200.529 -0.801066 0.23225 0.551681 0
2.70552 -0.498702 68.7783 3.23725 -6.66432 -28.9311 5.98738 197.399 -0.707506 0.373074 0.600246 -33.686 -5.51102 200.509 -0.803035 0.239645 0.545624 0
2.69489 -0.477157 68.6465 3.20738 -6.45795 -28.8449 6.64753 197.589 -0.694398 0.397107 0.600046 -34.1858 -5.54901 200.531 -0.80234 0.243805 0.544802 0
2.68541 -0.459059 68.4814 3.18899 -6.1214 -28.8749 6.68822 197.696 -0.689745 0.40509 0.600058 -33.6743 -3.9464 200.194 -0.788786 0.265251 0.55449 1
2.65352 -0.421426 68.2671 3.18124 -5.38162 -29.6301 4.98479 198.448 -0.701831 0.383766 0.600023 -33.4485 -3.68281 199.992 -0.78003 0.269503 0.564731 1
2.65467 -0.40103 68.0972 3.19617 -4.53866 -30.356 2.98572 198.781 -0.722801 0.344788 0.598798 -32.8709 -3.43912 200.406 -0.773679 0.263741 0.576074 1
2.78882 -0.498127 62.3568 3.30361 -0.925512 -27.4363 1.60879 199.265 -0.720318 0.281479 0.633909 -27.0232 -0.690078 201.041 -0.739379 0.241768 0.628384 1
2.79543 -2.20049 61.9631 4.99104 -7.13264 -18.2929 13.8636 192.658 -0.658124 0.349471 0.666848 -13.7262 10.0499 197.372 -0.691664 0.257965 0.674578 1
-2.54235 -2.73769 59.2152 5.34065 -3.06546 -34.0179 0.13786 192.29 -0.709583 0.31593 0.629702 -36.7678 -6.27525 195.215 -0.766307 0.241136 0.595505 1
-2.35677 -2.81094 58.4468 5.42137 -2.02406 -33.7809 -7.98647 192.839 -0.712204 0.260169 0.651909 -35.6008 -13.386 195.216 -0.763367 0.18513 0.618868 1
-2.54809 2.76785 64.1333 0.0465379 -8.21849 -20.0537 -9.68524 194.425 -0.680493 0.183187 0.709452 -19.6762 -10.4358 197.538 -0.716197 0.188416 0.671983 1
-2.67679 2.22032 68.2671 0.625388 -13.2191 -15.4478 0.121739 193.632 -0.672126 0.243336 0.699221 -15.5948 -0.851895 196.588 -0.721048 0.227943 0.654318 1
-2.90086 0.806943 65.8938 2.05083 -11.2284 -19.6697 18.5465 191.631 -0.685717 0.366195 0.628891 -20.5578 16.2429 195.44 -0.749701 0.284299 0.597597 1
2.85547 -0.541793 65.4064 3.42197 -14.3574 -27.8503 9.06467 186.749 -0.73541 0.303998 0.605581 -28.1255 0.767634 189.261 -0.772096 0.211835 0.59916 1
2.57481 -1.80521 69.3323 4.6647 -19.0579 -19.2234 9.18891 187.199 -0.707475 0.301325 0.639239 -11.2811 0.614303 192.412 -0.727603 0.170226 0.664543 1
2.42629 -2.14074 73.0026 5.00742 -17.7022 -15.1516 14.6086 190.84 -0.701363 0.338069 0.627442 -10.2691 10.4309 195.553 -0.723143 0.219707 0.654823 1
2.33091 -2.29357 73.7313 5.16168 -15.6035 -12.7677 15.9536 194.059 -0.697461 0.336139 0.632831 -8.46004 12.1599 198.26 -0.715864 0.240315 0.655582 1
2.2275 -2.51994 72.8105 5.41649 -14.524 -10.5074 20.9261 194.29 -0.688298 0.355421 0.632371 -5.27771 15.394 198.596 -0.708343 0.230658 0.667118 1
2.0514 -2.58084 72.7518 5.53111 -14.1256 -6.16434 24.5275 194.305 -0.665252 0.375818 0.64511 -0.739089 16.9708 198.604 -0.68906 0.207601 0.694333 1
1.95832 -2.48604 73.5455 5.45355 -15.6115 -1.69931 21.3971 194.396 -0.653801 0.335917 0.677904 1.6901 15.2003 198.168 -0.676189 0.204197 0.707864 1
2.15712 -2.15453 76.0935 5.10222 -16.4322 -3.98527 13.0962 196.404 -0.674728 0.286618 0.679982 -1.97907 5.23851 199.216 -0.711325 0.172542 0.681356 1
2.72562 -1.60182 68.5259 4.43575 -14.2684 -17.3444 8.44269 192.377 -0.692954 0.319459 0.646196 -16.8953 1.91417 195.061 -0.734101 0.215877 0.643811 1
2.74401 -2.13643 67.0733 4.94967 -15.4495 -19.1974 14.005 188.739 -0.698652 0.331759 0.633861 -16.7211 11.0395 191.466 -0.717598 0.273487 0.640514 1
2.4622 -2.56447 68.9862 5.43574 -18.3944 -15.846 20.952 186.621 -0.688438 0.369976 0.623785 -11.0974 18.066 190.084 -0.709422 0.277287 0.647944 1
2.09564 -2.93648 70.1626 5.86176 -21.0518 -11.288 30.5911 184.154 -0.682538 0.393976 0.615504 -3.72528 26.1654 187.304 -0.706379 0.276418 0.65163 1
1.52885 -3.13556 75.3934 6.09445 -26.1033 -0.0352666 41.5832 180.986 -0.655873 0.433263 0.618103 3.67565 35.5508 185.541 -0.682805 0.312796 0.660255 1
1.50357 -3.10252 76.1824 6.09416 -25.9001 0.506695 40.7788 181.958 -0.664292 0.409966 0.624928 3.54085 34.9605 185.143 -0.684167 0.312247 0.659103 1
1.59464 -2.98618 76.411 6.02751 -25.8667 -0.030602 38.0501 182.96 -0.677375 0.365185 0.638581 3.8473 32.1707 184.254 -0.688707 0.277107 0.669996 1
1.86554 -2.63054 78.9684 5.65923 -25.3698 -0.702558 27.6144 187.671 -0.688657 0.308079 0.656196 1.30812 20.0586 191.521 -0.717866 0.204415 0.665495 1
2.20193 -2.18469 82.1498 5.13123 -24.9095 -7.22015 16.0187 192.26 -0.720076 0.297162 0.626987 -5.90108 9.38735 194.28 -0.743833 0.22111 0.630732 1
2.51879 -1.81526 75.7331 4.6828 -20.5613 -14.3372 9.97431 191.913 -0.709284 0.324952 0.625463 -13.3218 5.53762 194.028 -0.745389 0.241572 0.62132 1
2.55987 -1.81785 74.0154 4.68539 -20.9836 -15.3291 10.3792 190.107 -0.708995 0.321683 0.627532 -13.9009 6.67645 192.118 -0.734825 0.25497 0.628509 1
2.4892 -2.01607 71.9723 4.87786 -20.6661 -13.3084 11.9434 188.647 -0.691888 0.328677 0.642794 -11.8477 9.96381 190.608 -0.711083 0.262461 0.652285 1
2.10972 -2.50816 74.171 5.44579 -23.1696 -7.09298 20.707 187.052 -0.681807 0.335015 0.650239 -4.06183 18.8787 189.26 -0.690633 0.268869 0.671369 1
1.4467 -3.07897 77.4952 6.06658 -27.0129 1.96647 38.4563 183.028 -0.668288 0.382621 0.637822 5.64217 34.0408 186.013 -0.670271 0.314991 0.671951 1
1.24704 -3.10425 80.8401 6.20074 -26.1763 4.00035 41.5827 184.681 -0.686703 0.322314 0.651501 7.03399 30.9344 191.509 -0.703324 0.160301 0.692559 1
1.9701 -2.32747 85.9233 5.39035 -22.1313 -2.21264 16.8601 198.255 -0.731953 0.212214 0.647325 -1.00853 13.2592 200.247 -0.754816 0.157828 0.636666 1
2.56877 -0.903754 72.4422 3.7552 -3.48774 -24.321 -2.18214 205.039 -0.7437 0.268034 0.612372 -27.3322 -13.1014 207.296 -0.807654 0.152263 0.569658 1
2.3628 -0.510193 63.9491 3.2453 -0.168275 -30.5036 -7.18378 201.049 -0.718505 0.278584 0.637163 -35.2461 -14.0643 201.013 -0.78116 0.183851 0.596648 1
1.92988 -0.536334 55.6814 3.13556 2.4765 -37.2636 -13.8698 194.566 -0.70561 0.250668 0.662786 -44.3586 -19.0898 194.558 -0.791822 0.165566 0.587883 1
1.42774 -0.753511 51.0396 3.23984 5.84835 -44.879 -19.122 190.956 -0.727396 0.213022 0.65224 -51.6976 -21.526 191.125 -0.803128 0.160501 0.573781 1
1.64951 -0.63889 49.206 3.16888 5.74992 -46.1858 -21.2038 188.366 -0.741889 0.140973 0.655414 -46.3892 -20.174 191.138 -0.774517 0.145164 0.615671 1
2.28581 -2.01061 78.3954 4.99047 -23.6918 -12.8747 7.26877 190.945 -0.740121 0.224485 0.633805 -8.33806 6.00274 192.846 -0.737683 0.174625 0.652173 1
2.25967 -2.97354 71.5739 5.96949 -23.8141 -16.7332 30.303 182.313 -0.736192 0.339072 0.585513 -14.6936 26.0783 184.134 -0.76472 0.224564 0.603965 1
2.90201 -0.126686 59.4438 3.03099 -19.0611 -28.4567 1.56889 177.663 -0.728297 0.199602 0.655424 -29.1422 -3.5345 181.05 -0.769784 0.134556 0.623961 1
1.87645 -2.39584 82.5038 5.39581 -34.1043 -3.47444 14.6193 183.89 -0.719586 0.239208 0.651916 1.06193 12.1208 186.189 -0.719585 0.196371 0.66606 1
1.80521 -2.61933 84.3215 5.59402 -34.7964 -2.47791 22.8325 183.627 -0.715286 0.296623 0.632679 -0.441139 20.237 185.555 -0.735168 0.245484 0.631874 1
1.80033 -2.78222 83.7452 5.77213 -35.4854 -4.60054 29.2337 181.966 -0.727983 0.314642 0.609 -3.14778 26.4586 182.772 -0.745291 0.265339 0.611667 1
1.91552 -2.89081 78.4731 5.90169 -36.4855 -7.90159 33.4441 176.032 -0.727998 0.334026 0.598527 -7.47488 29.7265 177.893 -0.752635 0.265734 0.602433 1
-2.74631 3.11976 61.7456 5.96891 -22.5393 -28.4905 1.0155 175.681 -0.729179 0.238955 0.641067 -27.9192 -4.92689 180.142 -0.745113 0.226596 0.627265 1
-2.26513 2.78566 70.8674 0.120941 -24.7174 -16.2282 -11.2089 183.623 -0.702273 0.152896 0.695219 -14.4077 -17.1977 186.895 -0.740548 0.125638 0.660154 1
-2.07783 2.13155 80.4337 0.863536 -37.2856 -3.0061 7.92549 180.465 -0.695652 0.213871 0.685717 -0.575025 4.21649 183.314 -0.734061 0.174708 0.656225 1
-2.12523 1.87128 82.6832 1.14592 -43.8817 -5.36595 17.7454 174.673 -0.719145 0.249474 0.648485 -4.17815 14.566 177.118 -0.755027 0.216442 0.618941 1
2.60899 -0.166904 63.5014 2.97814 -31.3309 -32.354 0.441928 167.774 -0.750439 0.253319 0.610434 -36.1113 -7.13186 169.734 -0.795103 0.19897 0.572907 1
2.23583 -1.00688 68.5925 3.7779 -31.2039 -24.6802 -7.82634 173.999 -0.70863 0.256307 0.65725 -26.5669 -20.8563 175.6 -0.777403 0.13081 0.615251 1
1.9882 -1.41711 77.7159 4.2766 -38.1572 -17.8849 -11.54 175.313 -0.723406 0.222722 0.653543 -17.3634 -23.8688 177.507 -0.781808 0.107749 0.614139 1
2.07295 -2.1709 86.3614 5.12922 -46.1328 -5.62726 10.1571 175.836 -0.727921 0.252319 0.637391 -5.18058 8.26973 176.382 -0.750038 0.22067 0.623497 1
2.48374 -1.9589 86.3106 4.89337 -48.9776 -17.7802 13.7512 171.599 -0.769615 0.290743 0.568433 -17.5737 8.74911 169.784 -0.787402 0.247983 0.56436 1
2.35792 -1.4984 86.6472 4.40013 -47.9203 -22.1082 2.20056 171.873 -0.77503 0.279218 0.56685 -21.5784 -6.35921 172.993 -0.803068 0.219161 0.554121 1
2.18929 -1.74402 85.1486 4.74399 -43.5499 -14.4006 1.48077 177.372 -0.768139 0.20735 0.605627 -13.3916 -4.34003 179.187 -0.791915 0.148251 0.592361 1
2.18182 -1.73799 84.1373 4.76783 -44.3214 -14.2712 0.838892 175.561 -0.76976 0.183417 0.611401 -13.3228 -4.22889 177.98 -0.791441 0.129364 0.597399 1
2.57998 -1.47198 63.2109 4.41765 -29.7577 -13.4858 1.05229 173.219 -0.683047 0.196737 0.703258 -12.143 -5.88523 175.775 -0.699334 0.0900987 0.709094 1
2.71069 -1.23613 52.5683 4.08298 -22.4361 -13.157 0.839291 171.681 -0.610011 0.228193 0.758739 -12.3728 -5.40199 174.215 -0.635368 0.123783 0.762224 1
2.70264 -1.17379 51.0856 4.00656 -21.6948 -13.0935 0.363075 171.052 -0.598872 0.22699 0.767908 -12.5633 -5.61003 173.259 -0.624817 0.129506 0.769956 1
2.69316 -1.12495 50.3649 3.9652 -21.3535 -13.2239 -0.486567 170.711 -0.595467 0.221633 0.772206 -12.7711 -5.9234 172.597 -0.619712 0.127762 0.77436 1
2.68598 -1.10197 49.987 3.95313 -21.0788 -13.2734 -1.0293 170.719 -0.597709 0.208427 0.774059 -12.7953 -6.01781 172.247 -0.616817 0.125829 0.776984 1
2.66329 -1.07037 50.1696 3.91809 -20.9725 -13.4359 -1.11459 170.819 -0.591999 0.219298 0.775417 -13.1304 -6.5178 172.202 -0.617976 0.128162 0.775681 1
2.63686 -1.06405 50.5347 3.89913 -21.0121 -13.3332 -0.652923 170.901 -0.583372 0.240386 0.775754 -13.3221 -6.6543 172.22 -0.617647 0.139748 0.77394 1
2.30563 -1.50128 72.5946 4.39237 -41.8021 -15.4065 -1.60015 168.695 -0.701513 0.232703 0.673515 -13.1529 -8.76804 170.613 -0.725111 0.16181 0.669351 1
2.09277 -1.54293 82.3943 4.48027 -48.4092 -15.1406 -5.00395 169.011 -0.746965 0.213629 0.629653 -15.6557 -11.017 170.719 -0.774103 0.171462 0.609398 1
1.9385 -1.37976 85.6645 4.32199 -46.7979 -18.2859 -13.3605 172.773 -0.768567 0.186507 0.612005 -20.0476 -19.296 172.738 -0.805457 0.134771 0.577128 1
1.79314 -1.35534 83.977 4.27602 -42.3466 -19.4223 -19.8594 175.433 -0.767312 0.172337 0.61763 -21.1918 -27.1898 176.167 -0.812651 0.0947806 0.574991 1
1.70237 -1.46566 81.9799 4.37485 -38.6842 -15.9865 -21.6958 177.97 -0.745626 0.158622 0.647134 -16.8892 -29.8331 178.525 -0.787934 0.0811376 0.61039 1
1.65209 -1.74373 84.9851 4.67648 -41.8338 -7.60279 -15.8452 178.856 -0.720547 0.172733 0.671554 -7.05672 -23.7916 179.154 -0.759439 0.0976311 0.643211 1
1.65181 -2.40072 85.3168 5.40787 -60.3393 3.45554 10.2089 162.104 -0.696468 0.219145 0.683217 5.31337 5.36916 162.754 -0.719082 0.134504 0.681784 1
1.78883 -2.36165 86.0249 5.41333 -66.2051 1.04014 13.363 156.105 -0.710291 0.210345 0.671638 0.60934 9.48421 157.171 -0.736933 0.151597 0.658747 1
2.01923 -2.1574 86.3678 5.21885 -67.383 -4.9257 9.85245 154.892 -0.741183 0.182067 0.646102 -4.10248 5.78192 155.445 -0.757629 0.137168 0.638109 1
2.06691 -2.10771 85.6121 5.16656 -68.9658 -6.81493 8.63253 153.131 -0.747048 0.183032 0.638943 -5.63227 5.37582 153.881 -0.756733 0.139758 0.63861 1
2.07697 -2.0988 84.4024 5.15852 -70.2088 -7.0998 8.37 150.897 -0.746235 0.181284 0.640461 -5.82838 5.48107 152.275 -0.752835 0.138032 0.643574 1
2.08731 -2.09449 83.3896 5.14732 -71.0089 -7.15545 8.28254 149.083 -0.742993 0.183762 0.643623 -5.89675 5.60121 150.847 -0.748975 0.142418 0.647112 1
2.09535 -2.09621 82.1768 5.13525 -71.8487 -7.09448 8.43134 147.471 -0.736227 0.196216 0.647597 -5.73069 5.80438 149.187 -0.742951 0.150896 0.652115 1
2.09966 -2.09966 80.9258 5.13496 -72.9726 -6.69523 8.80369 145.263 -0.728365 0.202522 0.654465 -5.47106 5.90884 147.22 -0.737447 0.152483 0.657967 1
2.11431 -2.07898 81.0242 5.12836 -73.7838 -6.82124 8.90455 143.904 -0.727544 0.199677 0.656266 -6.05881 5.66118 146.191 -0.741491 0.144555 0.655206 1
2.06691 -1.86353 85.3137 4.91491 -71.1533 -8.79262 1.75767 149.502 -0.752431 0.157707 0.639568 -8.84777 -1.56539 150.109 -0.763776 0.14018 0.630076 1
2.52425 -1.34471 63.7999 4.28752 -56.1927 -12.7057 -2.20429 147.772 -0.677347 0.181264 0.712897 -13.3902 -7.55217 147.869 -0.702833 0.101917 0.704016 1
2.58888 -0.315136 49.641 3.03013 -51.1604 -24.1393 -3.55672 139.531 -0.635923 0.250607 0.729837 -27.0807 -7.29528 140.637 -0.680215 0.180606 0.710414 1
2.54723 -0.210282 48.4138 2.88305 -50.1698 -26.331 -2.86866 138.379 -0.619892 0.279864 0.733072 -29.4701 -6.70161 139.783 -0.678829 0.202976 0.705686 1
1.44641 -2.24933 86.3408 5.25849 -74.857 5.61984 -1.41906 148.08 -0.684563 0.168008 0.709203 10.1475 -9.45697 149.404 -0.723041 0.0646687 0.687772 1
-1.51191 2.7917 86.4075 0.199366 -80.2053 13.6309 -8.63339 142.081 -0.63355 0.160473 0.756878 8.83429 -15.4773 145.023 -0.718551 0.134471 0.68235 1
-1.85692 2.89195 86.3837 0.0936503 -76.4381 -3.29328 -18.0648 145.28 -0.708206 0.129522 0.693949 -4.69148 -17.6552 146.917 -0.749337 0.16122 0.642264 1
-2.1982 2.56964 86.2058 0.426884 -76.2556 -9.31089 -8.95735 146.164 -0.738527 0.154042 0.65636 -10.8464 -9.77719 148.171 -0.783894 0.168398 0.597622 1
-2.19848 2.35246 86.2011 0.7199 -79.4893 -7.98401 -2.00061 143.598 -0.746889 0.130071 0.651969 -8.14871 -1.55581 144.966 -0.775761 0.140395 0.615211 1
-2.05973 2.25881 86.6249 0.851183 -86.7267 -2.3528 6.92397 135.407 -0.727878 0.134843 0.672293 -4.12401 5.01558 137.935 -0.759358 0.139425 0.63556 1
-2.30908 2.4688 86.4138 0.622803 -79.4845 -11.0951 -4.68464 142.517 -0.760053 0.112469 0.640088 -10.0069 -3.53236 144.723 -0.786447 0.12226 0.605436 1
-1.70524 2.43778 86.3027 0.641188 -84.7026 8.31458 7.9691 137.221 -0.673794 0.170185 0.718988 8.11793 -0.0181205 139.604 -0.719597 0.123173 0.68338 1
-2.28093 2.86035 86.2741 0.215166 -70.2786 -17.1398 -16.4372 150.29 -0.782724 0.0769212 0.617506 -16.8107 -14.6369 150.356 -0.791219 0.123551 0.598923 1
-2.41939 2.55958 86.4567 0.566498 -67.8863 -17.4011 -9.28679 153.155 -0.792365 0.0599856 0.607139 -15.7052 -7.94244 154.469 -0.799567 0.0943902 0.593113 1
-2.52396 2.24674 86.2154 0.802347 -67.2894 -17.3058 -1.07075 154.523 -0.78263 0.146089 0.604991 -17.7235 -1.54879 155.441 -0.813227 0.147913 0.562836 1
-2.76153 1.86238 81.3783 1.13644 -66.8115 -21.6641 7.24178 150.117 -0.78444 0.213357 0.58231 -22.1505 5.56855 151.782 -0.818719 0.186587 0.543032 1
-3.08644 1.91667 73.6662 1.13271 -62.0712 -29.8546 5.80873 147.012 -0.794668 0.19524 0.574803 -30.3326 4.13118 149.414 -0.833666 0.136462 0.535144 1
2.37889 0.048836 57.9372 2.83996 -44.7231 -37.1739 -7.31747 148.914 -0.776515 0.139164 0.614438 -43.0949 -13.9476 149.422 -0.834643 0.0697178 0.546361 1
1.87502 -0.382645 58.1389 3.19244 -40.2257 -40.7323 -16.5537 152.168 -0.77246 0.146968 0.617764 -46.6661 -24.1719 151.295 -0.83983 0.0482175 0.540704 1
1.06692 -0.858652 52.7414 3.48862 -31.1896 -50.1144 -29.3189 152.085 -0.79775 0.0819261 0.597262 -54.7491 -30.3915 152.269 -0.850682 0.0510764 0.523194 1
0.986775 -0.88939 52.7271 3.52452 -30.9817 -50.5659 -30.141 152.08 -0.793837 0.0906307 0.601289 -54.6135 -30.9491 151.906 -0.845425 0.0510231 0.531651 1
0.973273 -0.866409 52.5318 3.52452 -30.7769 -51.4896 -31.174 151.596 -0.806156 0.0661227 0.587813 -54.3531 -31.2052 151.696 -0.842486 0.043651 0.536947 1
0.972411 -0.86411 52.4143 3.52452 -30.6562 -51.7272 -31.6048 151.338 -0.811304 0.0540457 0.582092 -53.8877 -31.3264 151.678 -0.837795 0.0436355 0.544239 1
0.971262 -0.869281 52.3302 3.52452 -30.6102 -51.8486 -31.7787 151.252 -0.812886 0.0497242 0.580316 -53.5217 -31.5006 151.688 -0.833874 0.0461792 0.55002 1
0.967815 -0.877899 52.2349 3.52452 -30.553 -51.8567 -31.8779 151.152 -0.813443 0.0480337 0.57953 -53.3433 -31.4253 151.665 -0.830728 0.0496751 0.554457 1
0.964081 -0.88623 52.1365 3.52452 -30.4641 -51.9666 -31.8663 151.153 -0.813564 0.0480466 0.579531 -53.2305 -31.3654 151.635 -0.828279 0.0524447 0.557857 1
0.96207 -0.889965 51.9857 3.52223 -30.3133 -51.9611 -31.771 151.142 -0.812886 0.0497242 0.580316 -53.1554 -31.2823 151.62 -0.826271 0.0539174 0.560687 1
0.959771 -0.891401 51.8746 3.52022 -30.145 -51.957 -31.6771 151.239 -0.811897 0.0519957 0.581441 -53.1234 -31.2284 151.631 -0.82502 0.0544826 0.562471 1
0.957473 -0.891401 51.7936 3.51849 -29.9418 -52.061 -31.566 151.339 -0.811218 0.0536777 0.582348 -53.1248 -31.1892 151.694 -0.824208 0.0545526 0.563653 1
0.95575 -0.889677 51.7285 3.51648 -29.7688 -52.1638 -31.4549 151.443 -0.810667 0.0553549 0.582768 -53.1374 -31.1527 151.735 -0.823678 0.0542472 0.564457 1
0.954026 -0.887954 51.6714 3.51476 -29.6307 -52.1513 -31.3479 151.55 -0.810575 0.0562085 0.582858 -53.1572 -31.1162 151.758 -0.823244 0.0539417 0.565118 1
0.95259 -0.88623 51.5682 3.51303 -29.4672 -52.25 -31.2309 151.548 -0.810634 0.0568235 0.582715 -53.1281 -31.0735 151.789 -0.82262 0.0532953 0.566088 1
0.950579 -0.885081 51.4872 3.51188 -29.337 -52.2483 -31.2257 151.66 -0.810647 0.0567022 0.582719 -53.1368 -31.0462 151.807 -0.822203 0.0528204 0.566739 1
0.949142 -0.882496 51.4078 3.51074 -29.2116 -52.3449 -31.0997 151.661 -0.810935 0.0563465 0.582248 -53.1391 -31.0403 151.818 -0.822025 0.051575 0.567111 1
0.948568 -0.881059 51.3888 3.51016 -29.1481 -52.3432 -31.0953 151.662 -0.81111 0.0558697 0.582145 -53.141 -31.0454 151.816 -0.821815 0.0509673 0.56747 1
0.947993 -0.880198 51.3713 3.50987 -29.0989 -52.3416 -31.0913 151.774 -0.81111 0.0558697 0.582145 -53.1385 -31.0539 151.816 -0.821596 0.0504586 0.567833 1
0.947419 -0.879623 51.365 3.50959 -29.0703 -52.4525 -31.0783 151.775 -0.811123 0.0557484 0.58215 -53.1455 -31.0563 151.807 -0.821399 0.0502041 0.56814 1
0.947419 -0.878474 51.3602 3.50901 -29.0481 -52.4514 -31.0784 151.776 -0.811246 0.0557569 0.582029 -53.1537 -31.0567 151.794 -0.821245 0.049882 0.568391 1
0.946844 -0.878187 51.3602 3.50901 -29.0258 -52.4515 -31.0795 151.777 -0.811235 0.0558738 0.581903 -53.1587 -31.0626 151.788 -0.821105 0.0496468 0.568613 1
0.950866 -0.877325 50.9491 3.50614 -28.7623 -52.4355 -30.9613 151.886 -0.811519 0.0555269 0.581675 -52.8669 -31.0198 151.805 -0.818341 0.0475238 0.572765 1
1.98447 -0.608439 57.0959 3.48115 -36.93 -33.704 -26.7681 155.54 -0.750196 0.00669892 0.661111 -33.7579 -28.8775 156.708 -0.781944 -0.0253078 0.622834 1
2.18757 -1.14449 72.9963 4.23351 -52.2859 -17.6486 -17.5304 157.321 -0.750096 0.0215407 0.660819 -17.3519 -23.4677 157.22 -0.773969 -0.0508212 0.631181 1
2.18297 -1.17522 74.4647 4.29096 -53.5003 -17.0719 -16.8482 157.25 -0.756966 0.0142437 0.65324 -16.836 -21.9449 157.273 -0.772848 -0.0478329 0.632786 1
2.1801 -1.1689 75.1934 4.29613 -53.9877 -17.2583 -16.8825 157.311 -0.762051 0.00854353 0.64741 -17.0916 -21.7566 157.232 -0.775255 -0.0471073 0.62989 1
2.17493 -1.16287 75.7157 4.29671 -54.3036 -17.585 -17.1482 157.375 -0.766519 0.00513594 0.642222 -17.3726 -21.742 157.26 -0.777476 -0.046055 0.627224 1
2.16114 -1.15713 76.3221 4.2947 -54.7195 -17.9118 -17.4271 157.333 -0.771133 0.00270699 0.636511 -17.7316 -21.9933 157.249 -0.78083 -0.0445442 0.623154 1
2.14965 -1.15109 76.6666 4.29269 -54.9751 -18.3578 -17.7052 157.28 -0.774872 0.00146221 0.63209 -18.0147 -22.2502 157.23 -0.783078 -0.0449173 0.6203 1
2.14103 -1.1465 77.0174 4.29154 -55.326 -18.4956 -18.1218 157.212 -0.777208 -0.000607862 0.629266 -18.2935 -22.378 157.122 -0.785364 -0.0442649 0.617449 1
2.13241 -1.14248 77.2222 4.29039 -55.5292 -18.6158 -18.3174 157.131 -0.778916 -0.00259907 0.627041 -18.496 -22.5497 157.074 -0.786946 -0.0446009 0.615408 1
2.12322 -1.13788 77.3905 4.28809 -55.6704 -18.8617 -18.6188 157.051 -0.780297 -0.00387059 0.625274 -18.6951 -22.7611 157.047 -0.788424 -0.044812 0.613498 1
2.11604 -1.133 77.4714 4.28493 -55.7514 -18.8812 -18.8462 156.954 -0.780901 -0.00371125 0.624544 -18.8689 -22.9099 157.002 -0.789486 -0.0447544 0.612135 1
2.11 -1.1307 77.5635 4.28436 -55.9038 -19.021 -19.1511 156.866 -0.781755 -0.00586997 0.623535 -18.975 -22.9717 156.922 -0.790248 -0.0444404 0.611174 1
2.10569 -1.12869 77.7048 4.28436 -56.08 -19.069 -19.6602 156.791 -0.783076 -0.0112006 0.621792 -19.0922 -23.0026 156.839 -0.791164 -0.044254 0.610001 1
2.10225 -1.12581 77.7445 4.28436 -56.1546 -19.1868 -19.7454 156.693 -0.783781 -0.0131252 0.620894 -19.1522 -23.0977 156.773 -0.791599 -0.0457456 0.609326 1
2.10052 -1.1238 77.7381 4.28436 -56.1975 -19.1958 -19.8531 156.702 -0.784069 -0.013481 0.620422 -19.1856 -23.1118 156.727 -0.791691 -0.0465347 0.609147 1
2.09564 -1.12237 77.7476 4.28436 -56.2213 -19.1965 -19.8594 156.592 -0.784166 -0.0132299 0.620292 -19.2135 -23.2091 156.708 -0.791932 -0.0471364 0.608787 1
2.08386 -1.12064 77.8699 4.28263 -56.2769 -19.0993 -19.9901 156.59 -0.783948 -0.012376 0.620747 -19.3473 -23.4757 156.713 -0.793007 -0.0461961 0.607459 1
2.07754 -1.1172 78.0064 4.27918 -56.3308 -19.2621 -20.5019 156.513 -0.784853 -0.0161378 0.61943 -19.4983 -23.5893 156.699 -0.79408 -0.0449766 0.606147 1
2.07295 -1.11576 78.0921 4.27775 -56.3674 -19.2899 -20.8088 156.537 -0.785652 -0.0189248 0.618198 -19.5789 -23.6655 156.687 -0.79461 -0.0447266 0.605471 1
2.07093 -1.11461 78.1556 4.2766 -56.388 -19.4193 -21.0043 156.553 -0.786194 -0.0204895 0.617529 -19.635 -23.6825 156.684 -0.794885 -0.044515 0.605125 1
2.07007 -1.11461 78.189 4.2766 -56.3928 -19.4279 -21.1074 156.56 -0.786532 -0.0213261 0.617198 -19.6588 -23.6613 156.695 -0.794822 -0.0444065 0.605215 1
2.06979 -1.11461 78.1906 4.2766 -56.3928 -19.4274 -21.1029 156.562 -0.786586 -0.0218201 0.616972 -19.6607 -23.634 156.692 -0.794601 -0.0444705 0.605501 1
2.06979 -1.11461 78.1906 4.2766 -56.3928 -19.4366 -21.2117 156.568 -0.786858 -0.0220458 0.61674 -19.6596 -23.608 156.687 -0.794388 -0.0445258 0.605777 1
2.06979 -1.11461 78.2318 4.2766 -56.3928 -19.4355 -21.2117 156.571 -0.786983 -0.0220417 0.616497 -19.6785 -23.581 156.705 -0.79443 -0.0443193 0.605736 1
2.06979 -1.11231 78.3668 4.2766 -56.3753 -19.4419 -21.3058 156.582 -0.787552 -0.0238534 0.615715 -19.7361 -23.6217 156.754 -0.795113 -0.0454547 0.604755 1
2.06806 -1.11202 78.3779 4.2789 -56.3134 -19.5578 -21.3841 156.706 -0.788121 -0.0256652 0.614934 -19.6809 -23.7224 156.81 -0.795 -0.0479909 0.604708 1
2.06777 -1.1126 78.3493 4.28033 -56.2451 -19.4455 -21.3845 156.707 -0.788253 -0.0268871 0.614735 -19.6335 -23.7303 156.861 -0.794638 -0.0489931 0.605104 1
2.06749 -1.11346 78.3445 4.2812 -56.2229 -19.4565 -21.4886 156.712 -0.788332 -0.0276193 0.614641 -19.61 -23.721 156.879 -0.794442 -0.0491913 0.605345 1
2.06749 -1.11346 78.3398 4.2812 -56.2181 -19.4557 -21.4811 156.823 -0.788249 -0.0279962 0.614653 -19.6053 -23.7168 156.875 -0.794337 -0.0493854 0.605467 1
2.06749 -1.11346 78.3398 4.2812 -56.2181 -19.4554 -21.4777 156.823 -0.788287 -0.0283601 0.614667 -19.6023 -23.7101 156.87 -0.794255 -0.0495669 0.605559 1
2.06749 -1.11346 78.3398 4.2812 -56.2165 -19.4564 -21.4764 156.823 -0.788179 -0.0284943 0.61467 -19.5988 -23.7028 156.866 -0.794174 -0.0497446 0.605651 1
2.06749 -1.11346 78.3398 4.2812 -56.2165 -19.4565 -21.4776 156.823 -0.788166 -0.028373 0.614666 -19.5951 -23.6953 156.86 -0.794098 -0.0499069 0.605737 1
2.06749 -1.11346 78.3398 4.2812 -56.2165 -19.4564 -21.4764 156.823 -0.788179 -0.0284943 0.61467 -19.5963 -23.6847 156.855 -0.794021 -0.0500604 0.605825 1
2.06749 -1.11346 78.3382 4.2812 -56.215 -19.4564 -21.4764 156.823 -0.788179 -0.0284943 0.61467 -19.5908 -23.6768 156.849 -0.793939 -0.050222 0.60592 1
2.06749 -1.11317 78.3414 4.2812 -56.2134 -19.4563 -21.4753 156.823 -0.788191 -0.0286156 0.614675 -19.5873 -23.6781 156.842 -0.793903 -0.0505573 0.605939 1
2.06691 -1.11346 78.3414 4.28177 -56.1737 -19.4574 -21.4752 156.822 -0.788068 -0.0286241 0.614795 -19.5708 -23.6895 156.84 -0.793811 -0.0509801 0.606025 1
2.06691 -1.11346 78.3319 4.28177 -56.1642 -19.4573 -21.4741 156.822 -0.788081 -0.0287454 0.6148 -19.5623 -23.6821 156.835 -0.793691 -0.0511304 0.606168 1
2.06691 -1.11317 78.3319 4.28177 -56.1515 -19.4572 -21.473 156.822 -0.788094 -0.0288667 0.614805 -19.5583 -23.6828 156.835 -0.79364 -0.0514537 0.606208 1
2.06691 -1.11317 78.3493 4.28177 -56.1181 -19.457 -21.4718 156.822 -0.788107 -0.028988 0.614809 -19.5638 -23.6703 156.868 -0.793678 -0.0514305 0.60616 1
2.0649 -1.1149 78.4636 4.28464 -55.9641 -19.4563 -21.4654 156.934 -0.788011 -0.0292435 0.614817 -19.5551 -23.694 157.098 -0.794037 -0.0520096 0.605641 1
2.06375 -1.11605 78.5319 4.28579 -55.8117 -19.3481 -21.569 157.166 -0.788635 -0.0304314 0.614136 -19.5619 -23.6965 157.286 -0.794225 -0.0518694 0.605406 1
2.06232 -1.11806 78.6239 4.28809 -55.5974 -19.3572 -21.6661 157.394 -0.78858 -0.0310553 0.614035 -19.5511 -23.7031 157.561 -0.794446 -0.0517135 0.60513 1
2.06174 -1.11834 78.6811 4.28924 -55.4498 -19.3539 -21.6569 157.617 -0.788593 -0.0311766 0.61404 -19.5452 -23.7256 157.728 -0.794608 -0.0523623 0.604861 1
2.06088 -1.11978 78.7652 4.29096 -55.2768 -19.3493 -21.6467 157.842 -0.788743 -0.0314151 0.613806 -19.5421 -23.7218 157.954 -0.79479 -0.0521651 0.604638 1
2.01204 -1.08014 80.4067 4.2246 -53.8861 -20.9092 -22.6641 159.791 -0.797972 -0.0166182 0.60241 -21.9594 -25.3387 159.384 -0.811174 -0.03138 0.583963 1
1.97183 -0.970401 84.358 4.07551 -55.1164 -26.6818 -24.9911 161.436 -0.826428 0.0175753 0.562734 -27.5619 -27.9803 158.739 -0.847033 0.0058679 0.531509 1
1.91437 -0.874452 84.2358 3.88189 -61.0441 -33.2742 -25.8082 155.516 -0.838867 0.0844034 0.537656 -34.2309 -28.9864 153.304 -0.85994 0.0621516 0.506597 1
2.21313 -1.56476 86.5392 4.63281 -69.5373 -16.7806 -5.73617 150.278 -0.791556 0.11808 0.599411 -17.62 -6.68388 150.652 -0.795415 0.0933352 0.598835 1
2.10943 -1.57884 86.2995 4.6624 -58.955 -14.3985 -5.77168 162.071 -0.78126 0.117746 0.612958 -15.5609 -8.71326 162.323 -0.79364 0.0838465 0.602582 1
1.92874 -1.39757 86.3471 4.50412 -55.5403 -14.4831 -15.9257 165.07 -0.781786 0.0635329 0.620175 -15.7239 -18.4465 164.644 -0.797996 0.0456209 0.600933 1
1.82446 -1.2163 85.9376 4.2878 -56.2896 -20.2055 -24.6584 163.789 -0.800504 0.0490515 0.597266 -21.3355 -28.125 161.993 -0.823583 0.0194396 0.566862 1
2.29903 -1.54035 86.5218 4.57996 -59.3646 -16.9813 -4.22104 161.148 -0.785774 0.145781 0.601016 -18.5379 -5.06579 160.879 -0.794343 0.126365 0.59418 1
2.22261 -1.4668 86.3519 4.53687 -51.9382 -16.9661 -5.82204 168.675 -0.78671 0.130974 0.603152 -17.571 -8.73462 168.143 -0.79486 0.0952111 0.599277 1
2.06749 -1.34644 85.1137 4.44753 -53.1225 -17.2568 -13.6429 167.608 -0.791218 0.0777783 0.606602 -17.1691 -15.9259 166.273 -0.79442 0.0457505 0.605643 1
2.40704 -1.76413 86.5011 4.74629 -64.4922 -17.7584 4.77964 156.342 -0.77847 0.216905 0.588938 -17.3695 3.10211 156.526 -0.789055 0.173415 0.589338 1
2.33034 -1.66186 86.4471 4.69716 -56.7261 -17.46 2.27219 163.586 -0.785926 0.18712 0.589265 -17.2504 -0.949393 164.851 -0.795593 0.142368 0.588866 1
2.13471 -1.45675 86.2884 4.53284 -52.7653 -16.6866 -7.33545 168.269 -0.787377 0.119923 0.60466 -16.6433 -10.6261 168.217 -0.793441 0.0862683 0.602503 1
2.04048 -1.27117 86.0789 4.36709 -54.918 -18.7068 -15.8744 166.307 -0.795314 0.075558 0.601366 -18.9663 -17.8622 164.796 -0.802746 0.0488211 0.594319 1
2.34987 -1.76413 86.6662 4.82012 -65.9305 -16.4474 3.1927 154.239 -0.789002 0.160079 0.593216 -16.6506 1.40158 155.527 -0.795987 0.127819 0.591664 1
2.4125 -1.41854 86.3075 4.51245 -56.0276 -20.5391 -2.50443 164.467 -0.804768 0.125024 0.580292 -19.2238 -6.57047 163.086 -0.803689 0.0913797 0.587991 1
2.36596 -1.11892 86.1328 4.21369 -61.9554 -24.76 -10.0563 159.051 -0.820819 0.0946315 0.563171 -24.1347 -13.1942 156.057 -0.817344 0.0683474 0.572082 1
