3.14016 3.14016 43.0211 0.00143635 -0.022225 192.915 -22.0148 -11.9752 -0.699707 0.0627441 0.711548 -20.2571 6.06091 189.477 -0.657855 0.113113 0.744602 
3.14016 3.14016 43.0211 0.00143635 -0.022225 192.915 -22.0159 -11.9763 -0.699707 0.0628662 0.71167 -20.2571 6.06091 189.477 -0.657855 0.113113 0.744602 
3.14016 3.14016 43.0211 0.00143635 -0.022225 192.913 -22.0159 -11.9775 -0.699585 0.0628662 0.711792 -20.2571 6.06091 189.477 -0.657855 0.113113 0.744602 
3.14016 3.14016 43.0211 0.00143635 -0.022225 192.913 -22.0159 -11.8647 -0.699585 0.0628662 0.71167 -20.2571 6.06091 189.477 -0.657855 0.113113 0.744602 
3.14016 3.14016 43.0211 0.00143635 -0.022225 192.913 -22.0148 -11.8647 -0.699585 0.0627441 0.71167 -20.2571 6.06091 189.477 -0.657855 0.113113 0.744602 
3.14016 3.14016 43.0211 0.00143635 -0.022225 192.915 -22.0159 -11.8647 -0.699707 0.0628662 0.71167 -20.2571 6.06091 189.477 -0.657855 0.113113 0.744602 
3.14016 3.14016 43.0211 0.00143635 -0.022225 192.913 -22.0159 -11.8647 -0.699585 0.0628662 0.71167 -20.2571 6.06091 189.477 -0.657855 0.113113 0.744602 
3.14016 3.14016 43.0211 0.00143635 -0.022225 192.913 -22.0159 -11.8647 -0.699585 0.0628662 0.71167 -20.2571 6.06091 189.477 -0.657855 0.113113 0.744602 
3.14016 3.14016 43.0211 0.00143635 -0.022225 192.913 -22.0159 -11.8647 -0.699585 0.0628662 0.71167 -20.2571 6.06091 189.477 -0.657855 0.113113 0.744602 
3.14016 3.14016 43.0211 0.00143635 -0.022225 192.913 -22.0159 -11.8659 -0.699585 0.0628662 0.711792 -20.2571 6.06091 189.477 -0.657855 0.113113 0.744602 
3.14016 3.14016 43.0211 0.00143635 -0.022225 192.913 -22.0159 -11.8647 -0.699585 0.0628662 0.71167 -20.2571 6.06091 189.477 -0.657855 0.113113 0.744602 
3.14016 3.14016 43.0211 0.00143635 -0.022225 192.913 -22.017 -11.8647 -0.699585 0.0629883 0.71167 -20.2571 6.06091 189.477 -0.657855 0.113113 0.744602 
3.14016 3.14016 43.0211 0.00143635 -0.022225 192.913 -22.017 -11.8647 -0.699585 0.0629883 0.71167 -20.2571 6.06091 189.477 -0.657855 0.113113 0.744602 
3.14016 3.14016 43.0211 0.00143635 -0.022225 192.912 -22.017 -11.9775 -0.699463 0.0629883 0.711792 -20.2571 6.06091 189.477 -0.657855 0.113113 0.744602 
3.14016 3.14016 43.0211 0.00143635 -0.022225 192.913 -22.017 -11.8647 -0.699585 0.0629883 0.71167 -20.2571 6.06091 189.477 -0.657855 0.113113 0.744602 
3.14016 3.14016 43.0211 0.00143635 -0.022225 192.913 -22.017 -11.8659 -0.699585 0.0629883 0.711792 -20.2571 6.06091 189.477 -0.657855 0.113113 0.744602 
3.14016 3.14016 43.0211 0.00143635 -0.022225 192.913 -22.017 -11.8659 -0.699585 0.0629883 0.711792 -20.2571 6.06091 189.477 -0.657855 0.113113 0.744602 
3.14016 3.14016 43.0211 0.00143635 -0.022225 192.912 -22.017 -11.8659 -0.699463 0.0629883 0.711792 -20.2571 6.06091 189.477 -0.657855 0.113113 0.744602 
3.14016 3.14016 43.0211 0.00143635 -0.022225 192.912 -22.017 -11.8659 -0.699463 0.0629883 0.711792 78.198 -2.94133 74.6383 -0.668162 0.109984 0.735842 
3.14016 3.14016 43.0211 0.00143635 -0.022225 192.912 -22.017 -11.8659 -0.699463 0.0629883 0.711792 167.809 -16.5576 12.3351 -0.681645 0.108872 0.723537 
3.14016 3.14016 43.0211 0.00143635 -0.022225 192.912 -22.017 -11.8659 -0.699463 0.0629883 0.711792 167.831 -16.561 12.3129 -0.681646 0.108911 0.723531 
3.14016 3.14016 43.0211 0.00143635 -0.022225 192.912 -22.017 -11.8659 -0.699463 0.0629883 0.711792 167.831 -16.5604 12.3129 -0.68165 0.108851 0.723536 
3.14016 3.14016 43.0211 0.00143635 -0.022225 192.912 -22.017 -11.8659 -0.699463 0.0629883 0.711792 169.657 -17.8315 12.3129 -0.742224 0.191738 0.642138 
3.14016 3.14016 43.0211 0.00143635 -0.022225 192.912 -22.0193 -11.8659 -0.699463 0.0632324 0.711792 504.148 1.32723e+006 12.3105 -0.000267026 -1 6.46419e-006 
3.14016 3.14016 43.0211 0.00143635 -0.022225 192.912 -22.0182 -11.8659 -0.699463 0.0631104 0.711792 -9313.67 -2.35457e+008 -2.03236e+008 0.000167656 0.755706 0.654912 
3.14016 3.14016 43.0211 0.00143635 -0.022225 192.911 -22.0182 -11.867 -0.699341 0.0631104 0.711914 1.68146e+010 1.93324e+007 1.74507e+007 -0.999993 -0.00374118 -0.000500383 
3.14016 3.14016 43.0211 0.00143635 -0.022225 192.912 -22.0182 -11.8659 -0.699463 0.0631104 0.711792 -4.09672e+008 -4.83477e+008 -1.11683e+010 0.0225864 -0.210629 0.977305 
3.14016 3.14016 43.0211 0.00143635 -0.022225 192.911 -22.0182 -11.867 -0.699341 0.0631104 0.711914 8.00006e+009 8.10021e+008 5.01008e+008 -0.766871 0.639864 -0.0498317 
3.14016 3.14016 43.0211 0.00143635 -0.022225 192.912 -22.0182 -11.8659 -0.699463 0.0631104 0.711792 -2.5016e+007 -9.20839e+010 1.21564e+011 -0.000327338 -0.0382372 -0.999269 
3.14016 3.14016 43.0211 0.00143635 -0.022225 192.912 -22.0193 -11.8659 -0.699463 0.0632324 0.711792 -1.18236e+012 1.29843e+014 3.34173e+012 -0.0197195 0.994214 -0.105595 
3.14016 3.14016 43.0211 0.00143635 -0.022225 192.913 -22.0193 -11.8647 -0.699585 0.0632324 0.71167 1.10279e+019 2.23672e+020 1.29469e+021 -0.0128848 0.0425229 -0.999012 
3.14016 3.14016 43.0211 0.00143635 -0.022225 192.913 -22.0193 -11.8647 -0.699585 0.0632324 0.71167 4.19178e+018 -5.77338e+020 -6.87402e+022 -0.00309122 0.0174245 -0.999843 
3.14016 3.14016 43.0211 0.00143635 -0.022225 192.913 -22.0193 -11.9763 -0.699585 0.0632324 0.71167 1.36345e+014 -3.54463e+015 3.9785e+025 -0.000462129 0.013702 -0.999906 
3.14016 3.14016 43.0211 0.00143635 -0.022225 192.915 -22.0193 -11.8647 -0.699707 0.0632324 0.71167 6.78764e+008 -5.93797e+010 6.50247e+024 -0.000801191 0.0162045 -0.999868 
