-2.82358 2.57107 60.7408 0.100257 -12.7746 -21.1673 5.5921 185.88 -0.631387 0.349628 0.692095 -20.4769 1.03758 190.511 -0.671754 0.31983 0.668173 0
-2.66415 2.55556 64.5143 0.0913521 -14.3685 -19.4311 3.83894 188.05 -0.618176 0.376699 0.689822 -19.076 -2.22169 192.366 -0.67098 0.331831 0.66308 0
-2.52023 2.71069 68.1988 6.22401 -15.0304 -19.2351 0.0390003 190.36 -0.628358 0.36952 0.684491 -21.301 -6.73388 194.339 -0.695354 0.322941 0.642022 0
-2.0468 -2.96751 62.4838 5.37455 -11.7094 -28.6018 -11.4626 188.367 -0.599698 0.377568 0.705398 -35.9328 -18.0598 189.462 -0.719635 0.291537 0.630184 0
-1.84112 -2.72821 57.5451 5.00885 -9.25989 -35.6369 -13.0892 184.917 -0.594656 0.3782 0.709454 -42.3688 -16.3497 186.019 -0.703505 0.321443 0.633841 0
-1.78366 -2.58773 54.186 4.80489 -7.94385 -40.529 -11.0829 182.209 -0.60006 0.386894 0.70018 -45.8289 -12.6227 183.734 -0.696547 0.344758 0.629257 0
-1.98562 -2.59377 51.0602 4.78679 -8.62647 -41.1716 -7.26287 179.02 -0.602999 0.395472 0.692706 -43.1659 -6.72668 181.376 -0.667581 0.369356 0.646461 0
-2.48518 -2.54723 48.0947 4.87039 -2.54794 -35.0524 3.69717 182.137 -0.585657 0.428216 0.688089 -35.143 2.16428 187.178 -0.64714 0.36921 0.667004 0
-2.56877 -2.0988 43.0147 4.50498 12.5095 -32.3576 11.332 192.861 -0.590181 0.438119 0.677904 -34.002 8.38486 197.588 -0.64222 0.36386 0.674655 0
-2.47828 -1.96752 39.1031 4.3737 15.1019 -31.6921 12.1585 193.109 -0.579176 0.425341 0.695305 -34.6565 9.01812 196.582 -0.6353 0.3513 0.687737 0
-2.45013 -1.95718 38.057 4.3691 14.3589 -32.0232 11.4694 191.519 -0.580281 0.413044 0.701751 -34.935 8.43278 194.908 -0.637112 0.339363 0.692041 0
-2.41623 -1.96292 37.414 4.37743 13.7239 -32.5211 10.7304 189.976 -0.588765 0.397197 0.703916 -35.4954 7.58576 193.63 -0.641882 0.327335 0.693425 0
-2.45674 -2.3289 43.3497 4.66815 6.27539 -33.7331 7.15325 187.613 -0.593462 0.401479 0.697478 -35.3432 4.18473 191.58 -0.642101 0.351681 0.681195 0
-2.62336 -2.59377 50.8284 4.9626 -2.4765 -33.5202 6.35326 185.616 -0.602039 0.428246 0.673916 -33.4127 3.94956 190.029 -0.652365 0.382036 0.654575 0
-2.66156 -2.62422 51.6888 5.00569 -3.58457 -32.906 6.88609 185.268 -0.600158 0.433601 0.671985 -32.806 4.23121 189.785 -0.65453 0.383086 0.651794 0
-2.68368 -2.65869 52.5763 5.04534 -4.49897 -32.535 7.04277 185.168 -0.601527 0.435647 0.669488 -32.5033 4.35026 189.698 -0.656952 0.385625 0.647849 0
-2.68253 -2.67621 52.835 5.05683 -4.75456 -32.4226 7.01421 185.177 -0.60171 0.437226 0.668334 -32.4788 4.32243 189.682 -0.655813 0.38909 0.64693 0
-2.68253 -2.69058 53.062 5.06516 -4.95935 -32.4339 6.99624 185.179 -0.600486 0.439158 0.668124 -32.4334 4.37153 189.689 -0.654297 0.392971 0.646118 0
-2.68598 -2.69661 53.2192 5.07119 -5.08794 -32.2087 7.15398 185.17 -0.597913 0.443015 0.667946 -32.3838 4.42463 189.703 -0.654396 0.394036 0.645369 0
-2.68656 -2.69718 53.2319 5.07176 -5.09905 -32.2103 7.15074 185.17 -0.597747 0.443363 0.667931 -32.3728 4.43564 189.705 -0.654355 0.39417 0.645329 0
-2.68656 -2.69718 53.2351 5.07176 -5.10222 -32.2118 7.14755 185.172 -0.597582 0.443707 0.667794 -32.3744 4.43672 189.704 -0.654371 0.394191 0.6453 0
-2.68656 -2.69718 53.2351 5.07176 -5.10222 -32.2132 7.14543 185.172 -0.597431 0.443934 0.667784 -32.3744 4.43672 189.704 -0.654371 0.394191 0.6453 0
-2.68656 -2.69718 53.2366 5.07176 -5.10381 -32.2158 7.14347 185.172 -0.597158 0.444146 0.667772 -32.3752 4.43725 189.703 -0.654379 0.394202 0.645285 0
-2.68713 -2.69632 53.2636 5.07234 -5.12604 -32.2176 7.13798 185.172 -0.596961 0.444736 0.667748 -32.391 4.42836 189.699 -0.655007 0.393649 0.644986 0
-2.69115 -2.69259 53.297 5.07579 -5.23081 -32.2191 7.13482 185.175 -0.596799 0.445075 0.667489 -32.4389 4.37211 189.519 -0.656724 0.390785 0.644982 1
-2.70552 -2.68569 53.2748 5.08498 -5.22446 -32.0893 7.23669 185.169 -0.597359 0.44453 0.667517 -32.7208 4.34829 188.53 -0.653653 0.388354 0.649552 1
-2.73051 -2.67449 53.2176 5.09963 -4.81965 -31.526 7.58426 185.463 -0.591907 0.448602 0.669488 -32.609 4.38934 188.19 -0.654009 0.381421 0.653292 1
-2.91407 -2.77302 53.9431 5.28205 -6.1087 -29.1946 8.61844 185.636 -0.614509 0.418522 0.668589 -29.0982 5.88333 187.787 -0.658743 0.359182 0.661095 1
-2.96693 -2.65611 58.3675 5.13812 -14.8749 -26.1518 16.5213 179.813 -0.589398 0.504196 0.631038 -30.009 10.8992 182.338 -0.663585 0.41948 0.619428 1
-2.42629 2.70695 73.1407 6.21137 -27.1717 -22.0095 -2.9212 182.314 -0.644019 0.378723 0.6646 -21.4457 -7.55041 185.885 -0.698514 0.356519 0.620462 1
-2.45013 2.44295 77.4889 0.264289 -29.7752 -17.3855 0.237961 183.836 -0.662455 0.372221 0.64996 -17.2028 -3.3277 187.377 -0.70941 0.35358 0.609687 1
-2.55096 2.26973 79.9892 0.439524 -31.0674 -17.1482 4.07297 184.438 -0.669295 0.394944 0.629329 -17.922 2.92709 187.666 -0.719389 0.384159 0.578706 1
-2.74573 1.81153 79.9225 0.929321 -31.1912 -18.7193 12.3878 183.936 -0.688967 0.4167 0.592919 -19.4099 10.625 186.78 -0.752332 0.375642 0.541192 1
-2.88334 1.64405 77.6953 1.10283 -29.4577 -21.4752 15.2736 183.098 -0.691822 0.430345 0.579763 -22.1996 13.5251 185.747 -0.748811 0.386506 0.538419 1
-3.12809 1.78395 71.6643 1.09479 -25.4619 -28.9364 11.2593 181.274 -0.744271 0.331874 0.579456 -29.0133 9.96335 183.82 -0.784216 0.285593 0.550855 1
-2.67162 2.77417 85.2534 0.0858939 -35.0663 -32.6736 2.44129 181.947 -0.789172 0.319756 0.524365 -31.9382 -1.53494 183.821 -0.801914 0.335798 0.494139 1
-2.44295 2.39124 86.2947 0.456186 -37.1253 -19.8421 -0.507897 184.098 -0.744153 0.300985 0.596329 -18.4862 -1.23204 185.289 -0.762244 0.314844 0.565559 1
-2.67506 1.59636 86.2408 1.14908 -43.869 -17.0406 18.4152 176.35 -0.697125 0.441281 0.565032 -18.0271 16.3542 178.268 -0.754872 0.411359 0.510834 1
-2.74573 2.55671 86.59 0.307092 -44.7421 -31.2803 5.53902 173.658 -0.783842 0.332866 0.524057 -29.5829 3.74348 175.055 -0.790837 0.342926 0.50693 1
-2.59607 1.94798 86.0614 0.858365 -37.9444 -18.3909 9.16281 182.928 -0.72766 0.360003 0.583813 -16.7246 9.32914 184.041 -0.748144 0.359167 0.557925 1
-2.73798 1.52771 85.9058 1.24158 -44.4976 -19.0251 19.9221 175.018 -0.70638 0.446273 0.549352 -19.6248 17.9001 177.134 -0.756026 0.409742 0.510429 1
-2.73482 2.31569 84.8501 0.55156 -44.7119 -28.0277 7.26776 172.592 -0.77315 0.328297 0.542632 -25.0358 5.08987 174.737 -0.777649 0.323561 0.539045 1
-2.57481 1.77189 86.0979 1.03762 -37.7063 -18.3936 13.4066 182.652 -0.729291 0.374429 0.572566 -14.9504 13.488 184.2 -0.739858 0.372421 0.560279 1
-2.58084 1.49036 86.1296 1.2887 -41.8036 -17.3452 21.1067 178.266 -0.711999 0.431508 0.553756 -15.1176 20.9192 179.8 -0.739975 0.41173 0.531898 1
-2.60497 1.49438 84.6866 1.31541 -44.1468 -17.8066 21.0083 174.589 -0.717385 0.421861 0.554306 -15.8088 21.2453 176.332 -0.735608 0.403672 0.543994 1
-2.76613 1.78654 84.1119 1.07209 -44.623 -22.5632 13.9194 172.775 -0.746519 0.360797 0.558899 -19.8244 13.9499 174.686 -0.742158 0.375555 0.555122 1
-2.45099 1.75896 86.1757 1.09105 -36.2601 -15.9099 15.2854 184.378 -0.728408 0.364147 0.580254 -12.8068 13.4312 185.507 -0.738076 0.351934 0.575662 1
-2.62939 2.30966 86.6646 0.574254 -40.7416 -21.8647 4.33199 178.999 -0.756741 0.308205 0.576465 -22.3289 4.70996 180.074 -0.765951 0.323384 0.555646 1
-2.54464 1.75092 86.2058 1.11834 -37.5253 -18.14 14.6472 183.297 -0.742117 0.350737 0.571047 -15.2718 15.2614 184.091 -0.740539 0.357753 0.568872 1
-2.71816 2.46105 86.4503 0.448142 -42.599 -26.9831 3.28654 176.667 -0.782228 0.288433 0.552269 -26.3229 3.42173 177.221 -0.78075 0.3156 0.539284 1
-2.72103 2.81841 86.5281 0.0879048 -35.4552 -33.1637 -1.48991 181.999 -0.80802 0.267473 0.524945 -32.8994 0.935119 183.676 -0.801294 0.327398 0.500738 1
-2.73625 1.96148 86.0011 0.878187 -33.9693 -24.3167 8.93426 186.108 -0.75734 0.346554 0.553466 -20.9244 11.8413 186.399 -0.738708 0.383004 0.554633 1
-2.73309 1.34443 85.8709 1.45876 -45.0088 -21.6107 21.7997 174.387 -0.733295 0.424444 0.531116 -20.9304 20.8106 174.766 -0.759266 0.403958 0.510228 1
-2.76125 2.30276 84.9978 0.569658 -41.6004 -28.2319 7.0002 175.195 -0.77686 0.322409 0.540701 -24.6359 6.55699 177.589 -0.763505 0.339978 0.549067 1
-2.62106 1.94482 86.0582 0.929321 -36.1775 -22.2435 9.55058 183.522 -0.759428 0.327205 0.562258 -18.4024 10.5355 184.848 -0.744765 0.34502 0.571215 1
-2.59492 1.46106 86.1805 1.38091 -40.3257 -19.8367 19.9966 179.534 -0.741479 0.387201 0.547853 -17.3256 20.9228 180.092 -0.747917 0.385773 0.540184 1
-2.61043 1.40562 85.5375 1.43779 -44.7564 -19.9154 21.5334 174.727 -0.740713 0.396736 0.542122 -18.0093 21.7425 174.947 -0.746464 0.390091 0.539093 1
-2.76527 1.70093 83.0515 1.17465 -48.1251 -22.1577 15.8163 168.673 -0.744465 0.364378 0.559472 -20.0695 15.2193 170.431 -0.740819 0.370305 0.560412 1
-2.42255 2.03732 86.3106 0.847161 -34.9647 -16.2158 7.88517 185.637 -0.739729 0.311755 0.596241 -14.5544 7.91488 187.392 -0.754588 0.297528 0.584871 1
-2.42629 1.61504 86.1805 1.24561 -36.2585 -14.403 19.3076 184.114 -0.726951 0.370046 0.578309 -12.5513 19.129 184.364 -0.728717 0.370491 0.575941 1
-2.46363 1.54322 85.0295 1.345 -41.6592 -15.3873 21.3489 178.098 -0.733474 0.369697 0.570356 -13.9036 20.8648 178.123 -0.732479 0.367567 0.573034 1
-2.71126 1.98217 84.5168 0.929321 -46.8376 -22.4053 10.0828 171.612 -0.7624 0.308858 0.568585 -20.7428 9.90517 172.197 -0.753012 0.327241 0.570864 1
-2.37774 1.7265 86.3297 1.23469 -44.142 -12.7902 18.6622 177.285 -0.742832 0.307762 0.594355 -12.5039 16.389 177.442 -0.750081 0.30239 0.588166 1
-2.31167 2.59549 86.5265 0.349608 -41.5433 -18.1947 -4.60351 178.792 -0.761548 0.228082 0.60655 -17.5657 -6.20358 179.122 -0.765738 0.240577 0.596463 1
-2.38751 1.83049 86.417 1.16144 -45.3692 -11.5151 15.7949 175.899 -0.742089 0.279066 0.609429 -12.5597 14.6476 177.049 -0.754269 0.280039 0.593849 1
-2.04307 1.72075 86.4059 1.24503 -46.5995 -3.7985 28.3782 173.782 -0.706583 0.346802 0.616717 -3.66447 23.9682 175.557 -0.744811 0.29489 0.598579 1
