10211 20.6394 -7.00599 186.59 -0.5795 -0.0596575 0.812786 20.8438 -3.79515 184.064 -0.545199 0.00874419 0.838141 20.6033 0.401426 184.792 -0.593802 0.0792852 0.800696 1.46563 -2.51636 67.6197 5.53046 -25.8855 -8.15292 -14.0648 0 1.31013 -1.24083 -5.2461 0 1 0.0753836 1 
230466 21.0393 -2.16085 185.614 -0.569387 0.0226539 0.821757 21.34 -1.34948 183.142 -0.536358 0.0422701 0.842815 21.426 1.30929 185.163 -0.592418 0.0836097 0.801281 1.43027 -2.55496 67.4499 5.56081 -25.3445 -7.98252 -13.9479 0 1.2573 -1.2321 -5.23174 0 1 0.092013 1 
340063 21.2404 -0.642361 185.453 -0.566938 0.0429799 0.822638 21.5371 0.304452 182.841 -0.531673 0.0673072 0.844269 21.8212 1.75618 185.342 -0.591637 0.0855842 0.801649 1.41047 -2.58229 67.4085 5.56791 -25.0866 -7.90129 -13.8797 0 1.24495 -1.21 -5.19653 0 1 0.0736707 1 
452595 21.5116 0.482299 185.415 -0.564334 0.0620904 0.823208 21.6386 1.40192 182.686 -0.529326 0.0807268 0.844539 22.2152 2.24879 185.536 -0.590907 0.0874952 0.801981 1.39207 -2.6125 67.4607 5.57106 -24.8998 -7.84247 -13.8045 0 1.23947 -1.18346 -5.14943 0 1 0.0856376 1 
595607 21.9756 1.56179 185.494 -0.560255 0.0764727 0.824783 22.0613 2.92918 182.626 -0.524761 0.107906 0.844215 22.9217 3.18766 185.9 -0.589922 0.091191 0.802294 1.34501 -2.64379 67.5844 5.62902 -24.5416 -7.72962 -13.6526 0 1.13858 -1.20242 -5.19585 0 1 0.0810738 1 
849097 23.1806 3.61082 186.071 -0.553153 0.0905286 0.828146 22.5048 4.66665 182.888 -0.522001 0.11365 0.845219 24.2164 5.33219 186.7 -0.588918 0.0987652 0.802136 1.23408 -2.74116 69.0928 5.71522 -24.7444 -7.79351 -13.2415 0 0.988552 -1.15939 -5.17641 0 1 0.0772122 1 
1056756 24.0435 5.48227 186.688 -0.551072 0.101837 0.828221 23.3931 7.20814 183.233 -0.517925 0.128767 0.845658 24.8437 7.03024 187.336 -0.589532 0.101753 0.80131 1.17118 -2.78539 69.4974 5.79194 -24.2808 -7.64749 -12.968 0 0.855015 -1.18345 -5.23296 0 1 0.0763107 1 
1246780 24.6106 7.03811 187.206 -0.552739 0.106377 0.826537 24.1858 10.0505 183.603 -0.515064 0.159644 0.842058 24.9204 8.72299 187.842 -0.591428 0.108909 0.798969 1.14628 -2.829 70.1917 5.82462 -24.2217 -7.62887 -12.7307 0 0.798142 -1.19698 -5.21393 0 1 0.0625095 1 
1393378 24.8172 8.1087 187.607 -0.555581 0.114218 0.82358 24.7738 11.2182 183.911 -0.516478 0.16655 0.839896 24.5989 10.1071 188.155 -0.593756 0.117422 0.796031 1.16237 -2.85936 70.715 5.81926 -24.2701 -7.64414 -12.5812 0 0.80747 -1.21566 -5.15177 0 1 0.0774084 1 
1506811 24.7298 8.94441 187.887 -0.558835 0.122982 0.820109 24.799 11.8443 184.244 -0.518025 0.17236 0.837771 24.1484 11.159 188.344 -0.595919 0.124801 0.793287 1.17133 -2.86731 71.0694 5.83945 -24.3539 -7.67052 -12.4959 0 0.772324 -1.2664 -5.17307 0 1 0.0617794 1 
1616260 24.4596 9.94489 188.114 -0.562962 0.128887 0.816371 24.7252 12.6801 184.469 -0.520793 0.179368 0.834522 23.5882 12.1583 188.488 -0.598091 0.132582 0.790385 1.18788 -2.87278 71.3237 5.8539 -24.4095 -7.68803 -12.4333 0 0.747182 -1.32034 -5.18868 0 1 0.0642304 1 
1718513 24.0479 11.0619 188.292 -0.567676 0.134578 0.812178 24.4363 13.658 184.691 -0.524324 0.183337 0.831502 22.9954 13.0566 188.59 -0.600034 0.140221 0.787589 1.20505 -2.8765 71.5498 5.86708 -24.493 -7.71433 -12.3884 0 0.724241 -1.37317 -5.20516 0 1 0.0654734 1 
1830072 23.5522 12.1128 188.457 -0.573274 0.137775 0.807698 24.0437 14.841 184.804 -0.528579 0.188995 0.827581 22.3298 13.9819 188.683 -0.6019 0.148643 0.784616 1.22371 -2.88075 71.8365 5.87967 -24.6367 -7.7596 -12.3434 0 0.702328 -1.42756 -5.21967 0 1 0.0695459 1 
1940253 22.8838 13.1734 188.576 -0.580276 0.138462 0.802563 23.5521 16.0333 184.927 -0.534197 0.193782 0.822727 21.6254 14.9273 188.774 -0.60367 0.157982 0.781424 1.24518 -2.88751 72.1592 5.88729 -24.8094 -7.81397 -12.2961 0 0.689057 -1.4782 -5.22118 0 1 0.063797 1 
2059288 22.1684 14.2309 188.689 -0.58769 0.141073 0.796692 23.0651 17.2446 184.937 -0.540449 0.196139 0.818081 20.8798 15.9152 188.865 -0.605263 0.168767 0.77793 1.26822 -2.89611 72.5302 5.8927 -25.018 -7.87969 -12.245 0 0.679649 -1.52771 -5.21562 0 1 0.0549096 1 
2167286 21.5179 15.1314 188.787 -0.594277 0.14496 0.791089 22.455 18.2237 184.951 -0.545708 0.1996 0.813876 20.2186 16.7368 188.955 -0.606603 0.177741 0.774882 1.28909 -2.90343 72.8727 5.89533 -25.2074 -7.93933 -12.1967 0 0.675073 -1.5686 -5.20745 0 1 0.0486493 1 
2280138 20.8427 15.9729 188.889 -0.60126 0.148317 0.785168 21.8504 19.1838 184.975 -0.551568 0.205105 0.808513 19.5973 17.4051 189.091 -0.608006 0.183764 0.772372 1.30858 -2.90851 73.2405 5.8961 -25.376 -7.99245 -12.134 0 0.673735 -1.60388 -5.19995 0 1 0.0417643 1 
2380589 20.2887 16.5715 188.975 -0.606829 0.150546 0.780445 21.3451 19.8296 185.111 -0.556337 0.208682 0.804298 19.1176 17.9001 189.271 -0.609227 0.187528 0.770503 1.32379 -2.91216 73.5299 5.89596 -25.4367 -8.01155 -12.062 0 0.673967 -1.63011 -5.19336 0 1 0.0364105 1 
2480768 19.7645 17.0861 189.131 -0.612033 0.153547 0.775783 20.8362 20.4807 185.13 -0.560868 0.211293 0.800479 18.7154 18.3003 189.495 -0.610388 0.190165 0.768936 1.33743 -2.91507 73.7678 5.89441 -25.41 -8.00315 -11.9786 0 0.676667 -1.65115 -5.1856 0 1 0.0303739 1 
2589611 19.2613 17.6274 189.35 -0.617373 0.158033 0.770634 20.439 21.0093 185.269 -0.56539 0.215352 0.796125 18.3508 18.627 189.784 -0.611562 0.192023 0.767541 1.35002 -2.91728 74.0602 5.89115 -25.3642 -7.98873 -11.8721 0 0.682352 -1.66739 -5.17606 0 1 0.0283391 1 
2696398 18.8338 18.1406 189.597 -0.622192 0.163364 0.76563 19.9336 21.5379 185.412 -0.570279 0.219528 0.791526 18.0435 18.8737 190.132 -0.612642 0.19294 0.766449 1.36026 -2.9188 74.3937 5.88727 -25.2917 -7.9659 -11.7443 0 0.689104 -1.67845 -5.16667 0 1 0.0290132 1 
2804914 18.4592 18.5756 189.861 -0.626573 0.168726 0.76088 19.5318 22.052 185.664 -0.574171 0.225528 0.786979 17.7754 19.0426 190.54 -0.613729 0.192951 0.765576 1.36925 -2.91913 74.7255 5.88295 -25.1597 -7.92431 -11.5982 0 0.696625 -1.68659 -5.15857 0 1 0.0318029 1 
2907613 18.1463 18.8439 190.161 -0.63075 0.172749 0.756513 19.1254 22.4545 185.917 -0.577694 0.231532 0.782672 17.5538 19.1458 190.972 -0.614781 0.192589 0.764823 1.37694 -2.91857 75.0433 5.87819 -24.9926 -7.87167 -11.4454 0 0.704893 -1.6917 -5.15127 0 1 0.0347921 1 
3009678 17.8493 19.0306 190.541 -0.63464 0.17639 0.752409 18.825 22.6484 186.171 -0.580862 0.235844 0.779026 17.3567 19.2672 191.418 -0.615699 0.193101 0.763954 1.38539 -2.9186 75.282 5.87271 -24.7453 -7.7938 -11.2924 0 0.714443 -1.69685 -5.14168 0 1 0.03762 1 
3111013 17.6074 19.1639 190.972 -0.637964 0.179869 0.748765 18.5236 22.8504 186.534 -0.583788 0.239673 0.775638 17.171 19.3964 191.865 -0.616518 0.194253 0.763002 1.39348 -2.91882 75.4757 5.86789 -24.4592 -7.70367 -11.1413 0 0.722823 -1.70255 -5.13292 0 1 0.0412463 1 
3209866 17.3863 19.284 191.417 -0.640649 0.18326 0.745644 18.3316 22.9477 187.007 -0.58647 0.243023 0.772628 17.0087 19.5339 192.293 -0.61719 0.196064 0.761994 1.40167 -2.91942 75.5921 5.86328 -24.1266 -7.59892 -10.9998 0 0.730861 -1.70878 -5.12383 0 1 0.0436974 1 
3315979 17.1959 19.4274 191.866 -0.642581 0.187282 0.742978 18.1339 23.0515 187.363 -0.588671 0.245286 0.770137 16.8322 19.7137 192.734 -0.617748 0.198839 0.760822 1.41054 -2.92054 75.6601 5.85949 -23.7382 -7.4766 -10.8561 0 0.737442 -1.71764 -5.11531 0 1 0.0463029 1 
3421468 17.0235 19.5776 192.293 -0.643957 0.19131 0.740757 17.9295 23.1689 187.821 -0.590016 0.246477 0.76877 16.6576 19.9215 193.134 -0.618135 0.202201 0.759621 1.41967 -2.92229 75.6865 5.85609 -23.3561 -7.35627 -10.7275 0 0.743359 -1.7276 -5.10635 0 1 0.0480882 1 
3527344 16.8294 19.7775 192.707 -0.64514 0.195561 0.738613 17.7272 23.1613 188.29 -0.591721 0.249112 0.766628 16.4773 20.1613 193.52 -0.618413 0.206262 0.758302 1.42959 -2.92457 75.686 5.85238 -22.9637 -7.23265 -10.604 0 0.749833 -1.7384 -5.0959 0 1 0.0491298 1 
3629671 16.6578 19.9875 193.1 -0.645689 0.200217 0.736885 17.5182 23.1748 188.635 -0.592829 0.249097 0.765786 16.3121 20.4026 193.865 -0.618545 0.210525 0.757021 1.43913 -2.92716 75.6271 5.84953 -22.564 -7.10677 -10.4966 0 0.754789 -1.75005 -5.08643 0 1 0.0493806 1 
3734277 16.5054 20.1911 193.489 -0.646066 0.204861 0.735276 17.3093 22.9822 189.095 -0.59407 0.24763 0.76536 16.1513 20.6618 194.172 -0.618558 0.215193 0.755697 1.4486 -2.93039 75.5636 5.84673 -22.1957 -6.99078 -10.4007 0 0.759667 -1.76165 -5.07593 0 1 0.0497763 1 
3842905 16.3136 20.4468 193.839 -0.646549 0.210281 0.733318 17.1005 22.7987 189.553 -0.595321 0.245191 0.765087 15.995 20.9515 194.458 -0.618445 0.220413 0.754284 1.45856 -2.93464 75.4916 5.84316 -21.8371 -6.87784 -10.3104 0 0.765868 -1.77279 -5.06234 0 1 0.0497765 1 
3946118 16.1453 20.7002 194.144 -0.646762 0.21575 0.73154 16.8916 22.722 189.897 -0.59657 0.242875 0.76481 15.8536 21.2489 194.695 -0.618173 0.225543 0.752989 1.4674 -2.93951 75.4072 5.84061 -21.516 -6.77669 -10.2358 0 0.770305 -1.78373 -5.04942 0 1 0.0502348 1 
4041575 15.9949 20.9405 194.385 -0.646593 0.221033 0.730111 16.6792 22.6418 190.238 -0.597447 0.240928 0.764761 15.737 21.4824 194.88 -0.617907 0.229446 0.752028 1.47491 -2.94286 75.275 5.83942 -21.2119 -6.68092 -10.1817 0 0.77238 -1.79473 -5.04152 0 1 0.0494605 1 
4146692 15.8636 21.1845 194.625 -0.646052 0.22621 0.729003 16.5806 22.4433 190.586 -0.598688 0.23958 0.764208 15.6261 21.6958 195.064 -0.617638 0.232845 0.751203 1.48129 -2.94583 75.1066 5.8399 -20.8804 -6.57651 -10.1303 0 0.771543 -1.80667 -5.03718 0 1 0.0469916 1 
4250797 15.7596 21.4374 194.828 -0.645305 0.230508 0.728318 16.4783 22.6347 190.931 -0.599022 0.24429 0.762471 15.5305 21.8719 195.227 -0.617369 0.23547 0.750606 1.48519 -2.94819 74.942 5.84258 -20.5736 -6.47986 -10.0855 0 0.766874 -1.81813 -5.03774 0 1 0.0446139 1 
4353427 15.6636 21.612 195.019 -0.644628 0.233088 0.728097 16.3637 23.4961 191.048 -0.597429 0.260145 0.758519 15.4575 21.9983 195.37 -0.617153 0.237283 0.750213 1.48942 -2.94971 74.7901 5.84347 -20.3018 -6.39427 -10.0478 0 0.765341 -1.82703 -5.03663 0 1 0.0424821 1 
4455206 15.5348 21.7985 195.179 -0.644117 0.235518 0.727767 16.3513 24.4272 191.059 -0.594827 0.279984 0.753448 15.4017 22.087 195.501 -0.61701 0.23857 0.749922 1.49343 -2.95057 74.6339 5.8437 -20.0414 -6.31227 -10.015 0 0.76493 -1.83441 -5.03554 0 1 0.0400965 1 
4562012 15.4457 21.9218 195.334 -0.643381 0.236939 0.727957 16.3429 25.1048 191.171 -0.592902 0.291475 0.75061 15.3449 22.1535 195.611 -0.616893 0.239478 0.749729 1.49776 -2.95058 74.4753 5.84377 -19.8017 -6.23676 -9.98943 0 0.764806 -1.84207 -5.03566 0 1 0.037684 1 
4670004 15.3725 22.0074 195.479 -0.64253 0.237859 0.728408 16.2252 25.4814 191.177 -0.591744 0.299089 0.748517 15.2939 22.2037 195.705 -0.616809 0.240034 0.74962 1.50191 -2.95041 74.3122 5.84378 -19.5752 -6.16541 -9.96945 0 0.764799 -1.8493 -5.03596 0 1 0.0352582 1 
4768686 15.3159 22.0778 195.582 -0.641705 0.238687 0.728865 16.2242 25.6868 191.287 -0.591237 0.301386 0.747948 15.2591 22.2389 195.776 -0.616811 0.240281 0.749539 1.505 -2.95024 74.1718 5.84396 -19.3906 -6.10729 -9.95553 0 0.764483 -1.85499 -5.03657 0 1 0.0329603 1 
4876137 15.2701 22.1308 195.683 -0.640777 0.239273 0.729489 16.108 25.784 191.398 -0.590484 0.303448 0.74775 15.2182 22.2587 195.85 -0.616871 0.24034 0.749471 1.50817 -2.94952 74.0295 5.8443 -19.2033 -6.04827 -9.94133 0 0.763887 -1.86111 -5.03842 0 1 0.0307068 1 
4980587 15.2313 22.1754 195.764 -0.639965 0.239779 0.730035 16.1046 25.8865 191.395 -0.589985 0.304419 0.747713 15.1862 22.2609 195.915 -0.616975 0.240244 0.749416 1.51073 -2.94856 73.9093 5.8446 -19.0428 -5.99774 -9.92867 0 0.763374 -1.86608 -5.04061 0 1 0.028738 1 
5083127 15.1959 22.2133 195.837 -0.639359 0.240189 0.730431 15.9908 25.9939 191.504 -0.589487 0.305389 0.747676 15.1563 22.2527 195.97 -0.617093 0.240041 0.749384 1.51285 -2.94743 73.8115 5.84492 -18.9119 -5.95649 -9.91822 0 0.762805 -1.87034 -5.04314 0 1 0.0272266 1 
5184758 15.1693 22.2547 195.901 -0.638726 0.240606 0.730847 15.9874 25.9851 191.616 -0.588984 0.306726 0.747627 15.1346 22.2401 196.019 -0.617226 0.239749 0.749368 1.51438 -2.94635 73.7195 5.84554 -18.791 -5.91844 -9.90916 0 0.761738 -1.87406 -5.04609 0 1 0.0257822 1 
5285177 15.1367 22.3093 195.955 -0.638251 0.240655 0.731246 15.8758 26.0934 191.615 -0.588859 0.307209 0.747488 15.1059 22.2126 196.067 -0.617375 0.239379 0.749364 1.51557 -2.94475 73.6385 5.84664 -18.6819 -5.88406 -9.90028 0 0.759814 -1.87806 -5.05079 0 1 0.0248717 1 
5385791 15.1092 22.2778 196.009 -0.637993 0.239152 0.731964 15.8735 26.0889 191.615 -0.588609 0.307694 0.747469 15.0735 22.1857 196.119 -0.617535 0.238994 0.749355 1.51803 -2.94315 73.5687 5.84615 -18.5774 -5.85115 -9.88936 0 0.760672 -1.88148 -5.05271 0 1 0.0239467 1 
5497013 15.0957 22.2288 196.069 -0.637568 0.23742 0.732898 15.8736 26.2029 191.722 -0.588363 0.307817 0.747584 15.0369 22.1558 196.167 -0.617728 0.238529 0.749343 1.52057 -2.94135 73.4859 5.84594 -18.4672 -5.81643 -9.88071 0 0.761029 -1.88556 -5.05549 0 1 0.0229248 1 
5604075 15.0658 22.2103 196.116 -0.637195 0.236201 0.733615 15.8725 26.2051 191.72 -0.58824 0.30758 0.747835 15.0109 22.1269 196.207 -0.617906 0.238073 0.749342 1.52284 -2.93978 73.4006 5.84567 -18.362 -5.7833 -9.87444 0 0.7615 -1.88903 -5.05776 0 1 0.0221042 1 
5712445 15.037 22.1865 196.158 -0.637088 0.234872 0.734135 15.7611 26.2178 191.829 -0.588123 0.306737 0.748227 14.9868 22.0979 196.231 -0.618029 0.237632 0.749381 1.52469 -2.93832 73.339 5.84542 -18.2922 -5.76133 -9.87189 0 0.761936 -1.89182 -5.05986 0 1 0.0214519 1 
5815037 15.0045 22.1501 196.191 -0.636922 0.233721 0.734646 15.7611 26.2234 191.826 -0.588127 0.306135 0.748491 14.9613 22.0695 196.219 -0.617926 0.237228 0.749593 1.52311 -2.9405 73.4138 5.84538 -18.3864 -5.791 -9.878 0 0.762 -1.889 -5.056 0 1 0.0980997 1 
5852942 15.0042 22.1426 196.197 -0.636804 0.233542 0.734805 15.7611 26.2256 191.825 -0.588128 0.305894 0.748621 14.9555 22.0595 196.197 -0.617821 0.237088 0.749724 1.5234 -2.94022 73.3931 5.84538 -18.3642 -5.784 -9.8775 0 0.762 -1.8895 -5.0565 0 1 0.0987225 1 
5944209 14.987 22.128 196.204 -0.636691 0.232988 0.735079 15.6495 26.2324 191.824 -0.588131 0.305292 0.748885 14.9467 22.0456 196.127 -0.617466 0.236796 0.750109 1.52903 -2.93563 73.1424 5.84499 -18.2436 -5.74602 -9.91849 0 0.762684 -1.89862 -5.06379 0 1 0.0201445 1 
6041626 14.9605 22.1035 196.167 -0.6364 0.232093 0.735614 15.652 26.2417 191.934 -0.588258 0.304688 0.749028 14.934 22.0356 195.996 -0.616857 0.236395 0.750736 1.53141 -2.93472 73.0149 5.84477 -18.2732 -5.75534 -9.96796 0 0.763072 -1.90238 -5.06499 0 1 0.0199419 1 
6146981 14.9502 22.0831 196.082 -0.6357 0.231511 0.736402 15.652 26.2473 191.932 -0.588262 0.304086 0.749292 14.9158 22.045 195.817 -0.616021 0.235888 0.751582 1.53392 -2.93413 72.8505 5.84532 -18.3204 -5.7702 -10.0346 0 0.762105 -1.90771 -5.06698 0 1 0.0196162 1 
6258725 14.9491 22.0638 195.938 -0.634485 0.23109 0.737581 15.6485 26.2481 191.817 -0.588019 0.303607 0.749671 14.9071 22.0605 195.571 -0.615015 0.235353 0.752573 1.53677 -2.9337 72.6269 5.84609 -18.3865 -5.79101 -10.1259 0 0.760775 -1.91401 -5.06906 0 1 0.0186209 1 
6369842 14.9418 22.0528 195.76 -0.633027 0.230808 0.738922 15.5265 26.249 191.698 -0.587037 0.303258 0.750526 14.9047 22.1019 195.263 -0.613932 0.23476 0.753641 1.54015 -2.93397 72.354 5.84694 -18.472 -5.81796 -10.2387 0 0.75929 -1.92137 -5.07007 0 1 0.0165943 1 
6473866 14.9341 22.1173 195.523 -0.631306 0.231103 0.7403 15.5159 26.2461 191.467 -0.586177 0.302788 0.751387 14.899 22.1634 194.91 -0.612828 0.2341 0.754744 1.5424 -2.93463 72.0549 5.84978 -18.5819 -5.85256 -10.3676 0 0.754358 -1.93022 -5.07386 0 1 0.0149654 1 
6580916 14.9444 22.1333 195.206 -0.629382 0.230483 0.742129 15.5007 26.2353 191.235 -0.58482 0.303171 0.752336 14.8946 22.2412 194.502 -0.611721 0.233354 0.755873 1.54495 -2.93576 71.7477 5.85235 -18.7388 -5.90197 -10.5137 0 0.74987 -1.93915 -5.07638 0 1 0.0131809 1 
6689039 14.9401 22.2079 194.836 -0.627526 0.230684 0.743637 15.3738 26.3314 190.891 -0.583461 0.303794 0.753155 14.8914 22.3317 194.042 -0.610648 0.2325 0.757002 1.54696 -2.93728 71.4427 5.85554 -18.948 -5.96786 -10.6757 0 0.744328 -1.94819 -5.07928 0 1 0.0115292 1 
6796203 14.9214 22.2815 194.417 -0.625793 0.2305 0.745153 15.3572 26.4216 190.434 -0.582102 0.304536 0.753848 14.8792 22.4434 193.546 -0.609689 0.231477 0.758088 1.54929 -2.93927 71.1412 5.85867 -19.1941 -6.04539 -10.8482 0 0.738875 -1.95769 -5.08126 0 1 0.00998689 1 
6907755 14.9196 22.3863 193.924 -0.623775 0.23108 0.746663 15.3406 26.514 189.977 -0.580745 0.305037 0.754671 14.8546 22.5758 193.017 -0.609036 0.230239 0.75899 1.55124 -2.94166 70.849 5.86266 -19.4806 -6.13563 -11.0304 0 0.731924 -1.96804 -5.08407 0 1 0.00854558 1 
7014343 14.8827 22.4492 193.464 -0.622018 0.23111 0.748118 15.3241 26.7146 189.516 -0.579261 0.305902 0.755481 14.8036 22.7151 192.518 -0.608718 0.228987 0.759624 1.55531 -2.9439 70.5557 5.86514 -19.7346 -6.21561 -11.2028 0 0.727615 -1.97943 -5.08447 0 1 0.00743017 1 
7119240 14.8346 22.5469 193.012 -0.620494 0.231237 0.749344 15.3086 26.6977 189.063 -0.578152 0.306158 0.756193 14.7467 22.8633 192.021 -0.608668 0.22771 0.760047 1.5588 -2.94635 70.2781 5.86831 -19.9988 -6.29883 -11.3734 0 0.722106 -1.99101 -5.08572 0 1 0.00672774 1 
7224819 14.7947 22.7084 192.524 -0.619007 0.232165 0.750286 15.1839 26.9007 188.605 -0.577038 0.306898 0.756767 14.6931 23.0339 191.514 -0.608901 0.226395 0.760254 1.56075 -2.94956 70.0311 5.8727 -20.2964 -6.39258 -11.545 0 0.714451 -2.00206 -5.08778 0 1 0.00682129 1 
7328195 14.7557 22.8511 192.025 -0.61738 0.232701 0.75146 15.1706 27.0966 188.036 -0.576046 0.307879 0.757212 14.6474 23.2079 191.016 -0.609245 0.225111 0.760359 1.56281 -2.95299 69.765 5.87692 -20.5697 -6.47865 -11.7149 0 0.707113 -2.013 -5.08915 0 1 0.00693981 1 
7429281 14.7301 23.0048 191.526 -0.615638 0.233667 0.752588 15.047 27.294 187.582 -0.575053 0.309218 0.757402 14.6146 23.374 190.542 -0.609663 0.223902 0.760381 1.56405 -2.95646 69.5116 5.8813 -20.8291 -6.56035 -11.8764 0 0.699496 -2.02275 -5.09074 0 1 0.00648849 1 
7535820 14.6754 23.1846 191.025 -0.614171 0.234358 0.753571 15.1441 27.483 187.014 -0.573935 0.3108 0.757582 14.5745 23.539 190.042 -0.610148 0.222788 0.760319 1.56529 -2.95975 69.2476 5.88616 -21.1069 -6.64785 -12.047 0 0.691034 -2.03339 -5.09347 0 1 0.00845234 1 
7631281 14.622 23.3763 190.567 -0.612722 0.235091 0.754522 15.0123 27.67 186.447 -0.572198 0.312871 0.757983 14.5344 23.7071 189.592 -0.610556 0.22216 0.760176 1.56629 -2.96308 68.9907 5.89119 -21.3398 -6.72119 -12.2013 0 0.68227 -2.04389 -5.09643 0 1 0.00773534 1 
7745373 14.5522 23.577 190.059 -0.611464 0.23547 0.755424 14.884 27.8617 185.991 -0.570708 0.314823 0.758391 14.4831 23.9245 189.064 -0.611021 0.222109 0.759817 1.56729 -2.96763 68.7235 5.89687 -21.6387 -6.81535 -12.3796 0 0.672388 -2.05552 -5.09839 0 1 0.00863673 1 
7848553 14.4823 23.7987 189.562 -0.610248 0.236694 0.756025 14.8755 28.1751 185.532 -0.569965 0.315555 0.758603 14.4487 24.1265 188.595 -0.611492 0.222609 0.759291 1.56767 -2.97229 68.4949 5.90193 -21.9098 -6.90073 -12.537 0 0.663587 -2.06497 -5.09909 0 1 0.00966537 1 
7950036 14.4588 23.9656 189.101 -0.608693 0.237511 0.757022 14.8576 28.362 184.964 -0.568475 0.317503 0.758889 14.4283 24.327 188.139 -0.61193 0.22342 0.758699 1.56753 -2.97711 68.2555 5.90705 -22.1588 -6.97914 -12.6908 0 0.654669 -2.07365 -5.09962 0 1 0.0111434 1 
8071606 14.4381 24.1838 188.544 -0.606916 0.238632 0.758095 14.7234 28.5354 184.4 -0.566484 0.321024 0.758874 14.4321 24.5605 187.608 -0.612503 0.224654 0.757873 1.56588 -2.9832 67.9956 5.91328 -22.4644 -7.0754 -12.8689 0 0.643829 -2.08161 -5.09986 0 1 0.0130649 1 
8180378 14.4316 24.3912 188.05 -0.605124 0.240053 0.759078 14.8241 28.8428 183.827 -0.565616 0.32188 0.759203 14.4504 24.7591 187.148 -0.613036 0.226 0.757041 1.5638 -2.98858 67.76 5.91895 -22.7186 -7.15546 -13.0232 0 0.633964 -2.08786 -5.10036 0 1 0.0150911 1 
8284834 14.4439 24.5695 187.618 -0.603196 0.241209 0.760246 14.8063 29.0278 183.374 -0.564001 0.324429 0.759224 14.455 24.9283 186.713 -0.613562 0.227381 0.756201 1.56234 -2.99283 67.5081 5.92466 -22.9392 -7.22496 -13.172 0 0.624017 -2.09527 -5.1029 0 1 0.0167061 1 
8383434 14.4462 24.7175 187.191 -0.601892 0.241469 0.761196 14.7862 29.2171 182.915 -0.562141 0.326503 0.759746 14.4466 25.0688 186.326 -0.614109 0.228607 0.755387 1.56053 -2.99634 67.3618 5.92951 -23.1986 -7.30663 -13.2998 0 0.615585 -2.10054 -5.10523 0 1 0.0175734 1 
8488605 14.4198 24.8866 186.774 -0.60101 0.241888 0.761759 14.6638 29.4201 182.46 -0.561275 0.327237 0.760078 14.4262 25.2043 185.912 -0.614824 0.229927 0.754404 1.55918 -2.99957 67.2203 5.93417 -23.4902 -7.39849 -13.4362 0 0.607469 -2.10631 -5.10773 0 1 0.0187408 1 
8590061 14.4303 25.0276 186.357 -0.599763 0.242426 0.762571 14.6552 29.5104 182.009 -0.560778 0.327968 0.760171 14.4118 25.3302 185.523 -0.615641 0.231128 0.75337 1.55737 -3.00261 67.0902 5.93892 -23.7656 -7.48523 -13.5639 0 0.599204 -2.11142 -5.1107 0 1 0.0203874 1 
8693174 14.4004 25.155 185.947 -0.599179 0.242386 0.763043 14.6466 29.7055 181.557 -0.560153 0.329421 0.759995 14.39 25.4271 185.14 -0.616567 0.231979 0.75235 1.55609 -3.00484 67.0056 5.94258 -24.0747 -7.58257 -13.6879 0 0.592827 -2.11557 -5.1132 0 1 0.0221013 1 
8811437 14.3746 25.2804 185.495 -0.59873 0.241912 0.763545 14.5219 29.9141 181.098 -0.559045 0.329555 0.76071 14.3567 25.5061 184.7 -0.617743 0.232335 0.751275 1.55434 -3.00634 66.9362 5.947 -24.4547 -7.70226 -13.8294 0 0.585144 -2.12021 -5.11827 0 1 0.0241679 1 
8919380 14.3745 25.3859 185.07 -0.598033 0.241034 0.764368 14.5202 30.009 180.651 -0.559289 0.329794 0.760461 14.3023 25.5445 184.291 -0.618842 0.232257 0.750394 1.5528 -3.0062 66.8584 5.95217 -24.8019 -7.81163 -13.9633 0 0.576147 -2.12654 -5.12751 0 1 0.0253949 1 
9037823 14.3104 25.461 184.623 -0.598122 0.23915 0.764891 14.5152 30.1116 180.197 -0.55917 0.329194 0.760846 14.2079 25.5739 183.825 -0.620158 0.231927 0.749409 1.55346 -3.00538 66.8129 5.95587 -25.2321 -7.94713 -14.1131 0 0.569698 -2.13412 -5.13539 0 1 0.0274128 1 
9148488 14.2691 25.5052 184.205 -0.598064 0.237134 0.765563 14.4031 30.2178 179.749 -0.559545 0.328344 0.760878 14.0887 25.5862 183.389 -0.621518 0.231295 0.748477 1.55468 -3.00368 66.7792 5.95974 -25.6455 -8.07733 -14.254 0 0.562965 -2.14298 -5.14507 0 1 0.0294793 1 
9253841 14.1552 25.569 183.798 -0.599021 0.234602 0.765595 14.2923 30.3321 179.409 -0.559922 0.327014 0.761169 13.9467 25.5795 182.969 -0.622999 0.230363 0.747533 1.55667 -3.00129 66.8026 5.9627 -26.0898 -8.21727 -14.3865 0 0.557818 -2.1516 -5.15438 0 1 0.0311233 1 
9367750 14.0429 25.5674 183.355 -0.599844 0.230931 0.766067 14.1861 30.3425 178.962 -0.561046 0.324468 0.761387 13.752 25.5613 182.511 -0.624732 0.228993 0.746506 1.56099 -2.99787 66.8297 5.96503 -26.5779 -8.37098 -14.5317 0 0.553754 -2.16318 -5.1644 0 1 0.0330724 1 
9482911 13.8755 25.5939 182.893 -0.601429 0.22755 0.765836 13.9728 30.4657 178.513 -0.562538 0.321922 0.761487 13.4958 25.5482 182.049 -0.626549 0.227587 0.745413 1.56661 -2.99391 66.9053 5.96748 -27.1091 -8.5383 -14.6752 0 0.549492 -2.17723 -5.17555 0 1 0.0342905 1 
9593630 13.6814 25.614 182.42 -0.602821 0.224291 0.765702 13.757 30.4715 177.96 -0.56403 0.319612 0.761335 13.1775 25.6406 181.557 -0.628445 0.22832 0.74359 1.57652 -2.99267 66.9651 5.96739 -27.6472 -8.70777 -14.8259 0 0.549644 -2.19431 -5.17756 0 1 0.0346375 1 
9694706 13.4365 25.6429 181.987 -0.604834 0.222566 0.764618 13.6566 30.5927 177.625 -0.565521 0.317542 0.761053 12.7987 25.8379 181.076 -0.630256 0.231353 0.741116 1.58984 -2.99426 67.0373 5.96512 -28.1732 -8.87346 -14.9688 0 0.553598 -2.21354 -5.17083 0 1 0.0332324 1 
9800394 13.1273 25.7677 181.531 -0.607171 0.222925 0.762658 13.3338 30.602 177.075 -0.567506 0.314986 0.76067 12.3018 26.1613 180.551 -0.632288 0.236443 0.737772 1.60523 -2.99829 67.0946 5.9649 -28.7189 -9.04532 -15.1226 0 0.553982 -2.23995 -5.16344 0 1 0.0332967 1 
9907628 12.7363 25.9237 181.049 -0.609674 0.223571 0.76047 12.903 30.6196 176.638 -0.569741 0.312062 0.76018 11.6911 26.5907 180.02 -0.634551 0.243043 0.733672 1.62354 -3.00439 67.1055 5.96599 -29.2215 -9.20362 -15.2775 0 0.552081 -2.27372 -5.15471 0 1 0.0357125 1 
10023056 12.1558 26.2014 180.471 -0.613097 0.225843 0.757039 12.1653 30.2724 176.213 -0.575478 0.30077 0.760368 10.908 27.1731 179.451 -0.637237 0.251828 0.728363 1.64519 -3.01371 67.1049 5.96929 -29.7334 -9.36484 -15.4389 0 0.546337 -2.31714 -5.14425 0 1 0.0412362 1 
10136071 11.4809 26.6809 179.931 -0.616841 0.230753 0.752502 11.5346 30.1302 175.782 -0.580465 0.291295 0.760366 10.0698 27.8375 178.928 -0.639736 0.261681 0.722676 1.66606 -3.02566 67.1029 5.97495 -30.1829 -9.50643 -15.5811 0 0.536495 -2.36332 -5.13329 0 1 0.0471149 1 
10254808 10.6801 27.2856 179.372 -0.621173 0.237984 0.746665 10.6864 29.8881 175.362 -0.586201 0.280833 0.759795 9.17954 28.5972 178.438 -0.642007 0.272996 0.71645 1.68734 -3.04103 67.1087 5.98123 -30.5847 -9.63296 -15.7058 0 0.525554 -2.41129 -5.11748 0 1 0.0557451 1 
10390961 9.66848 28.1099 178.808 -0.626944 0.247444 0.738724 9.95534 29.9501 174.83 -0.592288 0.273141 0.757916 8.12893 29.5541 177.933 -0.64418 0.287408 0.708822 1.70979 -3.06249 67.1556 5.9902 -31.0052 -9.76543 -15.8235 0 0.509942 -2.46598 -5.09574 0 1 0.0585723 1 
10494959 8.87013 28.8296 178.388 -0.631135 0.256223 0.732133 9.10386 30.7528 174.313 -0.596416 0.28189 0.75145 7.36525 30.3151 177.614 -0.645541 0.29869 0.702895 1.72524 -3.08121 67.1763 5.99741 -31.2345 -9.83764 -15.8892 0 0.497405 -2.50541 -5.07569 0 1 0.0563306 1 
10605077 8.07373 29.5764 178.002 -0.635167 0.265826 0.725189 8.35924 31.4214 173.805 -0.60016 0.292933 0.744294 6.58389 31.0899 177.366 -0.646866 0.309585 0.696937 1.7396 -3.10112 67.2409 6.00528 -31.42 -9.89607 -15.9273 0 0.483692 -2.54411 -5.05476 0 1 0.0592622 1 
10716399 7.31745 30.3176 177.697 -0.639137 0.275319 0.718125 7.60892 32.2996 173.293 -0.603037 0.305424 0.736838 5.86759 31.7435 177.243 -0.648233 0.317569 0.692057 1.75245 -3.11836 67.3537 6.01215 -31.5262 -9.92952 -15.9252 0 0.471741 -2.57843 -5.03669 0 1 0.059304 1 
10822919 6.58673 31.0071 177.5 -0.643246 0.283995 0.711043 6.96356 33.1738 173.002 -0.604924 0.319005 0.729457 5.26792 32.247 177.229 -0.649596 0.322884 0.688311 1.76293 -3.13206 67.5162 6.01701 -31.5773 -9.9456 -15.8901 0 0.463282 -2.60512 -5.02131 0 1 0.0485471 1 
11121878 5.53647 31.9747 177.307 -0.648801 0.298131 0.700125 5.99292 34.6095 172.412 -0.607491 0.343396 0.716236 4.43361 32.8891 177.453 -0.651861 0.328048 0.683712 1.77331 -3.14159 67.6914 6.0174 -31.4525 -9.90631 -15.7956 0 0.462605 -2.62387 -5.00539 0 0 0.504494 1 
13611009 2.33826 32.1689 179.557 -0.640561 0.294062 0.709372 2.50488 37.5091 174.455 -0.598321 0.402143 0.692849 2.82455 33.5628 176.776 -0.653826 0.331745 0.680041 1.87779 -3.14159 63.0394 6.05658 -25.1107 -7.90887 -15.2634 0 0.394412 -2.87392 -5.07359 0 0 3.1002 1 
14088049 2.8508 31.9348 178.079 -0.634178 0.299852 0.712676 2.47904 37.4775 174.001 -0.596094 0.403981 0.693741 4.15013 31.0708 176.054 -0.657829 0.305297 0.688517 1.88365 -3.11002 62.2807 6.00723 -28.0794 -8.84391 -16.4374 0 0.480309 -2.79822 -5.04264 0 1 0.095776 1 
14208226 3.37479 31.5162 177.133 -0.629559 0.299928 0.716728 3.17336 37.2401 172.528 -0.588665 0.411536 0.695609 4.48303 30.4173 176.006 -0.658821 0.29961 0.690065 1.87005 -3.08416 62.8632 6.0034 -28.7771 -9.06367 -16.4737 0 0.486964 -2.76789 -5.08099 0 1 0.0973272 1 
14333142 3.9062 30.921 176.58 -0.628022 0.295541 0.719892 3.56356 37.1512 171.737 -0.583584 0.417853 0.6962 4.83908 29.751 175.951 -0.659602 0.294657 0.69145 1.8671 -3.05997 63.4972 5.98677 -29.4692 -9.28163 -16.492 0 0.515918 -2.73381 -5.09415 0 1 0.0984625 1 
14461777 4.4309 30.2153 176.243 -0.627581 0.289185 0.722852 3.73171 36.961 170.95 -0.578755 0.423323 0.696945 5.22609 29.0494 175.885 -0.660299 0.28988 0.692802 1.86931 -3.03627 64.1328 5.9629 -30.1475 -9.49529 -16.5054 0 0.557468 -2.6961 -5.09386 0 1 0.0972538 1 
14589435 4.8978 29.5573 176.051 -0.628598 0.284115 0.723978 3.99568 35.5325 170.906 -0.585034 0.396732 0.707285 5.62273 28.3292 175.803 -0.660882 0.285322 0.694137 1.86849 -3.0126 64.7428 5.94129 -30.8293 -9.71003 -16.528 0 0.595076 -2.65707 -5.09744 0 1 0.0972873 1 
14697584 5.25241 28.9495 175.926 -0.629427 0.278262 0.725529 4.23864 34.8478 170.898 -0.588043 0.386123 0.710595 5.95743 27.7204 175.716 -0.661168 0.281497 0.695425 1.87109 -2.99382 65.1984 5.91926 -31.3521 -9.87467 -16.5492 0 0.633413 -2.62325 -5.09178 0 1 0.0931835 1 
14804524 5.61192 28.3599 175.817 -0.630017 0.273654 0.726768 4.58502 34.2298 170.902 -0.590043 0.38021 0.712153 6.30603 27.1134 175.604 -0.661332 0.277579 0.696843 1.87078 -2.97563 65.5948 5.90045 -31.8574 -10.0338 -16.5835 0 0.666153 -2.58997 -5.0907 0 1 0.0922338 1 
14915797 5.98179 27.6918 175.69 -0.63077 0.269464 0.72768 4.69676 33.5182 170.895 -0.590944 0.372633 0.715463 6.68006 26.4974 175.466 -0.661311 0.273619 0.698427 1.86997 -2.95816 66.001 5.88026 -32.3931 -10.2026 -16.6243 0 0.701302 -2.55342 -5.08597 0 1 0.0826966 1 
15028195 6.35194 27.0967 175.575 -0.631236 0.266004 0.728548 5.03727 32.8954 170.785 -0.592452 0.366844 0.717256 7.08431 25.8545 175.294 -0.661325 0.26867 0.700333 1.86388 -2.94009 66.3422 5.86565 -32.9336 -10.3728 -16.6871 0 0.726726 -2.5174 -5.092 0 1 0.0802915 1 
15137373 6.73243 26.4034 175.433 -0.631804 0.259367 0.730447 5.26176 32.2786 170.784 -0.593347 0.360939 0.719413 7.48914 25.0924 175.12 -0.66163 0.259266 0.703582 1.85432 -2.9187 66.6043 5.85617 -33.4397 -10.5322 -16.7639 0 0.743232 -2.48425 -5.11271 0 1 0.0837621 1 
15247490 7.11226 25.7062 175.264 -0.632342 0.250507 0.733069 5.48502 31.5644 170.667 -0.594375 0.353111 0.722488 7.88089 24.3131 174.929 -0.661671 0.247404 0.707801 1.84243 -2.89714 66.7766 5.85127 -33.8941 -10.6753 -16.8528 0 0.75175 -2.45504 -5.14172 0 1 0.0886992 1 
15362595 7.50832 24.9192 175.078 -0.632607 0.238707 0.736768 5.83146 30.972 170.55 -0.596521 0.344055 0.725005 8.2575 23.5297 174.713 -0.661345 0.233784 0.712719 1.83203 -2.87656 66.8997 5.8459 -34.3238 -10.8106 -16.9493 0 0.761102 -2.42758 -5.1682 0 1 0.0843437 1 
15477372 7.91052 24.163 174.877 -0.632553 0.225858 0.740854 6.06073 30.3028 170.419 -0.598195 0.331397 0.729588 8.61546 22.7716 174.471 -0.660369 0.218627 0.718412 1.82047 -2.85667 66.9192 5.84471 -34.7001 -10.9292 -17.0617 0 0.763182 -2.40538 -5.20072 0 1 0.0834731 1 
15583151 8.25902 23.478 174.668 -0.632173 0.212848 0.745019 6.1666 29.7873 170.305 -0.598348 0.326338 0.731708 8.91407 22.1183 174.235 -0.658813 0.203636 0.724222 1.81131 -2.83972 66.8542 5.84505 -34.9775 -11.0165 -17.1695 0 0.762586 -2.39004 -5.23083 0 1 0.0764095 1 
15687757 8.56205 22.8192 174.431 -0.631617 0.199027 0.749298 6.38992 29.3051 170.067 -0.599267 0.31717 0.734948 9.18438 21.4939 173.988 -0.656605 0.187599 0.730532 1.80344 -2.82327 66.7327 5.84546 -35.2156 -11.0915 -17.2828 0 0.761863 -2.37707 -5.26019 0 1 0.0702996 1 
15801361 8.88886 22.1311 174.164 -0.630357 0.183591 0.754284 6.48875 28.9932 169.835 -0.598548 0.313809 0.737003 9.42818 20.8529 173.716 -0.653471 0.169267 0.737783 1.79664 -2.80593 66.5482 5.84687 -35.4228 -11.1568 -17.4062 0 0.759411 -2.36768 -5.29282 0 1 0.0579304 1 
15914081 9.14654 21.4864 173.913 -0.629051 0.169097 0.75875 6.7061 28.7918 169.603 -0.598447 0.310436 0.738455 9.61481 20.2454 173.451 -0.649595 0.149923 0.745352 1.79429 -2.78911 66.3443 5.84493 -35.5978 -11.2119 -17.5255 0 0.762798 -2.36019 -5.3187 0 1 0.0428536 1 
16028854 9.36869 20.8303 173.655 -0.627487 0.155176 0.763007 6.80833 28.3839 169.259 -0.598357 0.305016 0.740828 9.75373 19.6278 173.187 -0.644805 0.128899 0.7534 1.79531 -2.77143 66.1929 5.83862 -35.8073 -11.2779 -17.6392 0 0.773769 -2.35101 -5.3385 0 1 0.02845 1 
16145462 9.5496 20.2059 173.38 -0.625796 0.142738 0.766815 7.03189 27.8096 169.134 -0.599291 0.294148 0.744367 9.80706 19.1543 172.914 -0.638925 0.110141 0.761343 1.79712 -2.75714 66.0752 5.83465 -36.0409 -11.3515 -17.7498 0 0.780683 -2.34724 -5.35647 0 1 0.0212926 1 
16254539 9.67251 19.6912 173.137 -0.624384 0.13202 0.76988 7.04312 26.8783 169.118 -0.601763 0.274328 0.750047 9.83169 18.8225 172.652 -0.632967 0.095051 0.768322 1.7972 -2.7464 65.956 5.83511 -36.2481 -11.4167 -17.8526 0 0.77988 -2.34817 -5.37596 0 1 0.0190562 1 
16363925 9.72981 19.2591 172.897 -0.623454 0.121385 0.77238 7.16524 25.6722 169.1 -0.604538 0.247954 0.75692 9.81387 18.49 172.387 -0.626414 0.0795732 0.775418 1.7978 -2.73499 65.8384 5.83744 -36.4624 -11.4842 -17.9572 0 0.775835 -2.35327 -5.39986 0 1 0.0186135 1 
16478599 9.75791 18.8171 172.64 -0.622537 0.109531 0.774887 7.1662 24.8469 168.974 -0.605917 0.228346 0.761969 9.72406 18.1574 172.107 -0.619357 0.0636399 0.782526 1.79884 -2.72233 65.7346 5.84226 -36.707 -11.5612 -18.0669 0 0.767431 -2.36349 -5.4303 0 1 0.0211831 1 
16582996 9.80048 18.3448 172.391 -0.621129 0.0970238 0.777679 7.16019 24.124 168.734 -0.606558 0.209336 0.766868 9.58645 17.8418 171.86 -0.612787 0.0489396 0.788731 1.80085 -2.7095 65.619 5.84861 -36.9061 -11.624 -18.166 0 0.756381 -2.37803 -5.46369 0 1 0.0255207 1 
16696360 9.78156 17.943 172.092 -0.619725 0.0834031 0.780375 7.15889 23.2911 168.618 -0.607694 0.190548 0.770911 9.39088 17.5126 171.606 -0.605695 0.0328251 0.79502 1.80404 -2.69499 65.5083 5.85675 -37.1214 -11.6918 -18.2687 0 0.742221 -2.39775 -5.5031 0 1 0.032317 1 
16811376 9.61907 17.5764 171.854 -0.618613 0.0661346 0.782907 7.04023 22.679 168.383 -0.608097 0.171755 0.775068 9.13682 17.17 171.362 -0.598236 0.0155919 0.801168 1.80835 -2.67881 65.3455 5.86812 -37.2897 -11.7448 -18.373 0 0.722424 -2.42504 -5.55107 0 1 0.0393608 1 
16913630 9.41597 17.3217 171.623 -0.618187 0.050779 0.784389 6.93281 22.4538 168.268 -0.609065 0.159727 0.776691 8.87546 16.8733 171.164 -0.591706 0.000189162 0.806154 1.81207 -2.6643 65.291 5.87931 -37.4931 -11.8088 -18.4542 0 0.702946 -2.451 -5.5958 0 1 0.0488486 1 
17027856 9.13917 17.0804 171.375 -0.617465 0.032916 0.785909 6.49418 22.2636 168.043 -0.610558 0.143929 0.778686 8.52753 16.5422 170.967 -0.584297 -0.0174543 0.811352 1.81769 -2.64732 65.2368 5.8933 -37.7059 -11.8759 -18.5383 0 0.678594 -2.48513 -5.6497 0 1 0.0631177 1 
17134458 8.84824 16.7694 171.16 -0.615839 0.0116929 0.787785 6.27107 21.7794 167.818 -0.611604 0.12351 0.781437 8.16208 16.2392 170.807 -0.577214 -0.0346852 0.815856 1.82278 -2.63038 65.1575 5.91134 -37.8581 -11.9238 -18.6112 0 0.647204 -2.52537 -5.71058 0 1 0.078015 1 
17260471 8.48843 16.4432 170.959 -0.612701 -0.0144254 0.790183 5.81961 21.2427 167.596 -0.612224 0.0969931 0.784626 7.67583 15.9124 170.664 -0.56896 -0.0551645 0.820513 1.83024 -2.61036 65.0287 5.93584 -37.96 -11.9559 -18.6839 0 0.604552 -2.58102 -5.78807 0 1 0.0966594 1 
17429665 7.76955 16.0415 170.751 -0.605686 -0.0520605 0.793999 5.23224 20.4561 167.478 -0.610599 0.0498916 0.790289 6.9621 15.5322 170.544 -0.5577 -0.0825437 0.825928 1.87025 -2.58429 63.459 5.95027 -36.8622 -11.6101 -18.8325 0 0.579445 -2.67576 -5.85855 0 1 0.0707681 1 
17619755 7.03695 15.5839 170.606 -0.5951 -0.0833573 0.799317 4.60258 19.76 167.347 -0.604173 0.0170489 0.796533 6.17815 15.1716 170.519 -0.5447 -0.113131 0.830966 1.89712 -2.55961 62.5098 5.9806 -36.1695 -11.392 -18.9133 0 0.52666 -2.77531 -5.9543 0 1 0.0708092 1 
17806871 6.26752 15.255 170.553 -0.582248 -0.114536 0.804903 4.06987 19.3976 167.203 -0.595793 -0.015811 0.802877 5.39108 14.8922 170.638 -0.531403 -0.142656 0.835021 1.92068 -2.53771 61.562 6.01974 -35.3153 -11.1229 -18.9428 0 0.458537 -2.88444 -6.06053 0 1 0.0655411 1 
17987754 5.5329 14.9252 170.661 -0.568572 -0.145292 0.809701 3.21178 18.9247 167.308 -0.588278 -0.047627 0.807243 4.66215 14.664 170.901 -0.518671 -0.169572 0.837989 1.94404 -2.52192 60.8065 6.04833 -34.4585 -10.8531 -18.9109 0 0.408763 -2.97488 -6.13779 0 1 0.0664367 1 
18149296 4.89792 14.7412 170.845 -0.556735 -0.172115 0.812664 2.35792 18.5116 167.531 -0.580953 -0.0734902 0.810564 4.06358 14.5067 171.252 -0.507538 -0.192044 0.839955 1.9621 -2.51327 60.426 6.06617 -33.811 -10.6491 -18.8268 0 0.377725 -3.03734 -6.18388 0 1 0.0807839 1 
18313141 4.30271 14.5773 171.16 -0.546501 -0.195689 0.814274 1.62265 18.3174 167.757 -0.574127 -0.0990216 0.812657 3.51323 14.3589 171.705 -0.496539 -0.213044 0.841464 1.97474 -2.50397 60.1353 6.09165 -33.1334 -10.4357 -18.7049 0 0.333376 -3.10369 -6.24443 0 1 0.0912573 1 
18469086 3.75393 14.3759 171.576 -0.536813 -0.215202 0.815794 1.00464 17.9927 168.105 -0.567897 -0.122256 0.813828 3.03197 14.1609 172.245 -0.485812 -0.232794 0.842493 1.96328 -2.4853 60.6342 6.15733 -33.0419 -10.4069 -18.519 0 0.219049 -3.19808 -6.39124 0 1 0.096625 1 
18643021 3.24825 14.1369 172.133 -0.525477 -0.241472 0.815822 0.164082 17.8121 168.682 -0.561336 -0.147962 0.814221 2.56893 13.8606 172.926 -0.474364 -0.253527 0.843032 1.985 -2.4765 60.2946 6.16049 -32.0954 -10.1088 -18.3278 0 0.213549 -3.24138 -6.41205 0 1 0.0942484 1 
18855920 2.64177 13.7735 172.965 -0.511507 -0.27073 0.815515 -0.577075 17.3167 169.387 -0.553705 -0.175534 0.813928 2.09021 13.1669 173.89 -0.460106 -0.279955 0.842572 1.99742 -2.44318 60.1457 6.2129 -31.053 -9.78047 -18.0464 0 0.122326 -3.35422 -6.56128 0 1 0.0909633 1 
19267429 1.87084 11.8827 174.728 -0.476069 -0.334128 0.81346 -1.94596 15.4551 171.267 -0.527223 -0.243722 0.814005 1.79175 9.78074 175.84 -0.426252 -0.342628 0.837207 2.09202 -2.32581 60.0882 6.1858 -29.1307 -9.17502 -17.4591 0 0.169501 -3.47171 -6.71839 0 1 0.0938999 1 
20967918 3.30549 -3.46718 180.525 -0.370191 -0.508732 0.777271 1.40052 -1.40859 178.079 -0.397202 -0.466079 0.790535 2.95919 -4.98072 181.446 -0.343413 -0.484329 0.804669 2.42936 -1.76314 58.5773 5.7417 -21.9587 -6.91612 -15.676 0 0.942457 -3.28589 -6.92476 0 1 0.0988744 1 
21252471 2.92525 -5.21423 181.599 -0.372675 -0.512337 0.773708 1.6406 -3.61416 178.962 -0.388705 -0.478488 0.787298 2.57203 -6.2459 182.281 -0.34586 -0.487785 0.801528 2.47767 -1.70805 57.7773 5.67503 -20.4243 -6.43286 -15.4447 0 1.05851 -3.25393 -6.9046 0 1 0.0967586 1 
21451558 2.66073 -6.17488 182.221 -0.374803 -0.51409 0.771515 1.42858 -4.6778 179.586 -0.390484 -0.481862 0.784374 2.33548 -7.11569 182.833 -0.347973 -0.489971 0.799276 2.50925 -1.67088 57.2626 5.63351 -19.3946 -6.10853 -15.2825 0 1.13077 -3.23664 -6.89704 0 1 0.0925428 1 
21629453 2.42816 -7.01378 182.729 -0.377012 -0.515198 0.769697 1.09892 -5.53468 180.08 -0.391499 -0.483737 0.782737 2.12303 -7.94487 183.337 -0.350084 -0.49202 0.797093 2.53739 -1.63566 56.9107 5.60087 -18.543 -5.8403 -15.1251 0 1.18758 -3.22879 -6.90152 0 1 0.092684 1 
21826045 2.18071 -7.95682 183.272 -0.379869 -0.516466 0.767439 0.781767 -6.39495 180.579 -0.393859 -0.485247 0.780614 1.89815 -8.90043 183.875 -0.352753 -0.494307 0.794497 2.56531 -1.59309 56.5362 5.55366 -17.6242 -5.55092 -14.9537 0 1.26975 -3.19521 -6.89345 0 1 0.0939048 1 
22015380 1.98411 -8.8698 183.803 -0.382972 -0.517873 0.764945 0.587565 -7.15062 181.074 -0.397312 -0.486139 0.778362 1.68638 -9.87301 184.398 -0.355931 -0.496371 0.791788 2.58811 -1.54503 56.1354 5.4895 -16.6975 -5.25906 -14.7881 0 1.38143 -3.12323 -6.86542 0 1 0.0983515 1 
22232732 1.76211 -9.92337 184.388 -0.385002 -0.520523 0.762121 0.258184 -8.2165 181.696 -0.398473 -0.489142 0.775786 1.46869 -10.9864 185.006 -0.359821 -0.498611 0.788617 2.61645 -1.48348 55.5621 5.42318 -15.5308 -4.89159 -14.6012 0 1.49686 -3.05711 -6.85711 0 1 0.0878279 1 
22441188 1.50938 -10.9937 184.991 -0.388221 -0.522968 0.758808 0.173271 -9.30456 182.204 -0.402056 -0.49041 0.773181 1.26152 -12.066 185.623 -0.36341 -0.500883 0.785525 2.63957 -1.41183 55.0614 5.34037 -14.4093 -4.53838 -14.4056 0 1.64099 -2.95323 -6.8377 0 1 0.0870067 1 
22627146 1.32447 -11.9784 185.549 -0.392304 -0.524319 0.75577 0.0761521 -10.3775 182.825 -0.404189 -0.492919 0.770478 1.10283 -12.9856 186.189 -0.366747 -0.502625 0.782857 2.66786 -1.35374 55.0657 5.31707 -13.7451 -4.32916 -14.1951 0 1.68154 -2.96192 -6.89825 0 1 0.0999192 1 
22737763 1.15429 -12.4686 185.887 -0.392427 -0.527463 0.753514 -0.0281165 -10.907 183.087 -0.405334 -0.495052 0.768361 1.02237 -13.4767 186.518 -0.36859 -0.503516 0.781417 2.66926 -1.31936 54.8826 5.25622 -13.2275 -4.16614 -14.0897 0 1.78745 -2.85845 -6.85218 0 1 0.0922611 1 
22902740 1.03899 -13.1721 186.377 -0.389485 -0.530992 0.752561 -0.160186 -11.9501 183.599 -0.403847 -0.50115 0.765367 0.89328 -14.1676 187.03 -0.371106 -0.504688 0.779468 2.69601 -1.25692 54.1042 5.21424 -11.9845 -3.77466 -13.9434 0 1.86051 -2.83195 -6.8878 0 1 0.0868212 1 
23091760 0.86462 -14.0166 186.96 -0.387245 -0.535768 0.75033 -0.219164 -12.9795 184.102 -0.398218 -0.508856 0.763109 0.745153 -14.9543 187.646 -0.374041 -0.505862 0.777301 2.70078 -1.20686 53.9486 5.14941 -11.1754 -3.5198 -13.7376 0 1.97336 -2.72739 -6.86208 0 1 0.0845679 1 
23273669 0.812656 -14.8742 187.545 -0.3862 -0.539921 0.747887 -0.423436 -13.7248 184.6 -0.400589 -0.51087 0.760514 0.572249 -15.6782 188.254 -0.377054 -0.506704 0.775295 2.70672 -1.15979 53.784 5.09452 -10.3635 -3.26411 -13.5337 0 2.0689 -2.6422 -6.84847 0 1 0.0861032 1 
23452916 0.701703 -15.6016 188.132 -0.388457 -0.541487 0.745582 -0.511498 -14.4734 185.207 -0.403316 -0.512262 0.758148 0.404855 -16.3564 188.847 -0.379878 -0.507622 0.773313 2.71098 -1.11403 53.5667 5.04136 -9.5215 -2.9989 -13.337 0 2.16143 -2.55708 -6.83559 0 1 0.0828479 1 
23631345 0.518083 -16.2841 188.733 -0.391618 -0.542201 0.743406 -0.499361 -15.3325 185.812 -0.404944 -0.513898 0.756144 0.237713 -17.0456 189.434 -0.382237 -0.508816 0.771364 2.71403 -1.06529 53.323 4.98554 -8.64856 -2.72396 -13.1388 0 2.25857 -2.46525 -6.82328 0 1 0.0810016 1 
23804065 0.340614 -16.911 189.291 -0.39551 -0.541845 0.741603 -0.687978 -15.8766 186.296 -0.408744 -0.51355 0.754344 0.0766128 -17.7141 189.978 -0.384361 -0.510067 0.769479 2.71526 -1.01696 53.1139 4.92944 -7.82912 -2.46586 -12.9465 0 2.35621 -2.36974 -6.80975 0 1 0.0797513 1 
23995236 0.130809 -17.647 189.883 -0.399556 -0.541802 0.739463 -0.66568 -16.6323 186.897 -0.411338 -0.514317 0.752444 -0.103807 -18.4563 190.553 -0.386835 -0.511369 0.767373 2.71491 -0.962765 52.8839 4.86527 -6.92651 -2.18158 -12.7347 0 2.46791 -2.25744 -6.79238 0 1 0.0779165 1 
24170822 -0.0365362 -18.321 190.437 -0.402936 -0.541957 0.737513 -0.845246 -17.405 187.499 -0.416227 -0.512981 0.750625 -0.287534 -19.1589 191.084 -0.388976 -0.512648 0.765434 2.7139 -0.913294 52.7267 4.80654 -6.11913 -1.92728 -12.5299 0 2.57013 -2.15346 -6.77627 0 1 0.0780118 1 
24349238 -0.238062 -19.0356 190.976 -0.406995 -0.541807 0.735391 -1.13742 -18.1685 188.108 -0.421009 -0.512517 0.748344 -0.48693 -19.8648 191.589 -0.391299 -0.513785 0.763485 2.71206 -0.863025 52.5029 4.74593 -5.27161 -1.66035 -12.3334 0 2.67562 -2.04478 -6.75827 0 1 0.0771489 1 
24543682 -0.453614 -19.7646 191.52 -0.411016 -0.541225 0.733582 -1.31565 -19.0412 188.724 -0.426167 -0.512434 0.745469 -0.756231 -20.6258 192.112 -0.394702 -0.514285 0.761394 2.70927 -0.81034 52.238 4.68115 -4.35886 -1.37287 -12.1294 0 2.78838 -1.92716 -6.73721 0 1 0.0760984 1 
24736598 -0.72279 -20.5406 192.044 -0.415944 -0.540357 0.731441 -1.42516 -19.9922 189.234 -0.42698 -0.516441 0.742189 -1.06722 -21.3916 192.628 -0.398767 -0.514248 0.759298 2.70523 -0.758617 51.9036 4.61592 -3.40584 -1.0727 -11.9346 0 2.9019 -1.8066 -6.71371 0 1 0.0744818 1 
24928260 -1.02663 -21.2953 192.561 -0.421734 -0.537908 0.729929 -1.74116 -20.8536 189.735 -0.429463 -0.517835 0.73982 -1.40017 -22.1488 193.137 -0.403007 -0.514027 0.757206 2.69956 -0.707503 51.4604 4.55115 -2.37907 -0.749314 -11.7508 0 3.01464 -1.684 -6.68994 0 1 0.0718012 1 
25105901 -1.3746 -21.9666 193.018 -0.427258 -0.535368 0.728582 -2.03128 -21.5171 190.226 -0.434477 -0.516506 0.737758 -1.71214 -22.8442 193.61 -0.406987 -0.513784 0.75524 2.69183 -0.661986 50.9898 4.49179 -1.38326 -0.435673 -11.5853 0 3.11796 -1.56722 -6.66584 0 1 0.066804 1 
25250639 -1.6132 -22.5605 193.441 -0.43312 -0.532171 0.727462 -2.23148 -22.066 190.593 -0.437171 -0.516028 0.736552 -1.9577 -23.4146 193.986 -0.410019 -0.513614 0.753714 2.67591 -0.656059 51.2855 4.46324 -1.15857 -0.364904 -11.4214 0 3.16765 -1.48982 -6.62646 0 1 0.0931401 1 
25359471 -1.79185 -22.9839 193.721 -0.438235 -0.530351 0.725725 -2.67418 -22.2513 191.05 -0.449148 -0.505889 0.736483 -2.12375 -23.8253 194.264 -0.411988 -0.513625 0.752633 2.67386 -0.632579 51.2229 4.43988 -0.743782 -0.234262 -11.3105 0 3.20831 -1.4456 -6.62668 0 1 0.089399 1 
25463010 -1.98012 -23.3852 194.007 -0.441533 -0.529938 0.724026 -3.04829 -22.3001 191.28 -0.456649 -0.499344 0.736234 -2.2692 -24.226 194.542 -0.413625 -0.513774 0.751632 2.67056 -0.610096 51.1181 4.41635 -0.297302 -0.0936386 -11.2029 0 3.24927 -1.39889 -6.62485 0 1 0.0895943 1 
25563080 -2.14289 -23.7733 194.265 -0.443782 -0.530367 0.722336 -3.23958 -22.6399 191.527 -0.460184 -0.497755 0.735124 -2.39659 -24.608 194.806 -0.415019 -0.513937 0.750751 2.6657 -0.590603 51.0011 4.39411 0.141793 0.0446591 -11.1015 0 3.28797 -1.35173 -6.62007 0 1 0.0910977 1 
25663730 -2.25038 -24.1838 194.517 -0.445378 -0.530969 0.720909 -3.44876 -22.9577 191.778 -0.461797 -0.498521 0.73358 -2.51411 -24.9804 195.071 -0.416308 -0.514085 0.749936 2.65812 -0.575496 50.866 4.37266 0.593776 0.187016 -11.0016 0 3.32531 -1.3012 -6.60903 0 1 0.0918171 1 
25768768 -2.39353 -24.5796 194.791 -0.447424 -0.530971 0.71964 -3.55308 -23.3803 192.033 -0.462811 -0.500156 0.731812 -2.62949 -25.3526 195.348 -0.417551 -0.514271 0.749117 2.65204 -0.557714 50.7206 4.35165 1.07167 0.337533 -10.8969 0 3.36187 -1.25405 -6.60341 0 1 0.0900819 1 
25876443 -2.53684 -24.9603 195.081 -0.448967 -0.531147 0.718548 -3.65846 -23.689 192.285 -0.463584 -0.502037 0.73005 -2.73161 -25.7315 195.631 -0.418684 -0.514508 0.748322 2.64537 -0.539503 50.5514 4.33047 1.57853 0.497174 -10.7906 0 3.39873 -1.20558 -6.59825 0 1 0.0886428 1 
25981487 -2.62497 -25.3464 195.348 -0.449567 -0.531804 0.717686 -3.76831 -24.1057 192.649 -0.463865 -0.503916 0.728526 -2.819 -26.1005 195.906 -0.419632 -0.514826 0.747572 2.63642 -0.525962 50.3776 4.31113 2.07691 0.654146 -10.6883 0 3.4324 -1.15634 -6.58815 0 1 0.0880085 1 
26093557 -2.7431 -25.7306 195.642 -0.450668 -0.531897 0.716927 -3.88167 -24.5225 192.902 -0.463907 -0.506164 0.727012 -2.90535 -26.4977 196.201 -0.420436 -0.515265 0.746817 2.62808 -0.509793 50.2102 4.2916 2.60075 0.819133 -10.5761 0 3.46639 -1.10783 -6.58231 0 1 0.0868437 1 
26193322 -2.81862 -26.094 195.921 -0.451012 -0.532624 0.716171 -3.98499 -24.844 193.147 -0.464901 -0.506677 0.725941 -2.97211 -26.861 196.455 -0.420932 -0.515747 0.746205 2.6187 -0.497298 50.0271 4.27423 3.08852 0.972763 -10.4801 0 3.49663 -1.06128 -6.57382 0 1 0.0871528 1 
26299401 -2.89322 -26.4589 196.193 -0.451423 -0.53304 0.715601 -4.19976 -25.1583 193.505 -0.465776 -0.507435 0.724876 -3.02837 -27.238 196.715 -0.421134 -0.516355 0.74567 2.60921 -0.483603 49.818 4.25662 3.60827 1.13646 -10.3823 0 3.52727 -1.0141 -6.56701 0 1 0.0879599 1 
26410716 -2.96896 -26.8738 196.457 -0.451542 -0.53423 0.714639 -4.29642 -25.5994 193.752 -0.467612 -0.507077 0.724031 -3.04673 -27.6093 196.946 -0.420813 -0.517164 0.74529 2.59931 -0.470456 49.5725 4.24073 4.12764 1.30004 -10.296 0 3.55494 -0.969213 -6.56222 0 1 0.0865445 1 
26514380 -3.00948 -27.2344 196.697 -0.451013 -0.535416 0.714085 -4.40093 -26.0324 194 -0.468605 -0.507586 0.723081 -3.01806 -27.9351 197.111 -0.419663 -0.518407 0.745076 2.59075 -0.457367 49.3078 4.22735 4.58906 1.44537 -10.2341 0 3.57823 -0.931014 -6.56172 0 1 0.0844489 1 
26623435 -3.00581 -27.5877 196.895 -0.449636 -0.536948 0.713803 -4.41626 -26.3344 194.245 -0.467061 -0.510327 0.721931 -2.95594 -28.2191 197.22 -0.417614 -0.520251 0.744941 2.58276 -0.444956 49.0023 4.21563 5.01951 1.58095 -10.1947 0 3.59862 -0.896717 -6.56292 0 1 0.0808724 1 
26736163 -2.97652 -27.9121 197.06 -0.447049 -0.539063 0.713833 -4.44079 -26.8572 194.491 -0.46478 -0.5133 0.721391 -2.84722 -28.4631 197.26 -0.414639 -0.522743 0.744858 2.57624 -0.431192 48.6493 4.20515 5.41146 1.7044 -10.1824 0 3.61686 -0.867133 -6.56864 0 1 0.0764015 1 
26844723 -2.92282 -28.1437 197.143 -0.444306 -0.540617 0.714371 -4.35947 -27.1607 194.615 -0.461765 -0.516395 0.72109 -2.69429 -28.6417 197.231 -0.411073 -0.525509 0.744889 2.57249 -0.417939 48.3359 4.19846 5.6858 1.7908 -10.1947 0 3.6285 -0.848963 -6.58007 0 1 0.0720432 1 
26951069 -2.83039 -28.3075 197.183 -0.440882 -0.541949 0.715482 -4.2795 -27.4713 194.624 -0.458742 -0.519112 0.721143 -2.53546 -28.7465 197.146 -0.407456 -0.528062 0.745071 2.56928 -0.407904 47.9992 4.19351 5.90932 1.8612 -10.2304 0 3.63711 -0.834759 -6.58892 0 1 0.0669454 1 
27058825 -2.7281 -28.4717 197.174 -0.436632 -0.544692 0.716006 -4.20073 -27.6751 194.625 -0.455464 -0.521328 0.721666 -2.36309 -28.7836 197.006 -0.403926 -0.530265 0.745428 2.56667 -0.400571 47.6471 4.19033 6.07526 1.91347 -10.289 0 3.64265 -0.824689 -6.59615 0 1 0.060811 1 
27165613 -2.58772 -28.5766 197.102 -0.431895 -0.547051 0.717079 -4.12531 -27.8753 194.629 -0.451826 -0.523922 0.721953 -2.17078 -28.7655 196.823 -0.40052 -0.532291 0.745822 2.5653 -0.395172 47.299 4.18933 6.18089 1.94674 -10.3654 0 3.64439 -0.820567 -6.60381 0 1 0.0543892 1 
27284312 -2.36942 -28.6544 196.941 -0.425758 -0.549725 0.718702 -3.95863 -28.1745 194.632 -0.446126 -0.527995 0.722508 -1.94283 -28.6738 196.571 -0.396736 -0.534566 0.746217 2.5643 -0.392929 46.9108 4.1909 6.23496 1.96377 -10.4706 0 3.64166 -0.821543 -6.61044 0 1 0.0454091 1 
27384609 -2.17472 -28.6485 196.761 -0.420829 -0.55114 0.720519 -3.67838 -28.2649 194.4 -0.44066 -0.531443 0.723412 -1.74015 -28.5626 196.319 -0.393679 -0.536515 0.746437 2.56456 -0.392118 46.6149 4.19404 6.20715 1.95501 -10.5726 0 3.6362 -0.827472 -6.61731 0 1 0.0380216 1 
27483298 -2.00202 -28.5842 196.554 -0.416056 -0.552148 0.722516 -3.50757 -28.3609 194.168 -0.435427 -0.534148 0.724539 -1.56192 -28.424 196.06 -0.391022 -0.538273 0.746568 2.56639 -0.390147 46.3327 4.19664 6.15668 1.93911 -10.6774 0 3.63168 -0.835175 -6.62527 0 1 0.0312428 1 
27588577 -1.81909 -28.5228 196.3 -0.410907 -0.553354 0.724537 -3.33229 -28.3524 193.928 -0.430549 -0.536106 0.726012 -1.39031 -28.2555 195.794 -0.388767 -0.539823 0.746626 2.56871 -0.388763 46.0369 4.19937 6.10331 1.9223 -10.7873 0 3.62691 -0.843978 -6.63244 0 1 0.0240166 1 
27694175 -1.62027 -28.4543 196.03 -0.405706 -0.554345 0.726707 -3.15928 -28.3438 193.689 -0.425426 -0.538067 0.727483 -1.22132 -28.0746 195.54 -0.387102 -0.540994 0.746645 2.57092 -0.388294 45.729 4.20216 6.06923 1.91157 -10.895 0 3.62207 -0.852664 -6.6381 0 1 0.0179522 1 
27801245 -1.41458 -28.328 195.78 -0.400763 -0.554631 0.729228 -2.98738 -28.2226 193.444 -0.420058 -0.540144 0.729198 -1.07246 -27.8791 195.305 -0.385901 -0.541818 0.746669 2.57287 -0.389872 45.4393 4.20555 6.03521 1.90085 -10.997 0 3.61617 -0.861955 -6.64125 0 1 0.0143902 1 
27911360 -1.23394 -28.1149 195.544 -0.396335 -0.553916 0.732185 -2.70192 -28.2271 193.086 -0.415164 -0.541228 0.731254 -0.952039 -27.6787 195.078 -0.385167 -0.542313 0.746688 2.5752 -0.391294 45.1631 4.2083 5.99795 1.88912 -11.0957 0 3.61138 -0.870803 -6.64357 0 1 0.0107504 1 
28021471 -1.07876 -27.9079 195.319 -0.392543 -0.553067 0.734865 -2.52223 -28.1185 192.839 -0.410633 -0.541945 0.733179 -0.829156 -27.4823 194.871 -0.384493 -0.542853 0.746643 2.57762 -0.392493 44.9075 4.2113 5.96547 1.87889 -11.1865 0 3.60615 -0.88024 -6.64671 0 1 0.00590045 1 
28129537 -0.928038 -27.6998 195.099 -0.389015 -0.552096 0.737467 -2.33578 -27.9042 192.586 -0.406703 -0.542039 0.735336 -0.709233 -27.2704 194.66 -0.383718 -0.543519 0.746557 2.58018 -0.394749 44.6538 4.21485 5.92359 1.8657 -11.2796 0 3.59997 -0.890886 -6.64896 0 1 0.00879581 1 
28239556 -0.812588 -27.4919 194.882 -0.386083 -0.551126 0.73973 -2.25865 -27.799 192.342 -0.403145 -0.542262 0.737134 -0.591342 -27.0186 194.453 -0.383193 -0.543893 0.746554 2.58437 -0.397102 44.4169 4.21945 5.86184 1.84625 -11.3736 0 3.59197 -0.90617 -6.65287 0 1 0.00918835 1 
28344267 -0.685095 -27.2825 194.665 -0.383216 -0.550043 0.742023 -2.06184 -27.6949 192.208 -0.400317 -0.542115 0.738807 -0.476799 -26.7523 194.262 -0.383076 -0.543829 0.746661 2.58813 -0.401553 44.1857 4.22506 5.80866 1.8295 -11.4632 0 3.5822 -0.922489 -6.65489 0 1 0.00596882 1 
28461294 -0.545439 -27.0099 194.43 -0.380125 -0.548228 0.74495 -1.8732 -27.4864 191.953 -0.396622 -0.541588 0.74119 -0.368029 -26.4051 194.059 -0.383474 -0.543121 0.746972 2.5929 -0.408361 43.9015 4.23144 5.76989 1.81729 -11.5649 0 3.57109 -0.9419 -6.65415 0 1 0.0049475 1 
28571653 -0.44601 -26.6733 194.237 -0.377718 -0.54571 0.748017 -1.79387 -27.2766 191.702 -0.393174 -0.541066 0.743332 -0.279955 -26.0443 193.875 -0.384476 -0.541722 0.747473 2.59837 -0.415475 43.6433 4.23805 5.72619 1.80352 -11.66 0 3.55959 -0.962911 -6.65327 0 1 0.00999987 1 
28675539 -0.363044 -26.3586 194.055 -0.375745 -0.543119 0.750891 -1.5996 -27.0726 191.447 -0.390084 -0.540044 0.745706 -0.212632 -25.6774 193.707 -0.386039 -0.539706 0.748125 2.60353 -0.423917 43.3949 4.2447 5.6886 1.79169 -11.7501 0 3.54802 -0.983478 -6.65014 0 1 0.012533 1 
28790008 -0.258376 -26.0047 193.853 -0.373494 -0.540155 0.754145 -1.40883 -26.8722 191.188 -0.386619 -0.538644 0.748552 -0.151283 -25.2473 193.535 -0.388563 -0.536598 0.749054 2.60872 -0.436536 43.1262 4.25309 5.65119 1.7799 -11.8465 0 3.53342 -1.00711 -6.64278 0 1 0.0177473 1 
28895715 -0.157627 -25.6785 193.681 -0.371333 -0.537455 0.757135 -1.3216 -26.5578 190.931 -0.383894 -0.537378 0.750801 -0.0893667 -24.815 193.375 -0.391642 -0.532944 0.750058 2.61286 -0.451841 42.8619 4.26248 5.6192 1.76983 -11.9398 0 3.51707 -1.03066 -6.63249 0 1 0.0247724 1 
29009481 -0.0795144 -25.2572 193.508 -0.370543 -0.532671 0.760893 -1.12264 -26.3514 190.789 -0.381171 -0.536234 0.753053 -0.0311846 -24.3387 193.217 -0.395628 -0.528375 0.751198 2.61568 -0.473852 42.6153 4.27475 5.56253 1.75198 -12.0353 0 3.49572 -1.05691 -6.61553 0 1 0.0330663 1 
29115477 -0.000664054 -24.8512 193.349 -0.370944 -0.526853 0.764739 -1.02779 -26.0566 190.523 -0.379266 -0.53285 0.756341 0.00705036 -23.8658 193.072 -0.39996 -0.523371 0.752406 2.61657 -0.500222 42.3969 4.28754 5.49324 1.73015 -12.1259 0 3.47345 -1.08074 -6.5919 0 1 0.0440464 1 
29227776 0.0283828 -24.3614 193.199 -0.373271 -0.518858 0.769061 -0.923881 -25.6562 190.253 -0.378208 -0.528841 0.759741 0.0403066 -23.3825 192.93 -0.405003 -0.517573 0.753718 2.61675 -0.53023 42.2476 4.30224 5.36792 1.69068 -12.2124 0 3.44787 -1.10664 -6.56525 0 1 0.0554459 1 
29341484 0.0611151 -23.8678 193.072 -0.377237 -0.509243 0.77354 -0.804119 -25.267 190.092 -0.378717 -0.523222 0.763351 0.0704182 -22.878 192.789 -0.410688 -0.511012 0.755117 2.61539 -0.566356 42.1816 4.31947 5.16887 1.62799 -12.2959 0 3.41788 -1.13426 -6.53237 0 1 0.0674594 1 
29450186 0.0909911 -23.3644 192.931 -0.381834 -0.498996 0.77795 -0.670869 -24.8894 189.93 -0.380676 -0.516363 0.76706 0.0856911 -22.3768 192.657 -0.416646 -0.504025 0.756548 2.61431 -0.603179 42.1998 4.33701 4.91378 1.54765 -12.3705 0 3.38735 -1.16291 -6.49881 0 1 0.0802066 1 
29553811 0.0870401 -22.8771 192.798 -0.387521 -0.488908 0.781535 -0.560896 -24.6944 189.794 -0.380385 -0.513866 0.768807 0.0948599 -21.9066 192.544 -0.422617 -0.497047 0.757852 2.61533 -0.636961 42.3752 4.35595 4.55592 1.43494 -12.428 0 3.35439 -1.19764 -6.47297 0 1 0.0859536 1 
29651998 0.0813746 -22.4347 192.669 -0.392786 -0.480192 0.784305 -0.351715 -24.3776 189.544 -0.378773 -0.512982 0.770226 0.107228 -21.4623 192.441 -0.42857 -0.490133 0.759011 2.6167 -0.6687 42.5896 4.37472 4.18691 1.31871 -12.4767 0 3.32172 -1.23268 -6.45039 0 1 0.0887188 1 
29757599 0.10005 -21.9065 192.555 -0.398516 -0.470451 0.787312 -0.279936 -24.1446 189.306 -0.374513 -0.514957 0.770974 0.116762 -20.9899 192.335 -0.43506 -0.482584 0.760155 2.61873 -0.702273 42.8947 4.396 3.73234 1.17554 -12.5238 0 3.28469 -1.27325 -6.429 0 1 0.091732 1 
29864920 0.134043 -21.44 192.45 -0.404023 -0.461771 0.789641 -0.163059 -23.7264 189.163 -0.374712 -0.512459 0.772605 0.117105 -20.5182 192.229 -0.441791 -0.474765 0.761195 2.61917 -0.738331 43.1919 4.41736 3.28698 1.03527 -12.5704 0 3.2475 -1.31121 -6.40343 0 1 0.0999413 1 
30056634 0.138171 -20.5612 192.263 -0.410791 -0.456296 0.789332 -0.760736 -21.6461 188.877 -0.403808 -0.471602 0.783828 0.0919283 -19.7003 192.052 -0.453732 -0.460707 0.762808 2.64192 -0.778155 44.5222 4.4847 1.85007 0.582698 -12.604 0 3.1303 -1.46802 -6.45131 0 1 0.0747438 1 
30253481 0.131842 -19.7714 192.072 -0.416861 -0.451251 0.78905 -0.695352 -21.0321 188.744 -0.410217 -0.466037 0.783843 0.0916674 -18.8337 191.869 -0.466378 -0.445842 0.764014 2.64228 -0.842159 45.0981 4.53392 1.02156 0.321751 -12.6836 0 3.04463 -1.55431 -6.42558 0 1 0.0866664 1 
30449286 0.162495 -18.9726 191.879 -0.424962 -0.442677 0.789585 -0.520949 -20.323 188.486 -0.41636 -0.459228 0.78467 0.0487119 -17.9993 191.676 -0.47882 -0.430943 0.764866 2.63892 -0.911443 45.7918 4.58577 0.0890437 0.0280453 -12.7588 0 2.95438 -1.63871 -6.39524 0 1 0.0931311 1 
30633606 0.078424 -18.1852 191.7 -0.435122 -0.43146 0.79026 -0.548379 -19.4158 188.328 -0.424411 -0.449075 0.786265 0.00744336 -17.257 191.484 -0.489878 -0.41739 0.765379 2.63346 -0.976164 46.4438 4.63219 -0.787692 -0.248092 -12.8296 0 2.87358 -1.71001 -6.36339 0 1 0.0945553 1 
30817832 -0.0229362 -17.4221 191.524 -0.446853 -0.418772 0.79054 -0.663955 -18.6499 188.175 -0.435112 -0.435596 0.787905 0.0155139 -16.5382 191.271 -0.500187 -0.40402 0.765886 2.62738 -1.03921 47.0975 4.6781 -1.66749 -0.525194 -12.9008 0 2.79368 -1.77933 -6.33356 0 1 0.0988739 1 
31037666 -0.0268662 -16.5594 191.247 -0.465178 -0.395308 0.792049 -1.00671 -17.4557 187.998 -0.456754 -0.407799 0.790549 0.0985609 -15.7145 190.991 -0.511116 -0.388713 0.766592 2.61571 -1.11187 47.7818 4.72369 -2.63862 -0.831063 -12.9911 0 2.71433 -1.83837 -6.28644 0 1 0.0984662 1 
31240883 0.0263348 -15.8291 190.993 -0.476563 -0.380163 0.792694 -1.01989 -16.4771 187.725 -0.46635 -0.393722 0.792157 0.243848 -15.0116 190.704 -0.519789 -0.375141 0.767521 2.60262 -1.17367 48.4363 4.76229 -3.557 -1.12031 -13.0742 0 2.64714 -1.88276 -6.24607 0 1 0.0956223 1 
31434144 0.182448 -15.1393 190.745 -0.482687 -0.370338 0.793639 -1.14009 -15.7246 187.576 -0.476552 -0.378799 0.793256 0.473014 -14.3596 190.431 -0.527014 -0.362577 0.768631 2.56042 -1.26187 49.3227 4.77741 -4.65116 -1.46493 -13.1397 0 2.62084 -1.83563 -6.11885 0 1 0.0799566 1 
31631300 0.397018 -14.3907 190.439 -0.491796 -0.354141 0.795438 -1.15116 -14.8712 187.309 -0.486501 -0.363261 0.794576 0.788192 -13.6522 190.13 -0.53421 -0.349105 0.769899 2.56986 -1.291 49.6192 4.84579 -5.26264 -1.65752 -13.2389 0 2.50182 -1.97106 -6.18717 0 1 0.095283 1 
31823787 0.731942 -13.7386 190.165 -0.496862 -0.343753 0.796845 -1.37536 -13.923 187.044 -0.497407 -0.345647 0.795595 1.11995 -13.0045 189.842 -0.540743 -0.335826 0.771245 2.55039 -1.34767 50.1263 4.8879 -6.0478 -1.90482 -13.3264 0 2.42852 -2.01048 -6.16184 0 1 0.0996567 1 
32026655 1.03825 -13.0506 189.859 -0.50404 -0.329022 0.798554 -1.29717 -13.1535 186.787 -0.505079 -0.333212 0.796135 1.494 -12.3704 189.545 -0.547397 -0.321718 0.772564 2.52428 -1.40825 50.7462 4.92505 -6.95017 -2.18903 -13.4154 0 2.36387 -2.0297 -6.12105 0 1 0.0955856 1 
32306003 1.52053 -12.217 189.447 -0.513395 -0.310802 0.799892 -1.27916 -12.0189 186.408 -0.517912 -0.312306 0.796337 2.05692 -11.5756 189.123 -0.556271 -0.302272 0.774076 2.48613 -1.47994 51.5864 4.96579 -8.20253 -2.58347 -13.5452 0 2.29296 -2.0342 -6.06718 0 1 0.098676 1 
32546154 1.96913 -11.5709 189.086 -0.521063 -0.291775 0.802098 -1.27849 -11.1199 186.029 -0.529134 -0.290048 0.797331 2.58632 -11.03 188.743 -0.563518 -0.285614 0.77516 2.4492 -1.53173 52.2785 4.98646 -9.26729 -2.91883 -13.6626 0 2.25697 -2.00591 -6.01303 0 1 0.0990595 1 
32796311 2.58221 -11.0026 188.693 -0.527825 -0.273537 0.804101 -0.856498 -10.4456 185.644 -0.537909 -0.268154 0.799164 3.21854 -10.5613 188.355 -0.570274 -0.269074 0.776136 2.3917 -1.59502 53.4292 4.99363 -10.7375 -3.38189 -13.7633 0 2.2445 -1.9183 -5.91534 0 1 0.0868839 1 
33026671 3.24879 -10.56 188.343 -0.532656 -0.261918 0.804783 -0.353978 -9.93034 185.273 -0.543596 -0.253281 0.800213 3.68213 -10.2723 188.082 -0.57459 -0.257956 0.776727 2.37238 -1.61721 54.086 5.03307 -11.5947 -3.65187 -13.8264 0 2.17584 -1.95333 -5.94537 0 1 0.0912572 1 
33210630 3.5383 -10.3377 188.148 -0.535645 -0.258604 0.803871 -0.00368892 -9.7476 185.151 -0.545144 -0.249722 0.800237 3.9421 -10.1372 187.932 -0.576803 -0.25203 0.777033 2.35477 -1.63532 54.5386 5.04545 -12.1494 -3.82658 -13.8585 0 2.1543 -1.94423 -5.9354 0 1 0.0885009 1 
33389593 3.84884 -10.1688 187.974 -0.537794 -0.255018 0.803582 0.24177 -9.56372 184.924 -0.547558 -0.246543 0.799551 4.20887 -10.0019 187.789 -0.57898 -0.245975 0.777353 2.33813 -1.65275 54.9378 5.05769 -12.6492 -3.98399 -13.8902 0 2.133 -1.93655 -5.92636 0 1 0.084839 1 
