2724 18.8429 -19.4881 216.807 0.10123 -0.108631 0.988914 23.1268 -18.3027 213.673 0.211209 -0.0256962 0.976988 -1.21602 2.56561 9.98204 6.07376 60.0011 18.8429 -19.4881 216.807 0.10123 -0.108631 0.988914 
89928 18.9121 -19.3985 216.197 0.101002 -0.109052 0.988891 23.1266 -18.3062 213.562 0.211088 -0.0255729 0.976987 -1.21602 2.5682 9.9487 6.07922 59.4185 18.9121 -19.3985 216.197 0.101002 -0.109052 0.988891 
177084 19.0187 -18.892 215.388 0.0997919 -0.109041 0.989015 23.2321 -18.1173 212.885 0.21111 -0.0234957 0.977066 -1.2344 2.56648 9.77884 6.10824 58.693 19.0187 -18.892 215.388 0.0997919 -0.109041 0.989015 
264222 19.1381 -17.9979 214.707 0.0983341 -0.107981 0.989278 23.5647 -17.5184 212.085 0.211046 -0.0179977 0.977197 -1.27175 2.557 9.50738 6.15966 58.1247 19.1381 -17.9979 214.707 0.0983341 -0.107981 0.989278 
352410 19.2463 -16.7883 214.058 0.0967947 -0.106583 0.989581 24.2375 -16.3078 211.49 0.211414 -0.00615503 0.977315 -1.32604 2.54206 9.11526 6.23291 57.6326 19.2463 -16.7883 214.058 0.0967947 -0.106583 0.989581 
439666 19.3563 -15.2047 213.563 0.0945457 -0.105031 0.989964 24.2425 -14.6353 210.875 0.20008 0.00487504 0.979668 -1.40131 2.52109 8.66283 0.0540069 57.2516 19.3563 -15.2047 213.563 0.0945457 -0.105031 0.989964 
527174 19.4269 -13.4739 213.116 0.0925173 -0.103836 0.990282 23.9571 -12.6148 210.363 0.184472 0.015105 0.982579 -1.48749 2.49782 8.17546 0.177821 56.9055 19.4269 -13.4739 213.116 0.0925173 -0.103836 0.990282 
614155 19.4905 -11.3799 212.703 0.0909749 -0.102747 0.990539 23.4847 -9.92622 209.837 0.165696 0.0257388 0.985764 -1.58861 2.47426 7.61031 0.335819 56.5785 19.4905 -11.3799 212.703 0.0909749 -0.102747 0.990539 
702883 19.4536 -8.64507 212.306 0.0894778 -0.0969496 0.991259 22.7217 -7.01142 209.31 0.142405 0.0364193 0.989003 -1.70122 2.44984 7.09279 0.531451 56.1912 19.4536 -8.64507 212.306 0.0894778 -0.0969496 0.991259 
789576 19.5413 -5.67066 211.903 0.0890134 -0.0990223 0.991096 21.4414 -3.43751 208.778 0.115466 0.048841 0.992007 -1.78453 2.47225 7.1293 0.747766 55.4545 19.5413 -5.67066 211.903 0.0890134 -0.0990223 0.991096 
877299 19.5476 -3.50507 211.674 0.0883184 -0.0975963 0.9913 20.0495 0.00235154 208.371 0.0885438 0.0640494 0.993976 -1.82905 2.48403 7.65159 0.891114 54.6402 19.5476 -3.50507 211.674 0.0883184 -0.0975963 0.9913 
964079 19.5251 -1.65918 211.518 0.0884609 -0.0959614 0.991446 19.1685 1.57484 207.993 0.0642767 0.0394496 0.9971 -1.85577 2.49207 8.28183 1.00602 53.8591 19.5251 -1.65918 211.518 0.0884609 -0.0959614 0.991446 
1052224 19.4871 -0.102912 211.406 0.0875406 -0.094772 0.991643 18.3992 2.58633 207.975 0.0518393 0.0156712 0.998475 -1.87157 2.4961 9.04541 1.09795 53.0225 19.4871 -0.102912 211.406 0.0875406 -0.094772 0.991643 
1139444 19.1826 1.67383 211.29 0.0872247 -0.0934054 0.9918 17.8473 4.0345 207.949 0.0406235 0.00468535 0.999083 -1.89369 2.49782 9.77249 1.20596 52.2034 19.1826 1.67383 211.29 0.0872247 -0.0934054 0.9918 
1227426 18.5289 3.57323 211.164 0.0856685 -0.0923393 0.992035 17.1962 5.57944 207.924 0.0282028 -0.00458186 0.999548 -1.92299 2.49437 10.5504 1.32777 51.3096 18.5289 3.57323 211.164 0.0856685 -0.0923393 0.992035 
1313928 17.3093 5.72899 211.005 0.0852697 -0.0909329 0.9922 15.9734 7.26006 207.795 0.0172202 -0.0160684 0.999675 -1.96321 2.48633 11.2282 1.48117 50.4523 17.3093 5.72899 211.005 0.0852697 -0.0909329 0.9922 
1402182 15.3673 7.78353 210.881 0.0806693 -0.0906233 0.992613 14.5015 8.84875 207.674 0.00889989 -0.0294208 0.999442 -2.01664 2.46191 11.9204 1.65841 49.5681 15.3673 7.78353 210.881 0.0806693 -0.0906233 0.992613 
1489193 13.4469 9.77345 210.71 0.0851936 -0.0892805 0.992356 12.5529 10.4663 207.562 0.00384479 -0.0453775 0.998856 -2.05083 2.44783 12.5697 1.83939 48.7188 13.4469 9.77345 210.71 0.0851936 -0.0892805 0.992356 
1576476 10.8649 11.2643 210.605 0.0814335 -0.0904454 0.992566 10.4527 11.8451 207.457 0.00283593 -0.0595452 0.998184 -2.09564 2.40532 13.2586 2.0333 47.8155 10.8649 11.2643 210.605 0.0814335 -0.0904454 0.992566 
1663925 8.54176 12.7174 210.479 0.0841473 -0.087175 0.992633 8.00068 12.6605 207.37 0.00305447 -0.0727543 0.997232 -2.11058 2.37573 13.9444 2.20882 46.9614 8.54176 12.7174 210.479 0.0841473 -0.087175 0.992633 
1751213 6.19055 13.6982 210.403 0.0832681 -0.085965 0.992812 5.44724 13.247 207.289 0.00193778 -0.0852172 0.996282 -2.12236 2.33925 14.6683 2.36711 46.1232 6.19055 13.6982 210.403 0.0832681 -0.085965 0.992812 
1839227 3.78319 14.4786 210.351 0.0818074 -0.0854918 0.992975 3.33556 13.5921 207.207 0.00107994 -0.0962182 0.995298 -2.12523 2.30391 15.5303 2.5162 45.2168 3.78319 14.4786 210.351 0.0818074 -0.0854918 0.992975 
1927093 1.6237 15.0451 210.296 0.0804106 -0.0851331 0.99312 1.32983 13.7106 207.13 0.000589235 -0.106981 0.994183 -2.11862 2.2772 16.3971 2.63916 44.3548 1.6237 15.0451 210.296 0.0804106 -0.0851331 0.99312 
2013690 -0.567017 15.5079 210.245 0.0793225 -0.0845211 0.993259 -0.689018 13.6288 207.172 0.00141454 -0.119963 0.992731 -2.10368 2.25508 17.3528 2.7532 43.4578 -0.567017 15.5079 210.245 0.0793225 -0.0845211 0.993259 
2100949 -2.89375 15.7214 210.208 0.0781728 -0.0839121 0.993402 -2.61428 13.4437 207.219 0.00405636 -0.133947 0.990911 -2.08559 2.23439 18.291 2.86725 42.618 -2.89375 15.7214 210.208 0.0781728 -0.0839121 0.993402 
2189170 -6.25823 15.3601 210.157 0.0763188 -0.0827045 0.993648 -4.68631 13.0357 207.273 0.0102375 -0.147848 0.988924 -2.06174 2.20538 19.3324 3.03013 41.7052 -6.25823 15.3601 210.157 0.0763188 -0.0827045 0.993648 
2276306 -10.714 13.7906 210.099 0.0731411 -0.0806205 0.994058 -7.73613 11.7667 207.253 0.024438 -0.164412 0.98604 -2.0244 2.16861 20.3055 3.24874 40.9035 -10.714 13.7906 210.099 0.0731411 -0.0806205 0.994058 
2363503 -14.1762 11.3416 210.05 0.0697999 -0.0784973 0.994468 -10.8553 9.45204 207.365 0.0451584 -0.176279 0.983222 -1.99251 2.13873 20.6405 3.44035 40.6813 -14.1762 11.3416 210.05 0.0697999 -0.0784973 0.994468 
2450701 -16.2704 8.68169 210.019 0.0675805 -0.0775106 0.994698 -12.7745 7.22062 207.442 0.0690931 -0.174467 0.98216 -1.97786 2.11345 20.4834 3.59577 40.8781 -16.2704 8.68169 210.019 0.0675805 -0.0775106 0.994698 
2539072 -17.6961 5.57093 210.002 0.0652852 -0.076448 0.994934 -13.8945 4.90708 207.833 0.0915433 -0.163948 0.982157 -1.96953 2.08702 19.9722 3.75463 41.4083 -17.6961 5.57093 210.002 0.0652852 -0.076448 0.994934 
2626192 -18.5267 2.44724 209.998 0.0630584 -0.0752945 0.995165 -15.0108 2.15705 207.929 0.08843 -0.178983 0.979818 -1.95947 2.06576 19.3515 3.90487 42.0624 -18.5267 2.44724 209.998 0.0630584 -0.0752945 0.995165 
2713425 -19.0691 -0.923654 210 0.0605101 -0.0726947 0.995517 -15.6858 -0.529139 207.886 0.0979563 -0.177752 0.979066 -1.93534 2.05571 18.7593 4.06143 42.7371 -19.0691 -0.923654 210 0.0605101 -0.0726947 0.995517 
2800659 -19.365 -4.19766 210.004 0.0582227 -0.0693301 0.995893 -15.8457 -3.4165 207.829 0.111984 -0.167507 0.979416 -1.89426 2.06174 18.4021 4.20449 43.2244 -19.365 -4.19766 210.004 0.0582227 -0.0693301 0.995893 
2888893 -19.5647 -7.68335 210.012 0.0556528 -0.0644555 0.996368 -16.0051 -6.37212 207.876 0.1261 -0.149676 0.980585 -1.82503 2.09047 18.3513 4.34066 43.48 -19.5647 -7.68335 210.012 0.0556528 -0.0644555 0.996368 
2976188 -19.649 -11.051 209.997 0.0527292 -0.0611219 0.996737 -16.2228 -9.20074 207.906 0.134726 -0.121378 0.983315 -1.72793 2.14045 18.5752 4.44178 43.5435 -19.649 -11.051 209.997 0.0527292 -0.0611219 0.996737 
3063535 -19.3961 -14.3554 209.983 0.0497686 -0.0588409 0.997026 -16.461 -12.4541 207.845 0.132816 -0.107524 0.985128 -1.60326 2.21601 18.9133 4.50412 43.6181 -19.3961 -14.3554 209.983 0.0497686 -0.0588409 0.997026 
3150570 -18.1455 -16.3557 209.996 0.0476969 -0.0557681 0.997304 -16.2736 -15.4341 207.797 0.133257 -0.111566 0.984718 -1.57396 2.23784 18.6418 4.58628 43.9912 -18.1455 -16.3557 209.996 0.0476969 -0.0557681 0.997304 
3238806 -16.0314 -17.74 210.031 0.0473184 -0.0529021 0.997478 -14.6991 -17.4953 208.049 0.142082 -0.107276 0.983911 -1.61274 2.21687 17.8195 4.71239 44.6818 -16.0314 -17.74 210.031 0.0473184 -0.0529021 0.997478 
3326024 -13.8401 -18.4643 210.047 0.0467872 -0.0505839 0.997623 -11.9569 -19.1905 207.975 0.157161 -0.12045 0.980091 -1.67163 2.18326 16.7924 4.83505 45.4723 -13.8401 -18.4643 210.047 0.0467872 -0.0505839 0.997623 
3413450 -11.7837 -18.8488 210.033 0.0455066 -0.0495513 0.997734 -9.98641 -19.5103 207.84 0.16091 -0.112543 0.980492 -1.72276 2.15453 15.6859 4.94221 46.3312 -11.7837 -18.8488 210.033 0.0455066 -0.0495513 0.997734 
3500451 -9.70451 -19.0893 210.03 0.0451296 -0.0477863 0.997838 -8.10375 -19.6218 207.81 0.162486 -0.102653 0.981246 -1.76614 2.1327 14.6509 5.0462 47.163 -9.70451 -19.0893 210.03 0.0451296 -0.0477863 0.997838 
3588788 -7.69716 -19.2465 210.021 0.0443089 -0.0475052 0.997888 -6.31703 -19.507 207.664 0.162472 -0.0932317 0.982151 -1.79831 2.11747 13.5936 5.14588 48.0473 -7.69716 -19.2465 210.021 0.0443089 -0.0475052 0.997888 
3675887 -5.45462 -19.3614 210.014 0.0437924 -0.0461079 0.997976 -4.40835 -19.5118 207.629 0.161372 -0.0828182 0.983293 -1.82474 2.10857 12.5903 5.26108 48.8918 -5.45462 -19.3614 210.014 0.0437924 -0.0461079 0.997976 
3763278 -2.9242 -19.4592 210.011 0.0429627 -0.0461139 0.998012 -2.16722 -19.4175 207.588 0.160647 -0.0714347 0.984288 -1.84026 2.10771 11.5568 5.39437 49.7919 -2.9242 -19.4592 210.011 0.0429627 -0.0461139 0.998012 
3850491 1.36423 -19.5396 210.007 0.0426028 -0.044649 0.998094 0.855258 -19.3893 207.312 0.159618 -0.0543041 0.985535 -1.83566 2.12868 10.6202 5.62361 50.6222 1.36423 -19.5396 210.007 0.0426028 -0.044649 0.998094 
3938894 6.46576 -19.5512 209.983 0.0425035 -0.0449451 0.998085 6.08663 -18.6478 206.994 0.162055 -0.0203638 0.986515 -1.77591 2.18929 10.7821 5.87411 50.5555 6.46576 -19.5512 209.983 0.0425035 -0.0449451 0.998085 
4025842 9.73383 -19.5272 209.97 0.0422386 -0.0473926 0.997983 10.2487 -17.3518 206.906 0.160356 0.0156814 0.986891 -1.7038 2.25278 11.6172 6.00453 49.9777 9.73383 -19.5272 209.97 0.0422386 -0.0473926 0.997983 
4113378 12.8873 -18.809 209.974 0.0400825 -0.0480474 0.998041 13.0065 -16.576 206.944 0.141078 0.0376585 0.989238 -1.64032 2.3177 12.5982 6.12806 49.2903 12.8873 -18.809 209.974 0.0400825 -0.0480474 0.998041 
4201270 15.3676 -17.1406 209.973 0.0376891 -0.0485692 0.998108 15.9855 -14.8959 207.081 0.123117 0.0583812 0.990618 -1.62567 2.35102 12.9507 6.26423 48.9982 15.3676 -17.1406 209.973 0.0376891 -0.0485692 0.998108 
4288349 17.0737 -14.7259 209.997 0.0347933 -0.0466916 0.998303 17.9273 -12.3885 207.112 0.109376 0.0750125 0.991053 -1.661 2.35102 12.8252 0.139614 48.9712 17.0737 -14.7259 209.997 0.0347933 -0.0466916 0.998303 
4375655 18.1623 -11.8779 210.002 0.0315508 -0.0434699 0.998556 19.2053 -9.53138 207.147 0.0953782 0.0907844 0.991144 -1.71759 2.3358 12.4331 0.311401 49.0807 18.1623 -11.8779 210.002 0.0315508 -0.0434699 0.998556 
4463213 18.8097 -8.91403 210 0.0289851 -0.0406767 0.998752 19.9778 -6.62829 207.183 0.0757258 0.102229 0.991759 -1.77045 2.32201 11.9823 0.481466 49.2633 18.8097 -8.91403 210 0.0289851 -0.0406767 0.998752 
4550306 19.2159 -5.79563 210.021 0.0267581 -0.0383794 0.998905 19.7241 -3.8007 207.224 0.0461738 0.0990294 0.993895 -1.81239 2.31368 11.7204 0.657563 49.3506 19.2159 -5.79563 210.021 0.0267581 -0.0383794 0.998905 
4637479 19.459 -2.34441 210.029 0.0264451 -0.036166 0.998996 19.4087 -0.769524 207.16 0.023341 0.097691 0.994813 -1.83911 2.31052 11.7061 0.84831 49.2649 19.459 -2.34441 210.029 0.0264451 -0.036166 0.998996 
4725526 19.5996 1.15424 210.002 0.0274986 -0.0337944 0.99905 18.6305 2.45681 206.992 0.00236322 0.0996136 0.994908 -1.84169 2.31483 12.1744 1.03188 48.795 19.5996 1.15424 210.002 0.0274986 -0.0337944 0.99905 
4813061 19.6143 3.96778 209.97 0.0277887 -0.0316934 0.999111 17.7586 5.55729 206.714 -0.0209154 0.0909466 0.995493 -1.8279 2.32258 12.9602 1.16776 48.0949 19.6143 3.96778 209.97 0.0277887 -0.0316934 0.999111 
4900053 19.6407 6.32682 209.958 0.0275382 -0.0303382 0.99916 16.9425 7.56019 206.901 -0.0389492 0.0691762 0.996773 -1.80176 2.33436 13.9587 1.2683 47.2742 19.6407 6.32682 209.958 0.0275382 -0.0303382 0.99916 
4987389 19.6254 8.35212 209.973 0.0264277 -0.0287222 0.999238 16.3349 9.22895 206.991 -0.0557838 0.0588409 0.996582 -1.76987 2.34671 14.9985 1.34213 46.4756 19.6254 8.35212 209.973 0.0264277 -0.0287222 0.999238 
5075584 19.4171 10.6228 209.979 0.0252953 -0.0275417 0.999301 15.8404 10.9924 207.305 -0.0723568 0.0506922 0.995975 -1.7288 2.36424 16.159 1.41711 45.6025 19.4171 10.6228 209.979 0.0252953 -0.0275417 0.999301 
5163200 18.063 13.6893 209.984 0.0234395 -0.0262266 0.999381 14.7829 13.4494 207.389 -0.0879793 0.0400901 0.995286 -1.70064 2.37458 17.1258 1.54609 44.8421 18.063 13.6893 209.984 0.0234395 -0.0262266 0.999381 
5249883 15.8074 16.028 210.006 0.02225 -0.0257719 0.99942 12.6861 15.7313 207.379 -0.100229 0.025179 0.994522 -1.71357 2.3651 17.3496 1.69576 44.6056 15.8074 16.028 210.006 0.02225 -0.0257719 0.99942 
5337163 13.2523 17.4495 210.009 0.0208719 -0.0269644 0.999418 10.5156 17.022 207.385 -0.105649 0.00886749 0.994315 -1.75264 2.34327 17.1528 1.84543 44.6246 13.2523 17.4495 210.009 0.0208719 -0.0269644 0.999418 
5425521 10.2447 18.3949 210.013 0.0201666 -0.0285092 0.99939 7.85595 17.7767 207.519 -0.106936 -0.00907333 0.99409 -1.80119 2.31713 16.6956 2.01003 44.8437 10.2447 18.3949 210.013 0.0201666 -0.0285092 0.99939 
5512666 7.19845 18.944 210.015 0.0202158 -0.0291529 0.999371 5.50008 18.0591 207.545 -0.105512 -0.0248401 0.994031 -1.84112 2.29472 16.2368 2.1709 45.1104 7.19845 18.944 210.015 0.0202158 -0.0291529 0.999371 
5600099 3.97669 19.289 210.018 0.0198146 -0.0286822 0.999392 2.66248 17.9046 207.475 -0.100922 -0.0413719 0.993949 -1.86783 2.27461 15.9034 2.33666 45.3215 3.97669 19.289 210.018 0.0198146 -0.0286822 0.999392 
5687060 0.492795 19.4983 210.021 0.01947 -0.0271867 0.999441 -0.192943 17.6489 207.52 -0.0943897 -0.0587806 0.99374 -1.87645 2.26053 15.8637 2.51132 45.3374 0.492795 19.4983 210.021 0.01947 -0.0271867 0.999441 
5775345 -3.04164 19.5993 210.002 0.0185362 -0.024043 0.999539 -3.19782 17.2649 207.456 -0.0840548 -0.0745173 0.993572 -1.86065 2.25651 16.1622 2.67679 45.112 -3.04164 19.5993 210.002 0.0185362 -0.024043 0.999539 
5862631 -6.39742 19.6259 209.994 0.0172063 -0.0214318 0.999622 -6.32618 17.0781 207.277 -0.0723486 -0.0875805 0.993454 -1.82187 2.26456 16.8908 2.81583 44.5897 -6.39742 19.6259 209.994 0.0172063 -0.0214318 0.999622 
5950053 -9.43293 19.6614 209.973 0.0162833 -0.0202947 0.999661 -9.37304 16.2666 207.237 -0.0699848 -0.105218 0.991957 -1.76097 2.28667 17.9878 2.91522 43.8007 -9.43293 19.6614 209.973 0.0162833 -0.0202947 0.999661 
6036998 -12.3886 19.6335 209.976 0.0148878 -0.0188864 0.999711 -12.2164 15.6809 207.525 -0.0648127 -0.122643 0.990299 -1.67048 2.32833 19.2356 2.97584 43.0149 -12.3886 19.6335 209.976 0.0148878 -0.0188864 0.999711 
6125388 -15.1172 18.7432 209.975 0.014337 -0.0185225 0.999726 -15.0576 15.241 207.691 -0.0597933 -0.131994 0.989332 -1.60527 2.35907 19.9912 3.04823 42.5498 -15.1172 18.7432 209.975 0.014337 -0.0185225 0.999726 
6212587 -16.9491 16.8814 209.994 0.0151456 -0.0190346 0.999704 -17.0642 14.0989 207.742 -0.049371 -0.139066 0.988984 -1.61733 2.34815 19.8817 3.16228 42.6275 -16.9491 16.8814 209.994 0.0151456 -0.0190346 0.999704 
6300359 -18.0615 14.5138 210.018 0.0160748 -0.0199529 0.999672 -18.2388 11.6123 207.923 -0.0337017 -0.146314 0.988575 -1.67278 2.31253 19.2229 3.30017 43.0594 -18.0615 14.5138 210.018 0.0160748 -0.0199529 0.999672 
6386881 -18.779 11.6185 210.022 0.0171053 -0.0208225 0.999637 -18.9025 9.01128 207.994 -0.025246 -0.153988 0.987653 -1.74287 2.26829 18.21 3.45903 43.7277 -18.779 11.6185 210.022 0.0171053 -0.0208225 0.999637 
6474269 -19.2175 8.73377 210.007 0.0165577 -0.0212828 0.999636 -18.9418 6.45948 207.823 -0.0120849 -0.156199 0.987538 -1.79487 2.2341 17.1766 3.60553 44.4786 -19.2175 8.73377 210.007 0.0165577 -0.0212828 0.999636 
6562441 -19.5004 5.35952 210.002 0.0157123 -0.022551 0.999622 -18.6787 3.85788 207.644 0.00455302 -0.153426 0.98801 -1.83681 2.20337 16.1399 3.77215 45.2961 -19.5004 5.35952 210.002 0.0157123 -0.022551 0.999622 
6650375 -19.644 2.04983 210.009 0.0147178 -0.0227452 0.999633 -18.42 1.02636 207.58 0.0215669 -0.149681 0.988457 -1.85634 2.18556 15.397 3.93647 45.9407 -19.644 2.04983 210.009 0.0147178 -0.0227452 0.999633 
6736887 -19.7467 -1.44926 209.993 0.0138603 -0.0217578 0.999667 -18.1785 -1.9404 207.521 0.0403139 -0.143393 0.988709 -1.85117 2.18354 15.097 4.10826 46.2296 -19.7467 -1.44926 209.993 0.0138603 -0.0217578 0.999667 
6824158 -19.7432 -4.77511 209.993 0.0120216 -0.0196635 0.999734 -17.6146 -4.92747 207.57 0.0605465 -0.135046 0.9889 -1.82331 2.19733 15.1954 4.26281 46.2312 -19.7432 -4.77511 209.993 0.0120216 -0.0196635 0.999734 
6912549 -19.7277 -8.32143 209.989 0.00841752 -0.0178468 0.999805 -17.1549 -7.83596 207.507 0.0799591 -0.123272 0.98903 -1.76355 2.23181 15.7812 4.40443 45.893 -19.7277 -8.32143 209.989 0.00841752 -0.0178468 0.999805 
6999494 -19.7067 -11.5078 209.978 0.00614732 -0.0170244 0.999836 -16.2465 -10.9722 207.448 0.0988774 -0.111504 0.988678 -1.67737 2.28294 16.848 4.49521 45.2247 -19.7067 -11.5078 209.978 0.00614732 -0.0170244 0.999836 
7086768 -19.2468 -14.5357 209.983 0.00547185 -0.016459 0.99985 -15.9502 -13.9563 207.618 0.112026 -0.102852 0.988339 -1.58315 2.34039 17.9338 4.55985 44.5786 -19.2468 -14.5357 209.983 0.00547185 -0.016459 0.99985 
7174136 -17.805 -16.4729 209.99 0.00576267 -0.0148853 0.999873 -15.1555 -16.3899 207.657 0.120049 -0.0941447 0.988183 -1.57252 2.34959 18.045 4.65465 44.5198 -17.805 -16.4729 209.99 0.00576267 -0.0148853 0.999873 
7262081 -15.5328 -17.804 210.006 0.00732589 -0.0125308 0.999895 -13.2498 -18.0867 207.666 0.129453 -0.0819096 0.98806 -1.62049 2.32402 17.5433 4.79168 44.8262 -15.5328 -17.804 210.006 0.00732589 -0.0125308 0.999895 
7349361 -12.9477 -18.5651 210.026 0.00845448 -0.00984578 0.999916 -10.4474 -19.2369 207.878 0.13935 -0.0689497 0.987794 -1.68944 2.28667 16.6765 4.94077 45.3771 -12.9477 -18.5651 210.026 0.00845448 -0.00984578 0.999916 
7436595 -9.89703 -19.0979 210.028 0.00928582 -0.00839673 0.999922 -7.81364 -19.5121 207.734 0.143896 -0.054582 0.988053 -1.75522 2.25134 15.5669 5.10336 46.1454 -9.89703 -19.0979 210.028 0.00928582 -0.00839673 0.999922 
7524393 -6.80667 -19.3932 210.022 0.00943094 -0.00752587 0.999927 -5.021 -19.4871 207.576 0.143726 -0.0366135 0.988905 -1.80349 2.22721 14.5461 5.26337 46.9011 -6.80667 -19.3932 210.022 0.00943094 -0.00752587 0.999927 
7612144 -3.38483 -19.5932 210.017 0.0096396 -0.00721371 0.999928 -2.09377 -19.3461 207.528 0.141353 -0.018991 0.98967 -1.83422 2.21256 13.7508 5.44091 47.5218 -3.38483 -19.5932 210.017 0.0096396 -0.00721371 0.999928 
7699650 -0.0825024 -19.6754 210.01 0.00999882 -0.0069799 0.999926 1.05743 -19.1118 207.363 0.138871 9.47703e-005 0.990284 -1.84284 2.2094 13.4222 5.61126 47.7885 -0.0825024 -19.6754 210.01 0.00999882 -0.0069799 0.999926 
7786603 3.46185 -19.6967 209.992 0.0105402 -0.00795034 0.999913 4.21549 -18.6735 207.311 0.136041 0.0214929 0.990366 -1.82618 2.21945 13.5428 5.78477 47.7123 3.46185 -19.6967 209.992 0.0105402 -0.00795034 0.999913 
7874751 6.84719 -19.6898 209.978 0.0117339 -0.00991471 0.999882 7.30358 -17.7984 207.138 0.129071 0.0437907 0.990602 -1.78309 2.24358 14.1445 5.93099 47.2948 6.84719 -19.6898 209.978 0.0117339 -0.00991471 0.999882 
7961992 9.88242 -19.6738 209.963 0.0124012 -0.0113842 0.999858 10.3211 -16.9235 207.079 0.117831 0.0664962 0.990759 -1.71903 2.28179 15.1636 6.03671 46.5852 9.88242 -19.6738 209.963 0.0124012 -0.0113842 0.999858 
8049307 12.4263 -19.5992 209.962 0.0123357 -0.012055 0.999851 12.874 -16.2102 207.256 0.108603 0.0835564 0.99052 -1.64348 2.3289 16.3114 6.09818 45.8311 12.4263 -19.5992 209.962 0.0123357 -0.012055 0.999851 
8136452 15.0988 -18.6017 209.972 0.0106021 -0.0122659 0.999869 15.6619 -15.6794 207.433 0.0978662 0.0959968 0.990517 -1.59004 2.36625 17.1131 6.18666 45.3025 15.0988 -18.6017 209.972 0.0106021 -0.0122659 0.999869 
8223711 16.9149 -16.6547 209.998 0.00823915 -0.011745 0.999897 17.8072 -13.8985 207.481 0.0854004 0.106502 0.990575 -1.60814 2.36223 17.0702 0.0290143 45.2977 16.9149 -16.6547 209.998 0.00823915 -0.011745 0.999897 
8311519 18.0175 -14.2539 210.008 0.00577152 -0.0105971 0.999927 19.3044 -11.7828 207.532 0.0709862 0.117755 0.990397 -1.66416 2.33551 16.54 0.172937 45.5755 18.0175 -14.2539 210.008 0.00577152 -0.0105971 0.999927 
8399154 18.7426 -11.3053 210.02 0.00318091 -0.008468 0.999959 20.0433 -8.95569 207.575 0.0548293 0.125369 0.99056 -1.73339 2.2996 15.7145 0.338405 46.0566 18.7426 -11.3053 210.02 0.00318091 -0.008468 0.999959 
8486257 19.2009 -8.10091 210.028 0.00198011 -0.00728856 0.999971 20.0341 -6.17921 207.514 0.0348315 0.127048 0.991136 -1.78998 2.27145 14.8017 0.508182 46.6741 19.2009 -8.10091 210.028 0.00198011 -0.00728856 0.999971 
8573505 19.4474 -4.94424 210.025 0.00125273 -0.00664468 0.999977 19.7894 -3.36407 207.342 0.0160155 0.12457 0.992028 -1.8279 2.25335 14.1254 0.673937 47.1488 19.4474 -4.94424 210.025 0.00125273 -0.00664468 0.999977 
8661008 19.4507 -1.47578 210.038 -0.00092742 -0.00324416 0.999994 19.439 -0.436097 207.285 -0.00317021 0.122329 0.992431 -1.85519 2.23439 13.8032 0.853481 47.3694 19.4507 -1.47578 210.038 -0.00092742 -0.00324416 0.999994 
8748920 19.7112 1.82121 209.997 0.00284069 -0.00550539 0.999981 18.9942 2.61701 207.229 -0.0240827 0.118756 0.992516 -1.84054 2.24646 13.8794 1.01924 47.3027 19.7112 1.82121 209.997 0.00284069 -0.00550539 0.999981 
8836278 19.7058 5.36798 209.982 0.00501183 -0.00457694 0.999977 17.8834 5.92973 207.178 -0.0451507 0.112009 0.992547 -1.81067 2.26082 14.4413 1.18154 46.8805 19.7058 5.36798 209.982 0.00501183 -0.00457694 0.999977 
8923383 19.6928 8.29532 209.977 0.00662824 -0.00379712 0.999971 16.7727 9.03854 207.022 -0.0666111 0.102942 0.992386 -1.76327 2.28524 15.3573 1.29473 46.2185 19.6928 8.29532 209.977 0.00662824 -0.00379712 0.999971 
9010528 19.6812 10.7365 209.963 0.00621159 -0.00296765 0.999976 15.9751 11.6135 207.209 -0.0858997 0.0916505 0.992 -1.70438 2.31511 16.486 1.36569 45.4104 19.6812 10.7365 209.963 0.00621159 -0.00296765 0.999976 
9098797 19.0984 13.7602 209.974 0.00563181 -0.00158514 0.999983 15.5758 14.0286 207.398 -0.100139 0.0850619 0.991211 -1.62969 2.35447 17.6338 1.44555 44.6659 19.0984 13.7602 209.974 0.00563181 -0.00158514 0.999983 
9186134 17.5512 15.9876 209.985 0.00421658 -0.00126724 0.99999 14.3794 16.7022 207.477 -0.112577 0.0752864 0.99071 -1.61561 2.36079 17.9211 1.5504 44.4643 17.5512 15.9876 209.985 0.00421658 -0.00126724 0.99999 
9273353 15.2262 17.52 210.006 0.00118081 -0.00248741 0.999996 12.3554 18.1952 207.476 -0.121514 0.0610885 0.990623 -1.65554 2.33637 17.6338 1.68973 44.5976 15.2262 17.52 210.006 0.00118081 -0.00248741 0.999996 
9360849 12.6102 18.4095 210.027 -0.000568867 -0.00413622 0.999991 10.0943 18.938 207.717 -0.129503 0.0443153 0.990456 -1.71529 2.30219 16.9178 1.83825 45.0342 12.6102 18.4095 210.027 -0.000568867 -0.00413622 0.999991 
9448706 9.54332 18.9871 210.029 -0.00134049 -0.00594945 0.999981 7.46343 19.205 207.637 -0.134654 0.0303225 0.99032 -1.77591 2.27001 15.9971 2.00199 45.639 9.54332 18.9871 210.029 -0.00134049 -0.00594945 0.999981 
9535926 6.48503 19.3162 210.021 -5.48097e-005 -0.00635868 0.99998 4.77155 19.0613 207.559 -0.133732 0.0124987 0.99092 -1.819 2.24962 15.1128 2.162 46.2788 6.48503 19.3162 210.021 -5.48097e-005 -0.00635868 0.99998 
9623175 3.12335 19.53 210.018 0.00182188 -0.00689031 0.999975 1.93538 18.7164 207.488 -0.129538 -0.00755833 0.991404 -1.84686 2.23813 14.5334 2.33896 46.7058 3.12335 19.53 210.018 0.00182188 -0.00689031 0.999975 
9710458 -0.151537 19.6479 210.017 0.00315105 -0.0063583 0.999975 -1.02822 18.1519 207.424 -0.123884 -0.0278771 0.991754 -1.85261 2.23583 14.3889 2.50759 46.817 -0.151537 19.6479 210.017 0.00315105 -0.0063583 0.999975 
9798648 -3.69186 19.6891 210.004 0.00354032 -0.0038782 0.999986 -4.22516 17.7093 207.363 -0.11702 -0.0490677 0.991863 -1.83394 2.24387 14.6398 2.67765 46.6407 -3.69186 19.6891 210.004 0.00354032 -0.0038782 0.999986 
9886144 -7.0212 19.695 209.987 0.00331995 -0.00179163 0.999993 -7.558 17.1282 207.195 -0.107811 -0.0674779 0.991764 -1.79113 2.26427 15.4192 2.81755 46.0677 -7.0212 19.695 209.987 0.00331995 -0.00179163 0.999993 
9973081 -9.91603 19.6829 209.978 0.00271896 -0.000134037 0.999996 -10.2375 16.4573 207.249 -0.0966785 -0.0884786 0.991328 -1.72994 2.29529 16.4686 2.9135 45.339 -9.91603 19.6829 209.978 0.00271896 -0.000134037 0.999996 
10060825 -12.5983 19.5394 209.98 0.00220898 -0.000137293 0.999998 -12.7851 15.9685 207.411 -0.0873348 -0.10495 0.990576 -1.65296 2.33637 17.6798 2.97555 44.5389 -12.5983 19.5394 209.98 0.00220898 -0.000137293 0.999998 
10148503 -15.3615 18.3184 209.987 0.00217058 -0.000622694 0.999997 -15.5416 15.2201 207.581 -0.0797801 -0.117253 0.989761 -1.60527 2.36194 18.345 3.07092 44.1071 -15.3615 18.3184 209.987 0.00217058 -0.000622694 0.999997 
10235934 -17.0345 16.3796 210.005 0.00314048 -0.00205336 0.999993 -17.4601 13.5417 207.641 -0.0674281 -0.126784 0.989562 -1.6271 2.34873 18.2005 3.19072 44.1769 -17.0345 16.3796 210.005 0.00314048 -0.00205336 0.999993 
10323010 -18.1461 13.7935 210.008 0.00510333 -0.00361216 0.99998 -18.6413 10.8559 207.826 -0.0512964 -0.1366 0.989201 -1.68657 2.31454 17.5687 3.34211 44.5325 -18.1461 13.7935 210.008 0.00510333 -0.00361216 0.99998 
10410220 -18.8297 10.9431 210.008 0.0059502 -0.00558015 0.999967 -19.0057 8.35868 207.775 -0.0390485 -0.144059 0.988716 -1.74862 2.27748 16.6686 3.4958 45.1136 -18.8297 10.9431 210.008 0.0059502 -0.00558015 0.999967 
10497581 -19.2605 7.91457 210.014 0.00545328 -0.00678229 0.999962 -19.0675 5.81392 207.714 -0.0233262 -0.146779 0.988824 -1.79803 2.24732 15.6796 3.65064 45.8422 -19.2605 7.91457 210.014 0.00545328 -0.00678229 0.999962 
10586207 -19.5388 4.52579 210.011 0.0053095 -0.00889468 0.999946 -18.926 2.89242 207.544 -0.0059722 -0.145481 0.989196 -1.83422 2.22233 14.8763 3.82156 46.4582 -19.5388 4.52579 210.011 0.0053095 -0.00889468 0.999946 
10672796 -19.6891 1.06577 210.022 0.00475399 -0.0101549 0.999937 -18.5645 -0.0335614 207.483 0.0118735 -0.143702 0.989429 -1.84859 2.20969 14.4001 3.99594 46.8693 -19.6891 1.06577 210.022 0.00475399 -0.0101549 0.999937 
10760084 -19.7324 -2.22225 210.002 0.00381412 -0.00991352 0.999944 -18.2325 -3.08782 207.538 0.0329134 -0.139882 0.989582 -1.84054 2.21227 14.3429 4.15824 46.9313 -19.7324 -2.22225 210.002 0.00381412 -0.00991352 0.999944 
10847425 -19.6918 -5.84013 209.975 0.00220437 -0.012872 0.999915 -17.5696 -5.96092 207.473 0.054481 -0.132161 0.989647 -1.80578 2.22319 14.7207 4.31768 46.6884 -19.6918 -5.84013 209.975 0.00220437 -0.012872 0.999915 
10935549 -19.7173 -8.87984 209.982 -0.00185725 -0.00678633 0.999975 -16.9039 -8.74745 207.295 0.0757054 -0.121998 0.989544 -1.74833 2.26886 15.5907 4.43919 46.0899 -19.7173 -8.87984 209.982 -0.00185725 -0.00678633 0.999975 
11022780 -19.708 -11.6278 209.974 -0.00336171 -0.00608659 0.999976 -16.0146 -11.437 207.34 0.0973099 -0.110016 0.989033 -1.6722 2.31425 16.7591 4.51274 45.3088 -19.708 -11.6278 209.974 -0.00336171 -0.00608659 0.999976 
11109971 -19.0097 -14.4957 209.968 -0.00357032 -0.0057831 0.999977 -15.7139 -14.1012 207.502 0.110354 -0.0997735 0.988784 -1.59981 2.35763 17.7465 4.58886 44.6722 -19.0097 -14.4957 209.968 -0.00357032 -0.0057831 0.999977 
11197402 -17.2201 -16.6005 209.983 -5.84343e-005 -0.00675733 0.999977 -14.491 -16.5573 207.647 0.120476 -0.0888883 0.98868 -1.59952 2.35332 17.8576 4.70176 44.5849 -17.2201 -16.6005 209.983 -5.84343e-005 -0.00675733 0.999977 
11285466 -15.0105 -17.7994 210.001 -0.0007988 -0.00275327 0.999996 -12.3633 -18.1528 207.651 0.130132 -0.0758014 0.988537 -1.6475 2.3335 17.4147 4.83764 44.8294 -15.0105 -17.7994 210.001 -0.0007988 -0.00275327 0.999996 
11372744 -12.1774 -18.621 210.016 0.000724852 -0.000598994 1 -9.57127 -19.3209 207.866 0.141144 -0.0609053 0.987973 -1.71616 2.29587 16.559 4.99822 45.3533 -12.1774 -18.621 210.016 0.000724852 -0.000598994 1 
11459879 -9.21176 -19.1002 210.024 0.00184543 0.000648964 0.999998 -6.7166 -19.4936 207.718 0.146063 -0.0458117 0.98809 -1.77476 2.26427 15.6065 5.15507 46.0042 -9.21176 -19.1002 210.024 0.00184543 0.000648964 0.999998 
11547138 -6.09966 -19.3959 210.027 0.00220451 0.000747629 0.999997 -3.93644 -19.4718 207.563 0.147235 -0.0274959 0.988675 -1.81756 2.24157 14.7112 5.31594 46.6709 -6.09966 -19.3959 210.027 0.00220451 0.000747629 0.999997 
11635355 -2.68668 -19.5968 210.016 0.00247047 0.00113624 0.999996 -1.0153 -19.1258 207.399 0.145611 -0.00817493 0.989273 -1.84313 2.22807 14.1492 5.4929 47.0884 -2.68668 -19.5968 210.016 0.00247047 0.00113624 0.999996 
11722624 0.79391 -19.5187 210.033 0.00511817 0.00320802 0.999982 2.13712 -18.9084 207.351 0.143146 0.0129779 0.989477 -1.85519 2.21601 14.0206 5.66986 47.1932 0.79391 -19.5187 210.033 0.00511817 0.00320802 0.999982 
11809817 4.13423 -19.7368 209.991 0.0030173 -0.00161373 0.999994 5.42703 -18.3769 207.294 0.13826 0.0362306 0.989668 -1.82302 2.23669 14.2683 5.82729 47.0265 4.13423 -19.7368 209.991 0.0030173 -0.00161373 0.999994 
11897254 7.48239 -19.7499 209.966 0.00433666 -0.00367752 0.999984 8.3055 -17.2786 207.121 0.130069 0.05878 0.98967 -1.77476 2.26053 15.043 5.96374 46.4693 7.48239 -19.7499 209.966 0.00433666 -0.00367752 0.999984 
11985223 10.4136 -19.7333 209.967 0.00549266 -0.00510498 0.999972 11.3119 -16.2942 207.175 0.120293 0.0819484 0.989312 -1.70754 2.29673 16.1098 6.05624 45.7565 10.4136 -19.7333 209.967 0.00549266 -0.00510498 0.999972 
12072595 13.1699 -19.5037 209.96 0.00554823 -0.00473841 0.999973 13.849 -15.7993 207.361 0.11252 0.0984978 0.988699 -1.62681 2.34327 17.3417 6.11915 44.9374 13.1699 -19.5037 209.96 0.00554823 -0.00473841 0.999973 
12159814 15.6897 -18.1881 209.97 0.00456097 -0.00527217 0.999976 16.6298 -14.946 207.423 0.102766 0.112019 0.988295 -1.59119 2.36711 17.8275 6.21711 44.6294 15.6897 -18.1881 209.97 0.00456097 -0.00527217 0.999976 
12247002 17.2187 -16.195 209.997 0.00207624 -0.00454203 0.999988 18.4436 -13.0602 207.475 0.0900644 0.12362 0.988089 -1.62136 2.3539 17.6401 0.0586032 44.7167 17.2187 -16.195 209.997 0.00207624 -0.00454203 0.999988 
12335107 18.2487 -13.5481 210.017 -0.000816049 -0.00358963 0.999993 19.7325 -10.6076 207.633 0.0745541 0.135128 0.98792 -1.68628 2.32057 16.9686 0.215166 45.0961 18.2487 -13.5481 210.017 -0.000816049 -0.00358963 0.999993 
12422522 18.8542 -10.6828 210.022 -0.00232925 -0.00290329 0.999993 20.2707 -7.77617 207.567 0.0558291 0.142281 0.988123 -1.75034 2.28725 16.0431 0.372016 45.6898 18.8542 -10.6828 210.022 -0.00232925 -0.00290329 0.999993 
12509683 19.2611 -7.44663 210.03 -0.00363871 -0.00187794 0.999992 20.1533 -4.99635 207.505 0.0354657 0.143724 0.988953 -1.80377 2.2591 15.1478 0.541218 46.3105 19.2611 -7.44663 210.03 -0.00363871 -0.00187794 0.999992 
12596848 19.5048 -4.23922 210.023 -0.00343868 -0.00131726 0.999993 19.8083 -2.19035 207.337 0.0154372 0.142352 0.989593 -1.83623 2.241 14.4588 0.706973 46.8201 19.5048 -4.23922 210.023 -0.00343868 -0.00131726 0.999993 
12684969 19.6578 -0.764964 210.016 -0.00309659 -0.000806202 0.999995 19.3667 0.73743 207.281 -0.00594428 0.140256 0.99002 -1.84916 2.23238 14.1588 0.885081 47.0471 19.6578 -0.764964 210.016 -0.00309659 -0.000806202 0.999995 
12772706 19.6915 2.5462 210.005 -0.00204668 -0.000721111 0.999998 18.8319 3.91212 207.223 -0.0290621 0.135732 0.990274 -1.84026 2.23554 14.2762 1.04854 46.9614 19.6915 2.5462 210.005 -0.00204668 -0.000721111 0.999998 
12859503 19.6881 6.07597 209.99 0.000565379 -2.44558e-005 1 17.6278 7.01057 207.178 -0.0523371 0.128151 0.990226 -1.80349 2.25278 14.8493 1.20481 46.5534 19.6881 6.07597 209.99 0.000565379 -2.44558e-005 1 
12947078 19.6832 9.03635 209.979 0.00205916 0.000633169 0.999998 16.4281 10.2285 207.023 -0.076116 0.119469 0.989841 -1.74862 2.28093 15.8145 1.31254 45.8692 19.6832 9.03635 209.979 0.00205916 0.000633169 0.999998 
13033947 19.6583 11.685 209.98 0.00231118 0.000921256 0.999997 15.7624 13.0061 207.208 -0.097341 0.110265 0.98907 -1.67594 2.32029 17.021 1.38091 45.0548 19.6583 11.685 209.98 0.00231118 0.000921256 0.999997 
13122192 18.8378 14.5731 209.971 0.00154763 0.00164157 0.999997 15.2527 15.6569 207.392 -0.111469 0.102457 0.988427 -1.60929 2.35648 17.9656 1.46192 44.4341 18.8378 14.5731 209.971 0.00154763 0.00164157 0.999997 
13209400 17.0192 16.6047 209.993 -0.000545005 0.00142572 0.999999 13.8194 17.7874 207.373 -0.123189 0.0910897 0.988072 -1.61303 2.35246 18.0354 1.57769 44.377 17.0192 16.6047 209.993 -0.000545005 0.00142572 0.999999 
13296634 14.6753 17.8508 210.015 -0.00368758 0.000180296 0.999993 11.584 18.9671 207.491 -0.133608 0.075079 0.988163 -1.66244 2.32201 17.5751 1.71529 44.6357 14.6753 17.8508 210.015 -0.00368758 0.000180296 0.999993 
13383842 11.8216 18.6659 210.022 -0.00597812 -0.00146236 0.999981 9.23165 19.5844 207.738 -0.143903 0.0599111 0.987747 -1.72793 2.28323 16.7194 1.87358 45.1675 11.8216 18.6659 210.022 -0.00597812 -0.00146236 0.999981 
13473403 8.86913 19.1285 210.018 -0.0065599 -0.00243958 0.999976 6.4947 19.7489 207.549 -0.14992 0.0448288 0.987643 -1.78309 2.25306 15.7447 2.02813 45.8454 8.86913 19.1285 210.018 -0.0065599 -0.00243958 0.999976 
13559227 5.59182 19.4161 210.03 -0.00565304 -0.00321061 0.999979 3.70276 19.3989 207.478 -0.150481 0.0253091 0.988174 -1.82561 2.23238 14.8303 2.19848 46.5423 5.59182 19.4161 210.03 -0.00565304 -0.00321061 0.999979 
13646462 2.37105 19.5739 210.031 -0.0041836 -0.0036736 0.999985 0.766483 18.9593 207.408 -0.147644 0.00356239 0.988954 -1.84773 2.22319 14.2921 2.36711 46.9598 2.37105 19.5739 210.031 -0.0041836 -0.0036736 0.999985 
13733682 -1.08161 19.6807 210.021 -0.00199135 -0.00289095 0.999994 -2.30158 18.431 207.343 -0.142758 -0.0205295 0.989514 -1.84715 2.22664 14.1778 2.54436 47.0519 -1.08161 19.6807 210.021 -0.00199135 -0.00289095 0.999994 
13822256 -4.41864 19.705 210.004 -0.00119474 -0.000505065 0.999999 -5.48994 17.6888 207.402 -0.137032 -0.0452529 0.989465 -1.82331 2.23985 14.4826 2.70236 46.836 -4.41864 19.705 210.004 -0.00119474 -0.000505065 0.999999 
13909257 -7.85938 19.6876 209.992 -0.00160855 0.00173654 0.999997 -8.71441 16.9196 207.126 -0.127864 -0.0678124 0.989452 -1.77275 2.26599 15.3335 2.84197 46.2312 -7.85938 19.6876 209.992 -0.00160855 0.00173654 0.999997 
13996312 -10.526 19.6934 209.981 -0.00235497 0.00288284 0.999993 -11.309 16.2762 207.288 -0.113707 -0.0916489 0.989159 -1.70897 2.29989 16.3844 2.92298 45.5089 -10.526 19.6934 209.981 -0.00235497 0.00288284 0.999993 
14083678 -13.5081 19.325 209.974 -0.00302595 0.00275914 0.999992 -13.7417 15.7806 207.447 -0.104721 -0.107501 0.988644 -1.62567 2.34614 17.6068 2.99394 44.7088 -13.5081 19.325 209.974 -0.00302595 0.00275914 0.999992 
14171925 -15.8228 17.9618 209.983 -0.00273476 0.00212265 0.999994 -16.4003 14.7054 207.511 -0.0962017 -0.121035 0.987842 -1.59952 2.36137 17.9957 3.09017 44.4548 -15.8228 17.9618 209.983 -0.00273476 0.00212265 0.999994 
14259087 -17.4176 15.7492 210.003 -0.00117234 5.21801e-006 0.999999 -18.1136 12.821 207.573 -0.0821618 -0.132658 0.987665 -1.63457 2.34154 17.7354 3.2249 44.5833 -17.4176 15.7492 210.003 -0.00117234 5.21801e-006 0.999999 
14346342 -18.3471 13.2285 210.018 0.00091867 -0.00147058 0.999998 -19.0783 10.0338 207.757 -0.0654333 -0.143822 0.987325 -1.69461 2.30822 17.0559 3.37083 44.985 -18.3471 13.2285 210.018 0.00091867 -0.00147058 0.999998 
14433634 -18.9584 10.3716 210.003 0.001744 -0.00256612 0.999995 -19.3549 7.52879 207.702 -0.0506104 -0.150569 0.98716 -1.75436 2.2749 16.1193 3.52424 45.5914 -18.9584 10.3716 210.003 0.001744 -0.00256612 0.999995 
14521706 -19.3583 7.13879 209.989 0.00168635 -0.00307378 0.999994 -19.2131 4.75067 207.528 -0.0331687 -0.152689 0.987601 -1.80406 2.24761 15.1144 3.69114 46.3121 -19.3583 7.13879 209.989 0.00168635 -0.00307378 0.999994 
14609091 -19.6159 3.74298 209.983 0.000883532 -0.00382649 0.999992 -18.9813 1.72457 207.468 -0.0134988 -0.15202 0.988202 -1.83451 2.22951 14.3556 3.86494 46.8995 -19.6159 3.74298 209.983 0.000883532 -0.00382649 0.999992 
14696096 -19.751 0.476592 209.989 0.000193719 -0.00438077 0.99999 -18.7508 -1.31396 207.411 0.00630366 -0.150014 0.988529 -1.84342 2.22319 14.0397 4.03098 47.1694 -19.751 0.476592 209.989 0.000193719 -0.00438077 0.99999 
14783534 -19.7943 -2.83268 209.977 -0.00129555 -0.00406452 0.999991 -18.2183 -4.47169 207.354 0.0295256 -0.147561 0.98856 -1.83106 2.23008 14.1206 4.19329 47.1249 -19.7943 -2.83268 209.977 -0.00129555 -0.00406452 0.999991 
14871687 -19.8061 -6.35636 209.972 -0.00471867 -0.00292263 0.999985 -17.7887 -7.55081 207.297 0.0519301 -0.141438 0.988526 -1.79056 2.25536 14.6858 4.34957 46.7408 -19.8061 -6.35636 209.972 -0.00471867 -0.00292263 0.999985 
14959350 -19.7464 -9.23575 209.996 -0.00709313 0.00115544 0.999974 -17.0423 -10.4635 207.009 0.0762196 -0.130084 0.988484 -1.73885 2.29357 15.6986 4.46103 46.0264 -19.7464 -9.23575 209.996 -0.00709313 0.00115544 0.999974 
15046100 -19.6286 -11.9169 209.986 -0.00733928 -0.00107138 0.999972 -16.1678 -12.195 207.363 0.100941 -0.112385 0.988427 -1.66732 2.32977 16.8178 4.52882 45.2818 -19.6286 -11.9169 209.986 -0.00733928 -0.00107138 0.999972 
15133601 -18.664 -14.7443 209.997 -0.00645826 -0.000920746 0.999979 -15.3057 -14.7533 207.516 0.11374 -0.10214 0.988181 -1.61015 2.3628 17.7211 4.61816 44.6834 -18.664 -14.7443 209.997 -0.00645826 -0.000920746 0.999979 
15221527 -16.7593 -16.7166 210.012 -0.00489659 -8.90236e-005 0.999988 -13.6547 -16.8927 207.651 0.126193 -0.0898194 0.987775 -1.61992 2.35763 17.7608 4.73968 44.6246 -16.7593 -16.7166 210.012 -0.00489659 -8.90236e-005 0.999988 
15309111 -14.4789 -17.8423 210.028 -0.00586651 0.00370065 0.999976 -11.4348 -18.5095 207.655 0.137946 -0.0745572 0.987561 -1.67105 2.3358 17.2941 4.87958 44.8659 -14.4789 -17.8423 210.028 -0.00586651 0.00370065 0.999976 
15395962 -11.5205 -18.6887 210.026 -0.000814982 0.00393066 0.999992 -8.51242 -19.4752 207.749 0.147029 -0.0578029 0.987348 -1.73598 2.29299 16.4987 5.03959 45.3342 -11.5205 -18.6887 210.026 -0.000814982 0.00393066 0.999992 
15483278 -8.54578 -19.1449 210.023 9.48345e-005 0.00488118 0.999988 -5.75904 -19.5442 207.711 0.151107 -0.0414775 0.987572 -1.78941 2.26398 15.6018 5.19558 45.9438 -8.54578 -19.1449 210.023 9.48345e-005 0.00488118 0.999988 
15570333 -5.24293 -19.4451 210.017 0.000315252 0.00487425 0.999988 -2.97471 -19.4257 207.442 0.151805 -0.0218143 0.988135 -1.82905 2.24244 14.7731 5.36622 46.5534 -5.24293 -19.4451 210.017 0.000315252 0.00487425 0.999988 
15659104 -1.99491 -19.6227 210.04 0.00046583 0.00485595 0.999988 -0.054527 -19.1969 207.394 0.150309 -0.00164281 0.988592 -1.84801 2.23123 14.3508 5.5337 46.9011 -1.99491 -19.6227 210.04 0.00046583 0.00485595 0.999988 
15745941 1.51277 -19.7112 210.014 0.000654145 0.00376189 0.999993 3.2184 -18.7734 207.339 0.147129 0.0212261 0.98877 -1.84514 2.23037 14.308 5.70893 46.9281 1.51277 -19.7112 210.014 0.000654145 0.00376189 0.999993 
15833276 4.86492 -19.6917 209.992 0.00123902 0.0017111 0.999998 6.40799 -18.1349 207.282 0.14115 0.0450978 0.988839 -1.81986 2.241 14.6604 5.86406 46.6741 4.86492 -19.6917 209.992 0.00123902 0.0017111 0.999998 
15920363 8.3167 -19.6753 209.97 0.0028217 -0.00032854 0.999996 9.18591 -16.932 206.997 0.131744 0.06827 0.988843 -1.7647 2.26685 15.5558 5.99821 46.0391 8.3167 -19.6753 209.97 0.0028217 -0.00032854 0.999996 
16009111 10.9917 -19.6639 209.959 0.00410855 -0.000733517 0.999991 12.065 -15.9518 207.169 0.123801 0.0922637 0.987957 -1.6972 2.30133 16.6448 6.07434 45.2977 10.9917 -19.6639 209.959 0.00410855 -0.000733517 0.999991 
16095908 14.0122 -19.1916 209.967 0.00471692 -0.000729469 0.999989 14.8209 -15.5616 207.355 0.116384 0.107831 0.987238 -1.61216 2.34901 17.8132 6.1453 44.5627 14.0122 -19.1916 209.967 0.00471692 -0.000729469 0.999989 
16183223 16.1358 -17.7508 209.984 0.00360392 -0.000417988 0.999993 17.4969 -14.3759 207.413 0.106266 0.121719 0.986709 -1.59579 2.36022 18.0799 6.24325 44.3913 16.1358 -17.7508 209.984 0.00360392 -0.000417988 0.999993 
16270715 17.611 -15.4631 210.008 0.00148518 0.00211079 0.999997 19.0999 -12.3809 207.464 0.0923496 0.133824 0.98663 -1.6383 2.33609 17.7608 0.0982466 44.5516 17.611 -15.4631 210.008 0.00148518 0.00211079 0.999997 
16359190 18.4325 -12.9101 210.023 -0.00155505 0.00314627 0.999994 20.2874 -9.81556 207.622 0.0758614 0.145339 0.98635 -1.70265 2.3019 17.0417 0.246191 44.9707 18.4325 -12.9101 210.023 -0.00155505 0.00314627 0.999994 
16445680 18.9988 -9.84909 210.024 -0.00321555 0.00346222 0.999989 20.5898 -6.99078 207.56 0.0584874 0.153452 0.986395 -1.76671 2.26829 16.0304 0.41051 45.6454 18.9988 -9.84909 210.024 -0.00321555 0.00346222 0.999989 
16533213 19.3379 -6.75418 210.022 -0.0037689 0.00375293 0.999986 20.3652 -4.20763 207.388 0.0375088 0.154413 0.987243 -1.81268 2.24358 15.124 0.57052 46.3042 19.3379 -6.75418 210.022 -0.0037689 0.00375293 0.999986 
16620142 19.5564 -3.35315 210.031 -0.00387697 0.00368116 0.999986 19.9201 -1.2867 207.329 0.0165053 0.153053 0.988016 -1.84227 2.2275 14.4413 0.746329 46.8376 19.5564 -3.35315 210.031 -0.00387697 0.00368116 0.999986 
16707407 19.6648 -0.098485 210.019 -0.00361512 0.00336875 0.999988 19.4921 1.6398 207.273 -0.00633957 0.151095 0.988458 -1.84974 2.2229 14.1984 0.912946 47.0265 19.6648 -0.098485 210.019 -0.00361512 0.00336875 0.999988 
16795484 19.7 3.44304 210 -0.00162512 0.00358085 0.999992 18.7503 4.82462 207.329 -0.0310502 0.145977 0.988743 -1.83279 2.2298 14.3397 1.08387 46.9376 19.7 3.44304 210 -0.00162512 0.00358085 0.999992 
16882727 19.6873 6.78108 209.993 0.000675482 0.00374347 0.999993 17.4469 7.92743 207.173 -0.0557946 0.137803 0.988848 -1.79171 2.25105 14.97 1.22751 46.4995 19.6873 6.78108 209.993 0.000675482 0.00374347 0.999993 
16970370 19.6418 9.90317 209.969 0.000716586 0.00698456 0.999975 16.254 11.2581 207.016 -0.0801864 0.129003 0.988351 -1.72793 2.27892 16.0177 1.3315 45.766 19.6418 9.90317 209.969 0.000716586 0.00698456 0.999975 
17057281 19.5786 12.4882 209.969 0.00251868 0.00514661 0.999984 15.5792 13.931 207.203 -0.100563 0.11906 0.987707 -1.65008 2.32833 17.1814 1.39326 45.004 19.5786 12.4882 209.969 0.00251868 0.00514661 0.999984 
17145545 18.4466 15.2879 209.973 0.00187451 0.00491918 0.999986 14.8473 16.5851 207.278 -0.114939 0.110889 0.987074 -1.59694 2.35907 17.9195 1.48576 44.5262 18.4466 15.2879 209.973 0.00187451 0.00491918 0.999986 
17232697 16.5719 16.986 209.998 -7.82253e-005 0.0037944 0.999993 13.2002 18.5093 207.376 -0.127769 0.0981931 0.986882 -1.61504 2.34873 17.837 1.6024 44.5595 16.5719 16.986 209.998 -7.82253e-005 0.0037944 0.999993 
17320046 14.1496 18.0801 210.017 -0.00262708 0.00249636 0.999993 10.9741 19.4737 207.5 -0.139421 0.0813357 0.986762 -1.67077 2.3154 17.2385 1.74402 44.9136 14.1496 18.0801 210.017 -0.00262708 0.00249636 0.999993 
17407111 11.2004 18.8107 210.021 -0.00506561 0.000913064 0.999987 8.50185 20.0877 207.635 -0.148977 0.0664094 0.986576 -1.7377 2.27662 16.3241 1.90489 45.493 11.2004 18.8107 210.021 -0.00506561 0.000913064 0.999987 
17495367 8.00632 19.26 210.02 -0.00664629 0.000319799 0.999978 5.64467 19.9436 207.564 -0.154284 0.0488838 0.986758 -1.79257 2.24502 15.3129 2.06979 46.2137 8.00632 19.26 210.02 -0.00664629 0.000319799 0.999978 
17582634 4.87027 19.4968 210.019 -0.00649564 -0.000181068 0.999979 2.96668 19.4876 207.492 -0.155217 0.0286381 0.987431 -1.82877 2.22664 14.5016 2.23209 46.8297 4.87027 19.4968 210.019 -0.00649564 -0.000181068 0.999979 
17670403 1.67393 19.6493 210.044 -0.00481303 -0.000452103 0.999988 -0.0686004 19.0581 207.425 -0.153735 0.00592394 0.988003 -1.84543 2.22146 14.046 2.39957 47.2122 1.67393 19.6493 210.044 -0.00481303 -0.000452103 0.999988 
17758090 -1.75665 19.7392 210.03 -0.00210814 0.000637943 0.999998 -3.12178 18.5388 207.363 -0.150449 -0.0191329 0.988358 -1.83997 2.2298 14.0127 2.57509 47.2392 -1.75665 19.7392 210.03 -0.00210814 0.000637943 0.999998 
17845266 -5.1015 19.7383 209.995 -0.000834111 0.00305288 0.999995 -6.42415 17.8057 207.311 -0.144611 -0.0449559 0.98833 -1.8121 2.24761 14.4254 2.73166 46.9186 -5.1015 19.7383 209.995 -0.000834111 0.00305288 0.999995 
17932630 -8.39347 19.725 209.972 -0.000979915 0.00604369 0.999981 -9.66209 16.9398 207.036 -0.134116 -0.0691132 0.988456 -1.7581 2.27806 15.3097 2.86064 46.2867 -8.39347 19.725 209.972 -0.000979915 0.00604369 0.999981 
18020122 -10.8824 19.7023 209.964 -0.00136277 0.00664491 0.999977 -12.0461 16.1757 207.195 -0.118727 -0.0922225 0.9885 -1.69662 2.31195 16.3765 2.93332 45.547 -10.8824 19.7023 209.964 -0.00136277 0.00664491 0.999977 
18107158 -13.9139 19.121 209.969 -0.00178831 0.00664911 0.999976 -14.4958 15.5732 207.354 -0.108035 -0.108578 0.988096 -1.61963 2.35591 17.5258 3.0129 44.8008 -13.9139 19.121 209.969 -0.00178831 0.00664911 0.999976 
18195913 -16.0883 17.5668 209.975 -0.00150903 0.00604944 0.999981 -16.9649 14.3935 207.525 -0.0958555 -0.122872 0.987753 -1.60757 2.36366 17.764 3.11832 44.631 -16.0883 17.5668 209.975 -0.00150903 0.00604944 0.999981 
18282441 -17.5916 15.2428 209.998 0.000286174 0.00382113 0.999993 -18.4674 12.0662 207.595 -0.0809688 -0.135116 0.987457 -1.64893 2.34097 17.4608 3.2588 44.7754 -17.5916 15.2428 209.998 0.000286174 0.00382113 0.999993 
18370187 -18.4617 12.6162 210.01 0.0023046 0.00189822 0.999996 -19.2213 9.27908 207.777 -0.0629001 -0.146539 0.987106 -1.7107 2.3065 16.7607 3.40875 45.1803 -18.4617 12.6162 210.01 0.0023046 0.00189822 0.999996 
18456857 -19.0587 9.52928 210.007 0.00319204 0.000321768 0.999995 -19.5037 6.7707 207.72 -0.0474618 -0.152923 0.987048 -1.77074 2.27289 15.8193 3.5725 45.801 -19.0587 9.52928 210.007 0.00319204 0.000321768 0.999995 
18545101 -19.4166 6.46544 209.996 0.00284977 0.000117688 0.999996 -19.1556 3.88113 207.548 -0.0283153 -0.155307 0.987352 -1.81239 2.25048 14.9477 3.73078 46.4328 -19.4166 6.46544 209.996 0.00284977 0.000117688 0.999996 
18632324 -19.6606 3.09692 209.991 0.00198467 0.000442614 0.999998 -18.8191 0.850549 207.486 -0.0079094 -0.154279 0.987936 -1.83796 2.23726 14.308 3.90487 46.9249 -19.6606 3.09692 209.991 0.00198467 0.000442614 0.999998 
18720015 -19.8092 -0.158161 209.983 0.000701966 0.000540281 1 -18.3857 -2.18777 207.428 0.0140861 -0.152543 0.988119 -1.84141 2.23497 14.1206 4.06976 47.0789 -19.8092 -0.158161 209.983 0.000701966 0.000540281 1 
18806818 -19.8572 -3.6818 209.966 -0.00209925 0.000150836 0.999998 -17.7497 -5.3636 207.37 0.0381809 -0.148268 0.988103 -1.82187 2.24416 14.3127 4.23753 46.9551 -19.8572 -3.6818 209.966 -0.00209925 0.000150836 0.999998 
18895161 -19.8478 -6.99979 209.952 -0.00550079 0.000796213 0.999985 -17.1144 -8.12598 207.193 0.062675 -0.140702 0.988014 -1.77907 2.26973 14.9843 4.37887 46.4804 -19.8478 -6.99979 209.952 -0.00550079 0.000796213 0.999985 
18982216 -19.8424 -9.90284 209.948 -0.00799054 0.00184397 0.999966 -16.0305 -10.8381 207.23 0.0873605 -0.126542 0.98803 -1.7173 2.30736 16.0669 4.47711 45.7279 -19.8424 -9.90284 209.948 -0.00799054 0.00184397 0.999966 
19069476 -19.6707 -12.4979 209.956 -0.00896264 0.00253089 0.999957 -15.4475 -13.1931 207.382 0.10641 -0.113921 0.987659 -1.6452 2.35045 17.2401 4.54089 44.9516 -19.6707 -12.4979 209.956 -0.00896264 0.00253089 0.999957 
19156731 -18.3563 -15.3527 209.967 -0.00672786 0.000992983 0.999977 -14.5993 -15.8833 207.536 0.120575 -0.101491 0.987474 -1.60039 2.37171 17.9529 4.64172 44.4738 -18.3563 -15.3527 209.967 -0.00672786 0.000992983 0.999977 
19245440 -16.4803 -16.9566 209.99 -0.00915596 0.0053422 0.999944 -12.7243 -18.0421 207.557 0.132802 -0.0875787 0.987159 -1.62394 2.36855 17.864 4.76467 44.4897 -16.4803 -16.9566 209.99 -0.00915596 0.0053422 0.999944 
19332093 -13.8659 -18.0929 210.003 -0.00795705 0.00748733 0.99994 -9.93714 -19.5542 207.663 0.143826 -0.0719429 0.986946 -1.68542 2.3358 17.2814 4.92009 44.7929 -13.8659 -18.0929 210.003 -0.00795705 0.00748733 0.99994 
19419232 -11.0418 -18.7796 210.002 -0.00707371 0.00862818 0.999938 -7.11183 -20.2981 207.64 0.151445 -0.0551709 0.986874 -1.74776 2.30247 16.4432 5.07579 45.3041 -11.0418 -18.7796 210.002 -0.00707371 0.00862818 0.999938 
19506495 -7.77351 -19.2246 210.018 -0.00548495 0.00932797 0.999941 -4.1312 -20.3979 207.487 0.154943 -0.0360299 0.987169 -1.8032 2.27116 15.5494 5.24614 45.92 -7.77351 -19.2246 210.018 -0.00548495 0.00932797 0.999941 
19593750 -4.52801 -19.4606 210.022 -0.00420358 0.00959232 0.999945 -1.00612 -20.0721 207.433 0.155537 -0.0145348 0.987695 -1.83939 2.24904 14.8922 5.41304 46.3963 -4.52801 -19.4606 210.022 -0.00420358 0.00959232 0.999945 
19681966 -1.01357 -19.5963 210.02 -0.00277676 0.00947613 0.999951 2.13342 -19.6484 207.269 0.154553 0.00818938 0.987849 -1.85577 2.23497 14.5874 5.59172 46.6249 -1.01357 -19.5963 210.02 -0.00277676 0.00947613 0.999951 
19769252 2.27173 -19.6607 210.004 -0.00243939 0.00776161 0.999967 5.41095 -19.1269 207.325 0.151144 0.0327668 0.987873 -1.84715 2.23525 14.6588 5.7526 46.5788 2.27173 -19.6607 210.004 -0.00243939 0.00776161 0.999967 
19856502 5.78764 -19.7056 209.983 -0.00153739 0.00471035 0.999988 8.6162 -18.1539 207.15 0.143698 0.0564095 0.987965 -1.81038 2.2499 15.1938 5.90715 46.2026 5.78764 -19.7056 209.983 -0.00153739 0.00471035 0.999988 
19943623 8.96498 -19.6869 209.967 0.000364344 0.00333229 0.999994 11.6175 -16.6228 206.97 0.134783 0.0803014 0.987581 -1.75321 2.2749 16.1495 6.02206 45.5327 8.96498 -19.6869 209.967 0.000364344 0.00333229 0.999994 
