3204 20.701 -4.95408 186.923 -0.583342 -0.0170579 0.812047 1.42027 -2.36481 69.3291 5.48543 -25.3127 
63757 20.8937 -4.79119 186.884 -0.581786 -0.00854032 0.813297 1.41395 -2.37085 69.3212 5.48917 -25.3667 
108726 21.151 -4.38918 186.848 -0.579477 0.0132421 0.814881 1.40102 -2.39268 69.3101 5.48917 -25.4317 
152228 21.2837 -4.08344 186.843 -0.578171 0.0260521 0.8155 1.3947 -2.40647 69.3291 5.49032 -25.4905 
197094 21.3601 -3.88919 186.857 -0.577187 0.0351006 0.815857 1.39125 -2.41566 69.3434 5.49032 -25.5286 
239018 21.4159 -3.82476 186.89 -0.577028 0.0406111 0.815714 1.38809 -2.4214 69.4117 5.49032 -25.5857 
283365 21.5502 -3.8351 186.839 -0.575145 0.0497187 0.816539 1.38034 -2.43088 69.4022 5.48745 -25.6254 
325239 21.5858 -3.89335 186.772 -0.57331 0.0554302 0.817461 1.3789 -2.43433 69.3133 5.48314 -25.6127 
370734 21.6078 -3.73163 186.756 -0.573554 0.0561893 0.817238 1.37832 -2.43778 69.3815 5.48802 -25.6794 
416762 21.6122 -3.63793 186.723 -0.57381 0.056875 0.817011 1.37832 -2.43979 69.4514 5.49147 -25.762 
459498 21.6153 -3.55659 186.728 -0.574204 0.0569163 0.816732 1.37804 -2.44123 69.5435 5.49549 -25.8191 
503885 21.6413 -3.49413 186.677 -0.573571 0.058511 0.817064 1.37689 -2.44381 69.5466 5.49779 -25.854 
548123 21.6636 -3.40648 186.623 -0.573381 0.0595882 0.817119 1.37545 -2.44668 69.5927 5.50123 -25.9239 
591261 21.6771 -3.3417 186.54 -0.572503 0.0616235 0.817584 1.37516 -2.44927 69.5546 5.50238 -25.954 
635223 21.7152 -3.20824 186.486 -0.572129 0.0632261 0.817723 1.37287 -2.45387 69.5831 5.50641 -26.0096 
678392 21.7598 -3.07279 186.46 -0.57211 0.0639979 0.817676 1.36971 -2.45846 69.6435 5.51158 -26.0604 
722394 21.8153 -2.93237 186.429 -0.572088 0.0647724 0.817631 1.36597 -2.46363 69.7117 5.51703 -26.1191 
765511 21.9094 -2.65492 186.415 -0.572154 0.0661916 0.81747 1.36051 -2.47254 69.8117 5.52594 -26.1763 
807522 21.9796 -2.42556 186.408 -0.572524 0.0672984 0.817122 1.35563 -2.4803 69.9387 5.5337 -26.2446 
856857 22.0727 -2.12337 186.381 -0.572812 0.0684642 0.816822 1.34989 -2.48978 70.0641 5.54318 -26.3223 
903637 22.1769 -1.8114 186.36 -0.573239 0.0695326 0.816433 1.34328 -2.49983 70.2181 5.55323 -26.4017 
946927 22.2418 -1.47079 186.36 -0.574163 0.0656579 0.816104 1.33897 -2.505 70.3356 5.56702 -26.4382 
992236 22.3618 -1.11049 186.367 -0.574626 0.0677699 0.815606 1.33121 -2.51506 70.5166 5.57736 -26.497 
1034022 22.408 -0.804182 186.357 -0.574905 0.0706691 0.815163 1.32719 -2.52252 70.642 5.58426 -26.5398 
1078544 22.4989 -0.40588 186.359 -0.575205 0.0737064 0.814682 1.32145 -2.53229 70.7865 5.59345 -26.5748 
1120334 22.5878 0.0756015 186.33 -0.575138 0.0775667 0.814371 1.31627 -2.54378 70.8865 5.6035 -26.5954 
1163590 22.6537 0.573544 186.309 -0.575364 0.0823434 0.813742 1.31168 -2.55585 71.0214 5.61298 -26.6287 
1206578 22.7003 0.88527 186.33 -0.576049 0.084397 0.813046 1.30737 -2.56332 71.1738 5.62045 -26.6525 
1250773 22.7417 1.50396 186.29 -0.576344 0.0906872 0.81216 1.30421 -2.57711 71.3183 5.63051 -26.6891 
1294018 22.7707 1.79542 186.298 -0.57672 0.0934815 0.811576 1.30105 -2.584 71.4326 5.63625 -26.6954 
1336989 22.7963 2.12065 186.289 -0.576953 0.0963911 0.81107 1.29818 -2.59118 71.5262 5.64228 -26.6986 
1382912 22.7736 2.64714 186.286 -0.577499 0.101624 0.810042 1.2976 -2.60181 71.6501 5.64975 -26.7002 
1426282 22.7152 3.22894 186.232 -0.577656 0.10801 0.809103 1.2999 -2.61301 71.7088 5.65636 -26.7002 
1469434 22.6595 3.91131 186.14 -0.577502 0.116246 0.808071 1.30277 -2.6268 71.7517 5.66326 -26.7002 
1511688 22.5588 4.36296 186.066 -0.577281 0.12189 0.807397 1.30794 -2.63456 71.7358 5.66642 -26.6859 
1554638 22.5135 4.62664 186.065 -0.577623 0.123955 0.806837 1.30881 -2.63916 71.7882 5.67015 -26.6764 
1598698 22.4361 4.90679 186 -0.577152 0.126729 0.806744 1.31283 -2.64318 71.7215 5.67245 -26.6446 
1643169 22.4215 5.14375 186.011 -0.577522 0.128302 0.80623 1.31197 -2.64806 71.7866 5.67676 -26.6351 
1688230 22.3803 5.39759 186.03 -0.577949 0.130069 0.805641 1.31225 -2.65266 71.8469 5.68078 -26.6144 
1730835 22.3401 5.62784 186.062 -0.57847 0.131309 0.805066 1.31225 -2.65668 71.9152 5.6848 -26.589 
1775018 22.2802 5.90456 186.046 -0.578384 0.133646 0.804743 1.31455 -2.66099 71.9025 5.68796 -26.5462 
1818027 22.151 6.2581 186.035 -0.57845 0.137021 0.804127 1.31771 -2.66616 71.9136 5.69083 -26.5081 
1861369 22.1076 6.47597 186.025 -0.57816 0.139401 0.803927 1.31972 -2.66989 71.8898 5.69284 -26.4589 
1903647 22.0636 6.69218 185.976 -0.577325 0.142099 0.804055 1.32259 -2.67363 71.8025 5.69428 -26.397 
1946770 22.0129 6.84019 185.984 -0.57758 0.14294 0.803722 1.32403 -2.67564 71.8056 5.69629 -26.37 
1990598 22.0025 6.98498 186.053 -0.578459 0.14348 0.802994 1.32231 -2.67909 71.9136 5.69974 -26.3557 
2035610 21.9829 7.1262 186.075 -0.578553 0.143953 0.802841 1.32202 -2.68196 71.9295 5.70261 -26.3176 
2078770 21.9507 7.30956 186.146 -0.579125 0.144542 0.802323 1.32145 -2.68569 71.9977 5.70635 -26.2684 
2124118 21.9386 7.52119 186.196 -0.579611 0.145295 0.801835 1.31972 -2.69029 72.066 5.71094 -26.2319 
2165985 21.9178 7.71289 186.273 -0.580402 0.146075 0.801121 1.31771 -2.69402 72.1739 5.71496 -26.2096 
2209460 21.8917 7.85242 186.347 -0.581292 0.146138 0.800464 1.31599 -2.69575 72.266 5.71841 -26.1922 
2252282 21.8064 8.18928 186.393 -0.58207 0.150017 0.79918 1.318 -2.70121 72.347 5.72157 -26.1636 
2295746 21.7919 8.28574 186.483 -0.58328 0.147014 0.798856 1.31484 -2.70063 72.4438 5.72732 -26.1541 
2339572 21.7347 8.47019 186.57 -0.584419 0.146396 0.798137 1.31455 -2.70178 72.5375 5.73191 -26.1318 
2388035 21.6728 8.66566 186.663 -0.585743 0.145268 0.797372 1.31398 -2.70293 72.6438 5.73737 -26.1112 
2434871 21.6081 8.87034 186.761 -0.586895 0.144854 0.7966 1.31369 -2.70437 72.7454 5.74225 -26.0763 
2478061 21.5472 9.0651 186.835 -0.587788 0.145039 0.795908 1.31369 -2.70609 72.828 5.74628 -26.0493 
2522431 21.4724 9.3247 186.911 -0.589074 0.144557 0.795044 1.31311 -2.70868 72.9344 5.7526 -26.0334 
2567964 21.4071 9.52251 187.011 -0.590277 0.143677 0.794311 1.31254 -2.71011 73.036 5.75777 -26.0001 
2613225 21.3574 9.62523 187.127 -0.591527 0.141546 0.793763 1.3111 -2.70954 73.1471 5.76236 -25.9715 
2659493 21.302 9.74811 187.226 -0.592624 0.13996 0.793227 1.31024 -2.70954 73.2407 5.76667 -25.9429 
2703475 21.2543 9.87683 187.306 -0.593549 0.139145 0.792678 1.30909 -2.71011 73.3328 5.77069 -25.9239 
2745781 21.1811 10.0346 187.407 -0.59476 0.138658 0.791855 1.30881 -2.71097 73.4503 5.77443 -25.9032 
2791735 21.1383 10.0898 187.524 -0.596173 0.136291 0.791203 1.30708 -2.70982 73.59 5.77816 -25.9001 
2834684 21.0904 10.2138 187.615 -0.597275 0.13541 0.790523 1.30565 -2.7104 73.7043 5.78219 -25.8874 
2877379 21.0316 10.3034 187.709 -0.598316 0.134298 0.789925 1.30536 -2.71011 73.8043 5.78506 -25.8699 
2922437 20.9872 10.4 187.812 -0.599415 0.133192 0.789279 1.30392 -2.7104 73.9202 5.78851 -25.854 
2970190 20.9586 10.4685 187.929 -0.600609 0.131472 0.78866 1.30134 -2.7104 74.0599 5.79224 -25.8461 
3014132 20.9223 10.5532 188.032 -0.60171 0.130441 0.787991 1.29961 -2.71069 74.1821 5.7954 -25.835 
3056489 20.8788 10.6482 188.125 -0.602815 0.12956 0.787292 1.29818 -2.71126 74.3028 5.79856 -25.8318 
3100265 20.8339 10.7364 188.22 -0.603798 0.129056 0.786621 1.29703 -2.71184 74.4171 5.80115 -25.8191 
3143965 20.8181 10.7798 188.305 -0.604683 0.127743 0.786155 1.29444 -2.71184 74.5266 5.80402 -25.8175 
3188707 20.7815 10.8932 188.385 -0.605456 0.127536 0.785594 1.29272 -2.71327 74.6171 5.80718 -25.7969 
3233841 20.7406 11.004 188.469 -0.606228 0.127441 0.785014 1.29128 -2.71471 74.7076 5.81005 -25.7731 
3277236 20.6972 11.1384 188.561 -0.607147 0.127384 0.784313 1.28956 -2.71672 74.8124 5.8135 -25.7492 
3319859 20.6874 11.2091 188.665 -0.607911 0.126697 0.783832 1.2864 -2.71787 74.9155 5.81666 -25.7175 
3365238 20.656 11.3197 188.763 -0.608559 0.127113 0.783261 1.28467 -2.71988 74.9997 5.81924 -25.6715 
3411337 20.655 11.419 188.854 -0.609354 0.126678 0.782714 1.28037 -2.72218 75.1108 5.82326 -25.6556 
3455412 20.6636 11.4907 188.941 -0.610072 0.126492 0.782184 1.27606 -2.72419 75.2235 5.82642 -25.6476 
3499729 20.6686 11.5859 189.019 -0.610764 0.126 0.781723 1.27146 -2.72649 75.3251 5.83045 -25.6397 
3543696 20.6293 11.685 189.113 -0.61163 0.126276 0.781001 1.27002 -2.72821 75.4331 5.83274 -25.6207 
3587751 20.6343 11.7345 189.209 -0.612435 0.125735 0.780458 1.266 -2.72965 75.5537 5.83562 -25.6143 
3630675 20.625 11.8392 189.303 -0.613189 0.125833 0.779849 1.26227 -2.73223 75.6633 5.83906 -25.5953 
3674000 20.6094 11.924 189.388 -0.613864 0.125996 0.779292 1.25968 -2.73424 75.7585 5.84165 -25.5762 
3716930 20.5874 12.0059 189.485 -0.614512 0.12597 0.778785 1.25738 -2.73597 75.8506 5.84424 -25.5397 
3759106 20.5726 12.0757 189.571 -0.6152 0.126067 0.778226 1.2548 -2.73769 75.9554 5.84653 -25.5254 
3801158 20.5772 12.1486 189.665 -0.616057 0.125924 0.777571 1.25049 -2.73999 76.0871 5.84969 -25.5254 
3845533 20.5598 12.2137 189.762 -0.616958 0.126135 0.776822 1.2479 -2.74171 76.2221 5.8517 -25.5254 
3887560 20.5488 12.2779 189.848 -0.617619 0.126314 0.776267 1.24532 -2.74344 76.33 5.85372 -25.5143 
3933838 20.5172 12.3583 189.94 -0.618393 0.126733 0.775583 1.24388 -2.74516 76.4443 5.85544 -25.5 
3976490 20.4462 12.4513 190.019 -0.618967 0.127294 0.775033 1.24245 -2.74688 76.5396 5.85688 -25.4825 
4019016 20.4204 12.5091 190.075 -0.619015 0.12779 0.774913 1.24216 -2.74803 76.5634 5.85774 -25.4333 
4063133 20.3858 12.5905 190.169 -0.619546 0.128128 0.774433 1.24101 -2.74976 76.6443 5.85946 -25.3921 
4105909 20.3539 12.6573 190.259 -0.62013 0.1288 0.773853 1.24072 -2.75119 76.7348 5.86032 -25.3603 
4148257 20.3169 12.7217 190.337 -0.620841 0.129254 0.773207 1.24101 -2.75234 76.8301 5.86118 -25.346 
4193277 20.268 12.7982 190.421 -0.621524 0.129741 0.772577 1.24187 -2.75349 76.919 5.86205 -25.3175 
4235397 20.2284 12.8895 190.509 -0.622165 0.130437 0.771943 1.2413 -2.7555 77.0142 5.86348 -25.2905 
4278500 20.1831 12.9854 190.578 -0.622796 0.131553 0.771245 1.24187 -2.75751 77.1015 5.86434 -25.2714 
4322798 20.1083 13.0936 190.656 -0.623383 0.132906 0.770538 1.24503 -2.75895 77.165 5.86434 -25.2285 
4370650 20.0444 13.2334 190.719 -0.623713 0.134358 0.770019 1.24675 -2.76153 77.2 5.86549 -25.1746 
4415614 19.9741 13.356 190.782 -0.624091 0.135539 0.769506 1.24991 -2.76326 77.2285 5.86607 -25.1158 
4458916 19.9239 13.4942 190.831 -0.624246 0.137581 0.769018 1.25221 -2.76613 77.2428 5.86664 -25.0571 
4502938 19.802 13.6478 190.908 -0.625019 0.139198 0.768099 1.25796 -2.76785 77.2968 5.86664 -25 
4546170 19.681 13.8239 190.957 -0.625566 0.141031 0.767318 1.26399 -2.77015 77.3206 5.86693 -24.9428 
4591562 19.6165 13.9526 190.998 -0.625671 0.142671 0.766929 1.26773 -2.77245 77.3174 5.86722 -24.8714 
4634627 19.5414 14.081 191.061 -0.625857 0.143892 0.76655 1.27146 -2.77446 77.3159 5.86779 -24.7888 
4678725 19.3662 14.3805 191.107 -0.626848 0.148202 0.764917 1.27922 -2.77963 77.3905 5.86779 -24.7586 
4724151 19.1824 14.7002 191.166 -0.627606 0.153207 0.763307 1.28841 -2.78538 77.4381 5.86722 -24.6872 
4767664 19.0034 15.0195 191.2 -0.628045 0.15849 0.761866 1.29846 -2.79112 77.4619 5.86607 -24.6126 
4811743 18.8127 15.3274 191.25 -0.628605 0.163872 0.760265 1.30938 -2.79658 77.4952 5.86406 -24.5412 
4855040 18.7199 15.5576 191.301 -0.628843 0.167496 0.759277 1.31426 -2.80175 77.5206 5.86406 -24.4824 
4898202 18.5284 15.7956 191.359 -0.629212 0.172151 0.757929 1.32633 -2.80491 77.5318 5.86032 -24.403 
4940511 18.2765 15.9996 191.436 -0.629748 0.176935 0.756381 1.34299 -2.80606 77.5444 5.85372 -24.3142 
4983444 17.753 16.3508 191.48 -0.63052 0.187365 0.753219 1.38034 -2.80606 77.5444 5.83648 -24.2157 
5028486 17.4645 16.5642 191.534 -0.630535 0.193129 0.751749 1.40504 -2.80577 77.4794 5.82499 -24.0982 
5071399 17.2423 16.7899 191.594 -0.630316 0.198046 0.750653 1.42458 -2.80721 77.3905 5.81666 -23.9728 
5114942 17.1502 16.9446 191.632 -0.630201 0.200612 0.750068 1.43549 -2.80951 77.319 5.81235 -23.8982 
5158076 17.0891 17.0526 191.707 -0.630202 0.20188 0.749727 1.44354 -2.81181 77.2333 5.80948 -23.795 
5200701 17.0313 17.1585 191.765 -0.630079 0.203377 0.749425 1.44957 -2.8141 77.1412 5.80746 -23.7077 
5244982 17.0088 17.258 191.798 -0.629762 0.204013 0.749519 1.45215 -2.81611 77.019 5.80804 -23.6156 
5287075 16.9894 17.3133 191.788 -0.62924 0.204775 0.749749 1.45388 -2.81611 76.8952 5.80804 -23.5664 
5329404 16.9577 17.2889 191.815 -0.628858 0.205104 0.74998 1.45618 -2.81238 76.8015 5.80632 -23.5093 
5376385 16.94 17.2497 191.828 -0.628746 0.203475 0.750517 1.4556 -2.80692 76.7078 5.80746 -23.4696 
5419482 16.9094 17.434 191.883 -0.62872 0.207577 0.749415 1.45704 -2.80778 76.6999 5.80746 -23.414 
5462520 16.8879 17.577 191.939 -0.628556 0.210411 0.748762 1.4579 -2.80836 76.6729 5.80775 -23.3363 
5505902 16.8507 17.5755 192.022 -0.629059 0.210095 0.748428 1.45819 -2.80462 76.6999 5.80775 -23.2886 
5549815 16.8577 18.2147 192.02 -0.627982 0.224872 0.745031 1.46163 -2.82071 76.7205 5.80746 -23.2235 
5593939 16.8343 18.5697 192.072 -0.627677 0.231681 0.743199 1.46393 -2.82847 76.7237 5.80833 -23.1251 
5635905 16.7841 19.1848 192.068 -0.627302 0.241655 0.740335 1.46709 -2.84341 76.7301 5.81206 -23.0457 
5679267 16.7303 19.3353 192.091 -0.62764 0.242581 0.739745 1.46824 -2.84628 76.7205 5.81436 -22.9997 
5723222 16.738 19.3358 192.135 -0.627436 0.242175 0.740051 1.46738 -2.84628 76.6745 5.81522 -22.9251 
5766172 16.855 19.2022 192.12 -0.626332 0.240483 0.741536 1.46163 -2.84484 76.5666 5.81608 -22.8711 
5808899 16.7467 19.3513 192.182 -0.627028 0.242021 0.740447 1.46566 -2.84599 76.5856 5.81608 -22.8203 
5852616 16.5932 19.976 192.162 -0.626867 0.253203 0.736835 1.47456 -2.85863 76.6015 5.81637 -22.7759 
5894677 16.7843 20.7105 192.073 -0.624645 0.267093 0.733812 1.46652 -2.88362 76.6142 5.82384 -22.7393 
5939290 16.8462 20.7277 192.145 -0.62397 0.268303 0.733945 1.46307 -2.88563 76.6126 5.82384 -22.6568 
5982787 16.9124 20.6562 192.248 -0.623945 0.267603 0.734221 1.45646 -2.88477 76.7062 5.82384 -22.6266 
6028085 16.9428 20.5958 192.338 -0.623861 0.266626 0.734648 1.45215 -2.88305 76.7428 5.82384 -22.5631 
6072125 17.0214 20.4735 192.429 -0.623598 0.265147 0.735406 1.44583 -2.88075 76.7809 5.82384 -22.506 
6114314 17.0677 20.3634 192.515 -0.623664 0.263527 0.735933 1.44066 -2.87817 76.8396 5.82384 -22.4663 
6159339 17.1466 20.1987 192.613 -0.623743 0.261356 0.73664 1.43319 -2.87501 76.9333 5.82384 -22.4409 
6203478 17.093 20.243 192.684 -0.624287 0.259996 0.73666 1.4309 -2.87414 76.9682 5.82614 -22.3822 
6245708 17.0393 20.311 192.711 -0.624203 0.260644 0.736502 1.43233 -2.87357 76.946 5.82614 -22.3202 
6288938 16.9555 20.4984 192.674 -0.623553 0.263416 0.736066 1.43664 -2.87529 76.8428 5.82614 -22.244 
6331800 16.9133 20.5831 192.682 -0.623283 0.264265 0.735991 1.43808 -2.87558 76.7888 5.82671 -22.1758 
6376671 16.872 20.75 192.653 -0.622674 0.267118 0.735476 1.44009 -2.87817 76.7285 5.827 -22.125 
6422348 16.8017 21.0276 192.595 -0.621636 0.272053 0.734544 1.44468 -2.88305 76.6158 5.827 -22.052 
6466074 16.752 21.4726 192.527 -0.620097 0.280065 0.732832 1.44756 -2.89368 76.5126 5.82844 -21.9662 
6508362 16.7685 21.5601 192.589 -0.620387 0.279451 0.732821 1.44267 -2.89684 76.5284 5.83274 -21.898 
6550295 16.8874 21.5674 192.645 -0.620233 0.279033 0.733111 1.43319 -2.90057 76.5824 5.83677 -21.8599 
6593420 16.9237 21.6888 192.69 -0.620216 0.280604 0.732525 1.42917 -2.90488 76.63 5.83935 -21.825 
6638608 16.9971 22.0649 192.646 -0.619308 0.284399 0.73183 1.41883 -2.91781 76.6046 5.84797 -21.7662 
6682589 17.0164 22.0831 192.718 -0.6195 0.283947 0.731842 1.41624 -2.91896 76.6269 5.84969 -21.7075 
6724933 17.0627 22.1706 192.74 -0.619668 0.282571 0.732233 1.4082 -2.92327 76.6269 5.85601 -21.6583 
6767971 17.0133 22.1417 192.746 -0.619297 0.282485 0.73258 1.41337 -2.92068 76.5205 5.854 -21.5821 
6810272 17.0388 22.1601 192.808 -0.619352 0.282317 0.732598 1.41107 -2.92183 76.53 5.85544 -21.5233 
6854463 17.1374 22.2708 192.845 -0.619057 0.282656 0.732717 1.40217 -2.92758 76.5427 5.8609 -21.4582 
6900196 17.2502 22.4022 192.849 -0.618114 0.284708 0.732719 1.39556 -2.93332 76.4999 5.86463 -21.382 
6942494 17.2806 22.5235 192.827 -0.61755 0.28629 0.732578 1.39384 -2.93677 76.4364 5.86693 -21.3281 
6985709 17.332 22.7134 192.785 -0.616758 0.288713 0.732294 1.3901 -2.9428 76.3713 5.87066 -21.2757 
7028688 17.3917 22.8484 192.759 -0.61588 0.290555 0.732304 1.38694 -2.94711 76.2935 5.87354 -21.2106 
7077626 17.5751 23.6079 192.592 -0.611796 0.307186 0.728933 1.38321 -2.9698 76.203 5.8767 -21.1487 
7125002 17.6555 23.6821 192.607 -0.611553 0.307507 0.729001 1.37775 -2.97325 76.1951 5.88043 -21.1042 
7171080 17.6917 23.8174 192.541 -0.610324 0.309264 0.729287 1.37775 -2.97555 76.0157 5.88273 -21.0074 
7213022 17.7575 24.2122 192.45 -0.60887 0.315239 0.727943 1.37488 -2.9856 75.9252 5.88761 -20.9502 
7255297 17.8093 24.5438 192.347 -0.607113 0.320991 0.726896 1.3743 -2.99365 75.8014 5.89049 -20.8915 
7300345 17.8657 24.9806 192.198 -0.604332 0.329655 0.725335 1.37574 -3.00428 75.6268 5.89221 -20.8153 
7343405 17.82 25.114 192.1 -0.603854 0.329653 0.725733 1.37746 -3.00485 75.4585 5.89508 -20.7693 
7388527 17.8986 25.5451 191.957 -0.60232 0.335356 0.724394 1.37315 -3.01519 75.3601 5.9014 -20.7439 
7433838 17.9356 25.8602 191.815 -0.600634 0.340027 0.723616 1.37287 -3.0218 75.2061 5.90485 -20.701 
7477962 17.9797 26.1273 191.674 -0.599281 0.343192 0.723244 1.37057 -3.02755 75.0568 5.90973 -20.6724 
7521848 17.9517 26.2316 191.577 -0.598772 0.343546 0.723498 1.37229 -3.02726 74.9092 5.91174 -20.6454 
7565960 17.8817 26.2556 191.501 -0.598718 0.341367 0.724573 1.3743 -3.0241 74.7663 5.91404 -20.6169 
7609073 17.787 26.2052 191.433 -0.599143 0.337767 0.725907 1.37775 -3.01807 74.606 5.91548 -20.5899 
7652153 17.7347 26.2071 191.346 -0.599086 0.335796 0.726868 1.38005 -3.01433 74.452 5.9172 -20.5676 
7694130 17.697 26.3325 191.238 -0.598628 0.336569 0.726888 1.38235 -3.01404 74.3218 5.91893 -20.5613 
7736609 17.7334 26.6858 191.096 -0.597397 0.341529 0.725586 1.38034 -3.02151 74.225 5.92324 -20.5581 
7778543 17.6302 26.567 191.035 -0.597979 0.337157 0.727149 1.38493 -3.01491 74.0789 5.92352 -20.5486 
7824595 17.5506 26.4697 190.96 -0.59819 0.333707 0.728566 1.38895 -3.00916 73.9361 5.92352 -20.547 
7868775 17.5417 26.6772 190.826 -0.597738 0.334603 0.728526 1.38723 -3.01232 73.8075 5.92841 -20.547 
7914052 17.4756 26.646 190.74 -0.597753 0.332413 0.729516 1.39068 -3.00859 73.6694 5.92898 -20.547 
7957886 17.3991 26.5397 190.669 -0.598021 0.328771 0.730945 1.3947 -3.00284 73.5328 5.92898 -20.547 
8001115 17.2842 26.4267 190.629 -0.598729 0.324648 0.732207 1.40016 -2.99623 73.4217 5.92869 -20.5438 
8048262 17.1731 26.2746 190.569 -0.599281 0.319691 0.733934 1.40562 -2.98848 73.2804 5.92841 -20.5438 
8092398 17.1226 26.2913 190.476 -0.599321 0.31793 0.734666 1.40734 -2.98618 73.1693 5.93013 -20.5565 
8138472 16.9773 26.1107 190.432 -0.600538 0.311114 0.736588 1.41194 -2.97756 73.0614 5.93128 -20.574 
8180779 16.7178 25.4991 190.511 -0.603266 0.295769 0.74067 1.42228 -2.95659 72.9772 5.92869 -20.5867 
8226505 16.2568 23.1525 190.933 -0.611124 0.235424 0.755713 1.43176 -2.88879 72.9026 5.92898 -20.6058 
8270247 16.0034 21.7066 191.128 -0.614684 0.193229 0.764739 1.43406 -2.84168 72.8328 5.93588 -20.6391 
8315857 15.9035 21.5298 191.051 -0.61504 0.185154 0.766448 1.4352 -2.8299 72.7169 5.94047 -20.6581 
8359871 15.8854 21.4162 190.971 -0.614749 0.181559 0.767542 1.4352 -2.82243 72.62 5.94191 -20.6867 
8403178 15.8847 21.2899 190.885 -0.614311 0.178085 0.768706 1.4352 -2.81583 72.5137 5.94248 -20.7121 
8446339 15.8656 21.3069 190.788 -0.614106 0.178099 0.768866 1.43664 -2.81353 72.42 5.94248 -20.7375 
8488158 15.8575 21.3079 190.687 -0.613652 0.177805 0.769296 1.43808 -2.81152 72.2914 5.94248 -20.7439 
8531633 15.8481 21.3542 190.587 -0.613344 0.178529 0.769374 1.43923 -2.81123 72.1866 5.94248 -20.7613 
8575857 15.8344 21.4135 190.47 -0.613049 0.179288 0.769432 1.44066 -2.81152 72.0819 5.94277 -20.7931 
8618960 15.8086 21.4682 190.359 -0.612805 0.179931 0.769477 1.44296 -2.81152 71.966 5.94277 -20.8137 
8661990 15.799 21.514 190.259 -0.612467 0.180417 0.769632 1.4444 -2.81181 71.8564 5.94306 -20.8312 
8705973 15.7694 21.563 190.151 -0.612262 0.181077 0.76964 1.44698 -2.81181 71.7501 5.94306 -20.8613 
8749022 15.7516 21.609 190.039 -0.61198 0.18145 0.769777 1.44928 -2.81181 71.6374 5.94306 -20.8915 
8793191 15.7194 21.656 189.924 -0.611851 0.181838 0.769787 1.45215 -2.81181 71.5342 5.94306 -20.9344 
8836129 15.6886 21.6927 189.813 -0.611858 0.182109 0.769718 1.45474 -2.81181 71.458 5.94306 -20.9947 
8879365 15.6147 21.7916 189.713 -0.611857 0.183303 0.769436 1.45934 -2.81238 71.3532 5.94306 -21.0137 
8922406 15.5551 21.8976 189.604 -0.611714 0.184849 0.76918 1.46336 -2.81353 71.25 5.94306 -21.0376 
8967573 15.4727 22.04 189.474 -0.611679 0.186976 0.768693 1.46853 -2.81525 71.1421 5.94306 -21.0741 
9010881 15.4194 22.1457 189.358 -0.611613 0.188563 0.768358 1.47255 -2.81669 71.0516 5.94306 -21.1122 
9056090 15.3766 22.2505 189.237 -0.611306 0.190176 0.768205 1.47657 -2.81813 70.9325 5.94306 -21.1344 
9100016 15.309 22.368 189.119 -0.611433 0.191985 0.767653 1.48088 -2.81985 70.8738 5.94277 -21.1979 
9143975 15.2573 22.4933 189.004 -0.611598 0.193956 0.767026 1.48404 -2.82215 70.8404 5.94277 -21.2709 
9186161 15.138 22.6614 188.896 -0.611841 0.198348 0.765708 1.49266 -2.82445 70.7928 5.93961 -21.3201 
9228115 14.9534 22.917 188.797 -0.612287 0.205969 0.763335 1.50702 -2.82818 70.7563 5.933 -21.3535 
9271265 14.8751 23.0422 188.686 -0.612477 0.209155 0.762316 1.5142 -2.83077 70.7357 5.92984 -21.4233 
9315865 14.764 23.32 188.556 -0.612461 0.216998 0.760134 1.52426 -2.83737 70.7118 5.92496 -21.4836 
9361522 14.6025 24.059 188.333 -0.610861 0.241093 0.754138 1.5458 -2.85719 70.6753 5.91146 -21.5313 
9404704 14.4309 24.1644 188.221 -0.610609 0.247422 0.752289 1.56448 -2.86064 70.6261 5.90054 -21.5582 
9449056 14.3607 24.0438 188.165 -0.610705 0.246775 0.752424 1.57281 -2.85834 70.6055 5.89422 -21.6027 
9491887 14.3747 24.2336 188.034 -0.609113 0.25574 0.750719 1.58028 -2.86553 70.5594 5.88646 -21.6392 
9535311 14.421 24.4191 187.924 -0.607454 0.263894 0.74924 1.58487 -2.87328 70.5055 5.88014 -21.6535 
9579025 14.4361 24.5141 187.815 -0.606815 0.26658 0.748806 1.58602 -2.8773 70.4213 5.879 -21.671 
9624189 14.3898 24.5866 187.707 -0.606525 0.267248 0.748803 1.58459 -2.87989 70.3531 5.88129 -21.7059 
9668719 14.5191 24.4849 187.668 -0.606277 0.264843 0.749857 1.57482 -2.87845 70.3705 5.88474 -21.771 
9715417 14.6532 24.2588 187.624 -0.606401 0.257824 0.7522 1.56189 -2.87271 70.3769 5.89077 -21.8615 
9757655 14.4736 24.471 187.476 -0.606115 0.26315 0.750584 1.56965 -2.87501 70.315 5.88848 -21.9107 
9801237 14.4139 24.5428 187.388 -0.6063 0.26436 0.750009 1.57022 -2.87529 70.3213 5.88905 -21.9901 
9848806 14.0008 25.3539 187.11 -0.605783 0.283301 0.743483 1.59148 -2.89195 70.3023 5.88388 -22.0948 
9890937 14.0121 25.4488 187.066 -0.606024 0.283731 0.743123 1.58861 -2.89454 70.3293 5.88675 -22.1551 
9934036 13.8904 25.5182 186.956 -0.606515 0.284297 0.742506 1.59349 -2.89483 70.3118 5.88646 -22.2409 
9977192 13.7632 25.654 186.863 -0.607051 0.284967 0.741811 1.59665 -2.89684 70.2832 5.88848 -22.2933 
10019164 13.646 25.6114 186.753 -0.607274 0.284491 0.741811 1.60326 -2.89425 70.2324 5.88589 -22.3663 
10063257 13.5256 25.7136 186.624 -0.60778 0.284428 0.741421 1.60613 -2.8954 70.1911 5.8879 -22.452 
10112530 13.3447 25.9159 186.508 -0.608331 0.287396 0.739822 1.61274 -2.89885 70.1848 5.88819 -22.5266 
10156684 13.2058 25.6716 186.436 -0.608708 0.284443 0.740653 1.62394 -2.88966 70.1102 5.88101 -22.5631 
10199815 13.2079 25.5228 186.35 -0.608764 0.280588 0.742076 1.62365 -2.8842 70.0165 5.88129 -22.6044 
10242883 13.2287 25.3585 186.272 -0.608727 0.276875 0.7435 1.62222 -2.87845 69.9356 5.88158 -22.6504 
10288048 13.3041 25.0581 186.221 -0.609339 0.268129 0.746198 1.61475 -2.86897 69.8943 5.88532 -22.733 
10331129 13.1392 25.3373 186.079 -0.609078 0.275643 0.743669 1.62222 -2.87299 69.8832 5.88302 -22.806 
10379445 13.0937 24.9953 186.024 -0.610585 0.265111 0.746259 1.61906 -2.86064 69.8705 5.88618 -22.9235 
10425476 12.8911 25.6283 185.804 -0.60981 0.280639 0.741197 1.62911 -2.87443 69.8752 5.88388 -23.0251 
10468439 12.8828 25.4855 185.729 -0.609976 0.276906 0.742464 1.6294 -2.86869 69.8006 5.88388 -23.0711 
10511785 12.8842 25.3617 185.648 -0.609837 0.273876 0.7437 1.6294 -2.8638 69.7133 5.88388 -23.1108 
10560656 12.8326 25.2502 185.557 -0.610257 0.270637 0.744541 1.63055 -2.85834 69.6657 5.88388 -23.1918 
10605842 12.7251 25.3298 185.468 -0.610816 0.271395 0.743807 1.63371 -2.85777 69.6625 5.88417 -23.2696 
10648670 12.6605 25.411 185.381 -0.610979 0.27276 0.743174 1.63601 -2.85777 69.6466 5.88417 -23.3315 
10693061 12.6037 25.4538 185.281 -0.611149 0.273328 0.742825 1.63802 -2.85691 69.6244 5.88417 -23.4093 
10736529 12.52 25.5135 185.188 -0.611452 0.274066 0.742304 1.64089 -2.85605 69.6038 5.88417 -23.4791 
10781090 12.4275 25.4162 185.106 -0.612176 0.270056 0.743176 1.6429 -2.85059 69.553 5.88532 -23.5442 
10825315 12.1708 26.208 184.89 -0.611689 0.287071 0.737175 1.65324 -2.86955 69.5514 5.88589 -23.6093 
10867898 11.9794 26.183 184.841 -0.61293 0.285464 0.736768 1.66042 -2.8661 69.5577 5.88474 -23.6633 
10910507 11.868 26.2364 184.753 -0.613598 0.285533 0.736185 1.66387 -2.86639 69.5577 5.88532 -23.7426 
10956947 11.6592 26.2656 184.654 -0.614882 0.283024 0.736083 1.66933 -2.86438 69.5117 5.88733 -23.803 
11004006 11.3246 26.5023 184.504 -0.617109 0.280237 0.735285 1.67393 -2.86696 69.4371 5.89594 -23.8744 
11054767 11.2031 26.4779 184.426 -0.61804 0.278716 0.735081 1.67795 -2.86495 69.4466 5.89594 -23.9681 
11103861 11.0557 26.4836 184.374 -0.619472 0.277094 0.734488 1.68168 -2.86351 69.5006 5.89652 -24.0649 
11147406 10.8256 26.5623 184.315 -0.621447 0.275112 0.733565 1.68628 -2.86323 69.5434 5.89939 -24.149 
11190345 10.5741 26.6789 184.217 -0.623393 0.271895 0.733112 1.68973 -2.86351 69.5228 5.90542 -24.2237 
11234474 10.2499 26.7424 184.123 -0.625601 0.268596 0.732448 1.69748 -2.86179 69.5022 5.90887 -24.2983 
11280529 9.72112 26.5937 184.129 -0.630173 0.257786 0.732412 1.70955 -2.85174 69.5609 5.91318 -24.3713 
11327531 9.19212 26.535 184.107 -0.633828 0.251298 0.731513 1.72506 -2.84455 69.5895 5.91462 -24.4237 
11372961 9.03464 26.5634 183.999 -0.63436 0.249771 0.731575 1.7288 -2.84427 69.5212 5.91634 -24.4808 
11417040 8.78137 26.6268 183.88 -0.63552 0.248888 0.730869 1.73483 -2.84542 69.4784 5.91806 -24.5681 
11459864 8.46317 26.5478 183.802 -0.637804 0.244434 0.730383 1.74316 -2.84254 69.4958 5.91893 -24.684 
11503825 8.32549 26.4585 183.751 -0.639288 0.240546 0.730376 1.74574 -2.84139 69.5196 5.92008 -24.7856 
11548130 8.16215 26.4003 183.701 -0.640936 0.237257 0.730007 1.74862 -2.84139 69.5546 5.92122 -24.8856 
11590200 7.90203 26.2712 183.681 -0.643347 0.231151 0.729845 1.75379 -2.83852 69.6038 5.92266 -24.9793 
11636360 7.74492 26.3034 183.589 -0.644195 0.230078 0.729436 1.75724 -2.84053 69.5641 5.92381 -25.046 
11679315 7.339 26.1635 183.589 -0.64773 0.220928 0.729134 1.76499 -2.83594 69.6339 5.92754 -25.1492 
11723927 7.16833 26.1252 183.548 -0.649165 0.217862 0.728781 1.76844 -2.83565 69.6577 5.92898 -25.227 
11768688 6.95343 26.0993 183.486 -0.650835 0.214624 0.728251 1.77275 -2.83594 69.6768 5.9307 -25.319 
11813798 6.92091 26.5306 183.291 -0.650429 0.223539 0.725929 1.77246 -2.85001 69.6387 5.93243 -25.4064 
11855998 6.6133 26.5295 183.184 -0.652364 0.219937 0.725292 1.77935 -2.85174 69.6085 5.93444 -25.5016 
11898328 6.36546 26.3026 183.123 -0.654227 0.214931 0.725115 1.78137 -2.8526 69.6435 5.9376 -25.6111 
11940261 6.10355 26.2232 183.102 -0.656649 0.207595 0.725063 1.78453 -2.85174 69.6895 5.94277 -25.708 
11986307 5.88903 26.3403 183 -0.658091 0.20543 0.724372 1.78769 -2.85547 69.6768 5.94794 -25.7969 
12030638 5.75292 26.3554 182.953 -0.659326 0.202764 0.724 1.78941 -2.85719 69.7022 5.95081 -25.8747 
12076403 5.55384 26.623 182.806 -0.660147 0.205366 0.722517 1.79458 -2.86495 69.6197 5.9534 -25.9191 
12118610 5.37157 26.6624 182.769 -0.661892 0.199905 0.722452 1.79401 -2.86696 69.6324 5.96058 -25.9779 
12160720 5.04343 26.735 182.724 -0.663712 0.197548 0.72143 1.80176 -2.86897 69.6038 5.96374 -26.0032 
12207125 4.76074 27.1142 182.579 -0.664598 0.203213 0.719037 1.81067 -2.8796 69.5117 5.96546 -26.0223 
12250265 4.63193 27.4319 182.498 -0.665446 0.206514 0.71731 1.8121 -2.88879 69.5149 5.96949 -26.0668 
12293185 4.39805 27.9787 182.317 -0.665708 0.217178 0.71391 1.81986 -2.90287 69.4371 5.97035 -26.1001 
12335030 4.21271 28.424 182.171 -0.665935 0.225886 0.710989 1.82503 -2.91407 69.3895 5.97207 -26.1366 
12378200 4.0615 28.7683 181.989 -0.665802 0.232827 0.708872 1.82733 -2.92126 69.3085 5.97552 -26.1858 
12424394 3.90297 29.233 181.771 -0.665265 0.243787 0.705685 1.82905 -2.93074 69.2355 5.97925 -26.243 
12470496 3.73237 29.7367 181.547 -0.665138 0.252295 0.702808 1.82589 -2.94022 69.1609 5.98873 -26.2985 
12516695 3.55552 30.0774 181.388 -0.665302 0.258378 0.700438 1.82532 -2.9451 69.1545 5.9939 -26.3668 
12558751 3.4467 30.325 181.253 -0.665314 0.262802 0.69878 1.82532 -2.94711 69.1164 5.99735 -26.4065 
12605790 3.31856 30.58 181.08 -0.665116 0.267491 0.697187 1.82733 -2.94941 69.0164 5.99994 -26.4477 
12652386 3.17836 31.0988 180.9 -0.664619 0.27819 0.693463 1.82934 -2.95889 68.9751 6.00252 -26.4938 
12698623 3.04619 31.5436 180.721 -0.664616 0.287124 0.689815 1.83135 -2.96751 68.9577 6.00482 -26.5684 
12742473 2.97277 31.8875 180.551 -0.664074 0.292866 0.687921 1.83279 -2.97239 68.9037 6.00626 -26.6319 
12786443 2.91368 32.1457 180.405 -0.663522 0.297909 0.686286 1.83422 -2.97641 68.8497 6.00712 -26.6795 
12829494 2.84514 32.2025 180.297 -0.66337 0.298919 0.685994 1.83796 -2.97555 68.7529 6.00683 -26.6954 
12872910 2.77829 32.4042 180.158 -0.662818 0.303218 0.684639 1.84083 -2.97814 68.6672 6.00712 -26.7176 
12916929 2.69975 32.3678 180.059 -0.662769 0.30274 0.684898 1.84629 -2.9744 68.564 6.00539 -26.7272 
12959718 2.67732 32.4913 179.928 -0.662098 0.305482 0.68433 1.8483 -2.97469 68.4608 6.00539 -26.7399 
13002923 2.66349 32.5338 179.8 -0.661478 0.306623 0.684419 1.84974 -2.97354 68.3354 6.00568 -26.751 
13048424 2.64826 32.6252 179.664 -0.660862 0.30878 0.684044 1.85146 -2.97325 68.2306 6.00568 -26.7859 
13095094 2.62068 32.5677 179.551 -0.660548 0.307647 0.684858 1.85376 -2.9698 68.0941 6.00568 -26.8002 
13137390 2.60326 32.5981 179.438 -0.660102 0.308459 0.684922 1.85519 -2.96866 67.9909 6.00597 -26.8224 
13182567 2.56491 32.447 179.355 -0.660253 0.304633 0.686488 1.85663 -2.9632 67.8607 6.00712 -26.8335 
13224452 2.52594 32.2616 179.285 -0.660524 0.299812 0.688346 1.85778 -2.95688 67.7353 6.00855 -26.843 
13269796 2.49216 32.3086 179.196 -0.660294 0.300533 0.688253 1.85893 -2.95544 67.6543 6.00942 -26.8621 
13315318 2.47294 31.7321 179.197 -0.66143 0.286402 0.693169 1.85835 -2.94108 67.5495 6.01143 -26.8938 
13360618 2.44019 31.9162 179.049 -0.66096 0.290079 0.692088 1.85864 -2.94223 67.4892 6.01258 -26.9526 
13409096 2.45362 31.4659 179.033 -0.661969 0.27887 0.695722 1.85577 -2.93131 67.4876 6.01459 -27.0558 
13457225 2.34217 31.8955 178.833 -0.661136 0.288419 0.692614 1.85864 -2.93792 67.4114 6.01487 -27.105 
13500304 2.34326 31.5654 178.792 -0.661533 0.281321 0.695149 1.85864 -2.92959 67.3765 6.01459 -27.1828 
13546559 2.16799 32.3534 178.536 -0.660416 0.299575 0.688553 1.86582 -2.94481 67.3495 6.01315 -27.251 
13588511 2.18312 32.3612 178.453 -0.660135 0.29935 0.688921 1.86439 -2.94481 67.2733 6.01459 -27.2812 
13632644 2.18664 32.387 178.381 -0.66002 0.299754 0.688855 1.86353 -2.94539 67.2368 6.01545 -27.3256 
13674879 2.1768 32.4064 178.306 -0.660067 0.300279 0.688581 1.86324 -2.94596 67.2352 6.01574 -27.3923 
13719030 2.25908 32.4535 178.214 -0.659471 0.300667 0.688983 1.85778 -2.94768 67.1622 6.01861 -27.4288 
13764238 2.14792 32.4303 178.111 -0.659375 0.302916 0.688089 1.86582 -2.94625 67.1828 6.01344 -27.5336 
13807244 2.09458 32.4537 178.021 -0.659296 0.303881 0.687739 1.86812 -2.94625 67.1622 6.01258 -27.5971 
13852412 2.22385 32.4065 177.983 -0.6589 0.303285 0.688382 1.86353 -2.94596 67.1924 6.01258 -27.6701 
13894059 2.31552 32.3853 177.934 -0.658826 0.302786 0.688672 1.85922 -2.94625 67.2479 6.01315 -27.7701 
13937370 2.40045 32.3686 177.896 -0.6587 0.303038 0.688681 1.85606 -2.94654 67.3194 6.01258 -27.8638 
13982553 2.44708 32.3571 177.836 -0.658474 0.30339 0.688742 1.85433 -2.94654 67.3495 6.012 -27.9448 
14025505 2.38932 32.3864 177.761 -0.658354 0.304539 0.68835 1.85634 -2.94654 67.3321 6.01114 -27.9892 
14071648 2.2812 32.4406 177.665 -0.65815 0.306916 0.687489 1.8618 -2.94654 67.2971 6.00884 -28.0321 
14115731 2.24811 32.5009 177.586 -0.657971 0.309302 0.686591 1.86439 -2.9474 67.3257 6.00683 -28.1115 
14157948 2.13008 32.5358 177.499 -0.657803 0.311815 0.685614 1.87186 -2.94682 67.3114 6.0031 -28.1638 
14203108 2.11638 32.5782 177.425 -0.657508 0.313218 0.685257 1.87301 -2.9474 67.2971 6.00223 -28.2178 
14246265 2.05628 32.51 177.359 -0.657453 0.313215 0.685311 1.87789 -2.9451 67.2924 5.99907 -28.2845 
14290153 1.85512 32.4579 177.275 -0.657479 0.314503 0.684697 1.88995 -2.94194 67.2479 5.99362 -28.3162 
14334538 1.91607 32.4122 177.255 -0.65747 0.313662 0.685091 1.88794 -2.94136 67.286 5.99333 -28.3797 
14377366 2.15501 32.4288 177.266 -0.656743 0.314317 0.685488 1.87846 -2.94366 67.3638 5.99419 -28.4416 
14420524 2.27324 32.3823 177.235 -0.656442 0.314381 0.685747 1.87473 -2.94395 67.4321 5.99304 -28.5353 
14466981 3.17254 32.7311 177.196 -0.652185 0.321832 0.686352 1.83623 -2.95918 67.4797 6.00166 -28.6353 
14515945 3.48294 32.805 177.154 -0.650923 0.323834 0.686608 1.81814 -2.96636 67.5527 6.00597 -28.7591 
14565204 3.14698 32.491 177.076 -0.652229 0.320749 0.686817 1.83882 -2.95573 67.5972 5.99505 -28.8639 
14610070 3.1234 32.4332 177.021 -0.652434 0.320313 0.686825 1.84083 -2.95429 67.6527 5.99304 -28.9592 
14652325 3.08581 32.3335 176.974 -0.652468 0.319756 0.687053 1.84514 -2.95142 67.6766 5.98959 -29.0258 
14698272 3.05145 32.2475 176.922 -0.652515 0.319299 0.687221 1.84916 -2.94883 67.7004 5.98643 -29.0973 
14742712 3.02351 32.1829 176.864 -0.652538 0.319186 0.687252 1.85261 -2.94682 67.7305 5.98356 -29.1767 
14787511 2.98223 32.1266 176.81 -0.65249 0.319423 0.687187 1.85692 -2.94481 67.748 5.9804 -29.2386 
14829655 2.94551 32.0532 176.761 -0.652463 0.319333 0.687255 1.86094 -2.94251 67.7686 5.97724 -29.3005 
14874961 3.03829 31.9869 176.764 -0.652447 0.318686 0.68757 1.85807 -2.94194 67.8655 5.97609 -29.3846 
14918016 2.98911 31.9419 176.698 -0.652156 0.319436 0.687497 1.86295 -2.93993 67.8496 5.97265 -29.4307 
14963359 2.96383 31.8897 176.641 -0.652277 0.319347 0.687424 1.86582 -2.9382 67.8972 5.97006 -29.5211 
15010203 2.87395 31.8939 176.545 -0.65219 0.320828 0.686817 1.87157 -2.93706 67.9004 5.9669 -29.5974 
15057316 2.95015 31.7938 176.517 -0.652277 0.319882 0.687176 1.87042 -2.93533 68.0052 5.9646 -29.7212 
15100349 2.94804 31.7634 176.48 -0.652339 0.32004 0.687043 1.87128 -2.93447 68.0607 5.96288 -29.7974 
15145948 2.79 31.7745 176.389 -0.652412 0.321847 0.686129 1.8799 -2.93275 68.0591 5.95886 -29.8561 
15189489 2.90074 31.6791 176.401 -0.652282 0.320858 0.686716 1.87703 -2.93131 68.1417 5.95713 -29.9276 
15234073 2.73134 31.7525 176.289 -0.652331 0.323017 0.685656 1.88392 -2.93102 68.1084 5.95512 -29.9736 
15278957 2.83829 31.6483 176.295 -0.652541 0.321378 0.686226 1.88047 -2.92959 68.2211 5.95397 -30.0768 
15321805 3.12578 31.4311 176.357 -0.65247 0.317649 0.688027 1.87013 -2.92729 68.3735 5.9534 -30.1958 
15368958 2.77679 31.6256 176.208 -0.65323 0.322354 0.685112 1.88335 -2.92786 68.4036 5.94966 -30.2816 
15413306 2.737 31.6183 176.149 -0.653422 0.323048 0.684602 1.88565 -2.927 68.4735 5.94737 -30.3784 
15455153 2.62445 31.6328 176.062 -0.653534 0.323956 0.684066 1.89024 -2.92585 68.4671 5.94535 -30.4435 
15498287 2.52858 31.5849 175.984 -0.653247 0.324773 0.683953 1.89656 -2.92298 68.4306 5.94133 -30.4879 
15542433 2.49993 31.5531 175.982 -0.653918 0.324609 0.683388 1.89857 -2.92154 68.5608 5.93875 -30.5959 
15589642 2.44722 31.4902 175.967 -0.654565 0.324473 0.682834 1.90231 -2.91925 68.6941 5.93473 -30.6927 
15633854 2.19523 31.4011 175.895 -0.65431 0.327785 0.681495 1.91983 -2.91293 68.7148 5.92295 -30.7451 
15680150 2.23347 31.3177 175.897 -0.654534 0.326961 0.681676 1.92012 -2.91091 68.7799 5.92065 -30.815 
15724020 2.2443 31.2596 175.878 -0.654815 0.326327 0.68171 1.9204 -2.90948 68.8196 5.91921 -30.8832 
15766910 2.28007 31.1676 175.871 -0.655171 0.325197 0.681907 1.91954 -2.90775 68.8799 5.91778 -30.9626 
15811320 2.33411 31.0551 175.842 -0.655209 0.323759 0.682555 1.91753 -2.90574 68.8926 5.91692 -31.0325 
15853446 2.27541 31.02 175.855 -0.655753 0.324432 0.681712 1.9204 -2.90402 69.0005 5.91347 -31.1055 
15897356 2.13559 31.0015 175.853 -0.656238 0.326644 0.680188 1.92845 -2.90115 69.1228 5.90686 -31.188 
15940399 2.06475 30.8816 175.869 -0.656373 0.327684 0.679557 1.93592 -2.89626 69.2275 5.89882 -31.2642 
15984526 2.08064 30.8015 175.887 -0.657137 0.325904 0.679674 1.93477 -2.89454 69.3339 5.89796 -31.3547 
16030620 2.09916 30.7136 175.852 -0.657439 0.324952 0.679838 1.93448 -2.89253 69.3831 5.89652 -31.4531 
16074952 2.14412 30.6263 175.834 -0.657523 0.323822 0.680296 1.93304 -2.89081 69.3895 5.89594 -31.5103 
16120093 2.17512 30.5466 175.815 -0.657778 0.32365 0.680131 1.93304 -2.88879 69.4641 5.89336 -31.6182 
16163024 2.20609 30.4242 175.834 -0.658143 0.322704 0.680228 1.93333 -2.88563 69.5609 5.88991 -31.7151 
16207460 2.31659 30.2664 175.813 -0.65765 0.320788 0.681609 1.93046 -2.88219 69.5419 5.88819 -31.7817 
16250543 2.23969 30.3581 175.786 -0.658106 0.323087 0.680082 1.93276 -2.88305 69.6244 5.88675 -31.8548 
16292907 2.28158 30.2375 175.767 -0.658168 0.32144 0.680801 1.93161 -2.88046 69.6133 5.88618 -31.9024 
16335423 2.29131 30.1621 175.721 -0.658103 0.32047 0.681322 1.93075 -2.87874 69.5704 5.88646 -31.9468 
16380636 2.29921 30.0658 175.734 -0.658241 0.320246 0.681294 1.93161 -2.87587 69.626 5.8833 -32.0072 
16425605 2.29361 30.0374 175.699 -0.658043 0.321159 0.681055 1.93276 -2.87443 69.6355 5.88101 -32.0596 
16474085 2.31805 29.9773 175.648 -0.657796 0.320992 0.681372 1.93247 -2.87271 69.6133 5.87986 -32.1183 
16517823 2.33744 29.9256 175.63 -0.65769 0.321099 0.681424 1.93247 -2.87098 69.6244 5.87813 -32.1675 
16562943 2.37629 29.8489 175.569 -0.657336 0.320372 0.682108 1.93132 -2.86897 69.58 5.87756 -32.2215 
16605242 2.39477 29.8795 175.53 -0.65698 0.322072 0.681651 1.93161 -2.86897 69.5863 5.87612 -32.2675 
16649487 2.42783 29.7702 175.497 -0.656866 0.320537 0.682483 1.93046 -2.8661 69.553 5.87555 -32.3088 
16694655 2.43375 29.8322 175.445 -0.656331 0.32333 0.68168 1.93161 -2.86667 69.5609 5.87354 -32.358 
16738502 2.46133 29.7049 175.424 -0.656222 0.321379 0.682706 1.93046 -2.86351 69.5133 5.87325 -32.3771 
16782467 2.48429 29.5995 175.373 -0.656177 0.319581 0.683594 1.92902 -2.86064 69.4657 5.87354 -32.4263 
16827077 2.51607 29.5194 175.313 -0.655979 0.318573 0.684254 1.92759 -2.85834 69.4244 5.87354 -32.4802 
16871774 2.5437 29.5212 175.238 -0.65551 0.319562 0.684242 1.92701 -2.85777 69.3831 5.87325 -32.5311 
16916761 2.57815 29.4534 175.185 -0.655206 0.318823 0.684877 1.92558 -2.85576 69.3228 5.87354 -32.5628 
16959310 2.58019 29.5038 175.131 -0.65502 0.320665 0.684195 1.92586 -2.85605 69.3339 5.87268 -32.6215 
17002184 2.60263 29.4375 175.077 -0.654872 0.319802 0.684741 1.92471 -2.85375 69.2799 5.87296 -32.6612 
17045402 2.64028 29.3418 175.02 -0.654539 0.318116 0.685843 1.9227 -2.85087 69.1783 5.87411 -32.6739 
17089502 2.66736 29.2992 174.969 -0.654388 0.317425 0.686307 1.92098 -2.84886 69.1164 5.87497 -32.7057 
17131572 2.68015 29.2475 174.93 -0.654368 0.316313 0.68684 1.91954 -2.84628 69.0434 5.87612 -32.7247 
17175056 2.72906 29.1807 174.887 -0.654225 0.314724 0.687705 1.91696 -2.84369 68.9497 5.87785 -32.7311 
17224108 2.77355 29.0656 174.823 -0.654159 0.312052 0.688985 1.91437 -2.83996 68.8084 5.88014 -32.7327 
17276344 2.80189 28.8856 174.765 -0.654387 0.307714 0.690717 1.9115 -2.83565 68.6497 5.88302 -32.7263 
17321080 2.82721 28.7081 174.721 -0.654746 0.303102 0.692414 1.90863 -2.83191 68.5052 5.88589 -32.7041 
17365512 2.84041 28.5402 174.692 -0.655227 0.298314 0.694036 1.90604 -2.82818 68.3862 5.88848 -32.6914 
17408114 2.88949 28.4215 174.669 -0.655433 0.294696 0.695386 1.90346 -2.82617 68.2671 5.89077 -32.6707 
17452250 2.97613 28.1584 174.662 -0.656055 0.287682 0.697733 1.89828 -2.82129 68.1353 5.89451 -32.6644 
17496485 3.0184 27.9863 174.635 -0.656365 0.282905 0.699393 1.89484 -2.81784 68.0052 5.89767 -32.6422 
17541806 3.0689 27.8361 174.567 -0.656198 0.278567 0.701287 1.89139 -2.81468 67.8178 5.90112 -32.6072 
17584018 3.09161 27.6702 174.522 -0.656425 0.2735 0.703067 1.88794 -2.81123 67.6845 5.90456 -32.593 
17627987 3.11871 27.5321 174.461 -0.656265 0.269713 0.704677 1.88536 -2.80836 67.5369 5.90744 -32.5628 
17673948 3.24316 27.3953 174.396 -0.655848 0.26308 0.707567 1.87559 -2.80865 67.3733 5.9172 -32.5311 
17716157 3.25787 27.2171 174.35 -0.655253 0.261002 0.708888 1.8753 -2.80405 67.2019 5.9172 -32.4882 
17760277 3.30261 27.056 174.294 -0.654851 0.256258 0.710986 1.87186 -2.8006 67.0082 5.92065 -32.4279 
17805282 3.30305 26.8981 174.236 -0.654921 0.250003 0.713146 1.86812 -2.79716 66.8161 5.92582 -32.3739 
17848577 3.31875 26.7523 174.168 -0.654982 0.243564 0.715315 1.86381 -2.79428 66.6272 5.93185 -32.3247 
17890639 3.33885 26.6139 174.112 -0.654739 0.238595 0.717209 1.86094 -2.79112 66.451 5.93559 -32.2707 
17933440 3.35185 26.4853 174.07 -0.654224 0.234903 0.718897 1.85979 -2.78768 66.2653 5.93731 -32.1913 
17978690 3.38236 26.3807 173.997 -0.653579 0.230478 0.720912 1.85692 -2.78566 66.0636 5.94133 -32.1135 
18023851 3.40287 26.2734 173.95 -0.652864 0.22692 0.722687 1.85548 -2.78308 65.8731 5.94363 -32.023 
18067994 3.45287 26.1344 173.899 -0.652091 0.222125 0.72487 1.8529 -2.77992 65.6541 5.94708 -31.9294 
18110282 3.52027 26.0216 173.855 -0.651374 0.216238 0.727291 1.84801 -2.77791 65.4493 5.95311 -31.8357 
18152332 3.55092 25.938 173.791 -0.650511 0.212167 0.72926 1.84543 -2.7759 65.2477 5.95713 -31.7484 
18199731 3.52186 25.6018 173.857 -0.650625 0.207153 0.730599 1.84887 -2.76527 65.1873 5.95225 -31.7071 
18245473 3.55515 25.5335 173.824 -0.649794 0.203353 0.732404 1.84744 -2.7624 65.0159 5.95512 -31.6087 
18291066 3.58146 25.4398 173.806 -0.649123 0.200238 0.733856 1.84715 -2.75866 64.8794 5.95627 -31.5293 
18335784 3.51676 25.0363 173.868 -0.649134 0.192851 0.735822 1.85175 -2.7443 64.7254 5.95225 -31.4293 
18380948 3.53566 24.8816 173.856 -0.648149 0.189036 0.737677 1.85347 -2.7374 64.5333 5.95167 -31.3023 
18424215 3.63 24.773 173.795 -0.646815 0.185719 0.739689 1.85203 -2.73424 64.3523 5.95369 -31.2166 
18471148 3.68174 24.6728 173.759 -0.645595 0.182462 0.741562 1.85175 -2.73108 64.1761 5.95512 -31.1102 
18515012 3.7641 24.5415 173.706 -0.644423 0.17749 0.743785 1.85002 -2.72792 64.0062 5.95799 -31.0325 
18560421 3.7814 24.4518 173.693 -0.643672 0.174554 0.745129 1.85117 -2.72505 63.8666 5.95914 -30.9435 
18603548 3.92724 24.294 173.662 -0.642072 0.169697 0.747627 1.84801 -2.72189 63.6776 5.96202 -30.8531 
18648824 4.18561 24.1038 173.638 -0.639763 0.163852 0.750903 1.84054 -2.7193 63.4665 5.96633 -30.7499 
18692803 4.02491 24.0872 173.668 -0.640543 0.161723 0.7507 1.84457 -2.71729 63.4617 5.96776 -30.7134 
18735825 3.90789 24.0428 173.732 -0.641386 0.159399 0.750477 1.84773 -2.71528 63.5284 5.96862 -30.6975 
18781931 3.86722 23.9871 173.771 -0.641294 0.15715 0.75103 1.84974 -2.71327 63.5363 5.9692 -30.6562 
18825005 3.8983 23.9164 173.734 -0.640198 0.154391 0.752536 1.85002 -2.71069 63.3967 5.97063 -30.5816 
18868971 3.89077 23.8663 173.755 -0.639859 0.152285 0.753252 1.85089 -2.70868 63.3474 5.9715 -30.5181 
18911241 3.94614 23.7783 173.749 -0.638887 0.149202 0.754694 1.85002 -2.70609 63.23 5.97322 -30.4355 
18959333 4.00971 23.7155 173.728 -0.637429 0.145689 0.75661 1.8483 -2.70408 63.0363 5.97667 -30.3149 
19001660 3.88002 23.6455 173.753 -0.63787 0.139332 0.757435 1.8483 -2.70149 62.9934 5.98327 -30.2689 
19045664 3.81058 23.5951 173.801 -0.638039 0.136884 0.757739 1.84974 -2.69977 63.0029 5.985 -30.226 
19091017 3.72492 23.5121 173.839 -0.638318 0.130551 0.758621 1.8483 -2.69776 63.0093 5.99161 -30.199 
19136669 3.72331 23.4629 173.842 -0.637743 0.129014 0.759368 1.84916 -2.69604 62.9458 5.99247 -30.1387 
19181995 3.64724 23.4334 173.853 -0.637942 0.126763 0.75958 1.85089 -2.6946 62.9236 5.99477 -30.1085 
19228917 3.73455 23.2304 173.834 -0.636525 0.121867 0.761567 1.84974 -2.68914 62.7886 5.99591 -30.053 
19273520 3.76074 23.1802 173.812 -0.635511 0.120233 0.762672 1.85031 -2.68684 62.641 5.99678 -29.9657 
19319412 3.78679 23.1204 173.813 -0.634434 0.118413 0.763853 1.85089 -2.68454 62.4886 5.99764 -29.8529 
19365577 3.87702 22.9811 173.798 -0.632887 0.113881 0.765823 1.84859 -2.6811 62.3203 6.00022 -29.7593 
19411228 3.88673 22.9035 173.821 -0.632192 0.111741 0.766712 1.84945 -2.67851 62.2283 6.00051 -29.672 
19455482 3.84384 22.8945 173.881 -0.632652 0.111595 0.766353 1.85089 -2.67822 62.2997 5.99965 -29.6577 
19499521 3.85408 22.8313 173.902 -0.63224 0.110036 0.766919 1.85146 -2.6765 62.2806 5.99936 -29.618 
19542829 3.8986 22.7527 173.879 -0.631097 0.107648 0.768198 1.85117 -2.6742 62.16 6.00022 -29.5466 
19586958 3.88197 22.6175 173.894 -0.630577 0.104634 0.769041 1.85318 -2.66961 62.087 5.99965 -29.491 
19628801 3.85095 22.4264 173.962 -0.630436 0.100354 0.769727 1.85548 -2.66329 62.0695 5.99879 -29.4322 
19671123 3.8889 22.3718 173.948 -0.629316 0.0984196 0.770892 1.85548 -2.66099 61.9489 5.99965 -29.3545 
19714143 3.85472 22.2301 173.958 -0.6285 0.0950622 0.771978 1.85922 -2.65496 61.8044 5.99907 -29.2544 
19759549 3.62973 21.9945 173.983 -0.628736 0.0899496 0.772399 1.87128 -2.64318 61.6647 5.9962 -29.1624 
19805616 3.45466 21.827 173.992 -0.628734 0.0852433 0.772934 1.88076 -2.63427 61.5567 5.99534 -29.1084 
19849528 3.1225 21.5358 174.043 -0.629334 0.0782744 0.773183 1.89972 -2.61819 61.4615 5.99074 -29.0449 
19892980 2.79824 21.1142 174.151 -0.629486 0.0690575 0.773937 1.92586 -2.59405 61.4123 5.98126 -28.9719 
19936907 2.75841 20.7497 174.233 -0.627345 0.0597016 0.776449 1.94396 -2.57337 61.3107 5.97379 -28.8862 
19980869 2.51468 20.2944 174.348 -0.626289 0.0498533 0.777995 1.98332 -2.54263 61.1694 5.95541 -28.802 
20031167 2.77293 19.7229 174.464 -0.623592 0.0428934 0.780573 1.99739 -2.52626 61.0154 5.9376 -28.6814 
20075095 2.78999 19.4966 174.506 -0.622307 0.036552 0.78192 1.99969 -2.52482 60.8805 5.93645 -28.5591 
20119121 2.82496 19.1658 174.543 -0.62103 0.0294338 0.783234 2.00314 -2.52023 60.7312 5.93501 -28.4432 
20163379 2.8364 18.8815 174.545 -0.619633 0.0232275 0.784548 2.0063 -2.51477 60.5788 5.93415 -28.3226 
20209340 2.78408 18.6321 174.548 -0.618523 0.0175492 0.785571 2.0109 -2.50902 60.4503 5.933 -28.2353 
20254439 2.7324 18.4245 174.536 -0.617221 0.012241 0.786694 2.01549 -2.50328 60.3026 5.93243 -28.1495 
20296833 2.70624 18.2408 174.531 -0.61617 0.00854233 0.787567 2.01923 -2.49868 60.1915 5.93099 -28.0749 
20340871 2.67653 18.054 174.496 -0.614908 0.00427007 0.788587 2.02353 -2.49351 60.055 5.92956 -28.021 
20388137 2.63778 17.8692 174.482 -0.613559 -0.000810288 0.789648 2.02756 -2.48805 59.901 5.92956 -27.9305 
20434927 2.57923 17.6792 174.46 -0.612173 -0.00549636 0.790705 2.03273 -2.48202 59.7327 5.92869 -27.84 
20479119 2.48708 17.5519 174.426 -0.611244 -0.0108015 0.791369 2.03531 -2.47828 59.6359 5.93185 -27.7924 
20524094 2.43098 17.2637 174.396 -0.609361 -0.0188144 0.79267 2.03962 -2.46967 59.4803 5.93358 -27.7177 
20569200 2.39232 17.103 174.387 -0.608215 -0.021378 0.793484 2.04479 -2.46478 59.3311 5.93099 -27.6241 
20612396 2.31068 16.9706 174.335 -0.606822 -0.0255008 0.794429 2.05025 -2.4599 59.1469 5.93099 -27.5495 
20655948 2.27219 16.7089 174.306 -0.60522 -0.0311409 0.795449 2.05628 -2.45186 58.9898 5.92898 -27.4844 
20701785 2.23511 16.4981 174.288 -0.604153 -0.0340667 0.79614 2.06232 -2.44554 58.8691 5.92496 -27.4256 
20747372 2.18972 16.3665 174.265 -0.602959 -0.036525 0.796935 2.06605 -2.44151 58.7326 5.92352 -27.3447 
20793005 2.14787 16.2331 174.202 -0.601539 -0.0395597 0.797864 2.0695 -2.4372 58.5691 5.92266 -27.2812 
20838393 2.12202 16.0782 174.234 -0.600492 -0.042751 0.798487 2.07295 -2.43261 58.4675 5.92151 -27.1828 
20883061 2.07062 15.9403 174.216 -0.599436 -0.0454352 0.799132 2.07697 -2.4283 58.3563 5.92008 -27.1161 
20927771 2.04287 15.8163 174.198 -0.598456 -0.0477293 0.799733 2.08013 -2.42456 58.2595 5.91893 -27.0574 
20970624 2.04601 15.6447 174.173 -0.597009 -0.0500064 0.800674 2.08444 -2.41939 58.0912 5.91605 -26.9653 
21013423 2.01764 15.5219 174.159 -0.595858 -0.0520341 0.801402 2.08817 -2.41537 57.9547 5.91433 -26.8843 
21063662 1.99176 15.4169 174.197 -0.594895 -0.0544491 0.801957 2.09047 -2.41193 57.8547 5.91404 -26.7732 
21112776 1.99808 15.2873 174.238 -0.593672 -0.0569051 0.802692 2.09191 -2.4079 57.7833 5.91318 -26.6668 
21156271 1.99735 15.1776 174.281 -0.592674 -0.0590306 0.803277 2.09305 -2.40446 57.7404 5.91261 -26.5779 
21201068 1.98322 15.0299 174.304 -0.591253 -0.0635267 0.80398 2.09363 -2.39957 57.7198 5.91433 -26.516 
21245340 1.95696 14.9447 174.328 -0.590421 -0.0650805 0.804467 2.09564 -2.39641 57.6785 5.91376 -26.4509 
21290167 1.94239 14.8883 174.337 -0.589412 -0.0657055 0.805156 2.09765 -2.39411 57.5674 5.91289 -26.3573 
21336510 1.95301 14.8032 174.359 -0.588289 -0.0672499 0.80585 2.0988 -2.39095 57.4816 5.91232 -26.27 
21381513 1.93995 14.7173 174.384 -0.587351 -0.0685996 0.80642 2.1011 -2.38779 57.3927 5.91117 -26.1795 
21429680 1.93771 14.6125 174.393 -0.585964 -0.0699393 0.807313 2.10455 -2.38406 57.2197 5.90916 -26.0493 
21473709 1.91883 14.4992 174.386 -0.585017 -0.0707201 0.807932 2.10914 -2.38033 57.0752 5.90571 -25.9572 
21519129 1.8681 14.5003 174.451 -0.586075 -0.0678472 0.807411 2.11345 -2.38061 57.0911 5.90054 -25.9096 
21562260 1.87449 14.1787 174.424 -0.584424 -0.0717303 0.808272 2.12035 -2.37085 56.9863 5.89365 -25.8588 
21608256 1.96501 14.0674 174.465 -0.583428 -0.0738715 0.808799 2.11891 -2.36711 56.9879 5.89278 -25.8064 
21652395 1.89427 13.7807 174.476 -0.58298 -0.0751611 0.809003 2.12954 -2.35878 56.9117 5.88244 -25.7429 
21697447 1.93355 13.7098 174.524 -0.582618 -0.0773598 0.809056 2.1281 -2.35591 56.9752 5.8833 -25.7207 
21741320 1.99529 13.5159 174.569 -0.582497 -0.0778301 0.809098 2.13069 -2.34987 57.0324 5.87641 -25.6984 
21784390 1.87488 13.5547 174.643 -0.583974 -0.0754017 0.808263 2.13586 -2.35131 57.0625 5.87296 -25.6508 
21828557 1.78549 13.4345 174.625 -0.584092 -0.0753992 0.808178 2.14333 -2.34786 56.9847 5.86722 -25.6191 
21875673 1.61524 13.5319 174.698 -0.5856 -0.0737446 0.807239 2.14764 -2.35102 57.0133 5.8675 -25.5778 
21921172 1.45395 13.4195 174.754 -0.586305 -0.0750072 0.80661 2.15539 -2.34844 57.0371 5.86434 -25.5445 
21966020 1.51554 13.2215 174.795 -0.585321 -0.0785068 0.806992 2.15568 -2.34212 57.08 5.86233 -25.5159 
22014029 1.4498 13.1348 174.862 -0.585441 -0.0802443 0.806734 2.15855 -2.33982 57.107 5.86147 -25.4683 
22060118 1.3253 12.9676 174.915 -0.585632 -0.0831623 0.8063 2.16458 -2.33551 57.1419 5.85917 -25.4381 
22106308 1.25048 12.8333 174.96 -0.585542 -0.0852302 0.806149 2.16918 -2.33178 57.1387 5.85688 -25.3921 
22149497 0.919671 12.9837 175.043 -0.588774 -0.0807923 0.80425 2.17924 -2.33867 57.161 5.85486 -25.3571 
22193409 0.877304 12.4097 175.025 -0.58491 -0.0956872 0.805434 2.18584 -2.32086 57.1324 5.85601 -25.3333 
22237940 1.00646 11.2545 175.048 -0.577286 -0.120214 0.807645 2.19705 -2.28237 57.1324 5.8474 -25.2762 
22286105 1.05834 10.7381 175.141 -0.57407 -0.130642 0.808317 2.20337 -2.26283 57.1435 5.84136 -25.1904 
22329071 1.0595 10.3656 175.205 -0.571743 -0.137647 0.808803 2.2094 -2.24761 57.0895 5.83533 -25.0984 
22374281 1.01171 10.3903 175.301 -0.572818 -0.136084 0.808307 2.21112 -2.24646 57.0927 5.83361 -25.0174 
22420416 0.939225 10.4193 175.408 -0.574233 -0.134475 0.807572 2.21285 -2.24588 57.1276 5.83188 -24.9523 
22468251 0.864362 10.4739 175.514 -0.576027 -0.132292 0.806655 2.214 -2.24674 57.1911 5.83073 -24.9063 
22510242 0.793858 10.5256 175.61 -0.57762 -0.13025 0.805847 2.21514 -2.24789 57.2467 5.82958 -24.8634 
22555586 0.652134 10.5901 175.722 -0.579654 -0.127896 0.804763 2.2183 -2.25019 57.2975 5.82844 -24.8031 
22599557 0.474995 10.7154 175.822 -0.582269 -0.124426 0.803419 2.22146 -2.25508 57.3689 5.82815 -24.7666 
22645778 0.116264 10.7851 175.943 -0.585588 -0.121354 0.801474 2.23209 -2.26025 57.3911 5.82585 -24.6888 
22692181 0.0228587 10.7778 176.012 -0.586441 -0.121257 0.800865 2.23468 -2.26053 57.4356 5.82556 -24.6539 
22743073 -0.35316 10.7011 176.114 -0.587718 -0.125093 0.799337 2.2456 -2.2614 57.4451 5.8293 -24.5808 
22790032 -0.355018 10.573 176.192 -0.587151 -0.128635 0.799191 2.24674 -2.25709 57.4816 5.82901 -24.5285 
22834232 -0.433207 10.4331 176.244 -0.586976 -0.13267 0.79866 2.2499 -2.25306 57.5404 5.8293 -24.5205 
22878249 -0.487627 10.3513 176.322 -0.58707 -0.135771 0.79807 2.25134 -2.25048 57.6324 5.83045 -24.5094 
22925392 -0.470314 10.1779 176.353 -0.586359 -0.139055 0.798027 2.25335 -2.24445 57.6626 5.82786 -24.4999 
22971703 -0.484275 10.0502 176.389 -0.585691 -0.141227 0.798136 2.25622 -2.24014 57.615 5.82556 -24.4523 
23016847 -0.485104 9.99471 176.419 -0.585485 -0.14226 0.798103 2.25737 -2.23784 57.5959 5.82441 -24.4173 
23063803 -0.521468 9.92897 176.507 -0.585776 -0.14351 0.797666 2.2591 -2.23554 57.634 5.82326 -24.3634 
23108174 -0.581621 9.90504 176.592 -0.586714 -0.14391 0.796904 2.26053 -2.23497 57.7198 5.82269 -24.3459 
23151074 -0.911502 9.85293 176.678 -0.589241 -0.143812 0.795056 2.27088 -2.23669 57.7674 5.82097 -24.3126 
23194281 -0.869392 9.81023 176.759 -0.589066 -0.144938 0.79498 2.26973 -2.23382 57.8356 5.81982 -24.2776 
23239185 -0.922244 9.72543 176.833 -0.589552 -0.146219 0.794385 2.27231 -2.23152 57.8912 5.81809 -24.2491 
23284572 -1.02094 9.56647 176.9 -0.590293 -0.148182 0.793471 2.27748 -2.2275 57.9579 5.81436 -24.238 
23328443 -1.10171 9.34469 176.92 -0.589643 -0.151353 0.793356 2.28438 -2.22089 57.8801 5.80976 -24.1713 
23375857 -1.13648 9.22905 176.982 -0.589499 -0.153152 0.793117 2.28754 -2.21687 57.8785 5.80718 -24.1157 
23418949 -1.17839 9.17732 177.069 -0.590103 -0.15385 0.792533 2.28926 -2.21514 57.9356 5.80574 -24.0808 
23465755 -1.19908 9.10937 177.141 -0.590134 -0.154694 0.792346 2.29098 -2.21285 57.9325 5.80402 -24.0157 
23511171 -1.26865 9.07947 177.233 -0.591355 -0.154057 0.791559 2.29328 -2.21256 57.9944 5.80172 -23.9776 
23554949 -1.33716 8.97305 177.321 -0.592241 -0.154761 0.790759 2.29702 -2.20969 58.0563 5.79799 -23.9411 
23597126 -1.48398 8.99219 177.383 -0.593127 -0.154331 0.790178 2.30104 -2.2117 58.0341 5.79856 -23.8696 
23642485 -1.47439 8.85343 177.456 -0.59344 -0.155515 0.789711 2.30334 -2.20681 58.0976 5.79368 -23.8458 
23686708 -1.51783 8.80342 177.548 -0.594162 -0.156197 0.789034 2.30506 -2.20538 58.1706 5.79224 -23.8141 
23733530 -1.53576 8.76455 177.639 -0.5946 -0.157137 0.788517 2.30563 -2.20394 58.2436 5.79167 -23.7807 
23778848 -1.60294 8.6968 177.724 -0.595512 -0.157861 0.787684 2.30822 -2.20222 58.323 5.78965 -23.7617 
23825181 -2.11181 8.52946 177.859 -0.600985 -0.154344 0.784216 2.32718 -2.20279 58.4151 5.7773 -23.7299 
23871904 -1.93028 8.46818 177.936 -0.599796 -0.157498 0.784499 2.32201 -2.1982 58.5278 5.77845 -23.7284 
23918540 -1.94951 8.38943 178.028 -0.600516 -0.158698 0.783706 2.32316 -2.19561 58.631 5.77644 -23.7188 
23964311 -2.02113 8.2766 178.094 -0.601146 -0.160104 0.782937 2.32661 -2.19245 58.677 5.77357 -23.6918 
24008482 -2.20951 8.22978 178.183 -0.602986 -0.159413 0.781662 2.33264 -2.19274 58.7167 5.77069 -23.6442 
24051187 -2.39823 8.24142 178.283 -0.605941 -0.156087 0.780046 2.33838 -2.19532 58.812 5.76581 -23.6283 
24096591 -2.31275 8.20134 178.336 -0.605374 -0.157724 0.780158 2.33609 -2.19274 58.8675 5.7661 -23.6109 
24142595 -2.14119 7.95341 178.296 -0.603364 -0.161022 0.78104 2.33637 -2.18182 58.7818 5.75892 -23.5871 
24194808 -1.81955 7.49237 178.378 -0.599707 -0.169052 0.782159 2.33407 -2.16142 58.7865 5.74915 -23.5109 
24240008 -1.77463 7.33999 178.424 -0.598614 -0.171473 0.782469 2.33465 -2.15424 58.7532 5.74599 -23.441 
24284324 -2.05862 7.54837 178.438 -0.602276 -0.162903 0.781489 2.34126 -2.16315 58.6675 5.74225 -23.368 
24332057 -2.00507 7.34644 178.505 -0.600942 -0.166393 0.781781 2.34241 -2.15424 58.6357 5.73881 -23.2807 
24376010 -2.1356 7.40037 178.585 -0.602922 -0.16196 0.781187 2.34643 -2.15625 58.5881 5.73421 -23.1727 
24420433 -2.51309 7.41373 178.697 -0.607897 -0.153535 0.77903 2.35993 -2.1597 58.5564 5.72071 -23.06 
24468484 -2.5722 7.3361 178.794 -0.608966 -0.152817 0.778336 2.36338 -2.15712 58.5897 5.71554 -22.9965 
24511515 -2.65775 7.25856 178.9 -0.610975 -0.149959 0.777317 2.36826 -2.15482 58.6341 5.70663 -22.9362 
24557802 -2.73709 7.12641 178.996 -0.612145 -0.149615 0.776462 2.37314 -2.15051 58.6659 5.69945 -22.8759 
24601195 -2.74845 7.04025 179.087 -0.612994 -0.148492 0.776008 2.37573 -2.14706 58.6897 5.69284 -22.8092 
24645968 -3.04745 7.14132 179.171 -0.616673 -0.141971 0.774312 2.38463 -2.15309 58.6945 5.68652 -22.7441 
24693202 -2.65072 6.58511 179.189 -0.613274 -0.148697 0.775748 2.38291 -2.12896 58.6595 5.66929 -22.6965 
24738224 -2.78249 6.67783 179.212 -0.614517 -0.144965 0.77547 2.38665 -2.1327 58.5818 5.66728 -22.6171 
24782210 -2.83739 6.59417 179.301 -0.616421 -0.141643 0.774573 2.39095 -2.12954 58.623 5.65694 -22.5695 
24826392 -2.92873 6.55604 179.392 -0.618604 -0.136484 0.773758 2.39641 -2.1281 58.6167 5.64544 -22.4822 
24875478 -2.87563 6.34474 179.411 -0.618591 -0.135489 0.773943 2.40015 -2.1192 58.5468 5.63252 -22.4139 
24920483 -2.80901 6.16743 179.472 -0.622067 -0.122393 0.773339 2.40675 -2.11029 58.5214 5.59891 -22.3441 
24964675 -3.1065 6.08817 179.489 -0.622483 -0.127842 0.772121 2.41508 -2.10943 58.5008 5.60436 -22.325 
25009397 -2.92396 5.99713 179.557 -0.623221 -0.122827 0.77234 2.41307 -2.10397 58.5453 5.59086 -22.2901 
25058916 -3.01703 6.04211 179.578 -0.62459 -0.118241 0.771949 2.4171 -2.10541 58.4945 5.58426 -22.2329 
25104364 -3.03031 5.90607 179.629 -0.625097 -0.117768 0.771612 2.42026 -2.09995 58.4913 5.5765 -22.1885 
25150643 -2.98614 5.80462 179.705 -0.624564 -0.118949 0.771862 2.42026 -2.09593 58.4722 5.57449 -22.0948 
25202215 -2.97102 5.68084 179.781 -0.62415 -0.120507 0.771955 2.42112 -2.09104 58.4595 5.5719 -22.0043 
25249763 -3.0597 5.54749 179.835 -0.626432 -0.112758 0.771277 2.42945 -2.08444 58.3849 5.55036 -21.9012 
25297520 -3.03961 5.3224 179.826 -0.626734 -0.110369 0.771377 2.43433 -2.07438 58.2976 5.5337 -21.8281 
25344939 -3.03851 5.31538 179.929 -0.627511 -0.10772 0.77112 2.43548 -2.07295 58.3087 5.52824 -21.7329 
25398001 -2.94964 5.14947 180.013 -0.627841 -0.105032 0.771222 2.43663 -2.06519 58.2976 5.51531 -21.6329 
25445045 -2.87136 4.87295 180.073 -0.630884 -0.0898424 0.770658 2.44352 -2.05083 58.2801 5.47279 -21.5567 
25490127 -2.86128 5.03383 180.09 -0.63065 -0.0895247 0.770887 2.44123 -2.05657 58.2722 5.48026 -21.5297 
25539203 -2.6091 5.20848 180.119 -0.633371 -0.0613198 0.771415 2.44036 -2.05829 58.2008 5.4389 -21.4376 
25583418 -2.83491 5.11469 180.172 -0.633473 -0.0721906 0.77039 2.44496 -2.056 58.242 5.45154 -21.4201 
25630570 -2.73254 5.04884 180.191 -0.633225 -0.0669043 0.77107 2.44525 -2.05197 58.1547 5.43947 -21.3249 
25677555 -2.61199 4.60085 180.235 -0.633763 -0.0634919 0.770917 2.44783 -2.03359 58.1944 5.41161 -21.2995 
25727861 -2.58855 4.63751 180.293 -0.634377 -0.0574907 0.770883 2.4487 -2.0333 58.1738 5.40241 -21.2201 
25776967 -2.53432 4.45933 180.375 -0.634759 -0.0550263 0.770749 2.44898 -2.02612 58.2119 5.39092 -21.1598 
25826976 -2.48196 4.27438 180.453 -0.635528 -0.048519 0.770551 2.45099 -2.01722 58.2278 5.37081 -21.0852 
25873256 -2.49682 4.51626 180.464 -0.636186 -0.0365042 0.770672 2.453 -2.02382 58.1246 5.36047 -20.9947 
25919392 -2.54888 4.41872 180.519 -0.63643 -0.0331643 0.770621 2.45731 -2.01865 58.0468 5.34927 -20.874 
25964277 -2.34553 4.21456 180.607 -0.636255 -0.0248043 0.77108 2.45444 -2.01003 58.0865 5.32715 -20.8026 
26013458 -2.33044 3.87327 180.59 -0.635922 -0.0237198 0.771388 2.4576 -1.99596 58.0261 5.30848 -20.755 
26061611 -2.19424 4.06733 180.675 -0.635899 -0.01317 0.77166 2.45415 -2.00199 58.0388 5.30072 -20.6788 
26107570 -2.15925 3.79046 180.751 -0.636183 -0.00730677 0.771503 2.45616 -1.9905 58.0627 5.27745 -20.6121 
26153946 -2.02439 3.48412 180.771 -0.635559 6.78458e-005 0.772053 2.4553 -1.97815 58.0595 5.2516 -20.5724 
26205090 -2.04908 3.56585 180.836 -0.63582 0.00731231 0.771803 2.45731 -1.9793 58.0309 5.2424 -20.4867 
26250295 -2.08314 3.68226 180.862 -0.635665 0.0150373 0.771819 2.46019 -1.98131 57.9484 5.23321 -20.3946 
26298366 -1.96354 3.54273 180.936 -0.634708 0.0239122 0.772382 2.45904 -1.97556 57.9166 5.21339 -20.2851 
26345098 -1.7882 3.07412 180.986 -0.633201 0.0268151 0.773523 2.45616 -1.95976 57.888 5.19041 -20.1898 
26393551 -1.75291 2.99973 181.052 -0.632891 0.02795 0.773736 2.45559 -1.9566 57.8817 5.18552 -20.1136 
26439518 -1.69561 2.84755 181.143 -0.632558 0.0315175 0.773872 2.45473 -1.95114 57.9039 5.17461 -20.0343 
26486428 -1.66895 2.76379 181.207 -0.631788 0.0373701 0.77424 2.45559 -1.94683 57.8452 5.16082 -19.9152 
26529919 -1.60812 2.61464 181.288 -0.631581 0.0384808 0.774354 2.45387 -1.94195 57.8864 5.15421 -19.8612 
26576671 -1.51117 2.62047 181.404 -0.630499 0.0529821 0.77438 2.45243 -1.94138 57.9182 5.13152 -19.7707 
26621858 -1.54572 2.51602 181.428 -0.630295 0.0516859 0.774633 2.45415 -1.93707 57.861 5.12778 -19.6977 
26668293 -1.53188 2.40794 181.47 -0.629954 0.0519479 0.774893 2.45415 -1.93304 57.8341 5.12347 -19.6358 
26715516 -1.50835 2.34973 181.584 -0.629802 0.0564141 0.774704 2.45358 -1.93075 57.8801 5.11486 -19.5628 
26760325 -1.50928 2.26908 181.67 -0.629202 0.0640776 0.774596 2.45444 -1.92672 57.8849 5.09819 -19.477 
26807328 -1.48969 2.1858 181.712 -0.62852 0.0655443 0.775027 2.45444 -1.92328 57.8325 5.09216 -19.3929 
26853593 -1.45878 2.14682 181.719 -0.628092 0.0636956 0.775528 2.45358 -1.92213 57.7817 5.09475 -19.3485 
26897848 -1.41068 1.89293 181.7 -0.62791 0.0540207 0.776409 2.45099 -1.91408 57.7451 5.10279 -19.3373 
26944885 -1.37439 1.66617 181.725 -0.627702 0.046358 0.777072 2.44898 -1.90633 57.7245 5.10825 -19.2945 
26990865 -1.40831 1.54765 181.751 -0.627781 0.0430802 0.777197 2.45013 -1.90144 57.6959 5.10882 -19.2516 
27043158 -1.42087 1.42606 181.769 -0.627632 0.0404994 0.777456 2.45128 -1.89656 57.6436 5.10767 -19.2008 
27088171 -1.42226 1.37485 181.831 -0.627577 0.0397297 0.77754 2.45186 -1.89512 57.6182 5.1071 -19.1278 
27134697 -1.45033 1.33901 181.837 -0.627132 0.038534 0.777959 2.45444 -1.89426 57.488 5.1071 -19.0246 
27179744 -1.41911 1.19806 181.895 -0.626976 0.0362419 0.778195 2.45415 -1.8911 57.4673 5.10624 -18.9547 
27225506 -1.3782 1.02158 181.957 -0.626568 0.0329668 0.778669 2.45358 -1.88708 57.4308 5.10538 -18.8643 
27271578 -1.37428 0.977296 181.997 -0.626103 0.0321685 0.779076 2.45473 -1.88679 57.3435 5.1048 -18.7611 
27314946 -1.34492 0.867528 182.02 -0.625374 0.0299435 0.77975 2.45502 -1.8845 57.2435 5.10423 -18.6611 
27360873 -1.37567 0.835494 182.076 -0.625377 0.0291231 0.779779 2.45703 -1.8845 57.1864 5.10365 -18.5658 
27405874 -1.33095 0.689291 182.138 -0.624944 0.0259932 0.780236 2.45616 -1.88162 57.1546 5.10365 -18.4817 
27451941 -1.31458 0.602595 182.18 -0.624405 0.0241987 0.780726 2.45674 -1.88019 57.0768 5.10308 -18.3785 
27496228 -1.30728 0.577064 182.228 -0.623925 0.0237642 0.781123 2.4576 -1.88047 56.9959 5.1025 -18.2705 
27540473 -1.29776 0.552175 182.261 -0.623296 0.0235881 0.78163 2.45875 -1.88076 56.8895 5.10135 -18.1562 
27582322 -1.39307 0.720317 182.319 -0.623952 0.0247893 0.781069 2.46277 -1.88651 56.8466 5.10451 -18.0721 
27628696 -1.33757 0.452316 182.387 -0.623558 0.0196034 0.781531 2.46134 -1.87961 56.8466 5.10308 -18.0007 
27674935 -1.29793 0.249541 182.434 -0.623178 0.0154567 0.781927 2.46047 -1.87444 56.8323 5.10222 -17.9372 
27724718 -1.25769 -0.0370685 182.494 -0.62259 0.00958659 0.782489 2.45961 -1.86611 56.8022 5.10049 -17.8419 
27768953 -1.22923 -0.285309 182.549 -0.6223 0.00423752 0.782768 2.45875 -1.85864 56.8085 5.09934 -17.7832 
27812985 -1.00034 -0.678459 182.607 -0.620568 -0.0067842 0.784123 2.45128 -1.84859 56.8276 5.10509 -17.7276 
27856263 -1.10645 -0.485542 182.629 -0.621024 -0.00288635 0.783786 2.4553 -1.85318 56.7561 5.10451 -17.653 
27902200 -1.08711 -0.570815 182.71 -0.620922 -0.00453234 0.783859 2.45473 -1.8506 56.7641 5.10394 -17.5768 
27947369 -0.99948 -0.674403 182.791 -0.62076 -0.0084128 0.783956 2.45157 -1.8483 56.8308 5.10739 -17.553 
27990801 -0.945361 -0.708739 182.873 -0.620913 -0.00995624 0.783816 2.44927 -1.84801 56.907 5.10968 -17.5371 
28035769 -0.913089 -0.856515 182.837 -0.619701 -0.0112779 0.784757 2.44927 -1.84284 56.7815 5.10509 -17.4657 
28079840 -0.918442 -0.897381 182.893 -0.619783 -0.0133228 0.78466 2.44927 -1.84112 56.7927 5.10624 -17.4228 
28123720 -0.881157 -1.04916 182.835 -0.61863 -0.0155421 0.785529 2.44898 -1.83566 56.6784 5.10308 -17.3863 
28167962 -0.859972 -1.18808 182.816 -0.617756 -0.0178243 0.786168 2.44898 -1.8302 56.5799 5.1002 -17.326 
28215280 -0.888416 -1.27001 182.907 -0.619136 -0.0207537 0.78501 2.44927 -1.82704 56.6387 5.1002 -17.2847 
28262267 -0.890323 -1.40522 182.971 -0.619094 -0.0242426 0.784942 2.44956 -1.82273 56.6371 5.09992 -17.2164 
28308486 -1.00984 -1.24299 182.991 -0.619148 -0.0219221 0.784968 2.45473 -1.82704 56.5212 5.10078 -17.1069 
28352644 -1.03713 -1.19297 183.016 -0.618763 -0.0212781 0.78529 2.45674 -1.82877 56.4291 5.10107 -17.0116 
28399750 -1.01859 -1.17579 183.004 -0.618021 -0.0208826 0.785884 2.4576 -1.82991 56.318 5.10078 -16.9418 
28444524 -1.00244 -1.14876 183.025 -0.617379 -0.020241 0.786405 2.45846 -1.83164 56.2148 5.10078 -16.8434 
28488691 -0.977815 -1.1739 183.04 -0.616529 -0.0209178 0.787054 2.45904 -1.83164 56.1037 5.10049 -16.7449 
28532958 -0.960633 -1.1071 183.012 -0.615486 -0.0192444 0.787913 2.46047 -1.83451 55.937 5.09992 -16.6513 
28580366 -0.947022 -1.18734 183.062 -0.61503 -0.0211265 0.788221 2.46105 -1.83279 55.8767 5.09934 -16.5576 
28628648 -1.09619 -0.992268 183.129 -0.615849 -0.0164702 0.787692 2.46679 -1.83853 55.8195 5.09733 -16.4544 
28671122 -1.11896 -1.05131 183.165 -0.615546 -0.0176675 0.787903 2.4688 -1.8371 55.7512 5.0959 -16.3624 
28715494 -1.00785 -1.37023 183.216 -0.614996 -0.0250286 0.788133 2.46536 -1.82848 55.81 5.09618 -16.3481 
28761826 -0.847526 -1.71094 183.244 -0.613486 -0.0333075 0.789003 2.46105 -1.81929 55.7941 5.09733 -16.2862 
28807469 -0.492821 -2.54333 183.23 -0.609634 -0.0521903 0.790963 2.45042 -1.79458 55.756 5.09704 -16.2354 
28851675 -0.421584 -3.02949 183.249 -0.607901 -0.0620782 0.791583 2.44812 -1.77648 55.7179 5.09187 -16.156 
28898035 -0.441879 -3.32999 183.297 -0.607372 -0.0674745 0.791547 2.44841 -1.76355 55.7179 5.08613 -16.0861 
28945322 -0.460961 -4.03202 183.333 -0.605741 -0.0812231 0.791505 2.44898 -1.73598 55.7131 5.07579 -15.9972 
28990289 -0.45106 -4.83512 183.363 -0.60316 -0.0987536 0.791483 2.44898 -1.70265 55.7036 5.06631 -15.9115 
29033160 -0.436843 -5.29917 183.416 -0.601183 -0.109162 0.79162 2.44898 -1.67881 55.6751 5.05999 -15.8131 
29081481 -0.442278 -5.64522 183.466 -0.59864 -0.116479 0.792504 2.45013 -1.66129 55.5893 5.05453 -15.6813 
29124452 -0.397531 -5.43983 183.586 -0.599687 -0.112569 0.792277 2.4487 -1.66588 55.6338 5.05711 -15.6131 
29168416 -0.341672 -5.46239 183.688 -0.599868 -0.113936 0.791945 2.44697 -1.66531 55.7068 5.05884 -15.5765 
29215028 -0.308638 -5.53079 183.777 -0.599702 -0.117033 0.791619 2.44611 -1.66301 55.756 5.06056 -15.5337 
29260794 -0.282865 -5.55205 183.865 -0.599628 -0.119224 0.791348 2.44554 -1.66215 55.7893 5.06286 -15.4813 
29308809 -0.266621 -5.60466 183.965 -0.599765 -0.122484 0.790747 2.44496 -1.66014 55.8687 5.06573 -15.4432 
29356043 -0.354874 -5.56589 184.049 -0.600547 -0.125606 0.789662 2.44812 -1.66042 55.9417 5.07148 -15.413 
29406227 -0.391257 -5.01567 184.13 -0.60068 -0.128767 0.789051 2.45272 -1.67996 55.9545 5.10135 -15.3591 
29451290 -0.339212 -5.56517 184.174 -0.599186 -0.134208 0.789281 2.45013 -1.65928 55.9386 5.08469 -15.2765 
29495524 -0.365724 -5.28634 184.229 -0.598181 -0.143357 0.788434 2.45444 -1.66876 55.9703 5.11141 -15.2511 
29539513 -0.341367 -5.26927 184.31 -0.598316 -0.144467 0.788129 2.45358 -1.66962 56.0338 5.11457 -15.2241 
29586119 -0.15539 -5.41869 184.367 -0.596443 -0.147953 0.788901 2.44755 -1.66502 56.0513 5.11457 -15.1828 
29628785 -0.045234 -5.58655 184.444 -0.595838 -0.148811 0.789197 2.4418 -1.65956 56.1195 5.10854 -15.1559 
29675852 -0.211461 -5.45908 184.428 -0.595546 -0.154268 0.78837 2.44927 -1.66186 56.0576 5.11974 -15.1051 
29721383 -0.222907 -5.54872 184.465 -0.594389 -0.16223 0.787644 2.45128 -1.65813 56.0973 5.12807 -15.086 
29768360 -0.19386 -5.77871 184.499 -0.592212 -0.173756 0.786825 2.45243 -1.64951 56.1592 5.13611 -15.0812 
29814184 -0.150468 -5.93546 184.554 -0.590915 -0.180873 0.786196 2.45214 -1.64376 56.2354 5.14071 -15.0733 
29857125 -0.0610589 -6.12916 184.593 -0.588486 -0.190511 0.785741 2.45128 -1.63658 56.2894 5.14732 -15.0606 
29906435 0.0560617 -6.35846 184.627 -0.585624 -0.200881 0.785297 2.44984 -1.62854 56.345 5.15364 -15.0543 
29951675 0.125385 -6.61346 184.684 -0.583294 -0.210478 0.784517 2.44927 -1.61963 56.418 5.15708 -15.0352 
29997585 0.207416 -6.78587 184.755 -0.581364 -0.21825 0.783826 2.44841 -1.61389 56.491 5.16111 -15.0098 
30044565 0.307136 -7.00168 184.833 -0.579258 -0.226573 0.783023 2.44697 -1.60699 56.5863 5.16455 -14.9987 
30089824 0.432738 -7.2449 184.903 -0.576518 -0.237141 0.781915 2.44525 -1.59924 56.7244 5.1703 -15.0241 
30136040 0.565666 -7.49061 184.945 -0.572861 -0.248436 0.781096 2.4441 -1.59091 56.8022 5.17691 -15.0273 
30183197 0.6 -7.71754 185.001 -0.570619 -0.256533 0.780119 2.44525 -1.58315 56.8498 5.17863 -14.9924 
30229209 0.707107 -7.9505 185.059 -0.567713 -0.265709 0.779167 2.44439 -1.57568 56.9355 5.18236 -14.9892 
30272252 0.797625 -8.1603 185.15 -0.565326 -0.273462 0.778219 2.44352 -1.56879 57.0197 5.18466 -14.9765 
30317418 0.900445 -8.36985 185.196 -0.562623 -0.281152 0.777437 2.44266 -1.56189 57.0816 5.18725 -14.9638 
30361778 1.06336 -8.61075 185.252 -0.559666 -0.289883 0.776365 2.44008 -1.55442 57.2165 5.19041 -14.9987 
30406900 1.19254 -8.78367 185.325 -0.557021 -0.297308 0.775459 2.43835 -1.54896 57.3197 5.19414 -15.0003 
30454083 1.37088 -9.04369 185.389 -0.552709 -0.307972 0.774381 2.43634 -1.54035 57.4245 5.19931 -15.0035 
30499093 1.49795 -9.19922 185.448 -0.55026 -0.314107 0.773661 2.43433 -1.53575 57.5102 5.20219 -15.0066 
30541978 1.59061 -9.36862 185.507 -0.547808 -0.320562 0.772753 2.43376 -1.53029 57.5848 5.20448 -14.9971 
30588215 1.71436 -9.54138 185.56 -0.544711 -0.32747 0.772045 2.43261 -1.52455 57.6372 5.20736 -14.9733 
30630207 1.80089 -9.68869 185.603 -0.541854 -0.334238 0.771154 2.43261 -1.51937 57.6975 5.2108 -14.9638 
30674190 1.76455 -9.70156 185.614 -0.542626 -0.332681 0.771285 2.43318 -1.51909 57.6515 5.20649 -14.9162 
30717357 1.77501 -9.7535 185.651 -0.541926 -0.334914 0.770811 2.43376 -1.51765 57.6769 5.20678 -14.8971 
30766836 1.85948 -9.92264 185.712 -0.539904 -0.339891 0.770051 2.43318 -1.51248 57.7261 5.20649 -14.8654 
30811770 1.89525 -10.0354 185.778 -0.53875 -0.343198 0.769392 2.43347 -1.50875 57.7642 5.20621 -14.8225 
30860316 2.03545 -10.2076 185.862 -0.536144 -0.349342 0.768446 2.43117 -1.50329 57.8785 5.20851 -14.8177 
30909222 2.16451 -10.3572 185.932 -0.533131 -0.355812 0.767573 2.42974 -1.49812 57.969 5.21224 -14.8082 
30953197 2.23154 -10.499 186.005 -0.531346 -0.360241 0.766745 2.42945 -1.49323 58.0293 5.21253 -14.7733 
30997201 2.33738 -10.5987 186.077 -0.528541 -0.366007 0.765953 2.42859 -1.48979 58.1087 5.21712 -14.759 
31040170 2.49394 -10.7667 186.136 -0.524702 -0.373532 0.764959 2.42686 -1.48404 58.2103 5.22201 -14.7701 
31087562 2.43502 -10.7777 186.123 -0.52523 -0.372473 0.765113 2.42887 -1.48318 58.1341 5.21885 -14.7241 
31132518 2.37091 -10.7636 186.153 -0.526005 -0.371542 0.765033 2.43088 -1.48375 58.1023 5.21712 -14.6733 
31176844 2.4445 -10.8774 186.25 -0.524522 -0.375285 0.764224 2.43031 -1.48031 58.1738 5.2177 -14.6447 
31224640 2.68174 -11.3863 186.276 -0.518761 -0.386697 0.762465 2.42772 -1.46221 58.2516 5.21253 -14.6368 
31272902 2.65726 -11.4419 186.286 -0.518723 -0.386851 0.762413 2.42887 -1.45934 58.2087 5.20937 -14.5891 
31316453 2.6757 -11.4512 186.346 -0.518899 -0.387037 0.762199 2.4283 -1.45905 58.2452 5.20908 -14.5621 
31361166 2.75595 -11.5328 186.427 -0.518844 -0.387543 0.761978 2.42543 -1.45704 58.296 5.20649 -14.5129 
31403993 2.81534 -11.673 186.485 -0.519164 -0.388081 0.761487 2.42284 -1.45302 58.3532 5.20104 -14.4844 
31448237 2.8249 -11.6821 186.573 -0.519618 -0.388489 0.760968 2.42227 -1.4533 58.4325 5.20132 -14.4558 
31492440 2.86646 -11.7559 186.653 -0.519228 -0.390204 0.760358 2.42169 -1.451 58.4929 5.20046 -14.4177 
31536572 2.97487 -11.8866 186.71 -0.517764 -0.393126 0.75985 2.41911 -1.44727 58.55 5.1996 -14.3954 
31582958 3.03636 -12.0501 186.775 -0.515306 -0.398523 0.758709 2.41968 -1.44124 58.6199 5.20046 -14.3716 
31633715 2.99696 -12.2084 186.798 -0.514444 -0.400442 0.758283 2.42227 -1.43434 58.5484 5.195 -14.2732 
31684075 3.03534 -12.2921 186.883 -0.514885 -0.401884 0.757221 2.42112 -1.43204 58.6024 5.19328 -14.2256 
31729273 2.9769 -12.2694 186.918 -0.515842 -0.400117 0.757505 2.42227 -1.43262 58.55 5.19098 -14.1542 
31774172 2.89716 -12.1766 186.907 -0.517731 -0.395626 0.758574 2.42313 -1.43578 58.4167 5.18725 -14.07 
31822480 2.90199 -12.227 186.973 -0.517658 -0.396144 0.758354 2.42313 -1.43434 58.4135 5.18552 -14.0002 
31868219 2.93016 -12.2815 186.998 -0.517065 -0.396978 0.758322 2.42284 -1.43262 58.3849 5.18437 -13.9509 
31912479 2.92559 -12.3042 187.04 -0.517124 -0.396843 0.758352 2.42313 -1.43204 58.3547 5.18323 -13.8859 
31957542 2.92974 -12.3908 187.084 -0.517225 -0.397187 0.758103 2.42284 -1.42975 58.3436 5.18007 -13.8287 
32004818 2.89044 -12.4196 187.109 -0.517618 -0.396514 0.758187 2.42399 -1.4286 58.2865 5.17748 -13.7589 
32059349 2.85762 -12.4686 187.156 -0.518293 -0.395715 0.758144 2.42456 -1.42716 58.2516 5.17403 -13.6858 
32104163 2.8751 -12.409 187.165 -0.518102 -0.39389 0.759224 2.42399 -1.42917 58.1198 5.17403 -13.5842 
32147338 2.85868 -12.3142 187.144 -0.518112 -0.391812 0.760292 2.42456 -1.43204 57.9769 5.17489 -13.5096 
32192654 2.8478 -12.2497 187.153 -0.518575 -0.389397 0.761216 2.42456 -1.43463 57.861 5.17461 -13.4239 
32237470 2.82316 -12.1959 187.177 -0.519163 -0.387359 0.761854 2.42514 -1.43722 57.769 5.17432 -13.3429 
32283527 2.81034 -12.1602 187.234 -0.520203 -0.384638 0.762524 2.42485 -1.4398 57.6912 5.17231 -13.2366 
32330646 2.73018 -12.022 187.298 -0.521573 -0.381691 0.763068 2.42715 -1.44555 57.6324 5.17432 -13.1429 
32380645 2.8134 -12.1259 187.372 -0.521787 -0.380763 0.763386 2.4237 -1.4444 57.6007 5.16944 -13.0413 
32426760 2.8549 -12.2732 187.466 -0.523513 -0.378487 0.763336 2.41968 -1.44239 57.6197 5.16024 -12.954 
32470910 2.94655 -12.5343 187.536 -0.523909 -0.379339 0.762641 2.41508 -1.43635 57.6785 5.15105 -12.9127 
32517512 2.91712 -12.5758 187.606 -0.52576 -0.376409 0.762819 2.41365 -1.43664 57.6642 5.14502 -12.8302 
32561241 2.82236 -12.5224 187.702 -0.529735 -0.369343 0.763522 2.41193 -1.44095 57.6436 5.13698 -12.727 
32607874 2.778 -12.5164 187.812 -0.533571 -0.362736 0.764019 2.40819 -1.44468 57.6753 5.12836 -12.6476 
32650381 2.80418 -12.5915 187.896 -0.536585 -0.357446 0.764401 2.40216 -1.4467 57.7261 5.11888 -12.6016 
32693767 2.7858 -12.7013 187.944 -0.538716 -0.354382 0.764329 2.399 -1.44583 57.7515 5.11026 -12.5666 
32738570 2.77347 -12.477 188.009 -0.542405 -0.34496 0.766028 2.39354 -1.45761 57.7864 5.10767 -12.5492 
32784022 2.74983 -12.3707 188.045 -0.545003 -0.338539 0.767048 2.38981 -1.46451 57.8055 5.10394 -12.5333 
32829688 2.70087 -12.3391 188.056 -0.547223 -0.333645 0.767612 2.38751 -1.46824 57.8055 5.09877 -12.5254 
32875240 2.608 -12.4712 188.075 -0.549027 -0.332734 0.766719 2.38779 -1.46537 57.8499 5.09159 -12.5349 
32921000 2.73042 -12.147 188.107 -0.551653 -0.322095 0.769372 2.37774 -1.4826 57.9055 5.0936 -12.5666 
32964388 2.67964 -12.2301 188.097 -0.552542 -0.322821 0.768429 2.37745 -1.48174 57.9658 5.09159 -12.6175 
33009474 2.77563 -12.0982 188.102 -0.55391 -0.318013 0.769449 2.3697 -1.4918 58.0515 5.0936 -12.6841 
33052589 2.85926 -11.8989 188.109 -0.555311 -0.311918 0.770933 2.36223 -1.50415 58.0769 5.09647 -12.7016 
33099003 2.9143 -11.7576 188.122 -0.556395 -0.307718 0.771838 2.35591 -1.51478 58.0976 5.09963 -12.6921 
33146086 2.98598 -11.5751 188.128 -0.55828 -0.301585 0.772897 2.34729 -1.52885 58.1516 5.10279 -12.7127 
33188908 3.04314 -11.4539 188.124 -0.559662 -0.297403 0.773518 2.33982 -1.54092 58.1706 5.10595 -12.7111 
33235936 3.13175 -11.3244 188.116 -0.560883 -0.292526 0.774493 2.33005 -1.55557 58.2103 5.11026 -12.7365 
33283494 3.17361 -11.1238 188.113 -0.562158 -0.287366 0.7755 2.32172 -1.57309 58.2754 5.11687 -12.7889 
33328295 3.25522 -10.8762 188.126 -0.564475 -0.279216 0.776792 2.31511 -1.59665 58.3754 5.12979 -12.8699 
33371539 3.07161 -11.0048 188.141 -0.566221 -0.281379 0.774738 2.31856 -1.59263 58.5008 5.12692 -12.9731 
