1463 40.1372 -0.778769 187.253 -0.186007 -0.0110453 0.982486 41.1779 7.06613 182.551 -0.204093 0.194148 0.959471 0 3.14159 43.0322 0 -0.0238125 40.1372 -0.778769 187.253 -0.186007 -0.0110453 0.982486 
88858 39.0571 -1.59379 187.078 -0.177535 -0.0579769 0.982405 41.1747 6.96249 182.552 -0.203987 0.193294 0.95961 -0.0439524 -3.10109 42.9846 0.0157999 0.492125 39.0571 -1.59379 187.078 -0.177535 -0.0579769 0.982405 
175765 40.256 -3.68952 187.663 -0.171135 -0.115753 0.978424 40.9014 5.97833 183.417 -0.212551 0.145851 0.966183 -0.322318 3.03645 42.7369 0.168341 1.22873 40.256 -3.68952 187.663 -0.171135 -0.115753 0.978424 
263103 39.9999 -3.74401 187.722 -0.172397 -0.115139 0.978275 39.963 6.762 184.097 -0.217142 0.149205 0.964581 -0.445557 2.94136 42.8068 0.227518 2.01295 39.9999 -3.74401 187.722 -0.172397 -0.115139 0.978275 
351146 39.3687 -3.91263 187.823 -0.174441 -0.114042 0.978041 39.1268 7.76799 185.153 -0.219117 0.189143 0.957064 -0.597236 2.85633 42.7988 0.29158 2.88607 39.3687 -3.91263 187.823 -0.174441 -0.114042 0.978041 
438428 36.5228 -4.58725 188.309 -0.188546 -0.0978032 0.977182 37.4382 7.67603 186.227 -0.228261 0.205087 0.951714 -0.931906 2.75895 42.0972 0.430906 3.5052 36.5228 -4.58725 188.309 -0.188546 -0.0978032 0.977182 
525701 34.8418 -4.94225 188.231 -0.193931 -0.0969334 0.976214 33.3815 3.25795 186.97 -0.259 0.0908597 0.961512 -1.05945 2.74458 41.0224 0.484913 3.71475 34.8418 -4.94225 188.231 -0.193931 -0.0969334 0.976214 
612941 33.3479 -4.91078 188.07 -0.198976 -0.097087 0.975183 31.8192 2.04396 186.671 -0.262728 0.0560404 0.963129 -1.14506 2.73252 40.0953 0.523407 3.81159 33.3479 -4.91078 188.07 -0.198976 -0.097087 0.975183 
701211 31.6287 -4.44323 187.98 -0.205938 -0.0971139 0.973734 30.4537 1.00491 186.034 -0.263575 0.0251843 0.964264 -1.239 2.70781 39.1222 0.57368 3.89731 31.6287 -4.44323 187.98 -0.205938 -0.0971139 0.973734 
788321 29.41 -3.16908 188.151 -0.218184 -0.095883 0.971186 28.7951 0.846152 185.729 -0.266343 0.00910868 0.963773 -1.37172 2.63829 38.2649 0.665319 4.01479 29.41 -3.16908 188.151 -0.218184 -0.095883 0.971186 
875526 27.7278 -1.40723 188.613 -0.233288 -0.0932991 0.967921 26.156 1.79476 185.669 -0.280803 0.00881962 0.959675 -1.4783 2.55613 38.1205 0.765576 4.07829 27.7278 -1.40723 188.613 -0.233288 -0.0932991 0.967921 
963852 27.2525 -0.00844001 189.101 -0.244372 -0.0915588 0.965349 24.2084 3.24027 185.929 -0.296008 0.0143945 0.954976 -1.50185 2.52252 38.6253 0.819871 3.93065 27.2525 -0.00844001 189.101 -0.244372 -0.0915588 0.965349 
1051251 27.5981 1.23854 189.618 -0.255108 -0.0886314 0.962842 23.4099 4.63129 185.933 -0.303311 0.0107051 0.952695 -1.47226 2.51965 39.6778 0.842565 3.49091 27.5981 1.23854 189.618 -0.255108 -0.0886314 0.962842 
1138293 28.1835 2.25941 190.178 -0.266819 -0.0850135 0.95999 23.3109 5.64221 186.504 -0.313831 0.0116955 0.949257 -1.42917 2.52568 40.9478 0.851183 2.94957 28.1835 2.25941 190.178 -0.266819 -0.0850135 0.95999 
1225473 28.8301 3.16879 190.643 -0.279305 -0.0813702 0.956748 23.4567 6.87618 187.075 -0.3262 0.0122192 0.945118 -1.38378 2.53344 42.3512 0.855205 2.2225 28.8301 3.16879 190.643 -0.279305 -0.0813702 0.956748 
1314341 29.3416 3.87318 190.944 -0.291141 -0.0772519 0.953556 23.695 8.08311 187.417 -0.336811 0.0149153 0.941401 -1.34644 2.53832 43.6735 0.855779 1.41287 29.2723 3.91004 190.89 -0.2923 -0.0760634 0.953297 
1401572 28.3528 5.12026 190.188 -0.320418 -0.0519284 0.945852 23.9338 9.25484 187.651 -0.347599 0.0211497 0.937369 -1.31829 2.53919 45.0404 0.855779 0.530225 28.3013 5.15081 190.147 -0.321045 -0.0510105 0.945689 
1489600 27.5548 6.03109 189.578 -0.339436 -0.0316238 0.940097 23.9478 10.0006 188.013 -0.359033 0.0259221 0.932887 -1.29731 2.53919 46.3421 0.855779 -0.312738 27.5155 6.05493 189.548 -0.339818 -0.0308661 0.939985 
1575995 26.8531 6.7957 189.152 -0.353463 -0.0154408 0.935321 23.8562 10.7667 188.268 -0.371247 0.0285026 0.92797 -1.27835 2.53919 47.655 0.855779 -1.19539 26.822 6.81843 189.131 -0.353738 -0.0148204 0.935227 
1663168 26.2379 7.65981 188.856 -0.366373 -0.00205785 0.930466 23.8629 11.2016 188.526 -0.382738 0.0304635 0.923302 -1.26399 2.5366 48.8472 0.856354 -2.03835 26.2151 7.67999 188.844 -0.366624 -0.00158656 0.930368 
1751413 25.561 8.61124 188.651 -0.380724 0.00931585 0.924642 23.7674 11.9484 188.673 -0.394675 0.0348644 0.918101 -1.26026 2.52396 49.841 0.864398 -2.80829 25.5456 8.63098 188.644 -0.380962 0.00967037 0.92454 
1840331 24.8852 9.56155 188.51 -0.393766 0.0190916 0.919012 23.4237 12.4678 188.82 -0.404388 0.0402128 0.913587 -1.27089 2.50299 50.2839 0.880485 -3.16865 24.8622 9.59386 188.503 -0.396298 0.0217067 0.917865 
1926222 24.095 10.6265 188.425 -0.408984 0.031023 0.912014 22.9431 13.1057 188.842 -0.411292 0.0448007 0.910398 -1.28726 2.47484 50.5998 0.90203 -3.41789 24.0861 10.6395 188.422 -0.409114 0.031211 0.911949 
2013123 23.402 11.6123 188.351 -0.419388 0.0395074 0.906947 22.465 13.9237 188.863 -0.417988 0.0540155 0.906745 -1.30478 2.4441 50.9253 0.923575 -3.67506 23.3948 11.6245 188.349 -0.419485 0.0396903 0.906894 
2101365 22.6681 12.5464 188.321 -0.429594 0.0478484 0.901754 21.7752 14.8067 188.894 -0.425683 0.0687255 0.902136 -1.32317 2.41135 51.4047 0.944259 -4.05289 22.6606 12.5588 188.32 -0.429668 0.0480663 0.901707 
2188657 22.0058 13.4605 188.318 -0.43907 0.057137 0.896634 21.2106 15.685 188.821 -0.434976 0.0834469 0.896569 -1.34041 2.37946 51.9889 0.96207 -4.52914 21.9918 13.4859 188.317 -0.43921 0.0576253 0.896534 
2275504 21.3542 14.326 188.41 -0.448422 0.0668154 0.891321 20.643 16.2332 188.872 -0.444526 0.0979166 0.890399 -1.35678 2.35016 52.7572 0.978444 -5.10699 21.347 14.3375 188.411 -0.44848 0.0670821 0.891272 
2362763 20.7863 15.0906 188.536 -0.456919 0.0766599 0.886199 20.0871 17.0239 188.923 -0.454855 0.110314 0.883671 -1.36942 2.32546 53.5653 0.991084 -5.715 20.779 15.103 188.538 -0.456982 0.0769377 0.886142 
2450778 20.262 15.7563 188.733 -0.465849 0.0860716 0.880668 19.5254 17.5127 189.092 -0.465127 0.119417 0.877132 -1.37976 2.30449 54.4336 1.00114 -6.3373 20.2542 15.7678 188.736 -0.465915 0.0863415 0.880607 
2538198 19.945 16.4951 188.951 -0.473575 0.094781 0.875639 19.071 18.0187 189.145 -0.475076 0.126197 0.870759 -1.38752 2.28926 55.2004 1.00717 -6.84689 19.9359 16.5052 188.954 -0.473648 0.0950344 0.875572 
2625452 19.5279 16.9202 189.234 -0.481246 0.102783 0.870539 18.5988 18.313 189.308 -0.483448 0.131986 0.865243 -1.39298 2.27748 55.9624 1.01062 -7.26122 19.518 16.929 189.235 -0.481318 0.103019 0.870471 
2712616 19.1404 17.3415 189.522 -0.487043 0.113698 0.865946 18.35 18.6074 189.579 -0.491703 0.137529 0.85973 -1.39671 2.26743 56.6847 1.01292 -7.62794 19.1317 17.3504 189.525 -0.487117 0.113918 0.865875 
2800326 18.8213 17.6642 189.849 -0.494164 0.12027 0.861009 17.9808 18.8073 189.849 -0.499251 0.141482 0.854731 -1.39843 2.26053 57.4197 1.01292 -7.95814 18.8024 17.68 189.854 -0.49432 0.120647 0.860867 
2888007 18.3408 18.0578 190.232 -0.501425 0.126742 0.855867 17.8248 18.9004 190.114 -0.505958 0.144451 0.850231 -1.40131 2.25335 58.1373 1.01292 -8.23119 18.3356 18.0627 190.234 -0.5015 0.126906 0.8558 
2975876 18.0385 18.2967 190.654 -0.508751 0.13202 0.850731 17.563 19.106 190.491 -0.512903 0.147788 0.845603 -1.40418 2.24703 58.8643 1.01292 -8.46931 18.0327 18.3023 190.655 -0.508822 0.132171 0.850665 
3062618 17.811 18.504 191.05 -0.515068 0.137339 0.846075 17.2945 19.207 190.869 -0.519374 0.150386 0.841107 -1.40389 2.24301 59.5216 1.01004 -8.65029 17.8044 18.5091 191.052 -0.515138 0.137471 0.846011 
3150909 17.6281 18.6842 191.438 -0.521024 0.141903 0.841664 17.133 19.3047 191.244 -0.525351 0.153102 0.836848 -1.40217 2.24014 60.1359 1.00602 -8.80428 17.6152 18.6936 191.44 -0.521161 0.142137 0.841539 
3237982 17.4488 18.873 191.84 -0.526843 0.146048 0.837321 16.9601 19.4059 191.61 -0.530105 0.155445 0.833436 -1.39987 2.23726 60.7106 1.00257 -8.91222 17.4492 18.8877 191.841 -0.526904 0.146148 0.837265 
3325857 17.3063 19.0586 192.194 -0.531769 0.149679 0.833557 16.8979 19.3966 191.978 -0.534988 0.157424 0.830034 -1.39728 2.2341 61.198 0.999702 -8.99319 17.2956 19.0635 192.197 -0.531886 0.149845 0.833453 
3412505 17.159 19.2776 192.596 -0.536878 0.153159 0.829641 16.7191 19.4932 192.232 -0.539247 0.160004 0.826733 -1.39556 2.2298 61.679 0.997979 -9.02494 17.1535 19.2789 192.596 -0.536931 0.153231 0.829594 
3500929 16.9923 19.439 192.98 -0.541563 0.156243 0.826013 16.6531 19.697 192.594 -0.543253 0.163066 0.82342 -1.3947 2.22491 62.1171 0.997117 -9.03446 16.984 19.4428 192.98 -0.541657 0.156373 0.825927 
3588009 16.8175 19.6144 193.384 -0.546282 0.159488 0.822277 16.4754 19.9008 192.958 -0.547254 0.166373 0.820102 -1.3947 2.21888 62.5521 0.997117 -9.0424 16.8137 19.617 193.384 -0.546322 0.159547 0.822239 
3675862 16.6735 19.7611 193.721 -0.550348 0.162209 0.819027 16.2956 19.9963 193.323 -0.551261 0.169317 0.816914 -1.39412 2.214 62.9315 0.996542 -9.04399 16.6664 19.7645 193.721 -0.550422 0.162318 0.818956 
3762389 16.5368 19.9838 194.047 -0.554248 0.165843 0.815662 16.2213 20.1899 193.57 -0.554513 0.173227 0.813941 -1.3924 2.20739 63.2935 0.996542 -9.04716 16.534 19.9853 194.046 -0.55428 0.165895 0.81563 
3850264 16.4212 20.1866 194.321 -0.557625 0.168413 0.812829 16.0286 20.3915 193.814 -0.55704 0.176522 0.81146 -1.38953 2.2025 63.6125 0.996542 -9.04875 16.4149 20.1897 194.319 -0.557676 0.168516 0.812773 
3937845 16.3256 20.4566 194.587 -0.560908 0.171673 0.809883 15.9565 20.6979 194.06 -0.560296 0.180307 0.808368 -1.38436 2.19733 63.9443 0.995968 -9.05034 16.323 20.4586 194.585 -0.56093 0.171727 0.809857 
4026068 16.245 20.7142 194.807 -0.56363 0.17505 0.807266 15.8766 20.8949 194.305 -0.562942 0.183844 0.805639 -1.38062 2.19159 64.2158 0.995968 -9.05351 16.2404 20.7177 194.804 -0.563668 0.175155 0.807217 
4112245 16.1681 20.9752 194.992 -0.566189 0.178288 0.804763 15.7976 21.2002 194.547 -0.565458 0.187747 0.803024 -1.3766 2.18642 64.4698 0.995968 -9.06304 16.1661 20.9774 194.991 -0.566206 0.178343 0.804739 
4200026 16.0939 21.1915 195.161 -0.568509 0.181349 0.80244 15.7127 21.5009 194.675 -0.567478 0.191889 0.800642 -1.37402 2.18153 64.7047 0.995968 -9.07891 16.0906 21.1969 195.158 -0.568534 0.181467 0.802396 
4287837 16.008 21.382 195.34 -0.570904 0.184589 0.799998 15.6256 21.6924 194.806 -0.569503 0.195787 0.798266 -1.37344 2.17636 64.9492 0.995968 -9.09796 16.0068 21.3854 195.338 -0.570912 0.18465 0.799977 
4376572 15.9371 21.5567 195.492 -0.57309 0.187655 0.797717 15.5422 21.8861 195.05 -0.571775 0.199685 0.795648 -1.37344 2.17148 65.1778 0.995968 -9.13448 15.9352 21.5642 195.488 -0.573103 0.187783 0.797678 
4462076 15.8685 21.75 195.646 -0.575564 0.190816 0.795182 15.4505 22.0809 195.065 -0.573441 0.202974 0.793646 -1.37315 2.1666 65.4477 0.99568 -9.1948 15.8677 21.7538 195.644 -0.575566 0.190882 0.795166 
4549393 15.8476 21.9111 195.764 -0.577957 0.193483 0.792799 15.3645 22.2655 195.199 -0.575578 0.207599 0.790889 -1.37172 2.16401 65.7366 0.993669 -9.27259 15.8466 21.9152 195.762 -0.577955 0.19356 0.792782 
4636906 15.8455 22.0276 195.874 -0.579981 0.19663 0.790544 15.2752 22.4593 195.328 -0.577362 0.211251 0.788637 -1.37114 2.162 66.0144 0.990509 -9.35196 15.8441 22.0319 195.872 -0.579975 0.196711 0.790527 
4726396 15.8336 22.0777 195.924 -0.581742 0.199792 0.788454 15.1815 22.5482 195.456 -0.578913 0.214173 0.786763 -1.37229 2.16028 66.2446 0.987349 -9.45039 15.8299 22.0859 195.92 -0.581728 0.199952 0.788424 
4812065 15.8419 22.0907 195.989 -0.583314 0.202795 0.786524 15.1962 22.529 195.584 -0.580351 0.216485 0.785023 -1.37315 2.15999 66.4986 0.982753 -9.55834 15.8398 22.0943 195.988 -0.583306 0.202872 0.786509 
4899191 15.8159 22.0933 196.063 -0.584659 0.205885 0.78472 15.2074 22.5098 195.709 -0.581421 0.218795 0.783522 -1.37516 2.15855 66.7177 0.979306 -9.66311 15.814 22.0967 196.062 -0.58465 0.205959 0.784707 
4986980 15.7929 22.0926 196.109 -0.585674 0.208346 0.783312 15.2175 22.3778 195.725 -0.582738 0.220988 0.782027 -1.3766 2.15798 66.8892 0.976433 -9.74725 15.7908 22.0949 196.108 -0.585667 0.208416 0.783299 
5074794 15.756 22.1167 196.164 -0.586798 0.210828 0.781805 15.1161 22.3665 195.85 -0.583695 0.222691 0.780782 -1.37746 2.15683 67.0654 0.974135 -9.82186 15.7535 22.1186 196.163 -0.58679 0.210893 0.781794 
5162017 15.7387 22.1521 196.186 -0.58829 0.213224 0.780032 15.1307 22.4645 195.86 -0.585024 0.224154 0.779424 -1.37746 2.15625 67.2956 0.970975 -9.95998 15.7365 22.1546 196.185 -0.588283 0.213285 0.780021 
5249255 15.7007 22.1247 196.216 -0.589626 0.215107 0.778505 15.1443 22.4521 195.985 -0.586352 0.225737 0.777942 -1.37947 2.15597 67.494 0.968102 -10.0917 15.6988 22.1273 196.215 -0.58962 0.215163 0.778494 
5337019 15.6645 22.0882 196.23 -0.59089 0.216645 0.777119 15.0383 22.3291 195.999 -0.58719 0.227196 0.776823 -1.3812 2.15625 67.6781 0.96523 -10.2251 15.662 22.09 196.23 -0.590884 0.216696 0.777109 
5424601 15.6393 22.0601 196.263 -0.592151 0.218103 0.77575 15.0485 22.3235 196.009 -0.588288 0.227807 0.775846 -1.38235 2.15683 67.8639 0.96207 -10.3283 15.637 22.0622 196.263 -0.592149 0.218145 0.77574 
5511694 15.5944 22.0311 196.31 -0.593503 0.219395 0.774351 15.0565 22.2051 196.021 -0.589385 0.228539 0.774745 -1.38407 2.15683 68.0448 0.959484 -10.4251 15.5923 22.0327 196.31 -0.593502 0.219431 0.774342 
5598990 15.5654 22.0368 196.354 -0.594532 0.220613 0.773215 14.9565 22.2039 196.143 -0.590483 0.229151 0.773768 -1.38436 2.15712 68.1893 0.957186 -10.4727 15.5628 22.0382 196.353 -0.594531 0.220647 0.773207 
5686962 15.534 22.0375 196.381 -0.595488 0.221856 0.772123 14.9633 22.0867 196.154 -0.591458 0.22976 0.77279 -1.38464 2.1574 68.329 0.954888 -10.5378 15.5314 22.0382 196.38 -0.595484 0.221891 0.772116 
5774577 15.5015 22.0458 196.41 -0.596139 0.223226 0.771225 14.9712 22.0799 196.162 -0.592308 0.230492 0.771931 -1.38464 2.1574 68.4306 0.953164 -10.5696 15.4992 22.0464 196.41 -0.596134 0.223261 0.771219 
5861956 15.4325 22.0599 196.418 -0.596988 0.224337 0.770246 14.9793 22.0765 196.281 -0.593037 0.231101 0.771194 -1.38551 2.15654 68.5401 0.95259 -10.6601 15.4306 22.0606 196.418 -0.596981 0.224371 0.770241 
5948884 15.3991 22.1257 196.359 -0.597982 0.22569 0.769079 14.985 22.0753 196.285 -0.593651 0.231225 0.77071 -1.38464 2.15597 68.683 0.951441 -10.8125 15.3973 22.1261 196.359 -0.597974 0.22572 0.769076 
6037114 15.3707 22.1216 196.269 -0.599089 0.226374 0.768015 14.8827 21.9671 196.298 -0.594885 0.231108 0.76975 -1.38436 2.15683 68.8386 0.94943 -11.003 15.3661 22.1209 196.27 -0.599073 0.226429 0.768011 
6123440 15.3438 22.1309 196.115 -0.600207 0.226696 0.767047 14.8951 21.9647 196.196 -0.596362 0.231114 0.768668 -1.38321 2.15826 68.9862 0.947706 -11.2427 15.3416 22.1305 196.116 -0.600201 0.226722 0.767044 
6212337 15.3021 22.1641 195.98 -0.601176 0.227446 0.766065 14.7929 21.8576 196.209 -0.597599 0.230874 0.767711 -1.38206 2.15855 69.1164 0.946557 -11.4713 15.2994 22.1628 195.981 -0.601171 0.227467 0.766062 
6298764 15.272 22.165 195.797 -0.602028 0.227808 0.765288 14.803 21.8564 196.105 -0.598832 0.230759 0.766873 -1.38062 2.1597 69.2291 0.945121 -11.73 15.2695 22.1637 195.799 -0.602026 0.227826 0.765284 
6386786 15.2086 22.1532 195.616 -0.602573 0.227976 0.764809 14.6934 21.8551 195.887 -0.599326 0.230639 0.766515 -1.38062 2.1597 69.2863 0.945121 -11.9888 15.2035 22.1509 195.619 -0.602568 0.228007 0.764804 
6474177 15.1953 22.1443 195.37 -0.603342 0.22816 0.764147 14.6966 21.8528 195.668 -0.599947 0.230397 0.766039 -1.37861 2.16171 69.3958 0.94311 -12.3047 15.1927 22.1432 195.372 -0.60334 0.228174 0.764145 
6561997 15.1494 22.1604 195.094 -0.604557 0.228223 0.763168 14.701 21.7411 195.452 -0.60094 0.229916 0.76545 -1.37689 2.16286 69.5371 0.941961 -12.6968 15.1469 22.1586 195.097 -0.604554 0.228234 0.763167 
6648643 15.137 22.2677 194.778 -0.604857 0.228914 0.762723 14.71 21.7443 195.237 -0.602187 0.229069 0.764627 -1.37287 2.16286 69.5879 0.941961 -13.0556 15.1345 22.2654 194.781 -0.604859 0.228916 0.762721 
6736734 15.1442 22.4155 194.425 -0.604996 0.229926 0.762308 14.6025 21.8557 194.903 -0.60281 0.228588 0.7644 -1.36741 2.16286 69.6371 0.941961 -13.4461 15.1383 22.4105 194.432 -0.605004 0.229919 0.762304 
6823128 15.1471 22.5975 194.053 -0.605499 0.230737 0.761664 14.6054 21.8544 194.461 -0.603687 0.22774 0.76394 -1.36051 2.16286 69.7117 0.941961 -13.8874 15.1438 22.594 194.056 -0.605506 0.230725 0.761662 
6911984 15.1664 22.7553 193.691 -0.605732 0.230829 0.76145 14.6128 22.0763 194.126 -0.604437 0.227135 0.763472 -1.35305 2.16401 69.7467 0.941961 -14.278 15.1599 22.7483 193.7 -0.605752 0.230798 0.761444 
6998522 15.1714 22.9188 193.304 -0.606342 0.230576 0.761041 14.6169 22.1921 193.678 -0.605199 0.225683 0.763389 -1.34471 2.16545 69.8086 0.941961 -14.7368 15.168 22.9153 193.308 -0.606355 0.230552 0.761039 
7085754 15.1682 23.0746 192.898 -0.606931 0.230461 0.760606 14.623 22.4117 193.231 -0.605949 0.225077 0.762922 -1.33696 2.16631 69.8689 0.941961 -15.24 15.1649 23.0715 192.902 -0.606946 0.230432 0.760604 
7173001 15.1667 23.214 192.48 -0.60725 0.23053 0.760331 14.6269 22.5174 192.787 -0.606694 0.224716 0.76245 -1.33035 2.1666 69.8975 0.941961 -15.7305 15.1637 23.211 192.484 -0.607266 0.230498 0.760328 
7262165 15.1752 23.3306 192.09 -0.607508 0.229846 0.760332 14.6262 22.6209 192.341 -0.606944 0.224593 0.762211 -1.32317 2.16803 69.9086 0.941961 -16.1592 15.1722 23.3277 192.093 -0.607525 0.229816 0.760328 
7349105 15.1835 23.4559 191.697 -0.607833 0.229212 0.760263 14.6292 22.7391 191.892 -0.607588 0.222897 0.762254 -1.31599 2.16918 69.9229 0.941961 -16.5925 15.181 23.4536 191.699 -0.607852 0.229174 0.76026 
7435822 15.2295 23.6232 191.293 -0.607599 0.22874 0.760593 14.6309 22.8505 191.444 -0.608096 0.221928 0.762157 -1.30881 2.16976 69.88 0.942248 -16.9878 15.2286 23.6229 191.295 -0.607621 0.228699 0.760588 
7523754 15.1994 23.8318 190.919 -0.608482 0.227722 0.760192 14.6295 22.8627 190.995 -0.608505 0.219622 0.762454 -1.30335 2.16861 69.9038 0.944546 -17.4196 15.1973 23.829 190.92 -0.608502 0.227674 0.76019 
7611259 15.1337 24.0165 190.533 -0.60906 0.226604 0.760064 14.5245 22.9955 190.547 -0.609542 0.216591 0.762529 -1.29789 2.1666 69.8863 0.947706 -17.8197 15.1306 24.0121 190.534 -0.609082 0.226547 0.760063 
7698575 15.0726 24.2269 190.132 -0.609694 0.225701 0.759824 14.5335 23.1283 190.21 -0.610702 0.21356 0.762483 -1.29099 2.1643 69.8832 0.950579 -18.2467 15.0698 24.2222 190.134 -0.609719 0.225632 0.759824 
7785717 15.0015 24.4396 189.758 -0.610478 0.224662 0.759502 14.4252 23.2623 189.761 -0.611373 0.210402 0.762678 -1.28439 2.16142 69.8864 0.953739 -18.6515 14.9987 24.4347 189.759 -0.610504 0.224582 0.759505 
7873918 14.9621 24.6503 189.377 -0.611202 0.223269 0.759331 14.318 23.4007 189.309 -0.612173 0.206764 0.763129 -1.27548 2.1597 69.8959 0.95575 -19.0532 14.9589 24.645 189.377 -0.611231 0.223174 0.759335 
7961155 14.9633 24.8926 188.984 -0.609504 0.225035 0.760174 14.3192 23.4355 188.856 -0.61287 0.20203 0.763845 -1.26428 2.15798 69.8482 0.957473 -19.4151 14.96 24.8862 188.983 -0.609547 0.224903 0.760178 
8048495 14.9253 25.1358 188.593 -0.610356 0.222731 0.760169 14.434 23.7905 188.506 -0.612924 0.198872 0.764643 -1.25394 2.15539 69.8419 0.960059 -19.8136 14.9229 25.1302 188.593 -0.6104 0.222586 0.760176 
8135748 14.8675 25.3049 188.233 -0.611212 0.220224 0.760212 14.4352 24.1081 188.055 -0.61291 0.199721 0.764381 -1.24704 2.15309 69.834 0.962357 -20.1739 14.8654 25.3006 188.233 -0.611248 0.2201 0.760218 
8223944 14.8039 25.4099 187.908 -0.612493 0.217789 0.759882 14.4376 24.4269 187.604 -0.61302 0.200451 0.764123 -1.24216 2.15166 69.8768 0.963793 -20.528 14.8023 25.4068 187.907 -0.612522 0.217685 0.759888 
8311173 14.7787 25.4638 187.594 -0.613428 0.215683 0.759728 14.4421 24.7253 187.27 -0.613212 0.203611 0.763206 -1.23756 2.15166 69.9165 0.963793 -20.8502 14.7773 25.4621 187.593 -0.61345 0.215609 0.759731 
8398725 14.7425 25.5052 187.268 -0.614193 0.214507 0.759443 14.5542 25.1139 186.824 -0.612881 0.208589 0.762122 -1.23584 2.15108 69.9498 0.964081 -21.1772 14.7419 25.5052 187.267 -0.614207 0.214468 0.759443 
8485675 14.7003 25.5324 186.955 -0.614491 0.214349 0.759246 14.559 25.4821 186.5 -0.612876 0.216235 0.759889 -1.23785 2.14993 69.9451 0.96523 -21.4598 14.7 25.5338 186.953 -0.614498 0.214351 0.759241 
8573434 14.6867 25.5252 186.601 -0.614225 0.214667 0.759372 14.4449 25.4798 186.389 -0.612747 0.21648 0.760004 -1.24043 2.14936 69.9038 0.965804 -21.7599 14.686 25.5264 186.601 -0.614231 0.214669 0.759366 
8659884 14.6578 25.5827 186.236 -0.614521 0.215415 0.758921 14.4398 25.4718 186.054 -0.612623 0.216599 0.76 -1.24101 2.14792 69.9276 0.966091 -22.144 14.6573 25.5835 186.235 -0.614525 0.215416 0.758917 
8748473 14.6374 25.6115 185.887 -0.614773 0.215935 0.758568 14.4357 25.4592 185.609 -0.612739 0.216965 0.759872 -1.24158 2.14706 69.9498 0.966091 -22.5044 14.637 25.6121 185.887 -0.614776 0.215936 0.758566 
8835324 14.6278 25.6612 185.562 -0.614676 0.216903 0.758371 14.3224 25.5672 185.273 -0.612741 0.216843 0.759875 -1.24187 2.14563 69.9483 0.966091 -22.8235 14.627 25.6619 185.561 -0.614679 0.216901 0.758369 
8923427 14.6003 25.6603 185.247 -0.614862 0.21738 0.758084 14.3184 25.5569 184.938 -0.612734 0.217209 0.759867 -1.24359 2.14476 69.9673 0.966091 -23.1505 14.599 25.6615 185.246 -0.614866 0.217375 0.758082 
9009737 14.5624 25.6517 184.929 -0.615267 0.217905 0.757604 14.3179 25.8373 184.499 -0.612532 0.22206 0.758421 -1.24589 2.1439 70.0086 0.966091 -23.495 14.5619 25.6531 184.928 -0.615265 0.217918 0.757602 
9098454 14.5163 25.5498 184.632 -0.615517 0.218297 0.757288 14.3148 26.0985 184.171 -0.611917 0.229222 0.756923 -1.25164 2.1439 70.0372 0.966091 -23.8014 14.516 25.552 184.631 -0.61551 0.21833 0.757284 
9185078 14.4552 25.3534 184.375 -0.615242 0.21924 0.757239 14.4205 26.157 183.842 -0.611469 0.233953 0.755844 -1.26313 2.14304 70.0213 0.966953 -24.0474 14.4553 25.3558 184.374 -0.615234 0.219278 0.757234 
9272827 14.3341 25.1794 184.055 -0.615687 0.219935 0.756676 14.3003 26.0182 183.628 -0.611056 0.23662 0.755295 -1.27663 2.14045 70.0546 0.969539 -24.4237 14.3342 25.1815 184.055 -0.615677 0.219973 0.756672 
9359614 14.1667 25.0776 183.698 -0.61605 0.220749 0.756143 14.2937 25.8738 183.303 -0.611009 0.239411 0.754505 -1.29214 2.13471 70.0594 0.975284 -24.846 14.1672 25.0795 183.697 -0.61604 0.220788 0.75614 
9448788 13.9742 25.0335 183.34 -0.616063 0.22169 0.755857 14.1789 25.851 182.865 -0.611228 0.241109 0.75374 -1.30995 2.12609 70.0149 0.983902 -25.2508 13.9758 25.038 183.338 -0.616042 0.221772 0.75585 
9535048 13.7595 24.9999 182.972 -0.616099 0.222645 0.755546 13.9541 25.7302 182.541 -0.611709 0.241839 0.75312 -1.3315 2.11546 69.9689 0.994531 -25.6778 13.7606 25.003 182.97 -0.616088 0.222695 0.755541 
9622276 13.5441 25.0428 182.611 -0.616492 0.223707 0.754912 13.621 25.6104 182.11 -0.612685 0.242448 0.752142 -1.3519 2.10426 69.9594 1.00573 -26.1128 13.5462 25.0501 182.607 -0.616462 0.223847 0.754895 
9709532 13.3251 25.2173 182.22 -0.616587 0.225707 0.754239 13.4052 25.6045 181.676 -0.614038 0.242574 0.751056 -1.37114 2.09133 69.926 1.01866 -26.5287 13.3264 25.2213 182.217 -0.616571 0.2258 0.754225 
9798929 13.0624 25.4874 181.833 -0.61708 0.228552 0.752978 12.9748 25.6875 181.258 -0.616084 0.245611 0.748331 -1.38982 2.07668 69.9245 1.03331 -26.9415 13.0625 25.4908 181.828 -0.617061 0.228686 0.752953 
9884834 12.7566 25.7968 181.409 -0.617478 0.231842 0.751645 12.4386 25.8922 180.838 -0.618512 0.2478 0.745628 -1.40676 2.06232 69.8879 1.04911 -27.3082 12.7546 25.7994 181.404 -0.617462 0.232008 0.751607 
9972198 12.3961 26.1015 181.012 -0.618126 0.235468 0.749983 11.9004 25.9966 180.418 -0.620963 0.248775 0.743194 -1.42314 2.04795 69.8498 1.06549 -27.6289 12.3883 26.1027 181.001 -0.618112 0.235824 0.749883 
10059602 11.932 26.4577 180.539 -0.618678 0.239931 0.748111 11.3717 26.1135 180.113 -0.624293 0.248661 0.740427 -1.43951 2.03072 69.7324 1.08531 -27.9591 11.9259 26.455 180.535 -0.618697 0.240092 0.748044 
10148403 11.4314 26.8921 180.097 -0.620219 0.243609 0.745643 10.7291 26.2438 179.692 -0.627523 0.247092 0.7383 -1.44784 2.01406 69.626 1.10398 -28.2892 11.4227 26.8849 180.093 -0.620266 0.243718 0.745568 
10235069 10.8485 27.456 179.64 -0.622456 0.246248 0.742907 10.323 26.5185 179.375 -0.631802 0.241763 0.736384 -1.45215 1.99366 69.4355 1.12639 -28.6004 10.8408 27.446 179.638 -0.622544 0.246264 0.742828 
10322208 10.2082 28.0951 179.224 -0.625061 0.247301 0.740366 9.79807 26.8957 178.942 -0.635202 0.237404 0.734926 -1.45445 1.96895 69.1529 1.15167 -28.8195 10.2011 28.0831 179.222 -0.625176 0.247245 0.740287 
10410070 9.57065 28.7603 178.832 -0.628206 0.248499 0.737296 9.17375 28.3546 178.191 -0.63774 0.248199 0.728995 -1.45962 1.94281 68.8704 1.17781 -28.929 9.56557 28.7624 178.824 -0.628318 0.248524 0.737192 
10498442 8.82233 29.4779 178.46 -0.632711 0.251066 0.732559 8.53399 29.0777 177.773 -0.639851 0.254873 0.724974 -1.47284 1.91437 68.6799 1.20625 -28.9242 8.8187 29.4825 178.445 -0.632811 0.251137 0.732449 
10585129 8.11923 30.1644 178.061 -0.636768 0.253853 0.728069 7.78896 29.7129 177.472 -0.642737 0.259483 0.720761 -1.48433 1.88852 68.4751 1.2321 -28.8385 8.11546 30.1704 178.047 -0.636862 0.253944 0.727956 
10672259 7.52083 30.8065 177.763 -0.640254 0.256421 0.724101 7.04296 30.4688 177.275 -0.645142 0.263363 0.717168 -1.49237 1.86755 68.283 1.25307 -28.6957 7.51592 30.8161 177.751 -0.640337 0.256523 0.723992 
10760284 6.98459 31.4505 177.533 -0.642558 0.26027 0.72068 6.51215 30.987 177.081 -0.647161 0.268332 0.713426 -1.5007 1.84629 68.0195 1.27261 -28.4575 6.98021 31.4602 177.522 -0.64264 0.26038 0.720567 
10847623 6.43536 32.0749 177.351 -0.644744 0.2646 0.717142 6.0904 31.5977 176.997 -0.64853 0.27536 0.709512 -1.51277 1.82388 67.7178 1.29358 -28.1575 6.43297 32.0865 177.34 -0.644822 0.264734 0.717021 
10935263 5.96522 32.6308 177.224 -0.644587 0.27478 0.713445 5.5536 32.2084 176.913 -0.649527 0.282627 0.705711 -1.52569 1.80377 67.3972 1.31225 -27.8019 5.96253 32.6447 177.215 -0.644667 0.274924 0.713317 
11022067 5.58921 33.0746 176.853 -0.646325 0.278862 0.710282 5.11563 32.4033 176.932 -0.649958 0.286626 0.703802 -1.5346 1.79085 67.1876 1.32518 -27.4003 5.58591 33.0854 176.845 -0.646396 0.278988 0.710167 
11110006 5.22583 33.483 176.939 -0.64787 0.283087 0.707196 4.79333 32.6197 177.167 -0.650545 0.288563 0.702426 -1.54236 1.77706 66.978 1.33782 -26.97 5.22003 33.4995 176.93 -0.648002 0.283278 0.706999 
11197433 4.89151 33.8396 177.061 -0.649286 0.287064 0.704289 4.47091 32.8282 177.405 -0.65112 0.291346 0.700666 -1.54983 1.76413 66.7717 1.3496 -26.5525 4.88874 33.8456 177.059 -0.649344 0.287144 0.704202 
11285323 4.60769 34.0975 177.209 -0.650579 0.290056 0.701865 4.25778 32.9251 177.531 -0.651824 0.293649 0.699161 -1.55643 1.75436 66.578 1.35937 -26.1556 4.60547 34.1011 177.206 -0.650631 0.290126 0.701788 
11372003 4.34278 34.3019 177.405 -0.651908 0.292891 0.699451 4.04017 33.1382 177.759 -0.651669 0.295706 0.698384 -1.56218 1.74546 66.4478 1.36741 -25.7747 4.34087 34.3048 177.403 -0.651948 0.292948 0.699389 
11460167 4.09788 34.4365 177.609 -0.652935 0.295114 0.697555 3.82612 33.2419 177.993 -0.652134 0.297523 0.697253 -1.56879 1.73741 66.3065 1.37516 -25.3809 4.09427 34.4402 177.605 -0.653006 0.295212 0.697448 
11546362 3.85186 34.5312 177.845 -0.65404 0.2973 0.69559 3.60992 33.3457 178.338 -0.652227 0.29958 0.696235 -1.57683 1.72937 66.1653 1.38321 -24.9618 3.85031 34.5324 177.845 -0.654068 0.297346 0.695543 
11634679 3.67541 34.5788 178.09 -0.654654 0.298808 0.694365 3.50076 33.3413 178.566 -0.652207 0.300793 0.695843 -1.58315 1.72305 66.0303 1.38953 -24.5713 3.67437 34.5788 178.09 -0.654677 0.298847 0.694325 
11722203 3.52097 34.6023 178.325 -0.655289 0.300295 0.693122 3.28226 33.4529 178.794 -0.652194 0.301759 0.695335 -1.58889 1.71845 65.9382 1.39412 -24.2348 3.51949 34.6024 178.325 -0.655309 0.300329 0.693089 
11809966 3.37364 34.5976 178.562 -0.655969 0.301639 0.691895 3.28359 33.3302 179.028 -0.652292 0.303452 0.694446 -1.59464 1.71414 65.8652 1.39843 -23.9173 3.37254 34.5952 178.563 -0.656001 0.301706 0.691835 
11896181 3.18635 34.5804 178.77 -0.65656 0.303431 0.690549 3.17339 33.2142 179.26 -0.652397 0.304662 0.693812 -1.60297 1.70725 65.7128 1.40533 -23.5807 3.18628 34.5781 178.771 -0.656574 0.303462 0.690522 
11984845 2.99714 34.5562 178.963 -0.657331 0.304935 0.689152 3.06311 33.2187 179.373 -0.652397 0.304662 0.693812 -1.6113 1.70036 65.5842 1.41222 -23.2696 2.99799 34.5514 178.964 -0.657354 0.304982 0.68911 
12071575 2.85151 34.4988 179.155 -0.657987 0.306189 0.687969 2.84013 33.2199 179.6 -0.652138 0.305509 0.69367 -1.61877 1.69518 65.4921 1.41739 -23.0045 2.85148 34.4966 179.156 -0.657994 0.306211 0.687952 
12160181 2.77339 34.4183 179.308 -0.658361 0.307057 0.687224 2.73329 33.2177 179.829 -0.652368 0.306479 0.693164 -1.62423 1.69289 65.4572 1.41969 -22.8409 2.77299 34.4144 179.312 -0.658372 0.307097 0.687195 
12246078 2.69154 34.331 179.413 -0.658922 0.30776 0.686371 2.62404 33.2144 179.947 -0.652479 0.307326 0.692659 -1.62911 1.69116 65.4652 1.42142 -22.7743 2.69118 34.3293 179.415 -0.658924 0.307779 0.686361 
12335279 2.65445 34.2605 179.479 -0.65912 0.308231 0.68597 2.62523 33.2088 180.062 -0.652467 0.308173 0.692275 -1.6317 1.69116 65.4874 1.42142 -22.7663 2.65422 34.2589 179.482 -0.65912 0.308249 0.685962 
12421485 2.64204 34.2162 179.525 -0.659067 0.309046 0.685654 2.50902 33.0905 180.068 -0.652206 0.309139 0.692008 -1.63285 1.69059 65.4874 1.42142 -22.7663 2.64128 34.2141 179.528 -0.659066 0.309062 0.685648 
12508791 2.62392 34.2115 179.526 -0.65898 0.310423 0.685115 2.50892 33.0848 180.069 -0.652196 0.309746 0.691873 -1.63285 1.68886 65.4937 1.42142 -22.8124 2.62256 34.2072 179.531 -0.658975 0.310445 0.685111 
12595955 2.61022 34.2039 179.461 -0.658813 0.31172 0.684687 2.50889 33.0826 180.071 -0.652192 0.309988 0.691746 -1.63256 1.68714 65.4921 1.42142 -22.9298 2.60959 34.2016 179.463 -0.65881 0.311725 0.684688 
12685401 2.60603 34.2265 179.317 -0.658826 0.312681 0.684236 2.50883 33.0792 180.072 -0.652186 0.310351 0.691617 -1.63026 1.68542 65.5144 1.42142 -23.1489 2.60544 34.224 179.32 -0.658822 0.312682 0.684239 
12771556 2.61118 34.3215 179.083 -0.658561 0.313916 0.683925 2.50749 33.0746 179.961 -0.652183 0.310593 0.691489 -1.62423 1.68283 65.508 1.42142 -23.4363 2.61054 34.3186 179.086 -0.658558 0.313912 0.68393 
12858590 2.57263 34.4635 178.856 -0.658783 0.314569 0.683412 2.39772 33.1883 179.625 -0.652564 0.309868 0.691509 -1.61475 1.67938 65.5302 1.42228 -23.7188 2.57172 34.4604 178.859 -0.658779 0.314558 0.68342 
12946007 2.54339 34.6311 178.582 -0.659051 0.31558 0.682687 2.29044 33.196 179.295 -0.653449 0.308535 0.69118 -1.60355 1.67536 65.5906 1.42228 -24.0697 2.54219 34.6273 178.585 -0.659049 0.315561 0.682697 
13035476 2.50201 34.8233 178.316 -0.65963 0.316748 0.681586 2.19111 33.4437 178.843 -0.654857 0.305148 0.691389 -1.59062 1.67077 65.7192 1.42142 -24.4713 2.50063 34.8196 178.318 -0.65963 0.316715 0.681601 
13121335 2.52626 34.9779 178.081 -0.660125 0.318065 0.680492 2.08355 33.5595 178.398 -0.655616 0.303938 0.691179 -1.57683 1.66847 65.9748 1.41653 -24.9365 2.52444 34.974 178.082 -0.660126 0.318025 0.68051 
13208448 2.60487 35.0559 177.872 -0.660349 0.319226 0.67973 2.19362 34.079 177.945 -0.654833 0.306839 0.690499 -1.56448 1.66933 66.2907 1.40878 -25.4175 2.60318 35.0535 177.872 -0.660346 0.319194 0.679749 
13295741 2.69645 34.9272 177.732 -0.660307 0.319911 0.679449 2.4132 34.9785 177.435 -0.652784 0.328371 0.682582 -1.56706 1.6745 66.6034 1.40102 -25.7731 2.69518 34.928 177.731 -0.660297 0.319929 0.679451 
13384013 2.78514 34.5759 177.615 -0.659705 0.322323 0.678894 2.40637 35.0304 177.341 -0.651953 0.334536 0.68037 -1.58947 1.68226 66.8796 1.39326 -26.0493 2.78349 34.5778 177.614 -0.659694 0.32235 0.678892 
13471207 2.8646 34.141 177.413 -0.659716 0.3236 0.678276 2.62185 34.6946 177.342 -0.651834 0.334175 0.680742 -1.61676 1.6926 67.2511 1.38436 -26.5001 2.86304 34.1433 177.412 -0.659702 0.323629 0.678275 
13558479 2.91148 33.9418 177.126 -0.659365 0.324253 0.678305 2.82317 33.4165 177.452 -0.65218 0.327405 0.683694 -1.62739 1.69748 67.4083 1.37976 -26.9208 2.91043 33.9411 177.128 -0.659352 0.324267 0.678311 
13645846 2.9594 33.8636 176.791 -0.659377 0.323776 0.678522 2.82102 33.3162 177.338 -0.652325 0.325953 0.684214 -1.62681 1.70208 67.6162 1.37516 -27.4574 2.95817 33.8629 176.794 -0.659363 0.323788 0.678529 
13733496 3.07791 33.729 176.52 -0.659132 0.322945 0.679154 2.93307 32.9057 176.892 -0.653882 0.320873 0.68507 -1.62567 1.70955 67.8924 1.3677 -27.9908 3.07664 33.7274 176.522 -0.659123 0.322949 0.679162 
13821168 3.17365 33.6258 176.336 -0.659666 0.322117 0.67903 2.93959 32.6125 176.78 -0.655433 0.316156 0.685796 -1.62279 1.71673 68.3449 1.35879 -28.5559 3.17199 33.6237 176.338 -0.659658 0.322111 0.67904 
13908443 3.37453 33.4241 176.191 -0.659668 0.321261 0.679434 3.06559 32.3059 176.681 -0.657832 0.312646 0.685042 -1.62107 1.72765 68.8862 1.34558 -29.1624 3.3724 33.4215 176.195 -0.659667 0.321246 0.679442 
13996075 3.55773 33.1969 176.042 -0.660143 0.320255 0.679447 3.19376 31.9925 176.586 -0.660464 0.309865 0.683909 -1.62078 1.73856 69.5133 1.33179 -29.8736 3.55505 33.1937 176.047 -0.66015 0.32023 0.679452 
14082931 3.86321 32.8566 175.964 -0.65988 0.319417 0.680097 3.20104 31.6724 176.489 -0.662097 0.308049 0.683111 -1.62107 1.75321 70.2388 1.31283 -30.6308 3.85855 32.8527 175.972 -0.659899 0.31938 0.680095 
14171662 4.15226 32.4933 175.975 -0.660618 0.317531 0.680263 3.55607 31.1326 176.405 -0.665597 0.305143 0.681014 -1.61992 1.76786 71.1151 1.29272 -31.5087 4.14696 32.4872 175.985 -0.660664 0.317474 0.680246 
14258288 4.41731 32.0585 176.083 -0.661455 0.315733 0.680286 3.57181 30.6039 176.318 -0.668612 0.301752 0.679532 -1.61532 1.78165 71.8993 1.27261 -32.331 4.40924 32.0501 176.095 -0.661531 0.315652 0.68025 
14346291 4.25049 31.7774 176.241 -0.663401 0.313284 0.679523 3.70431 30.2714 176.238 -0.67171 0.301023 0.676775 -1.60498 1.79343 72.7264 1.2525 -33.2232 4.24712 31.7653 176.254 -0.663504 0.313212 0.679456 
14432755 4.4887 31.3023 176.405 -0.665278 0.311981 0.678287 3.83633 30.0336 176.049 -0.674661 0.301868 0.673495 -1.59292 1.80578 73.4884 1.23009 -34.0741 4.47642 31.2927 176.415 -0.665404 0.311929 0.678187 
14521581 4.61186 30.8285 176.532 -0.668043 0.310528 0.676232 4.07155 29.8871 175.854 -0.676472 0.304648 0.670406 -1.57999 1.81957 74.2996 1.20654 -34.9774 4.60087 30.8201 176.537 -0.668172 0.310525 0.676107 
14608053 4.83997 30.2242 176.598 -0.669953 0.310595 0.67431 4.30218 29.6234 175.662 -0.678027 0.308033 0.667302 -1.56563 1.83825 75.0806 1.17752 -35.8219 4.8265 30.2186 176.599 -0.670089 0.310629 0.674159 
14695951 5.11719 29.5237 176.6 -0.672051 0.310506 0.67226 4.64236 29.2561 175.466 -0.679598 0.31033 0.664709 -1.55069 1.86295 75.9061 1.1442 -36.657 5.08752 29.5184 176.59 -0.672349 0.310615 0.671911 
14782573 5.37193 28.7869 176.516 -0.674953 0.310841 0.669191 5.19977 28.5755 175.487 -0.680957 0.310327 0.663259 -1.53805 1.89024 76.5935 1.11116 -37.3364 5.36057 28.7831 176.511 -0.675088 0.31086 0.669046 
14871136 5.57839 28.1334 176.409 -0.68032 0.311387 0.663478 5.52035 27.9084 175.493 -0.680849 0.309358 0.663767 -1.53 1.91322 76.9396 1.08761 -37.673 5.56817 28.1282 176.404 -0.680384 0.311355 0.663427 
14958151 5.81502 27.5034 176.265 -0.680931 0.309026 0.663954 5.95043 27.2537 175.488 -0.680516 0.306819 0.66528 -1.51823 1.93506 77.2555 1.06434 -37.9809 5.80681 27.4972 176.26 -0.68099 0.308964 0.663923 
15045196 6.01501 26.943 176.112 -0.681649 0.305721 0.664747 6.38321 26.7353 175.581 -0.680096 0.301859 0.667942 -1.50501 1.95287 77.5365 1.04423 -38.2762 6.00935 26.9373 176.108 -0.681706 0.30562 0.664736 
15132458 6.23641 26.3892 175.936 -0.682133 0.303209 0.665402 6.70224 26.3973 175.573 -0.679113 0.301499 0.669159 -1.4984 1.97269 77.7524 1.02412 -38.562 6.23183 26.3866 175.934 -0.682183 0.303109 0.665396 
15221279 6.47563 25.8219 175.715 -0.682181 0.3009 0.6664 7.12501 25.8327 175.565 -0.677757 0.301261 0.670735 -1.49553 1.99538 77.9143 1.00344 -38.8747 6.47318 25.8199 175.714 -0.682221 0.300801 0.666403 
15307961 6.76309 25.2121 175.471 -0.68182 0.297107 0.668468 7.54257 24.957 175.445 -0.676691 0.298236 0.673105 -1.4918 2.02009 78.0191 0.982753 -39.1668 6.76223 25.2076 175.471 -0.681853 0.297 0.668481 
15395175 7.01135 24.6898 175.192 -0.681687 0.293138 0.670353 7.74049 24.2019 175.435 -0.675629 0.29497 0.675602 -1.48663 2.03933 78.0937 0.966953 -39.4954 7.01002 24.6766 175.196 -0.681721 0.292931 0.670409 
15482253 7.30856 24.1523 174.875 -0.680983 0.288515 0.673069 7.93835 23.5763 175.192 -0.674605 0.289281 0.679004 -1.47772 2.05858 78.1493 0.950579 -39.8574 7.30784 24.1459 174.877 -0.68098 0.288399 0.673121 
15571351 7.59849 23.6593 174.596 -0.679984 0.28326 0.676303 8.47948 22.8483 175.062 -0.674591 0.28214 0.682082 -1.47054 2.07639 78.1699 0.93679 -40.1685 7.60164 23.6515 174.599 -0.67997 0.283133 0.67637 
15657870 7.86634 23.1868 174.296 -0.679071 0.277776 0.679488 8.67975 22.3918 174.834 -0.673354 0.282263 0.683286 -1.46623 2.09277 78.1604 0.926448 -40.4971 7.87008 23.1797 174.3 -0.679052 0.277711 0.679533 
15744959 8.11601 22.6678 174.033 -0.678187 0.272916 0.682333 8.8799 22.1708 174.482 -0.671772 0.28081 0.685373 -1.46393 2.11288 78.1985 0.914095 -40.848 8.1202 22.6635 174.036 -0.678156 0.272887 0.682376 
15832091 8.39898 22.1047 173.795 -0.676925 0.267701 0.685645 9.19978 21.5486 174.246 -0.67187 0.274513 0.687824 -1.46336 2.13672 78.2414 0.900306 -41.1893 8.40489 22.0997 173.799 -0.676896 0.267675 0.685683 
15919485 8.65244 21.6667 173.573 -0.675768 0.261697 0.689096 9.29629 20.6301 174.125 -0.672516 0.264821 0.690962 -1.46221 2.15166 78.1874 0.894561 -41.4401 8.6581 21.6581 173.577 -0.675753 0.261654 0.689126 
16007663 8.87827 21.2433 173.365 -0.675476 0.256042 0.691502 9.39887 20.4114 174.01 -0.67216 0.263853 0.691711 -1.45847 2.16717 78.1477 0.888816 -41.6893 8.88285 21.237 173.37 -0.675483 0.256057 0.691489 
16095001 9.09661 20.7911 173.137 -0.675002 0.250865 0.693858 9.49683 20.1972 173.779 -0.671448 0.262155 0.692958 -1.45761 2.18498 78.1144 0.881921 -41.9957 9.10028 20.7868 173.142 -0.67501 0.250914 0.693833 
16182424 9.3261 20.3043 172.917 -0.674013 0.245439 0.696754 9.59132 19.5919 173.429 -0.671449 0.254279 0.695929 -1.45876 2.20394 78.0461 0.876176 -42.2672 9.32958 20.2989 172.921 -0.674016 0.245472 0.69674 
16269378 9.531 19.9378 172.723 -0.672894 0.239556 0.699876 9.70673 18.8221 173.311 -0.673892 0.24058 0.698438 -1.45934 2.21658 77.8858 0.875888 -42.4196 9.5348 19.9297 172.727 -0.672913 0.239532 0.699866 
16358133 9.72928 19.6557 172.482 -0.671404 0.232422 0.703702 9.59647 17.8778 173.191 -0.676539 0.222145 0.702024 -1.45991 2.22434 77.6159 0.880485 -42.5275 9.73224 19.6441 172.486 -0.671435 0.232321 0.703706 
16445015 9.79676 19.7794 172.198 -0.671284 0.222409 0.707045 9.59799 16.1462 173.165 -0.681194 0.180384 0.709534 -1.45273 2.21601 77.2127 0.898296 -42.4958 9.80121 19.7607 172.203 -0.67131 0.222158 0.707099 
16532741 9.88103 20.1636 171.857 -0.670897 0.213093 0.710274 9.3799 16.5452 172.923 -0.681314 0.173459 0.711144 -1.43693 2.20308 76.6824 0.919266 -42.3513 9.88251 20.15 171.861 -0.670922 0.212937 0.710296 
16619364 9.95734 20.2601 171.565 -0.669512 0.204707 0.714037 9.38631 17.7667 172.44 -0.679964 0.173091 0.712356 -1.43176 2.19992 76.2665 0.93363 -42.3196 9.95755 20.2517 171.568 -0.669537 0.204601 0.714044 
16708003 10.0868 19.9948 171.344 -0.666405 0.197302 0.719011 9.37413 18.2163 172.076 -0.678131 0.171999 0.714433 -1.44124 2.20423 75.9395 0.942248 -42.3751 10.0866 19.9884 171.347 -0.666435 0.197212 0.719007 
16794963 10.107 19.5799 171.166 -0.664391 0.18898 0.723098 9.36212 18.1487 171.836 -0.677357 0.166775 0.716486 -1.45847 2.20969 75.7696 0.950579 -42.5672 10.1074 19.5732 171.169 -0.664429 0.188891 0.723087 
16883026 10.0679 19.0513 171.03 -0.662725 0.180525 0.726778 9.12802 17.6777 171.611 -0.677646 0.157415 0.718269 -1.48347 2.21256 75.6506 0.96207 -42.7863 10.0689 19.0422 171.033 -0.662772 0.180429 0.726759 
16969264 10.0268 18.5521 170.939 -0.660646 0.172085 0.730708 8.89903 17.1189 171.39 -0.678721 0.145499 0.719749 -1.51162 2.21198 75.4601 0.97787 -42.899 10.0285 18.539 170.942 -0.66071 0.171987 0.730673 
17058186 9.96842 18.1164 170.851 -0.659785 0.161989 0.733787 8.56148 16.4848 171.174 -0.680358 0.12993 0.721188 -1.53403 2.2094 75.2013 0.996255 -42.9181 9.96875 18.0994 170.853 -0.659931 0.161737 0.733711 
17144781 9.82901 17.7001 170.751 -0.661123 0.147109 0.735714 8.10483 15.8733 171.062 -0.681048 0.112407 0.723511 -1.55615 2.20337 74.8965 1.01837 -42.9006 9.82522 17.68 170.754 -0.66134 0.146658 0.735609 
17233009 9.63074 17.2892 170.689 -0.66273 0.13077 0.737352 7.65563 15.6335 170.954 -0.681593 0.102912 0.724446 -1.57511 2.19791 74.5203 1.03877 -42.7752 9.61988 17.2703 170.692 -0.662956 0.130362 0.737222 
17319399 9.35953 16.952 170.631 -0.664506 0.112737 0.73873 7.31152 15.3002 170.731 -0.681816 0.0909763 0.725794 -1.59033 2.19331 74.0202 1.05888 -42.5259 9.34443 16.9323 170.633 -0.664718 0.112385 0.738593 
17408410 9.0124 16.6894 170.606 -0.664612 0.0991941 0.740575 7.07583 15.0832 170.721 -0.68118 0.078795 0.727869 -1.60556 2.18613 73.4582 1.08014 -42.1672 8.97932 16.6473 170.61 -0.664999 0.0985379 0.740315 
17494717 8.58128 16.3637 170.583 -0.664195 0.0848923 0.742724 6.72095 14.9517 170.596 -0.679631 0.0694107 0.730243 -1.62193 2.17837 72.7962 1.10341 -41.7322 8.56323 16.3416 170.584 -0.664369 0.084616 0.742599 
17582310 8.16534 16.0769 170.567 -0.663022 0.0731404 0.745019 6.3624 15.0355 170.571 -0.677076 0.0611203 0.733314 -1.63859 2.16947 72.1009 1.1261 -41.2432 8.12845 16.0333 170.57 -0.66333 0.0726463 0.744793 
17669018 7.70588 15.6754 170.562 -0.661351 0.0605359 0.747629 6.2248 14.8894 170.441 -0.674892 0.052827 0.735902 -1.6633 2.15712 71.2246 1.1531 -40.621 7.69068 15.6517 170.563 -0.6615 0.0602987 0.747517 
17756247 7.29034 15.3203 170.589 -0.659383 0.0486631 0.75023 5.85827 14.8583 170.416 -0.671714 0.044898 0.739325 -1.6926 2.14189 70.2134 1.18241 -39.8383 7.27621 15.297 170.589 -0.659519 0.0484261 0.750126 
17844527 6.8989 15.0635 170.619 -0.657401 0.0380654 0.752579 5.37329 14.5915 170.504 -0.668131 0.0387995 0.743072 -1.72592 2.12437 69.0751 1.212 -38.9557 6.88292 15.0404 170.619 -0.657516 0.0378301 0.752491 
17932310 6.49687 14.788 170.682 -0.656321 0.0290095 0.753923 4.9968 14.4079 170.368 -0.664258 0.035012 0.746646 -1.76068 2.10943 68.0576 1.23469 -38.1206 6.46039 14.7489 170.679 -0.656488 0.0285666 0.753795 
18018962 6.02508 14.5228 170.772 -0.655041 0.0198989 0.755331 4.50705 14.0137 170.461 -0.660398 0.0306144 0.750232 -1.79803 2.09621 66.986 1.25365 -37.2205 6.00356 14.5034 170.771 -0.655091 0.0196786 0.755293 
18106253 5.5573 14.2879 170.885 -0.652541 0.00983021 0.75769 4.11458 13.2984 170.552 -0.655709 0.0245066 0.754577 -1.82216 2.08817 66.0557 1.2706 -36.3712 5.53562 14.2593 170.884 -0.652558 0.00962247 0.757678 
18194374 5.08454 13.9316 171.062 -0.648758 -0.00254101 0.76099 3.95115 12.811 170.749 -0.651036 0.0176642 0.758815 -1.83911 2.08128 65.1762 1.29157 -35.4727 5.0658 13.8942 171.06 -0.648747 -0.00270193 0.760999 
18282212 4.65407 13.5641 171.24 -0.644414 -0.0135221 0.764557 3.79018 12.5638 170.94 -0.646154 0.00898659 0.763088 -1.84686 2.07467 64.4349 1.3134 -34.6234 4.63899 13.5243 171.238 -0.644386 -0.0136607 0.764579 
18368908 4.26672 13.2512 171.427 -0.639621 -0.0238303 0.768321 3.63464 12.6503 171.125 -0.641148 0.000428576 0.767358 -1.85405 2.06519 63.6729 1.33811 -33.7233 4.25546 13.2152 171.424 -0.639578 -0.0239506 0.768353 
18456149 3.95556 12.9861 171.586 -0.634887 -0.032155 0.771936 3.48564 12.829 171.423 -0.636467 -0.00581131 0.771217 -1.86065 2.05456 62.9648 1.36138 -32.8708 3.94788 12.9564 171.583 -0.634833 -0.0322457 0.771976 
18544219 3.66146 12.7288 171.772 -0.630199 -0.040207 0.775392 3.34853 13.0943 171.616 -0.632969 -0.0096066 0.774063 -1.87186 2.04192 62.233 1.38608 -31.9707 3.65701 12.7057 171.769 -0.630142 -0.0402402 0.775436 
18633308 3.4553 12.4881 171.966 -0.625444 -0.0468386 0.778862 3.21487 13.3539 171.923 -0.629702 -0.0125479 0.776649 -1.88306 2.02957 61.5599 1.40878 -31.1182 3.45126 12.4562 171.96 -0.625339 -0.0468098 0.778948 
18719965 3.29119 12.2612 172.162 -0.620575 -0.05215 0.782411 2.96726 13.5019 172.124 -0.626558 -0.0154893 0.779115 -1.89455 2.01808 60.8551 1.43003 -30.2228 3.28971 12.2507 172.158 -0.620531 -0.0520977 0.78245 
18806392 3.10614 12.0839 172.396 -0.616385 -0.0570824 0.785373 2.60597 13.5406 172.438 -0.623286 -0.0181866 0.781697 -1.90633 2.00687 60.2439 1.45129 -29.3719 3.10395 12.077 172.392 -0.616344 -0.0569909 0.785412 
18894623 2.94116 11.8658 172.675 -0.611869 -0.0620754 0.788519 2.35867 13.5815 172.754 -0.62027 -0.0213721 0.784047 -1.91926 1.99682 59.6057 1.47169 -28.4655 2.93879 11.8627 172.671 -0.611837 -0.0619526 0.788554 
18982744 2.79194 11.6241 172.947 -0.607788 -0.0658528 0.791364 2.22885 13.6226 173.184 -0.617749 -0.024558 0.785915 -1.93419 1.98705 59.0025 1.48979 -27.6082 2.79018 11.6255 172.944 -0.607764 -0.0657147 0.791394 
19070058 2.68596 11.3729 173.254 -0.603369 -0.0691815 0.794456 1.87109 13.5486 173.507 -0.615092 -0.0271336 0.787891 -1.95028 1.97843 58.3675 1.50587 -26.7113 2.68231 11.3769 173.251 -0.603353 -0.0690257 0.794481 
19156236 2.57928 11.036 173.616 -0.599463 -0.0723259 0.797128 1.62521 13.3653 173.943 -0.612563 -0.0299534 0.789751 -1.96809 1.97154 57.8277 1.51937 -25.8556 2.5747 11.0415 173.614 -0.599452 -0.0721594 0.797152 
19245268 2.53892 10.3231 174.05 -0.594314 -0.0779683 0.800445 1.48624 13.0636 174.268 -0.609905 -0.0325291 0.791726 -1.99395 1.97039 57.2451 1.52598 -24.9539 2.53348 10.3329 174.046 -0.594319 -0.0777749 0.80046 
19332666 2.45982 9.2794 174.539 -0.589235 -0.0855408 0.803421 1.34679 12.4353 174.826 -0.607626 -0.0354711 0.793348 -2.02985 1.97441 56.7387 1.52598 -24.103 2.45094 9.29301 174.536 -0.589266 -0.0853158 0.803422 
19419858 2.74073 7.99594 175.049 -0.583815 -0.0946315 0.806353 0.968524 11.0736 175.405 -0.60532 -0.0430598 0.794698 -2.06519 1.98935 56.2767 1.5142 -23.3394 3.27995 7.99033 175.044 -0.583949 -0.0942221 0.806304 
19506023 2.75881 6.77035 175.535 -0.578329 -0.105203 0.808992 1.02331 9.613 175.864 -0.601959 -0.0532203 0.7967 -2.08444 2.02468 55.9433 1.48433 -22.8044 2.72011 6.78475 175.532 -0.57843 -0.10504 0.808941 
19594752 3.00057 5.6973 176 -0.573181 -0.116326 0.81113 1.38469 8.05589 176.195 -0.595945 -0.065964 0.800312 -2.09823 2.06174 55.6052 1.4556 -22.2583 2.93286 5.7133 175.997 -0.573293 -0.1162 0.811069 
19681669 3.1542 4.6536 176.478 -0.568108 -0.129034 0.812776 1.74169 6.55467 176.642 -0.589319 -0.0844699 0.803424 -2.11632 2.09478 55.2496 1.43348 -21.6313 3.08772 4.66834 176.475 -0.568224 -0.128956 0.812706 
19769889 3.25525 3.72607 176.925 -0.562913 -0.142586 0.814124 2.1034 5.0626 176.988 -0.58334 -0.104206 0.805471 -2.13413 2.12379 54.9099 1.41797 -20.9963 3.23832 3.73356 176.919 -0.563159 -0.142504 0.813968 
19856031 3.37696 2.82911 177.37 -0.557882 -0.156242 0.815081 2.0271 3.7719 177.337 -0.577787 -0.120644 0.80721 -2.1508 2.15338 54.6368 1.40332 -20.3724 3.33935 2.83514 177.367 -0.558014 -0.156207 0.814997 
19945086 3.55096 2.01556 177.766 -0.553273 -0.168554 0.815769 2.09744 2.86258 177.798 -0.574917 -0.130092 0.807737 -2.16056 2.18642 54.594 1.38551 -19.9374 3.53222 2.01664 177.762 -0.553578 -0.168414 0.81559 
20031429 3.76718 1.08988 178.137 -0.548491 -0.180194 0.816509 2.10263 2.52788 178.144 -0.575762 -0.129353 0.807244 -2.17033 2.22807 54.8781 1.35908 -19.7326 3.7818 1.08886 178.135 -0.548697 -0.180015 0.816411 
20120134 4.08318 0.00425057 178.421 -0.543983 -0.190341 0.817223 1.97552 1.72076 178.401 -0.575703 -0.13781 0.80583 -2.18125 2.27748 55.5941 1.32202 -19.7533 4.09186 0.00790039 178.42 -0.544546 -0.189854 0.816961 
20205956 4.31137 -0.679088 178.756 -0.540316 -0.204509 0.816232 2.32526 -1.7197 178.982 -0.561498 -0.211975 0.799867 -2.17837 2.31483 56.218 1.30363 -19.785 4.29361 -0.688969 178.758 -0.540563 -0.204647 0.816034 
20295118 4.49633 -0.908017 178.976 -0.536573 -0.219376 0.814839 2.4986 -2.43833 179.246 -0.557748 -0.230666 0.797278 -2.16229 2.3381 56.5037 1.30392 -19.7787 4.46344 -0.931599 178.98 -0.537064 -0.219639 0.814445 
20381385 4.62461 -1.10654 179.171 -0.532431 -0.234587 0.813318 2.87752 -2.83562 179.484 -0.551397 -0.248396 0.796349 -2.14792 2.35619 56.5132 1.31053 -19.6278 4.61108 -1.11871 179.173 -0.532643 -0.234722 0.81314 
20470227 4.64145 -1.3389 179.39 -0.528347 -0.248173 0.811948 3.05841 -2.86563 179.703 -0.546805 -0.257149 0.79672 -2.14247 2.3651 56.2783 1.32202 -19.2786 4.61937 -1.35994 179.394 -0.528694 -0.248384 0.811658 
20555490 4.57302 -1.64025 179.634 -0.524087 -0.260664 0.810794 3.23748 -3.11191 180.043 -0.542349 -0.266395 0.796736 -2.14361 2.36998 55.8973 1.33552 -18.7912 4.56443 -1.65005 179.636 -0.524229 -0.26075 0.810674 
20643167 4.42213 -1.97911 179.847 -0.519455 -0.271973 0.81006 3.89798 -3.49593 180.257 -0.530277 -0.286269 0.797982 -2.15309 2.36711 55.3147 1.35305 -18.2007 4.41862 -1.98871 179.848 -0.519533 -0.272103 0.809966 
20730817 4.1278 -2.28263 180.074 -0.513853 -0.282973 0.809865 3.8993 -3.60964 180.341 -0.518752 -0.298029 0.801264 -2.1732 2.34959 54.3781 1.38206 -17.3546 4.12619 -2.29103 180.074 -0.51389 -0.283107 0.809795 
20818474 3.87954 -2.62745 180.306 -0.508934 -0.291504 0.809946 3.83022 -3.3551 180.411 -0.510711 -0.301157 0.805264 -2.19446 2.33465 53.5446 1.40447 -16.5386 3.87831 -2.63905 180.306 -0.508971 -0.291725 0.809842 
20905285 3.66973 -3.05032 180.554 -0.503825 -0.299234 0.81032 3.88934 -3.1303 180.592 -0.504315 -0.301078 0.809217 -2.2183 2.32086 52.6683 1.42285 -15.6607 3.67083 -3.05348 180.553 -0.503831 -0.299309 0.810289 
20993077 3.48325 -3.62393 180.787 -0.498963 -0.306082 0.810771 3.64652 -3.13829 180.687 -0.502063 -0.299493 0.811233 -2.24588 2.31339 51.8666 1.43291 -14.8114 3.48371 -3.62445 180.785 -0.498985 -0.306107 0.810748 
21081869 3.25066 -4.28312 181.046 -0.495002 -0.312256 0.810844 3.40866 -3.24532 180.793 -0.500581 -0.299255 0.81231 -2.27834 2.30966 51.1158 1.43865 -13.9208 3.25046 -4.28028 181.043 -0.495047 -0.312228 0.810828 
21169464 3.01059 -5.03291 181.319 -0.491276 -0.317928 0.810907 2.81419 -3.88398 181.027 -0.497792 -0.300875 0.81341 -2.30822 2.31195 50.5157 1.43951 -13.0826 3.00656 -5.02947 181.314 -0.49133 -0.317859 0.810901 
21255439 2.83479 -5.71888 181.668 -0.486836 -0.324371 0.811033 2.23079 -4.61025 181.389 -0.49629 -0.304824 0.812863 -2.3312 2.32373 49.9807 1.43463 -12.1952 2.82654 -5.71517 181.664 -0.486927 -0.324271 0.811018 
21342633 2.74651 -6.33933 181.95 -0.482726 -0.331217 0.810723 2.07179 -5.30863 181.747 -0.492425 -0.312728 0.812248 -2.34442 2.34298 49.6426 1.42572 -11.5189 2.73793 -6.33538 181.946 -0.482819 -0.331124 0.810705 
21430909 2.70344 -6.85322 182.211 -0.478244 -0.338397 0.810413 2.12471 -5.89059 182.098 -0.487112 -0.321633 0.811881 -2.35303 2.36137 49.3695 1.41912 -10.9363 2.69628 -6.8492 182.208 -0.478322 -0.338322 0.810399 
21518294 2.65785 -7.28562 182.446 -0.473848 -0.34499 0.810216 2.17192 -6.47248 182.447 -0.481186 -0.330546 0.811751 -2.36194 2.37602 49.0885 1.4151 -10.395 2.64611 -7.27987 182.442 -0.473957 -0.344883 0.810198 
21605336 2.572 -7.67922 182.677 -0.469021 -0.351629 0.81017 2.21132 -6.92671 182.683 -0.474325 -0.341435 0.811407 -2.37401 2.38607 48.7504 1.4151 -9.82186 2.53371 -7.67117 182.676 -0.469048 -0.351611 0.810163 
21692499 2.45459 -8.02683 182.904 -0.464409 -0.357855 0.810101 2.14238 -7.38783 182.923 -0.467813 -0.351343 0.810925 -2.3855 2.39469 48.4107 1.4151 -9.26783 2.4504 -8.02478 182.902 -0.464414 -0.357864 0.810095 
21781114 2.33899 -8.42817 183.157 -0.45925 -0.364668 0.810004 2.19575 -7.76487 183.153 -0.462216 -0.358534 0.811008 -2.40015 2.40331 48.0011 1.4151 -8.62171 2.33609 -8.42575 183.156 -0.459248 -0.36468 0.81 
21868126 2.18133 -8.80563 183.395 -0.454666 -0.371064 0.809686 2.03491 -8.14438 183.39 -0.457586 -0.364982 0.81072 -2.41652 2.41049 47.628 1.4151 -8.01052 2.16337 -8.80065 183.393 -0.454661 -0.371076 0.809683 
21955392 2.01923 -9.18812 183.635 -0.450255 -0.377184 0.809322 1.77718 -8.52866 183.633 -0.454535 -0.370678 0.809825 -2.43232 2.41882 47.2407 1.41366 -7.38505 2.03174 -9.18792 183.634 -0.45026 -0.377194 0.809315 
22042456 1.88051 -9.60682 183.866 -0.446464 -0.383243 0.808576 1.62992 -8.91399 183.875 -0.451365 -0.376499 0.808931 -2.44525 2.43088 46.9279 1.40791 -6.82307 1.87632 -9.60366 183.865 -0.446473 -0.383251 0.808567 
22130902 1.78674 -10.0437 184.119 -0.442754 -0.388813 0.807956 1.59433 -9.30268 184.225 -0.448062 -0.381951 0.808272 -2.45444 2.4464 46.5961 1.39786 -6.23729 1.78305 -10.0402 184.118 -0.442765 -0.38882 0.807947 
22217907 1.67016 -10.5175 184.346 -0.439249 -0.394509 0.807108 1.54275 -9.68778 184.461 -0.44318 -0.388037 0.807974 -2.46507 2.46306 46.2437 1.38608 -5.65785 1.66705 -10.5135 184.345 -0.439251 -0.394518 0.807102 
22305993 1.56308 -10.9693 184.594 -0.435778 -0.399549 0.80651 1.49573 -10.188 184.699 -0.439025 -0.393745 0.807555 -2.47426 2.48001 45.8389 1.37287 -5.03238 1.5607 -10.9657 184.593 -0.435777 -0.399562 0.806504 
22392458 1.43479 -11.4717 184.829 -0.432694 -0.404861 0.805521 1.56234 -10.5857 184.932 -0.434853 -0.398716 0.807364 -2.48575 2.49811 45.4198 1.35793 -4.39579 1.44946 -11.4708 184.828 -0.432688 -0.404871 0.805519 
22480975 1.32099 -11.933 185.098 -0.428994 -0.409944 0.804929 1.51726 -10.9811 185.057 -0.43081 -0.403934 0.806936 -2.49753 2.51506 44.8991 1.34328 -3.66871 1.32152 -11.9286 185.096 -0.428985 -0.409959 0.804926 
22567807 1.1865 -12.4317 185.362 -0.426221 -0.414971 0.803825 1.36186 -11.3778 185.402 -0.426623 -0.40829 0.806977 -2.51017 2.53315 44.4213 1.32719 -2.95434 1.18732 -12.4269 185.361 -0.426205 -0.414981 0.803828 
22656140 1.11471 -12.9132 185.651 -0.423019 -0.419407 0.803214 1.31863 -11.7905 185.52 -0.42278 -0.411657 0.807246 -2.51793 2.55412 43.8688 1.30766 -2.18123 1.11656 -12.9084 185.649 -0.423003 -0.41941 0.803221 
22742423 1.04406 -13.4264 185.935 -0.420792 -0.423423 0.802276 1.26549 -12.1927 185.748 -0.417731 -0.415898 0.807763 -2.52482 2.57768 43.3465 1.2841 -1.41923 1.04691 -13.4212 185.933 -0.420764 -0.423425 0.80229 
22831426 0.982904 -13.921 186.22 -0.418184 -0.427363 0.80155 1.33285 -12.496 186.082 -0.413262 -0.418779 0.808502 -2.532 2.60095 42.7512 1.26083 -0.606425 0.991886 -13.9098 186.215 -0.418115 -0.427351 0.801593 
22917751 0.902617 -14.4352 186.509 -0.415397 -0.43146 0.800804 1.38984 -12.9131 186.302 -0.408055 -0.421665 0.809722 -2.54148 2.62537 42.0718 1.23641 0.2921 0.908658 -14.4298 186.506 -0.415351 -0.431445 0.800837 
23006255 0.833947 -14.8968 186.771 -0.4127 -0.435014 0.800276 1.34202 -13.1013 186.523 -0.403106 -0.424923 0.810464 -2.55039 2.64835 41.4177 1.21343 1.14141 0.846318 -14.8847 186.765 -0.412596 -0.434977 0.80035 
23092275 0.783562 -15.3655 187.033 -0.410243 -0.43869 0.799532 1.29853 -13.5289 186.744 -0.399093 -0.426442 0.811669 -2.55815 2.67449 40.7192 1.18729 2.03676 0.789815 -15.3603 187.029 -0.410189 -0.438652 0.799581 
23180382 0.716111 -15.809 187.29 -0.410007 -0.440191 0.798828 1.24719 -13.8356 186.963 -0.394001 -0.428959 0.812882 -2.56561 2.6992 40.0604 1.16258 2.87814 0.727774 -15.7998 187.283 -0.409869 -0.440124 0.798936 
23267596 0.631018 -16.2367 187.587 -0.406625 -0.443048 0.798977 1.31072 -14.1514 187.18 -0.389261 -0.430737 0.814085 -2.57538 2.72333 39.3428 1.13845 3.78777 0.637173 -16.2327 187.584 -0.406557 -0.443012 0.799032 
23356527 0.542666 -16.627 187.864 -0.404719 -0.444523 0.799125 1.15776 -14.3536 187.398 -0.385004 -0.432262 0.815287 -2.58343 2.74918 38.7047 1.1126 4.6355 0.551523 -16.6194 187.856 -0.404586 -0.44445 0.799234 
23442108 0.371692 -17.0794 188.191 -0.40377 -0.445347 0.799147 1.10429 -14.7695 187.622 -0.37992 -0.435028 0.816262 -2.59233 2.77963 38.0903 1.08215 5.53402 0.375215 -17.0766 188.187 -0.403692 -0.445319 0.799202 
23529363 0.186975 -17.523 188.55 -0.402741 -0.446817 0.798845 0.945721 -15.158 187.973 -0.375392 -0.44026 0.815584 -2.60296 2.81554 37.595 1.04997 6.38969 0.193034 -17.5141 188.542 -0.402584 -0.446796 0.798936 
23617508 -0.0389931 -18.039 188.999 -0.401695 -0.449023 0.798135 0.802174 -15.6548 188.338 -0.372716 -0.445848 0.813714 -2.61847 2.86725 37.3093 1.00918 7.239 -0.0376966 -18.0341 188.995 -0.401638 -0.449014 0.798169 
23705457 -0.233746 -18.4958 189.375 -0.401406 -0.451008 0.797161 0.181415 -15.9698 188.822 -0.37811 -0.445547 0.811329 -2.63456 2.92183 37.4902 0.970975 7.69938 -0.241507 -18.4822 189.367 -0.401453 -0.450867 0.797216 
23792068 -0.252726 -18.8904 189.712 -0.401934 -0.451366 0.796692 -0.638917 -16.4762 189.23 -0.386655 -0.448426 0.80575 -2.63772 2.98015 38.1919 0.93047 7.74224 -0.264747 -18.8801 189.707 -0.402054 -0.451245 0.796699 
23879202 -0.248825 -19.0552 189.966 -0.401004 -0.455121 0.795022 -0.628586 -17.7972 189.496 -0.367173 -0.486574 0.792633 -2.62853 3.00399 38.8079 0.91151 7.72795 -0.257657 -19.051 189.962 -0.400877 -0.455357 0.794952 
23967397 -0.207516 -19.0902 190.219 -0.398889 -0.461539 0.792382 -0.641585 -18.1571 189.885 -0.366299 -0.495119 0.787792 -2.61847 3.00456 39.3397 0.910935 7.72795 -0.213985 -19.087 190.216 -0.398767 -0.461783 0.792301 
24055420 -0.149445 -19.1405 190.448 -0.397098 -0.467224 0.789946 -0.625244 -18.4575 190.253 -0.368344 -0.498069 0.784947 -2.60985 3.0083 39.8223 0.907201 7.69938 -0.158891 -19.1352 190.444 -0.39691 -0.467654 0.789786 
24142102 -0.0438143 -19.257 190.651 -0.394918 -0.473077 0.787552 -0.587679 -18.6603 190.619 -0.372434 -0.499513 0.782094 -2.59635 3.02295 40.2953 0.89255 7.60889 -0.0486714 -19.2545 190.65 -0.394863 -0.473259 0.78747 
24229066 0.0447095 -19.3933 190.824 -0.393203 -0.478201 0.785312 -0.555621 -18.9666 190.881 -0.376309 -0.502073 0.778651 -2.58285 3.04047 40.6319 0.874452 7.53904 0.0401028 -19.3917 190.824 -0.39317 -0.478372 0.785225 
24317303 0.0910492 -19.5847 191.019 -0.392137 -0.482926 0.782951 -0.639098 -19.1717 191.023 -0.379665 -0.503527 0.776034 -2.56791 3.0646 40.8764 0.847736 7.52951 0.085788 -19.5831 191.018 -0.392114 -0.48308 0.782866 
24404617 0.108604 -19.823 191.656 -0.391635 -0.487172 0.780567 -0.824068 -19.6105 191.17 -0.384579 -0.503605 0.773529 -2.55183 3.09563 41.0319 0.812689 7.54698 0.101842 -19.8229 191.65 -0.391639 -0.4873 0.780485 
24492307 0.101155 -20.0955 191.793 -0.391675 -0.491161 0.778043 -0.894051 -20.0528 191.317 -0.389858 -0.503555 0.770903 -2.53746 3.12551 41.1034 0.779078 7.68191 0.0936215 -20.097 191.787 -0.391713 -0.491262 0.777961 
24578638 4.46422 -22.2937 195.022 -0.285983 -0.558328 0.77877 -1.06045 -20.2928 191.45 -0.396296 -0.501019 0.769339 -2.52511 -3.13642 41.1209 0.753798 7.94226 4.36714 -22.2795 194.984 -0.287858 -0.5579 0.778386 
24666963 2.50368 -22.5727 194.717 -0.318235 -0.549753 0.772333 -1.24373 -20.528 191.688 -0.400778 -0.49875 0.76849 -2.51333 -3.11976 41.0129 0.735413 8.42645 2.42236 -22.5682 194.693 -0.319444 -0.549291 0.772162 
24754200 1.218 -22.6481 194.585 -0.340368 -0.540948 0.769107 -1.31309 -20.7711 192.142 -0.40523 -0.495368 0.76835 -2.50299 -3.09879 40.9224 0.715017 8.85031 1.16796 -22.6349 194.568 -0.341193 -0.540547 0.769023 
24841746 0.396255 -22.703 194.51 -0.356623 -0.532952 0.767322 -1.47853 -20.9156 192.592 -0.411113 -0.490365 0.768438 -2.49236 -3.06231 40.8716 0.684853 9.19639 0.360403 -22.6875 194.499 -0.357251 -0.532587 0.767282 
24928633 -0.233533 -22.7611 194.465 -0.368789 -0.525926 0.766418 -1.56371 -21.1414 192.721 -0.414285 -0.489595 0.767238 -2.48891 -3.0129 41.0367 0.648945 9.32815 -0.259011 -22.747 194.455 -0.369275 -0.525629 0.766388 
25016801 -0.831743 -22.65 194.499 -0.376764 -0.522373 0.764968 -1.50841 -22.3452 192.84 -0.399306 -0.516596 0.757363 -2.48805 -2.96952 41.3828 0.61677 9.36625 -0.835291 -22.6655 194.491 -0.376999 -0.522364 0.764857 
25104079 -0.965942 -22.9416 194.582 -0.380471 -0.523281 0.762509 -1.48637 -22.7732 192.901 -0.390859 -0.530798 0.75194 -2.4892 -2.96377 41.4177 0.611312 9.60596 -0.971052 -22.9496 194.573 -0.380573 -0.523383 0.762388 
25192129 -1.17445 -23.1586 194.737 -0.383097 -0.524323 0.760475 -1.59176 -22.7607 193.131 -0.391245 -0.531413 0.751347 -2.49523 -2.9405 41.6289 0.592352 9.78217 -1.17998 -23.1601 194.729 -0.383172 -0.524407 0.76038 
25278599 -1.37837 -23.3552 194.881 -0.384752 -0.525291 0.75897 -1.92499 -23.2428 193.531 -0.392171 -0.538101 0.746001 -2.50529 -2.91321 41.8702 0.570232 9.89489 -1.38297 -23.3589 194.875 -0.384815 -0.525401 0.758862 
25366264 -1.43787 -23.5672 194.992 -0.385996 -0.526887 0.75723 -2.24247 -23.5376 193.688 -0.394599 -0.541427 0.742313 -2.5027 -2.90086 41.9019 0.558167 10.133 -1.44373 -23.5701 194.986 -0.38606 -0.526996 0.757121 
25453936 -1.52168 -23.7956 195.161 -0.387322 -0.528515 0.755417 -2.33206 -23.532 193.922 -0.396684 -0.541286 0.741236 -2.49926 -2.88334 41.9892 0.540644 10.387 -1.52761 -23.7959 195.156 -0.387386 -0.528606 0.75532 
25541984 -1.62055 -24.0893 195.333 -0.38949 -0.529079 0.753905 -2.64327 -23.7361 194.173 -0.39941 -0.54213 0.739209 -2.49667 -2.85777 42.1623 0.515076 10.5855 -1.62746 -24.0882 195.328 -0.389558 -0.529165 0.75381 
25628475 -1.58922 -24.4495 195.464 -0.390362 -0.53046 0.752482 -2.84084 -24.1436 194.556 -0.402688 -0.545078 0.735279 -2.48604 -2.83507 42.2131 0.492382 10.849 -1.59671 -24.4489 195.46 -0.390443 -0.53055 0.752377 
25716209 -1.55883 -24.7849 195.617 -0.391909 -0.531614 0.750862 -3.04215 -24.366 194.683 -0.405372 -0.544435 0.73432 -2.47139 -2.81985 42.1765 0.475146 11.1903 -1.56691 -24.784 195.614 -0.391994 -0.531691 0.750763 
25803879 -1.53651 -25.1859 195.758 -0.393657 -0.532663 0.749203 -2.65155 -24.8712 195.04 -0.400135 -0.550312 0.732671 -2.45645 -2.80204 42.1575 0.45475 11.5173 -1.54214 -25.1864 195.756 -0.393711 -0.532762 0.749104 
25891731 -1.64964 -25.4805 195.909 -0.394662 -0.533686 0.747945 -2.53034 -25.2037 195.166 -0.401738 -0.550544 0.731717 -2.4553 -2.77762 42.2051 0.42947 11.7253 -1.65847 -25.4812 195.903 -0.394774 -0.533877 0.74775 
25979094 -1.80831 -25.7996 196.028 -0.396535 -0.534331 0.746492 -2.9054 -25.2254 195.406 -0.409125 -0.546761 0.730505 -2.45358 -2.74976 42.2289 0.399306 11.9856 -1.81402 -25.7975 196.026 -0.39662 -0.534407 0.746393 
26067594 -1.83823 -26.1472 196.193 -0.39873 -0.534791 0.744992 -3.38275 -25.4727 195.766 -0.417843 -0.542225 0.728926 -2.4395 -2.73309 42.0924 0.378623 12.3682 -1.85285 -26.1422 196.189 -0.398963 -0.534899 0.74479 
26154101 -1.84524 -26.4784 196.37 -0.401077 -0.534924 0.743636 -3.17533 -25.8945 196.009 -0.416813 -0.54484 0.727503 -2.42169 -2.7216 41.8368 0.361961 12.8556 -1.85146 -26.4767 196.369 -0.401176 -0.53499 0.743535 
26242978 -1.88646 -26.8374 196.493 -0.402948 -0.535843 0.741961 -2.57938 -26.4984 196.259 -0.410036 -0.552833 0.72539 -2.40991 -2.7035 41.6828 0.340129 13.1842 -1.89255 -26.8359 196.492 -0.403064 -0.536043 0.741753 
26328628 -2.13305 -27.0764 196.642 -0.404563 -0.537068 0.740193 -2.62192 -26.8867 196.294 -0.406408 -0.55907 0.722546 -2.41307 -2.6765 41.605 0.309391 13.4398 -2.13485 -27.0763 196.64 -0.404592 -0.537197 0.740084 
26416834 -2.31308 -27.3388 196.806 -0.405853 -0.538452 0.73848 -2.92336 -27.1057 196.431 -0.410325 -0.558542 0.720749 -2.41164 -2.65611 41.4336 0.284111 13.7843 -2.31561 -27.3387 196.804 -0.405894 -0.538574 0.738369 
26504133 -2.33726 -27.6021 196.968 -0.406351 -0.540047 0.73704 -3.15665 -27.4025 196.573 -0.409806 -0.561896 0.718492 -2.39986 -2.6472 41.1097 0.269173 14.2827 -2.34093 -27.6021 196.965 -0.406383 -0.540179 0.736925 
26591848 -2.37647 -27.7668 197.107 -0.406643 -0.541044 0.736147 -3.18527 -27.4862 196.801 -0.406684 -0.564405 0.718263 -2.38837 -2.64347 40.7351 0.258831 14.8225 -2.38028 -27.7659 197.104 -0.406656 -0.541182 0.736039 
26678089 -2.40051 -27.9949 197.23 -0.406734 -0.54217 0.735268 -2.89535 -27.6995 197.01 -0.402052 -0.565685 0.719823 -2.37314 -2.63801 40.2985 0.245042 15.3988 -2.40289 -27.9935 197.227 -0.406719 -0.542313 0.735171 
26765939 -2.43842 -28.2803 197.256 -0.406926 -0.543674 0.73405 -2.69058 -27.8258 197.101 -0.400168 -0.564331 0.722093 -2.35677 -2.62939 39.8762 0.227518 15.8798 -2.43983 -28.2771 197.254 -0.406893 -0.543812 0.733966 
26853059 -2.47456 -28.5505 197.245 -0.406405 -0.545392 0.733064 -2.48567 -28.0625 197.198 -0.398536 -0.563105 0.72388 -2.34068 -2.61847 39.4032 0.207409 16.3687 -2.47467 -28.5471 197.242 -0.406358 -0.545528 0.732989 
26940840 -2.56061 -28.8349 197.194 -0.406846 -0.546604 0.731915 -2.38242 -28.1913 197.183 -0.397875 -0.561496 0.725549 -2.32574 -2.60698 38.965 0.18529 16.7989 -2.5578 -28.8314 197.188 -0.406722 -0.546868 0.731787 
27027978 -2.6146 -28.9502 197.105 -0.406524 -0.547701 0.731274 -2.39093 -28.3235 197.167 -0.397197 -0.559269 0.72757 -2.31081 -2.60009 38.5015 0.167479 17.2101 -2.6136 -28.9442 197.102 -0.406449 -0.547825 0.731223 
27115281 -2.61851 -28.9487 196.992 -0.405619 -0.547898 0.731629 -2.29675 -28.4499 197.15 -0.395561 -0.557918 0.729477 -2.29903 -2.59865 38.0776 0.155988 17.5324 -2.61661 -28.9451 196.99 -0.405533 -0.548016 0.731588 
27203511 -2.59469 -28.9467 196.85 -0.404266 -0.548197 0.732154 -2.19613 -28.4763 197.125 -0.394381 -0.555322 0.732096 -2.28725 -2.59923 37.6585 0.146508 17.7895 -2.59226 -28.9438 196.848 -0.404176 -0.548302 0.732125 
27291289 -2.51507 -28.9548 196.669 -0.402704 -0.548928 0.732466 -1.99301 -28.6141 196.988 -0.3926 -0.553226 0.734718 -2.27691 -2.60239 37.3886 0.142486 17.8657 -2.51185 -28.954 196.668 -0.402612 -0.549014 0.732453 
27377853 -2.39729 -28.9147 196.468 -0.40018 -0.549554 0.73338 -1.79081 -28.6299 196.858 -0.390485 -0.552254 0.736505 -2.27001 -2.60641 37.1426 0.141337 17.8673 -2.39371 -28.9147 196.468 -0.400091 -0.549627 0.733374 
27465344 -2.25806 -28.8901 196.259 -0.397254 -0.550706 0.734107 -1.69368 -28.5366 196.614 -0.388975 -0.551025 0.738294 -2.26513 -2.60899 36.9616 0.141337 17.8006 -2.25492 -28.8892 196.259 -0.397174 -0.550762 0.734107 
27552615 -2.11266 -28.8913 196.012 -0.394945 -0.552121 0.73429 -1.59961 -28.549 196.487 -0.387231 -0.550172 0.739843 -2.26053 -2.611 36.8949 0.142486 17.6117 -2.10991 -28.8905 196.013 -0.394872 -0.55216 0.734299 
27640631 -1.99666 -28.7986 195.77 -0.39357 -0.552495 0.734746 -1.40149 -28.6591 196.261 -0.385053 -0.551309 0.740085 -2.25938 -2.61761 36.9568 0.149094 17.2942 -1.99371 -28.7994 195.771 -0.393503 -0.55253 0.734756 
27727844 -1.93046 -28.605 195.534 -0.392739 -0.55216 0.735443 -1.21582 -28.532 195.923 -0.381204 -0.554196 0.739977 -2.26714 -2.62652 37.187 0.161446 16.8037 -1.9275 -28.606 195.535 -0.392673 -0.552196 0.735451 
27815157 -1.84556 -28.3894 195.375 -0.391974 -0.551733 0.73617 -1.14534 -28.4061 195.474 -0.377109 -0.556966 0.739864 -2.27346 -2.63772 37.4109 0.175522 16.4068 -1.843 -28.3905 195.375 -0.391908 -0.551771 0.736177 
27902857 -1.78255 -28.1742 195.283 -0.391554 -0.551251 0.736755 -0.955159 -28.2848 195.244 -0.373606 -0.558984 0.740109 -2.28007 -2.64892 37.6458 0.189599 16.0846 -1.77759 -28.1768 195.282 -0.391425 -0.551326 0.736767 
27990606 -1.70047 -27.9417 195.206 -0.390771 -0.550935 0.737406 -1.03498 -27.9827 195.115 -0.376453 -0.555483 0.741291 -2.28782 -2.6607 37.8935 0.205686 15.7623 -1.69858 -27.9424 195.205 -0.390727 -0.550956 0.737414 
28078723 -1.57816 -27.761 195.104 -0.390151 -0.55076 0.737865 -0.914787 -27.885 194.996 -0.377283 -0.55448 0.741769 -2.28869 -2.6742 38.0617 0.220911 15.5067 -1.57638 -27.7619 195.104 -0.390115 -0.550775 0.737874 
28164977 -1.45266 -27.5069 194.97 -0.389328 -0.550383 0.738581 -0.815546 -27.8802 194.994 -0.375955 -0.555239 0.741769 -2.29328 -2.69058 38.276 0.24102 15.1432 -1.45104 -27.5084 194.97 -0.389296 -0.550397 0.738588 
28252851 -1.38723 -27.2278 194.804 -0.389158 -0.549809 0.739098 -0.605155 -27.6567 194.764 -0.374387 -0.556247 0.741771 -2.30276 -2.7058 38.5634 0.261991 14.6622 -1.38367 -27.2308 194.803 -0.3891 -0.549835 0.739109 
28340333 -1.37865 -26.9269 194.608 -0.389684 -0.549139 0.739319 -0.386701 -27.5484 194.646 -0.373783 -0.556623 0.741894 -2.31741 -2.71902 38.938 0.283823 14.0637 -1.37663 -26.9286 194.608 -0.389657 -0.549151 0.739325 
28428283 -1.37692 -26.6196 194.43 -0.389926 -0.548971 0.739316 -0.285262 -27.4251 194.43 -0.372736 -0.558619 0.740824 -2.33407 -2.73338 39.3397 0.307954 13.443 -1.37486 -26.6215 194.43 -0.389899 -0.548986 0.73932 
28514935 -1.40141 -26.2014 194.315 -0.390176 -0.548549 0.739498 -0.0844014 -27.4005 194.109 -0.370757 -0.562481 0.739049 -2.35562 -2.75263 39.7937 0.338979 12.7968 -1.3989 -26.2041 194.315 -0.390144 -0.548573 0.739497 
28603346 -1.42399 -25.7541 194.259 -0.389569 -0.548632 0.739756 -0.00069758 -27.2586 193.897 -0.367803 -0.566482 0.737388 -2.38033 -2.7759 40.2398 0.375463 12.1793 -1.41795 -25.7614 194.258 -0.389489 -0.548703 0.739745 
28690406 -1.45787 -25.2406 194.22 -0.389172 -0.548638 0.739961 0.293826 -27.114 193.682 -0.36352 -0.571239 0.735848 -2.40733 -2.80951 40.6954 0.420852 11.5268 -1.45338 -25.246 194.219 -0.389115 -0.548694 0.739949 
28778254 -1.57589 -24.7608 194.185 -0.389212 -0.549115 0.739585 0.486712 -26.8673 193.57 -0.35993 -0.5745 0.735141 -2.44036 -2.84427 41.1891 0.467677 10.8156 -1.56931 -24.7684 194.184 -0.389133 -0.549195 0.739568 
28864776 -1.67441 -24.2718 194.161 -0.38822 -0.549274 0.739989 0.292617 -26.0004 193.319 -0.361448 -0.571756 0.736445 -2.47311 -2.88736 41.5161 0.517662 10.2156 -1.66697 -24.2791 194.159 -0.388133 -0.549361 0.73997 
28953181 -1.56828 -24.0365 194.131 -0.38618 -0.550752 0.739957 0.0775685 -25.3403 193.186 -0.361045 -0.57052 0.737514 -2.48346 -2.93074 41.6622 0.556731 9.90759 -1.5553 -24.048 194.127 -0.385999 -0.55092 0.739927 
29040160 -1.45744 -23.8283 194.082 -0.383952 -0.551948 0.740226 0.28767 -24.904 193.157 -0.358692 -0.569919 0.739305 -2.4938 -2.97182 41.8352 0.590916 9.59009 -1.45055 -23.8334 194.08 -0.383855 -0.552029 0.740216 
29128216 -1.39757 -23.6343 194.029 -0.382515 -0.552434 0.740607 0.133675 -24.194 193.114 -0.364477 -0.5618 0.742503 -2.50558 -3.00571 42.0654 0.617919 9.24878 -1.38561 -23.6404 194.025 -0.382364 -0.552536 0.740609 
29214643 -1.28461 -23.518 193.944 -0.382206 -0.552 0.74109 -0.112519 -23.711 193.082 -0.37282 -0.553033 0.745106 -2.50672 -3.03358 42.2734 0.634868 8.97731 -1.28082 -23.5191 193.942 -0.382166 -0.552017 0.741098 
29302389 -1.11733 -23.3766 193.835 -0.382351 -0.550918 0.74182 -0.284843 -23.4218 193.063 -0.37758 -0.547656 0.746638 -2.50155 -3.06863 42.5925 0.653541 8.60742 -1.1134 -23.3773 193.831 -0.382319 -0.550921 0.741835 
29389047 -0.945804 -23.1462 193.672 -0.383466 -0.548777 0.74283 -0.271869 -23.0839 193.145 -0.389888 -0.535519 0.748974 -2.49696 -3.11401 43.1878 0.677384 7.95337 -0.945878 -23.1463 193.67 -0.383517 -0.548738 0.742834 
29477757 -0.348908 -20.7666 193.591 -0.423473 -0.477187 0.770041 -0.467593 -22.7485 193.016 -0.404035 -0.523124 0.750227 -2.49294 3.13125 43.9196 0.69893 7.14375 -0.344344 -20.7993 193.584 -0.423278 -0.477792 0.769773 
29564493 -0.162061 -21.1361 193.334 -0.421965 -0.485484 0.76567 -0.692597 -22.476 193.02 -0.415129 -0.515716 0.749471 -2.49408 3.10683 44.8356 0.721337 6.24681 -0.164273 -21.1576 193.331 -0.421926 -0.485843 0.765464 
29651659 -0.101749 -21.3402 193.165 -0.422552 -0.490469 0.762162 -0.746481 -22.3764 192.932 -0.421238 -0.51443 0.74683 -2.50242 3.08213 45.7516 0.746042 5.43084 -0.10692 -21.3556 193.162 -0.422586 -0.49072 0.761981 
29739159 -0.100697 -21.418 193.054 -0.424881 -0.493361 0.758994 -1.10746 -22.2647 192.976 -0.430183 -0.513491 0.742398 -2.51333 3.0557 46.8025 0.772471 4.51961 -0.109959 -21.4294 193.055 -0.424993 -0.493546 0.75881 
29827273 -0.167 -21.4275 192.999 -0.428752 -0.495185 0.755622 -1.57109 -22.0438 193.021 -0.439854 -0.512055 0.737719 -2.5231 3.03272 47.763 0.795453 3.66554 -0.179124 -21.4347 193.001 -0.42892 -0.495324 0.755435 
29914389 -0.246261 -21.3349 192.949 -0.433541 -0.496304 0.752147 -2.02583 -21.8287 192.959 -0.450621 -0.510241 0.732557 -2.53028 3.01031 48.7488 0.81786 2.76066 -0.260439 -21.3391 192.952 -0.433758 -0.496412 0.75195 
30001678 -0.337418 -21.2282 192.913 -0.438417 -0.497497 0.748523 -2.406 -21.8248 193.002 -0.457738 -0.509697 0.728478 -2.53373 2.99106 49.6362 0.837107 1.91929 -0.354398 -21.2335 192.917 -0.438641 -0.497596 0.748327 
30089040 -0.491584 -21.1768 192.88 -0.443459 -0.498886 0.744618 -2.6691 -21.7139 192.934 -0.465349 -0.509154 0.723916 -2.53574 2.97182 50.5823 0.856354 1.01441 -0.512946 -21.1856 192.884 -0.443692 -0.498978 0.744418 
30177152 -0.705675 -21.18 192.853 -0.448252 -0.500161 0.740884 -2.94683 -21.7088 192.864 -0.471624 -0.509238 0.71984 -2.53574 2.95199 51.4888 0.876176 0.15875 -0.730078 -21.1922 192.855 -0.448479 -0.500254 0.740684 
30264414 -0.950702 -21.199 192.821 -0.453099 -0.501361 0.737115 -3.10961 -21.7093 192.794 -0.478259 -0.50895 0.715638 -2.53718 2.9293 52.4413 0.89887 -0.735012 -0.974365 -21.212 192.823 -0.453324 -0.501454 0.736913 
30351607 -1.176 -21.2004 192.798 -0.457889 -0.502424 0.733422 -3.38516 -21.7088 192.725 -0.484769 -0.508541 0.711554 -2.53832 2.90574 53.343 0.922426 -1.58115 -1.1984 -21.2128 192.8 -0.458113 -0.502513 0.73322 
30439454 -1.35723 -21.1747 192.754 -0.462958 -0.503582 0.729435 -3.54454 -21.5965 192.656 -0.491533 -0.508381 0.70699 -2.5389 2.88075 54.3035 0.947419 -2.49396 -1.37765 -21.1856 192.756 -0.463187 -0.503668 0.72923 
30527104 -1.45144 -21.0442 192.713 -0.467677 -0.504432 0.725828 -3.70749 -21.4889 192.581 -0.497914 -0.507727 0.703022 -2.53832 2.85346 55.1829 0.975571 -3.33851 -1.47055 -21.0544 192.715 -0.467913 -0.50451 0.725622 
30614613 -1.48719 -20.8589 192.654 -0.478211 -0.517753 0.709399 -3.98437 -21.3813 192.506 -0.504043 -0.506829 0.69929 -2.53488 2.82473 56.0862 1.00516 -4.22751 -1.5065 -20.869 192.655 -0.478447 -0.517825 0.709186 
30701433 -1.41511 -20.6183 192.569 -0.48258 -0.517614 0.706535 -4.04387 -21.1665 192.421 -0.509313 -0.505938 0.696036 -2.52339 2.79773 56.9181 1.03216 -5.07048 -1.43321 -20.6287 192.596 -0.482792 -0.517626 0.706381 
30789489 -1.39211 -20.3775 192.516 -0.487465 -0.516914 0.703688 -4.10138 -20.9621 192.33 -0.514796 -0.503929 0.693495 -2.50931 2.77245 57.8039 1.05744 -5.97535 -1.4111 -20.3871 192.486 -0.487675 -0.516913 0.703544 
30877089 -1.97353 -21.1939 192.455 -0.492156 -0.515015 0.701813 -4.13114 -20.4484 192.339 -0.522412 -0.498938 0.691405 -2.49294 2.74487 58.6453 1.08502 -6.83101 -1.99141 -21.1998 192.45 -0.492377 -0.514998 0.701671 
30964870 -1.96673 -20.8348 192.363 -0.498311 -0.513659 0.698456 -4.25954 -19.8428 192.232 -0.531326 -0.491838 0.689654 -2.47398 2.72189 59.5438 1.10858 -7.73271 -1.98263 -20.8339 192.356 -0.498542 -0.51361 0.698326 
31051429 -1.9107 -20.4581 192.24 -0.502838 -0.511367 0.696892 -4.3016 -19.5488 192.245 -0.538094 -0.487227 0.687684 -2.4441 2.70666 60.4264 1.12495 -8.58361 -1.92778 -20.4583 192.285 -0.503074 -0.511319 0.696756 
31139033 -1.93481 -20.1297 192.206 -0.508449 -0.509083 0.694488 -4.24897 -19.1291 192.142 -0.542948 -0.484608 0.685733 -2.41164 2.6946 61.398 1.13759 -9.49007 -1.95184 -20.1286 192.164 -0.508676 -0.509043 0.694352 
31226856 -1.91392 -19.7461 192.134 -0.51276 -0.506919 0.6929 -3.97509 -18.8197 192.153 -0.54769 -0.482362 0.683545 -2.37257 2.68627 62.3426 1.14765 -10.3426 -1.93043 -19.7451 192.185 -0.512988 -0.506886 0.692755 
31314665 -1.95794 -19.3855 192.134 -0.51817 -0.504801 0.690417 -3.59539 -18.3987 192.154 -0.551576 -0.480365 0.681962 -2.32948 2.68196 63.3792 1.15282 -11.2268 -1.97293 -19.3831 192.037 -0.518394 -0.504769 0.690273 
31401271 -1.92237 -18.9479 192.055 -0.522925 -0.50216 0.688756 -2.7909 -17.8691 192.245 -0.552763 -0.478752 0.682064 -2.28093 2.68024 64.373 1.1554 -12.0761 -1.93289 -18.9437 192.061 -0.52314 -0.502124 0.688619 
31489824 -1.75934 -18.4814 191.988 -0.527067 -0.500261 0.686978 -1.67455 -17.2276 192.205 -0.551392 -0.478138 0.683501 -2.23669 2.67851 65.2763 1.15856 -12.9334 -1.76738 -18.4697 192.001 -0.52745 -0.500172 0.68675 
31575828 -1.42318 -17.7656 191.791 -0.531087 -0.497029 0.686228 -0.676488 -16.692 192.166 -0.549536 -0.477895 0.685184 -2.20394 2.66645 65.9636 1.17379 -13.8319 -1.42197 -17.7609 191.799 -0.531247 -0.496987 0.686134 
31664499 -1.01963 -16.8465 191.37 -0.533917 -0.492698 0.687154 -0.137326 -16.1382 191.911 -0.546614 -0.479144 0.686641 -2.19274 2.63829 66.2796 1.20596 -14.6828 -1.01511 -16.8444 191.386 -0.534156 -0.492668 0.686991 
31751128 -0.604278 -15.8314 190.838 -0.536297 -0.487458 0.689036 0.175913 -15.3592 191.429 -0.543206 -0.480641 0.688341 -2.18096 2.60727 66.5161 1.24015 -15.5956 -0.60287 -15.8314 190.845 -0.536382 -0.487469 0.688962 
31838366 -0.230757 -14.9815 190.416 -0.538304 -0.481811 0.691438 0.285221 -14.3917 190.821 -0.541536 -0.478169 0.691323 -2.15539 2.58946 66.8018 1.25939 -16.4211 -0.231867 -14.9794 190.426 -0.538436 -0.481834 0.691319 
31925645 0.105218 -14.3556 190.162 -0.54029 -0.47527 0.694409 0.97198 -13.2526 190.404 -0.541207 -0.470859 0.696663 -2.1258 2.5863 66.9955 1.26255 -17.045 0.106439 -14.3507 190.166 -0.540343 -0.475256 0.694378 
32014836 0.243662 -14.0842 189.949 -0.54055 -0.474002 0.695074 1.50048 -12.8231 190.027 -0.537516 -0.470996 0.699431 -2.11862 2.58659 66.8526 1.26112 -17.2164 0.24684 -14.0784 189.951 -0.540583 -0.474081 0.694994 
32101032 0.32616 -13.807 189.778 -0.54149 -0.470674 0.696602 1.69996 -13.0414 189.912 -0.53558 -0.472243 0.700045 -2.12063 2.5817 66.6002 1.26227 -17.2101 0.329717 -13.8039 189.78 -0.541518 -0.470697 0.696565 
32190152 0.405561 -13.4548 189.594 -0.542694 -0.466838 0.698244 1.80379 -13.1494 189.913 -0.534982 -0.472865 0.70005 -2.12494 2.57107 66.3589 1.26887 -17.2148 0.408987 -13.4538 189.596 -0.542719 -0.466877 0.698199 
32275684 0.524928 -12.9307 189.391 -0.544135 -0.461575 0.700618 1.54415 -12.7049 189.765 -0.54202 -0.460205 0.703169 -2.12695 2.55441 66.1319 1.28123 -17.245 0.526701 -12.9303 189.393 -0.544177 -0.461571 0.700588 
32364367 0.80124 -12.4888 189.179 -0.545573 -0.45524 0.703638 1.47001 -12.2174 189.511 -0.545146 -0.452892 0.705374 -2.09765 2.55786 66.2589 1.27721 -17.6546 0.802326 -12.4866 189.182 -0.545669 -0.455207 0.703585 
32451290 1.09916 -12.0843 189 -0.547201 -0.448692 0.706573 2.24876 -11.9322 189.129 -0.532839 -0.462221 0.708842 -2.06145 2.5682 66.432 1.26629 -18.0911 1.10157 -12.083 189.001 -0.547206 -0.448739 0.70654 
32538140 1.11379 -11.7704 188.93 -0.5489 -0.443786 0.708352 3.15064 -11.8816 188.87 -0.522104 -0.470316 0.711447 -2.07122 2.55441 66.1176 1.27175 -17.8641 1.11898 -11.7702 188.93 -0.548869 -0.443878 0.708318 
32625442 1.03218 -11.3745 188.863 -0.551303 -0.437179 0.710591 2.47183 -10.7961 189.146 -0.541849 -0.440405 0.715823 -2.09564 2.52999 65.5906 1.28467 -17.4101 1.03511 -11.3723 188.864 -0.55132 -0.437181 0.710577 
32714111 1.34431 -11.4124 188.644 -0.552302 -0.430884 0.713653 2.01994 -10.2826 189.111 -0.551835 -0.422437 0.718867 -2.05111 2.56389 65.7176 1.24905 -17.8673 1.34588 -11.4067 188.646 -0.552343 -0.430845 0.713646 
32800922 1.74992 -11.298 188.415 -0.553779 -0.422469 0.71753 3.07109 -10.0827 188.602 -0.544961 -0.423327 0.723689 -1.98906 2.61273 65.9525 1.19993 -18.4817 1.75579 -11.2877 188.416 -0.553793 -0.422471 0.717518 
32888021 1.75018 -11.1875 188.346 -0.555508 -0.417055 0.719358 4.73658 -10.3996 188.209 -0.533191 -0.429807 0.728569 -2.00371 2.60871 65.5445 1.19246 -18.1737 1.76185 -11.1792 188.346 -0.555472 -0.417104 0.719358 
32975574 1.59488 -11.0547 188.315 -0.557178 -0.411974 0.720992 4.77184 -10.57 188.313 -0.537078 -0.423237 0.729577 -2.05111 2.57883 64.7905 1.20797 -17.4466 1.60502 -11.0503 188.315 -0.557153 -0.412001 0.720996 
33063579 1.49114 -10.9277 188.194 -0.558892 -0.405609 0.723271 3.85809 -10.151 188.501 -0.545354 -0.405655 0.733341 -2.08243 2.56131 64.1682 1.21343 -16.9751 1.49789 -10.9234 188.195 -0.558883 -0.405591 0.723289 
33150783 1.62616 -10.7729 188 -0.560068 -0.398184 0.72648 3.7592 -10.1879 188.489 -0.546719 -0.401447 0.734736 -2.07898 2.56533 63.892 1.20079 -16.964 1.63245 -10.7694 188.002 -0.560055 -0.398175 0.726495 
33238014 1.82928 -10.6124 187.839 -0.56078 -0.39124 0.729696 3.76905 -10.2409 188.249 -0.54806 -0.396252 0.736598 -2.06777 2.57337 63.7205 1.18557 -17.0339 1.83546 -10.6096 187.84 -0.560763 -0.391236 0.729712 
33325415 2.04172 -10.4696 187.726 -0.561728 -0.385086 0.732236 3.99875 -10.2947 188.006 -0.549042 -0.391431 0.738464 -2.05485 2.58113 63.6602 1.1712 -17.1514 2.04843 -10.4676 187.727 -0.561704 -0.385086 0.732255 
