3.13987 3.13987 43.0036 0.00172362 -0.0015875 -20.9625 5.80276 184.983 -0.695488 0.0430086 0.717123 -20.2448 6.064 189.482 -0.657667 0.113091 0.744771 
3.13987 3.13987 43.0036 0.00172362 -0.0015875 -20.9625 5.80276 184.983 -0.695488 0.0430086 0.717123 -20.2448 6.064 189.482 -0.657667 0.113091 0.744771 
3.13987 3.13987 43.0036 0.00172362 -0.0015875 -20.9625 5.80276 184.983 -0.695488 0.0430086 0.717123 -20.2448 6.064 189.482 -0.657667 0.113091 0.744771 
3.13987 3.13987 43.0036 0.00172362 -0.0015875 -20.9613 5.8027 184.983 -0.69561 0.0430145 0.717124 -20.2448 6.064 189.482 -0.657667 0.113091 0.744771 
3.13987 3.13987 43.0036 0.00172362 -0.0015875 -20.9624 5.80385 184.982 -0.695493 0.0428907 0.717249 -20.2448 6.064 189.482 -0.657667 0.113091 0.744771 
3.13987 3.13987 43.0036 0.00172362 -0.0015875 -20.9625 5.80272 184.982 -0.695487 0.0430125 0.717245 -20.2448 6.064 189.482 -0.657667 0.113091 0.744771 
3.13987 3.13987 43.0036 0.00172362 -0.0015875 -20.9625 5.80272 184.982 -0.695487 0.0430125 0.717245 -20.2448 6.064 189.482 -0.657667 0.113091 0.744771 
3.13987 3.13987 43.0036 0.00172362 -0.0015875 -20.9625 5.80272 184.982 -0.695487 0.0430125 0.717245 -20.2448 6.064 189.482 -0.657667 0.113091 0.744771 
3.13987 3.13987 43.0036 0.00172362 -0.0015875 -20.9625 5.80272 184.982 -0.695487 0.0430125 0.717245 -20.2448 6.064 189.482 -0.657667 0.113091 0.744771 
3.13987 3.13987 43.0036 0.00172362 -0.0015875 -20.9624 5.80385 184.982 -0.695493 0.0428907 0.717249 -20.3022 6.16106 188.535 -0.665597 0.103589 0.739087 
3.13987 3.13987 43.0036 0.00172362 -0.0015875 -20.9625 5.80272 184.982 -0.695487 0.0430125 0.717245 -20.298 6.42297 187.406 -0.674511 0.0933159 0.732344 
3.13987 3.13987 43.0036 0.00172362 -0.0015875 -20.9625 5.80272 184.982 -0.695487 0.0430125 0.717245 -20.2214 6.72864 186.395 -0.677534 0.0904651 0.729907 
3.13987 3.13987 43.0036 0.00172362 -0.0015875 -20.9624 5.80385 184.982 -0.695493 0.0428907 0.717249 -20.1236 7.0405 185.972 -0.676672 0.0899065 0.730775 
3.13987 3.13987 43.0036 0.00172362 -0.0015875 -20.9636 5.80277 184.982 -0.695365 0.0430067 0.717244 -20.0216 7.32608 185.822 -0.675299 0.0902366 0.732003 
3.13987 3.13987 43.0036 0.00172362 -0.0015875 -20.9636 5.80277 184.982 -0.695365 0.0430067 0.717244 -19.9236 7.56487 185.733 -0.676664 0.0911203 0.730632 
3.13987 3.13987 43.0036 0.00172362 -0.0015875 -20.9636 5.80387 184.981 -0.695369 0.0428887 0.71737 -19.8716 7.74839 185.658 -0.677604 0.0917794 0.729678 
3.13987 3.13987 43.0036 0.00172362 -0.0015875 -20.9636 5.80387 184.981 -0.695369 0.0428887 0.71737 -19.7781 7.87744 185.59 -0.678209 0.0921566 0.729068 
3.13987 3.13987 43.0036 0.00172362 -0.0015875 -20.9636 5.80387 184.981 -0.695369 0.0428887 0.71737 -19.6966 7.95949 185.528 -0.678448 0.0922467 0.728834 
3.13987 3.13987 43.0036 0.00172362 -0.0015875 -20.9636 5.80391 184.982 -0.695371 0.0428849 0.717248 -19.6294 8.00594 185.475 -0.678504 0.0921802 0.72879 
3.13987 3.13987 43.0036 0.00172362 -0.0015875 -20.9636 5.80274 184.981 -0.695364 0.0430106 0.717366 -19.5725 8.0283 185.434 -0.678502 0.0920254 0.728812 
3.13987 3.13987 43.0036 0.00172362 -0.0015875 -20.9636 5.80391 184.982 -0.695371 0.0428849 0.717248 -19.5351 8.03673 185.402 -0.678455 0.0918287 0.72888 
3.13987 3.13987 43.0036 0.00172362 -0.0015875 -20.9647 5.80392 184.981 -0.695248 0.0428829 0.717369 -19.5084 8.03845 185.38 -0.678406 0.0916243 0.728952 
3.13987 3.13987 43.0036 0.00172362 -0.0015875 -20.9636 5.80387 184.981 -0.695369 0.0428887 0.71737 -19.4899 8.03741 185.353 -0.678381 0.0914569 0.728996 
3.13987 3.13987 43.0036 0.00172362 -0.0015875 -20.9648 5.80279 184.981 -0.695242 0.0430048 0.717365 -19.4776 8.036 185.347 -0.678358 0.0912964 0.729037 
3.13987 3.13987 43.0036 0.00172362 -0.0015875 -20.9636 5.80387 184.981 -0.695369 0.0428887 0.71737 -19.4698 8.035 185.343 -0.678361 0.0908213 0.729094 
3.13987 3.13987 43.0036 0.00172362 -0.0015875 -20.9636 5.80274 184.981 -0.695364 0.0430106 0.717366 -19.4648 8.0342 185.341 -0.678353 0.0907998 0.729104 
3.13987 3.13987 43.0036 0.00172362 -0.0015875 -20.9648 5.80279 184.981 -0.695242 0.0430048 0.717365 -19.4617 8.0334 185.339 -0.678346 0.0908201 0.729108 
3.13987 3.13987 43.0036 0.00172362 -0.0015875 -20.9647 5.80392 184.981 -0.695248 0.0428829 0.717369 -19.4602 8.03329 185.338 -0.678321 0.0907928 0.729135 
3.13987 3.13987 43.0036 0.00172362 -0.0015875 -20.9636 5.80387 184.981 -0.695369 0.0428887 0.71737 -19.4593 8.03326 185.338 -0.678306 0.0907727 0.729151 
3.13987 3.13987 43.0036 0.00172362 -0.0015875 -20.9636 5.80387 184.981 -0.695369 0.0428887 0.71737 -19.4584 8.03322 185.337 -0.67832 0.0907604 0.729139 
3.13987 3.13987 43.0036 0.00172362 -0.0015875 -20.9648 5.80279 184.981 -0.695242 0.0430048 0.717365 -19.4581 8.03319 185.337 -0.678309 0.0907555 0.72915 
3.13987 3.13987 43.0036 0.00172362 -0.0015875 -20.9636 5.80387 184.981 -0.695369 0.0428887 0.71737 -19.4578 8.03313 185.337 -0.678316 0.0907556 0.729144 
3.13987 3.13987 43.0036 0.00172362 -0.0015875 -20.9647 5.80392 184.981 -0.695248 0.0428829 0.717369 -19.4578 8.03316 185.337 -0.678301 0.0907504 0.729159 
3.13987 3.13987 43.0036 0.00172362 -0.0015875 -20.8532 5.79861 184.98 -0.695248 0.0428829 0.717369 -19.4517 8.03285 185.337 -0.678285 0.0907494 0.729174 
3.13987 3.13987 43.0036 0.00172362 -0.0015875 -20.9647 5.80389 184.98 -0.695246 0.0428868 0.717491 -19.4413 8.03237 185.336 -0.678265 0.0907456 0.729193 
3.13987 3.13987 43.0036 0.00172362 -0.0015875 -20.9659 5.80394 184.98 -0.695124 0.042881 0.71749 -19.4351 8.03208 185.336 -0.678235 0.0907436 0.729221 
3.13987 3.13987 43.0036 0.00172362 -0.0015875 -20.9658 5.80508 184.98 -0.69513 0.0427591 0.717494 -19.4447 8.03266 185.336 -0.678207 0.0907279 0.729249 
3.13987 3.13987 43.0036 0.00172362 -0.0015875 -20.8544 5.79863 184.979 -0.695124 0.042881 0.71749 -19.4168 8.03133 185.336 -0.678192 0.0907277 0.729262 
3.13987 3.13987 43.0036 0.00172362 -0.0015875 -20.8544 5.79859 184.978 -0.695123 0.0428849 0.717612 -19.3945 8.03031 185.335 -0.678178 0.0907218 0.729276 
3.13987 3.13987 43.0036 0.00172362 -0.0015875 -20.8544 5.79863 184.979 -0.695124 0.042881 0.71749 -19.3811 8.0296 185.335 -0.678164 0.0907288 0.729289 
3.13987 3.13987 43.0036 0.00172362 -0.0015875 -20.8544 5.79859 184.978 -0.695123 0.0428849 0.717612 -19.3731 8.02915 185.335 -0.678154 0.0907346 0.729297 
3.13987 3.13987 43.0036 0.00172362 -0.0015875 -20.8544 5.79859 184.978 -0.695123 0.0428849 0.717612 -19.3683 8.02883 185.335 -0.678132 0.0907443 0.729316 
3.13987 3.13987 43.0036 0.00172362 -0.0015875 -20.8555 5.79864 184.978 -0.695001 0.0428791 0.717611 -19.3658 8.02853 185.334 -0.678105 0.0907624 0.729339 
3.13987 3.13987 43.0036 0.00172362 -0.0015875 -20.8555 5.79864 184.978 -0.695001 0.0428791 0.717611 -19.3643 8.02854 185.334 -0.678085 0.090753 0.729359 
3.13987 3.13987 43.0036 0.00172362 -0.0015875 -20.8555 5.79864 184.978 -0.695001 0.0428791 0.717611 -19.3634 8.02855 185.334 -0.678073 0.0907473 0.729371 
3.13987 3.13987 43.0036 0.00172362 -0.0015875 -20.8555 5.79861 184.977 -0.695 0.042883 0.717733 -19.3629 8.02855 185.334 -0.678053 0.090743 0.72939 
3.13987 3.13987 43.0036 0.00172362 -0.0015875 -20.8555 5.79864 184.978 -0.695001 0.0428791 0.717611 -19.3626 8.02855 185.334 -0.678043 0.0907406 0.7294 
3.13987 3.13987 43.0036 0.00172362 -0.0015875 -20.8555 5.79861 184.977 -0.695 0.042883 0.717733 -19.3624 8.02855 185.334 -0.678035 0.0907389 0.729407 
3.13987 3.13987 43.0036 0.00172362 -0.0015875 -20.8555 5.79861 184.977 -0.695 0.042883 0.717733 -19.3624 8.02855 185.334 -0.67801 0.0907377 0.729431 
3.13987 3.13987 43.0036 0.00172362 -0.0015875 -20.8567 5.79866 184.977 -0.694878 0.0428772 0.717732 -19.3625 8.02855 185.334 -0.677996 0.0907369 0.729444 
3.13987 3.13987 43.0036 0.00172362 -0.0015875 -20.8567 5.79866 184.977 -0.694878 0.0428772 0.717732 -19.3624 8.02856 185.333 -0.677992 0.0907354 0.729448 
3.13987 3.13987 43.0036 0.00172362 -0.0015875 -20.8567 5.79863 184.976 -0.694877 0.0428811 0.717854 -19.3628 8.0286 185.333 -0.677947 0.0907307 0.72949 
3.13987 3.13987 43.0036 0.00172362 -0.0015875 -20.8589 5.7987 184.975 -0.694632 0.0428733 0.717974 -19.3634 8.0286 185.333 -0.677885 0.0907314 0.729548 
3.13987 3.13987 43.0036 0.00172362 -0.0015875 -20.8578 5.79864 184.975 -0.694754 0.0428792 0.717975 -19.3641 8.02852 185.332 -0.677815 0.0907411 0.729611 
