3.13958 3.13958 43.002 0.0020109 0 -21.1466 6.11285 185.028 -0.693618 0.0429805 0.719035 -20.2399 6.06997 189.481 -0.657619 0.113105 0.744812 
3.13958 3.13958 43.002 0.0020109 0 -21.1466 6.11285 185.028 -0.693618 0.0429805 0.719035 -20.2399 6.06997 189.481 -0.657619 0.113105 0.744812 
3.13958 3.13958 43.002 0.0020109 0 -21.1465 6.11401 185.029 -0.693625 0.0428547 0.718917 -20.2399 6.06997 189.481 -0.657619 0.113105 0.744812 
3.13958 3.13958 43.002 0.0020109 0 -21.1465 6.11401 185.029 -0.693625 0.0428547 0.718917 -20.2399 6.06997 189.481 -0.657619 0.113105 0.744812 
3.13958 3.13958 43.002 0.0020109 0 -21.1453 6.1151 185.029 -0.693752 0.0427382 0.718922 -20.2399 6.06997 189.481 -0.657619 0.113105 0.744812 
3.13958 3.13958 43.002 0.0020109 0 -21.1453 6.11623 185.029 -0.693757 0.0426164 0.718926 -20.2399 6.06997 189.481 -0.657619 0.113105 0.744812 
3.13958 3.13958 43.002 0.0020109 0 -21.1464 6.11628 185.029 -0.693635 0.042611 0.718925 -20.3572 6.40365 188.156 -0.668148 0.10008 0.737267 
3.13958 3.13958 43.002 0.0020109 0 -21.1465 6.11515 185.029 -0.69363 0.0427328 0.718921 -20.2053 7.59523 186.385 -0.67591 0.0941442 0.730946 
3.13958 3.13958 43.002 0.0020109 0 -21.1465 6.11515 185.029 -0.69363 0.0427328 0.718921 -19.778 8.35883 185.367 -0.676349 0.0929668 0.730691 
3.13958 3.13958 43.002 0.0020109 0 -21.1464 6.11628 185.029 -0.693635 0.042611 0.718925 -19.6576 8.34461 185.208 -0.674127 0.0903806 0.733065 
3.13958 3.13958 43.002 0.0020109 0 -21.1476 6.11626 185.027 -0.693511 0.0426133 0.719168 -19.6563 8.32559 185.205 -0.674025 0.090245 0.733175 
3.13958 3.13958 43.002 0.0020109 0 -21.1536 6.00485 185.031 -0.693389 0.0426079 0.719167 -19.6604 8.25247 185.206 -0.67394 0.0902301 0.733255 
3.13958 3.13958 43.002 0.0020109 0 -21.1536 6.00482 185.029 -0.693388 0.0426118 0.719289 -19.6609 8.24473 185.215 -0.673894 0.0902232 0.733299 
3.13958 3.13958 43.002 0.0020109 0 -21.1536 6.00482 185.029 -0.693388 0.0426118 0.719289 -19.661 8.24438 185.206 -0.673913 0.0902287 0.73328 
3.13958 3.13958 43.002 0.0020109 0 -21.1536 6.00599 185.031 -0.693394 0.042486 0.719171 -19.6609 8.2452 185.206 -0.673924 0.0901394 0.733281 
3.13958 3.13958 43.002 0.0020109 0 -21.1536 6.00599 185.031 -0.693394 0.042486 0.719171 -19.6605 8.24691 185.235 -0.67394 0.0901088 0.73327 
3.13958 3.13958 43.002 0.0020109 0 -21.1535 6.00954 185.141 -0.693271 0.0424845 0.719292 -19.5681 8.5878 182.876 -0.678371 0.0645029 0.731882 
3.13958 3.13958 43.002 0.0020109 0 -21.1535 6.00954 185.141 -0.693271 0.0424845 0.719292 -34.2596 29.069 -209.111 0.0378354 -0.363272 -0.930914 
3.13958 3.13958 43.002 0.0020109 0 -21.1535 6.0095 185.14 -0.69327 0.0424884 0.719414 14914.1 25719.6 542403 -0.963355 -0.0451892 -0.264394 
3.13958 3.13958 43.002 0.0020109 0 -21.1547 6.00952 185.139 -0.693147 0.0424868 0.719535 -612984 -160704 -6.83237e+006 0.900784 -0.166687 0.401004 
3.13958 3.13958 43.002 0.0020109 0 -21.0455 6.00465 185.137 -0.692901 0.0424799 0.719654 -2.29216e+010 7.16604e+008 2.14532e+008 -0.919531 0.381567 -0.094175 
3.13958 3.13958 43.002 0.0020109 0 -21.0455 6.00461 185.136 -0.6929 0.0424838 0.719776 1.95027e+010 -3.33286e+009 -7.72834e+009 0.0738702 0.28895 0.95449 
3.13958 3.13958 43.002 0.0020109 0 -21.0466 6.00466 185.136 -0.692778 0.0424784 0.719775 3.51423e+009 -3.34843e+009 -1.97769e+010 -0.149826 0.169823 0.974019 
3.13958 3.13958 43.002 0.0020109 0 -21.0466 6.00463 185.134 -0.692777 0.0424822 0.719897 -2.41326e+008 4.15881e+008 -8.25046e+008 0.117154 -0.193148 0.97415 
3.13958 3.13958 43.002 0.0020109 0 -21.0478 6.00464 185.133 -0.692654 0.0424807 0.720018 -2.41326e+008 4.15881e+008 -8.25046e+008 0.117154 -0.193148 0.97415 
3.13958 3.13958 43.002 0.0020109 0 -21.049 6.00352 185.132 -0.692525 0.0426011 0.720135 -2.41326e+008 4.15881e+008 -8.25046e+008 0.117154 -0.193148 0.97415 
3.13958 3.13958 43.002 0.0020109 0 -21.05 6.00471 185.132 -0.692409 0.0424738 0.720138 -2.41326e+008 4.15881e+008 -8.25046e+008 0.117154 -0.193148 0.97415 
3.13958 3.13958 43.002 0.0020109 0 -21.0512 6.00472 185.131 -0.692285 0.0424723 0.720259 -1.02843e+010 1.37087e+010 -1.47814e+010 0.441569 -0.610335 0.657653 
3.13958 3.13958 43.002 0.0020109 0 -21.0512 6.00472 185.131 -0.692285 0.0424723 0.720259 1.68569e+009 6.43864e+008 -1.19282e+010 -0.137984 -0.0525125 0.989041 
3.13958 3.13958 43.002 0.0020109 0 -21.0523 6.00473 185.13 -0.692162 0.0424707 0.72038 9.23172e+009 4.32797e+009 6.05436e+009 -0.757651 -0.381785 -0.529344 
3.13958 3.13958 43.002 0.0020109 0 -20.9408 5.9998 185.129 -0.692162 0.0424707 0.72038 -3.4509e+011 1.42979e+010 -1.27138e+010 -0.0127181 0.115619 0.993212 
3.13958 3.13958 43.002 0.0020109 0 -20.9409 5.99863 185.128 -0.692156 0.0425965 0.720498 1.38184e+011 -2.39194e+010 -3.97377e+008 -0.175231 0.983434 -0.0463788 
3.13958 3.13958 43.002 0.0020109 0 -20.9408 5.99976 185.128 -0.692161 0.0424746 0.720502 -3.03243e+010 -1.36728e+010 1.65581e+009 0.840334 0.538801 -0.0594291 
3.13958 3.13958 43.002 0.0020109 0 -20.942 5.99981 185.128 -0.692039 0.0424692 0.720501 9.51586e+008 4.53347e+009 1.09022e+010 -0.0858948 -0.358703 -0.929491 
