2459 19.9932 -2.75485 212.977 -0.00274991 -0.00203792 0.999994 25.3235 -3.04131 210.177 0.0093863 0.0794783 0.996661 1.82331 -2.24272 15.0462 5.24355 49.9793 19.9932 -2.75485 212.977 -0.00274991 -0.00203792 0.999994 
89702 19.1379 -2.09473 212.944 -0.00481458 -0.0165975 0.999851 25.3304 -2.90716 210.172 0.00885679 0.0770513 0.996957 1.86841 -2.19618 14.2826 5.27774 50.5381 19.1379 -2.09473 212.944 -0.00481458 -0.0165975 0.999851 
177044 17.9357 -1.1558 212.924 -0.0061106 -0.0329071 0.99944 24.4065 -1.31266 210.029 0.00266744 0.0513066 0.998613 1.93304 -2.13557 13.2571 5.32571 51.308 17.9357 -1.1558 212.924 -0.0061106 -0.0329071 0.99944 
264124 16.5652 -0.0573061 212.949 -0.00702652 -0.0495323 0.998748 23.1497 0.330259 210.007 -0.00339134 0.0332356 0.999388 2.00572 -2.06806 12.2474 5.38862 52.0986 16.5652 -0.0573061 212.949 -0.00702652 -0.0495323 0.998748 
352534 15.3413 1.0137 212.949 -0.0052803 -0.0620028 0.998062 21.6416 2.30802 210.096 -0.00565732 0.015821 0.999745 2.06576 -2.01233 11.3965 5.45929 52.7701 15.3413 1.0137 212.949 -0.0052803 -0.0620028 0.998062 
439662 14.5523 1.82761 212.919 -0.00288089 -0.0680838 0.997675 20.3255 3.67778 210.084 -0.00576435 0.00312558 0.999868 2.10024 -1.98131 10.9282 5.51847 53.1225 14.5523 1.82761 212.919 -0.00288089 -0.0680838 0.997675 
526913 14.1669 2.56885 212.874 -0.000200441 -0.0685042 0.997651 19.5556 4.64024 210.186 -0.00513628 -0.00262535 0.99985 2.11288 -1.97355 10.7345 5.5696 53.2416 14.1669 2.56885 212.874 -0.000200441 -0.0685042 0.997651 
614130 13.854 3.37568 212.828 0.00199874 -0.0671424 0.997741 19.115 5.66313 210.06 -0.00393994 -0.0039898 0.999864 2.11891 -1.97412 10.6678 5.6239 53.2479 13.854 3.37568 212.828 0.00199874 -0.0671424 0.997741 
701813 13.6042 4.15966 212.803 0.00440834 -0.0648431 0.997886 18.5786 6.68651 210.045 -0.0043236 -0.00495938 0.999887 2.11977 -1.97901 10.6393 5.67647 53.2479 13.6042 4.15966 212.803 0.00440834 -0.0648431 0.997886 
789516 13.3352 5.00929 212.784 0.00696114 -0.0618372 0.998062 18.1491 7.70113 210.03 -0.00420593 -0.00520565 0.99989 2.11805 -1.98648 10.6329 5.73364 53.2368 13.3352 5.00929 212.784 0.00696114 -0.0618372 0.998062 
876804 13.0545 5.79069 212.769 0.00936662 -0.0593546 0.998193 17.7166 8.60534 210.017 -0.00396842 -0.00557616 0.999895 2.11575 -1.9928 10.6456 5.78793 53.213 13.0545 5.79069 212.769 0.00936662 -0.0593546 0.998193 
964059 12.7095 6.63924 212.758 0.0115255 -0.0562103 0.998352 17.1735 9.51154 210.005 -0.00385294 -0.00594446 0.999901 2.1123 -2.00113 10.6742 5.84711 53.1797 12.7095 6.63924 212.758 0.0115255 -0.0562103 0.998352 
1051324 12.331 7.40145 212.751 0.0131262 -0.0534766 0.998483 16.6314 10.5293 209.991 -0.00361543 -0.00631497 0.999906 2.10972 -2.00831 10.7075 5.90198 53.1447 12.331 7.40145 212.751 0.0131262 -0.0534766 0.998483 
1139420 11.92 8.18552 212.742 0.0149349 -0.0503805 0.998618 15.977 11.3282 209.983 -0.00374842 -0.0069229 0.999919 2.10541 -2.01635 10.7409 5.95943 53.1114 11.92 8.18552 212.742 0.0149349 -0.0503805 0.998618 
1226679 11.5203 8.91954 212.729 0.0167074 -0.0467578 0.998767 15.3224 12.2353 209.972 -0.00363076 -0.00716916 0.999922 2.09966 -2.02497 10.7663 6.01373 53.086 11.5203 8.91954 212.729 0.0167074 -0.0467578 0.998767 
1313920 11.035 9.68651 212.717 0.0181535 -0.043244 0.9989 14.6612 13.0321 209.963 -0.00302711 -0.00754632 0.999923 2.0942 -2.03359 10.7917 6.07147 53.0606 11.035 9.68651 212.717 0.0181535 -0.043244 0.9989 
1401183 10.5379 10.371 212.705 0.0194134 -0.039776 0.99902 13.8906 13.8251 209.956 -0.0026566 -0.00730891 0.999915 2.08875 -2.04163 10.8028 6.12576 53.0495 10.5379 10.371 212.705 0.0194134 -0.039776 0.99902 
1489408 9.97417 11.0689 212.695 0.0206461 -0.0360625 0.999136 13.2317 14.6195 209.947 -0.00229266 -0.00743758 0.999914 2.083 -2.04939 10.8171 6.1835 53.0431 9.97417 11.0689 212.695 0.0206461 -0.0360625 0.999136 
1576587 9.37634 11.6672 212.701 0.0212029 -0.033156 0.999225 12.3452 15.3053 209.943 -0.00168243 -0.00744865 0.999908 2.07927 -2.056 10.8314 6.23722 53.0431 9.37634 11.6672 212.701 0.0212029 -0.033156 0.999225 
1663954 8.73786 12.2575 212.705 0.0216022 -0.0300473 0.999315 11.5726 15.9879 209.938 -0.00131411 -0.00733326 0.999902 2.07467 -2.06318 10.8472 0.00919266 53.0431 8.73786 12.2575 212.705 0.0216022 -0.0300473 0.999315 
1751028 8.03545 12.8185 212.722 0.0220225 -0.0273647 0.999383 10.6888 16.5632 209.936 -0.00119426 -0.0074575 0.999903 2.07065 -2.06921 10.8742 0.0666468 53.0431 8.03545 12.8185 212.722 0.0220225 -0.0273647 0.999383 
1839324 7.35392 13.3272 212.738 0.022275 -0.0246155 0.999449 9.68983 17.1382 209.935 -0.000703888 -0.00734433 0.999896 2.06576 -2.07553 10.9012 0.120941 53.0447 7.35392 13.3272 212.738 0.022275 -0.0246155 0.999449 
1926476 6.61943 13.7949 212.759 0.0223546 -0.0217227 0.999514 8.69429 17.7121 209.934 -0.000577462 -0.00710249 0.99989 2.06145 -2.08156 10.9012 0.176097 53.0765 6.61943 13.7949 212.759 0.0223546 -0.0217227 0.999514 
2014081 5.87216 14.1778 212.786 0.0223197 -0.019205 0.999566 7.80722 18.1724 209.934 -0.000328992 -0.00686287 0.999883 2.05887 -2.08616 10.8806 0.228955 53.1305 5.87216 14.1778 212.786 0.0223197 -0.019205 0.999566 
2101040 5.0221 14.5595 212.801 0.0222343 -0.0164156 0.999618 6.91593 18.5267 210.048 0.000279039 -0.00699596 0.999879 2.05571 -2.09104 10.8552 0.287845 53.1781 5.0221 14.5595 212.801 0.0222343 -0.0164156 0.999618 
2188471 4.19826 14.877 212.793 0.0221032 -0.0139288 0.999659 5.91614 18.9902 210.049 0.000647363 -0.00688058 0.999873 2.05255 -2.09535 10.8393 0.343863 53.194 4.19826 14.877 212.793 0.0221032 -0.0139288 0.999659 
2276444 3.2773 15.1574 212.786 0.0213754 -0.0113454 0.999707 4.91119 19.2294 210.055 0.00113992 -0.00664538 0.999864 2.04968 -2.10052 10.8155 0.403903 53.2178 3.2773 15.1574 212.786 0.0213754 -0.0113454 0.999707 
2363955 2.39048 15.3543 212.782 0.0206292 -0.00917555 0.999745 3.79776 19.5811 210.06 0.00151263 -0.00628594 0.999853 2.04795 -2.10455 10.7821 0.460208 53.2511 2.39048 15.3543 212.782 0.0206292 -0.00917555 0.999745 
2450703 1.44963 15.4933 212.77 0.0195364 -0.00695766 0.999785 2.68234 19.8223 210.066 0.00188314 -0.00604853 0.999845 2.04652 -2.10857 10.7488 0.519098 53.2781 1.44963 15.4933 212.77 0.0195364 -0.00695766 0.999785 
2538502 0.564316 15.5366 212.755 0.0182427 -0.00519281 0.99982 1.5716 19.9449 210.074 0.00153577 -0.00506332 0.999951 2.0468 -2.11201 10.679 0.572818 53.3305 0.564316 15.5366 212.755 0.0182427 -0.00519281 0.99982 
2626311 -0.371013 15.5136 212.731 0.0180371 -0.00353153 0.999831 0.308226 20.0795 210.085 -0.00639835 -0.00492174 0.999907 2.04795 -2.1123 10.6028 0.631708 53.3781 -0.371013 15.5136 212.731 0.0180371 -0.00353153 0.999831 
2713810 -1.15828 15.4361 212.704 0.021126 -0.00169618 0.999775 -1.0707 19.9952 210.103 -0.0143381 -0.00502656 0.999746 2.04996 -2.10426 10.5297 0.687726 53.4146 -1.15828 15.4361 212.704 0.021126 -0.00169618 0.999775 
2800645 -1.8818 15.3325 212.674 0.0273619 0.000751163 0.999625 -2.3799 19.9154 210.008 -0.0178983 -0.00606294 0.99968 2.05197 -2.08903 10.4853 0.746329 53.4162 -1.8818 15.3325 212.674 0.0273619 0.000751163 0.999625 
2887864 -2.49145 15.1923 212.674 0.0341382 0.00341322 0.999411 -3.59883 19.7234 210.024 -0.0192583 -0.00701481 0.999712 2.05571 -2.07122 10.4678 0.7989 53.421 -2.49145 15.1923 212.674 0.0341382 0.00341322 0.999411 
2976449 -3.00314 15.05 212.675 0.042982 0.00745537 0.999048 -4.60697 19.5321 210.038 -0.0192846 -0.00847914 0.99974 2.06002 -2.04767 10.4567 0.850034 53.421 -3.00314 15.05 212.675 0.042982 0.00745537 0.999048 
3063989 -3.62396 14.8528 212.666 0.0491057 0.0114733 0.998728 -5.73644 19.1163 210.057 -0.0186941 -0.00958846 0.999755 2.06461 -2.02985 10.4551 0.904041 53.4019 -3.62396 14.8528 212.666 0.0491057 0.0114733 0.998728 
3150582 -4.16848 14.673 212.652 0.0569937 0.0169301 0.998231 -6.75679 18.8114 209.963 -0.0177453 -0.0110729 0.999652 2.06864 -2.00774 10.4837 0.957473 53.3479 -4.16848 14.673 212.652 0.0569937 0.0169301 0.998231 
3237806 -4.67877 14.5008 212.655 0.0639594 0.0227103 0.997694 -7.78113 18.2867 209.983 -0.0166754 -0.0126791 0.999672 2.07237 -1.98705 10.5504 1.00775 53.2813 -4.67877 14.5008 212.655 0.0639594 0.0227103 0.997694 
3326118 -5.17223 14.3038 212.654 0.0717881 0.0300875 0.996966 -8.80237 17.8712 210.002 -0.0157231 -0.0140392 0.999689 2.07697 -1.96263 10.6266 1.06032 53.2019 -5.17223 14.3038 212.654 0.0717881 0.0300875 0.996966 
3414011 -5.65138 14.0895 212.655 0.0775688 0.0373016 0.996289 -9.72079 17.3424 209.909 -0.014165 -0.0156543 0.999704 2.08214 -1.94138 10.6901 1.10887 53.1384 -5.65138 14.0895 212.655 0.0775688 0.0373016 0.996289 
3500663 -6.13414 13.8429 212.655 0.0836011 0.0458316 0.995445 -10.6393 16.81 209.929 -0.0124739 -0.0166615 0.999706 2.08875 -1.91696 10.7758 1.16 53.0543 -6.13414 13.8429 212.655 0.0836011 0.0458316 0.995445 
3587757 -6.58894 13.5803 212.667 0.0882791 0.0541919 0.994621 -11.4723 16.1521 209.837 -0.008321 -0.0166124 0.999785 2.09564 -1.89455 10.8631 1.20797 52.9812 -6.58894 13.5803 212.667 0.0882791 0.0541919 0.994621 
3675979 -7.12777 13.27 212.714 0.0906309 0.0623602 0.99393 -12.2026 15.6905 209.853 -0.00265095 -0.0136612 0.999793 2.1011 -1.87703 10.9504 1.25939 52.9447 -7.12777 13.27 212.714 0.0906309 0.0623602 0.99393 
3763226 -7.68009 12.8805 212.759 0.0906258 0.0682489 0.993544 -12.8315 15.104 209.868 0.00389656 -0.00950294 0.999891 2.10656 -1.86669 11.0203 1.30881 52.9193 -7.68009 12.8805 212.759 0.0906258 0.0682489 0.993544 
3850644 -8.35086 12.3844 212.805 0.0878417 0.0721498 0.993518 -13.4614 14.3981 209.887 0.0103361 -0.00449057 0.999851 2.10972 -1.86496 11.0758 1.36281 52.9018 -8.35086 12.3844 212.805 0.0878417 0.0721498 0.993518 
3937683 -9.02088 11.8449 212.841 0.0831569 0.0735274 0.99382 -14.0772 13.7168 209.906 0.0152617 -0.00213859 0.999756 2.11029 -1.87214 11.1076 1.41481 52.9003 -9.02088 11.8449 212.841 0.0831569 0.0735274 0.99382 
4025917 -9.76767 11.2153 212.871 0.0769928 0.0738784 0.994291 -14.7667 12.9366 209.927 0.0158951 -0.000927037 0.999848 2.10885 -1.88421 11.1298 1.47284 52.9034 -9.76767 11.2153 212.871 0.0769928 0.0738784 0.994291 
4113050 -10.4094 10.5835 212.91 0.0711749 0.0743287 0.994691 -15.4523 12.0573 209.952 0.0158916 -0.00105141 0.999728 2.10742 -1.89484 11.1187 1.52656 52.9526 -10.4094 10.5835 212.91 0.0711749 0.0743287 0.994691 
4200641 -11.0464 9.92717 212.925 0.0650788 0.0743533 0.995106 -16.1326 11.2803 209.973 0.0155421 -0.000188228 0.999838 2.10483 -1.90604 11.1044 1.58085 52.9796 -11.0464 9.92717 212.925 0.0650788 0.0743533 0.995106 
4287554 -11.6579 9.17181 212.937 0.0587682 0.0739206 0.995531 -16.7034 10.3898 209.995 0.0151913 0.000672608 0.999825 2.1034 -1.91696 11.0631 1.6383 53.0289 -11.6579 9.17181 212.937 0.0587682 0.0739206 0.995531 
4375798 -12.2422 8.35643 212.944 0.0524113 0.0722511 0.996008 -17.276 9.39445 210.02 0.0148273 0.000801279 0.999826 2.10139 -1.93017 11.033 1.69633 53.0622 -12.2422 8.35643 212.944 0.0524113 0.0722511 0.996008 
4463040 -12.7332 7.63956 212.943 0.0470115 0.0725681 0.996255 -17.7405 8.39377 210.044 0.0148361 0.00128939 0.999816 2.0988 -1.93764 11.0044 1.75034 53.0908 -12.7332 7.63956 212.943 0.0470115 0.0725681 0.996255 
4550698 -13.1975 6.87594 212.942 0.0414584 0.0716923 0.996565 -18.1971 7.39068 210.068 0.0139949 0.00203706 0.999811 2.09564 -1.94741 10.9774 1.80435 53.1178 -13.1975 6.87594 212.942 0.0414584 0.0716923 0.996565 
4637450 -13.6136 6.0318 212.934 0.035691 0.0707179 0.996858 -18.6593 6.39223 210.092 0.0137552 0.00228554 0.999808 2.09363 -1.95603 10.9107 1.86151 53.1749 -13.6136 6.0318 212.934 0.035691 0.0707179 0.996858 
4724978 -13.9461 5.24014 212.913 0.0304968 0.0697494 0.997098 -19.0062 5.2812 210.117 0.0129031 0.00242307 0.999814 2.09191 -1.96321 10.8393 1.91408 53.2241 -13.9461 5.24014 212.913 0.0304968 0.0697494 0.997098 
4812817 -14.2561 4.39492 212.87 0.0250603 0.0685347 0.997334 -19.1367 4.16625 210.14 0.0127833 0.00254731 0.999813 2.08961 -1.97068 10.7615 1.96953 53.259 -14.2561 4.39492 212.87 0.0250603 0.0685347 0.997334 
4900747 -14.5276 3.60038 212.816 0.0199404 0.0674619 0.997523 -19.369 3.16022 210.161 0.0118179 0.00317516 0.999811 2.08616 -1.97757 10.7028 2.0221 53.267 -14.5276 3.60038 212.816 0.0199404 0.0674619 0.997523 
4987378 -14.7422 2.72861 212.75 0.0149535 0.0660739 0.997703 -19.6019 2.0494 210.185 0.0107173 0.00307306 0.999824 2.08386 -1.98389 10.6361 2.07812 53.2686 -14.7422 2.72861 212.75 0.0149535 0.0660739 0.997703 
5074855 -14.8935 1.91988 212.683 0.0103578 0.0643717 0.997872 -19.7336 0.931167 210.096 0.0105996 0.00331933 0.99982 2.08185 -1.98964 10.571 2.12954 53.2686 -14.8935 1.91988 212.683 0.0103578 0.0643717 0.997872 
5162828 -14.9902 1.01752 212.664 0.00670511 0.0627862 0.998004 -19.8496 -0.0724297 210.117 0.00913726 0.00346793 0.999832 2.08128 -1.99452 10.5504 2.18556 53.2701 -14.9902 1.01752 212.664 0.00670511 0.0627862 0.998004 
5249958 -15.005 0.17391 212.628 0.00329469 0.0613473 0.998111 -19.7559 -1.19372 210.137 0.00889974 0.00383844 0.999828 2.08156 -1.99797 10.5059 2.23841 53.2765 -15.005 0.17391 212.628 0.00329469 0.0613473 0.998111 
5337233 -14.9758 -0.699606 212.588 -0.00027061 0.0595975 0.998222 -19.7678 -2.30504 210.047 0.00791024 0.00312399 0.999851 2.08156 -2.0017 10.4488 2.29328 53.2908 -14.9758 -0.699606 212.588 -0.00027061 0.0595975 0.998222 
5424966 -14.8843 -1.51097 212.579 -0.00314295 0.0584364 0.998286 -19.5656 -3.41581 210.066 0.00801476 0.00214555 0.999869 2.08271 -2.00343 10.4138 2.34528 53.313 -14.8843 -1.51097 212.579 -0.00314295 0.0584364 0.998286 
5512638 -14.7515 -2.34921 212.557 -0.00650834 0.0575494 0.998321 -19.3566 -4.52557 210.086 0.00738482 0.00105837 0.999896 2.08357 -2.004 10.3662 2.40072 53.3352 -14.7515 -2.34921 212.557 -0.00650834 0.0575494 0.998321 
5600475 -14.5786 -3.13168 212.55 -0.00971775 0.0569451 0.99833 -19.0408 -5.52782 209.99 0.00736511 -3.98773e-005 0.999918 2.08472 -2.00343 10.3234 2.45387 53.367 -14.5786 -3.13168 212.55 -0.00971775 0.0569451 0.99833 
5687259 -14.3455 -3.93713 212.542 -0.0130161 0.0565627 0.998314 -18.7226 -6.64637 210.008 0.0069924 -0.000399318 0.999928 2.08645 -2.0017 10.2884 2.51017 53.3892 -14.3455 -3.93713 212.542 -0.0130161 0.0565627 0.998314 
5774325 -14.0951 -4.65614 212.531 -0.0162029 0.0563168 0.998281 -18.2964 -7.6564 210.023 0.00723211 -0.000647802 0.999931 2.0876 -1.99969 10.2694 2.56274 53.394 -14.0951 -4.65614 212.531 -0.0162029 0.0563168 0.998281 
5862589 -13.7924 -5.41202 212.516 -0.0195207 0.056205 0.998228 -17.8681 -8.66873 210.038 0.00723211 -0.000647802 0.999931 2.08903 -1.99711 10.2503 2.61847 53.394 -13.7924 -5.41202 212.516 -0.0195207 0.056205 0.998228 
5950093 -13.4664 -6.10552 212.513 -0.0227224 0.0559019 0.998178 -17.3304 -9.68635 209.941 0.00735634 -0.000527988 0.999927 2.09076 -1.99423 10.2376 2.67133 53.4003 -13.4664 -6.10552 212.513 -0.0227224 0.0559019 0.998178 
6036963 -13.0851 -6.82976 212.516 -0.0258902 0.0551563 0.998142 -16.7908 -10.5914 209.953 0.00760481 -0.000288361 0.99992 2.09219 -1.99222 10.236 2.72735 53.4019 -13.0851 -6.82976 212.516 -0.0258902 0.0551563 0.998142 
6124182 -12.6915 -7.49803 212.518 -0.0289955 0.0543182 0.998103 -16.1373 -11.4996 209.964 0.00761139 7.7722e-005 0.999913 2.09334 -1.99021 10.236 2.78078 53.4019 -12.6915 -7.49803 212.518 -0.0289955 0.0543182 0.998103 
6212436 -12.2463 -8.1633 212.52 -0.0323795 0.0534858 0.998044 -15.4861 -12.4089 209.974 0.00786424 0.000561405 0.999901 2.09478 -1.98734 10.236 2.83651 53.4019 -12.2463 -8.1633 212.52 -0.0323795 0.0534858 0.998044 
6299970 -11.7731 -8.76102 212.524 -0.0351809 0.0525189 0.998 -14.8282 -13.2033 209.983 0.00762234 0.000687861 0.999901 2.09708 -1.98475 10.236 2.88879 53.4019 -11.7731 -8.76102 212.524 -0.0351809 0.0525189 0.998 
6386954 -11.2604 -9.36019 212.527 -0.0387466 0.0516159 0.997915 -14.0622 -13.9974 209.99 0.00774219 0.000563619 0.999902 2.09909 -1.98073 10.236 2.94452 53.4019 -11.2604 -9.36019 212.527 -0.0387466 0.0516159 0.997915 
6474258 -10.7379 -9.90719 212.53 -0.0420609 0.0505875 0.997834 -13.2974 -14.7971 209.998 0.00799504 0.0010473 0.99989 2.1011 -1.977 10.244 2.99796 53.394 -10.7379 -9.90719 212.53 -0.0420609 0.0505875 0.997834 
6562784 -10.2206 -10.4017 212.532 -0.0459427 0.0498129 0.997701 -12.4133 -15.4874 210.002 0.00763767 0.00154205 0.999885 2.10311 -1.97154 10.2567 3.05024 53.3813 -10.2206 -10.4017 212.532 -0.0459427 0.0498129 0.997701 
6650153 -9.66298 -10.8882 212.534 -0.0501757 0.0488016 0.997547 -11.5315 -16.1765 210.007 0.0075222 0.00191035 0.999879 2.10512 -1.96551 10.2741 3.10482 53.3638 -9.66298 -10.8882 212.534 -0.0501757 0.0488016 0.997547 
6737188 -9.06381 -11.3602 212.535 -0.054363 0.0474428 0.997394 -10.65 -16.7586 210.009 0.00765958 0.00276233 0.999861 2.10713 -1.95976 10.3011 3.16084 53.3368 -9.06381 -11.3602 212.535 -0.054363 0.0474428 0.997394 
6824094 -8.49396 -11.7947 212.547 -0.0589506 0.0457266 0.997213 -9.656 -17.2309 209.896 0.00779258 0.00337026 0.999848 2.10799 -1.95373 10.3281 3.21485 53.3225 -8.49396 -11.7947 212.547 -0.0589506 0.0457266 0.997213 
6912245 -7.84931 -12.2351 212.573 -0.0632861 0.0435833 0.997043 -8.7691 -17.7014 209.896 0.00756383 0.00422888 0.999834 2.10885 -1.94856 10.3789 3.27259 53.3003 -7.84931 -12.2351 212.573 -0.0632861 0.0435833 0.997043 
6999509 -7.23861 -12.6237 212.605 -0.0674619 0.0414002 0.996863 -7.76745 -18.0612 209.893 0.00721084 0.00496769 0.999823 2.10914 -1.94367 10.4472 3.3266 53.267 -7.23861 -12.6237 212.605 -0.0674619 0.0414002 0.996863 
7086764 -6.56192 -12.9982 212.632 -0.0706717 0.038789 0.996745 -6.7636 -18.4246 209.889 0.00662157 0.00607935 0.99993 2.10943 -1.94109 10.5281 3.38204 53.2162 -6.56192 -12.9982 212.632 -0.0706717 0.038789 0.996745 
7173985 -5.80505 -13.3969 212.676 -0.0741799 0.0352666 0.996621 -5.75772 -18.6751 209.883 0.00602887 0.00706664 0.999917 2.10828 -1.93908 10.6186 3.44351 53.1765 -5.80505 -13.3969 212.676 -0.0741799 0.0352666 0.996621 
7261283 -5.09445 -13.7659 212.719 -0.0768231 0.0316331 0.996543 -4.64586 -18.9242 209.877 0.00603983 0.00767678 0.999905 2.10512 -1.93965 10.7345 3.50011 53.113 -5.09445 -13.7659 212.719 -0.0768231 0.0316331 0.996543 
7349435 -4.33956 -14.1197 212.768 -0.0795576 0.0278406 0.996441 -3.52828 -19.1711 209.87 0.00543618 0.00805394 0.999904 2.10139 -1.94023 10.8806 3.559 53.0289 -4.33956 -14.1197 212.768 -0.0795576 0.0278406 0.996441 
7437119 -3.63552 -14.4295 212.815 -0.081889 0.0238254 0.996357 -2.51725 -19.2007 209.749 0.00459939 0.00904566 0.999893 2.09679 -1.94138 11.0091 3.613 52.9606 -3.63552 -14.4295 212.815 -0.081889 0.0238254 0.996357 
7523870 -2.85479 -14.7606 212.913 -0.0829691 0.0192627 0.996366 -1.56986 -19.3353 209.854 -0.00136669 0.010006 0.999813 2.08961 -1.94655 11.1647 3.66988 52.9209 -2.85479 -14.7606 212.913 -0.0829691 0.0192627 0.996366 
7611124 -2.05154 -15.0143 212.975 -0.0813924 0.0151531 0.996567 -0.612157 -19.4665 209.847 -0.00856292 0.0103807 0.999879 2.083 -1.95631 11.2774 3.72188 52.8844 -2.05154 -15.0143 212.975 -0.0813924 0.0151531 0.996567 
7699469 -1.10368 -15.1977 213.016 -0.0769684 0.0110069 0.996973 0.31047 -19.5893 209.953 -0.0118659 0.0100721 0.999797 2.07697 -1.97125 11.3282 3.77704 52.8844 -1.10368 -15.1977 213.016 -0.0769684 0.0110069 0.996973 
7786496 -0.13845 -15.3092 213.025 -0.0717509 0.00721414 0.997396 1.21132 -19.5988 209.944 -0.0127334 0.00935539 0.999819 2.07208 -1.98619 11.3457 3.83104 52.8844 -0.13845 -15.3092 213.025 -0.0717509 0.00721414 0.997396 
7873802 0.905185 -15.3492 213.041 -0.0661425 0.00379055 0.997803 2.33284 -19.4996 209.931 -0.0131149 0.00850784 0.999839 2.06691 -2.00199 11.3616 3.88936 52.8939 0.905185 -15.3492 213.041 -0.0661425 0.00379055 0.997803 
7961309 1.88578 -15.289 213.069 -0.0608354 0.0010319 0.998147 3.45107 -19.3947 209.918 -0.0131424 0.00704116 0.999746 2.06375 -2.01549 11.3378 3.94394 52.9511 1.88578 -15.289 213.069 -0.0608354 0.0010319 0.998147 
8049291 2.9139 -15.1399 213.078 -0.0553318 -0.00134633 0.998467 4.46187 -19.1796 210.016 -0.0132798 0.00618918 0.999764 2.06145 -2.02871 11.2965 4.00168 53.005 2.9139 -15.1399 213.078 -0.0553318 -0.00134633 0.998467 
8136365 3.88099 -14.9389 213.084 -0.0499743 -0.00302312 0.998746 5.58009 -19.0747 210.002 -0.013306 0.00472485 0.999792 2.05944 -2.04135 11.2552 4.05626 53.0558 3.88099 -14.9389 213.084 -0.0499743 -0.00302312 0.998746 
8223621 4.87047 -14.6282 213.086 -0.0443321 -0.0042957 0.999008 6.58979 -18.8574 210.1 -0.0133258 0.0036266 0.999813 2.05887 -2.05341 11.1885 4.11343 53.1289 4.87047 -14.6282 213.086 -0.0443321 -0.0042957 0.999008 
8311414 5.78259 -14.2503 213.079 -0.0390533 -0.00509525 0.999224 7.7097 -18.5315 210.082 -0.0131036 0.00240189 0.999835 2.05944 -2.06433 11.0806 4.16744 53.2257 5.78259 -14.2503 213.079 -0.0390533 -0.00509525 0.999224 
8399161 6.70821 -13.7844 213.046 -0.0335856 -0.00537486 0.999421 8.72343 -18.0899 210.175 -0.0131255 0.00118161 0.999858 2.06059 -2.07553 10.9583 4.22403 53.3098 6.70821 -13.7844 213.046 -0.0335856 -0.00537486 0.999421 
8486273 7.54842 -13.2766 212.979 -0.0283844 -0.00526357 0.999583 9.73344 -17.5389 210.266 -0.0125328 0.000194321 0.999871 2.06232 -2.08587 10.8155 4.27746 53.3781 7.54842 -13.2766 212.979 -0.0283844 -0.00526357 0.999583 
8573518 8.34158 -12.6755 212.88 -0.0233982 -0.00472287 0.999715 10.8462 -17.1047 210.246 -0.0113277 -0.000682015 0.999876 2.06634 -2.09478 10.625 4.33089 53.4559 8.34158 -12.6755 212.88 -0.0233982 -0.00472287 0.999715 
8661033 9.02026 -12.0771 212.79 -0.0201421 -0.00486275 0.999785 11.9853 -16.2983 210.217 -9.21092e-005 0.00619879 0.999874 2.07065 -2.0988 10.4535 4.38289 53.5257 9.02026 -12.0771 212.79 -0.0201421 -0.00486275 0.999785 
8748964 9.59349 -11.4811 212.708 -0.0219058 -0.00906524 0.999719 13.1274 -15.3894 210.186 0.0110377 0.0140557 0.999732 2.07611 -2.08731 10.2773 4.44235 53.5988 9.59349 -11.4811 212.708 -0.0219058 -0.00906524 0.999719 
8837109 10.0292 -10.9774 212.668 -0.0271844 -0.016063 0.999501 13.9887 -14.4412 210.048 0.0162381 0.0181116 0.999601 2.08128 -2.06576 10.1948 4.50096 53.621 10.0292 -10.9774 212.668 -0.0271844 -0.016063 0.999501 
8923517 10.4167 -10.5023 212.66 -0.0331766 -0.0248907 0.99914 14.9062 -13.4635 210.02 0.0155255 0.0192232 0.999587 2.08673 -2.03962 10.1741 4.56042 53.6194 10.4167 -10.5023 212.66 -0.0331766 -0.0248907 0.99914 
9010834 10.7363 -10.0902 212.668 -0.0381617 -0.0335019 0.99871 15.6087 -12.5878 209.996 0.0137036 0.0197445 0.999595 2.09133 -2.01607 10.1852 4.61271 53.6035 10.7363 -10.0902 212.668 -0.0381617 -0.0335019 0.99871 
9098862 11.0541 -9.65176 212.674 -0.0426118 -0.0426663 0.99818 16.2051 -11.5997 209.971 0.0115178 0.0203945 0.999605 2.09621 -1.99222 10.2408 4.667 53.548 11.0541 -9.65176 212.674 -0.0426118 -0.0426663 0.99818 
9186955 11.3937 -9.2491 212.672 -0.045603 -0.0512358 0.997645 16.5716 -10.7203 209.95 0.00982228 0.0211576 0.999608 2.09909 -1.9724 10.3567 4.71842 53.4321 11.3937 -9.2491 212.672 -0.045603 -0.0512358 0.997645 
9273396 11.7742 -8.82862 212.668 -0.0476844 -0.0605894 0.997023 16.9559 -9.61445 209.925 0.0066557 0.0215813 0.999632 2.10052 -1.95315 10.5186 4.773 53.2749 11.7742 -8.82862 212.668 -0.0476844 -0.0605894 0.997023 
9360592 12.221 -8.44766 212.687 -0.0486816 -0.0692414 0.996411 17.3269 -8.62105 209.791 0.00458533 0.021863 0.999647 2.09736 -1.93965 10.7917 4.82615 53.0415 12.221 -8.44766 212.687 -0.0486816 -0.0692414 0.996411 
9447767 12.6818 -8.01642 212.79 -0.0493033 -0.0776701 0.995759 17.7504 -7.8624 209.661 -0.00378348 0.0113926 0.999811 2.0942 -1.92759 11.1282 4.88044 52.832 12.6818 -8.01642 212.79 -0.0493033 -0.0776701 0.995759 
9536005 13.1294 -7.46834 212.917 -0.0462565 -0.0783018 0.995856 17.9482 -7.23676 209.763 -0.0120696 -0.00787527 0.999777 2.08903 -1.93448 11.2901 4.92526 52.8098 13.1294 -7.46834 212.917 -0.0462565 -0.0783018 0.995856 
9623189 13.6339 -6.71677 213 -0.0410081 -0.07341 0.996458 18.3121 -6.62858 209.862 -0.0140079 -0.0137041 0.999665 2.08156 -1.95516 11.3838 4.97294 52.8098 13.6339 -6.71677 213 -0.0410081 -0.07341 0.996458 
9710506 14.0905 -5.81206 213.044 -0.0356577 -0.0667563 0.997132 18.6635 -5.84113 209.843 -0.0142761 -0.0150419 0.999693 2.07611 -1.97786 11.4298 5.02436 52.8145 14.0905 -5.81206 213.044 -0.0356577 -0.0667563 0.997132 
9797578 14.492 -4.84133 213.072 -0.0303368 -0.0601746 0.997727 19.0106 -4.84183 209.932 -0.0135417 -0.0149332 0.999684 2.07208 -1.99854 11.4298 5.07808 52.8479 14.492 -4.84133 213.072 -0.0303368 -0.0601746 0.997727 
9885848 14.8291 -3.75627 213.104 -0.0251673 -0.0537086 0.998239 19.2396 -3.95191 209.913 -0.0124455 -0.0150752 0.999675 2.06864 -2.01836 11.3901 5.13784 52.9241 14.8291 -3.75627 213.104 -0.0251673 -0.0537086 0.998239 
9973117 15.0805 -2.59625 213.119 -0.0205934 -0.046588 0.998702 19.473 -2.9426 210.003 -0.0114822 -0.015825 0.99968 2.06605 -2.03847 11.3314 5.19989 53.0019 15.0805 -2.59625 213.119 -0.0205934 -0.046588 0.998702 
10060294 15.266 -1.51277 213.119 -0.0164909 -0.0399134 0.999067 19.7016 -1.82272 210.09 -0.00978458 -0.0164662 0.999675 2.0626 -2.05686 11.2695 5.2582 53.0749 15.266 -1.51277 213.119 -0.0164909 -0.0399134 0.999067 
10147703 15.3742 -0.452315 213.11 -0.0135404 -0.0335724 0.999345 19.8185 -0.706409 210.067 -0.00820114 -0.0167367 0.999786 2.05916 -2.07438 11.2282 5.31508 53.1162 15.3742 -0.452315 213.11 -0.0135404 -0.0335724 0.999345 
10235849 15.395 0.676991 213.092 -0.0108989 -0.0263942 0.999592 19.8272 0.412917 210.157 -0.00686084 -0.0168831 0.999775 2.05628 -2.09305 11.1441 5.37455 53.1892 15.395 0.676991 213.092 -0.0108989 -0.0263942 0.999592 
10323197 15.3382 1.79951 213.05 -0.00882832 -0.0191015 0.999779 19.8347 1.53226 210.247 -0.0053985 -0.0170317 0.999763 2.0537 -2.11115 11.0536 5.43373 53.2479 15.3382 1.79951 213.05 -0.00882832 -0.0191015 0.999779 
10410271 15.2102 2.81735 212.966 -0.00695827 -0.0129296 0.999892 19.8434 2.64489 210.225 -0.00417149 -0.0166877 0.999744 2.0514 -2.12638 10.9123 5.48888 53.3098 15.2102 2.81735 212.966 -0.00695827 -0.0129296 0.999892 
10497915 14.9664 3.8201 212.886 -0.00567167 -0.00765744 0.999955 19.6562 3.77385 210.202 -0.00567923 -0.00566719 0.999914 2.05169 -2.13816 10.7345 5.54519 53.4051 14.9664 3.8201 212.886 -0.00567167 -0.00765744 0.999955 
10585750 14.6737 4.7556 212.821 -0.00309482 -0.00931467 0.999952 19.2841 5.38711 210.174 -0.0102136 0.0137041 0.99971 2.05226 -2.13327 10.598 5.61212 53.4686 14.6737 4.7556 212.821 -0.00309482 -0.00931467 0.999952 
10673050 14.4536 5.52837 212.755 0.00226353 -0.0159612 0.99987 18.8874 6.7761 210.151 -0.012765 0.0211965 0.999592 2.04968 -2.11632 10.5154 5.68049 53.4829 14.4536 5.52837 212.755 0.00226353 -0.0159612 0.99987 
10760182 14.1441 6.01923 212.719 0.00840548 -0.0275475 0.999585 18.2609 8.11213 210.132 -0.0148113 0.0228205 0.999582 2.056 -2.08386 10.4519 5.73996 53.4829 14.1441 6.01923 212.719 0.00840548 -0.0275475 0.999585 
10847419 13.9232 6.46619 212.689 0.0157627 -0.0367656 0.9992 17.7279 9.12988 210.006 -0.0156765 0.0222259 0.999602 2.05887 -2.05628 10.4186 5.79368 53.4749 13.9232 6.46619 212.689 0.0157627 -0.0367656 0.9992 
10935599 13.7203 6.92578 212.687 0.0239774 -0.0457572 0.998665 17.0814 10.0482 209.996 -0.0164363 0.0207725 0.999516 2.06088 -2.02871 10.4662 5.84854 53.421 13.7203 6.92578 212.687 0.0239774 -0.0457572 0.998665 
11022955 13.5249 7.37992 212.688 0.0320559 -0.0533384 0.998062 16.4418 10.9743 209.985 -0.0179425 0.0184805 0.999575 2.06203 -2.00486 10.5615 5.90025 53.3241 13.5249 7.37992 212.688 0.0320559 -0.0533384 0.998062 
11109976 13.3434 7.84316 212.682 0.0413777 -0.0600939 0.997335 15.6875 11.7864 209.977 -0.0193178 0.0166745 0.999624 2.0626 -1.98073 10.679 5.95225 53.2066 13.3434 7.84316 212.682 0.0413777 -0.0600939 0.997335 
11197435 13.1888 8.29421 212.676 0.0505352 -0.065708 0.996558 14.9308 12.5963 209.859 -0.0205724 0.0148638 0.999549 2.06203 -1.95947 10.8504 6.00051 53.0431 13.1888 8.29421 212.676 0.0505352 -0.065708 0.996558 
11285499 13.0178 8.77443 212.73 0.0600662 -0.071061 0.995662 14.2582 13.3226 209.74 -0.0190756 0.00983192 0.99963 2.06088 -1.93908 11.1012 6.05021 52.8637 13.0178 8.77443 212.73 0.0600662 -0.071061 0.995662 
11373070 12.7628 9.28488 212.854 0.066619 -0.0726599 0.995129 13.921 13.8056 209.621 -0.00629383 -0.00590018 0.999925 2.06002 -1.92845 11.287 6.09531 52.8161 12.7628 9.28488 212.854 0.066619 -0.0726599 0.995129 
11459792 12.2884 9.96838 212.957 0.0671526 -0.0684563 0.995392 13.4775 14.1424 209.733 0.00595286 -0.0172352 0.999774 2.05686 -1.93735 11.3949 6.14328 52.8177 12.2884 9.96838 212.957 0.0671526 -0.0684563 0.995392 
11547071 11.6672 10.706 213.013 0.063738 -0.0612779 0.996084 13.0075 14.7339 209.839 0.00969118 -0.0197468 0.999662 2.05341 -1.95631 11.4346 6.19126 52.8368 11.6672 10.706 213.013 0.063738 -0.0612779 0.996084 
11636041 10.9118 11.4348 213.07 0.059252 -0.0536463 0.996801 12.227 15.4233 209.946 0.0110271 -0.0201372 0.999656 2.05111 -1.97671 11.4235 6.24268 52.9034 10.9118 11.4348 213.07 0.059252 -0.0536463 0.996801 
11724027 10.0423 12.178 213.097 0.0538302 -0.0457828 0.9975 11.4478 15.9921 209.943 0.011888 -0.0197866 0.999641 2.04853 -1.99883 11.4076 0.0155126 52.9479 10.0423 12.178 213.097 0.0538302 -0.0457828 0.9975 
11809881 9.14356 12.9638 213.114 0.0479653 -0.0368571 0.998169 10.5593 16.5584 209.941 0.0125135 -0.0189435 0.999618 2.04106 -2.02468 11.379 0.0746904 53.0082 9.14356 12.9638 213.114 0.0479653 -0.0368571 0.998169 
11897088 8.18028 13.557 213.116 0.0420516 -0.0302683 0.998657 9.55788 17.1254 210.051 0.013391 -0.0177364 0.999708 2.0402 -2.04393 11.3251 0.130421 53.0701 8.18028 13.557 213.116 0.0420516 -0.0302683 0.998657 
11984169 7.16984 14.1636 213.105 0.0356026 -0.0233448 0.999093 8.6692 17.686 210.049 0.0140275 -0.0162831 0.999674 2.0356 -2.06634 11.2695 0.189311 53.1257 7.16984 14.1636 213.105 0.0356026 -0.0233448 0.999093 
12072773 6.18414 14.6417 213.099 0.0295612 -0.0170906 0.999417 7.67227 18.2485 210.159 0.0144255 -0.014579 0.999759 2.03244 -2.08587 11.1488 0.24418 53.2463 6.18414 14.6417 213.099 0.0295612 -0.0170906 0.999417 
12159676 5.10312 15.0604 213.065 0.0226397 -0.0114602 0.999678 6.67339 18.6994 210.16 0.0146959 -0.0131191 0.999728 2.03014 -2.10598 11.0234 0.301922 53.3448 5.10312 15.0604 213.065 0.0226397 -0.0114602 0.999678 
12247061 4.0631 15.3749 212.979 0.0160191 -0.00645724 0.999851 5.67787 19.1502 210.273 0.0147266 -0.0114107 0.999695 2.02871 -2.12379 10.8695 0.356216 53.4178 4.0631 15.3749 212.979 0.0160191 -0.00645724 0.999851 
12334353 2.90678 15.6145 212.878 0.00841033 -0.00248226 0.999962 4.51054 19.4926 210.277 0.00889599 -0.00983778 0.999846 2.02842 -2.14275 10.7139 0.414819 53.4749 2.90678 15.6145 212.878 0.00841033 -0.00248226 0.999962 
12422956 1.95759 15.7342 212.78 0.0088824 2.98185e-005 0.999961 2.93874 19.9211 210.286 -0.0132275 -0.00443401 0.999845 2.02899 -2.14189 10.5329 0.475146 53.5495 1.95759 15.7342 212.78 0.0088824 2.98185e-005 0.999961 
12509592 1.13713 15.8062 212.694 0.0158413 0.00209701 0.999872 1.39803 20.0336 210.191 -0.0274622 -0.00149737 0.999567 2.02928 -2.12552 10.398 0.540356 53.5876 1.13713 15.8062 212.694 0.0158413 0.00209701 0.999872 
12596886 0.53507 15.6831 212.667 0.0292276 0.00216982 0.99957 -0.00644045 20.1686 210.094 -0.0323465 -0.00141349 0.999371 2.03876 -2.08989 10.3329 0.600109 53.5876 0.53507 15.6831 212.667 0.0292276 0.00216982 0.99957 
12684525 -0.014823 15.6248 212.651 0.0411258 0.00459849 0.999143 -1.34883 20.201 209.995 -0.0321221 -0.00251616 0.99939 2.04451 -2.05916 10.2964 0.656414 53.5876 -0.014823 15.6248 212.651 0.0411258 0.00459849 0.999143 
12772259 -0.455417 15.4002 212.658 0.0543263 0.00607483 0.998505 -2.48547 20.0188 210.01 -0.0303309 -0.00474588 0.999414 2.05916 -2.02124 10.2821 0.705537 53.5734 -0.455417 15.4002 212.658 0.0543263 0.00607483 0.998505 
12859614 -0.916064 15.2587 212.662 0.0653773 0.00904137 0.99782 -3.51393 19.8335 210.024 -0.0281713 -0.0068602 0.999433 2.06864 -1.99107 10.3249 0.754373 53.513 -0.916064 15.2587 212.662 0.0653773 0.00904137 0.99782 
12946780 -1.39405 15.1292 212.657 0.0765408 0.0134643 0.996976 -4.53635 19.54 209.929 -0.0269991 -0.00956695 0.999473 2.07725 -1.96062 10.4186 0.806082 53.4051 -1.39405 15.1292 212.657 0.0765408 0.0134643 0.996976 
13034146 -1.84854 14.9938 212.662 0.0858123 0.0186991 0.996136 -5.6758 19.1381 209.948 -0.0253364 -0.0121605 0.999506 2.08616 -1.93304 10.4964 0.853481 53.3273 -1.84854 14.9938 212.662 0.0858123 0.0186991 0.996136 
13122120 -2.28067 14.8769 212.679 0.0955324 0.025956 0.995088 -6.70489 18.7263 209.855 -0.0236629 -0.014144 0.999527 2.09478 -1.90259 10.5805 0.901743 53.2622 -2.28067 14.8769 212.679 0.0955324 0.025956 0.995088 
13209564 -2.70603 14.742 212.711 0.104144 0.0326069 0.994028 -7.3807 18.4993 209.862 -0.011424 -0.01265 0.99974 2.10397 -1.87502 10.7552 0.947132 53.1257 -2.70603 14.742 212.711 0.104144 0.0326069 0.994028 
13296915 -3.31633 14.5545 212.781 0.107229 0.0381977 0.9935 -8.06468 18.1315 209.761 0.00135553 -0.00823617 0.999892 2.11058 -1.86094 10.8742 0.995968 53.0749 -3.31633 14.5545 212.781 0.107229 0.0381977 0.9935 
13384414 -4.00004 14.3034 212.856 0.106512 0.0422047 0.993415 -8.79629 17.7883 209.774 0.00737857 -0.00602379 0.99991 2.11431 -1.85835 10.9472 1.04394 53.0733 -4.00004 14.3034 212.856 0.106512 0.0422047 0.993415 
13472264 -4.78848 13.9459 212.943 0.103702 0.0446649 0.993605 -9.51741 17.3334 209.79 0.0120579 -0.00378941 0.99982 2.11833 -1.86209 11.0234 1.09709 53.0749 -4.78848 13.9459 212.943 0.103702 0.0446649 0.993605 
13559649 -5.60595 13.5308 213 0.0986671 0.0456768 0.994072 -10.348 16.8746 209.918 0.0166317 -0.000696267 0.999836 2.12035 -1.87272 11.0536 1.14994 53.0908 -5.60595 13.5308 213 0.0986671 0.0456768 0.994072 
13646700 -6.46956 13.0365 213.028 0.0924849 0.0461867 0.994642 -11.2621 16.2101 209.94 0.01763 0.000506297 0.999803 2.12149 -1.88622 11.052 1.20654 53.1082 -6.46956 13.0365 213.028 0.0924849 0.0461867 0.994642 
13734313 -7.25497 12.5442 213.043 0.0862756 0.0467466 0.995174 -12.1673 15.6628 209.96 0.017885 0.00111201 0.999789 2.12149 -1.89915 11.0092 1.25968 53.1559 -7.25497 12.5442 213.043 0.0862756 0.0467466 0.995174 
13822237 -8.08685 11.9458 213.061 0.0790756 0.0462147 0.995797 -12.9569 14.8867 209.983 0.0172923 0.0020993 0.999776 2.12121 -1.91523 10.9552 1.31714 53.2178 -8.08685 11.9458 213.061 0.0790756 0.0462147 0.995797 
13909423 -8.84498 11.3586 213.073 0.0727633 0.0458334 0.996296 -13.7457 14.2279 210.003 0.0168107 0.00247424 0.999774 2.12035 -1.92931 10.9187 1.37287 53.259 -8.84498 11.3586 213.073 0.0727633 0.0458334 0.996296 
13996527 -9.58549 10.6699 213.076 0.06614 0.0451464 0.996788 -14.5396 13.3425 210.028 0.0164577 0.00321305 0.999763 2.11977 -1.94396 10.8504 1.43118 53.3273 -9.58549 10.6699 213.076 0.06614 0.0451464 0.996788 
14084503 -10.2557 9.99022 213.046 0.0597582 0.0436803 0.997257 -15.2188 12.57 210.162 0.0161025 0.00382983 0.999755 2.11862 -1.95861 10.7806 1.48548 53.3622 -10.2557 9.99022 213.046 0.0597582 0.0436803 0.997257 
14170964 -10.9292 9.23254 212.989 0.0532444 0.041924 0.997701 -15.8965 11.6837 210.186 0.0152592 0.00445547 0.999751 2.1169 -1.97384 10.7075 1.54379 53.3749 -10.9292 9.23254 212.989 0.0532444 0.041924 0.997701 
14259702 -11.5239 8.47079 212.92 0.0471582 0.0397581 0.998096 -16.4695 10.7956 210.097 0.0150217 0.00482598 0.999747 2.11517 -1.98849 10.6266 1.59924 53.3844 -11.5239 8.47079 212.92 0.0471582 0.0397581 0.998096 
14346504 -12.1287 7.65699 212.881 0.040884 0.0374084 0.998463 -17.0399 9.79567 210.122 0.0144224 0.00544719 0.999741 2.11144 -2.00429 10.5567 1.65841 53.4178 -12.1287 7.65699 212.881 0.040884 0.0374084 0.998463 
14433613 -12.6538 6.85441 212.837 0.0354251 0.0347263 0.998769 -17.4965 8.79482 210.145 0.0135781 0.00595314 0.999862 2.10771 -2.01923 10.5059 1.71443 53.4289 -12.6538 6.85441 212.837 0.0354251 0.0347263 0.998769 
14520716 -13.1772 5.98409 212.778 0.0296794 0.0314124 0.999066 -18.0604 7.90529 210.167 0.0124928 0.00670524 0.999858 2.10311 -2.03531 10.4535 1.77332 53.4305 -13.1772 5.98409 212.778 0.0296794 0.0314124 0.999066 
14608966 -13.6061 5.14525 212.722 0.0247808 0.0282445 0.999294 -18.5124 6.90222 210.08 0.0110371 0.00721992 0.999863 2.0988 -2.04939 10.4059 1.82877 53.4337 -13.6061 5.14525 212.722 0.0247808 0.0282445 0.999294 
14696323 -13.991 4.23308 212.685 0.0206146 0.0251066 0.999472 -18.8481 5.71686 210.107 0.00876893 0.00335254 0.999838 2.09449 -2.06289 10.371 1.88794 53.44 -13.991 4.23308 212.685 0.0206146 0.0251066 0.999472 
14783465 -14.2777 3.40532 212.639 0.0174636 0.0242935 0.999552 -19.301 4.54168 210.024 0.00696926 -0.00162194 0.99983 2.09104 -2.0695 10.3297 1.94454 53.4416 -14.2777 3.40532 212.639 0.0174636 0.0242935 0.999552 
14870831 -14.4806 2.6245 212.624 0.0153266 0.0253319 0.999562 -19.5306 3.36231 210.049 0.00529724 -0.00635224 0.999938 2.08903 -2.07036 10.3106 2.00027 53.4495 -14.4806 2.6245 212.624 0.0153266 0.0253319 0.999562 
14958970 -14.6418 1.8619 212.603 0.0131258 0.0283405 0.999512 -19.7757 2.14579 210.076 0.00528286 -0.00708675 0.99983 2.08702 -2.06634 10.2916 2.05829 53.4511 -14.6418 1.8619 212.603 0.0131258 0.0283405 0.999512 
15046180 -14.7385 1.12154 212.581 0.010878 0.0315156 0.999444 -19.7932 1.04479 209.985 0.00488386 -0.00891052 0.999869 2.08616 -2.06088 10.2646 2.11431 53.4559 -14.7385 1.12154 212.581 0.010878 0.0315156 0.999444 
15133477 -14.7723 0.433885 212.583 0.0088143 0.0354741 0.999332 -19.9266 -0.166975 210.01 0.00485758 -0.0103749 0.999897 2.08673 -2.05255 10.2487 2.16774 53.4718 -14.7723 0.433885 212.583 0.0088143 0.0354741 0.999332 
15220879 -14.7544 -0.207855 212.576 0.00654631 0.0397628 0.999188 -19.8395 -1.28247 210.03 0.00534137 -0.0106278 0.999897 2.08846 -2.04249 10.2233 2.21859 53.4845 -14.7544 -0.207855 212.576 0.00654631 0.0397628 0.999188 
15308802 -14.6977 -0.888318 212.565 0.00386169 0.0441916 0.999016 -19.7501 -2.39674 209.94 0.00545122 -0.0112425 0.999786 2.09076 -2.03158 10.2043 2.2726 53.4876 -14.6977 -0.888318 212.565 0.00386169 0.0441916 0.999016 
15396099 -14.5922 -1.55155 212.576 0.00113212 0.0491672 0.99879 -19.6588 -3.40296 209.959 0.00569531 -0.0112469 0.999784 2.09392 -2.01923 10.2027 2.32661 53.4892 -14.5922 -1.55155 212.576 0.00113212 0.0491672 0.99879 
15483331 -14.4493 -2.20761 212.583 -0.0019523 0.0534461 0.998569 -19.458 -4.52622 209.977 0.00594721 -0.0108829 0.999896 2.09708 -2.00802 10.2027 2.38004 53.4892 -14.4493 -2.20761 212.583 -0.0019523 0.0534461 0.998569 
15571145 -14.2778 -2.83963 212.589 -0.00531953 0.0573489 0.99834 -19.2586 -5.54122 209.995 0.00657058 -0.0101618 0.999876 2.1011 -1.99653 10.2043 2.43175 53.4876 -14.2778 -2.83963 212.589 -0.00531953 0.0573489 0.99834 
15658718 -14.0691 -3.52982 212.594 -0.00924075 0.0608838 0.998102 -18.8396 -6.56701 210.01 0.00757322 -0.00871518 0.999838 2.10483 -1.98562 10.2218 2.48805 53.4702 -14.0691 -3.52982 212.594 -0.00924075 0.0608838 0.998102 
15745893 -13.8341 -4.18296 212.596 -0.0129702 0.0639153 0.997871 -18.5217 -7.57848 210.026 0.00745337 -0.00859093 0.999837 2.10857 -1.97585 10.263 2.54177 53.4273 -13.8341 -4.18296 212.596 -0.0129702 0.0639153 0.997871 
15833242 -13.5365 -4.81567 212.596 -0.0170138 0.0671149 0.9976 -18.0964 -8.70227 209.932 0.00744899 -0.00883499 0.999842 2.11403 -1.96436 10.2964 2.59607 53.3876 -13.5365 -4.81567 212.596 -0.0170138 0.0671149 0.9976 
15920447 -13.2253 -5.41688 212.601 -0.0211888 0.0695716 0.997352 -17.5641 -9.50915 209.942 0.0087001 -0.00714874 0.999797 2.11891 -1.9543 10.3265 2.64835 53.3575 -13.2253 -5.41688 212.601 -0.0211888 0.0695716 0.997352 
16007722 -12.8619 -6.07548 212.61 -0.0256388 0.0712031 0.997132 -17.028 -10.4221 209.953 0.00933128 -0.00605922 0.999891 2.12322 -1.94597 10.3694 2.70523 53.3194 -12.8619 -6.07548 212.61 -0.0256388 0.0712031 0.997132 
16096235 -12.4641 -6.69462 212.626 -0.0301138 0.0721827 0.996937 -16.3768 -11.3314 209.964 0.00958413 -0.00557554 0.999879 2.12781 -1.93822 10.39 2.76038 53.3098 -12.4641 -6.69462 212.626 -0.0301138 0.0721827 0.996937 
16183065 -11.9989 -7.29988 212.638 -0.0345108 0.0730819 0.996729 -15.7211 -12.2442 209.975 0.00935538 -0.00471692 0.999865 2.13385 -1.92931 10.4138 2.8164 53.2876 -11.9989 -7.29988 212.638 -0.0345108 0.0730819 0.996729 
16270398 -11.5248 -7.87053 212.679 -0.03809 0.0739155 0.996537 -15.0703 -13.0508 209.872 0.00974341 -0.00350328 0.999838 2.13902 -1.92328 10.5154 2.87098 53.2225 -11.5248 -7.87053 212.679 -0.03809 0.0739155 0.996537 
16357547 -10.9899 -8.47993 212.721 -0.0422582 0.0745838 0.996319 -14.2984 -13.6468 209.874 0.00966861 -0.000936141 0.999912 2.14361 -1.91753 10.6504 2.93131 53.1289 -10.9899 -8.47993 212.721 -0.0422582 0.0745838 0.996319 
16446321 -10.4641 -9.06355 212.766 -0.0458466 0.074738 0.996149 -13.6328 -14.4526 209.772 0.00846789 0.00018425 0.999902 2.1462 -1.91495 10.8234 2.98905 53.0019 -10.4641 -9.06355 212.766 -0.0458466 0.074738 0.996149 
16532922 -9.87795 -9.64301 212.851 -0.0498987 0.0743176 0.995985 -12.7465 -15.144 209.776 0.00786862 0.00080546 0.999896 2.14879 -1.91236 10.9742 3.04967 52.9368 -9.87795 -9.64301 212.851 -0.0498987 0.0743176 0.995985 
16620680 -9.29222 -10.1842 212.931 -0.0528629 0.0733387 0.995905 -12.0289 -15.7685 209.781 0.00162527 0.0066559 0.999847 2.14993 -1.91322 11.1409 3.10655 52.8526 -9.29222 -10.1842 212.931 -0.0528629 0.0733387 0.995905 
16707511 -8.62373 -10.7496 213.018 -0.0534799 0.0700915 0.996106 -11.2053 -16.2696 209.782 -0.00379005 0.0110265 0.999819 2.14907 -1.92184 11.2393 3.16343 52.8415 -8.62373 -10.7496 213.018 -0.0534799 0.0700915 0.996106 
16796014 -7.88735 -11.2644 213.071 -0.051613 0.0659901 0.996485 -10.4151 -16.8524 209.897 -0.00571866 0.0124042 0.999812 2.1485 -1.93534 11.2886 3.21714 52.8415 -7.88735 -11.2644 213.071 -0.051613 0.0659901 0.996485 
16882820 -7.06243 -11.7868 213.116 -0.049561 0.061505 0.996876 -9.5259 -17.3207 209.897 -0.00619588 0.0130232 0.999805 2.14706 -1.94999 11.3267 3.27604 52.8463 -7.06243 -11.7868 213.116 -0.049561 0.061505 0.996876 
16970690 -6.23791 -12.2294 213.131 -0.047333 0.0572013 0.99724 -8.5235 -17.8891 210.009 -0.0069391 0.0124264 0.999824 2.14591 -1.96378 11.3298 3.33234 52.8558 -6.23791 -12.2294 213.131 -0.047333 0.0572013 0.99724 
17057376 -5.33944 -12.6267 213.134 -0.0441979 0.0528028 0.997626 -7.5202 -18.347 210.008 -0.00768451 0.0117075 0.999845 2.14505 -1.97901 11.3076 3.39037 52.878 -5.33944 -12.6267 213.134 -0.0441979 0.0528028 0.997626 
17146050 -4.47119 -12.9476 213.136 -0.0413802 0.04881 0.997951 -6.5135 -18.8049 210.006 -0.00879606 0.0109953 0.99987 2.14419 -1.99251 11.2663 3.44581 52.9193 -4.47119 -12.9476 213.136 -0.0413802 0.04881 0.997951 
17232885 -3.52843 -13.213 213.14 -0.0380265 0.0448893 0.998268 -5.50829 -19.1568 210.004 -0.00953175 0.0108842 0.999757 2.1439 -2.00659 11.1997 3.50413 52.986 -3.52843 -13.213 213.14 -0.0380265 0.0448893 0.998268 
17319957 -2.62624 -13.4529 213.135 -0.0343337 0.0408551 0.998575 -4.38954 -19.3993 210.109 -0.0101398 0.0110173 0.999761 2.14132 -2.02181 11.1298 3.55986 53.0527 -2.62624 -13.4529 213.135 -0.0343337 0.0408551 0.998575 
17407248 -1.6871 -13.6587 213.108 -0.03027 0.0367537 0.998866 -3.2664 -19.5268 210.1 -0.0111249 0.0105469 0.99978 2.13758 -2.03847 11.0552 3.61817 53.1098 -1.6871 -13.6587 213.108 -0.03027 0.0367537 0.998866 
17495696 -0.767049 -13.8022 213.077 -0.0256524 0.0328962 0.99913 -2.25683 -19.7594 210.206 -0.0119924 0.00983021 0.999803 2.13385 -2.05485 10.9472 3.67304 53.1908 -0.767049 -13.8022 213.077 -0.0256524 0.0328962 0.99913 
17582759 0.201486 -13.8983 212.996 -0.0206529 0.0287891 0.999372 -1.14161 -19.8844 210.197 -0.0121275 0.00910026 0.999818 2.12983 -2.07122 10.8044 3.73078 53.2622 0.201486 -13.8983 212.996 -0.0206529 0.0287891 0.999372 
17669876 1.11504 -13.9468 212.921 -0.0156777 0.0251776 0.99956 0.0269949 -19.9022 210.184 -0.00578657 0.00862138 0.999885 2.1258 -2.08645 10.6662 3.78479 53.3337 1.11504 -13.9468 212.921 -0.0156777 0.0251776 0.99956 
17758555 1.92791 -13.9097 212.83 -0.0157427 0.0220137 0.999634 1.65426 -19.8316 210.277 0.0115713 0.00977364 0.999809 2.12293 -2.08961 10.5329 3.84196 53.3781 1.92791 -13.9097 212.83 -0.0157427 0.0220137 0.999634 
17845424 2.62362 -13.8749 212.731 -0.0226839 0.0172472 0.999594 3.1023 -19.6538 210.148 0.0241734 0.0113737 0.999528 2.11891 -2.07639 10.4313 3.90631 53.3829 2.62362 -13.8749 212.731 -0.0226839 0.0172472 0.999594 
17932621 3.14173 -13.785 212.68 -0.0343339 0.0118465 0.99934 4.29368 -19.3519 210.13 0.028711 0.012512 0.99946 2.11776 -2.05083 10.3821 3.96807 53.3765 3.14173 -13.785 212.68 -0.0343339 0.0118465 0.99934 
18019924 3.57457 -13.7128 212.666 -0.0460166 0.0056875 0.998924 5.42142 -19.1615 210.003 0.0277544 0.013628 0.999448 2.11747 -2.02382 10.398 4.02409 53.3432 3.57457 -13.7128 212.666 -0.0460166 0.0056875 0.998924 
18107738 4.01394 -13.623 212.664 -0.0565522 -0.00120555 0.998399 6.45284 -18.7485 209.985 0.0257081 0.015252 0.999438 2.11833 -1.99768 10.4456 4.07896 53.2955 4.01394 -13.623 212.664 -0.0565522 -0.00120555 0.998399 
18195424 4.50971 -13.5326 212.656 -0.0667076 -0.00950561 0.997727 7.26328 -18.3338 209.968 0.0234233 0.0171268 0.999547 2.11862 -1.97154 10.5456 4.13785 53.1955 4.50971 -13.5326 212.656 -0.0667076 -0.00950561 0.997727 
18282740 5.02753 -13.4777 212.647 -0.0751043 -0.0180949 0.997011 8.19491 -17.7037 209.946 0.0205381 0.0196205 0.999528 2.11661 -1.94999 10.7218 4.19444 53.0273 5.02753 -13.4777 212.647 -0.0751043 -0.0180949 0.997011 
18369836 5.60525 -13.4771 212.653 -0.0827154 -0.028311 0.996171 9.01014 -16.962 209.812 0.0182631 0.0221031 0.999504 2.11115 -1.93017 10.9695 4.25333 52.813 5.60525 -13.4771 212.653 -0.0827154 -0.028311 0.996171 
18457967 6.20072 -13.4982 212.739 -0.0887293 -0.0381782 0.995324 9.78904 -16.516 209.684 0.0072484 0.020594 0.999645 2.10368 -1.91495 11.2886 4.30849 52.6129 6.20072 -13.4982 212.739 -0.0887293 -0.0381782 0.995324 
18545009 6.91834 -13.4574 212.861 -0.0883097 -0.0456041 0.995049 10.3285 -16.1902 209.787 -0.0142035 0.00913556 0.999716 2.09219 -1.91523 11.4743 4.36048 52.5796 6.91834 -13.4574 212.861 -0.0883097 -0.0456041 0.995049 
18632235 7.81727 -13.2345 212.951 -0.0813594 -0.0480948 0.995524 10.8604 -15.9222 209.89 -0.0228499 0.00367259 0.999665 2.0784 -1.93362 11.5568 4.41363 52.6097 7.81727 -13.2345 212.951 -0.0813594 -0.0480948 0.995524 
18720064 8.76978 -12.8554 212.991 -0.0723174 -0.0488472 0.996185 12.036 -15.2298 209.087 -0.0288257 -0.0025736 0.999479 2.06576 -1.95574 11.5584 4.46936 52.6669 8.76978 -12.8554 212.991 -0.0723174 -0.0488472 0.996185 
18807384 8.84503 -12.677 213.398 -0.0677518 -0.0478204 0.996556 13.7061 -14.1534 209.945 -0.0137075 -0.0239703 0.999492 2.06835 -1.96148 11.2695 4.47281 53.3448 8.84503 -12.677 213.398 -0.0677518 -0.0478204 0.996556 
18894032 9.53202 -12.1867 213.284 -0.062307 -0.04051 0.997235 13.1916 -14.5114 210.623 -0.00629349 -0.019215 0.999692 2.06548 -1.9859 11.5584 4.50929 52.9526 9.53202 -12.1867 213.284 -0.062307 -0.04051 0.997235 
18982351 10.4618 -11.4183 213.103 -0.0588518 -0.0328553 0.997726 13.5373 -13.9765 210.385 -0.00663428 -0.0178637 0.999792 2.06318 -2.00975 12.049 4.56933 52.2986 10.4618 -11.4183 213.103 -0.0588518 -0.0328553 0.997726 
19069438 11.4426 -10.5273 213.011 -0.055119 -0.0268966 0.998117 14.6768 -12.7529 210.125 -0.00682268 -0.00809016 0.99985 2.05887 -2.03215 12.4538 4.63885 51.8223 11.4426 -10.5273 213.011 -0.055119 -0.0268966 0.998117 
19156822 12.2608 -9.7729 212.968 -0.0522979 -0.0243975 0.998333 15.4846 -11.7252 210.096 -0.00753336 -0.000140516 0.999827 2.05197 -2.04767 12.7443 4.70147 51.5144 12.2608 -9.7729 212.968 -0.0522979 -0.0243975 0.998333 
19243916 12.9955 -9.03019 212.933 -0.0491439 -0.0249112 0.998481 16.2931 -10.7853 210.068 -0.00853413 0.00525098 0.999856 2.04451 -2.05772 12.8792 4.7641 51.3667 12.9955 -9.03019 212.933 -0.0491439 -0.0249112 0.998481 
19332439 13.6286 -8.32435 212.906 -0.04541 -0.0272023 0.998598 16.879 -9.80948 210.043 -0.00959747 0.00722335 0.999828 2.03704 -2.06404 12.8888 4.82328 51.3493 13.6286 -8.32435 212.906 -0.04541 -0.0272023 0.998598 
19419526 14.1728 -7.56845 212.915 -0.0414786 -0.0296666 0.998699 22.6405 -10.8216 204.994 -0.0479067 0.0230263 0.998449 2.03215 -2.06777 12.8348 4.88159 51.4286 14.1728 -7.56845 212.915 -0.0414786 -0.0296666 0.998699 
19506796 14.0566 -7.25066 213.212 -0.039159 -0.0289359 0.998814 18.619 -7.73942 210.326 -0.0126686 -0.0139701 0.999778 2.04307 -2.06605 12.4697 4.88906 52.0525 14.0566 -7.25066 213.212 -0.039159 -0.0289359 0.998814 
19593775 14.2389 -6.3545 213.028 -0.0342708 -0.0221828 0.999166 19.0751 -7.3926 210.539 -0.0128225 -0.0156787 0.999691 2.05169 -2.08099 12.1775 4.92583 52.1335 14.2389 -6.3545 213.028 -0.0342708 -0.0221828 0.999166 
19682472 14.3399 -5.30855 212.798 -0.0303117 -0.0152034 0.999425 19.3899 -6.61587 210.519 -0.00916216 -0.0158648 0.999779 2.06461 -2.0942 11.8442 4.96892 52.1986 14.3399 -5.30855 212.798 -0.0303117 -0.0152034 0.999425 
19769346 14.4738 -4.11419 212.64 -0.0275327 -0.00840449 0.999586 19.5982 -5.55221 210.383 -0.00553058 -0.0109212 0.999891 2.07553 -2.10828 11.6108 5.02494 52.2446 14.4738 -4.11419 212.64 -0.0275327 -0.00840449 0.999586 
19856424 14.5728 -3.00667 212.545 -0.0260265 -0.00403672 0.999653 19.8196 -4.26441 210.243 -0.00287878 -0.0060842 0.999894 2.08357 -2.11776 11.4584 5.08297 52.2843 14.5728 -3.00667 212.545 -0.0260265 -0.00403672 0.999653 
19943649 14.6306 -1.89319 212.497 -0.0250762 -0.00106811 0.999685 19.9456 -2.96238 210.104 -0.0019597 -0.00255855 0.999939 2.08961 -2.12552 11.3203 5.14559 52.3589 14.6306 -1.89319 212.497 -0.0250762 -0.00106811 0.999685 
20032468 14.644 -0.939731 212.461 -0.0244304 0.000238681 0.999702 19.9668 -1.65059 210.079 -0.00166303 0.000365685 0.99988 2.09334 -2.13011 11.2108 5.20276 52.4224 14.644 -0.939731 212.461 -0.0244304 0.000238681 0.999702 
20119250 14.6364 -0.0182141 212.43 -0.0238072 0.000157359 0.999717 19.9884 -0.451575 210.054 -0.00160703 0.00341872 0.999942 2.09507 -2.13241 11.1266 5.26194 52.47 14.6364 -0.0182141 212.43 -0.0238072 0.000157359 0.999717 
20206980 14.6097 0.807954 212.407 -0.022861 -0.00121872 0.999738 19.9007 0.755115 210.032 -0.0018073 0.0058637 0.999898 2.09507 -2.13212 11.052 5.31853 52.5193 14.6097 0.807954 212.407 -0.022861 -0.00121872 0.999738 
20293565 14.5271 1.60538 212.394 -0.0219506 -0.00376786 0.999752 19.8176 1.96513 210.01 -0.00250233 0.00795146 0.999864 2.09564 -2.12868 10.9838 5.3757 52.5701 14.5271 1.60538 212.394 -0.0219506 -0.00376786 0.999752 
20381800 14.4212 2.31671 212.396 -0.0210303 -0.00685593 0.999755 19.7324 3.18426 209.987 -0.00297079 0.00905857 0.999848 2.09593 -2.12379 10.9457 5.42884 52.6066 14.4212 2.31671 212.396 -0.0210303 -0.00685593 0.999755 
20468997 14.2935 2.98802 212.399 -0.0194444 -0.0113562 0.999746 19.422 4.29699 209.969 -0.00344144 0.0100436 0.999834 2.09593 -2.11546 10.9091 5.48285 52.6431 14.2935 2.98802 212.399 -0.0194444 -0.0113562 0.999746 
20556274 14.1508 3.59966 212.402 -0.0176496 -0.0158304 0.999719 19.1106 5.41656 209.951 -0.00380319 0.0102943 0.999833 2.09593 -2.10684 10.8917 5.53341 52.6606 14.1508 3.59966 212.402 -0.0176496 -0.0158304 0.999719 
20643379 13.9833 4.2305 212.403 -0.0150634 -0.0212325 0.999661 18.7973 6.42908 209.934 -0.00417371 0.0100569 0.999841 2.09564 -2.09593 10.8869 5.58799 52.6653 13.9833 4.2305 212.403 -0.0150634 -0.0212325 0.999661 
20732067 13.7729 4.85398 212.414 -0.0126905 -0.0257746 0.999587 18.4911 7.33326 209.92 -0.00552715 0.00947115 0.999866 2.09593 -2.08702 10.8917 5.64085 52.6669 13.7729 4.85398 212.414 -0.0126905 -0.0257746 0.999587 
20818924 13.5234 5.51604 212.44 -0.00943047 -0.0307281 0.999483 17.9593 8.36109 209.906 -0.00640775 0.00802232 0.999903 2.09621 -2.07639 10.9123 5.69859 52.6701 13.5234 5.51604 212.44 -0.00943047 -0.0307281 0.999483 
20906173 13.2514 6.13212 212.47 -0.00636389 -0.0344599 0.999386 17.43 9.27718 210.006 -0.00765134 0.00682184 0.999816 2.09679 -2.06806 10.933 5.75173 52.678 13.2514 6.13212 212.47 -0.00636389 -0.0344599 0.999386 
20993416 12.974 6.75521 212.474 -0.002261 -0.037746 0.999285 17.0092 10.0775 209.995 -0.00889369 0.0056237 0.999852 2.09593 -2.06002 10.9361 5.80632 52.6796 12.974 6.75521 212.474 -0.002261 -0.037746 0.999285 
21081637 12.6108 7.46301 212.475 0.00226628 -0.0403391 0.999183 16.3674 11.0025 209.984 -0.0101536 0.00344934 0.999907 2.09507 -2.05284 10.9377 5.86779 52.6812 12.6108 7.46301 212.475 0.00226628 -0.0403391 0.999183 
21168826 12.2313 8.15603 212.485 0.00698602 -0.0420322 0.999092 15.6163 11.9318 209.975 -0.0116631 0.00103302 0.999846 2.09277 -2.04767 10.9329 5.92812 52.6955 12.2313 8.15603 212.485 0.00698602 -0.0420322 0.999092 
21256046 11.8669 8.7659 212.499 0.0117356 -0.0426448 0.999021 14.9691 12.7465 209.967 -0.0125603 -0.00127236 0.999777 2.09047 -2.04307 10.898 5.98213 52.7479 11.8669 8.7659 212.499 0.0117356 -0.0426448 0.999021 
21343496 11.4728 9.39003 212.497 0.0166551 -0.0419854 0.998979 14.1913 13.462 210.073 -0.0115189 -0.004465 0.999828 2.08702 -2.0402 10.8329 6.03699 52.8161 11.4728 9.39003 212.497 0.0166551 -0.0419854 0.998979 
21430582 11.0285 10.0501 212.481 0.0210546 -0.0394516 0.999 13.4972 14.1942 210.066 -0.00758781 -0.00990729 0.999893 2.08243 -2.04048 10.744 6.0933 52.9003 11.0285 10.0501 212.481 0.0210546 -0.0394516 0.999 
21518697 10.4927 10.7134 212.463 0.0234305 -0.0348797 0.999117 13.0265 14.6811 210.062 -0.0041111 -0.0133906 0.999802 2.07783 -2.04652 10.6059 6.14817 53.0257 10.4927 10.7134 212.463 0.0234305 -0.0348797 0.999117 
21605976 9.7962 11.4344 212.446 0.0242215 -0.0289667 0.999287 12.2023 15.3964 210.057 0.00180993 -0.0167939 0.999808 2.07352 -2.05628 10.4488 6.20936 53.1701 9.7962 11.4344 212.446 0.0242215 -0.0289667 0.999287 
21693915 9.10491 12.0434 212.429 0.0224992 -0.0219644 0.999506 11.4048 16.084 210.052 0.00485446 -0.0172153 0.999785 2.06979 -2.07065 10.2519 6.26049 53.3527 9.10491 12.0434 212.429 0.0224992 -0.0219644 0.999506 
21780564 8.25816 12.6726 212.408 0.0199012 -0.0146563 0.999695 10.6265 16.6392 210.049 0.00561959 -0.0153982 0.999742 2.06691 -2.08559 10.0392 0.0359088 53.548 8.25816 12.6726 212.408 0.0199012 -0.0146563 0.999695 
21868943 7.44754 13.2073 212.39 0.0174714 -0.00882629 0.999808 9.53333 17.2969 210.046 0.00446172 -0.0119569 0.99981 2.06375 -2.09823 9.86456 0.0913521 53.7083 7.44754 13.2073 212.39 0.0174714 -0.00882629 0.999808 
21955961 6.62668 13.6902 212.369 0.0156442 -0.00403498 0.999869 8.55827 17.7463 210.048 0.00217136 -0.0103285 0.999802 2.06031 -2.10799 9.71851 0.148232 53.8385 6.62668 13.6902 212.369 0.0156442 -0.00403498 0.999869 
22043296 5.83707 14.1037 212.36 0.0152 8.4355e-005 0.999884 7.48154 18.307 209.935 -0.00109412 -0.00868 0.999925 2.05657 -2.11345 9.56135 0.204824 53.9909 5.83707 14.1037 212.36 0.0152 8.4355e-005 0.999884 
22130349 5.02399 14.4777 212.366 0.0159313 0.00379345 0.999866 6.28896 18.7603 209.938 -0.0039947 -0.00704049 0.999923 2.05255 -2.11517 9.40419 0.264864 54.1576 5.02399 14.4777 212.366 0.0159313 0.00379345 0.999866 
22219021 4.29235 14.7512 212.385 0.0178818 0.00647954 0.999819 5.20151 19.1047 209.943 -0.00641588 -0.00589796 0.999926 2.04996 -2.11201 9.27084 0.320307 54.31 4.29235 14.7512 212.385 0.0178818 0.00647954 0.999819 
22305724 3.5199 14.9847 212.406 0.0206962 0.00922755 0.999743 3.98998 19.4513 209.948 -0.00749456 -0.00477978 0.999916 2.04795 -2.10569 9.12955 0.379485 54.4687 3.5199 14.9847 212.406 0.0206962 0.00922755 0.999743 
22393329 2.85561 15.1245 212.41 0.0237758 0.0110669 0.999656 2.87893 19.6844 210.067 -0.00747046 -0.00343748 0.999889 2.04795 -2.09708 9.03271 0.430619 54.564 2.85561 15.1245 212.41 0.0237758 0.0110669 0.999656 
22480143 2.12534 15.2102 212.398 0.0269056 0.0125938 0.999559 1.98786 19.9205 209.96 -0.00734623 -0.00331767 0.999886 2.04996 -2.08673 8.95651 0.4852 54.6179 2.12534 15.2102 212.398 0.0269056 0.0125938 0.999559 
22568565 1.35283 15.2363 212.413 0.029637 0.0144891 0.999456 0.866031 20.057 209.969 -0.00650068 -0.00382128 0.999887 2.05341 -2.07611 8.85491 0.541218 54.7195 1.35283 15.2363 212.413 0.029637 0.0144891 0.999456 
22655788 0.580308 15.1749 212.433 0.0320062 0.0161165 0.999358 -0.270742 20.1836 209.978 -0.00404884 -0.00325542 0.999851 2.05944 -2.06461 8.74537 0.595799 54.8291 0.580308 15.1749 212.433 0.0320062 0.0161165 0.999358 
22743095 -0.146257 15.0266 212.444 0.0329365 0.017103 0.999311 -1.2969 20.1908 209.987 -0.00170685 -0.00207487 0.999927 2.06777 -2.05542 8.63107 0.644061 54.9307 -0.146257 15.0266 212.444 0.0329365 0.017103 0.999311 
22830063 -0.98038 14.8344 212.455 0.0330616 0.0181064 0.999289 -2.32963 20.0843 209.999 0.00112646 -0.000661464 0.999871 2.07611 -2.04795 8.53424 0.699217 55.0164 -0.98038 14.8344 212.455 0.0330616 0.0181064 0.999289 
22918377 -1.75659 14.6261 212.466 0.0317361 0.0182362 0.99933 -3.35403 19.8728 210.013 0.00284947 4.20479e-005 0.999962 2.083 -2.04565 8.49773 0.748628 55.0482 -1.75659 14.6261 212.466 0.0317361 0.0182362 0.99933 
23005562 -2.59031 14.3694 212.475 0.0301075 0.0181483 0.999382 -4.36469 19.6679 210.027 0.00309355 3.76195e-005 0.99996 2.08961 -2.04451 8.48185 0.802634 55.0593 -2.59031 14.3694 212.475 0.0301075 0.0181483 0.999382 
23092718 -3.40476 14.086 212.474 0.028215 0.0180682 0.999439 -5.37605 19.3594 210.044 0.00319902 -0.000821133 0.999853 2.09507 -2.04479 8.46915 0.856354 55.0593 -3.40476 14.086 212.474 0.028215 0.0180682 0.999439 
23180055 -4.27964 13.7658 212.461 0.0264347 0.0186725 0.999476 -6.49484 18.841 209.954 0.00230309 -0.00312416 0.999906 2.0988 -2.04508 8.44851 0.916968 55.0593 -4.27964 13.7658 212.461 0.0264347 0.0186725 0.999476 
23267228 -5.02589 13.479 212.465 0.0252364 0.0200166 0.999481 -7.60771 18.3383 209.976 0.000891452 -0.00688501 0.999871 2.10024 -2.04451 8.41676 0.97155 55.091 -5.02589 13.479 212.465 0.0252364 0.0200166 0.999481 
23355467 -5.77549 13.2044 212.465 0.0246759 0.0232463 0.999425 -8.6105 17.812 209.996 -0.00035528 -0.0083272 0.999911 2.0988 -2.04135 8.34691 1.03073 55.1609 -5.77549 13.2044 212.465 0.0246759 0.0232463 0.999425 
23442700 -6.52771 12.8895 212.463 0.0241951 0.0263483 0.99936 -9.39398 17.382 210.013 -0.000969883 -0.00856018 0.999922 2.09708 -2.0379 8.31516 1.09163 55.1926 -6.52771 12.8895 212.463 0.0241951 0.0263483 0.99936 
23529909 -7.30805 12.4991 212.461 0.0243034 0.0298356 0.999259 -10.5186 16.7293 210.036 -0.00132944 -0.00818746 0.999918 2.09593 -2.03187 8.3104 1.15828 55.1974 -7.30805 12.4991 212.461 0.0243034 0.0298356 0.999259 
23617233 -7.93311 12.1669 212.453 0.0247127 0.0336176 0.999129 -11.5339 16.078 210.059 -0.00145149 -0.00818524 0.99992 2.09392 -2.02526 8.30246 1.21458 55.1974 -7.93311 12.1669 212.453 0.0247127 0.0336176 0.999129 
23705489 -8.51873 11.7878 212.432 0.0251791 0.0377109 0.998971 -12.3282 15.4227 210.08 -0.00132944 -0.00818746 0.999918 2.09363 -2.01635 8.285 1.2706 55.1942 -8.51873 11.7878 212.432 0.0251791 0.0377109 0.998971 
23792594 -9.08862 11.3687 212.418 0.025569 0.0422981 0.998778 -13.2315 14.6613 209.993 -0.00182981 -0.00879108 0.999813 2.09334 -2.0063 8.27865 1.32863 55.1879 -9.08862 11.3687 212.418 0.025569 0.0422981 0.998778 
23880197 -9.63332 10.9471 212.415 0.0264485 0.0471713 0.998537 -13.9105 13.898 210.015 -0.00232895 -0.00939236 0.99983 2.09334 -1.99481 8.3104 1.38608 55.1545 -9.63332 10.9471 212.415 0.0264485 0.0471713 0.998537 
23967011 -10.16 10.5126 212.398 0.0274313 0.0526004 0.998239 -14.7055 13.1424 210.037 -0.00235085 -0.0106126 0.999853 2.09334 -1.98188 8.39295 1.4444 55.0608 -10.16 10.5126 212.398 0.0274313 0.0526004 0.998239 
24055336 -10.664 10.0443 212.394 0.0283631 0.0588971 0.997861 -15.503 12.1797 209.953 -0.00265314 -0.0137833 0.999795 2.09392 -1.96694 8.47391 1.50415 54.9767 -10.664 10.0443 212.394 0.0283631 0.0588971 0.997861 
24142495 -11.0986 9.62158 212.397 0.0288161 0.0663004 0.997384 -16.1893 11.3198 209.866 -0.00269819 -0.0162262 0.99972 2.09478 -1.94942 8.53424 1.55988 54.9259 -11.0986 9.62158 212.397 0.0288161 0.0663004 0.997384 
24229921 -11.5229 9.15234 212.413 0.0288856 0.0739933 0.99684 -16.7618 10.4588 209.889 -0.00286186 -0.0185425 0.999766 2.09679 -1.93075 8.62314 1.61733 54.8592 -11.5229 9.15234 212.413 0.0288856 0.0739933 0.99684 
24316998 -11.9981 8.64777 212.565 0.0292727 0.0830238 0.996118 -16.9256 9.63759 209.57 0.000870813 -0.0147017 0.999777 2.09794 -1.91006 8.86285 1.68111 54.7894 -11.9981 8.64777 212.565 0.0292727 0.0830238 0.996118 
24405079 -12.5009 8.07827 212.655 0.0274562 0.0876746 0.995771 -17.3219 8.75192 209.811 0.00622384 -0.00234082 0.999851 2.09593 -1.90374 9.11526 1.73942 54.6449 -12.5009 8.07827 212.655 0.0274562 0.0876746 0.995771 
24492398 -13.0617 7.33261 212.713 0.0229799 0.0860069 0.996029 -17.6982 8.27967 209.822 0.0100438 0.0130972 0.99976 2.09018 -1.9161 9.3137 1.79659 54.5163 -13.0617 7.33261 212.713 0.0229799 0.0860069 0.996029 
24579991 -13.571 6.36964 212.77 0.018184 0.0788717 0.996719 -18.1766 7.51977 209.953 0.0123136 0.02392 0.999529 2.08616 -1.93965 9.47404 1.85376 54.4163 -13.571 6.36964 212.77 0.018184 0.0788717 0.996719 
24666866 -14.0365 5.31781 212.787 0.0123959 0.0676638 0.997631 -18.528 6.60255 209.974 0.0123727 0.0272148 0.999466 2.08041 -1.97269 9.53754 1.90748 54.3735 -14.0365 5.31781 212.787 0.0123959 0.0676638 0.997631 
24755014 -14.4586 4.25443 212.786 0.00696701 0.0560037 0.998406 -18.8727 5.61332 209.996 0.0115009 0.026254 0.999493 2.07438 -2.00515 9.59786 1.96034 54.3274 -14.4586 4.25443 212.786 0.00696701 0.0560037 0.998406 
24842251 -14.8013 3.08594 212.786 0.00230332 0.0447768 0.998994 -19.219 4.53293 210.021 0.0105896 0.0230968 0.999563 2.06892 -2.0356 9.62326 2.01923 54.3131 -14.8013 3.08594 212.786 0.00230332 0.0447768 0.998994 
24929545 -15.0508 1.98946 212.781 -0.00133608 0.0354177 0.999372 -19.4504 3.44376 209.932 0.00919891 0.0204366 0.999628 2.06375 -2.06059 9.63437 2.07611 54.3116 -15.0508 1.98946 212.781 -0.00133608 0.0354177 0.999372 
25016817 -15.2527 0.869225 212.795 -0.00433422 0.0269938 0.999626 -19.6847 2.26221 209.957 0.00801946 0.0159415 0.999726 2.05772 -2.083 9.6693 2.13643 54.3116 -15.2527 0.869225 212.795 -0.00433422 0.0269938 0.999626 
25104592 -15.3717 -0.144855 212.786 -0.0067674 0.0212914 0.99975 -19.8093 0.976022 210.095 0.0069489 0.010712 0.999838 2.05197 -2.09851 9.67406 2.19446 54.3147 -15.3717 -0.144855 212.786 -0.0067674 0.0212914 0.99975 
25192263 -15.4233 -1.14344 212.771 -0.00898009 0.0171135 0.999813 -19.8206 -0.229899 210.007 0.00568246 0.00817154 0.999899 2.04652 -2.10972 9.66454 2.25421 54.3242 -15.4233 -1.14344 212.771 -0.00898009 0.0171135 0.999813 
25279874 -15.395 -2.039 212.76 -0.0104746 0.0140835 0.999846 -19.8288 -1.44507 210.03 0.00419383 0.0068558 0.99994 2.04278 -2.11719 9.65501 2.30879 54.3338 -15.395 -2.039 212.76 -0.0104746 0.0140835 0.999846 
25366693 -15.2863 -2.94206 212.753 -0.0113689 0.0110728 0.999874 -19.8417 -2.66694 210.055 0.00320528 0.00626103 0.999839 2.04048 -2.12379 9.64231 2.36366 54.3465 -15.2863 -2.94206 212.753 -0.0113689 0.0110728 0.999874 
25453869 -15.1233 -3.75873 212.75 -0.0119398 0.00868304 0.999891 -19.6315 -3.77785 210.074 0.00245549 0.0052981 0.999865 2.03933 -2.12839 9.62009 2.41422 54.3687 -15.1233 -3.75873 212.75 -0.0119398 0.00868304 0.999891 
25542208 -14.8913 -4.6164 212.737 -0.0122807 0.00662439 0.999903 -19.4206 -4.78057 210.091 0.00183431 0.00469903 0.999883 2.03876 -2.13184 9.60104 2.4688 54.3766 -14.8913 -4.6164 212.737 -0.0122807 0.00662439 0.999903 
25630030 -14.6278 -5.44428 212.713 -0.0126976 0.00471888 0.999908 -19.2108 -5.78657 209.997 0.00121533 0.00422199 0.999898 2.03761 -2.135 9.57881 2.52281 54.3782 -14.6278 -5.44428 212.713 -0.0126976 0.00471888 0.999908 
25716472 -14.2952 -6.28621 212.71 -0.0127768 0.00298951 0.999914 -18.7787 -6.90719 210.014 0.000598534 0.00386698 0.999911 2.03704 -2.13758 9.56611 2.57912 54.3893 -14.2952 -6.28621 212.71 -0.0127768 0.00298951 0.999914 
25803747 -13.9374 -7.06396 212.707 -0.0126372 0.00135115 0.999919 -18.3457 -7.9128 210.029 9.72123e-005 0.00314367 0.99993 2.03646 -2.14017 9.55976 2.63226 54.3957 -13.9374 -7.06396 212.707 -0.0126372 0.00135115 0.999919 
25892002 -13.5028 -7.87008 212.698 -0.0124256 -0.000142523 0.999923 -17.9104 -8.91618 210.044 -0.000652579 0.00218073 0.999957 2.03617 -2.14218 9.55024 2.68943 54.3973 -13.5028 -7.87008 212.698 -0.0124256 -0.000142523 0.999923 
25979251 -13.0616 -8.5891 212.684 -0.0124853 -0.00110614 0.999921 -17.3646 -9.92495 210.059 -0.00127499 0.00157932 0.999852 2.03589 -2.14275 9.53595 2.74315 54.3973 -13.0616 -8.5891 212.684 -0.0124853 -0.00110614 0.999921 
26066430 -12.5692 -9.3353 212.66 -0.0126534 -0.00241491 0.999917 -16.8168 -10.8176 210.07 -0.00190493 0.000492141 0.99988 2.03445 -2.14419 9.51849 2.80032 54.3941 -12.5692 -9.3353 212.66 -0.0126534 -0.00241491 0.999917 
26153604 -12.0416 -10.0241 212.634 -0.0124522 -0.00321594 0.999917 -16.1598 -11.7191 210.081 -0.00227764 0.0001327 0.99989 2.03388 -2.14476 9.52801 2.85576 54.3608 -12.0416 -10.0241 212.634 -0.0124522 -0.00321594 0.999917 
26241873 -11.4676 -10.7042 212.614 -0.0119844 -0.00385721 0.999921 -15.5029 -12.5077 209.978 -0.00253487 -0.000595038 0.999907 2.03301 -2.14563 9.56611 2.91264 54.3068 -11.4676 -10.7042 212.614 -0.0119844 -0.00385721 0.999921 
26329126 -10.8593 -11.3649 212.607 -0.0111276 -0.00456867 0.999928 -14.7759 -13.3854 209.987 0.00155987 -0.00372101 0.999925 2.03158 -2.14764 9.62961 2.96952 54.2433 -10.8593 -11.3649 212.607 -0.0111276 -0.00456867 0.999928 
26416577 -10.2441 -12.0293 212.596 -0.0119781 -0.00369144 0.999921 -13.6348 -14.24 209.993 0.00913351 -0.0102083 0.999851 2.02784 -2.14534 9.75344 3.03214 54.121 -10.2441 -12.0293 212.596 -0.0119781 -0.00369144 0.999921 
26503445 -9.84975 -12.559 212.585 -0.0186808 0.00144223 0.999824 -12.4362 -15.0763 210 0.0225256 -0.018881 0.999515 2.02095 -2.1281 9.98045 3.09304 53.902 -9.84975 -12.559 212.585 -0.0186808 0.00144223 0.999824 
26591655 -9.51316 -13.0237 212.606 -0.0300869 0.00967778 0.9995 -11.3228 -15.9621 209.898 0.0329607 -0.0222512 0.999108 2.01549 -2.09823 10.3027 3.15711 53.6146 -9.51316 -13.0237 212.606 -0.0300869 0.00967778 0.9995 
26678924 -9.22776 -13.3956 212.626 -0.0437465 0.017649 0.998887 -10.5637 -16.5738 210.012 0.0343855 -0.0177582 0.999129 2.01348 -2.06347 10.6266 3.21542 53.3194 -9.22776 -13.3956 212.626 -0.0437465 0.017649 0.998887 
26766198 -8.90202 -13.7417 212.619 -0.0574598 0.02376 0.998065 -9.61256 -17.1284 210.009 0.027243 -0.00785373 0.9995 2.01406 -2.03014 10.9266 3.27086 53.0193 -8.90202 -13.7417 212.619 -0.0574598 0.02376 0.998065 
26853451 -8.53642 -14.0848 212.616 -0.0688089 0.0258339 0.997295 -8.97899 -17.5441 210.008 0.0184699 -0.000243713 0.999687 2.01377 -2.00601 11.0917 3.32056 52.8542 -8.53642 -14.0848 212.616 -0.0688089 0.0258339 0.997295 
26942378 -8.00611 -14.4703 212.61 -0.0764766 0.0250931 0.996756 -8.36967 -17.9195 210.008 0.0123038 0.00304428 0.999808 2.01377 -1.99107 11.2187 3.37198 52.7272 -8.00611 -14.4703 212.61 -0.0764766 0.0250931 0.996756 
27028955 -7.38283 -14.8383 212.604 -0.0816752 0.023818 0.996374 -7.53043 -18.1784 210.004 0.00563083 0.00536256 0.999832 2.01463 -1.98131 11.3775 3.42283 52.5685 -7.38283 -14.8383 212.604 -0.0816752 0.023818 0.996374 
27116119 -6.61797 -15.2152 212.599 -0.0837798 0.0214117 0.996254 -6.80133 -18.5435 210.004 -0.00141488 0.00732139 0.999866 2.01492 -1.97901 11.5314 3.47598 52.4145 -6.61797 -15.2152 212.599 -0.0837798 0.0214117 0.996254 
27203467 -5.70202 -15.5955 212.599 -0.0830542 0.0179646 0.996383 -5.86813 -18.901 210.001 -0.00640775 0.00802232 0.999903 2.01406 -1.9836 11.6648 3.53286 52.2875 -5.70202 -15.5955 212.599 -0.0830542 0.0179646 0.996383 
27291974 -4.83832 -15.8878 212.596 -0.0806492 0.0147503 0.996633 -4.61022 -19.2575 209.997 -0.0103166 0.0079688 0.999821 2.01291 -1.99136 11.7584 3.58255 52.1954 -4.83832 -15.8878 212.596 -0.0806492 0.0147503 0.996633 
27378794 -3.96094 -16.1229 212.6 -0.0766225 0.0115287 0.996994 -3.59724 -19.4923 209.991 -0.0116722 0.00726099 0.999849 2.01147 -2.00228 11.8108 3.62967 52.151 -3.96094 -16.1229 212.6 -0.0766225 0.0115287 0.996994 
27466016 -3.04258 -16.3158 212.6 -0.0716977 0.00846147 0.997391 -2.70517 -19.611 209.984 -0.0118118 0.00628698 0.999869 2.00975 -2.01492 11.8489 3.67735 52.1176 -3.04258 -16.3158 212.6 -0.0716977 0.00846147 0.997391 
27553208 -2.03322 -16.437 212.603 -0.0669398 0.00581138 0.99774 -1.70374 -19.7306 209.976 -0.0117095 0.00518652 0.999889 2.00975 -2.02612 11.8791 3.72964 52.0906 -2.03322 -16.437 212.603 -0.0669398 0.00581138 0.99774 
27640775 -1.04905 -16.5099 212.597 -0.0623569 0.00329261 0.998048 -0.48246 -19.8507 209.967 -0.0112488 0.00371098 0.999791 2.00946 -2.03646 11.9013 3.78106 52.07 -1.04905 -16.5099 212.597 -0.0623569 0.00329261 0.998048 
27728788 -0.0324738 -16.5151 212.605 -0.0576182 0.0016736 0.998337 0.518735 -19.8564 209.957 -0.0109068 0.00236204 0.999813 2.00946 -2.04738 11.9442 3.83363 52.0367 -0.0324738 -16.5151 212.605 -0.0576182 0.0016736 0.998337 
27816196 0.938156 -16.4664 212.617 -0.0534026 0.000518176 0.998573 1.72908 -19.7622 209.942 -0.00883955 0.00183863 0.999924 2.00946 -2.05715 11.9918 3.88447 52.0033 0.938156 -16.4664 212.617 -0.0534026 0.000518176 0.998573 
27903134 1.93311 -16.3701 212.636 -0.0498487 -0.000363093 0.998757 2.8244 -19.6682 209.929 -0.00640305 0.00155029 0.999905 2.00917 -2.06576 12.0632 3.93819 51.9541 1.93311 -16.3701 212.636 -0.0498487 -0.000363093 0.998757 
27990370 2.81978 -16.2448 212.65 -0.0476049 -0.00136572 0.998865 4.02948 -19.3599 210.022 -0.00321675 0.00222489 0.99986 2.0086 -2.07151 12.1268 3.98818 51.9097 2.81978 -16.2448 212.65 -0.0476049 -0.00136572 0.998865 
28078717 3.71765 -16.0639 212.647 -0.0466245 -0.00243031 0.99891 5.12091 -19.1655 210.006 -0.000146876 0.0031481 0.999933 2.0086 -2.07438 12.2093 4.04132 51.8271 3.71765 -16.0639 212.647 -0.0466245 -0.00243031 0.99891 
28165796 4.56942 -15.8116 212.65 -0.0465794 -0.00364276 0.998908 6.22226 -18.862 209.989 0.00207183 0.00432852 0.999888 2.01032 -2.07438 12.2696 4.0939 51.7668 4.56942 -15.8116 212.65 -0.0465794 -0.00364276 0.998908 
28252991 5.38653 -15.5098 212.657 -0.0471238 -0.00548494 0.998874 7.46703 -18.4324 209.969 0.00108452 0.00373609 0.999909 2.01262 -2.07237 12.2982 4.14675 51.7398 5.38653 -15.5098 212.657 -0.0471238 -0.00548494 0.998874 
28340318 6.04681 -15.2423 212.668 -0.0469931 -0.00672785 0.998873 8.61312 -17.9772 209.949 -0.00129252 0.000603098 0.999871 2.01377 -2.07237 12.3331 4.18927 51.7144 6.04681 -15.2423 212.668 -0.0469931 -0.00672785 0.998873 
28428607 6.74231 -14.8962 212.689 -0.0460657 -0.00674474 0.998916 9.41387 -17.5339 209.933 -0.00253487 -0.000595038 0.999907 2.01607 -2.07467 12.395 4.23293 51.67 6.74231 -14.8962 212.689 -0.0460657 -0.00674474 0.998916 
28516484 7.45042 -14.4963 212.717 -0.0444603 -0.00664414 0.998989 10.2149 -17.2034 209.918 -0.00401912 -0.00166672 0.999943 2.01836 -2.0784 12.4268 4.27775 51.662 7.45042 -14.4963 212.717 -0.0444603 -0.00664414 0.998989 
28603030 8.22652 -13.9724 212.735 -0.041159 -0.00489873 0.999141 11.1441 -16.6407 210.011 -0.00674258 -0.00369482 0.999887 2.02181 -2.08673 12.4474 4.32544 51.6525 8.22652 -13.9724 212.735 -0.041159 -0.00489873 0.999141 
28690153 8.90101 -13.452 212.744 -0.0391902 -0.00395297 0.999224 11.9433 -16.0948 209.992 -0.00760127 -0.00392338 0.9999 2.02555 -2.09162 12.449 4.37082 51.6509 8.90101 -13.452 212.744 -0.0391902 -0.00395297 0.999224 
28778378 9.57084 -12.7807 212.826 -0.0354378 -0.000695431 0.999372 13.3622 -15.4198 209.632 -0.0152428 -0.0078177 0.999808 2.03273 -2.1011 12.395 4.41535 51.77 9.57084 -12.7807 212.826 -0.0354378 -0.000695431 0.999372 
28866179 10.1318 -12.1028 212.878 -0.0304452 0.00393959 0.999529 13.6996 -14.9528 210.178 -0.014053 -0.00954823 0.999829 2.04077 -2.11403 12.2839 4.45212 51.9128 10.1318 -12.1028 212.878 -0.0304452 0.00393959 0.999529 
28952894 10.8078 -11.2342 212.828 -0.0250268 0.00945954 0.999642 14.3875 -14.3867 210.161 -0.014948 -0.0117316 0.999758 2.04968 -2.12954 12.1553 4.50067 51.97 10.8078 -11.2342 212.828 -0.0250268 0.00945954 0.999642 
29040031 11.4198 -10.3289 212.748 -0.0189491 0.0151533 0.999706 15.0793 -13.6021 210.252 -0.0157078 -0.013185 0.999672 2.05887 -2.1462 11.9505 4.54807 52.0748 11.4198 -10.3289 212.748 -0.0189491 0.0151533 0.999706 
29128299 11.9902 -9.31967 212.642 -0.0126175 0.0210743 0.999698 15.8644 -12.9524 210.342 -0.0147149 -0.0123461 0.999768 2.06921 -2.16401 11.6442 4.59863 52.2478 11.9902 -9.31967 212.642 -0.0126175 0.0210743 0.999698 
29215590 12.4339 -8.2737 212.535 -0.00930779 0.0242403 0.999663 16.9673 -11.5038 210.296 0.00192099 0.00946045 0.999913 2.08156 -2.17205 11.279 4.65436 52.47 12.4339 -8.2737 212.535 -0.00930779 0.0242403 0.999663 
29302841 12.7423 -7.41025 212.437 -0.0120595 0.0183009 0.99976 17.5725 -10.1715 210.153 0.0115221 0.0206385 0.9996 2.08989 -2.15625 10.9345 4.72015 52.6812 12.7423 -7.41025 212.437 -0.0120595 0.0183009 0.99976 
29389935 12.9703 -6.70049 212.377 -0.0172886 0.00940984 0.999806 18.033 -9.07725 210.127 0.0121586 0.0220918 0.999566 2.09593 -2.13212 10.771 4.78507 52.759 12.9703 -6.70049 212.377 -0.0172886 0.00940984 0.999806 
29478048 13.204 -5.97865 212.363 -0.0222973 -4.24938e-005 0.999751 18.5255 -7.84806 209.987 0.00944957 0.0207982 0.999618 2.10081 -2.10799 10.7186 4.85344 52.7796 13.204 -5.97865 212.363 -0.0222973 -4.24938e-005 0.999751 
29565494 13.3902 -5.41879 212.365 -0.0253208 -0.00839487 0.999644 18.8061 -6.61172 209.96 0.00563991 0.0194025 0.999684 2.1034 -2.08875 10.7012 4.90888 52.7891 13.3902 -5.41879 212.365 -0.0253208 -0.00839487 0.999644 
29652704 13.5812 -4.86072 212.362 -0.0269895 -0.01651 0.999499 19.0796 -5.70909 210.052 0.00207653 0.0181244 0.999745 2.10455 -2.07208 10.6821 4.96375 52.7971 13.5812 -4.86072 212.362 -0.0269895 -0.01651 0.999499 
29739944 13.7865 -4.25668 212.346 -0.0269645 -0.0239409 0.99935 19.3571 -4.45907 210.025 -0.00139329 0.0152578 0.999835 2.10483 -2.05801 10.6535 5.02034 52.8066 13.7865 -4.25668 212.346 -0.0269645 -0.0239409 0.99935 
29828079 13.9626 -3.69522 212.348 -0.026123 -0.0297931 0.999215 19.5022 -3.5449 210.007 -0.0032712 0.012726 0.999781 2.10455 -2.04795 10.6218 5.07033 52.8352 13.9626 -3.69522 212.348 -0.026123 -0.0297931 0.999215 
29915351 14.1054 -3.04914 212.351 -0.0243542 -0.0343205 0.999114 19.6494 -2.51121 209.986 -0.00516321 0.00934248 0.999865 2.10512 -2.0402 10.5726 5.12261 52.8844 14.1054 -3.04914 212.351 -0.0243542 -0.0343205 0.999114 
30003056 14.2304 -2.36137 212.354 -0.0218381 -0.0367411 0.999086 19.6747 -1.67469 209.97 -0.00637019 0.0033807 0.999869 2.10541 -2.03704 10.5027 5.17346 52.9542 14.2304 -2.36137 212.354 -0.0218381 -0.0367411 0.999086 
30089853 14.3326 -1.56713 212.357 -0.0189251 -0.0369757 0.999137 19.8065 -0.738707 209.952 -0.00682519 -0.00149611 0.999846 2.10541 -2.03876 10.4265 5.22718 53.0304 14.3326 -1.56713 212.357 -0.0189251 -0.0369757 0.999137 
30177266 14.3807 -0.727426 212.368 -0.0159166 -0.034919 0.999263 19.7083 0.199161 209.935 -0.0065423 -0.0061398 0.999932 2.10598 -2.04451 10.3265 5.27946 53.1416 14.3807 -0.727426 212.368 -0.0159166 -0.034919 0.999263 
30265252 14.4111 0.227872 212.376 -0.0132293 -0.031319 0.999422 19.7189 1.2307 210.028 -0.00561538 -0.00884447 0.999852 2.10455 -2.05513 10.2599 5.3372 53.2178 14.4111 0.227872 212.376 -0.0132293 -0.031319 0.999422 
30352435 14.4192 1.16293 212.371 -0.0103686 -0.026705 0.99959 19.4491 2.07259 210.017 -0.0110952 -0.0147311 0.999777 2.1011 -2.06835 10.1725 5.39265 53.3051 14.4192 1.16293 212.371 -0.0103686 -0.026705 0.99959 
30439728 14.4065 2.22606 212.359 -0.00599886 -0.0195836 0.99979 19.219 3.0836 210 -0.00841456 -0.0150239 0.999755 2.09449 -2.08702 9.97569 5.45383 53.5019 14.4065 2.22606 212.359 -0.00599886 -0.0195836 0.99979 
30526983 14.3682 3.20485 212.352 -0.0030894 -0.0134777 0.999904 19.0015 4.28922 209.978 -0.00665431 -0.0122459 0.999806 2.08645 -2.10426 9.8725 5.51158 53.6146 14.3682 3.20485 212.352 -0.0030894 -0.0134777 0.999904 
30615095 14.3046 4.1986 212.358 -0.000447745 -0.00881811 0.999961 18.7842 5.38765 210.069 -0.00502049 -0.00970973 0.999863 2.07639 -2.11862 9.82646 5.57391 53.6908 14.3046 4.1986 212.358 -0.000447745 -0.00881811 0.999961 
30702251 14.1585 5.0652 212.346 0.00180355 -0.00564107 0.999982 18.4634 6.48922 210.052 -0.00437084 -0.00752431 0.999814 2.06921 -2.12753 9.75185 5.63051 53.7686 14.1585 5.0652 212.346 0.00180355 -0.00564107 0.999982 
30789671 13.9526 5.98855 212.327 0.00383328 -0.0028202 0.999989 18.1462 7.47681 210.035 -0.00432579 -0.00508141 0.999889 2.06117 -2.13557 9.70581 5.69256 53.8147 13.9526 5.98855 212.327 0.00383328 -0.0028202 0.999989 
30878095 13.7238 6.79685 212.316 0.00597837 -0.00185516 0.99998 17.6095 8.4809 210.021 -0.0046722 -0.00397652 0.999871 2.05399 -2.13844 9.68518 5.75087 53.8417 13.7238 6.79685 212.316 0.00597837 -0.00185516 0.99998 
30964986 13.3959 7.64425 212.312 0.00781104 -0.000759943 0.999969 17.1819 9.59803 210.004 -0.00453701 -0.00324656 0.999856 2.04795 -2.14074 9.65977 5.81292 53.8766 13.3959 7.64425 212.312 0.00781104 -0.000759943 0.999969 
31052601 13.0296 8.36027 212.319 0.00993957 -0.000427193 0.999951 16.6475 10.6066 209.99 -0.00513628 -0.00262535 0.99985 2.04451 -2.13931 9.5931 5.86894 53.9559 13.0296 8.36027 212.319 0.00993957 -0.000427193 0.999951 
31139387 12.624 9.09658 212.326 0.0126559 -0.000119121 0.99992 15.9982 11.4977 209.978 -0.00559693 -0.00114982 0.999949 2.03991 -2.13701 9.52643 5.92869 54.0369 12.624 9.09658 212.326 0.0126559 -0.000119121 0.99992 
31226876 12.2226 9.7374 212.325 0.0152861 -0.000399953 0.999883 15.3466 12.5094 210.077 -0.00546174 -0.000419869 0.999933 2.03617 -2.13299 9.49309 5.98356 54.075 12.2226 9.7374 212.325 0.0152861 -0.000399953 0.999883 
31314877 11.7576 10.3819 212.309 0.0179427 -0.000562265 0.999839 14.6888 13.305 210.068 -0.00522204 -0.000668353 0.999936 2.03301 -2.12839 9.46292 6.04073 54.0941 11.7576 10.3819 212.309 0.0179427 -0.000562265 0.999839 
31402157 11.2718 10.9669 212.295 0.0200508 -0.000164928 0.999799 13.9228 14.1036 210.061 -0.00535065 -0.00103222 0.999944 2.03072 -2.12494 9.428 6.09387 54.1179 11.2718 10.9669 212.295 0.0200508 -0.000164928 0.999799 
31490361 10.7435 11.5303 212.277 0.0222912 5.6259e-005 0.999752 13.1514 14.7907 210.055 -0.00511314 -0.00140273 0.999949 2.02899 -2.12035 9.4026 6.14817 54.1274 10.7435 11.5303 212.277 0.0222912 5.6259e-005 0.999752 
31576574 10.1634 12.11 212.258 0.0244945 0.000773532 0.9997 12.2674 15.4821 210.051 -0.00475796 -0.00201951 0.999957 2.02641 -2.11661 9.38672 6.20533 54.129 10.1634 12.11 212.258 0.0244945 0.000773532 0.9997 
31664813 9.54666 12.6515 212.24 0.0265093 0.00169534 0.999647 11.3821 16.1702 210.047 -0.00427416 -0.00227243 0.999957 2.0244 -2.11288 9.36926 6.26193 54.1306 9.54666 12.6515 212.24 0.0265093 0.00169534 0.999647 
31752053 8.93882 13.1416 212.218 0.0282842 0.0029836 0.999595 10.4903 16.7457 209.933 -0.00342642 -0.00265401 0.999955 2.0221 -2.11 9.35021 0.0321743 54.1322 8.93882 13.1416 212.218 0.0282842 0.0029836 0.999595 
31839457 8.25002 13.6192 212.225 0.0295408 0.0043312 0.999554 9.6011 17.2128 209.933 -0.00294701 -0.00315098 0.99996 2.02066 -2.10742 9.34545 0.0881921 54.1465 8.25002 13.6192 212.225 0.0295408 0.0043312 0.999554 
31926389 7.5497 14.0538 212.244 0.0304759 0.0057528 0.999519 8.60447 17.789 209.932 -0.00270292 -0.00315541 0.999958 2.01923 -2.10541 9.3518 0.142774 54.1623 7.5497 14.0538 212.244 0.0304759 0.0057528 0.999519 
32014631 6.81309 14.4481 212.262 0.031514 0.00712803 0.999478 7.6093 18.2591 210.045 -0.00270949 -0.00352149 0.999965 2.01836 -2.10253 9.35656 0.198217 54.1766 6.81309 14.4481 212.262 0.031514 0.00712803 0.999478 
32101907 6.10809 14.7867 212.257 0.0325127 0.00873836 0.999433 6.61323 18.6132 210.05 -0.00295701 -0.00364143 0.999848 2.01722 -2.09995 9.35021 0.250213 54.1798 6.10809 14.7867 212.257 0.0325127 0.00873836 0.999433 
32189583 5.36654 15.0828 212.247 0.0337703 0.010284 0.999377 5.50327 18.9682 210.054 -0.00295701 -0.00364143 0.999848 2.01693 -2.09593 9.3391 0.303645 54.1798 5.36654 15.0828 212.247 0.0337703 0.010284 0.999377 
32276265 4.65647 15.3396 212.237 0.0351376 0.012032 0.99931 4.5004 19.3214 209.946 -0.00259526 -0.00389213 0.999849 2.01607 -2.09191 9.32799 0.354779 54.1814 4.65647 15.3396 212.237 0.0351376 0.012032 0.99931 
32364530 3.88255 15.5306 212.249 0.0360315 0.0136491 0.999257 3.38394 19.5671 209.952 -0.00211146 -0.00414504 0.999849 2.0175 -2.08731 9.301 0.407063 54.2147 3.88255 15.5306 212.249 0.0360315 0.0136491 0.999257 
32451766 3.12676 15.6579 212.26 0.0365381 0.0153763 0.999214 2.46897 19.8024 209.956 0.00070556 -0.00370551 0.999934 2.0198 -2.083 9.2502 0.456473 54.2671 3.12676 15.6579 212.26 0.0365381 0.0153763 0.999214 
32538996 2.28818 15.747 212.272 0.0358136 0.0169361 0.999215 1.44379 19.9269 209.964 0.0031574 -0.00313966 0.999898 2.02267 -2.08099 9.21686 0.508469 54.3036 2.28818 15.747 212.272 0.0358136 0.0169361 0.999215 
32626334 1.47103 15.7716 212.282 0.0344153 0.0179922 0.999246 0.319504 20.0533 209.973 0.00426675 -0.00254945 0.999875 2.02641 -2.08013 9.19305 0.557305 54.3274 1.47103 15.7716 212.282 0.0344153 0.0179922 0.999246 
32713856 0.641073 15.7126 212.298 0.0325076 0.0187826 0.999295 -0.698615 20.0649 209.983 0.00574443 -0.00184385 0.999847 2.03215 -2.07927 9.13431 0.605279 54.3862 0.641073 15.7126 212.298 0.0325076 0.0187826 0.999295 
32801668 -0.271115 15.5902 212.315 0.0296617 0.0191399 0.999377 -1.72223 19.9605 209.994 0.00759824 -0.000654444 0.999927 2.03876 -2.08013 9.08034 0.656988 54.4401 -0.271115 15.5902 212.315 0.0296617 0.0191399 0.999377 
32888891 -1.17377 15.4236 212.326 0.0261869 0.0192025 0.999473 -2.73897 19.8594 210.007 0.00871198 0.000179822 0.9999 2.04479 -2.083 9.02954 0.707835 54.4862 -1.17377 15.4236 212.326 0.0261869 0.0192025 0.999473 
32976140 -2.14105 15.2208 212.327 0.0218879 0.0189604 0.999581 -3.75059 19.5372 210.023 0.00884497 0.000787746 0.999887 2.04939 -2.08875 9.00096 0.762704 54.5052 -2.14105 15.2208 212.327 0.0218879 0.0189604 0.999581 
33063621 -3.04229 15.0078 212.317 0.0178668 0.018735 0.999665 -4.86839 19.3297 210.039 0.00860965 0.00128029 0.99988 2.05197 -2.09507 8.98191 0.815274 54.51 -3.04229 15.0078 212.317 0.0178668 0.018735 0.999665 
33151577 -3.99606 14.7507 212.298 0.0134768 0.0184908 0.999738 -5.87423 19.0131 210.055 0.00812147 0.00128914 0.999885 2.05312 -2.10282 8.96128 0.872154 54.51 -3.99606 14.7507 212.298 0.0134768 0.0184908 0.999738 
33238992 -4.8676 14.4629 212.294 0.00966314 0.0179307 0.999793 -6.9937 18.5836 209.963 0.00751344 0.00142224 0.999888 2.05399 -2.10972 8.95016 0.925586 54.5163 -4.8676 14.4629 212.294 0.00966314 0.0179307 0.999793 
33326029 -5.7599 14.1095 212.297 0.005976 0.0169412 0.999839 -7.99932 18.1531 209.981 0.00678555 0.00167958 0.999891 2.05485 -2.11661 8.95016 0.981891 54.5195 -5.7599 14.1095 212.297 0.005976 0.0169412 0.999839 
33413274 -6.57791 13.7613 212.293 0.00280218 0.0162996 0.999863 -9.00716 17.725 210 0.00629738 0.00168844 0.999895 2.05399 -2.12293 8.94858 1.03561 54.5211 -6.57791 13.7613 212.293 0.00280218 0.0162996 0.999863 
33501519 -7.41038 13.3407 212.289 -0.000337162 0.0152828 0.999883 -9.90653 17.1843 210.019 0.00592905 0.00157305 0.999901 2.05341 -2.12925 8.94699 1.09192 54.5227 -7.41038 13.3407 212.289 -0.000337162 0.0152828 0.999883 
33588789 -8.18465 12.8901 212.286 -0.00307831 0.0142401 0.999894 -10.9174 16.6514 210.04 0.00554978 0.00084753 0.999919 2.05284 -2.13471 8.93905 1.1465 54.5306 -8.18465 12.8901 212.286 -0.00307831 0.0142401 0.999894 
33675968 -8.9564 12.3464 212.279 -0.00557201 0.013378 0.999895 -11.8105 16.0149 210.062 0.00429523 -0.000963088 0.999845 2.05341 -2.13844 8.88508 1.20453 54.5751 -8.9564 12.3464 212.279 -0.00557201 0.013378 0.999895 
33763171 -9.66022 11.7859 212.275 -0.00739301 0.0134533 0.999882 -12.7963 15.1672 209.977 0.0004549 -0.00406717 0.999943 2.0537 -2.13931 8.793 1.26227 54.6592 -9.66022 11.7859 212.275 -0.00739301 0.0134533 0.999882 
33851482 -10.2749 11.2386 212.281 -0.00708166 0.0152057 0.999859 -13.7822 14.3205 210.004 -0.00326244 -0.00705378 0.999916 2.05399 -2.13327 8.71521 1.32087 54.737 -10.2749 11.2386 212.281 -0.00708166 0.0152057 0.999859 
33938893 -10.7929 10.7542 212.28 -0.00574342 0.0183219 0.999816 -14.6737 13.4597 210.031 -0.00512501 -0.0087313 0.999845 2.05341 -2.12351 8.65965 1.37603 54.7878 -10.7929 10.7542 212.28 -0.00574342 0.0183219 0.999816 
34025794 -11.2458 10.254 212.266 -0.00326474 0.022781 0.999735 -15.4673 12.5858 209.944 -0.00562633 -0.00945461 0.999864 2.05456 -2.10828 8.60885 1.43204 54.8148 -11.2458 10.254 212.266 -0.00326474 0.022781 0.999735 
34113070 -11.66 9.76267 212.274 -0.00120853 0.0270209 0.999634 -16.0402 11.7021 209.967 -0.00574619 -0.00933037 0.999863 2.05571 -2.0942 8.59139 1.48519 54.8322 -11.66 9.76267 212.274 -0.00120853 0.0270209 0.999634 
34200405 -12.0457 9.25305 212.282 0.0013909 0.0326084 0.999467 -16.6199 10.8208 209.99 -0.00513816 -0.00946347 0.999859 2.05772 -2.07611 8.59139 1.54092 54.8322 -12.0457 9.25305 212.282 0.0013909 0.0326084 0.999467 
34288939 -12.3998 8.74193 212.289 0.00283633 0.0374188 0.999296 -17.203 9.9407 210.013 -0.00416618 -0.00972523 0.999855 2.05973 -2.06117 8.59297 1.59292 54.8307 -12.3998 8.74193 212.289 0.00283633 0.0374188 0.999296 
34375666 -12.746 8.19276 212.284 0.00424392 0.043144 0.99906 -17.6776 8.93918 209.925 -0.00318326 -0.00937686 0.999838 2.06203 -2.04422 8.6025 1.64836 54.8068 -12.746 8.19276 212.284 0.00424392 0.043144 0.99906 
34462995 -13.0647 7.65852 212.288 0.00489371 0.0483541 0.998818 -18.1477 7.94428 209.949 -0.00257523 -0.00950996 0.999834 2.06404 -2.02928 8.63901 1.70064 54.7703 -13.0647 7.65852 212.288 0.00489371 0.0483541 0.998818 
34551166 -13.3688 7.06158 212.292 0.0053638 0.0534829 0.998554 -18.5108 6.94403 209.972 -0.00147244 -0.00928584 0.999819 2.0672 -2.01406 8.7041 1.75551 54.7052 -13.3688 7.06158 212.292 0.0053638 0.0534829 0.998554 
34638391 -13.6313 6.47552 212.305 0.00515536 0.0578769 0.99831 -18.8704 5.94723 209.883 -0.000868795 -0.00966299 0.99982 2.07036 -2.00113 8.76443 1.80665 54.6544 -13.6313 6.47552 212.305 0.00515536 0.0578769 0.99831 
34725684 -13.8814 5.81423 212.333 0.00465668 0.0622758 0.998048 -19.2346 4.94811 209.905 0.000355079 -0.00956076 0.999928 2.07438 -1.98791 8.84698 1.8618 54.5973 -13.8814 5.81423 212.333 0.00465668 0.0622758 0.998048 
34812790 -14.0519 5.16348 212.367 0.0040759 0.0663323 0.997789 -19.4869 3.83537 209.929 0.00133362 -0.00945645 0.999916 2.07927 -1.97556 8.90413 1.91351 54.564 -14.0519 5.16348 212.367 0.0040759 0.0663323 0.997789 
34901078 -14.2136 4.46589 212.386 0.00252987 0.0703869 0.997517 -19.6311 2.71623 209.84 0.00256064 -0.0091125 0.999897 2.08472 -1.96263 8.95493 1.96809 54.5259 -14.2136 4.46589 212.386 0.00252987 0.0703869 0.997517 
34988262 -14.3612 3.81543 212.433 0.000612759 0.0740052 0.997258 -19.6595 1.70423 209.86 0.00367437 -0.00827824 0.999869 2.08846 -1.952 9.02954 2.01923 54.4973 -14.3612 3.81543 212.433 0.000612759 0.0740052 0.997258 
35075530 -14.4932 3.10712 212.484 -0.00157874 0.0762847 0.997085 -19.687 0.741354 209.876 0.00491108 -0.00072776 0.999956 2.09162 -1.94511 9.12479 2.07151 54.4528 -14.4932 3.10712 212.484 -0.00157874 0.0762847 0.997085 
35162826 -14.6038 2.35529 212.517 -0.00439019 0.0756117 0.997128 -19.7055 -0.287852 209.896 0.00495927 0.00195685 0.999904 2.09305 -1.94597 9.17083 2.12121 54.4385 -14.6038 2.35529 212.517 -0.00439019 0.0756117 0.997128 
35250328 -14.665 1.58139 212.55 -0.00686838 0.0746565 0.997186 -19.7236 -1.29993 209.804 0.00484818 0.0025692 0.999893 2.09507 -1.94712 9.22798 2.17148 54.4132 -14.665 1.58139 212.55 -0.00686838 0.0746565 0.997186 
35338222 -14.6777 0.735256 212.627 -0.00911725 0.0734959 0.997254 -19.5151 -2.31168 209.821 0.00448862 0.00294193 0.99989 2.09765 -1.94856 9.30894 2.22606 54.4068 -14.6777 0.735256 212.627 -0.00911725 0.0734959 0.997254 
35425431 -14.6544 -0.171367 212.708 -0.0109983 0.0703154 0.997464 -19.4081 -3.26449 209.837 0.0032591 0.00919204 0.999904 2.0988 -1.95574 9.39466 2.28122 54.4004 -14.6544 -0.171367 212.708 -0.0109983 0.0703154 0.997464 
35512639 -14.5755 -1.00155 212.763 -0.0123588 0.0665608 0.997706 -19.2944 -4.22205 209.966 0.00143125 0.016183 0.999789 2.09995 -1.96407 9.44705 2.33034 54.4004 -14.5755 -1.00155 212.763 -0.0123588 0.0665608 0.997706 
35600293 -14.3977 -1.94321 212.77 -0.0125845 0.0592811 0.998162 -19.0731 -5.03123 209.98 0.000134771 0.01877 0.999752 2.10167 -1.98044 9.44705 2.38033 54.4004 -14.3977 -1.94321 212.77 -0.0125845 0.0592811 0.998162 
35688028 -14.1544 -2.98542 212.775 -0.0124161 0.0511278 0.998615 -18.745 -6.03948 209.996 -0.00109005 0.0185481 0.999769 2.10253 -1.9994 9.44705 2.43663 54.4004 -14.1544 -2.98542 212.775 -0.0124161 0.0511278 0.998615 
35775479 -13.8782 -3.97313 212.777 -0.0118325 0.043178 0.998997 -18.4191 -7.04758 209.9 -0.00219722 0.0180799 0.999789 2.10253 -2.01808 9.45181 2.49092 54.4004 -13.8782 -3.97313 212.777 -0.0118325 0.043178 0.998997 
35862569 -13.5291 -4.98273 212.814 -0.0102601 0.0355922 0.999314 -17.9838 -8.05437 209.915 -0.00294044 0.017483 0.999808 2.10282 -2.03675 9.48674 2.5478 54.4036 -13.5291 -4.98273 212.814 -0.0102601 0.0355922 0.999314 
35950005 -13.1215 -5.9437 212.846 -0.00814615 0.0285754 0.999558 -17.5454 -8.95081 210.041 -0.00367832 0.0172499 0.999698 2.10253 -2.05513 9.51849 2.60411 54.4068 -13.1215 -5.9437 212.846 -0.00814615 0.0285754 0.999558 
36038121 -12.654 -6.93197 212.838 -0.00612711 0.021171 0.999757 -17.0073 -10.0665 210.057 -0.00369804 0.0161517 0.999719 2.10081 -2.07438 9.51849 2.66415 54.4068 -12.654 -6.93197 212.838 -0.00612711 0.021171 0.999757 
36125704 -12.1769 -7.80807 212.828 -0.00390626 0.0148269 0.999882 -16.455 -10.965 210.068 -0.0048052 0.0156835 0.999739 2.09851 -2.09191 9.51055 2.71959 54.4116 -12.1769 -7.80807 212.828 -0.00390626 0.0148269 0.999882 
36212420 -11.6123 -8.65493 212.831 -0.00103814 0.00862576 0.999962 -15.793 -11.9701 209.969 -0.00605193 0.0142413 0.99978 2.09736 -2.10914 9.47404 2.77561 54.456 -11.6123 -8.65493 212.831 -0.00103814 0.00862576 0.999962 
36299951 -11.0257 -9.42274 212.835 0.00191234 0.00292942 0.999994 -15.1303 -12.8672 210.091 -0.0069172 0.0136467 0.9998 2.09621 -2.12523 9.41371 2.82904 54.5243 -11.0257 -9.42274 212.835 0.00191234 0.00292942 0.999994 
36387956 -10.3225 -10.1855 212.817 0.00587262 -0.00249934 0.99998 -14.464 -13.7598 210.102 -0.00828378 0.0123287 0.999839 2.0965 -2.1416 9.34704 2.88592 54.5751 -10.3225 -10.1855 212.817 0.00587262 -0.00249934 0.99998 
36475119 -9.60057 -10.835 212.794 0.0101571 -0.00689547 0.999925 -13.7877 -14.5363 210.111 -0.0105147 0.0105358 0.999774 2.09823 -2.15597 9.2756 2.93878 54.6227 -9.60057 -10.835 212.794 0.0101571 -0.00689547 0.999925 
36562268 -8.74777 -11.4706 212.749 0.0156682 -0.0110625 0.999816 -13.1135 -15.3049 210.119 -0.0125156 0.00788663 0.999845 2.10167 -2.17148 9.19464 2.99566 54.6544 -8.74777 -11.4706 212.749 0.0156682 -0.0110625 0.999816 
36649774 -7.91266 -12.0391 212.701 0.020984 -0.0143413 0.999677 -12.2246 -15.9782 210.124 -0.0133952 0.00655748 0.999758 2.10368 -2.18613 9.1359 3.05139 54.664 -7.91266 -12.0391 212.701 0.020984 -0.0143413 0.999677 
36736934 -7.00125 -12.5724 212.65 0.0271989 -0.0172879 0.999481 -11.232 -16.6557 210.127 -0.0134149 0.00545923 0.999779 2.10598 -2.20222 9.08192 3.10913 54.6671 -7.00125 -12.5724 212.65 0.0271989 -0.0172879 0.999481 
36825540 -6.14167 -13.0146 212.601 0.0328424 -0.0194152 0.999272 -10.2676 -17.3191 210.13 -0.0104098 0.00284129 0.999799 2.10742 -2.21658 9.02954 3.16314 54.6719 -6.14167 -13.0146 212.601 0.0328424 -0.0194152 0.999272 
36912301 -5.23893 -13.4101 212.548 0.0368382 -0.0199499 0.999122 -9.10511 -17.8654 210.127 -0.00449196 -0.000803666 0.999931 2.10799 -2.22577 8.96286 3.22346 54.6862 -5.23893 -13.4101 212.548 0.0368382 -0.0199499 0.999122 
36999484 -4.45844 -13.6997 212.501 0.0388388 -0.0192803 0.999059 -8.01824 -18.434 210.015 -0.00256116 -0.00205937 0.999935 2.10771 -2.22951 8.90571 3.27833 54.6957 -4.45844 -13.6997 212.501 0.0388388 -0.0192803 0.999059 
37086937 -3.68287 -13.9477 212.491 0.0405503 -0.0183684 0.999009 -6.92259 -18.888 210.125 -0.00111634 -0.00318419 0.999942 2.10684 -2.23267 8.8565 3.33291 54.737 -3.68287 -13.9477 212.491 0.0405503 -0.0183684 0.999009 
37175083 -2.86941 -14.1377 212.455 0.0406091 -0.0166071 0.999037 -5.77414 -19.3359 210.01 0.00640878 -0.00564 0.999913 2.10627 -2.23094 8.78189 3.39238 54.7735 -2.86941 -14.1377 212.455 0.0406091 -0.0166071 0.999037 
37262203 -2.09406 -14.2565 212.427 0.0386973 -0.0140199 0.999153 -4.41292 -19.6683 210.115 0.0155127 -0.00849302 0.999753 2.10598 -2.22376 8.7168 3.45242 54.8053 -2.09406 -14.2565 212.427 0.0386973 -0.0140199 0.999153 
37349423 -1.52198 -14.2626 212.428 0.0305097 -0.00939334 0.99949 -3.22683 -19.9163 209.996 0.0194203 -0.00844184 0.999712 2.10684 -2.19963 8.69299 3.51045 54.8164 -1.52198 -14.2626 212.428 0.0305097 -0.00939334 0.99949 
37436908 -0.980381 -14.2509 212.433 0.0222387 -0.00579734 0.999736 -2.01274 -20.0568 209.987 0.0206539 -0.00773182 0.999686 2.10799 -2.17636 8.68505 3.56618 54.818 -0.980381 -14.2509 212.433 0.0222387 -0.00579734 0.999736 
37524984 -0.448198 -14.225 212.44 0.0127059 -0.00314641 0.999914 -0.899195 -20.0861 209.976 0.0209155 -0.00676002 0.999665 2.10914 -2.1508 8.68029 3.62392 54.818 -0.448198 -14.225 212.44 0.0127059 -0.00314641 0.999914 
37612186 0.065712 -14.1795 212.452 0.00277014 -0.00158847 0.999995 0.216555 -20.1188 209.965 0.0209396 -0.00541772 0.999639 2.11087 -2.12465 8.68029 3.68109 54.818 0.065712 -14.1795 212.452 0.00277014 -0.00158847 0.999995 
37699398 0.539884 -14.0897 212.441 -0.00649937 -0.000720715 0.999979 1.3411 -20.0379 210.063 0.0203547 -0.004062 0.999741 2.1146 -2.09966 8.68346 3.73337 54.791 0.539884 -14.0897 212.441 -0.00649937 -0.000720715 0.999979 
37786961 1.00334 -14.0077 212.425 -0.0157985 -0.000410837 0.999875 2.46313 -19.8497 209.936 0.0200127 -0.00271305 0.999719 2.11776 -2.07553 8.74696 3.78565 54.7037 1.00334 -14.0077 212.425 -0.0157985 -0.000410837 0.999875 
37874807 1.50703 -13.9091 212.429 -0.0254988 -0.000806664 0.999675 3.47913 -19.6631 209.922 0.0191934 -0.000745109 0.999689 2.12063 -2.0514 8.85174 3.84225 54.5989 1.50703 -13.9091 212.429 -0.0254988 -0.000806664 0.999675 
37961988 2.02878 -13.8506 212.437 -0.0340858 -0.00199827 0.999417 4.391 -19.2479 209.904 0.0180027 0.000865737 0.999792 2.12149 -2.03158 9.01842 3.89798 54.4417 2.02878 -13.8506 212.437 -0.0340858 -0.00199827 0.999417 
38049300 2.65178 -13.8095 212.46 -0.0415153 -0.00452771 0.999128 5.4133 -18.8392 209.774 0.0168151 0.00271829 0.999769 2.12006 -2.01549 9.22004 3.95917 54.2735 2.65178 -13.8095 212.46 -0.0415153 -0.00452771 0.999128 
38137188 3.22007 -13.795 212.565 -0.0481748 -0.00674971 0.998816 6.50169 -18.4169 209.643 0.00852046 0.00311292 0.999845 2.11661 -2.00371 9.50579 4.01375 54.1068 3.22007 -13.795 212.565 -0.0481748 -0.00674971 0.998816 
38224613 3.88437 -13.7566 212.711 -0.0481542 -0.00728461 0.998813 6.94029 -18.1222 209.748 -0.0140884 -0.00478459 0.99986 2.11087 -2.00917 9.7709 4.06057 54.0068 3.88437 -13.7566 212.711 -0.0481542 -0.00728461 0.998813 
38312211 4.72721 -13.6239 212.782 -0.0402293 -0.00461982 0.99918 7.47668 -17.9863 209.855 -0.0234288 -0.00804012 0.999652 2.10455 -2.03388 9.99315 4.1028 53.8797 4.72721 -13.6239 212.782 -0.0402293 -0.00461982 0.99918 
38399127 5.76503 -13.3352 212.826 -0.0294598 -0.00118171 0.999565 8.27172 -17.6694 209.953 -0.0241501 -0.00741669 0.999647 2.09794 -2.06548 10.1106 4.15451 53.8258 5.76503 -13.3352 212.826 -0.0294598 -0.00118171 0.999565 
38486281 6.80189 -12.9551 212.837 -0.0194989 0.00183221 0.999808 9.26345 -17.2534 209.935 -0.0219292 -0.00611424 0.999599 2.09219 -2.09363 10.1582 4.20995 53.8099 6.80189 -12.9551 212.837 -0.0194989 0.00183221 0.999808 
38574659 7.83265 -12.4691 212.85 -0.0106658 0.00542843 0.999928 10.255 -16.7191 210.025 -0.0193497 -0.0053042 0.99968 2.08731 -2.11977 10.1884 4.26884 53.8099 7.83265 -12.4691 212.85 -0.0106658 0.00542843 0.999928 
38661880 8.74698 -11.9791 212.842 -0.00351071 0.00802225 0.999962 11.2465 -16.1881 210.003 -0.0168901 -0.00436992 0.999759 2.08185 -2.14103 10.1662 4.32515 53.8417 8.74698 -11.9791 212.842 -0.00351071 0.00802225 0.999962 
38748969 9.66409 -11.3603 212.844 0.00335897 0.0111524 0.999932 12.2497 -15.6414 209.983 -0.0156828 -0.00512423 0.999761 2.07783 -2.16142 10.0979 4.38547 53.9258 9.66409 -11.3603 212.844 0.00335897 0.0111524 0.999932 
38836428 10.464 -10.6917 212.842 0.00892763 0.0144841 0.999855 13.1447 -15.0871 210.075 -0.0147261 -0.00624019 0.999773 2.07582 -2.17837 10.0058 4.44264 54.0242 10.464 -10.6917 212.842 0.00892763 0.0144841 0.999855 
38924471 11.2216 -9.91386 212.831 0.0142244 0.0182605 0.999732 14.0449 -14.3109 210.162 -0.0138893 -0.00723192 0.999783 2.07553 -2.19446 9.85821 4.50182 54.1623 11.2216 -9.91386 212.831 0.0142244 0.0182605 0.999732 
39011749 11.8681 -9.14163 212.788 0.0192598 0.0219274 0.999574 14.937 -13.539 210.25 -0.0121895 -0.00775103 0.999776 2.07553 -2.2094 9.66454 4.5564 54.3131 11.8681 -9.14163 212.788 0.0192598 0.0219274 0.999574 
39098886 12.4513 -8.28235 212.686 0.0231268 0.0256746 0.999403 15.7891 -12.7185 210.335 -0.00597088 -0.00151161 0.999837 2.07725 -2.22146 9.44864 4.61386 54.4211 12.4513 -8.28235 212.686 0.0231268 0.0256746 0.999403 
39186148 12.831 -7.51139 212.562 0.0224708 0.0238709 0.999462 16.8865 -11.2617 210.292 0.0112561 0.0194227 0.999627 2.08013 -2.21457 9.15495 4.67303 54.5703 12.831 -7.51139 212.562 0.0224708 0.0238709 0.999462 
39273401 13.0596 -6.8734 212.487 0.0160118 0.0135988 0.999779 17.6084 -10.0261 210.15 0.0200922 0.0287836 0.999357 2.08243 -2.18153 8.88825 4.74198 54.7322 13.0596 -6.8734 212.487 0.0160118 0.0135988 0.999779 
39361974 13.1817 -6.38654 212.465 0.00787819 0.00133136 0.999968 18.302 -8.70364 210.007 0.0199733 0.0290276 0.999231 2.08645 -2.14189 8.81046 4.8046 54.7608 13.1817 -6.38654 212.465 0.00787819 0.00133136 0.999968 
39448665 13.2806 -5.99509 212.463 0.00107963 -0.0117697 0.99993 18.6855 -7.574 209.98 0.016884 0.0268888 0.999426 2.09018 -2.10282 8.79459 4.86206 54.7545 13.2806 -5.99509 212.463 0.00107963 -0.0117697 0.99993 
39535919 13.3879 -5.62948 212.469 -0.00376501 -0.0230572 0.999727 18.8403 -6.56203 209.959 0.0141793 0.0258392 0.999474 2.09363 -2.07065 8.84063 4.91348 54.7037 13.3879 -5.62948 212.469 -0.00376501 -0.0230572 0.999727 
39623256 13.5418 -5.22505 212.474 -0.00779227 -0.034621 0.99937 19.1065 -5.56456 209.937 0.0114987 0.026132 0.999495 2.09593 -2.0402 8.96763 4.96892 54.5767 13.5418 -5.22505 212.474 -0.00779227 -0.034621 0.99937 
39711465 13.6981 -4.84419 212.472 -0.0105884 -0.04555 0.998906 19.155 -4.44472 209.915 0.0084388 0.0256992 0.999535 2.09736 -2.01319 9.15971 5.02121 54.3877 13.6981 -4.84419 212.472 -0.0105884 -0.04555 0.998906 
39798527 13.9356 -4.45185 212.507 -0.0121545 -0.055385 0.998391 19.2199 -3.5498 209.786 0.00284321 0.0132278 0.999831 2.09535 -1.9928 9.41848 5.07263 54.175 13.9356 -4.45185 212.507 -0.0121545 -0.055385 0.998391 
39886868 14.1886 -3.953 212.601 -0.0118641 -0.0584083 0.998222 19.2621 -2.84701 209.662 -0.000739256 -0.00258069 0.999927 2.09191 -1.98964 9.66295 5.11658 54.0401 14.1886 -3.953 212.601 -0.0118641 -0.0584083 0.998222 
39973047 14.4592 -3.22742 212.734 -0.0105077 -0.0542172 0.998474 19.4004 -2.24868 209.766 -0.00262434 -0.018913 0.999771 2.0876 -2.00371 9.8725 5.16024 53.9798 14.4592 -3.22742 212.734 -0.0105077 -0.0542172 0.998474 
