3.13987 3.13987 43.1132 0.00172362 -0.0127 -20.7728 3.90415 185.525 -0.701963 -0.000359944 0.712081 -20.2953 6.0837 189.564 -0.658629 0.113332 0.743884 
3.13987 3.13815 43.237 0.00172362 0.0936625 -20.867 4.02874 185.522 -0.702207 -0.000334009 0.711962 -20.3383 6.1294 189.773 -0.659419 0.114447 0.743013 
3.13901 3.13412 43.11 0.00258544 0.1524 -20.8653 4.03237 185.634 -0.702191 -0.000213047 0.711956 -20.2409 6.16888 189.715 -0.657657 0.115771 0.744369 
3.13786 3.12953 42.9497 0.00373452 0.180975 -20.8653 4.03237 185.634 -0.702191 -0.000213047 0.711956 -20.1222 6.21202 189.598 -0.655512 0.117178 0.746038 
3.13642 3.12349 42.7734 0.00545814 0.271463 -20.8655 4.03124 185.634 -0.702176 -9.20838e-005 0.711951 -19.9854 6.26785 189.527 -0.653019 0.118946 0.747942 
3.13613 3.11804 42.5766 0.00718177 0.401637 -20.8689 4.02239 185.631 -0.701804 0.000860067 0.712271 -19.8592 6.27863 189.482 -0.650508 0.120121 0.74994 
3.13556 3.11315 42.3893 0.00890539 0.52705 -20.6501 4.06471 185.607 -0.700003 0.00514216 0.714014 -19.7393 6.29096 189.44 -0.648157 0.121104 0.751815 
3.13499 3.10884 42.2146 0.010629 0.646112 -20.5402 4.13486 185.587 -0.698393 0.00796232 0.715578 -19.6305 6.29751 189.404 -0.646015 0.121836 0.753539 
3.13441 3.10597 42.067 0.0123526 0.735012 -20.4243 4.21592 185.571 -0.697431 0.00960915 0.716592 -19.5458 6.28967 189.363 -0.644364 0.121927 0.754937 
3.13326 3.10339 41.9352 0.013789 0.849313 -20.4349 4.20544 185.563 -0.696291 0.0107358 0.717502 -19.462 6.30296 189.359 -0.642831 0.122236 0.756192 
3.1324 3.10166 41.8479 0.0152253 0.976312 -20.3205 4.29237 185.546 -0.695163 0.0117519 0.718662 -19.4084 6.30531 189.408 -0.641865 0.12216 0.757025 
3.13297 3.1008 41.8447 0.0160872 1.10331 -20.3152 4.39686 185.532 -0.694207 0.0124102 0.719596 -19.4126 6.2832 189.533 -0.641825 0.12189 0.757102 
3.13384 3.10023 41.8971 0.0166617 1.22873 -20.2093 4.38189 185.526 -0.693699 0.0124897 0.720073 -19.4452 6.26576 189.704 -0.642316 0.121724 0.756712 
3.1347 3.09965 41.913 0.0172362 1.35731 -20.2084 4.38785 185.637 -0.693591 0.0123584 0.720199 -19.4616 6.24095 189.848 -0.64248 0.121473 0.756613 
3.13671 3.09735 41.8352 0.0195344 1.77006 -20.3413 4.21712 186.092 -0.693458 0.0105024 0.720398 -19.4477 6.15436 190.197 -0.641781 0.120479 0.757365 
3.137 3.10339 40.1652 0.00631996 3.34327 -19.6146 4.29883 186.551 -0.684237 0.0173436 0.728997 -18.7007 5.96742 190.375 -0.626307 0.121846 0.769995 
3.06259 -3.14044 34.4438 6.26049 7.62159 -16.6236 5.06687 186.145 -0.631792 0.0201898 0.774808 -14.8905 4.44684 189.401 -0.577195 0.0175263 0.816418 
3.00112 -2.92413 39.3063 5.97265 3.27184 -16.357 7.16685 185.771 -0.637926 0.067931 0.767012 -14.1865 7.50119 189.29 -0.594976 0.0881108 0.798899 
2.91522 -2.69402 46.6215 5.69485 -3.35915 -17.0101 10.047 185.376 -0.67947 0.119979 0.723815 -12.8907 9.00455 188.982 -0.619951 0.116758 0.775905 
2.87299 -2.59233 50.0505 5.5696 -6.48017 -17.0705 10.8935 185.177 -0.695568 0.139054 0.704817 -12.2076 9.41653 188.879 -0.635955 0.127797 0.761071 
2.8457 -2.53114 52.1095 5.49664 -8.36295 -16.6933 11.4045 185.132 -0.703388 0.151902 0.694257 -11.8233 9.56066 188.804 -0.647185 0.134075 0.750451 
2.81238 -2.47283 54.0256 5.42913 -10.0965 -16.4918 11.6301 184.965 -0.70898 0.160772 0.686518 -11.2504 9.63253 188.759 -0.656622 0.139763 0.741157 
2.77906 -2.42859 55.4719 5.38259 -11.3729 -16.2121 11.7671 184.996 -0.712201 0.166764 0.681795 -10.5898 9.5704 188.764 -0.662533 0.141287 0.735587 
2.75292 -2.38607 56.7482 5.33203 -12.4698 -15.6102 11.8838 185.01 -0.71436 0.170348 0.678624 -10.0359 9.38829 188.785 -0.667286 0.145468 0.730457 
2.73396 -2.3628 57.6388 5.3079 -13.2429 -15.367 11.9348 185.018 -0.715179 0.173702 0.676906 -9.68917 9.22724 188.789 -0.671006 0.14538 0.72706 
2.71298 -2.34269 58.4294 5.2875 -13.9351 -15.1371 11.9 185.026 -0.716088 0.174384 0.675792 -9.23659 9.06731 188.798 -0.673345 0.145001 0.72497 
2.68569 -2.3223 59.2438 5.26625 -14.6494 -14.6797 11.8305 185.04 -0.71766 0.175729 0.673806 -8.5586 8.88912 188.827 -0.674361 0.144985 0.724028 
2.66329 -2.3042 60.0899 5.24355 -15.3718 -13.8916 11.7246 185.158 -0.718879 0.176921 0.672186 -8.04464 8.70397 188.854 -0.676133 0.147098 0.721946 
2.63312 -2.2907 61.0964 5.22775 -16.2528 -13.443 11.6582 185.162 -0.719497 0.177941 0.671176 -7.36668 8.5607 188.87 -0.678133 0.148026 0.719878 
2.60784 -2.28093 61.7599 5.21684 -16.8418 -12.8843 11.5722 185.275 -0.719851 0.180044 0.670359 -6.72721 8.42145 188.894 -0.678389 0.148273 0.719586 
2.58544 -2.27461 62.2679 5.21109 -17.2609 -12.2377 11.3675 185.272 -0.719483 0.180985 0.670435 -6.1481 8.30483 188.953 -0.678266 0.147483 0.719864 
2.53804 -2.26542 63.2046 5.20563 -18.0118 -11.2592 11.1626 185.475 -0.718695 0.178367 0.672 -4.92864 8.04727 189.117 -0.677577 0.143563 0.721304 
2.45818 -2.26973 64.7603 5.21511 -19.1087 -9.42399 10.6801 185.883 -0.717441 0.170596 0.675365 -2.95731 7.88598 189.443 -0.676908 0.139181 0.722789 
2.39613 -2.30621 64.9667 5.25188 -19.3135 -7.64911 10.8681 186.017 -0.711342 0.17449 0.680719 -1.12688 8.40979 189.468 -0.668225 0.141603 0.730359 
2.27863 -2.38636 65.7398 5.33347 -20.066 -4.85293 11.6023 186.046 -0.69879 0.177249 0.69298 1.9441 9.60364 189.24 -0.655179 0.146838 0.741066 
2.10713 -2.49868 67.2876 5.45326 -21.4519 -0.622069 13.1476 186.115 -0.683755 0.181968 0.706583 5.62232 11.3782 188.8 -0.642987 0.153693 0.750297 
1.977 -2.57596 68.5481 5.53915 -22.6393 2.50443 14.5055 185.924 -0.674172 0.184935 0.714974 7.85125 12.4945 188.419 -0.639453 0.154649 0.753116 
1.83968 -2.65409 69.4768 5.62476 -23.5537 5.71607 15.6131 185.751 -0.664887 0.1895 0.722446 10.105 13.5019 188.093 -0.634886 0.153543 0.757195 
1.67105 -2.73539 70.5134 5.7052 -24.7205 9.5354 16.7458 185.283 -0.648397 0.193059 0.736318 12.987 14.0093 187.653 -0.627903 0.151736 0.763357 
1.5188 -2.80204 71.2802 5.76639 -25.9556 13.3798 17.1786 184.631 -0.63224 0.197964 0.749039 15.6581 14.1689 187.002 -0.620015 0.149897 0.770138 
1.36712 -2.86754 71.9152 5.8201 -27.6812 17.2508 17.1046 183.44 -0.614118 0.205702 0.761851 18.3469 14.1876 185.806 -0.611618 0.149705 0.77686 
0.539494 -3.1301 60.8376 6.04992 -19.3739 37.8819 8.49362 180.243 -0.414013 0.194514 0.889153 32.4624 5.6473 185.178 -0.447249 0.114175 0.887092 
0.337256 -3.13384 69.7927 5.9804 -23.168 37.9388 -0.0257616 183.768 -0.451754 0.174071 0.874885 29.3081 -2.51282 188.662 -0.533854 0.124886 0.836303 
0.34731 -3.11775 72.3882 5.93588 -24.7174 37.0325 -1.68619 184.525 -0.472911 0.177112 0.863009 28.1785 -4.06198 189.214 -0.555252 0.14174 0.819515 
0.57052 -2.93418 80.5909 5.6058 -27.3145 31.0822 -11.0382 189.53 -0.526775 0.263596 0.808041 23.3859 -11.9567 192.43 -0.593869 0.236329 0.76907 
0.733115 -2.80405 80.6734 5.49894 -26.924 27.8849 -13.864 190.232 -0.552314 0.230215 0.801087 22.0144 -13.9883 192.518 -0.606608 0.213125 0.765901 
0.871867 -2.68684 80.7163 5.40471 -26.4732 24.9886 -15.8924 191.014 -0.57403 0.203687 0.793044 20.0487 -15.7284 192.817 -0.619368 0.191992 0.761264 
0.982466 -2.59003 80.748 5.31738 -25.9985 22.1221 -17.4724 191.668 -0.591544 0.187909 0.783986 18.1193 -17.1522 193.23 -0.625314 0.183802 0.758419 
1.22234 -2.35792 80.7798 5.10911 -24.8015 14.6879 -21.1549 193.1 -0.631323 0.164121 0.757919 13.2247 -20.5214 194.278 -0.644014 0.163356 0.747369 
1.61705 -2.00687 80.7544 4.77185 -23.0537 1.02847 -23.8409 194.909 -0.702513 0.135354 0.698613 -0.401694 -22.4869 196.168 -0.722109 0.148612 0.675628 
2.48144 -1.20338 80.6051 3.97123 -22.3012 -27.2771 -12.1369 193.677 -0.822934 0.177426 0.539716 -23.8537 -12.7379 194.749 -0.811445 0.216074 0.543018 
2.77676 -1.73109 80.567 4.5564 -27.6558 -24.4615 4.5869 188.887 -0.824014 0.206461 0.5275 -24.4627 5.39976 189.569 -0.830383 0.239808 0.502948 
2.55384 -2.47311 80.502 5.31192 -31.7802 -20.3058 16.5838 184.395 -0.815463 0.241515 0.525988 -13.8749 16.3439 186.282 -0.790791 0.257618 0.555232 
2.29931 -2.66788 80.5051 5.50411 -33.5851 -12.9861 22.2526 182.771 -0.780717 0.295203 0.550621 -6.90299 20.8926 185.316 -0.76411 0.266182 0.587608 
2.12494 -2.77733 80.529 5.60551 -34.5519 -8.237 24.698 181.953 -0.759958 0.312374 0.569831 -3.27654 22.1931 184.652 -0.752143 0.265739 0.603046 
2.01693 -2.84082 80.5099 5.65981 -35.0568 -4.90586 26.2515 181.368 -0.7446 0.325401 0.58283 -1.17867 22.7035 184.274 -0.745701 0.266507 0.610658 
1.93276 -2.89109 80.4956 5.69629 -35.514 -2.16738 27.4233 180.959 -0.730925 0.340058 0.591633 0.520508 23.1416 183.889 -0.739474 0.271819 0.615868 
1.85462 -2.93562 80.4908 5.72933 -36.0188 0.444147 28.5821 180.332 -0.715902 0.356621 0.600088 2.08981 23.4848 183.439 -0.733746 0.275809 0.620923 
1.78481 -2.97009 80.4909 5.75489 -36.4554 3.03429 29.4479 179.727 -0.703147 0.369005 0.607781 3.62523 23.6064 183.049 -0.727745 0.278636 0.626698 
1.72621 -2.99566 80.5051 5.77443 -36.8125 4.79228 29.8041 179.278 -0.693179 0.376048 0.61477 4.9114 23.614 182.731 -0.722677 0.27992 0.631967 
1.68341 -3.01232 80.494 5.78937 -37.0443 6.10746 29.9283 178.983 -0.687582 0.378984 0.619318 5.82794 23.5639 182.53 -0.719342 0.278921 0.6362 
1.6452 -3.0264 80.5115 5.80344 -37.265 7.09579 30.1087 178.803 -0.68235 0.380983 0.623912 6.63441 23.4947 182.35 -0.716567 0.276728 0.640276 
1.50444 -3.07437 80.4908 5.85802 -38.2032 10.9082 30.3493 177.901 -0.666189 0.381754 0.640597 9.43539 23.2411 181.557 -0.707572 0.26411 0.65543 
1.10944 -3.11717 80.6401 5.9172 -39.9097 22.3769 24.795 176.211 -0.614142 0.349017 0.707726 19.1804 18.0426 180.894 -0.661224 0.229139 0.714338 
1.7558 -2.23008 80.8131 5.01833 -31.4166 6.88881 -5.5007 187.824 -0.676618 0.225519 0.700944 6.41725 -9.24908 188.338 -0.69245 0.18266 0.69796 
1.78223 -2.15625 80.8226 4.92583 -31.0293 4.60643 -8.00531 188.253 -0.683144 0.226064 0.69443 3.77261 -11.5329 188.729 -0.702122 0.186739 0.687134 
1.79085 -2.13126 80.7845 4.89509 -31.0245 3.71281 -8.92332 188.323 -0.684089 0.228445 0.692634 2.79708 -12.2467 188.737 -0.705887 0.188123 0.682885 
1.79573 -2.11316 80.7147 4.87441 -31.061 3.06546 -9.73789 188.277 -0.686382 0.228027 0.69049 2.10054 -12.7819 188.701 -0.708922 0.187979 0.679774 
1.79831 -2.09564 80.675 4.85258 -31.0991 2.43278 -10.4103 188.216 -0.688729 0.224217 0.689469 1.40027 -13.3745 188.659 -0.711455 0.188786 0.676898 
1.80205 -2.07553 80.6353 4.8273 -31.1547 1.77757 -11.2314 188.053 -0.690376 0.223989 0.687918 0.563561 -13.9887 188.599 -0.714464 0.190331 0.673287 
1.80492 -2.06059 80.5972 4.80977 -31.369 1.1378 -11.9325 187.995 -0.691961 0.223266 0.686508 -0.058954 -14.4279 188.38 -0.716984 0.190707 0.670495 
1.80607 -2.05083 80.5829 4.79886 -31.6008 0.875807 -12.2469 187.796 -0.692563 0.223434 0.685778 -0.458301 -14.7333 188.143 -0.718715 0.190512 0.668696 
1.80693 -2.04508 80.5782 4.79139 -31.7675 0.628389 -12.4474 187.591 -0.69321 0.223244 0.685186 -0.713158 -14.9044 187.974 -0.719546 0.191196 0.667606 
1.80751 -2.03962 80.5718 4.78449 -31.923 0.373077 -12.7455 187.393 -0.69453 0.221654 0.68442 -0.952038 -15.0733 187.814 -0.720366 0.19168 0.666583 
1.80837 -2.0333 80.5702 4.77702 -32.0913 0.232652 -12.9712 187.186 -0.694777 0.222648 0.683893 -1.22489 -15.2612 187.642 -0.721424 0.191913 0.665369 
1.80894 -2.02612 80.5242 4.76841 -32.2421 -0.00532392 -13.0626 187.083 -0.694718 0.223126 0.683749 -1.53622 -15.4854 187.485 -0.722587 0.192237 0.664012 
1.80923 -2.01951 80.5067 4.76065 -32.4104 -0.277233 -13.4722 186.887 -0.695776 0.221637 0.683219 -1.8206 -15.6979 187.31 -0.723683 0.192395 0.662772 
1.80952 -2.01348 80.5051 4.75404 -32.6009 -0.53622 -13.7804 186.578 -0.696901 0.220631 0.682303 -2.07507 -15.8903 187.113 -0.724777 0.192215 0.661628 
1.80981 -2.00745 80.5083 4.74801 -32.7993 -0.770348 -13.8687 186.478 -0.697254 0.220783 0.681936 -2.32206 -16.0828 186.907 -0.725982 0.191631 0.660475 
1.80981 -2.0017 80.5083 4.74227 -33.0295 -0.908351 -14.0845 186.27 -0.697762 0.220704 0.681459 -2.55661 -16.2741 186.669 -0.72712 0.191049 0.659391 
1.81095 -1.99653 80.5051 4.73709 -33.2375 -1.04777 -14.3023 186.063 -0.698118 0.220851 0.68097 -2.77722 -16.4078 186.456 -0.728183 0.190698 0.658319 
1.81297 -1.99165 80.5036 4.73221 -33.4629 -1.28374 -14.3954 185.851 -0.698472 0.221003 0.680603 -2.99269 -16.5028 186.227 -0.729216 0.190506 0.65723 
1.81469 -1.98763 80.4956 4.72819 -33.6899 -1.40683 -14.5031 185.53 -0.699259 0.220697 0.679773 -3.17073 -16.5783 185.997 -0.730064 0.190365 0.656329 
1.81842 -1.98332 80.5036 4.72388 -33.9566 -1.53155 -14.606 185.315 -0.699672 0.22037 0.67955 -3.37433 -16.5963 185.731 -0.731027 0.19049 0.65522 
1.82331 -1.97843 80.4956 4.719 -34.2725 -1.76468 -14.6948 185.104 -0.700332 0.220064 0.679085 -3.60864 -16.5944 185.418 -0.732126 0.190734 0.653921 
1.82877 -1.9747 80.4702 4.71354 -34.5853 -1.8746 -14.6907 184.777 -0.701012 0.219627 0.678382 -3.82664 -16.5288 185.111 -0.732676 0.192439 0.652804 
1.83422 -1.97096 80.467 4.70808 -34.9409 -2.09439 -14.6748 184.452 -0.701781 0.219448 0.677669 -4.04321 -16.4619 184.761 -0.733209 0.194154 0.651697 
1.84686 -1.96464 80.4527 4.70119 -35.5933 -2.44115 -14.8691 183.818 -0.704444 0.218082 0.675327 -4.38792 -16.2432 184.127 -0.734617 0.195856 0.649599 
1.86496 -1.95746 80.4559 4.694 -36.2823 -2.8779 -14.9136 183.068 -0.70801 0.213514 0.673137 -4.78226 -15.8709 183.468 -0.73636 0.197899 0.647001 
1.88335 -1.95057 80.4607 4.68711 -36.8729 -3.2959 -14.8304 182.425 -0.711869 0.207625 0.670885 -5.15588 -15.4769 182.909 -0.737965 0.200057 0.644504 
1.89742 -1.94597 80.467 4.6805 -37.3158 -3.6049 -14.7755 181.895 -0.715348 0.203766 0.668297 -5.438 -15.1409 182.492 -0.738606 0.203283 0.642758 
1.91179 -1.9408 80.4559 4.67275 -37.7095 -4.02963 -14.7012 181.47 -0.718086 0.19985 0.666554 -5.7449 -14.8072 182.124 -0.739169 0.20696 0.640934 
1.93362 -1.93448 80.4639 4.66039 -38.2016 -4.55932 -14.6213 180.944 -0.721641 0.196365 0.663828 -6.16543 -14.2337 181.675 -0.739192 0.214283 0.638497 
1.95804 -1.92816 80.4655 4.65149 -38.654 -5.19467 -14.5333 180.427 -0.725739 0.193526 0.660229 -6.54676 -13.5776 181.271 -0.739959 0.219433 0.635854 
1.98246 -1.92299 80.4639 4.6489 -39.0001 -5.58345 -14.1612 180.103 -0.727576 0.193787 0.658048 -6.77541 -12.9272 180.977 -0.74139 0.221015 0.633635 
2.01348 -1.9138 80.4702 4.64833 -39.4176 -6.01348 -13.3398 179.555 -0.731186 0.19382 0.653952 -7.07805 -12.2119 180.624 -0.744607 0.218951 0.630572 
2.03819 -1.90748 80.4924 4.64258 -39.7764 -6.35761 -12.7184 179.231 -0.734778 0.191055 0.650708 -7.34155 -11.5372 180.318 -0.745501 0.222453 0.628286 
2.41853 -1.85462 80.5036 4.63684 -42.0386 -13.5305 -2.10587 176.262 -0.775413 0.203134 0.597833 -11.025 -0.167619 177.81 -0.765407 0.248951 0.593443 
2.42313 -2.36338 80.4718 5.1884 -42.8546 -12.617 13.0737 174.673 -0.78297 0.234303 0.576224 -7.28225 13.3476 176.164 -0.758707 0.262633 0.596145 
2.29817 -2.53114 80.5004 5.35702 -42.9498 -10.8584 16.5235 174.259 -0.777831 0.248344 0.57713 -4.43667 16.6632 176.288 -0.749207 0.266499 0.606356 
2.24588 -2.5952 80.5575 5.40902 -42.9498 -9.37458 17.9362 174.237 -0.771498 0.256986 0.581911 -3.37687 17.9673 176.302 -0.743572 0.276791 0.608677 
2.1755 -2.67449 80.6559 5.47021 -42.8768 -7.6163 19.9487 174.189 -0.760205 0.281327 0.585576 -2.10643 19.5062 176.396 -0.737047 0.289693 0.610606 
2.06318 -2.77963 80.6972 5.55208 -42.5894 -4.44206 22.9036 174.275 -0.741172 0.317826 0.591283 -0.211871 21.2742 176.743 -0.729461 0.302589 0.613455 
1.95402 -2.86897 80.7449 5.62246 -42.3466 -1.45146 25.3664 174.274 -0.72211 0.348788 0.597225 1.57561 22.6203 177.052 -0.723611 0.31075 0.616297 
1.634 -3.05972 80.7734 5.76351 -41.6433 8.93486 30.3635 174.183 -0.658749 0.424046 0.621443 7.84046 24.1201 177.921 -0.698905 0.32822 0.635455 
0.897721 3.14131 80.8147 5.90485 -38.9525 27.3621 19.4284 177.222 -0.58128 0.350552 0.734244 27.008 25.6545 178.686 -0.560094 0.476456 0.677705 
1.71702 -2.09305 80.7956 4.82213 -28.4226 2.99946 -13.4029 190.717 -0.677758 0.234232 0.696926 1.77042 -16.1358 191.224 -0.701769 0.19701 0.684621 
1.7489 -2.02181 80.8004 4.73997 -28.221 0.239313 -15.3063 190.807 -0.685411 0.235717 0.688925 -1.63827 -17.5581 191.383 -0.716261 0.200806 0.668316 
1.76068 -1.9994 80.7988 4.71871 -28.1384 -0.565219 -15.6457 190.861 -0.688319 0.23535 0.686178 -2.669 -17.9108 191.45 -0.721693 0.199369 0.662881 
1.77303 -1.97987 80.802 4.70119 -28.0718 -1.36675 -15.9706 190.914 -0.69155 0.233427 0.683503 -3.56307 -18.1398 191.504 -0.726583 0.197817 0.657985 
1.78194 -1.95947 80.7766 4.68079 -28.0638 -2.04369 -16.2098 190.852 -0.694949 0.232129 0.680559 -4.50727 -18.4912 191.484 -0.731013 0.197311 0.653214 
1.78998 -1.94166 80.6909 4.66068 -28.1178 -2.86754 -16.7443 190.808 -0.699026 0.228449 0.677484 -5.37257 -18.7661 191.401 -0.734308 0.19871 0.649082 
1.79803 -1.92701 80.6305 4.64344 -28.34 -3.72965 -17.675 190.563 -0.705477 0.218775 0.674093 -6.09898 -18.9304 191.156 -0.736795 0.200662 0.645653 
1.80779 -1.91581 80.5718 4.62764 -28.7909 -4.43648 -18.1099 190.282 -0.709106 0.213718 0.671802 -6.71171 -18.9113 190.696 -0.738127 0.204656 0.642872 
1.82503 -1.90489 80.5051 4.60811 -29.537 -5.01552 -18.387 189.547 -0.712322 0.211915 0.669121 -7.39874 -18.5959 189.964 -0.738499 0.212767 0.639804 
1.84112 -1.89398 80.4893 4.59288 -30.307 -5.68786 -18.4598 188.693 -0.71456 0.212938 0.666304 -7.98346 -18.3395 189.205 -0.739581 0.217602 0.636922 
1.85893 -1.88363 80.502 4.58197 -30.9912 -6.2202 -18.3184 187.938 -0.716704 0.213714 0.663741 -8.46109 -18.0332 188.54 -0.741223 0.220017 0.634178 
1.87904 -1.8753 80.4813 4.57364 -31.6341 -6.72269 -18.0165 187.29 -0.720337 0.209624 0.661042 -8.831 -17.5948 187.932 -0.742517 0.222509 0.63179 
1.90116 -1.86755 80.4575 4.56588 -32.3739 -7.1531 -18.0576 186.659 -0.724386 0.205202 0.657998 -9.16273 -17.0707 187.238 -0.743579 0.225382 0.629518 
1.91638 -1.86381 80.4512 4.56272 -32.8962 -7.4399 -17.7122 186.105 -0.725682 0.20579 0.656406 -9.30843 -16.6691 186.753 -0.744131 0.227049 0.628266 
1.92759 -1.86209 80.4512 4.561 -33.3216 -7.49317 -17.2832 185.651 -0.72656 0.206714 0.655282 -9.40058 -16.3294 186.359 -0.744418 0.228557 0.627379 
1.93793 -1.86094 80.4543 4.55985 -33.7375 -7.67214 -16.9481 185.203 -0.727348 0.207381 0.654167 -9.4456 -16.0137 185.974 -0.744457 0.230086 0.626773 
1.94741 -1.85864 80.4591 4.5587 -34.1741 -7.74529 -16.7103 184.761 -0.729135 0.205086 0.652827 -9.51436 -15.7698 185.561 -0.744915 0.230572 0.62605 
1.95775 -1.85548 80.4528 4.55726 -34.5535 -8.05348 -16.5419 184.433 -0.73078 0.201935 0.652011 -9.60437 -15.5262 185.206 -0.745591 0.230723 0.625189 
1.96694 -1.85376 80.4369 4.55669 -34.9202 -8.15209 -16.5301 184.004 -0.732874 0.200155 0.650289 -9.64796 -15.2753 184.865 -0.745945 0.231211 0.624586 
1.97642 -1.85232 80.4337 4.55669 -35.306 -8.23067 -16.3085 183.672 -0.733878 0.200106 0.649086 -9.67529 -15.009 184.506 -0.746312 0.231553 0.62402 
1.98705 -1.85031 80.4289 4.55669 -35.7505 -8.2928 -15.8854 183.212 -0.733804 0.201679 0.648651 -9.71331 -14.7251 184.091 -0.746854 0.231624 0.623345 
1.99912 -1.84887 80.4194 4.55812 -36.1632 -8.35208 -15.4588 182.864 -0.733837 0.203383 0.64809 -9.71623 -14.384 183.714 -0.747485 0.231323 0.622701 
2.00831 -1.84916 80.4274 4.56128 -36.5522 -8.41949 -15.1403 182.416 -0.734718 0.204302 0.646843 -9.65992 -14.0909 183.356 -0.747951 0.230668 0.622384 
2.01578 -1.8506 80.4353 4.56617 -36.9125 -8.35589 -14.7142 182.076 -0.73606 0.204527 0.645268 -9.5577 -13.8286 183.024 -0.748443 0.229379 0.622269 
2.02325 -1.8529 80.4146 4.57191 -37.2142 -8.33382 -14.585 181.742 -0.737506 0.200991 0.644709 -9.42778 -13.5404 182.752 -0.748833 0.228145 0.622253 
2.03072 -1.85519 80.4258 4.57737 -37.5745 -8.41129 -14.3363 181.403 -0.738629 0.198034 0.644242 -9.30429 -13.2484 182.42 -0.749159 0.227135 0.62223 
2.03933 -1.85778 80.4226 4.58312 -37.9222 -8.36491 -13.9991 181.057 -0.739643 0.19593 0.64386 -9.17343 -12.9073 182.104 -0.749435 0.22634 0.622188 
2.04738 -1.86008 80.4178 4.58743 -38.2921 -8.32109 -13.673 180.713 -0.740382 0.195014 0.6433 -9.06968 -12.5825 181.762 -0.749496 0.226305 0.622127 
2.05427 -1.86209 80.4131 4.59116 -38.6509 -8.28324 -13.3577 180.367 -0.740478 0.195256 0.642925 -8.98096 -12.3022 181.427 -0.749546 0.226285 0.622074 
2.06031 -1.86439 80.4146 4.59604 -39.008 -8.23987 -13.035 180.022 -0.741169 0.194708 0.642471 -8.87365 -12.05 181.091 -0.749774 0.2255 0.622085 
2.06634 -1.86726 80.4131 4.60179 -39.3605 -8.18931 -12.6113 179.669 -0.741109 0.195187 0.642327 -8.74592 -11.7826 180.759 -0.750003 0.224542 0.622154 
2.07093 -1.87013 80.4258 4.60754 -39.6557 -8.15938 -12.3936 179.329 -0.741877 0.194034 0.6419 -8.61983 -11.5639 180.48 -0.750255 0.223349 0.62228 
2.07553 -1.87358 80.4321 4.61386 -39.9431 -8.12985 -12.1708 179.1 -0.742404 0.19285 0.641471 -8.47693 -11.3274 180.208 -0.750442 0.222198 0.622466 
2.07898 -1.8776 80.4242 4.62075 -40.2558 -8.09993 -11.9441 178.757 -0.743171 0.190725 0.64133 -8.31647 -11.1125 179.908 -0.750579 0.220896 0.622765 
2.08214 -1.88162 80.4194 4.62851 -40.5416 -8.08102 -11.8221 178.532 -0.744078 0.188484 0.640951 -8.14513 -10.8853 179.634 -0.750904 0.219269 0.622949 
2.08472 -1.88593 80.4115 4.63626 -40.8226 -7.93162 -11.5143 178.184 -0.744265 0.188005 0.64073 -7.97227 -10.6931 179.363 -0.751138 0.217433 0.62331 
2.08731 -1.89053 80.4035 4.64431 -41.1258 -7.80647 -11.4142 177.954 -0.744693 0.186585 0.640798 -7.7922 -10.4908 179.068 -0.751333 0.215625 0.623702 
2.09047 -1.89455 80.4083 4.65149 -41.4512 -7.65868 -11.1015 177.712 -0.744509 0.18608 0.641061 -7.62471 -10.2715 178.751 -0.751464 0.21411 0.624066 
2.09392 -1.89828 80.4051 4.65809 -41.7798 -7.52263 -10.8976 177.366 -0.744785 0.184886 0.641116 -7.48413 -10.0586 178.431 -0.751621 0.212833 0.624314 
2.09736 -1.90144 80.4035 4.66413 -42.1275 -7.49441 -10.6752 177.023 -0.745369 0.183229 0.640952 -7.36378 -9.86247 178.091 -0.751843 0.211518 0.624494 
2.10052 -1.90432 80.4035 4.66872 -42.4498 -7.35694 -10.47 176.789 -0.745599 0.182398 0.640991 -7.26474 -9.67616 177.775 -0.751857 0.210998 0.624652 
2.10455 -1.90662 80.4035 4.6716 -42.7736 -7.33314 -10.2551 176.444 -0.745707 0.181551 0.641029 -7.19816 -9.46869 177.459 -0.751692 0.211454 0.624698 
2.10914 -1.90805 80.4019 4.67332 -43.1165 -7.29446 -9.94221 176.098 -0.745893 0.18205 0.640644 -7.16343 -9.26535 177.124 -0.751563 0.212163 0.624612 
2.11517 -1.90863 80.3988 4.67389 -43.5229 -7.27968 -9.84295 175.764 -0.746555 0.181739 0.640057 -7.16247 -9.03579 176.728 -0.751465 0.21328 0.62435 
2.12207 -1.90978 80.3988 4.67389 -43.9071 -7.36514 -9.62077 175.425 -0.746819 0.181634 0.6397 -7.15689 -8.74964 176.355 -0.751049 0.215464 0.6241 
2.14045 -1.91064 80.3908 4.67389 -44.5754 -7.53808 -9.20119 174.748 -0.747131 0.184089 0.638623 -7.20061 -8.07023 175.71 -0.750908 0.219212 0.622963 
2.16229 -1.91064 80.3765 4.67389 -45.3279 -7.89217 -8.4475 173.955 -0.7474 0.188848 0.636836 -7.27053 -7.2961 174.983 -0.750811 0.223138 0.621685 
2.18383 -1.91179 80.367 4.67504 -45.9486 -8.00798 -7.70024 173.392 -0.749087 0.19226 0.633908 -7.31492 -6.49376 174.38 -0.750599 0.22715 0.620486 
2.20969 -1.91638 80.3861 4.68395 -46.6503 -8.4291 -6.68096 172.488 -0.751204 0.193267 0.63109 -7.29249 -5.43578 173.675 -0.751131 0.229317 0.619044 
2.22865 -1.925 80.4035 4.70032 -47.2376 -8.75498 -5.87926 171.824 -0.754309 0.193374 0.627349 -7.13123 -4.56119 173.074 -0.75208 0.227668 0.6185 
2.24157 -1.93735 80.4131 4.71871 -47.7584 -8.85438 -4.96798 171.356 -0.756038 0.191553 0.625744 -6.8828 -3.77818 172.527 -0.752335 0.226545 0.618602 
2.25278 -1.94827 80.3972 4.73393 -48.1298 -8.87874 -4.30409 170.89 -0.756979 0.191015 0.624805 -6.69401 -3.08963 172.126 -0.75239 0.226304 0.618625 
2.26082 -1.96148 80.394 4.75146 -48.5537 -8.89922 -3.63785 170.539 -0.758137 0.190736 0.623492 -6.44768 -2.44478 171.667 -0.752234 0.225713 0.619029 
2.268 -1.97958 80.3829 4.77559 -49.1077 -8.80516 -2.88199 169.95 -0.758584 0.190162 0.623157 -6.10572 -1.69551 171.066 -0.752036 0.224162 0.619833 
2.27461 -1.99423 80.3781 4.79685 -49.6999 -8.59106 -2.1316 169.48 -0.759835 0.189156 0.621876 -5.86384 -1.07307 170.433 -0.752327 0.221794 0.620332 
2.27748 -2.00601 80.3797 4.81293 -50.1412 -8.53278 -1.69191 169.02 -0.760804 0.187409 0.621356 -5.65734 -0.64754 169.962 -0.752293 0.220239 0.620927 
2.27777 -2.01492 80.3893 4.8227 -50.4714 -8.59195 -1.23707 168.664 -0.760849 0.186073 0.621658 -5.48412 -0.373298 169.614 -0.751685 0.220552 0.621551 
2.27777 -2.0221 80.3924 4.82902 -50.7428 -8.57002 -1.02775 168.318 -0.760757 0.185821 0.621789 -5.3445 -0.150749 169.328 -0.750846 0.221946 0.622069 
2.2772 -2.03675 80.4051 4.8431 -51.0762 -8.42135 -0.734664 167.971 -0.760866 0.186925 0.621377 -5.05789 0.279379 168.966 -0.749382 0.223831 0.623159 
2.2749 -2.06347 80.3988 4.8724 -51.5302 -8.1162 -0.0344223 167.486 -0.760004 0.189782 0.621608 -4.5218 1.02566 168.467 -0.747168 0.224883 0.625434 
2.27231 -2.08357 80.394 4.89452 -51.8382 -7.9202 0.700692 167.109 -0.75911 0.190929 0.622278 -4.14867 1.55713 168.126 -0.745837 0.225191 0.62691 
2.27174 -2.10167 80.4083 4.91319 -52.0938 -7.73192 1.32961 166.855 -0.758711 0.192113 0.622343 -3.85911 2.10113 167.838 -0.744495 0.226761 0.627939 
2.2726 -2.12236 80.4083 4.9333 -52.378 -7.54535 1.9458 166.49 -0.758327 0.194154 0.62225 -3.5765 2.77877 167.515 -0.742847 0.22979 0.628789 
2.27059 -2.14132 80.4194 4.95226 -52.5812 -7.35777 2.55931 166.351 -0.757653 0.197504 0.621974 -3.2889 3.31744 167.284 -0.741374 0.231757 0.629804 
2.26915 -2.17004 80.4289 4.98099 -52.786 -7.14746 3.38729 166.085 -0.756577 0.201071 0.62217 -2.92341 4.19188 167.035 -0.739404 0.23509 0.630883 
2.26915 -2.18958 80.4162 5.00052 -52.9161 -6.94516 4.11586 165.939 -0.755963 0.203943 0.622038 -2.72399 4.82112 166.875 -0.738266 0.237556 0.631293 
2.26886 -2.2094 80.4258 5.02034 -53.0908 -6.74239 4.83958 165.686 -0.755599 0.206825 0.62142 -2.54083 5.45568 166.672 -0.737214 0.240033 0.631585 
2.26973 -2.23094 80.4258 5.04189 -53.2717 -6.64791 5.58674 165.544 -0.755296 0.209229 0.620947 -2.39733 6.18311 166.458 -0.736317 0.242917 0.631529 
2.26456 -2.25622 80.4337 5.06717 -53.4686 -6.55614 6.3224 165.291 -0.754899 0.212358 0.62044 -2.12386 6.87233 166.237 -0.734934 0.245382 0.632186 
2.25622 -2.28581 80.4162 5.09704 -53.6527 -6.3504 7.05073 165.15 -0.754656 0.215256 0.619824 -1.79467 7.63144 166.028 -0.733411 0.247759 0.633027 
2.24042 -2.32143 80.4385 5.13382 -53.8639 -6.00001 8.08456 164.876 -0.753692 0.218944 0.619651 -1.32279 8.41384 165.797 -0.731548 0.249265 0.63459 
2.22319 -2.35648 80.4035 5.16915 -54.002 -5.6492 9.12177 164.603 -0.752774 0.222268 0.619494 -0.867757 9.16974 165.64 -0.729671 0.251188 0.635991 
2.19877 -2.39986 80.4115 5.21253 -54.2004 -5.27963 10.3504 164.317 -0.750826 0.228797 0.619551 -0.295556 10.0694 165.42 -0.727356 0.253573 0.637695 
2.17205 -2.44036 80.4226 5.25303 -54.356 -4.95373 11.1744 164.165 -0.750076 0.231774 0.619411 0.258774 10.8533 165.246 -0.725355 0.255216 0.639316 
2.14017 -2.48346 80.4083 5.29698 -54.4608 -4.49362 12.1862 163.893 -0.749007 0.236298 0.618957 0.854058 11.6558 165.124 -0.723616 0.255948 0.640991 
2.10771 -2.52166 80.4162 5.33519 -54.5624 -3.9134 13.3019 163.718 -0.747227 0.240528 0.61948 1.43938 12.3169 165.011 -0.721898 0.256679 0.642634 
2.07927 -2.55326 80.4353 5.3665 -54.6433 -3.41008 13.8807 163.554 -0.744793 0.243013 0.621411 1.92984 12.8656 164.923 -0.720563 0.257314 0.643877 
2.0514 -2.58256 80.4448 5.39581 -54.7084 -2.67206 14.5433 163.492 -0.742067 0.24584 0.623568 2.39122 13.3738 164.854 -0.719493 0.257535 0.644985 
2.01693 -2.61819 80.4385 5.43057 -54.7751 -1.80459 15.4012 163.412 -0.738311 0.24992 0.626387 2.94405 14.0194 164.786 -0.718227 0.258319 0.646081 
1.95574 -2.67794 80.4067 5.49175 -54.8592 -0.342541 16.708 163.17 -0.731555 0.257043 0.63147 3.86042 15.1782 164.701 -0.716849 0.257922 0.647768 
1.89943 -2.73252 80.4131 5.54806 -54.9672 1.1369 18.123 162.93 -0.725144 0.264418 0.635694 4.58384 16.2864 164.612 -0.716739 0.255909 0.648688 
1.85175 -2.78107 80.4273 5.59575 -55.0672 2.40337 19.5692 162.7 -0.719642 0.271503 0.639089 5.12785 17.3701 164.531 -0.716722 0.2558 0.64875 
1.81297 -2.82301 80.4337 5.63453 -55.0989 3.41542 20.7226 162.497 -0.715158 0.277445 0.641572 5.5317 18.3619 164.521 -0.71656 0.257352 0.648315 
1.7874 -2.85518 80.4734 5.6601 -55.0958 4.18393 21.6863 162.313 -0.71134 0.283067 0.643225 5.79092 19.1907 164.533 -0.715897 0.261804 0.647264 
1.76901 -2.87615 80.5274 5.67848 -55.0656 4.58035 22.2718 162.272 -0.709117 0.286882 0.644003 5.94649 19.7087 164.568 -0.715864 0.263215 0.646727 
1.75925 -2.88765 80.5591 5.68825 -55.0354 4.96719 22.7553 162.239 -0.707386 0.289766 0.644585 6.03299 19.9779 164.598 -0.715781 0.264176 0.646428 
1.75264 -2.89684 80.5766 5.69485 -54.9862 5.22114 23.0347 162.221 -0.706317 0.292339 0.64458 6.08034 20.2229 164.647 -0.715604 0.265897 0.645918 
1.74574 -2.90488 80.5797 5.70175 -54.9243 5.3688 23.3351 162.318 -0.705523 0.294696 0.644466 6.13097 20.4246 164.71 -0.715607 0.266523 0.645656 
1.73885 -2.91235 80.5861 5.70864 -54.8672 5.51191 23.6277 162.302 -0.704438 0.29739 0.644456 6.18112 20.6065 164.768 -0.715683 0.266713 0.645493 
1.73196 -2.91925 80.5972 5.71554 -54.8132 5.65532 23.9225 162.287 -0.703387 0.299837 0.644334 6.23092 20.7687 164.824 -0.715831 0.266469 0.64543 
1.72564 -2.92557 80.6115 5.72186 -54.7624 5.78835 24.1187 162.273 -0.702741 0.301 0.644641 6.27526 20.9175 164.877 -0.715971 0.26624 0.645369 
1.71989 -2.93131 80.621 5.7276 -54.7005 5.92271 24.3152 162.374 -0.70204 0.302631 0.64456 6.32247 21.1624 164.88 -0.715464 0.266769 0.645714 
1.71443 -2.93562 80.6385 5.73306 -54.61 6.05265 24.505 162.362 -0.701062 0.304483 0.644709 6.43985 22.2083 164.401 -0.710607 0.272335 0.648746 
1.70926 -2.93533 80.6718 5.73823 -54.3973 6.21176 24.9129 162.452 -0.699977 0.307177 0.644698 6.61117 22.7479 164.115 -0.706468 0.272199 0.653308 
1.7015 -2.92959 80.7195 5.7457 -53.5416 6.38445 25.342 163.107 -0.699358 0.310144 0.643951 6.90259 22.892 164.503 -0.704773 0.266262 0.657571 
1.62768 -2.96693 80.7194 5.7908 -52.6923 7.72699 26.4601 163.906 -0.692912 0.319887 0.646118 7.83142 23.6312 164.906 -0.70232 0.26231 0.66177 
1.37315 -3.12608 80.6845 5.91232 -51.9938 14.9551 30.1587 163.79 -0.649543 0.374409 0.661774 11.9132 26.2589 165.114 -0.684256 0.287863 0.670021 
1.081 -3.14073 80.8083 5.94708 -48.2663 22.5555 25.1692 167.479 -0.614373 0.349159 0.70748 19.8617 21.4282 168.797 -0.650178 0.267567 0.711109 
0.691461 -3.13441 80.7591 6.16569 -45.0009 27.4266 20.14 171.617 -0.618783 0.179697 0.764747 24.4785 15.8501 171.512 -0.639696 0.0958384 0.76263 
1.94683 -2.11833 80.5623 4.92669 -42.1307 0.785634 -5.3803 177.474 -0.712124 0.201687 0.672364 0.159817 -8.62168 176.962 -0.732078 0.155229 0.663299 
2.24042 -2.35907 80.4893 5.19472 -58.9344 -6.57224 9.82363 159.721 -0.760255 0.209471 0.614908 -2.36237 7.54405 159.737 -0.740605 0.174927 0.648772 
0.918405 -3.09821 80.7845 5.98385 -60.3234 24.8009 19.6633 156.224 -0.617004 0.264519 0.741065 25.7696 18.595 156.322 -0.624712 0.211834 0.751573 
1.72046 -2.37487 80.6004 5.17604 -48.1759 9.33444 -3.43024 171.442 -0.681862 0.182175 0.708375 8.7309 -6.55267 170.909 -0.685862 0.147761 0.712572 
1.88306 -2.25249 80.4829 5.03787 -52.3573 4.25191 -3.75332 167.824 -0.699008 0.198079 0.687087 3.70358 -6.64089 167.573 -0.709903 0.157144 0.686545 
1.92385 -2.22549 80.4607 5.00684 -53.6686 3.32209 -3.39708 166.543 -0.703975 0.2031 0.680479 2.72691 -6.43916 166.502 -0.71389 0.162539 0.681133 
1.97125 -2.1913 80.4448 4.96806 -55.0799 1.68027 -3.17357 165.037 -0.707246 0.206767 0.675977 1.42681 -6.10655 165.195 -0.718387 0.168461 0.674938 
2.01865 -2.162 80.4305 4.93933 -56.4055 0.256277 -3.26825 163.572 -0.714702 0.205907 0.668439 0.158691 -5.72803 163.842 -0.722996 0.172129 0.669065 
2.0649 -2.13557 80.4289 4.91003 -57.7628 -1.12431 -3.03403 162.209 -0.722057 0.205873 0.660375 -1.1191 -5.48019 162.426 -0.727654 0.175206 0.663191 
2.10713 -2.11776 80.4289 4.89078 -58.8169 -2.37636 -2.58487 160.931 -0.728086 0.205492 0.653893 -2.16798 -4.98994 161.256 -0.731634 0.177707 0.658127 
2.14649 -2.10943 80.4337 4.88245 -59.8281 -3.73171 -2.00168 159.861 -0.73299 0.205145 0.648612 -3.16452 -4.28786 160.068 -0.735946 0.177192 0.653442 
2.18699 -2.10972 80.4178 4.88274 -60.9822 -4.46749 -0.983554 158.773 -0.737382 0.209847 0.642008 -4.07171 -3.30509 158.746 -0.740259 0.178545 0.648181 
2.23181 -2.12207 80.3781 4.89509 -62.4586 -5.59294 0.607534 157.325 -0.740468 0.216996 0.636011 -4.9379 -1.93807 157.142 -0.744421 0.180543 0.642839 
2.27001 -2.14275 80.3448 4.91578 -64.0461 -6.10321 2.5275 155.762 -0.744292 0.228194 0.627533 -5.42638 -0.409775 155.516 -0.748107 0.181689 0.638221 
2.30477 -2.16774 80.3083 4.94048 -65.9162 -6.98486 4.30365 153.856 -0.747535 0.234128 0.621469 -6.1408 1.24808 153.636 -0.751345 0.187618 0.632677 
2.33293 -2.1913 80.2908 4.96174 -67.8863 -7.63776 6.13616 151.833 -0.750244 0.242324 0.615177 -6.57397 2.28318 151.665 -0.753932 0.19493 0.627366 
2.35821 -2.21514 80.3734 4.9807 -69.6754 -8.36103 7.52818 149.706 -0.751676 0.249801 0.610239 -7.04409 3.82764 149.789 -0.755508 0.203706 0.622665 
2.37056 -2.24272 80.3083 5.00569 -71.1025 -8.8797 8.6948 148.034 -0.753553 0.25671 0.605088 -7.39458 5.24794 148.252 -0.756364 0.209098 0.619832 
2.37085 -2.27317 80.3146 5.03471 -72.3503 -9.06836 9.9369 146.554 -0.753282 0.263826 0.602459 -7.44066 6.22468 146.851 -0.75627 0.214015 0.618267 
2.35849 -2.31109 80.367 5.07148 -73.2758 -8.96189 10.8375 145.301 -0.753208 0.268407 0.600429 -7.33995 7.41958 145.668 -0.755202 0.21798 0.618187 
2.33063 -2.35619 80.4146 5.11629 -73.7124 -8.48001 12.0303 144.586 -0.752229 0.275224 0.598656 -6.70342 8.47303 144.915 -0.753759 0.223689 0.617908 
2.28208 -2.41365 80.4448 5.17375 -73.8807 -7.92204 13.0184 144.193 -0.749976 0.280254 0.599138 -5.95358 9.55924 144.625 -0.749988 0.2245 0.622188 
2.20595 -2.48547 80.448 5.24585 -74.1172 -7.01987 14.0934 144.003 -0.747104 0.28427 0.600753 -5.27758 10.5348 145.115 -0.747778 0.223816 0.625088 
2.08817 -2.57395 80.4416 5.34611 -74.5315 -4.28712 16.036 143.569 -0.734056 0.300819 0.608752 -2.07517 13.3281 144.695 -0.734475 0.241869 0.634071 
1.94138 -2.65496 80.5004 5.49922 -74.9475 0.0768567 18.566 142.886 -0.722343 0.291753 0.626907 4.51038 18.8978 144.063 -0.718768 0.23647 0.6538 
0.837394 -3.05915 80.8465 6.08669 -65.5082 24.2139 17.8814 151.4 -0.634688 0.153315 0.757335 25.338 11.4339 151.195 -0.631289 0.0810614 0.771299 
1.43233 -2.70666 80.7718 5.38058 -51.0397 18.9633 2.92434 167.678 -0.617316 0.273885 0.737495 19.4647 -7.98908 167.949 -0.627101 0.0791922 0.774902 
1.82043 -1.94712 80.7576 4.82184 -48.6331 0.813726 -15.6602 170.233 -0.717068 0.134465 0.683862 2.8301 -18.752 171.305 -0.73332 0.105559 0.671639 
1.98332 -1.84026 80.5543 4.68108 -48.8966 -5.48371 -16.0038 170.105 -0.749603 0.114899 0.651752 -4.72234 -18.204 170.435 -0.759592 0.0808173 0.645359 
2.0333 -1.83221 80.4591 4.65264 -49.8427 -6.59363 -15.2098 169.458 -0.751726 0.126544 0.647137 -6.2533 -17.2277 169.585 -0.76074 0.0981186 0.641598 
2.09305 -1.8279 80.3797 4.62793 -51.0731 -7.81086 -13.4935 168.224 -0.753404 0.146567 0.641057 -7.62006 -15.7603 168.457 -0.762993 0.110906 0.636821 
2.1643 -1.81871 80.3194 4.60696 -52.6034 -8.89678 -11.6394 166.879 -0.755974 0.161625 0.634349 -9.00755 -13.9955 166.969 -0.765484 0.128566 0.63048 
2.22032 -1.80923 80.2892 4.58082 -54.0671 -10.1941 -9.74112 165.327 -0.760016 0.173974 0.626192 -10.1489 -12.507 165.48 -0.768313 0.141305 0.624282 
2.27202 -1.80119 80.2591 4.55439 -55.6387 -11.2933 -7.94519 163.771 -0.761557 0.194266 0.618266 -11.2535 -10.9121 163.878 -0.770907 0.158273 0.616969 
2.31914 -1.79458 80.2369 4.5383 -57.2643 -12.4387 -6.33768 162.086 -0.76137 0.210521 0.613171 -12.1757 -9.43183 162.241 -0.774446 0.170237 0.609305 
2.35533 -1.79343 80.2432 4.536 -58.6518 -13.1466 -4.96432 160.534 -0.763468 0.222557 0.60634 -12.6976 -8.2549 160.867 -0.777214 0.170829 0.605604 
2.37487 -1.79544 80.2575 4.53572 -59.4487 -13.6037 -4.26179 159.539 -0.766481 0.221434 0.602894 -12.8129 -7.37929 160.193 -0.775432 0.181181 0.604878 
2.40331 -1.80808 80.275 4.55439 -60.5885 -14.1278 -3.15764 158.308 -0.768503 0.225208 0.598856 -12.6167 -6.03516 159.152 -0.775057 0.183599 0.604631 
2.41595 -1.83509 80.2781 4.59202 -61.5617 -14.4286 -2.04004 157.172 -0.770528 0.224985 0.596333 -12.0958 -5.06517 158.09 -0.773872 0.177991 0.607816 
2.41221 -1.87875 80.2972 4.65005 -62.4078 -13.9616 -1.08736 156.246 -0.772915 0.220912 0.594835 -11.3747 -4.123 157.07 -0.772949 0.171723 0.610788 
2.399 -1.91954 80.3289 4.70119 -62.9317 -13.3975 -0.120846 155.625 -0.773244 0.215353 0.596299 -10.8099 -3.36193 156.331 -0.772698 0.168717 0.611941 
2.3786 -1.96464 80.3289 4.75318 -63.1793 -12.8504 0.729141 155.228 -0.772862 0.211451 0.598292 -10.344 -2.35903 155.372 -0.773348 0.162587 0.612779 
2.3516 -2.0086 80.3829 4.79886 -63.246 -11.982 1.50532 155.048 -0.770932 0.211916 0.60044 -9.74241 -1.70328 155.178 -0.772155 0.164613 0.613742 
2.32172 -2.04767 80.3988 4.83793 -63.2809 -11.2246 2.28282 155.092 -0.768569 0.21479 0.6026 -8.64176 -0.977012 155.484 -0.77 0.166233 0.616009 
2.28926 -2.08731 80.3575 4.87585 -63.6397 -10.4953 2.84106 155.037 -0.766425 0.216943 0.60455 -8.32514 -0.721591 156.921 -0.769363 0.173024 0.614934 
1.74287 -2.6449 80.6877 5.44435 -57.8977 6.91184 13.1426 159.945 -0.690162 0.279104 0.667605 8.09355 7.75752 161.39 -0.749434 0.173051 0.639064 
1.65583 -2.07553 80.629 4.91578 -50.0094 3.67102 -14.9406 168.89 -0.698521 0.154921 0.69857 1.94634 -18.7612 169.833 -0.721967 0.11187 0.682824 
1.7604 -1.84773 80.5877 4.72101 -49.9554 -3.52917 -20.589 168.322 -0.735135 0.111092 0.66866 -4.67186 -23.3763 168.416 -0.750029 0.0770463 0.656902 
1.86467 -1.72133 80.4226 4.59978 -50.5809 -7.95197 -22.2271 167.569 -0.757775 0.0920369 0.646018 -9.30669 -24.2293 167.589 -0.769844 0.069522 0.634435 
1.977 -1.68312 80.2908 4.53744 -52.6494 -10.4333 -22.0532 165.622 -0.771563 0.0750537 0.631694 -11.1612 -23.9994 165.827 -0.782719 0.0548533 0.619954 
2.05025 -1.67996 80.2575 4.5044 -53.8432 -11.5216 -20.2892 164.39 -0.775209 0.0884168 0.62532 -12.1285 -22.9257 164.642 -0.786788 0.0617959 0.614123 
2.13241 -1.6722 80.2321 4.47338 -55.0608 -12.706 -17.4386 163.317 -0.775163 0.119846 0.620316 -13.0892 -20.8435 163.403 -0.788667 0.0775849 0.609906 
2.20423 -1.66071 80.2067 4.45155 -56.2261 -13.6934 -14.8524 162.273 -0.777077 0.140973 0.61346 -13.9008 -18.7692 162.231 -0.790391 0.0914023 0.605745 
2.26858 -1.64577 80.1892 4.43 -57.6167 -14.8505 -12.6674 161.028 -0.779127 0.158173 0.60653 -14.7173 -16.2581 160.836 -0.792747 0.10565 0.600326 
2.32431 -1.63428 80.1686 4.41133 -58.9582 -15.8235 -10.8017 159.575 -0.782125 0.169939 0.599357 -15.5681 -14.4129 159.541 -0.794466 0.120395 0.595255 
2.36826 -1.63342 80.1797 4.40329 -60.2282 -16.6056 -9.16585 158.232 -0.784705 0.180091 0.593102 -16.0446 -12.6236 158.383 -0.793643 0.136618 0.592846 
2.40072 -1.63744 80.1876 4.39697 -61.2791 -17.1965 -7.66941 157.095 -0.785157 0.191297 0.588967 -16.2701 -11.0448 157.424 -0.791541 0.152885 0.591684 
2.43577 -1.64319 80.2019 4.39783 -62.0951 -17.6806 -6.18197 156.062 -0.784993 0.202452 0.585434 -16.4215 -9.39189 156.734 -0.791305 0.16276 0.58936 
2.47024 -1.6541 80.2226 4.40645 -62.7364 -18.0471 -4.68361 155.252 -0.785169 0.211923 0.581857 -16.6437 -7.77153 156.087 -0.791185 0.170823 0.587235 
2.49466 -1.67881 80.2464 4.43115 -63.2238 -18.3199 -3.38797 154.677 -0.786162 0.218896 0.577911 -16.3258 -6.23145 155.559 -0.789278 0.17581 0.588328 
2.50414 -1.72133 80.2654 4.47367 -63.5667 -18.2689 -2.1093 154.188 -0.786067 0.223613 0.576242 -16.1735 -5.03979 155.089 -0.787968 0.179702 0.588909 
2.44525 -1.86611 80.3004 4.61816 -63.6381 -16.6962 -0.128347 154.046 -0.781874 0.230112 0.579317 -15.5621 -2.99275 154.494 -0.784278 0.190025 0.590592 
2.36912 -2.00975 80.3146 4.74657 -63.6667 -13.8618 2.48745 154.354 -0.769227 0.249215 0.588192 -11.2843 -0.52792 154.792 -0.764619 0.208559 0.609804 
2.3381 -2.10196 80.3194 4.8385 -63.754 -12.3142 4.42455 154.312 -0.762134 0.26094 0.592463 -7.73351 1.73867 154.334 -0.746484 0.228446 0.624959 
2.17004 -2.37401 80.4353 5.14042 -63.8381 -6.70802 8.8853 154.401 -0.746332 0.260546 0.612381 -3.11256 5.20129 154.764 -0.738838 0.217098 0.637955 
2.0063 -2.68052 80.6512 5.37771 -60.8124 0.169749 18.0179 156.34 -0.705731 0.339054 0.622052 0.460033 14.9048 156.955 -0.7915 0.152809 0.591758 
2.00142 -2.69 80.6607 5.37742 -60.3647 0.417571 18.281 156.888 -0.703009 0.345937 0.621225 0.349447 14.8972 157.676 -0.802768 0.137563 0.580207 
1.99653 -2.69833 80.6623 5.3757 -59.9599 0.652331 18.5424 157.31 -0.699081 0.352489 0.621981 0.837901 15.1941 157.892 -0.792794 0.16132 0.587754 
1.98964 -2.70896 80.6845 5.35501 -58.5867 1.66887 19.2165 158.595 -0.685163 0.379397 0.621704 1.48936 15.5132 159.228 -0.784635 0.190439 0.589984 
2.00601 -2.52626 80.748 5.20448 -52.524 3.22057 17.0027 164.624 -0.651392 0.427174 0.627054 3.56019 15.2863 164.534 -0.771914 0.282392 0.569564 
1.97614 -2.37918 80.7337 5.1522 -51.0413 0.475786 10.3633 167.121 -0.701533 0.313687 0.639804 -1.9811 8.35042 166.947 -0.861857 0.091944 0.498747 
1.84859 -2.72936 80.6861 4.99478 -48.7394 12.0409 13.4716 168.938 -0.484914 0.588802 0.646619 9.10304 5.40078 170.427 -0.777803 0.133286 0.614213 
1.86151 -2.663 80.7099 4.95082 -47.9171 12.2415 12.8427 169.623 -0.463777 0.605795 0.646401 10.2493 5.36627 171.08 -0.802172 0.157228 0.57602 
1.86209 -2.60382 80.7306 4.90974 -46.9979 11.4119 11.2833 170.785 -0.46837 0.597462 0.650742 9.57139 5.74098 171.749 -0.794915 0.200311 0.5727 
1.64721 -2.04336 80.6401 4.86148 -39.0303 0.463777 -15.3237 179.808 -0.705403 0.183994 0.684371 -2.43196 -16.8687 180.513 -0.72123 0.162047 0.673475 
1.82245 -1.76068 80.3289 4.65551 -43.5245 -6.44184 -22.1348 174.866 -0.753821 0.0840169 0.651548 -8.61034 -24.0813 174.511 -0.776159 0.0690281 0.626747 
2.09736 -1.67192 80.221 4.46447 -54.4306 -13.34 -17.2943 164.232 -0.775301 0.129496 0.618074 -13.471 -20.3329 163.992 -0.785942 0.0960704 0.61079 
2.27748 -1.6406 80.2559 4.40185 -61.2124 -16.071 -11.5148 157.023 -0.779609 0.176946 0.600728 -16.0586 -14.8231 157.439 -0.790529 0.13646 0.597028 
2.41738 -1.67651 80.3384 4.43374 -63.546 -17.1329 -6.01816 154.351 -0.782771 0.20521 0.587357 -15.6588 -9.61182 155.053 -0.791332 0.162495 0.589397 
2.45415 -1.7038 80.3432 4.46218 -63.5937 -17.3357 -4.25032 154.203 -0.784408 0.211024 0.583227 -15.4856 -7.5849 154.8 -0.798281 0.173323 0.576807 
2.44841 -2.03445 80.5464 4.79196 -63.3079 -13.7253 4.31198 154.73 -0.770643 0.246895 0.587337 -8.36656 0.498685 154.499 -0.764414 0.187803 0.616766 
1.98332 -2.03819 80.5956 4.8204 -37.8 -2.86634 -4.2723 181.336 -0.718848 0.236205 0.653654 -3.61174 -9.72443 180.867 -0.719342 0.126413 0.683056 
2.00888 -1.66445 80.2178 4.49493 -46.4026 -12.053 -16.1391 172.119 -0.763605 0.157552 0.626095 -12.9846 -18.8356 172.137 -0.775332 0.117893 0.620453 
2.1304 -1.5797 80.1702 4.41047 -60.0408 -15.9122 -18.4403 158.116 -0.791726 0.102677 0.602136 -16.6074 -18.3152 157.935 -0.793469 0.115663 0.59752 
2.44956 -1.65784 80.275 4.43603 -65.632 -17.7082 -6.22988 152.169 -0.788977 0.189737 0.584453 -15.6604 -10.2374 152.25 -0.799198 0.141677 0.584132 
2.27432 -2.36165 80.675 5.05338 -44.3738 -7.6522 13.7616 172.701 -0.725296 0.354297 0.590078 -4.46715 9.97789 172.862 -0.727148 0.273676 0.629569 
2.10943 -1.66071 80.2242 4.4639 -36.4268 -14.3104 -10.8228 181.702 -0.770078 0.195966 0.607092 -14.072 -15.8285 182.101 -0.776266 0.138456 0.615013 
1.94195 -1.46566 80.0892 4.30734 -46.3217 -19.3912 -21.6536 170.897 -0.793897 0.133474 0.593162 -20.033 -23.4806 171.158 -0.802114 0.106621 0.587576 
2.01463 -1.42486 80.0765 4.26712 -52.2954 -20.708 -22.1278 164.751 -0.800463 0.125133 0.586172 -21.8927 -23.7468 164.737 -0.810175 0.102595 0.577141 
2.1597 -1.40246 80.0495 4.22202 -57.0119 -21.6932 -21.173 160.138 -0.811243 0.0995818 0.576196 -22.7203 -22.3782 160.09 -0.816821 0.0942908 0.569134 
2.24473 -1.39614 80.04 4.18439 -59.2042 -22.2699 -18.6072 157.936 -0.810165 0.123567 0.572958 -23.2899 -20.919 157.877 -0.819523 0.0973435 0.564718 
2.30707 -1.38924 80.0432 4.15796 -60.6425 -22.7118 -15.9188 156.624 -0.808561 0.148815 0.569168 -23.6309 -18.9961 156.454 -0.81954 0.114101 0.561548 
2.35792 -1.38263 80.0527 4.13699 -61.9665 -23.4551 -13.7272 155.217 -0.806163 0.170568 0.566613 -24.0218 -17.0153 155.143 -0.818072 0.132839 0.559564 
2.40101 -1.37861 80.0908 4.12837 -62.9444 -23.6755 -11.9658 154.176 -0.805971 0.184883 0.562213 -24.2074 -15.2142 154.121 -0.81656 0.146248 0.558427 
2.43347 -1.37804 80.1448 4.11831 -63.8286 -24.0628 -10.5837 153.251 -0.805633 0.194449 0.559478 -24.7228 -13.6152 153.213 -0.814521 0.160283 0.557553 
2.47024 -1.38148 80.1241 4.11601 -64.4525 -24.331 -9.1236 152.43 -0.804482 0.206504 0.556868 -25.0165 -12.1137 152.562 -0.812909 0.170365 0.556915 
2.5231 -1.38953 80.1511 4.12377 -64.8811 -24.4638 -7.53277 151.941 -0.803857 0.216397 0.553993 -24.9165 -10.6035 152.077 -0.811924 0.17774 0.556046 
2.64059 -1.52771 80.2797 4.29613 -65.0367 -23.9293 -1.92797 151.545 -0.807863 0.222331 0.545741 -23.4246 -6.92342 151.667 -0.807772 0.187408 0.558911 
2.57854 -1.94913 80.7179 4.74485 -59.455 -19.4544 6.58864 156.421 -0.800558 0.236632 0.550388 -18.2934 -0.268899 156.121 -0.776794 0.174891 0.604983 
2.56073 -1.99366 80.6798 4.75117 -48.3029 -17.892 8.85293 167.988 -0.784778 0.279689 0.552937 -14.0249 4.46274 168.054 -0.762088 0.235872 0.602981 
2.51304 -1.77016 80.6242 4.50929 -40.7622 -18.6239 5.51785 176.047 -0.776423 0.298547 0.555051 -14.727 -6.57797 175.976 -0.761444 0.131276 0.634799 
2.0672 -1.48605 80.067 4.31596 -47.2408 -19.5871 -17.3679 170.779 -0.796767 0.147196 0.586027 -20.1518 -20.0523 170.773 -0.800204 0.124807 0.586598 
2.17521 -1.46508 80.1432 4.27574 -61.9617 -20.3392 -16.8787 155.503 -0.800823 0.140882 0.581964 -21.133 -17.9352 155.672 -0.806589 0.129206 0.576818 
2.55585 -1.84571 80.6591 4.53055 -65.8908 -18.7583 4.47364 150.55 -0.770026 0.30174 0.562141 -16.5612 0.77302 150.981 -0.777166 0.208838 0.593632 
2.42715 -2.06088 80.8306 4.76123 -56.8484 -14.3311 7.38469 159.848 -0.75781 0.310551 0.573783 -12.5622 5.45473 159.74 -0.756827 0.228006 0.612557 
2.02727 -1.74201 80.6877 4.54261 -35.1345 -12.242 -10.0248 182.895 -0.760608 0.207672 0.614991 -11.1393 -12.5251 183.11 -0.753147 0.154697 0.639404 
1.79085 -1.53805 80.1591 4.38117 -59.9424 -17.8891 -27.502 157.069 -0.791472 0.0939743 0.603846 -18.9932 -29.3844 157.391 -0.801783 0.0607786 0.594517 
2.28725 -1.4105 80.3051 4.18611 -70.5945 -22.4979 -16.7808 146.137 -0.808709 0.139818 0.571386 -22.1305 -19.6393 145.966 -0.821388 0.0983594 0.561825 
2.55843 -1.75666 80.8909 4.44666 -63.3936 -19.8336 2.62143 153.143 -0.774191 0.298401 0.558197 -17.8606 0.3534 153.369 -0.772973 0.2699 0.574166 
2.26886 -1.66818 80.8274 4.47079 -38.8652 -16.7431 -4.28857 178.564 -0.781307 0.226684 0.581409 -15.2858 -6.55316 178.822 -0.778044 0.205389 0.593686 
1.63198 -1.54925 80.3559 4.34238 -37.5793 -20.4214 -30.0202 178.7 -0.790135 0.12773 0.599454 -19.8633 -33.5787 179.12 -0.794414 0.07673 0.602511 
1.63658 -1.52196 80.2289 4.33578 -49.5316 -21.1134 -32.8838 166.599 -0.797939 0.0971072 0.594778 -21.5761 -35.2654 166.341 -0.80383 0.0629234 0.591522 
1.86008 -1.43118 80.2289 4.24615 -57.5977 -22.6347 -30.8424 158.224 -0.814016 0.0654839 0.577083 -23.2687 -33.8515 158.331 -0.81553 0.0407739 0.577276 
2.03675 -1.41596 80.2369 4.18295 -62.665 -23.264 -25.0046 153.738 -0.809934 0.114643 0.575167 -24.3337 -28.3258 153.337 -0.820872 0.0706195 0.56673 
2.42571 -1.75149 80.8179 4.47625 -60.1948 -18.646 -1.4002 155.962 -0.777768 0.256801 0.573591 -18.0401 -4.8232 156.665 -0.778258 0.219174 0.588453 
2.29845 -1.68685 80.7814 4.39926 -35.4219 -16.5832 -2.12816 181.765 -0.755983 0.295137 0.584185 -16.8801 -10.3431 181.36 -0.775583 0.20975 0.595379 
1.91782 -1.57683 80.6417 4.31969 -30.38 -18.255 -17.5938 186.8 -0.769885 0.215246 0.600769 -19.9666 -24.5452 186.216 -0.790281 0.134385 0.597826 
1.62997 -1.54896 80.1654 4.34095 -34.7345 -20.3594 -29.6341 181.672 -0.78687 0.135679 0.601995 -20.3346 -33.4902 181.599 -0.794814 0.0923838 0.599781 
1.53604 -1.52598 80.067 4.36422 -45.158 -21.2534 -34.3062 170.355 -0.79917 0.0885085 0.594553 -21.0836 -37.5828 170.355 -0.807022 0.0426609 0.588979 
1.81239 -1.42774 80.0686 4.25879 -59.9313 -22.9815 -33.3821 155.152 -0.819036 0.0383258 0.572457 -23.9699 -35.3957 155.229 -0.825449 0.0242742 0.563954 
2.32258 -1.31139 80.4766 4.02064 -61.368 -25.7368 -15.7611 154.384 -0.80429 0.198132 0.560276 -27.1271 -22.2444 153.829 -0.823675 0.134271 0.550936 
2.56159 -1.27376 80.6226 3.95572 -57.9977 -27.5484 -6.06948 157.885 -0.802209 0.262333 0.536368 -28.3151 -11.0962 157.677 -0.813669 0.219681 0.538222 
2.68454 -1.39355 80.8449 4.05942 -49.2442 -26.6652 1.28906 165.783 -0.792544 0.306742 0.526863 -26.1897 -4.26543 166.15 -0.801235 0.253712 0.541898 
2.67736 -1.52311 80.8433 4.18898 -41.837 -24.6164 2.90171 173.783 -0.786557 0.312628 0.532379 -24.5337 -2.38046 173.844 -0.797033 0.258007 0.54605 
2.67794 -1.54322 80.8369 4.20909 -40.151 -24.2204 3.3568 175.634 -0.783966 0.315355 0.534664 -23.9587 -1.78605 175.688 -0.795753 0.26365 0.545221 
2.6765 -1.54839 80.8147 4.21254 -39.3287 -24.0742 3.50642 176.521 -0.784671 0.313713 0.534501 -23.5824 -1.38117 176.584 -0.795531 0.266205 0.544302 
2.67564 -1.55126 80.802 4.21512 -38.6493 -23.9484 3.61445 177.291 -0.783382 0.316034 0.534992 -23.3052 -0.765352 177.33 -0.795838 0.268672 0.542639 
2.67593 -1.55327 80.802 4.21857 -38.0127 -23.9464 3.62556 177.955 -0.782398 0.317902 0.535507 -23.2446 -0.46294 178.018 -0.793801 0.274718 0.542595 
2.67449 -1.55586 80.8004 4.22489 -37.384 -23.8249 3.63761 178.624 -0.782369 0.318139 0.535374 -23.218 -0.344131 178.673 -0.792866 0.277041 0.542782 
2.66932 -1.55931 80.7941 4.23293 -36.5157 -23.6813 3.78513 179.509 -0.782795 0.316723 0.535564 -23.076 -0.062112 179.551 -0.792047 0.28003 0.542443 
2.65036 -1.5639 80.783 4.24126 -35.1933 -23.5814 3.5349 180.962 -0.783624 0.313057 0.536589 -23.1396 -0.103062 180.878 -0.792667 0.276974 0.543106 
2.61301 -1.57195 80.7782 4.25678 -33.9153 -23.17 3.20717 182.292 -0.782428 0.312621 0.538543 -23.0408 -0.790417 182.258 -0.793578 0.27182 0.544378 
2.47484 -1.56936 80.7433 4.29786 -31.0245 -21.7049 0.611667 185.623 -0.780104 0.297097 0.550652 -22.5598 -4.30071 185.408 -0.791074 0.262016 0.552765 
2.3832 -1.4984 80.702 4.2608 -28.0035 -21.4782 -4.25788 188.888 -0.788695 0.253404 0.559987 -22.8514 -11.5289 188.394 -0.79417 0.217025 0.567622 
2.23899 -1.41797 80.6353 4.22547 -26.1033 -22.3526 -10.7707 190.735 -0.801274 0.201211 0.563395 -25.5419 -19.5393 190.017 -0.807787 0.175514 0.562738 
1.61963 -1.39901 80.2988 4.16514 -29.1481 -28.1727 -30.2557 185.378 -0.807452 0.15946 0.567963 -26.6167 -31.5507 186.065 -0.812172 0.120208 0.570899 
1.48433 -1.44555 80.1797 4.24184 -37.9571 -27.9123 -36.2316 176.023 -0.814213 0.112478 0.569587 -27.2564 -37.8196 175.971 -0.817059 0.090145 0.569464 
1.47887 -1.43779 80.2353 4.2473 -42.0735 -27.8818 -36.659 171.829 -0.81771 0.101821 0.566432 -27.3723 -38.6451 171.787 -0.820665 0.0743884 0.566547 
1.48088 -1.43722 80.1813 4.25592 -48.4838 -27.6816 -37.1977 165.27 -0.819814 0.0893621 0.565531 -27.2413 -38.9473 165.235 -0.822907 0.0622407 0.564757 
1.51708 -1.4059 80.1654 4.2269 -53.7813 -28.2552 -36.9276 159.923 -0.821098 0.0910383 0.563526 -27.9667 -38.7839 159.951 -0.825749 0.0581163 0.561036 
1.73052 -1.37746 80.1829 4.21283 -57.5056 -27.2284 -36.8208 156.009 -0.83304 0.0355107 0.552035 -29.3282 -40.9482 155.813 -0.837424 0.0181941 0.546251 
2.0198 -1.32489 80.1892 4.10539 -60.071 -25.8809 -28.6896 154.879 -0.824618 0.0812178 0.559725 -27.0403 -36.1464 154.167 -0.835848 0.0118455 0.548834 
2.19446 -1.28669 80.1924 4.03615 -61.7585 -27.4753 -21.1522 154.06 -0.819822 0.147817 0.553145 -28.9381 -27.8589 153.544 -0.826522 0.108599 0.552329 
2.2364 -1.38551 80.1797 4.15279 -63.781 -24.2496 -18.0145 152.849 -0.808507 0.159038 0.566532 -26.2085 -22.6638 152.36 -0.818978 0.117555 0.561654 
2.30765 -1.45388 80.1876 4.26137 -65.5114 -22.1358 -15.3426 151.552 -0.809252 0.139486 0.570676 -22.9621 -20.199 151.32 -0.812261 0.115353 0.571775 
2.38693 -1.75637 80.6575 4.49234 -57.3675 -15.5373 -3.06894 159.843 -0.769108 0.2422 0.591422 -15.0629 -6.91355 160.385 -0.775059 0.200794 0.599137 
1.24273 -2.68541 80.2924 5.43085 -49.2331 18.2726 1.10508 169.66 -0.613178 0.282115 0.737809 20.9576 -3.71936 169.951 -0.527499 0.256801 0.809814 
1.27922 -2.72132 80.2765 5.62218 -52.2542 17.9925 2.7517 166.592 -0.656793 0.124245 0.743664 17.8318 0.407544 167.086 -0.665829 0.0883982 0.740849 
