19319 -19.2699 0.0571674 189.384 -0.652671 0.0117758 0.75755 3.13786 3.13786 43.0068 0.00373452 -0.00635 
463867 -29.3409 4.8602 196.112 -0.819441 0.0238131 0.572669 3.01519 -2.90115 65.743 6.03269 -9.4996 
1304450 -33.9195 14.9156 189.971 -0.87865 0.0153716 0.477219 2.66788 -3.11832 76.2633 0.00718177 -23.0616 
1461779 -34.7997 18.7976 183.322 -0.884674 0.0491234 0.463616 2.63054 3.12665 76.0062 0.0646359 -28.5464 
1581536 -34.7026 18.3584 179.138 -0.88141 0.0424449 0.470442 2.63226 3.11085 75.2823 0.0879048 -32.2088 
1736523 -34.863 17.1185 174.378 -0.878286 0.0306997 0.477149 2.65496 3.09678 74.4012 0.112323 -36.4014 
1899147 -35.0709 15.0895 170.224 -0.874541 0.0152218 0.484712 2.69891 3.09075 73.3328 0.130421 -39.9336 
2100751 -35.4131 11.5578 166.188 -0.870269 -0.00645389 0.492535 2.78337 3.08529 72.1374 0.147944 -43.2768 
2463944 -35.4346 3.86755 162.101 -0.864167 -0.0334211 0.502094 2.99853 3.06863 71.1675 0.151966 -46.6503 
2679018 -35.9051 -2.82127 161.72 -0.873955 -0.0256166 0.485332 -3.10827 3.06863 72.4883 0.121516 -47.8854 
2894439 -35.5906 -8.16706 163.287 -0.880286 -0.0296484 0.473517 -2.927 3.08155 74.7536 0.0761267 -48.3235 
3514921 -35.2403 -16.449 170.672 -0.889664 -0.00688928 0.456564 -2.62939 3.12838 78.5541 6.26509 -44.477 
3864119 -35.0822 -18.2156 182.026 -0.891269 0.00488208 0.453448 -2.55499 3.12867 79.6685 6.24756 -33.8265 
4068385 -34.9437 -16.5175 187.831 -0.889451 0.0064121 0.456986 -2.60871 3.10109 79.1875 6.27428 -27.759 
4278342 -34.933 -13.1871 192.722 -0.88571 0.0154478 0.463981 -2.70293 3.0603 78.0001 0.0221198 -21.9012 
4490346 -34.9731 -8.73155 195.976 -0.879397 0.024173 0.475475 -2.83479 3.02467 75.8998 0.0554433 -16.7497 
4784872 -35.1982 -1.66094 198.003 -0.870301 0.0438923 0.49056 -3.04622 2.99221 72.8978 0.100832 -12.0507 
4983819 -35.6102 4.35112 197.662 -0.867412 0.0307007 0.496643 3.07236 2.99049 71.7898 0.132719 -11.4014 
5148332 -35.3409 8.2426 196.411 -0.866531 0.0383106 0.497651 2.94826 3.00112 71.5246 0.142486 -12.4555 
5305012 -35.3665 11.6249 194.384 -0.868747 0.0394848 0.493681 2.83881 3.00456 71.839 0.159435 -14.6336 
5463807 -35.3066 14.5371 191.52 -0.870625 0.0376255 0.490507 2.74142 2.99824 72.3089 0.184428 -17.6673 
5620007 -35.147 16.6245 188.128 -0.870898 0.0353012 0.490194 2.6676 2.98503 72.6057 0.212293 -21.0566 
5771033 -35.0964 17.866 184.457 -0.870382 0.0323957 0.491311 2.61991 2.96837 72.6645 0.240158 -24.5824 
5888194 -34.9484 18.4039 181.427 -0.868026 0.0320838 0.49548 2.59808 2.95314 72.2835 0.260267 -27.2479 
5993479 -34.9104 18.5131 178.705 -0.866117 0.0310251 0.498877 2.59032 2.93964 71.8993 0.276929 -29.6434 
6099195 -34.9176 18.1644 176.027 -0.863849 0.0267909 0.503037 2.59348 2.92758 71.3881 0.294165 -31.9453 
6250302 -35.003 16.9739 172.423 -0.860443 0.0151187 0.509322 2.61388 2.91407 70.5785 0.318871 -35.0171 
6436072 -35.182 14.4711 168.46 -0.856724 -0.000101172 0.515775 2.67363 2.89741 69.6085 0.343289 -38.4223 
6645114 -35.5396 10.4273 164.909 -0.856522 -0.0154257 0.515879 2.78681 2.87874 69.3085 0.357652 -41.937 
6967431 -35.5934 3.27577 161.903 -0.862247 -0.0345926 0.505305 3.00772 2.84915 70.6277 0.358801 -46.1232 
7237207 -35.6866 -3.79884 161.952 -0.879423 -0.0196053 0.475637 -3.0534 2.87845 74.7108 0.287271 -49.3458 
7579394 -34.9344 -11.9931 165.668 -0.887922 -0.0159191 0.459719 -2.78164 3.01433 78.0906 0.108588 -48.7251 
8257991 -34.9328 -18.497 179.483 -0.891435 0.00355826 0.453134 -2.54694 3.12321 79.8892 6.2536 -36.5093 
8460988 -34.9257 -17.5044 185.509 -0.890586 0.004632 0.454791 -2.57883 3.11028 79.5955 6.26652 -30.3403 
8671066 -34.9178 -15.0845 190.622 -0.888291 0.00983786 0.459176 -2.65007 3.07839 78.8398 0.0100545 -24.6999 
8880279 -34.9527 -11.1663 194.665 -0.883184 0.0188091 0.468648 -2.76297 3.04019 77.1238 0.0405052 -19.1548 
9178593 -34.9327 -4.2873 197.735 -0.872331 0.0350654 0.487656 -2.96808 2.99767 73.7837 0.0893412 -13.1366 
9361742 -35.5915 0.386101 197.998 -0.870265 0.0479122 0.490248 -3.11229 2.98474 72.4152 0.11893 -11.5554 
9534078 -35.4647 5.64044 197.396 -0.866506 0.0351297 0.497929 3.033 2.98991 71.6104 0.137603 -11.5395 
9691606 -35.3132 9.22653 195.954 -0.866681 0.0396812 0.497282 2.91695 2.99939 71.5215 0.149094 -12.8921 
9846504 -35.3352 12.458 193.716 -0.868909 0.0394126 0.493401 2.81123 3.00054 71.8803 0.168341 -15.2908 
9998998 -35.3179 15.0513 190.827 -0.870953 0.0371457 0.489961 2.72361 2.9925 72.4057 0.193333 -18.369 
10164088 -35.0544 17.0921 187.038 -0.869982 0.0347969 0.491854 2.64979 2.97727 72.4994 0.223784 -22.0059 
10312991 -34.9847 18.1141 183.315 -0.868782 0.0320181 0.494159 2.60899 2.96032 72.3994 0.251075 -25.4937 
10416037 -34.9167 18.4881 180.609 -0.867078 0.0323703 0.49712 2.59434 2.94625 72.0961 0.267736 -27.9051 
10521782 -34.8964 18.457 177.9 -0.865147 0.0305459 0.500586 2.59032 2.93361 71.6882 0.283823 -30.2847 
10650542 -34.9571 17.8345 174.757 -0.862526 0.0232516 0.505478 2.59808 2.91982 71.069 0.305656 -32.9851 
10805993 -35.0441 16.3028 171.126 -0.858744 0.0098106 0.512311 2.62738 2.90661 70.1753 0.330649 -36.0537 
11013056 -35.3152 13.0816 167.023 -0.855944 -0.00613451 0.517031 2.71097 2.88851 69.3339 0.352194 -39.7256 
11224702 -35.6268 8.68112 163.884 -0.857423 -0.0191407 0.514257 2.83996 2.86725 69.4419 0.362248 -43.1054 
11512249 -35.9195 1.97461 161.687 -0.867074 -0.0384278 0.496696 3.05082 2.84455 71.5691 0.355641 -47.0265 
11811539 -35.3701 -5.86996 162.413 -0.882018 -0.0190633 0.47083 -2.98417 2.90632 75.7903 0.246478 -49.7935 
12134274 -34.9128 -13.0912 166.713 -0.888788 -0.0134756 0.458119 -2.74344 3.03387 78.4493 0.0841703 -48.0663 
12812544 -34.9199 -18.4266 181.13 -0.891146 0.00374591 0.453701 -2.54895 3.12321 79.8082 6.25331 -34.8107 
13017431 -34.8899 -17.0654 186.982 -0.889935 0.00499056 0.456061 -2.59262 3.10453 79.4082 6.27198 -28.7528 
13231040 -34.9038 -14.0887 191.907 -0.886926 0.0128582 0.461733 -2.67765 3.06719 78.4223 0.0178108 -23.0743 
13443738 -34.9617 -9.79434 195.513 -0.881112 0.0214277 0.472422 -2.80376 3.03013 76.4443 0.0502724 -17.6943 
13889153 -35.3196 -0.0997649 198.324 -0.868743 0.0460583 0.493118 -3.09764 2.98359 72.266 0.118356 -11.1808 
14079081 -35.3753 5.96384 197.294 -0.865742 0.0335493 0.499365 3.01893 2.98876 71.4516 0.143923 -11.5316 
14233891 -35.3236 9.73147 195.56 -0.866831 0.0393152 0.497049 2.89942 2.99537 71.5231 0.15685 -13.2667 
14385683 -35.3433 12.9236 193.06 -0.869006 0.0392527 0.493242 2.79543 2.99394 71.9025 0.177533 -15.9194 
14543867 -35.2371 15.5521 189.904 -0.87023 0.0369617 0.491257 2.70552 2.98417 72.3216 0.204824 -19.1706 
14699289 -35.0621 17.2878 186.277 -0.869568 0.0345738 0.492602 2.64203 2.96952 72.4248 0.232977 -22.6663 
14843798 -34.9662 18.1662 182.519 -0.867877 0.0319172 0.495753 2.60583 2.95314 72.2136 0.259118 -26.1303 
14947543 -34.9389 18.434 179.915 -0.86643 0.0315251 0.498303 2.59405 2.94022 71.939 0.274918 -28.4702 
15047788 -35.0004 18.3351 177.28 -0.865127 0.0290969 0.500708 2.59204 2.92758 71.6215 0.291005 -30.8372 
15187733 -34.9736 17.5011 173.852 -0.86128 0.0200901 0.507733 2.60353 2.91407 70.7801 0.314561 -33.6915 
15345847 -35.0898 15.7859 170.292 -0.857723 0.00588523 0.514079 2.63829 2.90143 69.9229 0.338692 -36.7268 
15556484 -35.3903 12.2524 166.313 -0.855684 -0.00918376 0.517417 2.73396 2.88247 69.2196 0.357365 -40.3844 
15765211 -35.6241 7.77063 163.493 -0.857774 -0.0211185 0.513593 2.86782 2.86093 69.5196 0.364834 -43.5769 
16126004 -36.3049 -0.456324 161.518 -0.873783 -0.0443718 0.484287 3.13355 2.84599 72.9963 0.338692 -48.2822 
16489777 -34.9397 -10.0348 164.258 -0.885711 -0.0194384 0.46383 -2.84915 2.97785 77.3397 0.155126 -49.3887 
17170675 -34.92 -18.285 176.86 -0.891421 0.00339569 0.453164 -2.55441 3.11861 79.8876 6.25877 -39.1493 
17392120 -34.9309 -17.9257 183.661 -0.890795 0.00420769 0.454386 -2.56533 3.11717 79.6669 6.25963 -32.2167 
17600709 -34.8917 -16.0307 189.154 -0.889053 0.00688027 0.457752 -2.62364 3.09075 79.1034 0.000861812 -26.3763 
17805579 -34.8915 -12.6581 193.44 -0.884878 0.0161161 0.465544 -2.71873 3.05283 77.7635 0.0290143 -20.9725 
18015309 -34.8618 -8.15545 196.393 -0.877719 0.0248316 0.478533 -2.8526 3.01864 75.495 0.0623377 -16.0004 
18456331 -35.7308 2.79138 198.021 -0.868026 0.0284451 0.495703 3.12436 2.97871 71.9469 0.133581 -11.149 
18634335 -35.3625 7.44469 196.709 -0.866179 0.0369513 0.498366 2.97296 2.99221 71.4834 0.147083 -12.1237 
18794303 -35.3645 11.1414 194.621 -0.868015 0.0396503 0.494952 2.85403 2.99652 71.7024 0.164032 -14.2938 
18941045 -35.3247 13.9767 192.043 -0.869749 0.038446 0.491995 2.7601 2.99221 72.0914 0.186151 -17.0069 
19098403 -35.2557 16.2401 188.672 -0.87099 0.0357332 0.49 2.6811 2.98072 72.5359 0.213442 -20.4772 
19252912 -35.0368 17.7202 184.861 -0.869303 0.0333845 0.49315 2.62508 2.96435 72.4327 0.242456 -24.0252 
19364601 -34.974 18.2521 182.044 -0.867872 0.0322476 0.49574 2.60325 2.95113 72.2152 0.261129 -26.5906 
19460101 -34.918 18.4684 179.461 -0.866135 0.0317968 0.498798 2.59291 2.93878 71.8866 0.276354 -28.8814 
19564828 -34.884 18.2613 176.774 -0.86373 0.0286601 0.503139 2.59262 2.92643 71.3738 0.293303 -31.1817 
19708690 -34.9805 17.3157 173.313 -0.860731 0.0186921 0.508716 2.60727 2.91178 70.6499 0.318009 -34.1455 
19880722 -35.1544 15.3365 169.604 -0.857497 0.00409144 0.514472 2.65065 2.89799 69.8149 0.341852 -37.3586 
20093525 -35.473 11.5147 165.703 -0.855954 -0.0118512 0.516916 2.75493 2.87903 69.2244 0.359663 -41.0258 
20391417 -35.5762 4.95632 162.335 -0.859952 -0.0288997 0.509556 2.95487 2.84944 70.0689 0.365121 -45.2263 
20622167 -36.4104 -0.481652 161.527 -0.874693 -0.0450869 0.482576 3.13355 2.84628 73.1598 0.338979 -48.3806 
20987129 -34.9866 -10.0545 164.217 -0.886167 -0.0191509 0.462971 -2.84829 2.97785 77.4317 0.154839 -49.4935 
21734772 -34.9239 -18.6035 178.382 -0.89164 0.00364836 0.45273 -2.54321 3.12292 79.9765 6.2536 -37.6634 
21958046 -34.9465 -17.654 185.188 -0.890725 0.00503259 0.454515 -2.57337 3.11315 79.6352 6.26308 -30.68 
22162734 -34.8767 -15.2681 190.438 -0.887998 0.0105207 0.459728 -2.64318 3.08127 78.8224 0.00603269 -24.8825 
22372410 -34.8693 -11.4641 194.505 -0.882808 0.0190501 0.469347 -2.75292 3.04335 77.1269 0.0361961 -19.3564 
22671510 -34.9128 -4.40371 197.697 -0.872298 0.035335 0.487697 -2.96377 2.99882 73.8075 0.087043 -13.2048 
22840708 -35.4448 -0.219857 198.003 -0.870082 0.0475737 0.490607 -3.09132 2.98618 72.5502 0.112897 -11.6967 
23027807 -35.4896 5.42337 197.434 -0.866651 0.0348183 0.497699 3.04019 2.98848 71.6421 0.137603 -11.5221 
23190918 -35.3303 9.25588 195.927 -0.866815 0.0397548 0.497043 2.91609 2.99824 71.5421 0.150243 -12.9286 
23351380 -35.3629 12.604 193.578 -0.869196 0.0394594 0.49289 2.80663 2.99882 71.931 0.170639 -15.4495 
23505114 -35.2669 15.1343 190.617 -0.870505 0.037408 0.490735 2.72074 2.99106 72.3375 0.195057 -18.5245 
23656912 -35.0788 17.0107 187.227 -0.870091 0.0348073 0.491661 2.65266 2.97727 72.5025 0.223209 -21.825 
23811169 -35.0818 18.08 183.481 -0.869651 0.032044 0.492626 2.611 2.96032 72.5359 0.250213 -25.419 
23912552 -35.0387 18.4872 180.769 -0.868181 0.0316139 0.495239 2.59434 2.94654 72.2803 0.267736 -27.8638 
24013235 -34.9343 18.4514 178.098 -0.865524 0.0301409 0.49996 2.59032 2.93418 71.7533 0.283536 -30.1307 
24142573 -34.9692 17.8721 174.954 -0.862877 0.0234659 0.504868 2.5975 2.92126 71.1421 0.303932 -32.8406 
24293822 -35.0432 16.4367 171.421 -0.859177 0.0104286 0.511572 2.62422 2.9089 70.2769 0.328063 -35.8267 
24489082 -35.2634 13.509 167.443 -0.856023 -0.00421286 0.516921 2.69948 2.89109 69.3863 0.349608 -39.3256 
24698770 -35.5831 9.29043 164.193 -0.856817 -0.0182052 0.515299 2.82071 2.87156 69.3418 0.361099 -42.7117 
25026021 -35.8581 1.81281 161.673 -0.866612 -0.0396469 0.497405 3.05484 2.84484 71.5135 0.355928 -47.0122 
25347830 -35.2133 -6.70965 162.727 -0.882428 -0.0196157 0.470039 -2.95745 2.92011 76.0665 0.228667 -49.738 
25834015 -34.8437 -15.1345 169.181 -0.889553 -0.00762804 0.456768 -2.67104 3.07035 78.9494 0.0390688 -46.1708 
26306099 -34.931 -18.3821 181.111 -0.891271 0.00345561 0.453458 -2.55096 3.12235 79.8273 6.25475 -34.8472 
26508175 -34.8928 -17.0935 186.753 -0.890024 0.00453986 0.45589 -2.59233 3.10482 79.4241 6.27227 -28.9925 
26720056 -34.8645 -14.2125 191.826 -0.886834 0.0119474 0.461934 -2.67478 3.06805 78.4239 0.0178108 -23.1632 
26926059 -34.9383 -10.1908 195.305 -0.881591 0.0208053 0.471555 -2.7917 3.03214 76.63 0.0479742 -18.0737 
27374802 -35.2263 -0.650695 198.387 -0.868925 0.0455133 0.492847 -3.07897 2.98417 72.4454 0.114046 -11.2855 
27572927 -35.4366 5.88261 197.295 -0.866288 0.0335614 0.498417 3.02209 2.98848 71.5469 0.143348 -11.5935 
27737833 -35.3637 9.78182 195.514 -0.867247 0.0392613 0.496328 2.89799 2.99595 71.5913 0.156563 -13.3572 
27890915 -35.4513 13.0663 192.952 -0.870141 0.0390678 0.491252 2.79141 2.99422 72.0993 0.177821 -16.1496 
28047455 -35.2619 15.6597 189.729 -0.870598 0.0368505 0.490614 2.70207 2.98417 72.3978 0.205399 -19.3881 
28194278 -35.0854 17.2545 186.352 -0.869874 0.0345337 0.492064 2.64347 2.97095 72.4771 0.231253 -22.6346 
28335299 -34.9822 18.1249 182.717 -0.86824 0.0320149 0.495111 2.60784 2.95544 72.2803 0.256245 -25.9905 
28434479 -34.9506 18.4533 180.244 -0.866881 0.0322257 0.497473 2.59492 2.94223 72.0295 0.271758 -28.2099 
28539933 -34.9455 18.3456 177.397 -0.864791 0.0297299 0.501252 2.59233 2.92844 71.5739 0.289569 -30.6943 
28664658 -34.9834 17.6788 174.397 -0.862148 0.0220932 0.506175 2.60124 2.91695 70.9643 0.309391 -33.2724 
28815359 -35.0502 16.16 170.927 -0.858357 0.0089233 0.512976 2.63054 2.90459 70.0832 0.333234 -36.1918 
29026034 -35.3404 12.7917 166.777 -0.855797 -0.00739538 0.517258 2.71873 2.8865 69.2847 0.354205 -39.9479 
29241294 -35.6268 8.32544 163.669 -0.857505 -0.0202851 0.514075 2.8503 2.86524 69.4641 0.363397 -43.3467 
29532832 -35.9968 1.48206 161.655 -0.868382 -0.0403902 0.494248 3.06633 2.84312 71.8469 0.355067 -47.2678 
29862273 -35.1893 -7.07604 162.834 -0.883069 -0.0193424 0.468843 -2.9451 2.92442 76.2824 0.22206 -49.8126 
30372918 -34.8251 -15.2437 169.342 -0.889526 -0.00723953 0.456827 -2.66702 3.0715 78.9748 0.0373452 -46.0359 
30832273 -34.935 -18.3104 181.822 -0.891203 0.00355729 0.453591 -2.55326 3.12177 79.7987 6.25532 -34.1217 
31033397 -34.8898 -16.8503 187.416 -0.889804 0.004674 0.45632 -2.60009 3.10166 79.3447 6.27543 -28.2797 
31247966 -34.839 -13.7595 192.329 -0.886069 0.013428 0.463358 -2.68713 3.06259 78.2144 0.0215453 -22.4869 
31467238 -34.9055 -9.29124 195.836 -0.879975 0.0228409 0.47447 -2.81813 3.02467 76.1602 0.055156 -17.1291 
31729576 -34.9987 -2.96693 197.93 -0.870816 0.0408412 0.48991 -3.00514 2.99164 73.2995 0.0959484 -12.5111 
31919968 -35.833 2.7609 197.875 -0.868941 0.0285481 0.494091 3.12608 2.98015 72.1041 0.13157 -11.3982 
32078700 -35.4381 6.61668 197.063 -0.866605 0.0371213 0.497612 3.00198 2.99078 71.5961 0.141624 -11.8523 
32232727 -35.3669 10.1201 195.418 -0.86758 0.0398499 0.495698 2.88793 2.99882 71.6469 0.155126 -13.4906 
32387941 -35.3577 13.2514 192.955 -0.869618 0.0391165 0.492173 2.78509 2.99681 72.0295 0.176671 -16.1052 
32541554 -35.2334 15.6925 189.847 -0.870626 0.0366837 0.490575 2.70092 2.98733 72.42 0.202813 -19.2961 
32696058 -35.0649 17.3742 186.25 -0.869997 0.0342327 0.491867 2.63916 2.97268 72.5295 0.230678 -22.7679 
32835743 -34.993 18.1939 182.754 -0.868563 0.0317905 0.494557 2.60555 2.95688 72.3565 0.255384 -26.0032 
32927974 -34.9416 18.5128 180.289 -0.867074 0.0320365 0.497149 2.59291 2.94424 72.0866 0.270322 -28.2067 
33032135 -34.9822 18.4243 177.681 -0.865632 0.0297194 0.499798 2.59061 2.93189 71.7501 0.286122 -30.5356 
33171725 -34.9543 17.6433 174.243 -0.861893 0.0210947 0.506651 2.60095 2.91867 70.9325 0.309103 -33.4137 
33328410 -35.0598 16.0011 170.648 -0.858209 0.00688845 0.513254 2.63312 2.90603 70.0562 0.333809 -36.4665 
33543749 -35.371 12.4882 166.492 -0.855925 -0.00861497 0.517028 2.72735 2.8865 69.291 0.353918 -40.2558 
33754313 -35.6038 7.9319 163.556 -0.857599 -0.0210316 0.51389 2.86265 2.86466 69.499 0.362248 -43.5039 
34037883 -36.0329 1.27793 161.638 -0.86899 -0.0409555 0.493131 3.07322 2.84484 71.9771 0.352194 -47.3853 
34375141 -35.1338 -7.3935 162.966 -0.883148 -0.0195498 0.468687 -2.93505 2.93074 76.3602 0.214304 -49.7602 
34899521 -34.7852 -16.1036 170.402 -0.889458 -0.00450174 0.456995 -2.636 3.08701 79.0939 0.0180981 -45.1104 
35338742 -34.9317 -18.3375 182.01 -0.891206 0.00350487 0.453586 -2.5524 3.12206 79.8035 6.25503 -33.9344 
35548864 -34.8941 -16.7043 187.832 -0.889701 0.00521755 0.456514 -2.60411 3.09965 79.3113 6.27687 -27.8432 
35758602 -34.8502 -13.5448 192.558 -0.885837 0.014271 0.463776 -2.69288 3.06058 78.1334 0.0226944 -22.1869 
35967832 -34.9417 -9.28984 195.793 -0.880203 0.0227166 0.474053 -2.81841 3.02582 76.1856 0.0542942 -17.1863 
36414662 -35.503 0.590918 198.215 -0.869144 0.048246 0.492201 -3.1189 2.98072 72.1851 0.123814 -11.1776 
36603421 -35.398 6.62101 197.026 -0.866144 0.036147 0.498485 2.99997 2.98675 71.5072 0.147083 -11.8237 
36757688 -35.3836 10.3049 195.161 -0.867602 0.0396981 0.495672 2.88133 2.99365 71.6389 0.161446 -13.7223 
36912302 -35.3733 13.4925 192.544 -0.869623 0.0390615 0.492168 2.77676 2.99078 72.0311 0.183853 -16.483 
37070304 -35.2325 15.902 189.294 -0.870353 0.0368144 0.49105 2.69345 2.98043 72.3771 0.210569 -19.7771 
37219564 -35.0818 17.4512 185.738 -0.869599 0.0341491 0.492576 2.63571 2.96607 72.4406 0.23786 -23.1854 
37348882 -35.0751 18.189 182.429 -0.868757 0.0317439 0.49422 2.60555 2.95171 72.3533 0.260267 -26.3017 
37456462 -34.9575 18.4755 179.611 -0.866365 0.0318812 0.498392 2.59291 2.93734 71.9152 0.277504 -28.7417 
37557620 -34.9525 18.2929 177.042 -0.864353 0.0288672 0.502056 2.59233 2.92557 71.4738 0.293591 -30.9721 
37699811 -34.974 17.4098 173.594 -0.86091 0.0196323 0.508379 2.60555 2.91206 70.6928 0.31686 -33.8884 
37868767 -35.1015 15.4845 169.759 -0.857224 0.00471459 0.514921 2.64634 2.89885 69.7927 0.341278 -37.184 
38075587 -35.4203 11.8445 165.978 -0.855658 -0.0104249 0.517437 2.74573 2.88018 69.1894 0.358801 -40.7146 
38348962 -35.6693 7.14317 163.201 -0.858711 -0.0222324 0.511978 2.88793 2.85719 69.699 0.365121 -44.0103 
38648493 -36.2148 -1.50041 161.652 -0.876782 -0.0218365 0.480392 -3.13499 2.848 73.4185 0.33467 -48.5711 
39002081 -34.9159 -10.4126 164.5 -0.886089 -0.0191528 0.46312 -2.83651 2.98359 77.4873 0.147657 -49.2903 
39709715 -34.8927 -18.5008 177.927 -0.891388 0.00317742 0.45323 -2.54723 3.1212 79.913 6.25589 -38.0841 
39923236 -34.9263 -17.8371 184.414 -0.890741 0.00406492 0.454493 -2.56849 3.11574 79.6463 6.26135 -31.4547 
40130512 -34.8483 -15.7046 189.848 -0.88834 0.00769484 0.459123 -2.63284 3.08672 78.9208 0.00373452 -25.5508 
40341138 -34.8974 -12.0466 193.959 -0.884028 0.0180594 0.467085 -2.73568 3.04708 77.4937 0.0330361 -20.2121 
40790561 -34.9277 -5.35743 197.39 -0.873979 0.0313175 0.484953 -2.93706 3.00284 74.2663 0.0830212 -13.897 
41011831 -35.5632 4.07495 197.755 -0.866879 0.0302783 0.497598 3.08098 2.98244 71.7072 0.138752 -11.2506 
41178820 -35.3892 8.38245 196.235 -0.866824 0.0378893 0.497173 2.9428 2.99422 71.558 0.15053 -12.6349 
41335544 -35.4143 11.9714 193.926 -0.869024 0.0393426 0.493204 2.82703 2.99652 71.8771 0.169202 -15.0781 
41492770 -35.4017 14.8108 190.957 -0.871177 0.0375608 0.489531 2.73223 2.98905 72.4025 0.194482 -18.2356 
41652525 -35.141 16.8425 187.401 -0.870289 0.0351622 0.491285 2.65898 2.97555 72.4962 0.223209 -21.6535 
41806299 -35.0388 17.9994 183.571 -0.869051 0.0323614 0.493663 2.61359 2.95918 72.4137 0.250787 -25.2524 
41909047 -34.9787 18.4068 180.86 -0.867485 0.0321932 0.496421 2.59721 2.94567 72.1438 0.267736 -27.6892 
42004501 -34.9621 18.4402 178.379 -0.865812 0.0309294 0.499412 2.59204 2.93361 71.7929 0.282674 -29.8767 
42123914 -34.9656 17.996 175.482 -0.863227 0.0254403 0.504175 2.59635 2.92126 71.2151 0.301634 -32.3564 
42271720 -35.0417 16.6836 171.896 -0.859693 0.0130923 0.510644 2.61991 2.90862 70.3832 0.325765 -35.4076 
42472152 -35.2328 13.885 167.841 -0.85611 -0.00234033 0.516789 2.68943 2.89138 69.426 0.349034 -38.9318 
42683547 -35.5764 9.55749 164.388 -0.85664 -0.0176906 0.515611 2.81238 2.87213 69.3085 0.361674 -42.4815 
42978729 -35.7356 2.79294 161.856 -0.864178 -0.0362785 0.501876 3.02324 2.84542 70.9928 0.35995 -46.4296 
43263332 -35.5834 -4.58466 162.116 -0.880739 -0.0192765 0.473209 -3.02668 2.88678 75.2013 0.273769 -49.5824 
43601086 -34.8956 -12.4893 166.177 -0.888065 -0.0149333 0.459476 -2.76441 3.02352 78.2017 0.0970975 -48.3568 
44275814 -34.915 -18.4639 180.061 -0.891234 0.00325612 0.453532 -2.54838 3.12321 79.832 6.25388 -35.895 
44482508 -34.908 -17.3718 185.995 -0.890357 0.00441665 0.455242 -2.58343 3.10856 79.5272 6.26853 -29.8133 
44683404 -34.8694 -14.8298 191.041 -0.88761 0.0103814 0.460479 -2.65725 3.07523 78.6716 0.0123526 -24.1538 
44892939 -34.8852 -10.988 194.877 -0.882378 0.0197679 0.470127 -2.76728 3.03789 76.9603 0.0416543 -18.8182 
