3.14016 3.14016 43.0401 0.00143635 -0.028575 -19.7241 5.23192 185.676 -0.700171 0.000145526 0.713974 -20.2658 6.06434 189.487 -0.658022 0.113155 0.744448 
3.14016 3.14016 43.0401 0.00143635 -0.028575 -19.7251 5.23318 185.676 -0.700064 1.01008e-005 0.713978 -20.2658 6.06434 189.487 -0.658022 0.113155 0.744448 
3.14016 3.14016 43.0401 0.00143635 -0.028575 -19.7252 5.23205 185.676 -0.700049 0.000131207 0.713973 -20.2658 6.06434 189.487 -0.658022 0.113155 0.744448 
3.14016 3.14016 43.0401 0.00143635 -0.028575 -19.7252 5.23205 185.676 -0.700049 0.000131207 0.713973 -20.2658 6.06434 189.487 -0.658022 0.113155 0.744448 
3.14016 3.14016 43.0401 0.00143635 -0.028575 -19.7252 5.23205 185.676 -0.700049 0.000131207 0.713973 -20.2658 6.06434 189.487 -0.658022 0.113155 0.744448 
3.14016 3.14016 43.0401 0.00143635 -0.028575 -19.7252 5.23205 185.676 -0.700049 0.000131207 0.713973 -20.2658 6.06434 189.487 -0.658022 0.113155 0.744448 
3.14016 3.14016 43.0401 0.00143635 -0.028575 -19.7252 5.23205 185.676 -0.700049 0.000131207 0.713973 -20.2658 6.06434 189.487 -0.658022 0.113155 0.744448 
3.14016 3.14016 43.0401 0.00143635 -0.028575 -19.7252 5.23205 185.676 -0.700049 0.000131207 0.713973 -20.2658 6.06434 189.487 -0.658022 0.113155 0.744448 
3.14016 3.14016 43.0401 0.00143635 -0.028575 -19.7241 5.23192 185.676 -0.700171 0.000145526 0.713974 -20.2658 6.06434 189.487 -0.658022 0.113155 0.744448 
3.14016 3.14016 43.0401 0.00143635 -0.028575 -19.7371 5.12118 185.681 -0.700171 0.000145526 0.713974 -20.2658 6.06434 189.487 -0.658022 0.113155 0.744448 
3.14016 3.14016 43.0401 0.00143635 -0.028575 -19.7371 5.12118 185.681 -0.700171 0.000145526 0.713974 -20.2658 6.06434 189.487 -0.658022 0.113155 0.744448 
3.14016 3.14016 43.0401 0.00143635 -0.028575 -19.7252 5.23205 185.676 -0.700049 0.000131207 0.713973 -20.2658 6.06434 189.487 -0.658022 0.113155 0.744448 
3.14016 3.14016 43.0401 0.00143635 -0.028575 -19.7381 5.12244 185.681 -0.700064 1.01008e-005 0.713978 -20.2658 6.06434 189.487 -0.658022 0.113155 0.744448 
3.14016 3.14016 43.0401 0.00143635 -0.028575 -19.7382 5.12131 185.681 -0.700049 0.000131207 0.713973 -19.9788 5.97741 188.497 -0.669936 0.0890467 0.73706 
3.14016 3.14016 43.0401 0.00143635 -0.028575 -19.7381 5.12244 185.681 -0.700064 1.01008e-005 0.713978 -19.6748 6.078 187.696 -0.678736 0.0704451 0.730996 
3.14016 3.14016 43.0401 0.00143635 -0.028575 -19.7392 5.12252 185.68 -0.69994 1.20734e-006 0.714099 -19.4547 6.31338 186.989 -0.681512 0.061461 0.729221 
3.14016 3.14016 43.0401 0.00143635 -0.028575 -19.7382 5.12126 185.68 -0.700047 0.000136633 0.714095 -19.2694 6.58274 186.558 -0.678137 0.0592365 0.732544 
3.14016 3.14016 43.0401 0.00143635 -0.028575 -19.7392 5.12252 185.68 -0.69994 1.20734e-006 0.714099 -19.1076 6.83648 186.378 -0.680288 0.0583816 0.730616 
3.14016 3.14016 43.0401 0.00143635 -0.028575 -19.7392 5.12252 185.68 -0.69994 1.20734e-006 0.714099 -19.0053 7.04909 186.28 -0.681941 0.0576755 0.72913 
3.14016 3.14016 43.0401 0.00143635 -0.028575 -19.7381 5.12239 185.68 -0.700062 1.55266e-005 0.7141 -18.8721 7.21008 186.206 -0.6829 0.0568936 0.728293 
3.14016 3.14016 43.0401 0.00143635 -0.028575 -19.7392 5.12252 185.68 -0.69994 1.20734e-006 0.714099 -18.7561 7.31996 186.143 -0.683505 0.0560556 0.72779 
3.14016 3.14016 43.0401 0.00143635 -0.028575 -19.7392 5.12252 185.68 -0.69994 1.20734e-006 0.714099 -18.6587 7.38444 186.089 -0.683783 0.0552289 0.727592 
3.14016 3.14016 43.0401 0.00143635 -0.028575 -19.7381 5.12239 185.68 -0.700062 1.55266e-005 0.7141 -18.5799 7.41925 186.044 -0.683876 0.0544836 0.727561 
3.14016 3.14016 43.0401 0.00143635 -0.028575 -19.7392 5.12252 185.68 -0.69994 1.20734e-006 0.714099 -18.5195 7.43365 186.008 -0.683883 0.0538366 0.727603 
3.14016 3.14016 43.0401 0.00143635 -0.028575 -19.7381 5.12239 185.68 -0.700062 1.55266e-005 0.7141 -18.475 7.43671 185.981 -0.683859 0.0533097 0.727664 
3.14016 3.14016 43.0401 0.00143635 -0.028575 -19.7392 5.12252 185.68 -0.69994 1.20734e-006 0.714099 -18.4435 7.43496 185.963 -0.683835 0.0528888 0.727717 
3.14016 3.14016 43.0401 0.00143635 -0.028575 -19.7392 5.12252 185.68 -0.69994 1.20734e-006 0.714099 -18.4222 7.43199 185.94 -0.683802 0.0525561 0.727772 
3.14016 3.14016 43.0401 0.00143635 -0.028575 -19.7392 5.12247 185.678 -0.699938 6.63312e-006 0.714221 -18.4083 7.42947 185.934 -0.683765 0.0522892 0.727827 
3.14016 3.14016 43.0401 0.00143635 -0.028575 -19.7392 5.12252 185.68 -0.69994 1.20734e-006 0.714099 -18.3994 7.42758 185.931 -0.683758 0.0517556 0.727871 
3.14016 3.14016 43.0401 0.00143635 -0.028575 -19.7392 5.12252 185.68 -0.69994 1.20734e-006 0.714099 -18.3937 7.42637 185.929 -0.683767 0.0517023 0.727867 
3.14016 3.14016 43.0401 0.00143635 -0.028575 -19.7392 5.12252 185.68 -0.69994 1.20734e-006 0.714099 -18.3903 7.42566 185.928 -0.683774 0.0516691 0.727863 
3.14016 3.14016 43.0401 0.00143635 -0.028575 -19.7392 5.12252 185.68 -0.69994 1.20734e-006 0.714099 -18.3882 7.42521 185.927 -0.683768 0.05165 0.727869 
3.14016 3.14016 43.0401 0.00143635 -0.028575 -19.7404 5.12261 185.678 -0.699817 -7.68616e-006 0.714219 -18.387 7.42494 185.926 -0.683746 0.0516378 0.727891 
3.14016 3.14016 43.0401 0.00143635 -0.028575 -19.7392 5.12252 185.68 -0.69994 1.20734e-006 0.714099 -18.3862 7.42477 185.926 -0.683747 0.0516311 0.72789 
3.14016 3.14016 43.0401 0.00143635 -0.028575 -19.7392 5.12247 185.678 -0.699938 6.63312e-006 0.714221 -18.3858 7.42467 185.926 -0.683735 0.0516266 0.727902 
3.14016 3.14016 43.0401 0.00143635 -0.028575 -19.7392 5.12247 185.678 -0.699938 6.63312e-006 0.714221 -18.3855 7.4246 185.925 -0.683731 0.0516242 0.727906 
3.14016 3.14016 43.0401 0.00143635 -0.028575 -19.7392 5.12252 185.68 -0.69994 1.20734e-006 0.714099 -18.3853 7.42455 185.925 -0.683729 0.0516228 0.727907 
3.14016 3.14016 43.0401 0.00143635 -0.028575 -19.7392 5.12252 185.68 -0.69994 1.20734e-006 0.714099 -18.3852 7.42454 185.926 -0.683751 0.0516225 0.727887 
3.14016 3.14016 43.0401 0.00143635 -0.028575 -19.7392 5.12247 185.678 -0.699938 6.63312e-006 0.714221 -18.3851 7.42452 185.925 -0.683745 0.0516218 0.727893 
3.14016 3.14016 43.0401 0.00143635 -0.028575 -19.7404 5.12261 185.678 -0.699817 -7.68616e-006 0.714219 -18.3851 7.42451 185.925 -0.683735 0.0516212 0.727902 
3.14016 3.14016 43.0401 0.00143635 -0.028575 -19.7404 5.12261 185.678 -0.699817 -7.68616e-006 0.714219 -18.3855 7.42437 185.925 -0.683708 0.0516308 0.727927 
3.14016 3.14016 43.0401 0.00143635 -0.028575 -19.7404 5.12261 185.678 -0.699817 -7.68616e-006 0.714219 -18.3856 7.42445 185.925 -0.683698 0.0516261 0.727937 
3.14016 3.14016 43.0401 0.00143635 -0.028575 -19.7392 5.12247 185.678 -0.699938 6.63312e-006 0.714221 -18.3856 7.42449 185.925 -0.683695 0.0516231 0.72794 
3.14016 3.14016 43.0401 0.00143635 -0.028575 -19.7404 5.12261 185.678 -0.699817 -7.68616e-006 0.714219 -18.3856 7.42452 185.925 -0.68369 0.0516211 0.727944 
3.14016 3.14016 43.0401 0.00143635 -0.028575 -19.7404 5.12261 185.678 -0.699817 -7.68616e-006 0.714219 -18.3856 7.42453 185.925 -0.683694 0.0516203 0.727941 
3.14016 3.14016 43.0401 0.00143635 -0.028575 -19.7404 5.12261 185.678 -0.699817 -7.68616e-006 0.714219 -18.3857 7.42456 185.925 -0.683685 0.0516191 0.72795 
3.14016 3.14016 43.0401 0.00143635 -0.028575 -19.7404 5.12261 185.678 -0.699817 -7.68616e-006 0.714219 -18.3856 7.42455 185.925 -0.683691 0.0516191 0.727944 
3.14016 3.14016 43.0401 0.00143635 -0.028575 -19.7404 5.12261 185.678 -0.699817 -7.68616e-006 0.714219 -18.3858 7.42457 185.925 -0.683683 0.0516184 0.727952 
3.14016 3.14016 43.0401 0.00143635 -0.028575 -19.7404 5.12261 185.678 -0.699817 -7.68616e-006 0.714219 -18.3856 7.42456 185.925 -0.68369 0.0516187 0.727945 
3.14016 3.14016 43.0401 0.00143635 -0.028575 -19.7404 5.12261 185.678 -0.699817 -7.68616e-006 0.714219 -18.3858 7.42457 185.925 -0.683682 0.0516181 0.727952 
3.14016 3.14016 43.0401 0.00143635 -0.028575 -19.7404 5.12261 185.678 -0.699817 -7.68616e-006 0.714219 -18.3859 7.42451 185.925 -0.683677 0.0516224 0.727957 
3.14016 3.14016 43.0417 0.00143635 -0.028575 -19.7404 5.12261 185.678 -0.699817 -7.68616e-006 0.714219 -18.3777 7.42435 185.852 -0.683318 0.0508296 0.72835 
3.14016 3.14016 43.0417 0.00143635 -0.028575 -19.7404 5.12261 185.678 -0.699817 -7.68616e-006 0.714219 -18.349 7.42321 185.635 -0.682044 0.0493279 0.729645 
3.14016 3.14016 43.0417 0.00143635 -0.028575 -19.7416 5.12156 185.677 -0.699679 0.000104526 0.714334 -18.3503 7.41217 185.476 -0.678506 0.0628594 0.731901 
3.14016 3.14016 43.0417 0.00143635 -0.028575 -19.7415 5.12264 185.676 -0.699691 -1.11539e-005 0.714462 -18.4347 7.40009 185.313 -0.669964 0.0766196 0.738429 
3.14016 3.14016 43.0417 0.00143635 -0.028575 -19.7417 5.12151 185.676 -0.699677 0.000109952 0.714456 -18.491 7.3705 185.074 -0.659616 0.110529 0.743431 
3.14016 3.14016 43.0417 0.00143635 -0.028575 -19.632 5.10855 185.675 -0.699556 9.56329e-005 0.714455 -16.851 7.23719 184.902 -0.651119 0.118326 0.749695 
3.14016 3.14016 43.0417 0.00143635 -0.028575 -19.6331 5.10863 185.674 -0.699433 8.67394e-005 0.714575 -10.0258 6.72752 184.575 -0.640335 0.123074 0.758172 
3.14016 3.14016 43.0417 0.00143635 -0.028575 -19.6331 5.10858 185.673 -0.69943 9.21652e-005 0.714697 -5.51307 6.39176 184.237 -0.629031 0.121363 0.767848 
3.14016 3.14016 43.0417 0.00143635 -0.028575 -19.6331 5.10858 185.673 -0.69943 9.21652e-005 0.714697 -2.74169 6.1672 183.964 -0.618755 0.140346 0.772946 
3.14016 3.14016 43.0417 0.00143635 -0.028575 -19.6331 5.10858 185.673 -0.69943 9.21652e-005 0.714697 -1.13699 6.04212 183.806 -0.613168 0.145445 0.776448 
3.14016 3.14016 43.0417 0.00143635 -0.028575 -19.6342 5.10872 185.673 -0.699309 7.78459e-005 0.714695 -0.227172 5.96823 183.714 -0.607102 0.148019 0.780716 
3.14016 3.14016 43.0417 0.00143635 -0.028575 -19.6342 5.10872 185.673 -0.699309 7.78459e-005 0.714695 0.336296 5.93004 183.657 -0.605253 0.142722 0.783134 
3.14016 3.14016 43.0417 0.00143635 -0.028575 -19.6342 5.10872 185.673 -0.699309 7.78459e-005 0.714695 0.619012 5.90553 183.625 -0.600677 0.141811 0.786814 
3.14016 3.14016 43.0417 0.00143635 -0.028575 -19.6343 5.10867 185.672 -0.699307 8.32717e-005 0.714817 0.787001 5.8862 183.565 -0.596532 0.146331 0.789136 
3.14016 3.14016 43.0417 0.00143635 -0.028575 -19.6342 5.10872 185.673 -0.699309 7.78459e-005 0.714695 0.891923 5.89687 183.547 -0.596733 0.123903 0.792817 
3.14016 3.14016 43.0417 0.00143635 -0.028575 -19.6342 5.10872 185.673 -0.699309 7.78459e-005 0.714695 0.95078 5.88165 183.56 -0.595159 0.135123 0.792166 
3.14016 3.14016 43.0417 0.00143635 -0.028575 -19.6343 5.10867 185.672 -0.699307 8.32717e-005 0.714817 0.992008 5.89742 183.521 -0.595746 0.113267 0.795146 
3.14016 3.14016 43.0417 0.00143635 -0.028575 -19.6341 5.10984 185.673 -0.699323 -4.32602e-005 0.714701 1.01698 5.91645 183.498 -0.596584 0.0891126 0.797588 
3.14016 3.14016 43.0417 0.00143635 -0.028575 -19.6342 5.10872 185.673 -0.699309 7.78459e-005 0.714695 1.02702 5.90116 183.51 -0.595519 0.105384 0.796399 
3.14016 3.14016 43.0417 0.00143635 -0.028575 -19.6341 5.10979 185.671 -0.699321 -3.78344e-005 0.714823 1.03201 5.88827 183.472 -0.593512 0.119185 0.795952 
3.14016 3.14016 43.0417 0.00143635 -0.028575 -19.6343 5.10867 185.672 -0.699307 8.32717e-005 0.714817 1.02846 5.88088 183.365 -0.59008 0.126679 0.797344 
3.14016 3.14016 43.0417 0.00143635 -0.028575 -19.6354 5.1088 185.672 -0.699186 6.89524e-005 0.714816 1.0239 5.87338 183.344 -0.588503 0.134813 0.797176 
3.14016 3.14016 43.0417 0.00143635 -0.028575 -19.6343 5.10867 185.672 -0.699307 8.32717e-005 0.714817 1.01015 5.86919 183.289 -0.58598 0.1392 0.79828 
3.14016 3.14016 43.0417 0.00143635 -0.028575 -19.6343 5.10867 185.672 -0.699307 8.32717e-005 0.714817 1.02034 5.86313 183.278 -0.585765 0.145791 0.79726 
3.14016 3.14016 43.0417 0.00143635 -0.028575 -19.6354 5.1088 185.672 -0.699186 6.89524e-005 0.714816 0.963505 5.8699 183.25 -0.582159 0.138353 0.801217 
3.14016 3.14016 43.0417 0.00143635 -0.028575 -19.6343 5.10867 185.672 -0.699307 8.32717e-005 0.714817 0.923111 5.86823 183.234 -0.579058 0.140372 0.803111 
3.14016 3.14016 43.0417 0.00143635 -0.028575 -19.6354 5.1088 185.672 -0.699186 6.89524e-005 0.714816 0.924389 5.86796 183.223 -0.578881 0.140603 0.803198 
3.14016 3.14016 43.0417 0.00143635 -0.028575 -19.6354 5.10875 185.67 -0.699184 7.43782e-005 0.714938 0.90915 5.86615 183.203 -0.577302 0.142626 0.803978 
3.14016 3.14016 43.0417 0.00143635 -0.028575 -19.6354 5.10875 185.67 -0.699184 7.43782e-005 0.714938 0.874599 5.85803 183.079 -0.571748 0.151319 0.806354 
3.14016 3.14016 43.0417 0.00143635 -0.028575 -19.6354 5.1088 185.672 -0.699186 6.89524e-005 0.714816 0.853837 5.85029 183.073 -0.569479 0.160096 0.806265 
