2994 20.6943 -4.97709 186.914 -0.58336 -0.0171785 0.812032 1.42055 -2.36424 69.3276 5.48486 -25.319 
55794 20.8509 -4.69485 186.945 -0.582069 -0.00288718 0.813134 1.41395 -2.37659 69.3276 5.48716 -25.3555 
103774 20.9133 -4.63716 186.935 -0.581204 0.00409866 0.813747 1.41194 -2.38004 69.3355 5.48831 -25.4048 
146263 20.9902 -4.58945 186.892 -0.57987 0.0125261 0.814613 1.4082 -2.38578 69.326 5.48802 -25.4413 
191991 21.039 -4.54667 186.834 -0.57887 0.0175119 0.815232 1.4059 -2.38923 69.3434 5.48974 -25.4952 
238964 21.0645 -4.46555 186.779 -0.578009 0.0235978 0.815689 1.40418 -2.39411 69.372 5.49089 -25.5667 
282366 21.0909 -4.38264 186.721 -0.577992 0.0247297 0.815668 1.40217 -2.39699 69.4704 5.49635 -25.6397 
324229 21.1078 -4.33126 186.625 -0.577346 0.0278628 0.816024 1.39987 -2.40072 69.5673 5.50009 -25.7191 
369420 21.1405 -4.1997 186.517 -0.576406 0.0309444 0.816577 1.397 -2.40647 69.6466 5.50583 -25.7873 
413707 21.1548 -4.07772 186.401 -0.574974 0.0332166 0.817497 1.39499 -2.41164 69.7038 5.51186 -25.835 
455562 21.0919 -3.95463 186.283 -0.574174 0.0346421 0.818 1.39211 -2.41853 69.7673 5.52048 -25.8826 
501842 21.1127 -3.87058 186.185 -0.573788 0.0356946 0.818226 1.38867 -2.42313 69.8864 5.52508 -25.9398 
548020 21.1418 -3.73948 186.069 -0.573418 0.0361572 0.818465 1.38493 -2.4283 69.9911 5.53025 -25.9953 
591965 21.1553 -3.60757 185.974 -0.573027 0.0367707 0.818711 1.3812 -2.43404 70.0991 5.53513 -26.0271 
636124 21.19 -3.46057 185.863 -0.572428 0.0371852 0.819112 1.37631 -2.44094 70.1912 5.54117 -26.0715 
679288 21.1476 -3.31071 185.771 -0.572255 0.0387093 0.819162 1.37143 -2.44927 70.3197 5.54806 -26.1366 
727644 21.1736 -2.92336 185.689 -0.571985 0.0424514 0.819165 1.36454 -2.46047 70.4531 5.55754 -26.1937 
773654 21.2508 -2.46958 185.626 -0.572276 0.046821 0.818724 1.35678 -2.47225 70.6309 5.56759 -26.2731 
816611 21.3081 -1.9554 185.572 -0.572116 0.0520642 0.818519 1.35103 -2.48489 70.7452 5.57765 -26.3176 
858800 21.3289 -1.50791 185.516 -0.571992 0.0570948 0.81827 1.34615 -2.4961 70.8722 5.58627 -26.37 
901789 21.2641 -1.02036 185.461 -0.571751 0.063085 0.817998 1.345 -2.50787 70.9309 5.59402 -26.4001 
946029 21.2912 -0.582634 185.434 -0.571761 0.0669304 0.817686 1.34098 -2.5185 71.0341 5.60235 -26.4366 
992374 21.2792 -0.171556 185.385 -0.571851 0.0700148 0.817364 1.33926 -2.52683 71.0944 5.60925 -26.4747 
1041331 21.2538 0.214511 185.427 -0.57262 0.0727006 0.816591 1.33437 -2.53516 71.2532 5.61643 -26.5112 
1087514 21.279 0.68803 185.443 -0.572815 0.078519 0.815915 1.33035 -2.54723 71.3627 5.6239 -26.5303 
1132446 21.2721 1.04743 185.476 -0.572956 0.0824355 0.81543 1.32604 -2.55585 71.4596 5.63022 -26.5398 
1176528 21.2968 1.48816 185.486 -0.573053 0.0875171 0.814832 1.32317 -2.56533 71.5326 5.63654 -26.5478 
1220594 21.3835 1.68909 185.545 -0.5736 0.0881673 0.814377 1.31484 -2.57107 71.6707 5.64401 -26.5748 
1264629 21.3735 2.04785 185.581 -0.573834 0.0939101 0.81357 1.31225 -2.5794 71.7596 5.6486 -26.5732 
1309897 21.388 2.65059 185.599 -0.574021 0.102708 0.812374 1.31024 -2.59635 71.839 5.65636 -26.5843 
1353976 21.4701 2.88619 185.66 -0.574005 0.104061 0.812213 1.30249 -2.6044 71.9533 5.66469 -26.589 
1397232 21.5134 3.21844 185.744 -0.574211 0.106247 0.811784 1.29559 -2.61301 72.0692 5.67331 -26.5763 
1442608 21.5704 3.69312 185.809 -0.574291 0.10996 0.811233 1.28783 -2.62336 72.1851 5.6848 -26.5732 
1492654 21.5812 4.16782 185.857 -0.574027 0.114448 0.810799 1.27663 -2.6337 72.3232 5.69485 -26.5811 
1535521 21.6632 4.45351 185.886 -0.574242 0.116298 0.810383 1.26974 -2.63973 72.4263 5.70261 -26.5922 
1582828 21.7091 4.70866 185.968 -0.575213 0.115919 0.809748 1.26571 -2.64232 72.5629 5.71152 -26.5954 
1628917 21.8518 5.07382 186.004 -0.574759 0.120757 0.809364 1.25451 -2.65237 72.6819 5.721 -26.6049 
1671944 21.8816 5.25916 186.053 -0.57514 0.121376 0.809001 1.24991 -2.65553 72.8026 5.72617 -26.6176 
1715420 21.945 5.56003 186.11 -0.575446 0.122813 0.808566 1.24359 -2.66214 72.9105 5.73364 -26.6256 
1764210 22.006 5.81856 186.202 -0.575938 0.123806 0.808064 1.23728 -2.66846 73.0534 5.74053 -26.6256 
1811119 22.0748 6.06465 186.266 -0.576425 0.124203 0.807656 1.23153 -2.67478 73.1915 5.748 -26.6271 
1856207 22.1131 6.2704 186.332 -0.576821 0.124518 0.807324 1.22693 -2.68024 73.2963 5.75432 -26.624 
1899570 22.1049 6.58841 186.413 -0.57795 0.125365 0.806386 1.2255 -2.68684 73.417 5.7615 -26.6303 
1942646 22.0416 7.02963 186.516 -0.57971 0.127242 0.804826 1.23124 -2.69517 73.5487 5.76897 -26.6351 
1988729 22.1029 7.28883 186.622 -0.580301 0.127144 0.804416 1.24187 -2.70207 73.6456 5.77443 -26.6176 
2034645 22.094 7.65415 186.75 -0.581019 0.127637 0.803819 1.25796 -2.71126 73.7757 5.77931 -26.6128 
2076850 21.6611 8.56348 186.876 -0.583221 0.130274 0.801799 1.29387 -2.72218 73.8408 5.78219 -26.5922 
2123108 21.5734 9.2175 186.995 -0.585401 0.132488 0.799845 1.30651 -2.73166 73.9758 5.78793 -26.5938 
2167046 21.3448 10.0055 187.056 -0.588596 0.136068 0.796894 1.31426 -2.74028 74.1234 5.79368 -26.6001 
2209157 21.0972 10.7619 187.133 -0.590519 0.143588 0.794147 1.3203 -2.74746 74.2266 5.7977 -26.5827 
2252249 20.8084 11.7343 187.17 -0.592454 0.153967 0.790755 1.33006 -2.75722 74.3345 5.80172 -26.5668 
2295404 20.6954 12.0182 187.269 -0.593941 0.154875 0.78946 1.3292 -2.75608 74.4457 5.80344 -26.5398 
2339486 20.5186 12.7587 187.314 -0.595505 0.162624 0.786719 1.3338 -2.76383 74.5393 5.80804 -26.5081 
2382527 20.308 13.4682 187.373 -0.596913 0.17155 0.783751 1.34242 -2.7713 74.6203 5.81062 -26.4636 
2429995 20.1705 13.9549 187.441 -0.597949 0.176204 0.781927 1.34701 -2.77848 74.7012 5.81465 -26.4303 
2476956 19.8755 14.4441 187.511 -0.599884 0.179294 0.779739 1.35822 -2.78164 74.7568 5.81694 -26.3731 
2521217 19.7418 14.8333 187.575 -0.600759 0.183552 0.778073 1.36482 -2.78624 74.7917 5.81867 -26.3144 
2568231 19.5509 15.097 187.617 -0.602012 0.18505 0.776748 1.37172 -2.78796 74.8314 5.8201 -26.27 
2614208 19.4839 15.3146 187.692 -0.602483 0.185952 0.776168 1.36856 -2.79285 74.8806 5.82528 -26.2176 
2659659 19.3053 15.5849 187.741 -0.603276 0.187202 0.775251 1.372 -2.79601 74.8775 5.82844 -26.1398 
2710524 19.3053 15.6398 187.834 -0.603622 0.187281 0.774962 1.36195 -2.79945 74.9044 5.83045 -26.0493 
2754738 19.0304 15.981 187.892 -0.605201 0.188947 0.773325 1.37832 -2.79917 74.9171 5.83188 -26.0064 
2799646 18.9285 16.019 187.945 -0.605634 0.190065 0.772712 1.38809 -2.79716 74.9394 5.82958 -25.9524 
2844150 18.6964 16.2648 187.962 -0.606909 0.189291 0.771901 1.39757 -2.79658 74.8775 5.83246 -25.9096 
2886832 18.6762 16.3682 188.075 -0.607979 0.189701 0.770957 1.39671 -2.79802 74.9346 5.83361 -25.8493 
2932080 18.4515 16.3368 188.185 -0.610284 0.185211 0.770228 1.40475 -2.79227 74.9505 5.83389 -25.781 
2977305 18.3267 16.4556 188.244 -0.610933 0.185036 0.769755 1.40533 -2.79486 74.9425 5.83648 -25.6984 
3024404 18.105 16.3751 188.283 -0.612429 0.181312 0.769452 1.41308 -2.79026 74.9283 5.83562 -25.6445 
3073702 18.0199 16.5443 188.387 -0.613044 0.182382 0.768709 1.41452 -2.79342 74.9981 5.83619 -25.5857 
3119609 17.9247 16.6448 188.459 -0.613867 0.180783 0.76843 1.41711 -2.794 75.0013 5.83763 -25.508 
3164624 17.9037 16.7178 188.519 -0.614504 0.179524 0.768216 1.41567 -2.79457 75.0362 5.83964 -25.4619 
3209840 17.7669 16.8777 188.622 -0.61503 0.180225 0.76763 1.41136 -2.79486 75.1092 5.84079 -25.4064 
3253902 18.0093 17.0531 188.644 -0.615277 0.185651 0.766139 1.40533 -2.80003 75.2045 5.84424 -25.3873 
3301861 17.6338 17.4599 188.719 -0.616221 0.188107 0.76478 1.41768 -2.80118 75.1791 5.84251 -25.3047 
3349269 17.6223 17.5478 188.793 -0.616651 0.189696 0.76404 1.4194 -2.8006 75.1934 5.84251 -25.2492 
3394235 17.6938 17.3989 188.838 -0.617327 0.185317 0.764569 1.41567 -2.79486 75.1743 5.84653 -25.1968 
3439514 17.5653 17.7118 188.898 -0.617184 0.190807 0.763332 1.41337 -2.79888 75.2235 5.84883 -25.1317 
3487254 17.4446 17.9042 188.967 -0.617081 0.192365 0.763025 1.41165 -2.80606 75.2473 5.85199 -25.0238 
3531746 17.4184 17.9103 189.027 -0.617564 0.191805 0.762775 1.41366 -2.80405 75.2442 5.85199 -24.9555 
3575604 17.3559 17.9884 189.095 -0.617969 0.191237 0.762589 1.41682 -2.80434 75.2378 5.8517 -24.8856 
3622623 17.2836 18.151 189.207 -0.61843 0.193953 0.761529 1.42687 -2.80376 75.2362 5.84596 -24.8079 
3665165 17.2569 18.2201 189.27 -0.618577 0.193895 0.761425 1.42917 -2.80462 75.2378 5.84481 -24.7285 
3713826 17.2405 18.2773 189.368 -0.619005 0.194381 0.760953 1.4467 -2.80032 75.1997 5.83188 -24.6078 
3760282 17.2104 18.113 189.49 -0.619434 0.192226 0.761151 1.45359 -2.7983 75.16 5.82642 -24.4951 
3807291 17.0343 17.8321 189.628 -0.619951 0.192336 0.760702 1.47427 -2.7983 75.0934 5.8089 -24.3999 
3852362 16.9343 17.755 189.806 -0.620425 0.192124 0.760369 1.47514 -2.80606 75.1188 5.80948 -24.33 
3895534 16.696 17.0753 189.962 -0.621621 0.190883 0.759705 1.48691 -2.80032 75.0902 5.80057 -24.2348 
3939786 16.553 16.6325 190.157 -0.622668 0.186955 0.759824 1.49984 -2.8052 75.041 5.79281 -24.1364 
3982658 16.4269 16.7248 190.156 -0.623045 0.186627 0.759596 1.50357 -2.79112 75.0029 5.79425 -24.0443 
4029024 16.1866 16.5637 190.239 -0.623248 0.191801 0.758139 1.50559 -2.78969 75.0251 5.79339 -23.9522 
4074057 15.9529 16.6456 190.306 -0.624425 0.192755 0.756927 1.5053 -2.78452 75.0505 5.79684 -23.8585 
4120363 15.892 16.795 190.341 -0.625437 0.189703 0.756863 1.50185 -2.77848 75.0473 5.80373 -23.7744 
4165806 15.8701 16.8148 190.454 -0.625592 0.190459 0.756544 1.503 -2.78825 75.1029 5.80287 -23.7014 
4212143 15.8372 16.8031 190.616 -0.626145 0.186869 0.756983 1.51133 -2.80146 75.1061 5.79626 -23.603 
4258675 15.6891 16.8511 190.669 -0.626499 0.186884 0.756686 1.51392 -2.81008 75.1473 5.7908 -23.5331 
4310907 15.5958 17.0381 190.719 -0.626553 0.188949 0.756128 1.51478 -2.81985 75.1981 5.78879 -23.4474 
4356579 15.7755 17.5124 190.815 -0.624714 0.203127 0.753971 1.52569 -2.84168 75.2013 5.77845 -23.3426 
4399835 15.73 18.1264 190.796 -0.622516 0.222973 0.750171 1.53201 -2.85806 75.2537 5.77098 -23.2727 
4443971 15.8087 19.1248 190.788 -0.618596 0.252052 0.744183 1.54667 -2.88247 75.2696 5.75748 -23.1807 
4488071 15.9065 19.8895 190.755 -0.613561 0.278502 0.738904 1.55442 -2.89971 75.3124 5.74771 -23.1029 
4531998 15.904 20.4333 190.752 -0.610128 0.295497 0.735137 1.55701 -2.9089 75.3489 5.7434 -23.0187 
4576317 15.8503 20.7834 190.763 -0.608496 0.303604 0.733183 1.55816 -2.90775 75.3283 5.74599 -22.9187 
4620220 15.7852 21.3134 190.77 -0.606837 0.31692 0.728911 1.56103 -2.91206 75.3489 5.74541 -22.814 
4666678 16.0057 21.8088 190.768 -0.601173 0.331008 0.727341 1.56218 -2.91838 75.3315 5.74484 -22.6759 
4709637 15.9372 21.7645 190.825 -0.603089 0.329364 0.7265 1.55931 -2.91838 75.3585 5.74513 -22.6282 
4752631 15.9982 22.1531 190.846 -0.600162 0.340382 0.723841 1.5639 -2.92557 75.3553 5.74283 -22.5409 
4797716 16.0856 21.7817 190.96 -0.60051 0.329524 0.728561 1.55643 -2.91034 75.295 5.74944 -22.5171 
4841872 16.2019 20.8405 191.176 -0.604653 0.307903 0.734569 1.53833 -2.88133 75.2505 5.75375 -22.4457 
4886201 15.914 21.6935 191.137 -0.605351 0.322103 0.727873 1.53087 -2.86553 75.1918 5.76035 -22.3885 
4930243 15.9877 22.3966 191.044 -0.599872 0.339757 0.724375 1.54149 -2.8865 75.2426 5.75633 -22.352 
4974661 16.0062 21.4759 191.228 -0.605063 0.318359 0.729758 1.53546 -2.87529 75.2442 5.75978 -22.2885 
5018256 16.1501 22.5275 191.124 -0.599739 0.339 0.724839 1.53661 -2.88506 75.2569 5.76236 -22.225 
5061424 16.0885 22.9495 191.119 -0.598618 0.348813 0.7211 1.53374 -2.87845 75.214 5.76208 -22.1599 
5105538 16.078 22.2328 191.265 -0.601381 0.332308 0.726576 1.53891 -2.88851 75.2807 5.76323 -22.1028 
5151893 15.9888 22.4517 191.27 -0.60152 0.335615 0.724939 1.54035 -2.88966 75.2743 5.76437 -22.0488 
5193851 15.8729 23.2334 191.199 -0.59858 0.350657 0.720237 1.54465 -2.8977 75.2648 5.76639 -22.0234 
5236921 15.8356 23.5787 191.177 -0.599045 0.352853 0.718777 1.54351 -2.90143 75.2712 5.77271 -22.0075 
5279994 15.7306 24.0471 191.217 -0.599171 0.355999 0.717119 1.55844 -2.9405 75.3553 5.78104 -21.9805 
5323108 15.7978 23.4741 191.382 -0.602312 0.34253 0.721037 1.57195 -2.96952 75.4315 5.78276 -21.9377 
5366113 15.6029 23.949 191.37 -0.604563 0.340555 0.720087 1.582 -2.99164 75.5172 5.78362 -21.8932 
5408492 15.3503 25.6736 191.226 -0.601518 0.367419 0.709352 1.59119 -3.01491 75.5696 5.78391 -21.8202 
5454746 15.483 27.167 191.04 -0.593549 0.396697 0.700236 1.58746 -2.99394 75.622 5.76323 -21.7503 
5497589 14.9415 27.7472 190.821 -0.587241 0.418508 0.69282 1.59521 -2.9879 75.6458 5.75145 -21.6741 
5542614 15.7912 28.8381 190.804 -0.58183 0.427036 0.692181 1.58487 -2.97612 75.6537 5.75231 -21.5979 
5586757 15.974 28.2017 191.013 -0.580618 0.426624 0.693452 1.58459 -2.97727 75.6347 5.75231 -21.49 
5632996 16.1131 27.57 191.161 -0.577948 0.43203 0.692334 1.59723 -2.99767 75.6379 5.73479 -21.3725 
5679134 16.0214 27.0903 191.225 -0.579562 0.426526 0.694395 1.59723 -2.9925 75.6172 5.73364 -21.3027 
5726240 16.0014 26.0676 191.609 -0.586797 0.404258 0.701602 1.58832 -3.00456 75.5442 5.75461 -21.2471 
5769252 16.0772 26.624 191.614 -0.583323 0.414597 0.698458 1.5797 -3.00112 75.4744 5.77759 -21.1455 
5812489 16.0683 27.3587 191.499 -0.579426 0.428266 0.693436 1.58315 -2.99767 75.5267 5.76897 -21.0772 
5856726 15.4217 27.5249 191.534 -0.586349 0.418717 0.693449 1.58775 -3.01146 75.4902 5.79138 -20.9915 
5900847 15.3405 27.689 191.541 -0.586358 0.417677 0.694068 1.59091 -3.0037 75.5236 5.78132 -20.9359 
5944884 15.287 27.4159 191.636 -0.587201 0.411805 0.696859 1.58746 -2.99939 75.4569 5.78333 -20.8788 
5989348 15.271 27.7384 191.694 -0.58924 0.412493 0.694727 1.58861 -2.99164 75.4267 5.77472 -20.8264 
6034091 15.4103 27.8722 191.738 -0.588765 0.417272 0.692271 1.58889 -2.98359 75.3997 5.76265 -20.7629 
6080732 15.5376 27.6274 191.77 -0.58598 0.421039 0.692353 1.58487 -2.98934 75.3569 5.76955 -20.7327 
6125314 15.4632 27.6286 191.849 -0.587531 0.417219 0.693351 1.58459 -2.9879 75.4331 5.775 -20.6851 
6170388 15.4714 27.6819 191.907 -0.586739 0.41757 0.69381 1.58344 -2.99365 75.4982 5.78506 -20.62 
6212412 15.5009 27.7302 191.902 -0.584601 0.421117 0.693471 1.5797 -3.00284 75.5553 5.80287 -20.5661 
6256138 14.9042 28.4788 191.954 -0.595715 0.408227 0.691719 1.59378 -2.98388 75.5855 5.7773 -20.5073 
6303583 15.2065 28.0253 192.043 -0.590018 0.415185 0.692459 1.59062 -2.98302 75.6093 5.77529 -20.4629 
6348544 14.9428 28.0231 192.139 -0.592728 0.4111 0.692582 1.58832 -2.9813 75.7014 5.78362 -20.4359 
6393688 14.9525 27.8518 192.198 -0.592281 0.412569 0.692091 1.58631 -2.97469 75.7903 5.77874 -20.4073 
6437967 15.0076 27.9049 192.186 -0.591972 0.4129 0.692158 1.58257 -2.97785 75.7792 5.78793 -20.3724 
6481109 15.0084 27.9798 192.238 -0.592049 0.412774 0.692167 1.57539 -2.9813 75.8808 5.80689 -20.3613 
6523214 14.9484 27.8659 192.333 -0.594306 0.410507 0.691581 1.57597 -2.979 75.8474 5.80574 -20.3279 
6568332 14.8681 27.7998 192.421 -0.596611 0.40503 0.692825 1.57855 -2.97699 75.6855 5.7977 -20.2438 
6612290 14.6053 27.9276 192.484 -0.60008 0.398682 0.693511 1.58344 -2.97038 75.4966 5.78219 -20.1486 
6656225 14.7356 27.8379 192.505 -0.598552 0.402412 0.692676 1.58717 -2.96004 75.3934 5.75633 -20.1073 
6701826 14.9703 27.6939 192.618 -0.595623 0.406267 0.692951 1.58143 -2.96492 75.4696 5.77156 -20.0914 
6746640 15.1744 27.5348 192.676 -0.592287 0.408893 0.694264 1.57884 -2.96147 75.3823 5.77443 -20.0914 
6790100 15.289 27.4996 192.691 -0.589829 0.411594 0.69476 1.57712 -2.9586 75.2664 5.77903 -20.0914 
6836249 15.333 27.431 192.723 -0.589627 0.411367 0.695066 1.57511 -2.95228 75.1537 5.78247 -20.0898 
6883246 15.3355 27.2192 192.686 -0.591497 0.406021 0.69662 1.57511 -2.94883 75.0156 5.78219 -20.093 
6931279 15.2442 27.0323 192.652 -0.59413 0.399351 0.698232 1.5797 -2.94539 74.8965 5.77069 -20.0787 
6977585 15.2477 26.6666 192.641 -0.595441 0.394413 0.69992 1.5843 -2.9451 74.8235 5.76007 -20.0469 
7022680 15.4708 26.2295 192.646 -0.593646 0.394408 0.701446 1.58401 -2.95286 74.7314 5.76552 -19.9835 
7068506 15.5078 25.973 192.694 -0.593866 0.392212 0.70249 1.58229 -2.94596 74.6393 5.7661 -19.9787 
7114660 15.5458 25.9017 192.7 -0.59336 0.391353 0.703397 1.5843 -2.93418 74.5266 5.7526 -19.9835 
7160167 15.5834 25.8553 192.584 -0.590876 0.393584 0.704243 1.5866 -2.92557 74.3885 5.74369 -19.9707 
7203992 15.8192 25.7174 192.499 -0.587309 0.397422 0.70507 1.58889 -2.91723 74.2726 5.73622 -19.9533 
7254444 16.0089 25.2373 192.411 -0.585185 0.396676 0.707253 1.59148 -2.90862 74.1075 5.73019 -19.9326 
7300301 16.13 24.7768 192.381 -0.584498 0.393617 0.709526 1.5955 -2.89713 73.998 5.72703 -19.9041 
7346535 16.1168 24.4061 192.366 -0.584089 0.389757 0.71199 1.6001 -2.8931 74.017 5.72502 -19.8549 
7391519 16.0571 24.0585 192.388 -0.584643 0.384872 0.714189 1.60067 -2.88535 73.9297 5.72444 -19.8485 
7436564 16.0229 23.8322 192.438 -0.585943 0.380845 0.715282 1.60039 -2.87587 73.8091 5.72473 -19.8485 
7480630 16.0104 23.7984 192.458 -0.586451 0.380126 0.715248 1.60125 -2.88133 73.7948 5.72387 -19.8104 
7522809 15.8403 23.4761 192.465 -0.58836 0.372458 0.71771 1.60584 -2.87788 73.8091 5.72358 -19.758 
7571186 15.7356 23.2513 192.48 -0.588753 0.369974 0.718672 1.60843 -2.88247 73.844 5.72215 -19.7088 
7621261 15.6781 23.0772 192.492 -0.589662 0.3666 0.719655 1.61044 -2.86667 73.7995 5.72272 -19.7326 
7667256 15.646 23.1823 192.583 -0.59039 0.36712 0.718792 1.60929 -2.8549 73.7805 5.72645 -19.731 
7713093 15.5203 23.2177 192.558 -0.591502 0.365065 0.718925 1.61015 -2.87615 73.8345 5.72703 -19.6739 
7757792 15.2247 22.9105 192.577 -0.594959 0.357079 0.720082 1.6136 -2.88994 73.8138 5.72875 -19.6199 
7802539 15.2772 22.9072 192.647 -0.594911 0.356856 0.720232 1.6136 -2.87242 73.7344 5.73019 -19.6183 
7850969 15.2966 23.0956 192.659 -0.595146 0.35789 0.719525 1.61188 -2.86466 73.7233 5.73392 -19.6374 
7897871 15.2832 23.0706 192.662 -0.595617 0.356753 0.7197 1.61188 -2.85289 73.6598 5.73593 -19.6612 
7950005 15.188 23.1257 192.667 -0.597456 0.353275 0.719891 1.61159 -2.84771 73.5916 5.74024 -19.6739 
7995211 15.0242 23.0844 192.695 -0.600534 0.346246 0.720745 1.61331 -2.82904 73.5122 5.74743 -19.6945 
8044151 14.7569 22.9168 192.619 -0.603761 0.337902 0.722008 1.61504 -2.86495 73.5535 5.74944 -19.6771 
8095283 14.4788 22.8053 192.524 -0.605813 0.324571 0.726391 1.61188 -2.92671 73.6059 5.74685 -19.6961 
8139241 14.4629 22.8915 192.602 -0.60577 0.325897 0.725833 1.60987 -2.94079 73.5995 5.74628 -19.7136 
8182594 14.6236 23.1302 192.503 -0.602692 0.3385 0.72262 1.60987 -2.94309 73.5725 5.74628 -19.7596 
8231760 14.693 23.4694 192.438 -0.599475 0.3482 0.720685 1.61101 -2.94682 73.6376 5.74541 -19.7676 
8279788 15.092 24.3127 192.164 -0.589672 0.376096 0.71473 1.63658 -2.96004 73.536 5.72933 -19.7818 
8326091 15.0317 24.2251 192.224 -0.591387 0.374448 0.714177 1.63572 -2.96463 73.5868 5.73134 -19.8438 
8368917 14.9602 24.5588 192.114 -0.589302 0.38055 0.712674 1.6271 -2.98187 73.6329 5.73277 -19.9104 
8416490 15.0263 24.7708 191.983 -0.58755 0.384523 0.711988 1.58573 -3.01491 73.6567 5.74082 -19.9835 
8469066 15.5049 25.4552 191.643 -0.579676 0.406521 0.706199 1.56706 -3.0376 73.5598 5.74283 -20.0311 
8520826 16.4771 25.9731 191.393 -0.567262 0.428528 0.703262 1.55097 -3.04134 73.5027 5.75288 -20.1089 
8564528 17.2535 26.4732 191.233 -0.557075 0.446185 0.700419 1.53029 -3.04363 73.4805 5.76121 -20.1993 
8613503 17.4229 26.8263 191.075 -0.555886 0.447983 0.700215 1.52483 -3.04162 73.4439 5.77069 -20.2867 
8660997 17.1925 26.6515 190.972 -0.558685 0.441444 0.702138 1.53977 -3.03846 73.3789 5.76782 -20.339 
8711029 17.0701 26.5819 190.823 -0.560503 0.437109 0.7034 1.55011 -3.02898 73.3471 5.76811 -20.4391 
8754152 16.8664 26.3848 190.76 -0.565001 0.430946 0.703605 1.56591 -3.01692 73.3344 5.7592 -20.4978 
8799179 17.0646 26.8803 190.567 -0.562035 0.439981 0.700381 1.56505 -3.01088 73.2471 5.76495 -20.5168 
8847385 17.2091 27.4461 190.408 -0.561749 0.443557 0.698352 1.56189 -3.02726 73.2646 5.76782 -20.5772 
8893434 17.2303 27.7516 190.32 -0.557483 0.450433 0.697369 1.55155 -3.04076 73.3185 5.77615 -20.6534 
8939334 17.1777 27.8251 190.282 -0.554407 0.455747 0.696367 1.53805 -3.03645 73.3074 5.79224 -20.7232 
8984591 16.9671 27.9684 190.188 -0.559113 0.449564 0.696624 1.54207 -3.04277 73.3312 5.79368 -20.8105 
9032609 16.8319 28.0212 190.106 -0.561108 0.445567 0.697588 1.54552 -3.04536 73.3646 5.79195 -20.901 
9078764 16.8085 27.7986 190.072 -0.563556 0.44062 0.698755 1.55902 -3.03645 73.3487 5.77701 -20.9772 
9124180 16.6357 28.3031 189.923 -0.561954 0.445272 0.697095 1.54638 -3.04737 73.3757 5.79483 -21.0534 
9170032 16.6339 28.2231 189.85 -0.561716 0.445936 0.696861 1.54408 -3.0445 73.3662 5.79827 -21.155 
9218496 16.562 28.1605 189.804 -0.563709 0.442439 0.697482 1.55097 -3.04335 73.39 5.79167 -21.263 
9265362 16.51 28.1768 189.737 -0.5642 0.442407 0.697104 1.54925 -3.04162 73.3884 5.79569 -21.3519 
9310852 16.533 28.2315 189.633 -0.564405 0.443008 0.696557 1.54868 -3.0399 73.3503 5.79827 -21.4154 
9359406 16.5415 28.5942 189.5 -0.564964 0.444176 0.695359 1.55844 -3.05541 73.3693 5.78649 -21.4852 
9406752 16.6347 28.5392 189.498 -0.563879 0.445846 0.69517 1.56563 -3.05915 73.3947 5.77443 -21.5487 
9453032 16.5635 28.4376 189.438 -0.564443 0.444415 0.695629 1.57022 -3.06317 73.4249 5.7684 -21.644 
9497843 16.6429 28.4403 189.295 -0.560331 0.450559 0.695001 1.57712 -3.07265 73.4566 5.75863 -21.7345 
9543089 16.6928 28.2894 189.238 -0.559014 0.451694 0.695325 1.555 -3.0557 73.4106 5.78333 -21.8027 
9587138 16.6858 27.9997 189.214 -0.559455 0.449298 0.696521 1.55701 -3.04248 73.4312 5.78046 -21.9075 
9631049 16.7014 28.3033 189.074 -0.557659 0.454183 0.694791 1.57941 -3.07265 73.4566 5.75432 -21.9472 
9677668 16.6947 28.668 188.882 -0.557006 0.457091 0.693406 1.60297 -3.10252 73.4646 5.7276 -22.0091 
9724394 16.8095 28.391 188.845 -0.553718 0.46066 0.693677 1.58688 -3.08184 73.49 5.74427 -22.1043 
9767886 16.8764 28.2943 188.752 -0.549602 0.466737 0.692889 1.58631 -3.06776 73.4852 5.74656 -22.179 
9814632 17.1548 28.99 188.533 -0.543131 0.481119 0.688138 1.60355 -3.10626 73.4757 5.72502 -22.2615 
9858926 17.2412 29.0049 188.412 -0.540602 0.484274 0.687915 1.60297 -3.09391 73.4646 5.72645 -22.3568 
9904413 17.7427 29.119 188.261 -0.534832 0.494353 0.685252 1.60268 -3.0738 73.4376 5.72961 -22.4504 
9950174 17.6163 28.788 188.167 -0.528103 0.506753 0.681402 1.60326 -3.06661 73.4725 5.73048 -22.5361 
9994282 17.6689 28.9945 187.995 -0.527336 0.508664 0.680572 1.60211 -3.06231 73.5614 5.73163 -22.6171 
10042678 17.6588 29.2052 187.936 -0.528264 0.507151 0.680981 1.60067 -3.06058 73.5932 5.73277 -22.7124 
10089372 17.5224 29.3196 187.867 -0.530137 0.504377 0.681585 1.60096 -3.0646 73.6106 5.73277 -22.806 
10135441 17.4002 29.4034 187.785 -0.533282 0.500742 0.681812 1.60153 -3.06834 73.5662 5.73737 -22.9045 
10183683 17.3521 29.3791 187.726 -0.534554 0.499089 0.682028 1.59866 -3.06518 73.5789 5.74139 -23.0061 
10228149 17.316 29.4195 187.678 -0.534548 0.499153 0.681986 1.6024 -3.07609 73.5694 5.7368 -23.0553 
10277227 17.1941 29.446 187.55 -0.53592 0.497763 0.681925 1.60527 -3.09247 73.5709 5.73364 -23.1585 
10322947 17.3364 29.4686 187.471 -0.534184 0.500505 0.68128 1.60556 -3.09391 73.5582 5.73335 -23.2569 
10366146 17.2976 29.4064 187.397 -0.535371 0.49778 0.682343 1.6024 -3.09505 73.5233 5.73651 -23.3505 
10413235 17.2266 29.382 187.347 -0.536614 0.494923 0.683444 1.59435 -3.09764 73.4979 5.74541 -23.4299 
10456236 17.2801 29.4532 187.208 -0.535559 0.496616 0.683045 1.58861 -3.08443 73.5043 5.75375 -23.5537 
10504507 17.2565 29.543 187.06 -0.535376 0.497704 0.682395 1.58631 -3.07811 73.5201 5.75834 -23.703 
10550683 17.1717 29.587 186.886 -0.537628 0.495368 0.682324 1.5797 -3.05972 73.5439 5.76725 -23.8316 
10595753 17.0778 29.7639 186.71 -0.541044 0.492202 0.681915 1.56505 -3.03616 73.5678 5.7842 -23.9284 
10644679 17.0055 29.8692 186.582 -0.542167 0.490298 0.682395 1.56218 -3.04938 73.5487 5.78477 -24.0411 
10693226 17.1306 29.7918 186.502 -0.539143 0.493906 0.682189 1.56649 -3.04277 73.5725 5.77012 -24.1078 
10741145 16.5322 30.2344 186.461 -0.55038 0.479239 0.683675 1.55643 -3.05828 73.5201 5.79023 -24.1792 
10787308 16.7848 30.0613 186.436 -0.549318 0.480235 0.683831 1.55299 -3.03818 73.509 5.79339 -24.2602 
10831669 16.7389 30.1842 186.285 -0.548561 0.482108 0.68312 1.55097 -3.03071 73.5662 5.79425 -24.3586 
10882465 16.6866 30.1712 186.251 -0.549602 0.480652 0.683309 1.55385 -3.04593 73.5392 5.79396 -24.4269 
10930672 16.6037 30.1705 186.159 -0.550686 0.479287 0.683395 1.55413 -3.06489 73.5439 5.79195 -24.4777 
10973818 16.5997 30.1838 186.114 -0.55195 0.477669 0.683508 1.55299 -3.05972 73.5328 5.79626 -24.565 
11018949 16.6845 30.1723 186.054 -0.551107 0.478803 0.683395 1.56045 -3.12665 73.5408 5.78305 -24.592 
11064998 16.6612 30.1629 185.955 -0.550927 0.479182 0.683274 1.55471 -3.06317 73.5392 5.79425 -24.7047 
11109118 16.6956 30.1981 185.827 -0.549331 0.481696 0.682792 1.55442 -3.04105 73.5519 5.79712 -24.7967 
11153429 16.8779 30.3067 185.694 -0.546715 0.485396 0.682271 1.5481 -2.99623 73.5995 5.80344 -24.8745 
11198152 16.6981 30.3403 185.653 -0.552213 0.477791 0.68321 1.54322 -3.00945 73.5789 5.80919 -24.9618 
11244474 16.2772 29.9616 185.642 -0.562135 0.461171 0.686532 1.54379 -3.07925 73.6106 5.80804 -25.0238 
11288544 16.0151 29.6446 185.688 -0.565753 0.452344 0.689426 1.54149 -3.06317 73.7249 5.81637 -25.1127 
11332865 15.9824 29.6379 185.666 -0.564192 0.455175 0.688842 1.54753 -3.07293 73.7249 5.81493 -25.1984 
11379751 15.9257 29.7411 185.595 -0.565154 0.454855 0.688265 1.55729 -3.07179 73.7376 5.82269 -25.3063 
11424112 15.8463 29.7749 185.524 -0.567096 0.452302 0.688349 1.53862 -3.07839 73.6789 5.81838 -25.3349 
11467089 16.1069 29.7343 185.453 -0.566975 0.454192 0.687204 1.52024 -3.08012 73.6122 5.81235 -25.3555 
11516354 15.9037 29.9343 185.386 -0.566807 0.455149 0.686709 1.54207 -3.08471 73.6249 5.81982 -25.4333 
11564355 16.0941 29.9398 185.211 -0.563717 0.458586 0.686966 1.54322 -3.12206 73.544 5.82269 -25.4762 
11609575 16.3399 29.878 185.084 -0.561678 0.459779 0.687838 1.5481 -3.12867 73.5487 5.82671 -25.5746 
11657333 17.3032 32.62 186.09 -0.563128 0.481382 0.671683 1.55931 3.13987 73.536 5.83964 -25.6873 
11706461 17.0433 32.5721 185.96 -0.565142 0.479256 0.671512 1.56045 3.13786 73.4281 5.84424 -25.7318 
11751738 16.8423 32.6686 185.797 -0.56661 0.477437 0.671571 1.55557 3.13183 73.3138 5.85343 -25.7477 
11796784 16.5671 32.6499 185.646 -0.568307 0.475525 0.671493 1.55816 3.13269 73.1979 5.85688 -25.7635 
11840858 16.2735 32.6911 185.486 -0.570382 0.472589 0.671806 1.55902 3.13527 73.0995 5.86262 -25.7747 
11889442 15.985 32.8725 185.28 -0.572331 0.470269 0.671777 1.55844 3.13843 73.0121 5.87153 -25.7921 
11936248 15.5894 33.3588 185.019 -0.573509 0.472414 0.669263 1.56505 3.13326 72.9328 5.88187 -25.8397 
11980324 15.2465 33.4405 184.806 -0.575073 0.47061 0.669192 1.57338 3.14102 72.8248 5.8856 -25.8715 
12027444 14.9428 33.8723 184.55 -0.575646 0.473079 0.666954 1.57913 3.1347 72.7534 5.89451 -25.9382 
12075508 14.7536 33.9744 184.341 -0.575936 0.473093 0.666693 1.58602 3.13929 72.6629 5.89594 -25.989 
12118903 14.5587 34.3157 184.136 -0.575639 0.475982 0.664891 1.59148 3.13499 72.6089 5.90054 -26.0271 
12164680 14.8804 34.9652 182.858 -0.556277 0.497716 0.665458 1.60268 -3.14016 72.5168 5.90284 -26.0572 
12207798 14.3728 34.8129 182.81 -0.563958 0.490373 0.664444 1.60498 -3.14073 72.5279 5.90686 -26.1414 
12254061 14.1762 34.9403 182.77 -0.568272 0.487804 0.662657 1.60469 -3.12579 72.4454 5.90744 -26.2001 
12299495 13.9721 35.0493 182.7 -0.571362 0.484934 0.662106 1.60441 -3.11574 72.3787 5.90916 -26.27 
12349365 13.5954 35.0775 182.682 -0.575413 0.479225 0.662754 1.60441 -3.09477 72.3311 5.91376 -26.3382 
12393581 13.4404 34.9367 182.579 -0.577818 0.474198 0.664276 1.60441 -3.08184 72.2613 5.91376 -26.3843 
12440423 13.1541 34.7131 182.508 -0.58188 0.464797 0.667368 1.60441 -3.06661 72.1676 5.91376 -26.4065 
12485602 12.9184 34.4315 182.506 -0.585722 0.455347 0.670514 1.60498 -3.05915 72.1215 5.91519 -26.4382 
12531526 12.6711 33.96 182.531 -0.590185 0.443035 0.674835 1.60642 -3.04651 72.0358 5.91577 -26.4509 
12577900 12.4906 33.3287 182.644 -0.595771 0.42779 0.679745 1.60412 -3.02094 71.9247 5.91433 -26.4446 
12622907 12.4724 32.7786 182.753 -0.598918 0.417483 0.683378 1.60153 -3.01146 71.8501 5.91289 -26.4462 
12672077 12.3812 32.0462 182.927 -0.602399 0.40349 0.688703 1.60699 -2.98733 71.8628 5.90916 -26.4541 
12718097 12.1798 31.6517 183.042 -0.606696 0.391183 0.692023 1.60584 -2.9767 71.8358 5.91376 -26.4382 
12760371 12.1991 31.556 183.045 -0.606385 0.39033 0.692777 1.60268 -2.98072 71.7151 5.91462 -26.4335 
12806134 12.1384 31.1851 183.108 -0.607558 0.383851 0.695364 1.59636 -2.98532 71.6501 5.91519 -26.4493 
12854717 12.1241 30.6899 183.178 -0.609538 0.373382 0.69932 1.59608 -2.97727 71.5596 5.9149 -26.4557 
12899766 12.0924 30.4189 183.157 -0.611515 0.366672 0.701143 1.60929 -2.95027 71.6167 5.9106 -26.4112 
12944658 12.1278 30.2233 183.162 -0.611838 0.362425 0.703066 1.61935 -2.93505 71.6231 5.90887 -26.3858 
12987680 12.0169 30.024 183.27 -0.61314 0.357125 0.704643 1.62509 -2.9247 71.6612 5.90744 -26.3557 
13035082 11.6604 29.8642 183.379 -0.615861 0.350664 0.705514 1.63658 -2.90948 71.7469 5.90542 -26.3716 
13084570 11.281 29.806 183.373 -0.618491 0.346243 0.705397 1.64893 -2.89741 71.7501 5.90399 -26.4017 
13132623 10.6711 29.6649 183.411 -0.622825 0.338664 0.705263 1.65899 -2.89052 71.6437 5.90399 -26.4192 
13184923 10.1625 29.4749 183.471 -0.627218 0.331383 0.704828 1.66962 -2.88765 71.5135 5.90313 -26.4239 
13235673 10.0148 29.1304 183.596 -0.630188 0.323444 0.705866 1.67278 -2.88535 71.4786 5.90341 -26.4414 
13280861 9.89407 28.7051 183.639 -0.63229 0.313945 0.708271 1.67393 -2.88334 71.4596 5.90341 -26.4716 
13324812 9.7115 28.5143 183.572 -0.636281 0.307438 0.707551 1.68628 -2.9 71.4357 5.90744 -26.4906 
13370160 9.58337 28.1132 183.613 -0.636814 0.300587 0.710011 1.68772 -2.90086 71.3659 5.90973 -26.5033 
13412972 9.40485 28.0704 183.595 -0.638188 0.295979 0.710712 1.68685 -2.91178 71.2405 5.91778 -26.5049 
13459316 9.16681 28.0273 183.616 -0.640369 0.290091 0.711178 1.68915 -2.91321 71.1389 5.92496 -26.5128 
13509397 9.08317 28.2634 183.516 -0.64069 0.289809 0.711004 1.68369 -2.91379 71.0182 5.93272 -26.516 
13552414 8.96663 28.3849 183.389 -0.641297 0.290184 0.710303 1.68484 -2.91982 70.8865 5.93559 -26.5144 
13598544 8.90783 28.6472 183.25 -0.642032 0.290887 0.709352 1.68456 -2.92758 70.8023 5.94047 -26.5271 
13646895 8.83935 28.9085 183.122 -0.642199 0.291197 0.709073 1.68484 -2.93332 70.642 5.94421 -26.524 
13696866 8.87968 29.4664 182.92 -0.640709 0.297396 0.707847 1.69432 -2.95458 70.5118 5.94392 -26.5255 
13745746 8.71273 29.6143 182.688 -0.638956 0.304245 0.70652 1.69777 -2.96578 70.4928 5.9465 -26.5748 
13792838 8.58482 29.8432 182.548 -0.638136 0.308099 0.70559 1.70007 -2.96636 70.5102 5.94794 -26.6319 
13838515 8.46899 30.1437 182.408 -0.637864 0.311956 0.70414 1.70237 -2.97153 70.4944 5.95053 -26.6748 
13885193 8.40055 30.1687 182.331 -0.638125 0.311936 0.703912 1.70639 -2.97153 70.4118 5.95053 -26.6986 
13931504 8.35858 30.2188 182.268 -0.638328 0.312648 0.703412 1.70782 -2.97182 70.3817 5.95081 -26.7573 
13975605 8.29395 30.2832 182.197 -0.638635 0.313767 0.702635 1.70926 -2.97182 70.3848 5.95139 -26.8272 
14024784 8.22122 30.3787 182.092 -0.639033 0.315139 0.701658 1.7107 -2.97239 70.3547 5.95196 -26.8986 
14071795 8.17812 30.4598 181.996 -0.63923 0.316439 0.700893 1.71156 -2.97239 70.3293 5.95196 -26.9748 
14122690 8.10205 30.7706 181.849 -0.639178 0.321258 0.698745 1.71213 -2.97814 70.3578 5.9557 -27.0415 
14167730 8.03218 30.8815 181.747 -0.638937 0.323061 0.698134 1.71271 -2.979 70.3817 5.95685 -27.1145 
14213329 7.92233 30.9418 181.666 -0.638889 0.323611 0.697923 1.71386 -2.97814 70.3944 5.95742 -27.1812 
14260330 7.80955 31.0031 181.567 -0.638826 0.324592 0.697525 1.71472 -2.97756 70.4404 5.95828 -27.2844 
14304381 7.70275 31.0828 181.489 -0.63901 0.324648 0.69733 1.71529 -2.97699 70.4737 5.95914 -27.3463 
14354475 7.38866 31.219 181.427 -0.640538 0.323268 0.696569 1.71903 -2.97641 70.5087 5.96345 -27.4161 
14398651 7.41796 31.2992 181.4 -0.64134 0.322362 0.696252 1.71587 -2.97699 70.5864 5.96747 -27.4876 
14444837 7.26167 31.2973 181.362 -0.642356 0.320647 0.696107 1.71874 -2.97354 70.6674 5.96661 -27.5765 
14489748 7.0478 31.4172 181.254 -0.644539 0.317838 0.695377 1.71817 -2.97641 70.6626 5.97379 -27.64 
14537848 6.9529 31.4628 181.16 -0.644789 0.317577 0.695264 1.71817 -2.97986 70.6325 5.97609 -27.7051 
14583001 6.82207 31.426 181.106 -0.645643 0.315605 0.69537 1.71616 -2.98101 70.7373 5.97753 -27.7971 
14626257 6.61315 31.3135 181.002 -0.647411 0.311523 0.695566 1.70696 -2.99192 70.8388 5.97925 -27.9321 
14672221 6.52842 31.362 180.99 -0.648504 0.308858 0.695736 1.70093 -2.99767 70.9055 5.98126 -28.0321 
14717077 6.54585 31.351 180.968 -0.648558 0.309252 0.695511 1.71041 -2.98503 70.9436 5.98069 -28.1099 
14760317 6.59679 31.4183 180.862 -0.648393 0.310014 0.695326 1.70984 -2.98446 70.9944 5.98069 -28.2083 
14804979 6.57055 31.5079 180.722 -0.648327 0.311567 0.694693 1.7084 -2.9856 71.0706 5.98069 -28.3242 
14852518 6.58044 31.6177 180.593 -0.648413 0.313835 0.693591 1.71127 -2.98072 71.1675 5.98069 -28.4274 
14898971 6.5838 31.8033 180.493 -0.648065 0.317481 0.692256 1.71271 -2.97871 71.223 5.9804 -28.5051 
14946127 6.46617 32.0748 180.383 -0.648125 0.321154 0.690503 1.71759 -2.97469 71.2548 5.9804 -28.5559 
14992915 6.40426 32.1153 180.366 -0.648673 0.321074 0.690026 1.70984 -2.98876 71.3595 5.9804 -28.6417 
15040228 6.34585 32.1277 180.364 -0.649582 0.320444 0.689462 1.70352 -3.00026 71.4532 5.98011 -28.7401 
15087241 6.33108 32.2071 180.289 -0.65029 0.320702 0.688674 1.70409 -2.99882 71.4897 5.98155 -28.829 
15131277 6.4326 32.3528 180.223 -0.649623 0.325937 0.686844 1.69949 -3.00945 71.5485 5.97897 -28.9354 
15173828 6.54421 32.4852 180.155 -0.648742 0.330447 0.685521 1.69834 -3.01203 71.5993 5.97724 -29.0243 
15221723 6.57649 32.7252 180.012 -0.646022 0.339566 0.68363 1.70323 -3.01117 71.6374 5.97092 -29.1147 
15264688 6.61007 32.7878 179.892 -0.645287 0.340418 0.6839 1.70524 -3.0083 71.6056 5.97006 -29.1957 
15309746 6.64565 32.8081 179.816 -0.64498 0.341788 0.683507 1.70438 -3.00859 71.6247 5.97006 -29.2941 
15354933 6.71883 32.8204 179.793 -0.645022 0.342546 0.683088 1.70352 -3.00629 71.6898 5.97092 -29.3608 
15407084 6.70615 32.7182 179.76 -0.645904 0.339847 0.683602 1.69605 -3.01577 71.6469 5.97494 -29.4338 
15453277 6.76695 32.8346 179.743 -0.64486 0.344352 0.682332 1.69375 -3.02266 71.685 5.97178 -29.4846 
15503175 6.86936 32.7728 179.641 -0.643618 0.345018 0.683168 1.69863 -3.01175 71.6532 5.96862 -29.545 
15550507 6.79619 32.7978 179.577 -0.644107 0.345195 0.682618 1.69777 -3.01663 71.6405 5.96977 -29.6259 
15595181 6.79448 32.6986 179.483 -0.644398 0.34329 0.683303 1.69806 -3.01376 71.5977 5.9715 -29.7148 
15642788 6.83243 32.6177 179.421 -0.644401 0.342376 0.683758 1.69605 -3.0106 71.5675 5.97466 -29.8148 
15687776 6.8869 32.6469 179.402 -0.643531 0.345644 0.682933 1.69404 -3.01031 71.5389 5.97667 -29.8831 
15732793 6.92315 32.6486 179.349 -0.643547 0.346293 0.68259 1.69174 -3.01002 71.4993 5.97839 -29.9355 
15779335 6.89536 32.6106 179.274 -0.643855 0.34559 0.682655 1.69059 -3.01088 71.431 5.97782 -29.9498 
15829172 6.85228 32.5968 179.156 -0.64431 0.344186 0.682936 1.68944 -3.00801 71.3262 5.97897 -29.9768 
15874270 6.82186 32.6073 179.079 -0.644588 0.343406 0.683065 1.688 -3.00399 71.2008 5.9804 -29.9847 
15918454 6.7729 32.7243 179.069 -0.645331 0.343675 0.682228 1.68312 -3.00083 71.1056 5.98586 -30.0022 
15964948 6.84836 32.695 179.003 -0.64513 0.342999 0.682758 1.68082 -2.99767 70.9801 5.98787 -30.0053 
16014167 6.98112 32.6715 178.861 -0.645552 0.341314 0.683204 1.68111 -3.00514 70.8563 5.98643 -30.0053 
16059744 7.27007 32.5659 178.794 -0.645028 0.338653 0.68502 1.68542 -3.01634 70.9293 5.9827 -30.0276 
16106865 7.30237 32.4249 178.69 -0.644529 0.335295 0.687139 1.68829 -3.0195 70.8833 5.98213 -30.0339 
16153000 7.23449 32.3914 178.711 -0.643882 0.33667 0.687073 1.70294 -3.03214 70.8214 5.97695 -30.0403 
16200626 7.14882 32.3904 178.711 -0.64394 0.336985 0.686864 1.70811 -3.03329 70.7642 5.97753 -30.0403 
16245545 7.16167 32.6034 178.626 -0.642107 0.344569 0.684814 1.70926 -3.02984 70.6452 5.97868 -30.0403 
16291495 7.19888 32.9326 178.495 -0.640252 0.35256 0.68248 1.72104 -3.04536 70.6484 5.97724 -30.0546 
16339768 7.08649 33.3092 178.292 -0.638704 0.360332 0.679866 1.73023 -3.05168 70.5483 5.97753 -30.0673 
16390937 7.0971 33.4208 178.245 -0.63846 0.363211 0.678562 1.72736 -3.04651 70.5134 5.97753 -30.1101 
16438559 7.02437 33.6536 178.096 -0.637662 0.367737 0.676873 1.72707 -3.04478 70.4674 5.97782 -30.1847 
16481690 6.93772 33.8481 178.014 -0.636971 0.371007 0.675738 1.72477 -3.04019 70.4721 5.97782 -30.2577 
16524992 7.00751 34.0165 177.973 -0.636173 0.373991 0.674844 1.72219 -3.03502 70.434 5.97695 -30.2974 
16573386 7.23366 33.7099 177.919 -0.635188 0.372549 0.676567 1.72161 -3.04191 70.3991 5.97035 -30.3101 
16621338 7.04774 34.1788 177.687 -0.633582 0.381894 0.672853 1.74057 -3.05943 70.4166 5.97092 -30.3355 
16670622 7.22129 33.8715 177.629 -0.634014 0.37954 0.673778 1.7604 -3.08816 70.4785 5.97092 -30.3641 
16714644 6.9647 33.7617 177.643 -0.635957 0.374393 0.674825 1.75206 -3.08529 70.3832 5.97322 -30.4054 
16762985 6.54947 34.0785 177.622 -0.637531 0.376911 0.671932 1.75494 -3.09075 70.3166 5.97897 -30.4308 
16814013 6.47809 34.5086 177.387 -0.63662 0.384622 0.668416 1.7423 -3.06748 70.1753 5.97897 -30.4467 
16863032 6.60297 34.9944 177.13 -0.633786 0.392205 0.666701 1.7489 -3.0715 70.2356 5.97954 -30.5308 
16911321 6.62676 35.3262 176.904 -0.631115 0.401109 0.663931 1.75092 -3.07092 70.2404 5.98011 -30.6165 
16964064 6.55293 35.4995 176.819 -0.628946 0.408025 0.661772 1.74804 -3.0603 70.3102 5.98414 -30.7007 
17007963 6.45508 35.2153 176.91 -0.631477 0.399796 0.664379 1.7647 -3.09649 70.2626 5.97667 -30.6705 
17056547 7.00235 36.1115 177.279 -0.612871 0.443379 0.654067 1.79257 3.11804 70.1705 5.96719 -30.661 
17105434 6.64804 36.0687 177.099 -0.618555 0.43358 0.655285 1.79286 3.12206 70.0562 5.96661 -30.6689 
17153743 6.51163 36.2582 176.807 -0.618737 0.436827 0.652953 1.79286 3.12723 69.9245 5.96661 -30.6753 
17195636 6.45874 36.4617 176.566 -0.617514 0.441456 0.650994 1.79286 3.1324 69.8102 5.96661 -30.6753 
17241836 6.45062 36.711 176.306 -0.615476 0.44692 0.649193 1.79257 3.13872 69.6705 5.96661 -30.6737 
17287223 6.47935 37.0112 176.118 -0.611785 0.456125 0.646274 1.79745 3.13326 69.599 5.96403 -30.6864 
17338555 6.49442 37.1643 175.937 -0.610647 0.458663 0.645553 1.79774 3.13901 69.4641 5.96374 -30.6864 
17384177 6.63864 37.6016 175.711 -0.603605 0.47367 0.641325 1.80463 3.12436 69.3593 5.95886 -30.6848 
17432131 6.62518 37.5071 175.614 -0.604704 0.469939 0.643032 1.80377 3.13297 69.1942 5.95886 -30.6705 
17478295 6.61907 37.5055 175.505 -0.604804 0.468987 0.643633 1.80377 3.13843 69.0529 5.95886 -30.6689 
17523505 6.47236 37.6684 175.334 -0.601682 0.477078 0.640606 1.81727 3.1347 68.9402 5.9534 -30.6769 
17570527 6.65597 37.696 175.206 -0.599545 0.478962 0.641203 1.81584 3.1347 68.7973 5.95225 -30.6673 
17616979 6.68604 37.6147 175.128 -0.599784 0.476812 0.64258 1.81584 3.14073 68.6433 5.95225 -30.653 
17663806 6.70058 38.3862 174.73 -0.59148 0.495359 0.636216 1.83307 -3.12723 68.5703 5.95081 -30.6626 
17713788 6.79613 38.0654 174.637 -0.593935 0.487726 0.639816 1.84169 -3.10453 68.5052 5.94938 -30.6911 
17757111 5.96778 37.7974 174.642 -0.599704 0.478955 0.641059 1.846 -3.09132 68.4878 5.94938 -30.7181 
17803422 5.66806 37.4579 174.713 -0.605325 0.471193 0.641528 1.84629 -3.08299 68.4528 5.94938 -30.7451 
17849227 5.41435 36.8355 174.735 -0.607747 0.466985 0.642315 1.84859 -3.0827 68.5179 5.94593 -30.7832 
17893602 5.31729 36.8643 174.768 -0.612404 0.457083 0.645009 1.85089 -3.08098 68.6687 5.94363 -30.8531 
17937441 5.23721 36.8567 174.786 -0.611732 0.457002 0.645703 1.85577 -3.07811 68.818 5.93846 -30.9166 
17979347 5.1169 36.8505 174.814 -0.61126 0.457686 0.645666 1.8595 -3.07552 68.964 5.93473 -30.9753 
18025918 4.83759 36.7508 174.763 -0.612023 0.457105 0.645355 1.8687 -3.06863 69.0323 5.92754 -31.0071 
18070826 4.76707 36.644 174.872 -0.613066 0.455638 0.645402 1.86898 -3.06489 69.1545 5.9241 -31.0499 
18115945 4.66653 36.4849 174.856 -0.614327 0.454665 0.644889 1.87186 -3.06116 69.1021 5.92065 -31.0674 
18165199 4.60826 36.1547 175.029 -0.616898 0.446816 0.647914 1.86697 -3.05168 69.1625 5.91806 -31.1102 
18214497 4.53814 36.177 174.99 -0.616178 0.447468 0.648149 1.86726 -3.05024 69.1831 5.91749 -31.1626 
18260448 4.49073 36.1254 175.008 -0.615308 0.449127 0.647828 1.87071 -3.04794 69.3403 5.91289 -31.2245 
18305623 4.53869 36.0831 174.966 -0.615117 0.449376 0.647836 1.87099 -3.04766 69.2974 5.91261 -31.2468 
18355040 4.81568 35.3732 175.196 -0.612745 0.448539 0.650658 1.87703 -3.02381 69.2085 5.87382 -31.2658 
18399825 4.7024 35.3905 175.136 -0.615652 0.444502 0.650685 1.87904 -3.02065 69.2228 5.87325 -31.3039 
18447324 4.92433 35.2088 175.131 -0.612163 0.448718 0.651083 1.88852 -3.01491 69.1371 5.86291 -31.3293 
18496262 5.30589 35.0008 175.166 -0.608675 0.452739 0.651568 1.88881 -3.01462 69.291 5.85688 -31.3801 
18542380 5.39028 34.7868 175.19 -0.607877 0.453442 0.651825 1.89053 -3.01232 69.3736 5.85429 -31.3976 
18588366 5.46238 34.7112 175.172 -0.607014 0.454333 0.652009 1.89053 -3.01175 69.3164 5.85429 -31.4071 
18637480 5.47875 34.7534 175.144 -0.606892 0.454353 0.652108 1.88766 -3.01404 69.2275 5.8586 -31.4071 
18679411 5.46912 34.7757 175.122 -0.607147 0.453902 0.652186 1.88478 -3.01692 69.1942 5.86406 -31.4071 
18723547 5.27686 34.6995 175.068 -0.608525 0.452146 0.652121 1.88938 -3.01663 69.0974 5.8675 -31.4087 
18769702 4.89583 34.6625 174.89 -0.610761 0.449993 0.651519 1.91207 -3.02496 69.0545 5.88618 -31.4119 
18818852 5.11035 34.24 175.115 -0.610385 0.44764 0.653489 1.91581 -3.02065 69.1164 5.87813 -31.4166 
18864820 3.75253 33.4019 175.319 -0.627494 0.421958 0.654372 1.95516 -3.02324 69.1482 5.8767 -31.4246 
18914948 3.61731 33.4984 175.355 -0.627845 0.42111 0.654581 1.95832 -3.01663 69.2339 5.87555 -31.4436 
18962248 3.04873 33.237 175.463 -0.634505 0.409455 0.655553 1.95258 -3.00715 69.3561 5.87411 -31.4722 
19005302 2.65396 33.0321 175.512 -0.638009 0.403577 0.655797 1.94195 -2.99824 69.4133 5.87296 -31.5325 
19056430 2.44824 32.9921 175.587 -0.639582 0.401691 0.655423 1.92902 -2.98589 69.4133 5.87239 -31.6198 
19107656 2.69371 33.2095 175.471 -0.636353 0.40776 0.654817 1.92242 -2.98474 69.4434 5.87124 -31.7008 
19153280 2.43326 32.6617 175.5 -0.639917 0.401005 0.655516 1.96206 -2.9856 69.5117 5.85199 -31.7214 
19202162 2.8001 33.0243 175.408 -0.635118 0.408691 0.655436 1.98102 -2.97498 69.5768 5.8316 -31.7897 
19249763 2.74698 33.1056 175.375 -0.634777 0.409625 0.655183 1.95631 -2.96722 69.6736 5.8405 -31.8675 
19298116 2.76039 32.9238 175.331 -0.632635 0.414579 0.654139 1.97154 -2.96435 69.8229 5.82614 -31.9373 
19350243 2.9513 32.8579 175.359 -0.631488 0.418379 0.652826 2.05829 -2.96119 69.7673 5.76552 -31.9675 
19397750 2.79794 32.5961 175.462 -0.632605 0.416629 0.652864 2.03244 -2.95889 69.6577 5.77989 -31.9786 
19448553 2.43411 32.002 175.587 -0.634199 0.414134 0.652905 2.01492 -2.95803 69.5625 5.7931 -31.9865 
19493772 2.35737 31.8781 175.56 -0.634488 0.413252 0.653183 2.01348 -2.96837 69.5657 5.80115 -31.9897 
19541081 2.16472 31.2833 175.542 -0.635688 0.411248 0.653281 2.02382 -2.99106 69.4625 5.80746 -31.9913 
19590721 2.73236 31.2245 175.453 -0.627978 0.422594 0.653497 1.99711 -3.00456 69.4736 5.80459 -31.9913 
19633755 1.94051 31.38 175.604 -0.638601 0.407298 0.652914 2.00084 -3.00744 69.5292 5.81465 -31.9691 
19677241 1.81481 31.2343 175.65 -0.638258 0.409334 0.651976 1.99826 -3.02094 69.5577 5.81149 -31.9468 
19726301 2.08256 31.428 175.633 -0.637513 0.410057 0.652251 2.01492 -2.9767 69.526 5.80086 -31.9945 
19773599 2.14384 31.436 175.578 -0.636706 0.412385 0.65157 2.00458 -2.99853 69.4704 5.8066 -31.9961 
19818527 2.10365 31.4196 175.601 -0.635789 0.414873 0.650886 2.01348 -2.98704 69.5466 5.79741 -32.0151 
19863705 2.00976 31.4391 175.582 -0.636383 0.414942 0.650261 2.01348 -2.98963 69.572 5.79827 -32.0342 
19909592 2.02725 31.5418 175.548 -0.635514 0.417037 0.649771 2.00084 -3.01117 69.6038 5.8066 -32.0262 
19959368 2.14995 31.6493 175.575 -0.634652 0.418324 0.649786 2.02612 -2.95343 69.6879 5.78448 -32.058 
20006196 1.94073 31.5233 175.57 -0.635419 0.418039 0.64922 2.00946 -3.00083 69.6689 5.79913 -32.0405 
20051959 2.13887 31.6286 175.567 -0.632922 0.422189 0.648973 2.00486 -3.00543 69.6927 5.79799 -32.0246 
20097328 2.2085 31.736 175.559 -0.632703 0.422161 0.649205 2.01894 -2.96578 69.7133 5.78707 -32.0437 
20142587 2.23049 31.7357 175.517 -0.630648 0.426464 0.648391 2.0017 -3.0083 69.7292 5.79655 -32.0437 
20187361 2.08836 31.8602 175.476 -0.628968 0.431466 0.646712 1.98878 -3.04536 69.7562 5.80603 -32.0358 
20233482 2.16525 32.0853 175.441 -0.627629 0.433224 0.646838 1.99969 -3.01376 69.8943 5.79368 -32.0516 
20280689 2.88178 33.0259 175.243 -0.62067 0.446641 0.644422 1.98906 -2.99451 69.9435 5.7954 -32.05 
20331639 2.8749 33.0776 175.189 -0.617373 0.456601 0.640598 1.98418 -3.01232 69.8705 5.79856 -32.058 
20373688 2.93214 33.2528 175.161 -0.615371 0.462654 0.638177 1.98332 -3.01634 69.9372 5.79454 -32.0596 
20416876 3.08728 33.241 175.16 -0.614066 0.462911 0.639246 1.98734 -3.00313 69.8863 5.7908 -32.0611 
20462286 3.2339 33.2643 175.162 -0.612383 0.463201 0.64065 1.99797 -2.96435 69.926 5.78046 -32.077 
20508414 3.2319 33.0107 175.212 -0.614437 0.462398 0.639262 2.01664 -2.94223 69.9594 5.75633 -32.1167 
20553511 3.18967 33.0183 175.17 -0.613121 0.463947 0.639403 2.00716 -2.96866 69.9387 5.76409 -32.1358 
20601318 3.27683 32.5629 175.307 -0.611761 0.461555 0.642429 2.00946 -2.98216 69.9356 5.75403 -32.1247 
20646820 3.49064 32.4338 175.337 -0.610321 0.463362 0.642498 2.00256 -2.99652 69.8101 5.76064 -32.1008 
20693947 3.55489 32.5921 175.311 -0.609482 0.465591 0.641683 1.99251 -3.01261 69.7498 5.77213 -32.0834 
20741911 3.60923 32.6474 175.336 -0.608419 0.467166 0.641547 1.97556 -3.05512 69.6197 5.78965 -32.0834 
20785887 3.61481 32.7518 175.349 -0.608094 0.468661 0.640764 1.96838 -3.07293 69.5927 5.79712 -32.0754 
20831012 3.63868 32.7681 175.336 -0.608806 0.467055 0.641261 1.96895 -3.08414 69.6355 5.79511 -32.0865 
20878070 6.91277 36.8368 174.436 -0.556353 0.555147 0.618291 1.96091 3.13068 69.6038 5.80086 -32.0881 
20923701 6.25194 36.271 174.613 -0.567549 0.537881 0.623356 1.9589 3.12493 69.526 5.79913 -32.0405 
20972825 5.72023 35.9662 174.579 -0.574597 0.529044 0.624461 1.9612 3.1347 69.4101 5.80028 -32.0024 
21018545 5.61074 36.0118 174.466 -0.57323 0.531885 0.623302 1.9635 3.13527 69.2926 5.79942 -31.9564 
21061756 5.66502 36.0152 174.361 -0.571048 0.534898 0.622726 1.96493 3.13786 69.1497 5.79741 -31.9103 
21105864 5.76987 36.1413 174.23 -0.567565 0.540053 0.62146 1.96522 3.13929 68.9878 5.79712 -31.8341 
21148583 5.89845 36.2891 174.121 -0.563321 0.545926 0.62019 1.96608 3.13929 68.8243 5.79626 -31.7436 
21193136 6.04192 36.3834 174.035 -0.55947 0.550734 0.619424 1.96694 3.13901 68.6624 5.79454 -31.6532 
21238713 4.32165 31.6173 176.181 -0.607638 0.460031 0.647416 1.96752 -3.14159 68.5179 5.7931 -31.5992 
21284927 6.23484 36.4442 173.881 -0.553556 0.558162 0.618086 1.97125 3.14131 68.4195 5.78793 -31.5468 
21333478 6.45074 36.743 173.753 -0.546415 0.567232 0.61618 1.97326 3.12895 68.2703 5.78649 -31.4722 
21379454 6.61509 36.5662 173.779 -0.545573 0.566281 0.6178 1.97068 3.13499 68.1719 5.78305 -31.396 
21428424 6.64589 36.4501 173.743 -0.544452 0.56593 0.619109 1.97096 3.14131 67.9909 5.78132 -31.2706 
21474779 6.81928 36.0795 173.437 -0.540622 0.572547 0.616375 1.96752 -3.13326 67.9655 5.77443 -31.242 
21518822 7.18904 36.7296 173.53 -0.531171 0.582411 0.61535 1.9724 -3.12407 67.8956 5.76955 -31.2737 
21565828 7.27164 36.6564 173.635 -0.529457 0.582537 0.616706 1.97757 -3.11344 67.8766 5.76409 -31.323 
21615005 7.35793 36.5267 173.817 -0.528935 0.581395 0.618229 1.98188 -3.10568 67.8972 5.75805 -31.3452 
21658130 7.38439 36.3776 173.91 -0.528048 0.580445 0.619878 1.9882 -3.09534 67.8782 5.75202 -31.3992 
21710212 7.33899 36.1257 173.555 -0.528577 0.577772 0.621922 1.99969 -3.07495 67.9036 5.74024 -31.4785 
21754866 7.35655 35.955 173.445 -0.529078 0.576818 0.62238 2.0109 -3.05627 67.9734 5.72875 -31.5468 
21804891 7.4217 35.8413 173.485 -0.529092 0.577881 0.621381 2.02411 -3.03358 68.1274 5.71439 -31.6087 
21849697 7.33897 35.5812 173.523 -0.527683 0.579385 0.621179 2.03129 -3.01835 68.2099 5.70433 -31.6674 
21894738 7.24952 35.5512 173.517 -0.5267 0.580758 0.620731 2.03646 -3.00945 68.3512 5.69687 -31.7103 
21939313 7.21167 35.4084 173.55 -0.525728 0.581321 0.621029 2.04249 -2.99853 68.4544 5.6871 -31.7405 
21984786 7.1528 34.9932 173.694 -0.528071 0.576074 0.623923 2.03991 -2.99939 68.5941 5.68135 -31.777 
22033412 7.04147 34.313 173.912 -0.531746 0.568219 0.627992 2.04077 -2.9925 68.7053 5.66958 -31.7754 
22080128 6.98965 33.9894 174.002 -0.533485 0.563434 0.630822 2.0379 -2.99451 68.664 5.66785 -31.7786 
22126041 7.01916 33.7965 174.042 -0.533467 0.561943 0.632165 2.03675 -2.99595 68.5624 5.66958 -31.7929 
22169497 7.05833 33.5626 174.084 -0.534 0.559816 0.633601 2.03991 -2.9948 68.6719 5.6578 -31.7992 
22213678 6.81901 33.0983 174.207 -0.540289 0.550693 0.636259 2.03991 -2.99192 68.7434 5.65492 -31.8468 
22259865 6.72567 32.831 174.336 -0.545112 0.543672 0.63818 2.03388 -2.99336 68.6846 5.66297 -31.896 
22306711 6.70796 32.6631 174.381 -0.545718 0.541606 0.639417 2.03474 -2.98876 68.6973 5.66153 -31.9373 
22351959 6.52526 32.5249 174.419 -0.5479 0.537968 0.640622 2.04278 -2.97239 68.6132 5.66584 -31.9691 
22397394 6.75573 32.6208 174.382 -0.5456 0.540738 0.640253 2.04422 -2.96693 68.5163 5.66871 -31.9945 
22448235 6.61318 32.6349 174.374 -0.547859 0.538365 0.640324 2.04652 -2.96004 68.4608 5.67216 -32.0342 
22498495 6.48613 32.5262 174.325 -0.548981 0.536881 0.640608 2.04939 -2.95171 68.4068 5.67015 -32.0913 
22547427 6.23183 32.4374 174.268 -0.552169 0.533585 0.640622 2.05083 -2.94654 68.3973 5.67072 -32.1373 
22592492 6.14975 32.4261 174.219 -0.553112 0.53252 0.640695 2.05255 -2.93907 68.3068 5.67101 -32.1691 
22639153 6.0408 32.5093 174.135 -0.55359 0.532505 0.640294 2.05628 -2.9316 68.2353 5.67159 -32.2024 
22688922 5.96839 32.4085 174.141 -0.555984 0.529628 0.640606 2.05715 -2.92499 68.1607 5.67187 -32.2389 
22737035 5.87806 32.2 174.173 -0.560065 0.523941 0.641727 2.05829 -2.91609 68.048 5.67187 -32.258 
22779911 5.65057 31.5535 174.267 -0.566832 0.511606 0.645725 2.05715 -2.90689 68.0036 5.6667 -32.2596 
22832216 5.45311 31.2685 174.227 -0.570769 0.502594 0.649324 2.05916 -2.89914 67.9179 5.66326 -32.2596 
22882618 5.42377 30.8245 174.274 -0.57475 0.493298 0.652932 2.05887 -2.89224 67.8036 5.6601 -32.2596 
22931241 5.3688 30.3276 174.307 -0.577734 0.485706 0.655983 2.06059 -2.8819 67.6797 5.65464 -32.2628 
22974644 5.335 30.0181 174.301 -0.580457 0.478077 0.659176 2.06145 -2.87587 67.6019 5.65406 -32.2659 
23020718 5.36968 29.7624 174.282 -0.580656 0.474398 0.661653 2.06433 -2.86553 67.4591 5.65205 -32.2644 
23068907 5.2791 29.339 174.285 -0.582337 0.468144 0.664624 2.06835 -2.85174 67.3368 5.64803 -32.2596 
23114740 5.35927 28.604 174.394 -0.586483 0.458348 0.667799 2.06691 -2.84542 67.2924 5.63941 -32.2437 
23159108 5.2852 28.522 174.39 -0.585686 0.456992 0.669425 2.07065 -2.83565 67.1654 5.63711 -32.2072 
23204514 5.135 28.2024 174.352 -0.587344 0.450703 0.67223 2.07295 -2.82502 67.0209 5.6351 -32.1612 
23254619 5.17048 27.9344 174.366 -0.587607 0.447017 0.674458 2.07496 -2.81525 66.8352 5.63309 -32.0739 
23300213 5.18625 27.5237 174.306 -0.588213 0.442422 0.676956 2.07812 -2.8052 66.678 5.62907 -32.0278 
23348512 5.13407 26.9943 174.402 -0.592365 0.431563 0.680336 2.07668 -2.79744 66.5986 5.62476 -32.0008 
23394884 5.15807 26.7301 174.423 -0.593573 0.424856 0.683497 2.07611 -2.78681 66.6209 5.61557 -31.9961 
23441507 5.1481 26.7702 174.312 -0.591846 0.42671 0.68384 2.07438 -2.78279 66.5193 5.61241 -31.9278 
23486729 5.1706 26.6199 174.305 -0.59004 0.426104 0.685776 2.0672 -2.77073 66.4415 5.60551 -31.8643 
23529302 5.39475 26.3225 174.406 -0.589107 0.426259 0.686481 2.06663 -2.76412 66.4113 5.60149 -31.8072 
23575925 5.48873 25.9501 174.47 -0.588023 0.424091 0.68875 2.07611 -2.75722 66.4923 5.5923 -31.7992 
23621160 5.48748 25.6257 174.53 -0.587159 0.421238 0.691233 2.08156 -2.74774 66.578 5.5854 -31.8119 
23666235 5.43214 25.6327 174.585 -0.585777 0.423179 0.69122 2.08673 -2.74631 66.6669 5.58253 -31.8008 
23711463 5.36624 25.5161 174.59 -0.586711 0.420759 0.691905 2.08903 -2.74028 66.7113 5.5811 -31.7865 
23763580 5.28138 25.4235 174.689 -0.587869 0.421326 0.690575 2.09449 -2.73712 66.7018 5.57707 -31.75 
23816714 5.25882 25.2794 174.731 -0.587515 0.419234 0.692147 2.09104 -2.72706 66.7669 5.57391 -31.6976 
23861648 5.11766 25.1401 174.808 -0.588692 0.416863 0.69258 2.09162 -2.72045 66.6812 5.57104 -31.6198 
23908131 5.03093 25.0009 174.865 -0.589536 0.415188 0.692868 2.09248 -2.715 66.5764 5.56817 -31.5643 
23953272 4.98066 24.9336 174.913 -0.589685 0.414861 0.692937 2.09305 -2.70954 66.5113 5.5653 -31.5166 
24002448 4.99824 24.8832 174.964 -0.589373 0.415626 0.692744 2.09363 -2.70437 66.4383 5.56156 -31.4452 
24051667 5.06657 24.7939 175.059 -0.588607 0.416907 0.692625 2.0965 -2.69747 66.3716 5.55553 -31.3547 
24100498 5.27055 24.6936 175.074 -0.586759 0.41833 0.693335 2.09736 -2.68828 66.2367 5.54547 -31.2801 
24142433 5.35032 24.3515 175.17 -0.587414 0.413569 0.695633 2.0942 -2.68512 66.1621 5.5449 -31.1817 
24190066 5.40205 23.2346 175.357 -0.592251 0.399228 0.699897 2.09076 -2.68512 66.1938 5.54777 -31.1071 
24236128 5.31271 22.6594 175.591 -0.594349 0.386613 0.705181 2.07582 -2.70178 66.1414 5.54634 -30.9864 
24288201 5.44937 22.79 175.59 -0.59465 0.38791 0.704214 2.06404 -2.715 66.1668 5.54519 -30.9007 
24337172 5.61439 22.8333 175.583 -0.59301 0.390707 0.704051 2.06002 -2.71873 66.1859 5.54461 -30.8801 
24384517 5.70987 22.7226 175.662 -0.592269 0.38982 0.705165 2.06433 -2.70666 66.043 5.54461 -30.8499 
24433669 5.8983 22.7404 175.729 -0.590097 0.39171 0.705939 2.06576 -2.69977 65.8747 5.54461 -30.8118 
24479355 6.12745 22.843 175.755 -0.586533 0.397406 0.705725 2.0672 -2.69661 65.7255 5.54117 -30.7578 
24525413 6.17554 22.7962 175.756 -0.586052 0.396717 0.706511 2.06864 -2.69316 65.608 5.54117 -30.7165 
24569906 6.16065 22.6347 175.733 -0.586654 0.393649 0.707727 2.06979 -2.69 65.5715 5.54117 -30.6816 
24618151 6.18384 22.3343 175.728 -0.587974 0.387246 0.71016 2.07151 -2.68138 65.4112 5.54203 -30.607 
24667788 6.15889 22.1737 175.759 -0.588758 0.383644 0.711465 2.07496 -2.67133 65.2969 5.54174 -30.5022 
24720304 6.11719 22.117 175.706 -0.588793 0.382103 0.712264 2.07812 -2.66587 65.2318 5.54174 -30.4181 
24766170 6.08228 21.9156 175.676 -0.589182 0.378414 0.71391 2.08185 -2.65869 65.1239 5.54117 -30.3149 
24809337 6.19451 21.6704 175.811 -0.588438 0.37686 0.715344 2.07438 -2.66329 65.1381 5.53542 -30.245 
24854488 6.21269 21.4507 175.901 -0.588112 0.374218 0.716998 2.07151 -2.6607 65.1064 5.52651 -30.1228 
24902392 6.15932 21.423 175.908 -0.588239 0.372805 0.717629 2.07237 -2.65725 65.0651 5.52221 -30.0006 
24944699 6.22252 21.0889 175.981 -0.587955 0.37049 0.71906 2.07036 -2.65007 65.0635 5.50957 -29.9196 
24992794 6.51767 20.934 176.068 -0.583981 0.375567 0.719663 2.06777 -2.64605 65.0016 5.49865 -29.8339 
25043299 6.72528 20.8529 176.14 -0.579987 0.381163 0.719951 2.06921 -2.6426 64.9492 5.49003 -29.7212 
25098262 6.82606 20.6764 176.185 -0.577653 0.382036 0.721364 2.07409 -2.63083 64.8508 5.48026 -29.5942 
25142188 6.87935 20.5576 176.277 -0.576586 0.380968 0.722781 2.07668 -2.62163 64.8556 5.4771 -29.5164 
25185261 6.78966 20.041 176.406 -0.579582 0.369263 0.72645 2.08099 -2.59607 64.8905 5.4817 -29.5005 
25227160 6.99988 20.0581 176.512 -0.575079 0.377461 0.725815 2.08817 -2.58027 64.9032 5.48026 -29.4338 
25273329 6.8455 19.9843 176.585 -0.577057 0.373183 0.726457 2.09593 -2.55671 64.8429 5.48199 -29.3497 
25321046 6.48694 19.8188 176.726 -0.580749 0.366823 0.726754 2.10627 -2.52856 64.7937 5.48314 -29.264 
25367750 6.12187 19.2678 176.824 -0.587296 0.350847 0.729376 2.10885 -2.51822 64.6793 5.48227 -29.1608 
25411693 5.87205 18.6937 177.005 -0.592143 0.334614 0.733076 2.10972 -2.51936 64.5841 5.47653 -29.0449 
25455846 5.54543 17.6852 177.3 -0.600345 0.309901 0.737257 2.11604 -2.49782 64.5523 5.47423 -28.975 
25501387 5.38347 16.8139 177.459 -0.604936 0.291071 0.741168 2.12781 -2.45157 64.5968 5.47251 -28.9735 
25547920 5.00996 16.5926 177.513 -0.610394 0.279295 0.741224 2.1304 -2.44812 64.5428 5.47366 -28.9068 
25597284 4.59641 16.3331 177.53 -0.614488 0.271516 0.740732 2.12896 -2.45703 64.4079 5.47279 -28.8115 
25645598 4.25595 15.8281 177.615 -0.619111 0.258205 0.741641 2.13126 -2.45157 64.2904 5.47222 -28.7306 
25695399 4.35388 15.5642 177.697 -0.619237 0.253524 0.74315 2.13327 -2.44295 64.3238 5.47021 -28.7052 
25746673 4.32182 15.138 177.744 -0.620183 0.246515 0.744717 2.13356 -2.43864 64.2666 5.46418 -28.6512 
25793905 4.31274 14.7015 177.804 -0.620858 0.238889 0.746637 2.13988 -2.41365 64.3206 5.4613 -28.6512 
25842643 4.28277 14.485 177.821 -0.621038 0.236198 0.747343 2.14649 -2.3944 64.4047 5.45498 -28.6655 
25892235 4.05576 14.3082 177.898 -0.623444 0.228938 0.747599 2.15453 -2.37199 64.4952 5.45096 -28.6607 
25942393 3.77272 14.1438 177.992 -0.625086 0.223964 0.747735 2.16056 -2.34959 64.5746 5.44665 -28.6464 
25992385 3.29728 13.7819 178.079 -0.628945 0.216001 0.746841 2.16918 -2.32086 64.7 5.4389 -28.6448 
26042376 2.72376 13.3157 178.178 -0.634674 0.201948 0.745927 2.17694 -2.30362 64.746 5.43373 -28.6321 
26089484 2.65518 12.8103 178.251 -0.63641 0.192283 0.747 2.1801 -2.28581 64.7635 5.43085 -28.6067 
26141858 2.44675 12.2698 178.346 -0.639863 0.177641 0.747676 2.18211 -2.27404 64.7635 5.4297 -28.5655 
26189006 2.32911 11.8405 178.404 -0.641671 0.167215 0.74853 2.18326 -2.27576 64.5793 5.42855 -28.4909 
26237276 2.17573 11.2971 178.478 -0.6443 0.15596 0.748701 2.18642 -2.27346 64.4793 5.42539 -28.4353 
26289230 2.18887 11.0962 178.556 -0.644364 0.15344 0.749167 2.18785 -2.26197 64.5396 5.42137 -28.3988 
26334318 2.29034 10.9605 178.569 -0.644097 0.150171 0.750059 2.18613 -2.24818 64.5857 5.42022 -28.375 
26387362 2.01801 10.7533 178.649 -0.645694 0.14746 0.749223 2.19389 -2.23267 64.6793 5.41189 -28.3607 
26430850 1.99796 10.6923 178.683 -0.645918 0.146276 0.749262 2.19618 -2.22491 64.7127 5.40902 -28.3464 
26480790 1.92857 10.4088 178.764 -0.646446 0.140961 0.749825 2.19647 -2.21543 64.7921 5.40787 -28.3337 
26530764 1.89244 9.98925 178.836 -0.646874 0.13446 0.750649 2.1959 -2.20796 64.927 5.40414 -28.3289 
26576742 1.87559 9.67544 178.901 -0.64784 0.128923 0.750788 2.19705 -2.2071 64.9508 5.39753 -28.3004 
26623726 1.79279 8.70963 178.959 -0.64958 0.104309 0.753104 2.19705 -2.18929 64.7952 5.39523 -28.24 
26668325 1.79593 8.47502 179.041 -0.649028 0.101348 0.753983 2.19504 -2.18843 64.7174 5.38862 -28.1638 
26719284 1.82467 8.18334 179.073 -0.648945 0.0987105 0.754404 2.19475 -2.18412 64.6016 5.38202 -28.0781 
26766481 1.76765 8.14411 179.099 -0.649436 0.099741 0.753846 2.20078 -2.17521 64.4952 5.37742 -28.0083 
26814958 1.88017 7.96528 179.138 -0.648337 0.101821 0.754514 2.2025 -2.17205 64.3142 5.37685 -27.9225 
26861582 2.07524 7.54531 179.197 -0.648132 0.0955105 0.755515 2.20308 -2.16976 64.211 5.37685 -27.8575 
26907533 2.20986 6.82519 179.262 -0.648154 0.0824346 0.757034 2.20107 -2.16803 64.2253 5.3734 -27.8178 
26953004 2.23622 6.36904 179.307 -0.647601 0.0755887 0.758221 2.20107 -2.16516 64.2301 5.36421 -27.7686 
27002898 2.20175 6.26089 179.369 -0.647314 0.0723411 0.758783 2.20193 -2.16344 64.2412 5.36076 -27.7146 
27051100 2.19604 6.04342 179.436 -0.646858 0.0694152 0.759445 2.2071 -2.15568 64.1729 5.35444 -27.6415 
27100473 2.27716 5.59645 179.424 -0.646211 0.0603681 0.760767 2.21371 -2.14505 64.0507 5.35042 -27.5638 
27150476 2.25225 5.47744 179.415 -0.645159 0.0594122 0.761735 2.22204 -2.13327 63.9856 5.34467 -27.4796 
27199492 2.25765 4.86835 179.532 -0.645866 0.0481798 0.761929 2.22491 -2.12494 63.9253 5.33921 -27.3844 
27250588 2.25788 4.5235 179.558 -0.645783 0.0402702 0.762459 2.22865 -2.11747 63.8269 5.33806 -27.2971 
27296102 2.20022 4.2442 179.631 -0.645396 0.0360606 0.762996 2.2364 -2.11058 63.7348 5.33577 -27.1732 
27348141 1.85503 3.83746 179.691 -0.645619 0.0226965 0.763322 2.25967 -2.08559 63.684 5.32916 -27.0637 
27396127 1.78843 3.24296 179.715 -0.646318 0.0150337 0.76292 2.26456 -2.07639 63.603 5.32226 -26.97 
27443898 1.59871 2.96827 179.775 -0.647235 0.00942541 0.762233 2.2703 -2.07208 63.5348 5.31939 -26.8557 
27494120 1.46437 2.83889 179.844 -0.647394 0.00451721 0.762142 2.26915 -2.07323 63.4205 5.31738 -26.7367 
27540384 1.20396 2.62355 179.878 -0.648618 -0.00319249 0.761108 2.27834 -2.06289 63.4109 5.31738 -26.6621 
27587217 1.18899 2.60524 179.888 -0.648359 -0.00320943 0.761328 2.27892 -2.06318 63.2792 5.31393 -26.5319 
27631543 0.998585 2.52696 179.881 -0.648242 -0.00278369 0.761429 2.28064 -2.06404 63.1538 5.3102 -26.4224 
27675795 0.887359 2.36416 179.95 -0.64803 -0.00375717 0.761605 2.27949 -2.06519 63.041 5.30819 -26.3017 
27723723 0.957392 2.28122 179.972 -0.647666 -0.00601631 0.761901 2.27346 -2.06835 62.9093 5.31307 -26.1858 
27769842 1.03793 2.30473 179.955 -0.647085 -0.00404721 0.762407 2.26657 -2.07352 62.768 5.31537 -26.0922 
27816297 1.22316 2.4511 179.994 -0.646037 -0.00176691 0.763304 2.2591 -2.07955 62.6696 5.31853 -26.0096 
27869078 1.22786 2.38583 180.04 -0.644907 -0.00301379 0.764255 2.26398 -2.07409 62.5521 5.31307 -25.8683 
27913215 1.38621 2.50541 180.035 -0.643509 -0.00141098 0.765437 2.26168 -2.07524 62.4394 5.31393 -25.7699 
27960277 1.59616 2.7325 180.026 -0.641646 0.00560589 0.76698 2.25393 -2.08214 62.314 5.31365 -25.6476 
28013823 1.58736 2.6357 180.03 -0.640883 0.00357888 0.76763 2.25508 -2.08041 62.1711 5.31192 -25.5524 
28062036 1.77546 2.61468 180.082 -0.639943 0.00488143 0.768407 2.25249 -2.08041 62.0886 5.31106 -25.4524 
28111685 2.05948 2.66171 180.095 -0.636612 0.00544947 0.771165 2.2275 -2.08185 61.9933 5.30675 -25.3397 
28157914 2.07992 2.60336 180.081 -0.636211 0.0104444 0.771445 2.23238 -2.08013 61.8599 5.30043 -25.219 
28202090 2.33004 2.47372 180.114 -0.634285 0.0135597 0.77298 2.22434 -2.07611 61.7996 5.29325 -25.1206 
28253026 2.52602 2.39345 180.169 -0.632816 0.017146 0.774113 2.21859 -2.07409 61.7599 5.28837 -25.0127 
28300303 2.69931 2.20501 180.16 -0.631261 0.0199433 0.775314 2.21342 -2.06777 61.6869 5.27946 -24.9222 
28354264 2.77437 2.19823 180.231 -0.630798 0.0207884 0.775669 2.21285 -2.0672 61.6266 5.27831 -24.8206 
28399444 3.01616 1.93821 180.242 -0.629264 0.0226646 0.776861 2.20768 -2.05916 61.6266 5.27056 -24.765 
28442635 2.94241 1.81928 180.281 -0.628677 0.0219797 0.777356 2.20739 -2.05226 61.598 5.26539 -24.7285 
28485949 2.9186 1.74741 180.322 -0.628263 0.0212523 0.77771 2.20653 -2.04738 61.6409 5.2651 -24.7348 
28531103 2.97732 1.66611 180.358 -0.627986 0.0227093 0.777893 2.20624 -2.04364 61.6377 5.26309 -24.692 
28575834 3.00945 1.59083 180.415 -0.628147 0.0228748 0.777759 2.20681 -2.04163 61.6218 5.26223 -24.6539 
28619137 3.03865 1.55434 180.459 -0.628185 0.0238139 0.777699 2.20653 -2.0402 61.6314 5.26136 -24.6285 
28664216 3.05945 1.51452 180.466 -0.627873 0.0241879 0.77794 2.20595 -2.03876 61.5917 5.25964 -24.584 
28707555 3.06113 1.50994 180.464 -0.627641 0.0243488 0.778122 2.20595 -2.03991 61.5282 5.25849 -24.5348 
28759438 3.04922 1.38234 180.463 -0.627354 0.0275399 0.778247 2.20768 -2.03589 61.4297 5.24901 -24.457 
28805447 3.07072 1.26047 180.515 -0.627388 0.0199315 0.778452 2.20825 -2.03215 61.3964 5.25849 -24.4157 
28859025 3.15596 1.02111 180.566 -0.62664 0.0149036 0.779166 2.20882 -2.03388 61.2567 5.25792 -24.2951 
28912821 3.17853 0.84687 180.581 -0.625674 0.00855713 0.780038 2.20997 -2.04479 61.1567 5.25705 -24.2062 
28959789 3.17726 0.53647 180.631 -0.624521 0.00448631 0.780995 2.21342 -2.05083 61.0964 5.24643 -24.0903 
29010389 3.19395 0.304132 180.625 -0.623594 -0.00024213 0.781748 2.21572 -2.05743 60.9884 5.24097 -23.9617 
29056127 3.25153 0.484595 180.628 -0.622849 0.0105633 0.78227 2.21514 -2.07639 60.9233 5.22833 -23.8522 
29105252 3.24361 0.477183 180.656 -0.621766 0.0145078 0.783069 2.21744 -2.08788 60.817 5.23063 -23.7522 
29152450 3.25769 0.692164 180.723 -0.620774 0.0273836 0.783511 2.21859 -2.09679 60.7471 5.22948 -23.6458 
29199461 3.38212 1.05616 180.78 -0.620234 0.0391835 0.783438 2.21744 -2.10253 60.6931 5.22948 -23.5283 
29253627 3.41088 0.982234 180.863 -0.619376 0.0388119 0.784134 2.21917 -2.10167 60.5979 5.22603 -23.3791 
29305818 3.42215 1.18028 180.934 -0.61853 0.0453841 0.784449 2.22204 -2.10598 60.4852 5.22344 -23.2283 
29351105 3.4449 1.75128 180.959 -0.617309 0.0624713 0.784237 2.22348 -2.12293 60.4201 5.22316 -23.1267 
29398420 3.54946 1.39958 181.019 -0.616081 0.0569542 0.785621 2.22032 -2.11058 60.3121 5.21741 -23.0045 
29442118 3.50762 2.3834 181.046 -0.615006 0.080232 0.78443 2.22549 -2.14045 60.255 5.22229 -22.906 
29495776 3.5079 2.56951 181.046 -0.613845 0.084909 0.784847 2.2298 -2.14534 60.1121 5.22028 -22.8219 
29547546 3.49996 2.75182 181.07 -0.612375 0.0906671 0.785351 2.23238 -2.12753 60.0438 5.21138 -22.7171 
29597654 3.59638 3.15086 181.067 -0.610515 0.101958 0.785415 2.23497 -2.12236 59.9883 5.20678 -22.6346 
29652114 3.5969 3.24131 181.089 -0.609564 0.107169 0.785459 2.23583 -2.1192 59.9661 5.20247 -22.579 
29703084 3.50908 3.26466 181.098 -0.609056 0.107306 0.785835 2.23784 -2.08357 59.9978 5.19529 -22.4965 
29752938 3.48268 3.11572 181.088 -0.608711 0.108588 0.785926 2.23813 -2.05715 60.0153 5.1884 -22.4203 
29803237 3.47704 3.00729 181.201 -0.608885 0.10802 0.78587 2.23784 -2.04163 60.0359 5.18552 -22.3314 
29850374 3.48443 2.92952 181.255 -0.609135 0.10682 0.78584 2.2364 -2.03503 60.0232 5.18552 -22.2742 
29899356 3.45077 2.73295 181.361 -0.60929 0.103718 0.786135 2.23583 -2.0198 59.9978 5.18437 -22.2028 
29945960 3.41173 2.49418 181.479 -0.609691 0.0984146 0.786506 2.23525 -2.0063 59.8994 5.18552 -22.1329 
29996780 3.41386 1.96905 181.559 -0.611028 0.0853551 0.786993 2.23554 -1.99624 59.7676 5.18466 -22.0504 
30047875 3.4854 0.744326 181.659 -0.614014 0.0637578 0.786715 2.23468 -1.96206 59.774 5.17748 -21.9599 
30090619 3.53821 -0.0211028 181.732 -0.612514 0.0400885 0.789443 2.23497 -1.93707 59.8533 5.17116 -21.9392 
30138055 3.53008 -0.294451 181.786 -0.612232 0.0299379 0.790111 2.23583 -1.92385 59.9597 5.16197 -21.9218 
30181975 3.455 -0.68181 181.806 -0.612814 0.0220175 0.78992 2.2364 -1.90776 60.0232 5.15134 -21.8805 
30233229 3.34604 -0.727727 181.81 -0.612525 0.0209783 0.790173 2.23841 -1.8911 60.0804 5.13985 -21.8011 
30280454 3.28187 -0.930203 181.845 -0.61261 0.0190678 0.790156 2.24014 -1.87731 60.0915 5.13267 -21.7297 
30326282 3.16717 -1.40392 181.96 -0.612656 0.0115839 0.790265 2.24272 -1.86697 60.074 5.12979 -21.6202 
30373511 3.08743 -1.96972 182.052 -0.613625 0.00203476 0.789595 2.24387 -1.85893 60.0534 5.12864 -21.5281 
30421635 3.03352 -2.28117 182.142 -0.614803 -0.00275989 0.788676 2.24531 -1.85232 60.0629 5.12663 -21.4614 
30473706 3.01431 -2.45758 182.221 -0.614641 -0.00712212 0.788775 2.25335 -1.84571 60.0105 5.12778 -21.3947 
30520715 2.95328 -2.59467 182.342 -0.614453 -0.0132752 0.788842 2.27289 -1.84083 59.8803 5.13267 -21.2947 
30563509 2.92219 -2.95802 182.417 -0.615537 -0.0202631 0.787847 2.27921 -1.82991 59.801 5.12807 -21.2265 
30608207 2.77267 -3.38874 182.464 -0.615922 -0.0347106 0.787042 2.28754 -1.82561 59.7057 5.12893 -21.1693 
30651249 2.80874 -4.17482 182.488 -0.614884 -0.0528217 0.786846 2.29702 -1.82905 59.5613 5.13123 -21.1026 
30697368 2.83978 -4.97381 182.458 -0.611641 -0.0788857 0.787192 2.3019 -1.83049 59.4374 5.13152 -21.0121 
30748842 2.78552 -5.30784 182.425 -0.609965 -0.0903576 0.78726 2.30362 -1.83623 59.3676 5.12462 -20.8947 
30797920 2.77338 -5.51064 182.424 -0.609317 -0.100082 0.786585 2.30563 -1.83652 59.3263 5.12491 -20.7899 
30850950 2.71598 -5.57204 182.409 -0.610113 -0.10097 0.785854 2.30678 -1.8371 59.2739 5.12089 -20.6677 
30899030 2.71691 -5.68724 182.437 -0.609685 -0.105728 0.785561 2.31052 -1.83652 59.2311 5.12491 -20.6042 
30948164 2.70227 -5.77639 182.55 -0.608864 -0.107541 0.785952 2.31827 -1.83509 59.2263 5.12491 -20.5375 
30994290 2.65816 -5.76648 182.615 -0.607705 -0.108553 0.786709 2.32689 -1.82302 59.2231 5.12462 -20.4581 
31045213 2.52704 -5.63102 182.636 -0.609253 -0.104804 0.78602 2.33005 -1.82762 59.1676 5.12347 -20.3375 
31094239 2.38801 -5.64475 182.725 -0.610382 -0.106355 0.784935 2.33178 -1.82446 59.1422 5.1229 -20.2263 
31147049 2.28843 -5.58847 182.818 -0.610588 -0.105954 0.784829 2.33494 -1.82273 59.1358 5.12175 -20.0977 
31196819 2.19497 -5.60504 182.899 -0.610385 -0.107917 0.784719 2.33723 -1.81067 59.1676 5.12089 -20.0136 
31245024 2.06218 -5.52867 182.951 -0.611019 -0.106712 0.78439 2.33982 -1.80751 59.1469 5.11974 -19.9009 
31295999 1.89706 -5.4144 183.006 -0.611883 -0.105382 0.783896 2.34068 -1.78481 59.2072 5.11945 -19.8533 
31345007 1.83337 -5.40024 183.114 -0.612976 -0.105694 0.783 2.34183 -1.78309 59.1803 5.11859 -19.7437 
31393728 1.63822 -5.47576 183.183 -0.61336 -0.107744 0.78242 2.34729 -1.77016 59.1803 5.11428 -19.6501 
31443011 1.5548 -5.62951 183.255 -0.612153 -0.111709 0.782809 2.36366 -1.76241 59.1469 5.10451 -19.5326 
31496605 1.48639 -5.82766 183.415 -0.613664 -0.116108 0.780983 2.38837 -1.75264 59.131 5.09187 -19.404 
31545474 1.13545 -5.96845 183.483 -0.616161 -0.118241 0.778694 2.4102 -1.74632 59.158 5.0801 -19.3421 
31590525 0.443818 -6.14345 183.622 -0.618146 -0.131435 0.774997 2.43203 -1.76959 59.1263 5.0732 -19.2373 
31637874 0.116778 -6.30624 183.589 -0.62045 -0.132129 0.773036 2.43922 -1.74689 59.1025 5.06602 -19.1643 
31684881 -0.263786 -6.29582 183.67 -0.623919 -0.130515 0.770513 2.45157 -1.68513 59.1025 5.05395 -19.0691 
31729335 -0.533483 -6.30907 183.732 -0.626071 -0.129572 0.768925 2.45645 -1.70466 59.1009 5.05051 -18.9817 
31777503 -0.936789 -6.46869 183.823 -0.6265 -0.133147 0.767965 2.46536 -1.72564 59.0723 5.0462 -18.8563 
31824409 -1.47736 -6.54773 183.877 -0.63055 -0.133378 0.764603 2.48173 -1.71185 59.0707 5.03183 -18.7643 
31871555 -1.47248 -6.54539 183.875 -0.630808 -0.132189 0.764596 2.48202 -1.71443 59.0247 5.03126 -18.696 
31917620 -1.55885 -6.58485 183.934 -0.631339 -0.132094 0.764175 2.48202 -1.72248 58.9469 5.03356 -18.6103 
31966868 -1.61403 -6.52367 184.051 -0.632208 -0.131833 0.7635 2.48259 -1.73109 58.9136 5.04045 -18.5309 
32016853 -1.77474 -6.40659 184.104 -0.633283 -0.127708 0.763311 2.48575 -1.73914 59.0326 5.04074 -18.5118 
32063951 -1.9224 -6.1908 184.156 -0.633648 -0.125575 0.763362 2.48719 -1.73483 59.1152 5.03902 -18.4706 
32112100 -2.0422 -6.09964 184.217 -0.633565 -0.126395 0.763295 2.48805 -1.71673 59.1993 5.03183 -18.4118 
32156175 -2.24982 -5.89223 184.228 -0.634355 -0.125424 0.762799 2.49035 -1.72161 59.2422 5.03442 -18.3563 
32205193 -2.41192 -5.85328 184.311 -0.635846 -0.124081 0.761777 2.49408 -1.70984 59.2691 5.0258 -18.2769 
32252470 -2.45254 -5.81427 184.382 -0.635838 -0.126264 0.761425 2.49437 -1.71903 59.2485 5.03471 -18.1928 
32301398 -2.39553 -5.84896 184.461 -0.636491 -0.127823 0.760618 2.49581 -1.74086 59.1914 5.05194 -18.1166 
32345794 -2.41847 -5.94912 184.54 -0.636127 -0.130305 0.760502 2.49408 -1.73282 59.1977 5.05223 -18.0451 
32388826 -2.40373 -6.10978 184.607 -0.635138 -0.133844 0.760713 2.49408 -1.70984 59.1422 5.04189 -17.9499 
32433990 -2.22631 -6.20455 184.718 -0.633116 -0.138154 0.761628 2.48547 -1.70869 59.1342 5.05022 -17.8562 
32479996 -2.71041 -6.27996 184.709 -0.635911 -0.138398 0.759251 2.49179 -1.68772 59.0771 5.03815 -17.7594 
32527046 -2.67425 -6.36105 184.773 -0.635978 -0.138469 0.759183 2.48978 -1.67536 59.0136 5.03499 -17.6832 
32572249 -2.53513 -6.46757 184.843 -0.635747 -0.137294 0.75959 2.48604 -1.67077 58.9024 5.03499 -17.599 
32617540 -2.50893 -6.50139 184.91 -0.635231 -0.13894 0.759722 2.48202 -1.661 58.904 5.03672 -17.5276 
32668608 -2.47129 -6.61808 184.967 -0.635243 -0.138875 0.759724 2.47771 -1.64577 58.8628 5.03499 -17.4165 
32721589 -2.36488 -6.80589 185.041 -0.634977 -0.1413 0.759499 2.47541 -1.63457 58.8691 5.03528 -17.3196 
32775685 -2.15258 -6.99308 185.143 -0.632756 -0.148401 0.759998 2.47369 -1.64118 58.9548 5.04706 -17.2609 
32820836 -2.095 -7.13927 185.206 -0.631929 -0.149864 0.760399 2.4711 -1.64348 58.985 5.04677 -17.1958 
32869906 -2.11615 -7.23049 185.276 -0.630723 -0.155648 0.760238 2.4688 -1.6429 59.0501 5.0485 -17.1371 
32918097 -2.10403 -7.28927 185.339 -0.62975 -0.159817 0.760179 2.46564 -1.64204 59.1025 5.0528 -17.0577 
32965443 -2.1135 -7.22457 185.446 -0.630115 -0.157651 0.76033 2.46536 -1.64606 59.1041 5.05252 -16.9513 
33014638 -2.16427 -7.09864 185.507 -0.630132 -0.158228 0.760196 2.46622 -1.65238 59.131 5.0574 -16.8831 
33061234 -2.01458 -7.20268 185.58 -0.628872 -0.161335 0.760586 2.46047 -1.64549 59.1056 5.06171 -16.7926 
33111566 -1.94559 -7.19044 185.662 -0.628463 -0.163073 0.760554 2.4553 -1.63945 59.1025 5.06458 -16.7132 
33155695 -1.85902 -7.16442 185.743 -0.628052 -0.164348 0.760618 2.44467 -1.62825 59.1406 5.06487 -16.6767 
33200713 -1.78684 -7.15115 185.875 -0.6272 -0.165364 0.761101 2.42543 -1.61101 59.1977 5.06401 -16.6449 
33249113 -1.68488 -7.20495 185.96 -0.626005 -0.168174 0.761469 2.38636 -1.56563 59.1961 5.0643 -16.5878 
33297180 -1.34119 -7.50401 185.976 -0.625005 -0.173659 0.761059 2.36453 -1.55011 59.239 5.06516 -16.5481 
33347175 -0.459462 -9.01618 185.973 -0.61613 -0.203518 0.760897 2.33838 -1.54236 59.3644 5.0643 -16.5354 
33393322 0.0798572 -10.0648 185.989 -0.606141 -0.235244 0.759771 2.32804 -1.54695 59.3708 5.05999 -16.4513 
