1003 40.137 -0.77839 187.259 -0.186069 -0.0110497 0.982474 41.6445 7.60305 181.511 -0.169211 0.180872 0.968768 0 3.14159 43.037 0 -0.022225 40.137 -0.77839 187.259 -0.186069 -0.0110497 0.982474 
87232 40.2171 -5.00795 186.99 -0.173739 -0.13452 0.975561 41.6454 7.41725 181.622 -0.169647 0.177107 0.96934 -0.318583 3.07322 42.9449 0.146508 0.307975 40.2171 -5.00795 186.99 -0.173739 -0.13452 0.975561 
174506 39.9562 -4.88755 186.996 -0.175892 -0.132164 0.975497 40.5166 6.72939 182.3 -0.181567 0.147238 0.972178 -0.452739 2.96377 43.0417 0.215166 1.05251 39.9562 -4.88755 186.996 -0.175892 -0.132164 0.975497 
262814 39.115 -4.5002 187.032 -0.179364 -0.12689 0.975565 39.3665 8.13001 183.342 -0.185105 0.181488 0.965763 -0.638316 2.85605 43.083 0.30422 1.88912 39.115 -4.5002 187.032 -0.179364 -0.12689 0.975565 
349868 36.2052 -3.34285 187.516 -0.196083 -0.095589 0.975917 36.1719 8.00681 184.665 -0.21253 0.180933 0.960105 -0.958048 2.74861 42.4544 0.473997 2.0574 36.2052 -3.34285 187.516 -0.196083 -0.095589 0.975917 
437119 34.9217 -2.80247 187.297 -0.199667 -0.0920224 0.975533 33.3103 5.80395 184.916 -0.235164 0.0888527 0.967785 -1.05974 2.72764 41.5796 0.537771 2.05581 34.9217 -2.80247 187.297 -0.199667 -0.0920224 0.975533 
524377 33.4531 -2.25193 187.141 -0.205646 -0.0903268 0.974449 31.6453 5.3369 184.491 -0.238334 0.0576848 0.969328 -1.14765 2.70638 40.7335 0.59264 2.0701 33.4531 -2.25193 187.141 -0.205646 -0.0903268 0.974449 
612641 31.9184 -1.48913 186.966 -0.212068 -0.0879432 0.97329 30.312 4.86943 184.069 -0.240924 0.0378395 0.969773 -1.23096 2.67621 39.8699 0.647221 2.07486 31.9184 -1.48913 186.966 -0.212068 -0.0879432 0.97329 
699905 30.1868 -0.46177 186.762 -0.219533 -0.0848432 0.971909 28.987 4.88165 183.642 -0.24323 0.026401 0.96955 -1.32432 2.62422 39.0206 0.714442 2.06534 30.1868 -0.46177 186.762 -0.219533 -0.0848432 0.971909 
787231 28.0839 1.17629 186.609 -0.232886 -0.0783782 0.96934 26.8284 5.48509 183.114 -0.250604 0.0250422 0.96771 -1.43923 2.53574 38.3507 0.810391 1.96215 28.0839 1.17629 186.609 -0.232886 -0.0783782 0.96934 
874248 26.5665 2.56363 186.643 -0.248632 -0.0719755 0.96592 24.4239 6.66617 182.823 -0.265843 0.0347751 0.963285 -1.5142 2.46478 38.3538 0.887092 1.6383 26.5665 2.56363 186.643 -0.248632 -0.0719755 0.96592 
962540 25.6881 3.73053 186.768 -0.263692 -0.0651733 0.962403 22.675 7.7589 182.635 -0.279687 0.0408232 0.959165 -1.54465 2.42198 38.8269 0.935641 1.11919 25.6881 3.73053 186.768 -0.263692 -0.0651733 0.962403 
1049756 25.3128 4.71059 186.876 -0.275918 -0.059211 0.959356 21.6666 8.85025 182.429 -0.289155 0.0453422 0.956127 -1.54638 2.39929 39.4667 0.962357 0.569912 25.3128 4.71059 186.876 -0.275918 -0.059211 0.959356 
1137065 25.1122 5.61192 187.058 -0.289563 -0.0533309 0.955672 21.2407 10.1789 182.443 -0.300271 0.059639 0.951926 -1.53632 2.38463 40.3382 0.979306 -0.0809625 25.1122 5.61192 187.058 -0.289563 -0.0533309 0.955672 
1224111 25.0215 6.53373 187.279 -0.302659 -0.0471557 0.951932 20.9134 11.0168 182.578 -0.31104 0.0667294 0.947993 -1.5188 2.37429 41.2526 0.991084 -0.688975 25.0215 6.53373 187.279 -0.302659 -0.0471557 0.951932 
1312362 24.9277 7.36645 187.517 -0.316086 -0.0411734 0.947837 20.6934 11.8685 182.71 -0.321354 0.0721018 0.944092 -1.50156 2.36539 42.2337 0.999989 -1.31921 24.9277 7.36645 187.517 -0.316086 -0.0411734 0.947837 
1399616 24.8392 8.22278 187.719 -0.328434 -0.0351673 0.943872 20.4893 12.7075 182.962 -0.333232 0.0790769 0.939442 -1.48375 2.35706 43.1798 1.00832 -1.92087 24.8392 8.22278 187.719 -0.328434 -0.0351673 0.943872 
1486925 24.685 9.00314 187.923 -0.340399 -0.0302872 0.939793 20.2797 13.6708 183.209 -0.344281 0.0846952 0.934933 -1.46996 2.34844 44.1212 1.01694 -2.50349 24.685 9.00314 187.923 -0.340399 -0.0302872 0.939793 
1573983 24.4601 9.80653 188.091 -0.35195 -0.0256733 0.935667 19.9505 14.4098 183.351 -0.355083 0.0904306 0.930419 -1.45876 2.3381 45.0388 1.02728 -3.0861 24.4601 9.80653 188.091 -0.35195 -0.0256733 0.935667 
1662749 24.0402 10.694 188.009 -0.363481 -0.017837 0.931431 19.6281 15.2614 183.495 -0.366382 0.0960436 0.925425 -1.45129 2.32546 45.9215 1.0382 -3.65284 23.984 10.739 187.905 -0.363743 -0.0165321 0.931353 
1749906 22.8429 12.1597 186.794 -0.37752 0.0104657 0.925942 19.3045 16.1064 183.752 -0.377418 0.102625 0.920285 -1.44124 2.31684 46.8628 1.04308 -3.87191 22.7979 12.197 186.732 -0.377699 0.0114297 0.925858 
1837921 21.9445 13.2158 186.36 -0.389099 0.0319324 0.920642 19.0843 16.7434 184.457 -0.387493 0.108338 0.915397 -1.43291 2.3131 47.7328 1.04308 -3.87985 21.9108 13.246 186.322 -0.389266 0.0327133 0.920544 
1924445 21.2845 14.0299 186.338 -0.39952 0.0490327 0.915412 18.8465 17.1789 185.159 -0.39614 0.111719 0.911274 -1.42371 2.31224 48.6599 1.04136 -3.87985 21.2577 14.0542 186.313 -0.399646 0.0496654 0.915323 
2012984 20.804 14.7181 186.515 -0.408421 0.0632398 0.9106 18.7103 17.5178 185.857 -0.403963 0.113263 0.907668 -1.41308 2.31282 49.5536 1.03848 -3.87826 20.7819 14.738 186.498 -0.408519 0.0637472 0.910521 
2099816 20.4341 15.3393 186.795 -0.416121 0.0750785 0.906204 18.7986 17.8567 186.554 -0.41192 0.114319 0.903952 -1.40131 2.31397 50.3871 1.03561 -3.87668 20.4171 15.3566 186.785 -0.416211 0.0754851 0.90613 
2187712 20.1004 15.9577 187.256 -0.424169 0.0853155 0.901555 18.6549 18.2116 187.361 -0.418792 0.114386 0.900732 -1.38982 2.3131 51.3015 1.03331 -3.87668 20.0852 15.9734 187.25 -0.424237 0.0856314 0.901493 
2274254 19.7865 16.5924 187.762 -0.432016 0.0946386 0.896886 18.6382 18.6552 188.062 -0.427223 0.116417 0.896513 -1.37919 2.30937 52.2048 1.03159 -3.92113 19.7739 16.6074 187.759 -0.43208 0.0948874 0.89683 
2361477 19.4721 17.1925 188.236 -0.44035 0.102874 0.891913 18.5085 19.0864 188.766 -0.435503 0.120027 0.892014 -1.372 2.30247 53.162 1.03015 -4.13702 19.4501 17.2219 188.236 -0.440456 0.103278 0.891814 
2449639 19.1298 17.7423 188.664 -0.449138 0.110299 0.886628 18.2738 19.5106 189.365 -0.444629 0.124376 0.887021 -1.36885 2.29357 54.1209 1.02872 -4.50215 19.1197 17.7567 188.667 -0.449184 0.110465 0.886584 
2537631 18.8168 18.2447 189.021 -0.457065 0.116885 0.88172 18.1525 19.9132 189.746 -0.45422 0.130306 0.881268 -1.36683 2.28495 55.0194 1.02671 -4.92919 18.7993 18.2734 189.029 -0.457167 0.117191 0.881626 
2625109 18.437 18.7178 189.345 -0.465258 0.123698 0.87649 17.9026 20.0984 190.017 -0.462597 0.135611 0.876003 -1.36597 2.27605 55.929 1.02383 -5.44036 18.4283 18.7284 189.35 -0.465307 0.123836 0.876444 
2712000 17.9302 19.1976 189.688 -0.4727 0.129676 0.87163 17.6535 20.3816 190.287 -0.470825 0.142376 0.870583 -1.36367 2.27088 56.8593 1.01636 -5.969 17.9208 19.2166 189.699 -0.4728 0.129948 0.871535 
2799819 17.8086 19.3808 190.008 -0.478584 0.138889 0.866988 17.6199 20.5635 190.554 -0.47847 0.147549 0.865556 -1.35822 2.27059 57.9341 1.002 -6.61987 17.8033 19.3916 190.013 -0.478616 0.139045 0.866945 
2887716 17.6881 19.476 190.352 -0.485546 0.143633 0.862331 17.5754 20.5371 190.82 -0.485408 0.151133 0.861043 -1.35649 2.26973 58.904 0.989935 -7.20566 17.6842 19.4853 190.358 -0.485599 0.143737 0.862284 
2974221 17.5844 19.5176 190.688 -0.492404 0.148019 0.857688 17.5376 20.3854 191.097 -0.493303 0.156182 0.855655 -1.35678 2.26772 59.7914 0.979306 -7.73906 17.5816 19.5246 190.694 -0.492467 0.148118 0.857635 
3061404 17.463 19.5607 191.035 -0.499201 0.151795 0.853087 17.4885 20.3613 191.25 -0.499883 0.159272 0.85127 -1.35937 2.26398 60.5344 0.972411 -8.15181 17.4611 19.5671 191.039 -0.499266 0.15188 0.853033 
3149699 17.337 19.6066 191.398 -0.506065 0.155335 0.848392 17.3255 20.3326 191.517 -0.506078 0.163331 0.84686 -1.36224 2.25938 61.2472 0.966666 -8.51217 17.3346 19.6121 191.402 -0.506129 0.155416 0.848339 
3236702 17.2191 19.6725 191.744 -0.512106 0.158606 0.844151 17.1501 20.3132 191.776 -0.51094 0.166405 0.843311 -1.36425 2.25479 61.833 0.962357 -8.763 17.2163 19.677 191.747 -0.512163 0.158676 0.844104 
3323765 17.0869 19.7431 192.107 -0.517976 0.161542 0.840003 17.0871 20.3918 192.032 -0.515657 0.170694 0.839612 -1.36712 2.24933 62.3743 0.959771 -8.96937 17.085 19.7472 192.11 -0.518026 0.161611 0.839959 
3411176 17.0074 19.9199 192.43 -0.523429 0.164188 0.836101 16.9082 20.4839 192.286 -0.519906 0.173761 0.836299 -1.37143 2.2433 62.841 0.95891 -9.12812 17.0062 19.9249 192.431 -0.523472 0.164251 0.836062 
3499383 16.8296 20.0026 192.753 -0.528835 0.167085 0.832115 16.7236 20.4612 192.542 -0.52378 0.177189 0.833097 -1.37574 2.23583 63.303 0.95891 -9.27894 16.8279 20.0055 192.754 -0.528868 0.167144 0.832083 
3586555 16.6838 20.1075 193.04 -0.533213 0.169885 0.828748 16.5398 20.6604 192.679 -0.527409 0.180496 0.830139 -1.37804 2.22922 63.6856 0.95891 -9.38054 16.682 20.111 193.04 -0.533239 0.169941 0.82872 
3674081 16.5539 20.2219 193.321 -0.537511 0.172166 0.825494 16.4656 20.7481 192.928 -0.530917 0.1838 0.82718 -1.3789 2.22319 64.0634 0.95891 -9.46785 16.5528 20.225 193.321 -0.53753 0.172222 0.82547 
3760988 16.4513 20.3743 193.573 -0.541088 0.174989 0.822559 16.2798 20.9497 193.176 -0.534179 0.187101 0.82434 -1.3789 2.21687 64.3857 0.95891 -9.53135 16.4498 20.3778 193.572 -0.541102 0.175043 0.822538 
3849233 16.3214 20.5611 193.833 -0.544465 0.178422 0.819588 16.1985 21.1479 193.307 -0.536829 0.190276 0.821862 -1.38034 2.20854 64.6825 0.960346 -9.58215 16.3204 20.5644 193.832 -0.544472 0.178472 0.819572 
3936366 16.164 20.7239 194.066 -0.547677 0.181092 0.816857 16.1159 21.3359 193.439 -0.539337 0.194545 0.819237 -1.38292 2.20049 64.9556 0.962931 -9.63771 16.1634 20.7272 194.065 -0.547678 0.181147 0.816844 
4024392 16.0246 20.9095 194.287 -0.550401 0.183969 0.81438 15.9263 21.64 193.572 -0.542095 0.198571 0.816498 -1.38493 2.19274 65.1953 0.965517 -9.66787 16.0237 20.9133 194.285 -0.550399 0.184027 0.814368 
4110769 15.8957 21.1417 194.485 -0.552767 0.187421 0.811987 15.8404 21.8337 193.702 -0.544246 0.202227 0.814126 -1.38579 2.18441 65.416 0.968102 -9.69804 15.8948 21.1455 194.483 -0.552761 0.18748 0.811977 
4199044 15.7764 21.38 194.673 -0.555435 0.190629 0.809415 15.645 22.1355 193.832 -0.546387 0.206491 0.811619 -1.38608 2.17636 65.6779 0.970401 -9.76154 15.7759 21.3842 194.671 -0.555423 0.190693 0.809408 
4286339 15.6754 21.6156 194.825 -0.558167 0.193673 0.806809 15.5634 22.4329 193.963 -0.548769 0.210998 0.808866 -1.38666 2.16889 65.9541 0.972411 -9.86314 15.6757 21.6206 194.823 -0.55815 0.193746 0.806803 
4373882 15.6162 21.8331 194.952 -0.560914 0.196638 0.804182 15.3715 22.7336 194.097 -0.551277 0.215383 0.805995 -1.38752 2.16286 66.2367 0.973273 -9.97744 15.6168 21.8397 194.923 -0.560891 0.196721 0.804178 
4460929 15.583 22.0899 195.061 -0.562989 0.200379 0.801805 15.283 22.9171 194.118 -0.553292 0.219886 0.803359 -1.38809 2.15654 66.4939 0.973848 -10.052 15.584 22.097 195.057 -0.562963 0.20047 0.801801 
4549417 15.5831 22.366 195.154 -0.564586 0.204319 0.799685 15.1937 23.1109 194.247 -0.555076 0.223537 0.801105 -1.38809 2.15108 66.7241 0.973848 -10.1235 15.5838 22.3729 195.15 -0.564558 0.204412 0.799681 
4636247 15.5379 22.542 195.248 -0.566254 0.208245 0.79749 15.1032 23.3058 194.375 -0.556738 0.227066 0.798975 -1.39068 2.14534 66.9622 0.973848 -10.2124 15.5383 22.5489 195.244 -0.566223 0.208338 0.797488 
4724403 15.4492 22.611 195.335 -0.568037 0.211514 0.795359 15.0082 23.3868 194.394 -0.558278 0.230593 0.796843 -1.39556 2.14017 67.2035 0.973848 -10.3172 15.4494 22.6245 195.325 -0.56797 0.211707 0.795355 
4811260 15.332 22.6258 195.43 -0.569949 0.214786 0.793111 14.9177 23.4645 194.528 -0.560177 0.23473 0.794336 -1.40246 2.135 67.4622 0.973848 -10.4188 15.3322 22.6331 195.425 -0.569913 0.214888 0.793109 
4898852 15.2105 22.6055 195.497 -0.571225 0.218247 0.791246 14.8228 23.55 194.656 -0.561597 0.238015 0.792452 -1.40935 2.13011 67.6654 0.97356 -10.487 15.2113 22.6213 195.487 -0.571154 0.218448 0.791241 
4986366 15.1643 22.6109 195.549 -0.572202 0.221825 0.789543 14.7226 23.4227 194.786 -0.562915 0.240205 0.790834 -1.41538 2.12695 67.8671 0.97155 -10.5378 15.1641 22.618 195.544 -0.572169 0.221919 0.789541 
5074717 15.1408 22.6005 195.603 -0.573047 0.224863 0.78807 14.7279 23.4001 194.798 -0.563491 0.242632 0.789569 -1.42084 2.12494 68.0528 0.968964 -10.5743 15.1406 22.6145 195.592 -0.572979 0.225043 0.788068 
5160883 15.1193 22.5898 195.648 -0.57424 0.227587 0.786418 14.6275 23.3832 194.923 -0.564559 0.244944 0.78819 -1.42716 2.12351 68.2734 0.966091 -10.6363 15.1186 22.5965 195.642 -0.574206 0.227675 0.786417 
5248080 15.0956 22.589 195.698 -0.575858 0.229925 0.784552 14.6357 23.1521 195.051 -0.565771 0.246042 0.786959 -1.43319 2.12236 68.529 0.963219 -10.7363 15.0942 22.5939 195.694 -0.575824 0.230007 0.784553 
5336196 15.0717 22.5355 195.763 -0.577184 0.231849 0.78301 14.5359 22.9291 195.293 -0.567237 0.246775 0.785618 -1.43894 2.12236 68.7561 0.959771 -10.8077 15.0691 22.5388 195.76 -0.577155 0.231919 0.78301 
5424757 15.0263 22.4764 195.823 -0.578042 0.233788 0.7818 14.5464 22.7037 195.42 -0.568705 0.247267 0.784403 -1.44354 2.12207 68.9243 0.956899 -10.8394 15.0237 22.4785 195.821 -0.57802 0.233844 0.781799 
5510651 14.9802 22.3694 195.891 -0.578763 0.23539 0.780785 14.4429 22.591 195.543 -0.569679 0.247878 0.783547 -1.44842 2.12236 69.0704 0.953739 -10.8537 14.9773 22.3714 195.889 -0.578741 0.235443 0.780785 
5597885 14.9334 22.2824 195.942 -0.579313 0.236812 0.779946 14.4488 22.4761 195.664 -0.570408 0.248488 0.78281 -1.45244 2.12293 69.1958 0.950866 -10.8791 14.9309 22.2845 195.94 -0.579291 0.236864 0.779947 
5686238 14.9291 22.2804 196.019 -0.58077 0.23805 0.778484 14.4558 22.3623 195.785 -0.571261 0.248978 0.782077 -1.45531 2.12379 69.4149 0.947706 -10.9871 14.9263 22.2815 196.018 -0.580744 0.238102 0.778488 
5773919 14.9109 22.2602 196.081 -0.582366 0.238903 0.77703 14.4629 22.1436 195.797 -0.572501 0.248496 0.781246 -1.45819 2.12494 69.645 0.944833 -11.1331 14.9077 22.2597 196.08 -0.582337 0.238952 0.777037 
5860625 14.8719 22.1935 196.122 -0.583686 0.239764 0.775773 14.363 22.0377 195.921 -0.573857 0.24838 0.780287 -1.46135 2.12609 69.8514 0.941961 -11.2824 14.868 22.1925 196.122 -0.583658 0.239809 0.77578 
5947784 14.8293 22.108 196.134 -0.584693 0.240526 0.774779 14.3714 21.8202 196.045 -0.575094 0.248021 0.779454 -1.46393 2.12753 70.026 0.939088 -11.4395 14.8252 22.1058 196.134 -0.584666 0.240564 0.774787 
6036110 14.7888 22.0307 196.139 -0.586143 0.240619 0.773652 14.2703 21.7187 196.056 -0.576462 0.247178 0.778755 -1.46623 2.12954 70.2293 0.936503 -11.6491 14.784 22.0279 196.139 -0.586118 0.240652 0.773662 
6124041 14.7303 21.9276 196.089 -0.5869 0.240545 0.773102 14.2797 21.5067 195.955 -0.578086 0.24573 0.778071 -1.46738 2.13155 70.3531 0.934492 -11.8364 14.7257 21.9239 196.088 -0.58688 0.240568 0.77311 
6210262 14.6925 21.9046 195.998 -0.588482 0.240422 0.771937 14.1753 21.4063 195.964 -0.579088 0.244761 0.777493 -1.46709 2.13356 70.5674 0.932481 -12.1682 14.6866 21.8993 195.998 -0.58846 0.24044 0.771948 
6297524 14.6452 21.8585 195.867 -0.589541 0.240621 0.771066 14.0754 21.1965 195.866 -0.580958 0.243315 0.776689 -1.46566 2.13528 70.7404 0.93047 -12.5079 14.6379 21.8508 195.867 -0.589524 0.240629 0.771076 
6385795 14.5754 21.7864 195.659 -0.590424 0.240603 0.770395 13.974 21.202 195.652 -0.582327 0.24247 0.775868 -1.46393 2.13701 70.8881 0.928746 -12.8969 14.5682 21.7794 195.659 -0.590411 0.240606 0.770405 
6473059 14.4959 21.7144 195.415 -0.591205 0.240501 0.769828 13.9841 21.2051 195.435 -0.583694 0.241628 0.775169 -1.4625 2.13844 71.0151 0.92731 -13.2985 14.49 21.7088 195.416 -0.591195 0.240498 0.769837 
6560285 14.4458 21.6675 195.138 -0.592055 0.240509 0.769172 13.9897 21.0944 195.109 -0.58494 0.240783 0.774468 -1.4602 2.14017 71.1595 0.925586 -13.7589 14.44 21.6615 195.138 -0.592048 0.2405 0.76918 
6648041 14.419 21.6962 194.841 -0.592889 0.240747 0.768455 13.8859 20.9859 194.787 -0.586433 0.239937 0.773526 -1.45531 2.1416 71.3151 0.92415 -14.2589 14.4118 21.6882 194.841 -0.592886 0.240731 0.768462 
6736765 14.3867 21.7333 194.517 -0.593984 0.240703 0.767623 13.8935 20.9844 194.347 -0.5878 0.239095 0.772827 -1.44899 2.14333 71.4913 0.923001 -14.813 14.3794 21.7248 194.516 -0.593984 0.240681 0.76763 
6823281 14.3726 21.7745 194.152 -0.594775 0.239892 0.767264 13.792 20.9909 194.021 -0.589299 0.237886 0.772014 -1.44009 2.14649 71.6294 0.922139 -15.386 14.3641 21.7648 194.152 -0.59478 0.239865 0.767269 
6911802 14.3788 21.8846 193.784 -0.595663 0.239175 0.766799 13.803 21.1088 193.467 -0.590932 0.23595 0.771341 -1.4286 2.14965 71.7866 0.921564 -15.9829 14.3613 21.8649 193.778 -0.595689 0.239095 0.766804 
6997566 14.3761 21.9932 193.356 -0.596898 0.23793 0.766226 13.8208 21.4521 192.909 -0.592816 0.233772 0.770553 -1.41567 2.15338 71.966 0.920703 -16.6148 14.3688 21.9864 193.351 -0.596922 0.237874 0.766224 
7085797 14.3783 22.1394 192.93 -0.598123 0.236467 0.765724 13.8363 21.6771 192.467 -0.59456 0.232566 0.769622 -1.40332 2.15654 72.1168 0.920415 -17.172 14.3644 22.1273 192.918 -0.59818 0.23635 0.765715 
7172988 14.3631 22.284 192.464 -0.599589 0.234439 0.7652 13.8508 21.7917 192.028 -0.596429 0.231237 0.768572 -1.39039 2.15999 72.2644 0.920415 -17.7228 14.3562 22.2784 192.459 -0.599624 0.234378 0.765191 
7260535 14.3297 22.4546 192.033 -0.601025 0.232689 0.764608 13.7548 22.028 191.584 -0.59819 0.22906 0.767905 -1.37718 2.16257 72.4025 0.920415 -18.2293 14.3221 22.4495 192.028 -0.601068 0.232615 0.764596 
7347231 14.3105 22.6367 191.595 -0.602052 0.231061 0.764293 13.7669 22.252 191.14 -0.599563 0.22797 0.767089 -1.36396 2.16487 72.4883 0.920415 -18.6865 14.3024 22.6313 191.59 -0.602099 0.230987 0.764279 
7435126 14.2746 22.7596 191.202 -0.603412 0.229212 0.763778 13.6696 22.5897 190.695 -0.600936 0.226884 0.766395 -1.3496 2.16861 72.6168 0.918979 -19.1453 14.2549 22.75 191.192 -0.603509 0.229066 0.763744 
7522619 14.2297 22.9486 190.784 -0.604926 0.227129 0.763202 13.7944 22.9309 190.244 -0.6022 0.224946 0.765961 -1.33351 2.17234 72.747 0.917543 -19.6183 14.2226 22.9481 190.779 -0.60498 0.227045 0.763184 
7610847 14.2689 23.2165 190.404 -0.606203 0.225326 0.762723 14.0216 23.377 189.894 -0.602098 0.223731 0.766352 -1.31886 2.1755 72.8645 0.915532 -20.0406 14.2647 23.2287 190.396 -0.606294 0.22516 0.762699 
7697104 14.3203 23.5321 190.013 -0.607544 0.223413 0.762219 14.1358 23.699 189.44 -0.602219 0.223853 0.766229 -1.30823 2.1778 72.9661 0.914095 -20.4518 14.3196 23.5396 190.008 -0.607578 0.223348 0.76221 
7785433 14.3699 23.8027 189.646 -0.608332 0.222472 0.761865 14.2502 23.9062 189.104 -0.602455 0.224579 0.765728 -1.30191 2.17866 73.0217 0.913234 -20.8153 14.3701 23.8166 189.64 -0.608386 0.222381 0.761848 
7872529 14.3765 24.0392 189.256 -0.609298 0.22165 0.761333 14.2461 24.0006 188.767 -0.602189 0.225673 0.765702 -1.29789 2.17866 73.0836 0.913234 -21.2138 14.3762 24.0443 189.254 -0.609313 0.221626 0.761327 
7960522 14.4032 24.215 188.894 -0.609911 0.221304 0.760942 14.3637 24.1998 188.435 -0.602777 0.227253 0.764821 -1.29502 2.17895 73.1264 0.912946 -21.5725 14.4049 24.2258 188.89 -0.609936 0.221289 0.760926 
8047014 14.4365 24.3783 188.482 -0.610156 0.221285 0.760752 14.3609 24.2988 188.099 -0.602645 0.227858 0.764684 -1.29301 2.17895 73.136 0.912946 -21.9504 14.437 24.3828 188.48 -0.610164 0.221285 0.760745 
8135101 14.4488 24.5094 188.107 -0.610323 0.221359 0.760596 14.2487 24.4033 187.764 -0.602763 0.228102 0.764559 -1.29128 2.17895 73.1455 0.912946 -22.2949 14.4482 24.5171 188.104 -0.610337 0.221362 0.760583 
8222539 14.4821 24.6364 187.706 -0.610285 0.221546 0.760572 14.3599 24.3929 187.432 -0.603131 0.228224 0.764194 -1.28927 2.17895 73.1376 0.912946 -22.652 14.4824 24.639 187.705 -0.610294 0.221548 0.760564 
8310172 14.5138 24.7488 187.351 -0.610284 0.221698 0.760528 14.3606 24.5009 187.094 -0.603383 0.227863 0.764204 -1.28697 2.17895 73.1328 0.912946 -22.9791 14.5139 24.7512 187.35 -0.610293 0.221697 0.760521 
8397506 14.5426 24.8542 186.986 -0.610305 0.221766 0.760492 14.3581 24.5018 186.759 -0.603522 0.227011 0.764224 -1.28467 2.17895 73.128 0.912946 -23.3172 14.5425 24.8558 186.985 -0.610315 0.221761 0.760485 
8484169 14.5546 24.9486 186.659 -0.610651 0.221591 0.760265 14.3557 24.5128 186.42 -0.603677 0.225071 0.764754 -1.28238 2.17895 73.1487 0.912946 -23.6395 14.5545 24.9496 186.658 -0.61066 0.221577 0.760262 
8572392 14.5573 25.0336 186.31 -0.610855 0.22133 0.760177 14.4636 24.516 186.08 -0.603699 0.223737 0.765149 -1.28123 2.17809 73.1471 0.913808 -23.9697 14.5577 25.0341 186.31 -0.610863 0.221313 0.760175 
8660563 14.5095 25.1351 185.999 -0.611543 0.220936 0.759738 14.3472 24.5191 185.744 -0.603591 0.222885 0.76541 -1.28094 2.17608 73.1788 0.915819 -24.2983 14.5095 25.135 185.999 -0.611548 0.22092 0.759739 
8747018 14.4802 25.2269 185.652 -0.611858 0.22075 0.759539 14.3486 24.7172 185.411 -0.603681 0.224827 0.76476 -1.28037 2.17435 73.1899 0.917543 -24.6428 14.4805 25.2273 185.652 -0.611859 0.220747 0.759539 
8834308 14.4458 25.2947 185.322 -0.612326 0.220726 0.759168 14.35 24.8048 184.969 -0.604147 0.226408 0.763999 -1.28037 2.17292 73.2185 0.918979 -24.9841 14.4463 25.2951 185.321 -0.612325 0.220732 0.759168 
8922845 14.4152 25.3584 184.968 -0.612331 0.220924 0.759107 14.2383 24.8091 184.748 -0.604406 0.225678 0.763895 -1.28065 2.17119 73.2106 0.920703 -25.3222 14.4152 25.3584 184.968 -0.61233 0.220927 0.759107 
9010627 14.3686 25.4034 184.64 -0.612361 0.221043 0.759048 14.1286 24.9238 184.412 -0.604789 0.224831 0.763918 -1.2818 2.16918 73.1995 0.922714 -25.6397 14.3682 25.4036 184.638 -0.612359 0.221045 0.759049 
9097642 14.2958 25.443 184.304 -0.61296 0.220869 0.758615 14.1283 24.9224 184.078 -0.605169 0.224226 0.763812 -1.28353 2.16717 73.2328 0.924724 -26.0001 14.2959 25.4428 184.303 -0.612957 0.22087 0.758617 
9184173 14.2336 25.4703 183.96 -0.613025 0.220898 0.758554 14.0173 25.0247 183.746 -0.605408 0.224711 0.763439 -1.28582 2.16487 73.2233 0.927023 -26.335 14.2335 25.4703 183.959 -0.61302 0.220902 0.758557 
9271568 14.1694 25.5089 183.612 -0.612975 0.221237 0.758496 14.0221 25.2227 183.303 -0.605994 0.226414 0.762555 -1.28841 2.162 73.209 0.929608 -26.6716 14.1696 25.5093 183.611 -0.61297 0.221246 0.758497 
9359381 14.0845 25.5739 183.288 -0.613315 0.221806 0.758055 13.91 25.21 182.975 -0.60635 0.227263 0.761931 -1.29128 2.15826 73.2312 0.932481 -27.0224 14.0845 25.5739 183.287 -0.613308 0.221817 0.758057 
9448493 13.9939 25.6433 182.96 -0.613692 0.222487 0.757549 13.9108 25.2075 182.643 -0.606851 0.226779 0.761703 -1.29444 2.15396 73.2598 0.935641 -27.3891 13.9944 25.6428 182.959 -0.613677 0.222505 0.757557 
9533953 13.867 25.6697 182.61 -0.613934 0.223099 0.757173 13.8019 25.4169 182.309 -0.607081 0.22775 0.761196 -1.30047 2.1485 73.2693 0.93995 -27.767 13.8673 25.6698 182.61 -0.613924 0.22311 0.757178 
9621965 13.6767 25.7002 182.252 -0.614506 0.223579 0.756568 13.6927 25.4942 181.873 -0.607647 0.230665 0.759921 -1.30938 2.14103 73.2915 0.94627 -28.1749 13.6777 25.7007 182.25 -0.614479 0.223619 0.756578 
9709413 13.4464 25.7632 181.855 -0.614509 0.224763 0.756215 13.4715 25.4973 181.544 -0.608274 0.23006 0.759574 -1.32116 2.12983 73.2646 0.955462 -28.5988 13.4469 25.7632 181.855 -0.614494 0.224781 0.756222 
9797192 13.1677 25.8683 181.421 -0.614683 0.225607 0.755821 13.2537 25.506 181.106 -0.609408 0.228605 0.759007 -1.3338 2.11661 73.2376 0.966953 -29.0703 13.1682 25.8679 181.42 -0.614667 0.225623 0.75583 
9883951 12.8011 26.044 181.014 -0.614994 0.226732 0.755231 12.9302 25.5258 180.668 -0.611172 0.226186 0.758468 -1.3496 2.09823 73.2058 0.982753 -29.5275 12.8014 26.0428 181.013 -0.614978 0.226745 0.755241 
9972405 12.3719 26.1948 180.595 -0.615595 0.227161 0.754613 12.4988 25.5592 180.234 -0.613329 0.222549 0.757714 -1.36798 2.07783 73.1677 1.00114 -29.9863 12.3724 26.1904 180.592 -0.615569 0.227171 0.754632 
10059402 11.8559 26.3624 180.143 -0.616681 0.227396 0.753654 12.073 25.5925 179.692 -0.616228 0.218672 0.756485 -1.38982 2.05255 73.1312 1.02383 -30.4673 11.8563 26.3584 180.14 -0.616679 0.227388 0.753659 
10147412 11.3155 26.6117 179.685 -0.618373 0.227507 0.752234 11.4307 25.7318 179.268 -0.619474 0.216132 0.754621 -1.40964 2.0244 73.0963 1.04911 -30.934 11.3153 26.6051 179.682 -0.61839 0.227486 0.752226 
10233702 10.6796 27.021 179.24 -0.620786 0.228327 0.749994 10.7023 26.1807 178.64 -0.625021 0.216023 0.750047 -1.4286 1.9905 73.001 1.07985 -31.3087 10.6798 27.0149 179.232 -0.620841 0.228302 0.749957 
10322900 10.045 27.571 178.797 -0.623464 0.229852 0.747303 9.75418 27.1446 178.123 -0.629617 0.22125 0.744618 -1.44325 1.95689 72.8566 1.10915 -31.5785 10.042 27.5751 178.78 -0.623621 0.229887 0.747161 
10409273 9.36435 28.3722 178.319 -0.626765 0.233507 0.743397 8.91707 28.3553 177.618 -0.633442 0.235695 0.736911 -1.46048 1.91983 72.6407 1.14133 -31.7246 9.36436 28.388 178.308 -0.626847 0.233668 0.743278 
10497376 8.78456 29.4967 177.778 -0.629859 0.241964 0.738059 8.29235 30.3842 176.908 -0.634251 0.269159 0.724743 -1.48059 1.8845 72.4152 1.1712 -31.7309 8.78955 29.5412 177.752 -0.629899 0.242442 0.737868 
10583826 8.18594 31.0277 177.156 -0.633054 0.255934 0.730576 7.43209 31.8456 176.527 -0.63474 0.292898 0.714972 -1.51191 1.84629 72.1644 1.20338 -31.5055 8.18889 31.0814 177.129 -0.633087 0.2565 0.730348 
10671709 7.56377 32.0458 176.814 -0.635148 0.269065 0.72401 6.67231 32.4021 176.36 -0.63589 0.306214 0.708357 -1.55241 1.8121 71.7834 1.23182 -31.0118 7.56277 32.1355 176.777 -0.635246 0.270102 0.723538 
10759161 6.87349 32.7262 176.72 -0.637352 0.281836 0.717183 6.01325 32.463 176.512 -0.636644 0.313354 0.704553 -1.59493 1.78251 71.4231 1.25595 -30.4641 6.87053 32.7579 176.71 -0.637415 0.28229 0.716948 
10847768 6.23892 32.9344 176.82 -0.639322 0.291698 0.711463 5.34709 32.1014 176.888 -0.637307 0.318435 0.701646 -1.63055 1.75982 71.1564 1.27405 -30.0609 6.22747 32.971 176.815 -0.639405 0.292493 0.711063 
10933655 5.63164 33.0632 176.929 -0.637848 0.311725 0.704257 4.67764 31.7621 177.028 -0.63789 0.320613 0.700142 -1.65583 1.7423 70.9151 1.2887 -29.7259 5.6236 33.0724 176.926 -0.637873 0.311978 0.704122 
11020885 5.13852 33.1101 177.022 -0.638966 0.317348 0.700723 4.35247 31.5492 177.271 -0.639122 0.320733 0.698932 -1.67134 1.73081 70.7531 1.29933 -29.4561 5.1317 33.1145 177.019 -0.638992 0.317535 0.700615 
11108187 4.72011 33.1037 177.144 -0.639972 0.321007 0.698133 4.02262 31.3373 177.396 -0.639988 0.320494 0.698337 -1.68197 1.72219 70.6103 1.30794 -29.183 4.71341 33.1043 177.141 -0.639997 0.321142 0.698049 
11196908 4.38418 33.0909 177.213 -0.640896 0.323503 0.696131 3.80544 31.3531 177.511 -0.640497 0.319525 0.698241 -1.68886 1.71529 70.5007 1.31484 -28.9004 4.37223 33.0905 177.205 -0.640936 0.323677 0.696013 
11283553 4.07171 33.0709 177.42 -0.641992 0.325261 0.694299 3.58954 31.2541 177.744 -0.641242 0.319163 0.697769 -1.69432 1.70984 70.4499 1.3203 -28.5782 4.06612 33.0683 177.417 -0.642006 0.325316 0.69426 
11370841 3.83524 33.0149 177.648 -0.642665 0.326396 0.693144 3.48279 31.2598 177.971 -0.641488 0.319282 0.697403 -1.69777 1.70581 70.3975 1.32432 -28.2575 3.83043 33.0116 177.646 -0.642675 0.326431 0.693118 
11458017 3.57522 33.0093 177.912 -0.643633 0.327234 0.691848 3.38197 31.2724 178.312 -0.642233 0.318921 0.69693 -1.69949 1.70122 70.3801 1.32891 -27.9479 3.57142 33.0051 177.912 -0.643641 0.327252 0.691832 
11546852 3.3979 33.0268 178.202 -0.644375 0.327701 0.690936 3.16956 31.2939 178.539 -0.643117 0.317591 0.696724 -1.69806 1.69834 70.3848 1.33179 -27.6812 3.39362 33.0222 178.204 -0.644384 0.3277 0.690929 
11633309 3.24783 33.0418 178.531 -0.645095 0.327723 0.690254 3.18156 31.3166 178.763 -0.644133 0.315655 0.696654 -1.69576 1.69633 70.4086 1.3338 -27.4415 3.24472 33.0372 178.534 -0.645105 0.327705 0.690252 
11720562 3.10825 33.0473 178.816 -0.645767 0.327442 0.689758 3.07963 31.3381 178.987 -0.644897 0.314084 0.696696 -1.69375 1.69432 70.4229 1.33581 -27.251 3.10539 33.0428 178.819 -0.645778 0.327415 0.689761 
11808303 2.9799 33.0518 179.07 -0.646675 0.326938 0.689146 2.8661 31.3608 179.214 -0.645659 0.312631 0.696613 -1.69145 1.69317 70.4817 1.33696 -27.0955 2.97646 33.0475 179.072 -0.646685 0.326905 0.689152 
11896170 2.88121 33.0391 179.277 -0.647348 0.326232 0.688849 2.76404 31.3744 179.441 -0.64641 0.311906 0.69627 -1.68886 1.69317 70.5515 1.33696 -26.9811 2.8778 33.035 179.279 -0.647358 0.326198 0.688856 
11983325 2.79142 33.0193 179.465 -0.64792 0.325529 0.688644 2.7688 31.379 179.555 -0.646784 0.311664 0.696035 -1.68657 1.69317 70.6103 1.33696 -26.8605 2.78868 33.0153 179.465 -0.647928 0.325496 0.688652 
12070741 2.71041 33.0066 179.614 -0.648386 0.324821 0.68854 2.66308 31.5019 179.664 -0.647041 0.31094 0.696175 -1.68427 1.69317 70.6611 1.33696 -26.7478 2.70763 33.0034 179.613 -0.648392 0.324788 0.68855 
12158505 2.63288 32.9851 179.729 -0.648853 0.324114 0.688433 2.67004 31.618 179.776 -0.647415 0.310698 0.695941 -1.68283 1.69317 70.7134 1.33696 -26.6573 2.63067 32.9825 179.728 -0.648858 0.324084 0.688443 
12245836 2.56346 32.99 179.821 -0.649532 0.323422 0.688118 2.67248 31.6215 179.888 -0.647541 0.310576 0.695822 -1.68082 1.69317 70.8023 1.33696 -26.6176 2.5618 32.9873 179.82 -0.649535 0.323393 0.688129 
12333641 2.49096 33.024 179.887 -0.650225 0.322748 0.68778 2.67702 31.7353 179.887 -0.647791 0.310334 0.695708 -1.67881 1.69317 70.9008 1.33696 -26.6017 2.48978 33.0217 179.886 -0.650226 0.32272 0.687792 
12420295 2.4399 33.0306 179.921 -0.650662 0.322106 0.687668 2.6795 31.741 179.998 -0.64792 0.30997 0.695717 -1.6768 1.69317 70.969 1.33696 -26.6017 2.43909 33.0282 179.92 -0.650661 0.322079 0.687681 
12508911 2.42485 33.0364 179.902 -0.6508 0.32141 0.687863 2.56904 31.7421 180.002 -0.648043 0.31009 0.695472 -1.67335 1.69404 71.0341 1.3361 -26.6478 2.42258 33.0316 179.9 -0.650798 0.321363 0.687887 
12595846 2.42293 33.0912 179.847 -0.651138 0.320671 0.687887 2.57249 32.0272 179.901 -0.64784 0.315174 0.693532 -1.66703 1.69605 71.1706 1.33409 -26.7938 2.42193 33.0896 179.846 -0.651135 0.320664 0.687894 
12683604 2.40692 33.1702 179.739 -0.651571 0.3202 0.687697 2.6935 32.3226 179.803 -0.648279 0.31892 0.691261 -1.66042 1.69806 71.3278 1.33207 -27.0129 2.40658 33.1694 179.738 -0.651567 0.320203 0.687699 
12770358 2.40606 33.2595 179.583 -0.651936 0.320007 0.687441 2.5883 32.5344 179.696 -0.648631 0.32013 0.690385 -1.65382 1.69949 71.4723 1.33035 -27.2764 2.40541 33.259 179.582 -0.651932 0.320014 0.687442 
12858581 2.3831 33.3755 179.383 -0.652263 0.320787 0.686767 2.59718 32.638 179.592 -0.649485 0.320734 0.689283 -1.6475 1.69949 71.6342 1.32891 -27.6066 2.38272 33.3748 179.383 -0.65226 0.320793 0.686767 
12945699 2.41935 33.5008 179.155 -0.65226 0.321112 0.686618 2.60696 32.8508 179.373 -0.650339 0.321341 0.688303 -1.63859 1.70007 71.7485 1.3269 -27.9416 2.41903 33.5003 179.155 -0.652258 0.321118 0.686617 
13033496 2.42227 33.6199 178.887 -0.652508 0.321651 0.68613 2.61443 32.9498 179.047 -0.651317 0.321945 0.687081 -1.63112 1.69978 71.8803 1.32547 -28.3273 2.42196 33.6185 178.887 -0.652505 0.321663 0.686127 
13120127 2.42383 33.7449 178.576 -0.652737 0.322339 0.685589 2.51356 33.2741 178.717 -0.652172 0.322549 0.685979 -1.62365 1.69921 72.0104 1.32403 -28.7544 2.42342 33.7448 178.576 -0.652736 0.322345 0.685586 
13207762 2.44402 33.8402 178.27 -0.652865 0.323304 0.685012 2.51375 33.3538 178.281 -0.652505 0.324969 0.684589 -1.61762 1.69921 72.1596 1.32173 -29.1862 2.44334 33.8397 178.268 -0.652863 0.323326 0.685004 
13295470 2.46193 33.8849 177.976 -0.653205 0.324274 0.684229 2.52074 33.6557 177.957 -0.652959 0.327747 0.682704 -1.6136 1.70064 72.3914 1.31829 -29.6593 2.46163 33.8854 177.975 -0.653203 0.324292 0.684223 
13383328 2.5152 33.9195 177.702 -0.653326 0.32474 0.683893 2.52558 33.7322 177.64 -0.653655 0.330768 0.680573 -1.60929 1.70352 72.6343 1.31398 -30.126 2.51448 33.9207 177.701 -0.65332 0.324795 0.683872 
13470520 2.59735 33.8903 177.424 -0.653412 0.32502 0.683678 2.64821 33.8313 177.426 -0.65488 0.331372 0.679109 -1.60699 1.7084 72.882 1.30881 -30.6038 2.59722 33.8912 177.424 -0.653411 0.32505 0.683664 
13558028 2.68215 33.8022 177.182 -0.653485 0.325551 0.683355 2.65255 33.8277 177.209 -0.655621 0.331252 0.67851 -1.60929 1.71386 73.1312 1.30335 -31.0404 2.68177 33.8034 177.182 -0.653486 0.32558 0.68334 
13644630 2.81388 33.6374 176.941 -0.653357 0.326259 0.68314 2.65501 33.6156 176.992 -0.656634 0.329558 0.678313 -1.61475 1.72161 73.4376 1.29559 -31.523 2.81308 33.6384 176.942 -0.653361 0.326283 0.683125 
13733598 2.93271 33.4473 176.765 -0.653516 0.326853 0.682704 2.65295 33.2909 176.776 -0.657398 0.327987 0.678354 -1.62251 1.72966 73.7725 1.28755 -31.9659 2.93037 33.4484 176.767 -0.653526 0.32689 0.682676 
13820022 3.06057 33.1534 176.62 -0.653657 0.327878 0.682076 2.77345 32.8761 176.785 -0.659304 0.324357 0.678208 -1.63486 1.73914 74.1726 1.27807 -32.4374 3.05926 33.1535 176.623 -0.653671 0.327883 0.682061 
13908663 3.22526 32.8486 176.527 -0.653767 0.328489 0.681677 2.77449 32.1287 176.689 -0.661211 0.320489 0.678311 -1.64664 1.75005 74.5965 1.26715 -32.9105 3.22327 32.8471 176.531 -0.653793 0.328474 0.68166 
13994651 3.40027 32.4706 176.476 -0.654307 0.327921 0.681433 2.77689 31.5054 176.698 -0.662891 0.315529 0.678922 -1.65841 1.76327 75.0918 1.2548 -33.4518 3.39727 32.4674 176.482 -0.65435 0.327872 0.681415 
14084363 3.56654 31.9987 176.471 -0.655288 0.326359 0.681239 2.78789 30.6771 176.828 -0.665832 0.308871 0.678973 -1.67249 1.77706 75.5521 1.24216 -33.9757 3.55795 31.9865 176.491 -0.655438 0.326146 0.681197 
14169916 3.72243 31.4523 176.528 -0.657349 0.32293 0.680888 2.90452 29.8385 176.842 -0.668268 0.302821 0.679372 -1.68254 1.79199 76.0951 1.22808 -34.6377 3.7165 31.4419 176.542 -0.657459 0.322764 0.68086 
14257141 3.83863 30.8584 176.593 -0.660169 0.318251 0.680362 2.79443 29.0043 176.744 -0.670462 0.296528 0.680017 -1.688 1.8055 76.6269 1.21487 -35.3711 3.82984 30.8432 176.608 -0.660303 0.318046 0.680328 
14344326 3.98291 30.2137 176.627 -0.663183 0.312445 0.680122 2.69512 28.489 176.429 -0.67338 0.291442 0.679302 -1.68341 1.82043 77.2031 1.19993 -36.249 3.97115 30.1962 176.641 -0.663336 0.312241 0.680067 
14433222 4.04639 29.5995 176.641 -0.666742 0.306577 0.679312 2.82349 27.9569 176.232 -0.676644 0.287928 0.677581 -1.67278 1.83336 77.7476 1.187 -37.0951 4.03354 29.5806 176.652 -0.6669 0.306406 0.679235 
14519761 4.10537 28.9725 176.58 -0.670477 0.301352 0.677973 2.83982 27.7571 175.913 -0.679286 0.284659 0.676459 -1.65784 1.84658 78.3509 1.17293 -37.9968 4.09112 28.9553 176.586 -0.670629 0.301203 0.677889 
14607027 4.12985 28.4566 176.429 -0.673865 0.297311 0.676396 2.85566 27.6475 175.489 -0.681776 0.283442 0.674315 -1.63658 1.85778 78.9732 1.15885 -38.8429 4.11438 28.4417 176.429 -0.674006 0.297185 0.676311 
14694745 4.18538 28.0303 176.188 -0.677065 0.293162 0.675011 2.99752 27.8569 175.069 -0.685107 0.283678 0.670807 -1.60469 1.87013 79.7463 1.1419 -39.7494 4.16888 28.0203 176.181 -0.677211 0.293053 0.674911 
14783221 4.47359 27.7331 175.855 -0.679846 0.290486 0.67337 3.25277 28.2614 174.763 -0.68802 0.286941 0.666498 -1.55701 1.88651 80.5655 1.1172 -40.5955 4.45428 27.7301 175.845 -0.680028 0.290405 0.673221 
14869992 4.76332 27.5536 175.532 -0.683539 0.288307 0.670562 4.15808 29.2848 174.418 -0.687415 0.294202 0.663898 -1.5053 1.90662 81.4751 1.08761 -41.3718 4.74781 27.5683 175.52 -0.683702 0.288312 0.670394 
14956904 5.23116 27.5868 175.282 -0.690806 0.290916 0.661933 5.15489 29.9781 174.287 -0.685085 0.301222 0.663114 -1.46709 1.93075 82.0085 1.05716 -41.702 4.09424 28.2499 175.272 -0.690849 0.290959 0.661869 
15045306 5.10096 27.9442 175.141 -0.690667 0.290178 0.662402 6.13166 29.9458 174.476 -0.681847 0.303043 0.665603 -1.41826 1.9793 82.7403 1.00286 -42.0576 5.1123 27.992 175.128 -0.690728 0.290198 0.662329 
15132365 6.23486 27.4217 175.098 -0.689641 0.288659 0.664132 7.85199 29.0403 174.861 -0.676188 0.301602 0.672039 -1.39527 2.02669 83.288 0.953739 -42.3116 6.25495 27.4368 175.098 -0.689635 0.2886 0.664164 
15219798 7.1124 26.7395 175.117 -0.687988 0.286721 0.666681 8.79696 27.5215 175.272 -0.672573 0.295799 0.678225 -1.39901 2.06203 83.5547 0.919266 -42.4672 7.12772 26.7431 175.12 -0.687967 0.286567 0.666769 
15306672 7.69853 25.8334 175.141 -0.68561 0.282176 0.671055 9.30832 25.9078 175.591 -0.670703 0.288905 0.68311 -1.41739 2.08932 83.723 0.895136 -42.6418 7.71683 25.8215 175.146 -0.685518 0.281895 0.671267 
15394320 8.27963 24.6855 175.12 -0.682321 0.274191 0.677686 9.49933 24.2242 175.919 -0.670622 0.278251 0.687605 -1.43779 2.10828 83.9484 0.878761 -42.9657 8.32505 24.6277 175.135 -0.682131 0.273512 0.678151 
15482075 8.7382 23.5543 175.056 -0.680042 0.266051 0.683198 9.59271 22.8504 175.927 -0.671743 0.269773 0.689871 -1.46163 2.11374 84.1993 0.873878 -43.4277 8.75313 23.5238 175.063 -0.680027 0.265785 0.683316 
15569748 8.92458 22.668 174.934 -0.679871 0.258981 0.686079 9.36147 22.1098 175.828 -0.672672 0.265654 0.690578 -1.47801 2.11546 84.3707 0.873878 -43.8753 8.92632 22.6468 174.941 -0.679908 0.258814 0.686105 
15656637 8.9959 22.0591 174.763 -0.679918 0.253896 0.687931 9.24587 21.6848 175.725 -0.673327 0.263351 0.690756 -1.48605 2.11805 84.3723 0.873878 -44.2039 8.99309 22.0447 174.769 -0.679976 0.253796 0.68791 
15744347 9.01432 21.6586 174.577 -0.680381 0.250114 0.688858 9.24126 21.466 175.395 -0.673717 0.262138 0.690786 -1.48921 2.12092 84.3342 0.873878 -44.4817 9.0089 21.639 174.588 -0.680494 0.25 0.688787 
15831935 9.06066 21.2913 174.383 -0.680807 0.246156 0.689862 9.23654 21.3531 175.172 -0.673721 0.261777 0.691038 -1.4918 2.1258 84.2897 0.873303 -44.7532 9.05832 21.2858 174.388 -0.680854 0.246144 0.689819 
15919948 9.15374 20.957 174.176 -0.681062 0.242664 0.690846 9.233 21.2413 174.951 -0.673853 0.261291 0.691049 -1.49237 2.13356 84.2628 0.87043 -45.0358 9.15146 20.9546 174.181 -0.681105 0.242685 0.690797 
16006491 9.28464 20.6093 173.958 -0.680832 0.239485 0.692182 9.22618 21.0281 174.616 -0.674006 0.259473 0.691578 -1.49524 2.1416 84.2342 0.867558 -45.3263 9.28232 20.6084 173.961 -0.68087 0.239524 0.69213 
16094473 9.41547 20.2405 173.726 -0.680431 0.236045 0.693755 9.2224 20.6211 174.393 -0.674822 0.254747 0.692541 -1.50041 2.14965 84.2104 0.865259 -45.6327 9.41151 20.2375 173.734 -0.680511 0.236115 0.693653 
16180916 9.53637 19.7853 173.488 -0.679667 0.23158 0.696005 9.10402 20.0145 174.059 -0.675926 0.247476 0.694171 -1.50932 2.15683 84.1548 0.865259 -45.9327 9.53433 19.7819 173.491 -0.679711 0.231598 0.695956 
16269673 9.64331 19.3675 173.256 -0.679135 0.226622 0.698153 8.99053 19.4193 173.838 -0.677418 0.239231 0.695581 -1.51736 2.16315 84.077 0.866696 -46.1994 9.64208 19.3615 173.26 -0.679183 0.226619 0.698107 
16356336 9.74973 18.9135 173.026 -0.678463 0.220012 0.700916 8.77236 18.6618 173.616 -0.680127 0.224676 0.697748 -1.52828 2.16688 83.9341 0.872441 -46.4137 9.74962 18.9033 173.029 -0.678521 0.21995 0.700879 
16444258 9.81458 18.4821 172.817 -0.677782 0.21247 0.703895 8.44174 18.0881 173.4 -0.68227 0.214605 0.698838 -1.54264 2.16602 83.75 0.88307 -46.5725 9.81399 18.4568 172.823 -0.677923 0.212317 0.703805 
16530821 9.76668 18.0979 172.608 -0.677454 0.204746 0.706495 8.01038 17.7182 173.085 -0.685245 0.206593 0.698307 -1.56247 2.1597 83.5182 0.899732 -46.7043 9.76382 18.0855 172.611 -0.677551 0.204675 0.706422 
16619776 9.56333 17.8325 172.409 -0.677675 0.19701 0.70848 7.35927 17.5806 172.876 -0.687977 0.198336 0.698023 -1.57941 2.15396 83.261 0.916394 -46.79 9.55287 17.8245 172.412 -0.67779 0.196942 0.708389 
16706186 9.28604 17.592 172.217 -0.678194 0.188355 0.710335 6.93005 17.3167 172.562 -0.690943 0.190926 0.697113 -1.59521 2.15108 82.988 0.932194 -46.8582 9.27223 17.5857 172.22 -0.678331 0.188306 0.710217 
16794082 9.00117 17.3613 172.021 -0.678633 0.180472 0.71196 6.38521 16.9661 172.355 -0.693577 0.18133 0.6971 -1.60728 2.15166 82.6816 0.944259 -46.8963 8.98289 17.3564 172.024 -0.678784 0.180413 0.711831 
16880715 8.6794 17.1272 171.817 -0.678768 0.171924 0.713944 5.94616 16.726 172.136 -0.695349 0.171613 0.697934 -1.61906 2.15396 82.3181 0.956037 -46.9011 8.65815 17.1237 171.82 -0.678928 0.171859 0.713807 
16968994 8.32908 16.8998 171.622 -0.679258 0.163179 0.715528 5.61199 16.38 171.804 -0.696774 0.160796 0.699031 -1.62796 2.15798 81.9688 0.966091 -46.9011 8.30784 16.8957 171.625 -0.67942 0.163097 0.715393 
17056113 8.01921 16.6394 171.43 -0.679728 0.153415 0.71724 5.38646 15.9316 171.693 -0.697844 0.149247 0.700506 -1.63514 2.16372 81.5989 0.975859 -46.8789 7.99935 16.6335 171.432 -0.679888 0.153319 0.717109 
17143379 7.74828 16.3739 171.275 -0.680023 0.143503 0.71901 5.1529 15.4878 171.465 -0.698188 0.136963 0.702598 -1.6406 2.17004 81.2148 0.985051 -46.8011 7.72932 16.3665 171.278 -0.680175 0.143387 0.718889 
17230533 7.46606 16.0987 171.131 -0.679933 0.13248 0.721207 5.02967 15.151 171.23 -0.698159 0.124922 0.704926 -1.64692 2.17579 80.7798 0.996542 -46.6693 7.4486 16.09 171.133 -0.68008 0.132356 0.721092 
17320581 7.20822 15.852 170.985 -0.679335 0.122289 0.723567 4.90333 14.7096 171.11 -0.697895 0.112388 0.70726 -1.65296 2.1801 80.294 1.00861 -46.4868 7.19215 15.8411 170.987 -0.67948 0.122147 0.723455 
17406284 6.93849 15.5802 170.859 -0.678296 0.110821 0.726384 4.77199 14.4834 170.868 -0.696758 0.100459 0.710183 -1.66042 2.18354 79.7304 1.02383 -46.2201 6.92288 15.5683 170.861 -0.678439 0.110674 0.726273 
17493449 6.60865 15.3053 170.799 -0.677617 0.0993964 0.728667 4.75599 14.2641 170.741 -0.695885 0.0877932 0.712636 -1.66933 2.18441 79.1796 1.04107 -45.8962 6.59492 15.292 170.8 -0.677758 0.0992372 0.728557 
17581019 6.30802 15.0425 170.737 -0.676287 0.0879477 0.731369 4.40175 14.0505 170.615 -0.694641 0.075247 0.715326 -1.67737 2.18527 78.5477 1.05917 -45.4914 6.29299 15.0279 170.738 -0.676429 0.0877762 0.731259 
17668771 5.94058 14.8067 170.683 -0.67489 0.0752889 0.734067 4.15245 13.9575 170.588 -0.692306 0.0617231 0.719001 -1.6857 2.18441 77.8715 1.081 -45.0279 5.92563 14.7912 170.684 -0.675025 0.0751045 0.733963 
17756070 5.61285 14.5921 170.656 -0.672848 0.0625412 0.737132 4.0159 13.8602 170.565 -0.690096 0.0484329 0.722062 -1.69174 2.18412 77.1365 1.10312 -44.4706 5.59854 14.5752 170.657 -0.672982 0.0623454 0.737027 
17843349 5.30007 14.3913 170.651 -0.670705 0.0501146 0.740029 3.87151 13.772 170.537 -0.687044 0.0341623 0.725745 -1.69633 2.18326 76.3967 1.12524 -43.869 5.28632 14.3732 170.652 -0.670831 0.0498972 0.73993 
17930996 4.99512 14.2354 170.665 -0.668007 0.0375876 0.743206 3.83043 13.783 170.499 -0.682863 0.0209832 0.730124 -1.70007 2.18153 75.6204 1.1488 -43.1975 4.97005 14.1973 170.664 -0.668234 0.0371299 0.743024 
18018688 4.69559 14.0719 170.723 -0.664793 0.0240242 0.746642 3.7893 13.9023 170.569 -0.678303 0.0084095 0.734609 -1.70208 2.1801 74.7854 1.17379 -42.4132 4.68425 14.0528 170.722 -0.664894 0.0237884 0.746559 
18105982 4.40432 13.935 170.819 -0.661132 0.0113963 0.750183 3.74264 14.1423 170.742 -0.672774 -0.0049031 0.739708 -1.70495 2.17694 73.9234 1.19936 -41.5607 4.39436 13.9167 170.819 -0.661219 0.0111445 0.75011 
18193291 4.09577 13.8239 170.932 -0.657501 -0.00234828 0.75345 3.57841 14.2594 170.808 -0.666976 -0.0170004 0.744779 -1.70754 2.1732 73.109 1.22636 -40.7273 4.08686 13.8058 170.93 -0.65757 -0.00259868 0.753389 
18281122 3.84849 13.7084 171.082 -0.653536 -0.0151212 0.756744 3.63983 14.4872 171.092 -0.660933 -0.0289805 0.749844 -1.70926 2.17062 72.3295 1.25049 -39.8828 3.83481 13.6754 171.08 -0.65364 -0.0156288 0.756644 
18368557 3.60404 13.6405 171.272 -0.64923 -0.0281202 0.760072 3.58491 14.7115 171.266 -0.654516 -0.0406019 0.754898 -1.71127 2.1666 71.5342 1.27577 -38.9858 3.59872 13.6258 171.271 -0.649264 -0.0283721 0.760034 
18456299 3.37831 13.6425 171.484 -0.644897 -0.0393918 0.763253 3.5386 15.0235 171.443 -0.648787 -0.049659 0.759296 -1.71501 2.16056 70.7595 1.30047 -38.0905 3.37463 13.6303 171.482 -0.644917 -0.0396343 0.763224 
18543045 3.2006 13.5785 171.709 -0.640361 -0.0511763 0.766367 3.49571 15.2139 171.739 -0.643526 -0.0573744 0.763182 -1.72046 2.15625 70.0229 1.32317 -37.2348 3.19824 13.5687 171.708 -0.640369 -0.0513993 0.766345 
18631226 3.03039 13.5226 171.962 -0.635937 -0.0618507 0.769259 3.33643 15.3996 171.923 -0.637886 -0.0646039 0.767298 -1.72937 2.15051 69.3085 1.34529 -36.3934 3.02748 13.5076 171.959 -0.635925 -0.0622633 0.769235 
18717501 2.85683 13.5021 172.238 -0.631601 -0.0767195 0.771489 3.06667 15.4657 172.223 -0.632465 -0.0704889 0.771266 -1.74287 2.14218 68.5306 1.36856 -35.4917 2.85578 13.4961 172.236 -0.631576 -0.0768321 0.771498 
18806126 2.73863 13.5221 172.467 -0.627004 -0.083057 0.774576 3.03486 15.4056 172.537 -0.62887 -0.0752697 0.773767 -1.76298 2.13011 67.6623 1.38924 -34.5916 2.73867 13.5164 172.466 -0.626976 -0.0831877 0.774585 
18892860 2.60522 13.4989 172.701 -0.623055 -0.088869 0.777113 2.6631 15.3316 172.629 -0.624993 -0.0783395 0.776595 -1.79056 2.11546 66.8114 1.40964 -33.736 2.60501 13.4932 172.699 -0.623015 -0.0889777 0.777133 
18980016 2.49036 13.295 172.943 -0.619266 -0.094707 0.779448 2.4052 15.0186 172.838 -0.621695 -0.079694 0.77915 -1.82647 2.1011 65.9525 1.42745 -32.893 2.4904 13.2817 172.938 -0.619167 -0.0948484 0.77951 
19067371 2.38889 12.9474 173.187 -0.614946 -0.100243 0.782172 2.02804 14.3777 173.055 -0.618285 -0.081539 0.781714 -1.86841 2.08587 65.0397 1.44382 -31.9961 2.38748 12.9376 173.183 -0.614883 -0.100297 0.782214 
19156212 2.2656 12.3979 173.43 -0.610327 -0.105995 0.785026 1.53512 13.41 173.285 -0.615136 -0.0839993 0.783805 -1.90776 2.07266 64.2221 1.45704 -31.1404 2.25876 12.3692 173.421 -0.610188 -0.106092 0.785121 
19242781 2.09146 11.7047 173.707 -0.605337 -0.11181 0.788077 1.27212 12.5482 173.511 -0.612475 -0.0863305 0.785777 -1.94454 2.06059 63.4713 1.4691 -30.2371 2.08733 11.688 173.7 -0.605265 -0.111844 0.788128 
19330034 1.94413 10.971 174.027 -0.600695 -0.117065 0.790861 0.79414 11.8105 173.855 -0.610322 -0.0892773 0.787035 -1.97298 2.05312 62.8871 1.47657 -29.3862 1.93236 10.9401 174.014 -0.600574 -0.11712 0.790945 
19417321 1.82368 10.1244 174.403 -0.595752 -0.123455 0.793624 0.66109 11.1709 174.309 -0.608886 -0.091241 0.787914 -2.00027 2.0491 62.3219 1.48146 -28.4797 1.81851 10.1134 174.397 -0.59572 -0.123443 0.793649 
19506154 1.75199 9.24344 174.835 -0.591583 -0.129838 0.795721 0.4143 10.5403 174.762 -0.607219 -0.0939392 0.788929 -2.02468 2.04968 61.8584 1.48289 -27.6257 1.74679 9.23705 174.829 -0.591588 -0.129778 0.795727 
19592726 1.70306 8.32945 175.325 -0.587717 -0.136696 0.797435 0.274044 9.70272 175.333 -0.605345 -0.0983556 0.789732 -2.05025 2.05197 61.3837 1.4826 -26.7319 1.69862 8.32535 175.32 -0.587759 -0.136623 0.797417 
19679877 1.71133 7.37455 175.817 -0.584568 -0.143117 0.798622 0.017553 8.75339 175.793 -0.603346 -0.102769 0.790778 -2.07438 2.05801 60.936 1.47801 -25.8826 1.70652 7.37203 175.813 -0.584636 -0.143031 0.798588 
19767196 1.82235 6.27965 176.36 -0.581014 -0.150519 0.799854 -0.014037 7.81796 176.476 -0.601257 -0.108655 0.79161 -2.0988 2.07036 60.4169 1.46767 -24.9825 1.81783 6.27993 176.357 -0.581105 -0.150428 0.799806 
19856787 1.99727 5.16811 176.875 -0.576977 -0.158592 0.801216 -0.0636683 6.78687 176.933 -0.597739 -0.116753 0.793082 -2.12121 2.08788 59.8867 1.45273 -24.1316 1.98607 5.17203 176.87 -0.577168 -0.158422 0.801112 
19942558 2.22514 3.87159 177.42 -0.571703 -0.168916 0.802884 0.0975484 5.53164 177.387 -0.593369 -0.125224 0.795041 -2.14563 2.11374 59.293 1.43147 -23.2362 2.21843 3.87542 177.417 -0.571804 -0.168811 0.802834 
20029745 2.41999 2.73165 177.859 -0.56638 -0.178478 0.804586 0.130525 4.07487 177.731 -0.58782 -0.136031 0.797402 -2.16545 2.14189 58.7897 1.40935 -22.5044 2.41102 2.73452 177.856 -0.56648 -0.178371 0.80454 
20116968 2.61137 1.6209 178.266 -0.560382 -0.189117 0.806354 0.281993 2.84703 178.075 -0.582539 -0.147699 0.799172 -2.18297 2.17435 58.3706 1.38637 -21.8535 2.60063 1.62378 178.263 -0.56049 -0.189002 0.806306 
20205793 2.72261 0.687783 178.595 -0.554731 -0.199126 0.807851 0.32679 1.63626 178.428 -0.577787 -0.160962 0.800128 -2.1982 2.20337 58.0595 1.36798 -21.3154 2.71027 0.689513 178.592 -0.554847 -0.199019 0.807797 
20292479 2.81858 -0.18391 178.915 -0.549373 -0.210264 0.808689 0.491867 0.519967 178.672 -0.57387 -0.172878 0.800455 -2.21227 2.23152 57.8118 1.35305 -20.8089 2.80576 -0.183293 178.913 -0.549505 -0.210153 0.808629 
20379580 2.82886 -0.917016 179.188 -0.544674 -0.219495 0.809415 0.427643 -0.559834 178.923 -0.569296 -0.188238 0.800235 -2.22319 2.25393 57.5658 1.34328 -20.3359 2.81503 -0.918334 179.186 -0.544809 -0.219415 0.809346 
20467297 2.83202 -1.56168 179.489 -0.540331 -0.228927 0.809713 0.48037 -1.43229 179.279 -0.564686 -0.201888 0.800101 -2.23181 2.27461 57.3721 1.3361 -19.8628 2.81826 -1.56408 179.488 -0.540464 -0.228866 0.809641 
20555176 2.80246 -2.16107 179.751 -0.535754 -0.239039 0.809832 0.642275 -2.19427 179.52 -0.559717 -0.21591 0.799971 -2.23956 2.29414 57.1895 1.3315 -19.4294 2.82089 -2.1718 179.749 -0.535883 -0.238996 0.809759 
20642414 2.84282 -2.73635 179.899 -0.530551 -0.249628 0.810063 0.684816 -2.83314 179.868 -0.553538 -0.230682 0.80021 -2.24617 2.31224 56.9657 1.32891 -18.9135 2.82996 -2.73966 179.898 -0.530674 -0.249603 0.80999 
20729574 2.81923 -3.25121 180.19 -0.525578 -0.260024 0.810034 0.836494 -3.59494 180.108 -0.547469 -0.244724 0.80019 -2.25249 2.32718 56.7418 1.32891 -18.4182 2.77784 -3.24843 180.189 -0.525693 -0.260015 0.809962 
20816933 2.83752 -3.70331 180.462 -0.520354 -0.269868 0.810187 0.987159 -4.01041 180.452 -0.540444 -0.259762 0.800179 -2.25622 2.34154 56.4926 1.32891 -17.9245 2.82661 -3.70749 180.462 -0.52046 -0.269883 0.810114 
20904148 2.80247 -4.16473 180.711 -0.515199 -0.280604 0.809834 1.24656 -4.56487 180.68 -0.533485 -0.272344 0.800729 -2.26197 2.35246 56.2339 1.3315 -17.4593 2.79338 -4.16938 180.711 -0.515294 -0.280626 0.809766 
20993216 2.7436 -4.55838 180.965 -0.510402 -0.290138 0.809512 1.4052 -4.91337 180.906 -0.527218 -0.282837 0.801243 -2.268 2.3605 55.9751 1.33581 -16.9863 2.73591 -4.56265 180.964 -0.510487 -0.290161 0.80945 
21079749 2.65048 -4.93108 181.209 -0.505275 -0.299543 0.809303 1.45874 -5.27566 181.133 -0.521649 -0.291607 0.801729 -2.27461 2.3674 55.6862 1.34098 -16.4973 2.67114 -4.94161 181.208 -0.505355 -0.299559 0.809247 
21167922 2.60548 -5.29577 181.447 -0.500462 -0.308192 0.809046 1.51546 -5.53437 181.356 -0.516184 -0.299519 0.80232 -2.2815 2.37314 55.4052 1.34615 -16.0242 2.59933 -5.29923 181.446 -0.500537 -0.308201 0.808996 
21253919 2.50995 -5.6443 181.693 -0.495693 -0.316577 0.808744 1.58333 -5.68956 181.581 -0.511682 -0.306564 0.802538 -2.28955 2.37774 55.1194 1.3519 -15.5353 2.5047 -5.6467 181.692 -0.495767 -0.316578 0.808699 
21342601 2.43301 -5.96968 181.946 -0.491161 -0.323992 0.808573 1.52841 -6.06334 181.808 -0.506449 -0.31386 0.803119 -2.29673 2.38234 54.8273 1.35649 -15.0304 2.42788 -5.97227 181.945 -0.49123 -0.32399 0.808532 
21429568 2.37209 -6.32415 182.167 -0.486565 -0.331579 0.808276 1.48564 -6.22542 182.033 -0.502049 -0.319924 0.80344 -2.3042 2.38837 54.5575 1.36023 -14.5621 2.36699 -6.32572 182.166 -0.486635 -0.331567 0.808239 
21517421 2.28096 -6.66555 182.395 -0.482529 -0.338372 0.80788 1.55447 -6.50474 182.26 -0.497887 -0.32562 0.803634 -2.31282 2.39325 54.2939 1.36339 -14.0938 2.27248 -6.66802 182.393 -0.48267 -0.338333 0.807812 
21603956 2.17614 -7.04868 182.623 -0.478145 -0.345396 0.807514 1.51502 -6.67143 182.485 -0.493843 -0.331188 0.803948 -2.32287 2.39871 53.9748 1.36597 -13.5795 2.17208 -7.04879 182.622 -0.478217 -0.345368 0.807483 
21692775 2.07284 -7.38532 182.879 -0.474352 -0.351512 0.807112 1.4722 -6.95081 182.712 -0.489675 -0.336637 0.804258 -2.33235 2.40446 53.6843 1.36741 -13.0508 2.06897 -7.38499 182.878 -0.474424 -0.351478 0.807084 
21779294 1.98088 -7.78805 183.131 -0.470872 -0.357731 0.806417 1.43957 -7.23481 182.945 -0.486603 -0.341589 0.80396 -2.34269 2.41164 53.4256 1.36741 -12.5413 1.97724 -7.78707 183.13 -0.470949 -0.357688 0.806391 
21867716 1.8664 -8.1704 183.374 -0.46735 -0.363552 0.805862 1.39808 -7.62233 183.18 -0.482814 -0.347407 0.803794 -2.35361 2.41796 53.1144 1.36741 -12.0031 1.85971 -8.16839 183.37 -0.467507 -0.36346 0.805813 
21953724 1.72526 -8.59885 183.614 -0.464 -0.369556 0.805067 1.24824 -7.90061 183.413 -0.479137 -0.352735 0.80362 -2.36625 2.42514 52.7874 1.36655 -11.4411 1.72162 -8.59694 183.611 -0.46408 -0.369503 0.805045 
22042621 1.61575 -8.99125 183.857 -0.461079 -0.374543 0.80444 1.10427 -8.17547 183.76 -0.475953 -0.35818 0.803209 -2.37659 2.43376 52.4651 1.36339 -10.876 1.61169 -8.98859 183.855 -0.461161 -0.374489 0.804418 
22129179 1.5132 -9.41555 184.088 -0.458672 -0.379345 0.803565 1.06715 -8.57214 183.995 -0.472634 -0.363014 0.802905 -2.38693 2.44467 52.1635 1.35764 -10.3251 1.50944 -9.41262 184.086 -0.458753 -0.379287 0.803546 
22216958 1.43236 -9.81726 184.316 -0.456296 -0.383611 0.802892 1.02327 -8.9642 184.227 -0.468589 -0.368344 0.80297 -2.39584 2.45645 51.8333 1.35075 -9.75519 1.42873 -9.81416 184.314 -0.456371 -0.383554 0.802877 
22303680 1.34158 -10.2668 184.573 -0.453622 -0.38817 0.802217 0.978204 -9.35851 184.459 -0.464416 -0.373432 0.803029 -2.40561 2.46995 51.4475 1.34213 -9.1059 1.33807 -10.2632 184.571 -0.453693 -0.38811 0.802205 
22391518 1.27723 -10.683 184.809 -0.451151 -0.392098 0.8017 1.04257 -9.75044 184.691 -0.460011 -0.379016 0.802973 -2.41365 2.48403 51.0586 1.33236 -8.47407 1.27184 -10.6755 184.805 -0.451278 -0.391987 0.801682 
22479051 1.22225 -11.1332 185.058 -0.448577 -0.39626 0.801097 1.10249 -10.2561 185.035 -0.455226 -0.384114 0.803147 -2.42198 2.50012 50.6363 1.32087 -7.78986 1.22037 -11.1297 185.057 -0.448631 -0.396206 0.801094 
22566288 1.16467 -11.5629 185.311 -0.446217 -0.400044 0.800534 1.05836 -10.5446 185.262 -0.450917 -0.388589 0.803436 -2.43002 2.51563 50.2267 1.30938 -7.12152 1.16285 -11.5586 185.309 -0.446261 -0.399989 0.800537 
22653501 1.13826 -11.9803 185.588 -0.443819 -0.403477 0.800144 1.11707 -10.9375 185.601 -0.445766 -0.393811 0.803852 -2.43663 2.53229 49.795 1.29645 -6.41509 1.13718 -11.9759 185.587 -0.443848 -0.40343 0.800152 
22740864 1.08304 -12.374 185.839 -0.441114 -0.406821 0.799947 1.18004 -11.3409 185.83 -0.44121 -0.398169 0.804135 -2.44381 2.5478 49.3171 1.2841 -5.70865 1.08294 -12.37 185.837 -0.441132 -0.406779 0.799959 
22829039 1.05306 -12.7968 186.124 -0.438556 -0.41039 0.799531 1.24408 -11.6315 186.055 -0.436533 -0.402649 0.804542 -2.45099 2.56475 48.8679 1.2706 -4.97999 1.05375 -12.7924 186.122 -0.43856 -0.41035 0.799548 
22916254 1.01238 -13.1618 186.397 -0.436058 -0.413429 0.799331 1.20096 -11.929 186.391 -0.432196 -0.405897 0.805171 -2.4576 2.57998 48.4376 1.25825 -4.29101 1.01306 -13.1574 186.395 -0.436051 -0.41339 0.799355 
23004993 0.983295 -13.5238 186.69 -0.432622 -0.416949 0.79937 1.27075 -12.2219 186.729 -0.427999 -0.409882 0.80545 -2.4645 2.59549 47.9439 1.24561 -3.556 0.984851 -13.5196 186.689 -0.432607 -0.416914 0.799396 
23090786 0.948061 -13.9238 186.967 -0.429931 -0.420176 0.799132 1.3346 -12.6355 186.954 -0.423537 -0.413129 0.806199 -2.47168 2.61187 47.4947 1.2321 -2.85274 0.950377 -13.9203 186.966 -0.429905 -0.42014 0.799165 
23179040 0.883376 -14.3025 187.255 -0.426932 -0.423398 0.799039 1.29578 -12.8261 187.177 -0.419562 -0.416128 0.806705 -2.47972 2.62709 47.0184 1.21946 -2.12249 0.88575 -14.2982 187.253 -0.4269 -0.423361 0.799076 
23266292 0.844214 -14.6406 187.524 -0.424175 -0.426208 0.799013 1.37104 -13.0143 187.513 -0.415717 -0.419373 0.806973 -2.4869 2.64174 46.5755 1.20711 -1.43669 0.847389 -14.6356 187.523 -0.424137 -0.426175 0.799051 
23353899 0.817323 -14.989 187.8 -0.421042 -0.429238 0.799048 1.32996 -13.3188 187.737 -0.411736 -0.422125 0.807596 -2.49552 2.65611 46.0929 1.19476 -0.703263 0.820656 -14.9835 187.799 -0.420999 -0.429204 0.799089 
23440680 0.742956 -15.3087 188.08 -0.418717 -0.431801 0.798889 1.29342 -13.6244 187.964 -0.408243 -0.424751 0.807977 -2.50443 2.67076 45.6611 1.18154 -0.0015875 0.746722 -15.3028 188.078 -0.418669 -0.431769 0.798932 
23528915 0.653286 -15.6308 188.374 -0.415909 -0.434656 0.798808 1.15112 -13.9267 188.306 -0.405239 -0.42725 0.808117 -2.51362 2.68684 45.1531 1.16718 0.769937 0.656768 -15.6244 188.372 -0.415862 -0.434624 0.79885 
23616148 0.598269 -15.9339 188.65 -0.413613 -0.437105 0.798664 1.11245 -14.2266 188.535 -0.401517 -0.430495 0.808264 -2.52195 2.70322 44.6784 1.15224 1.4986 0.601862 -15.9273 188.648 -0.413562 -0.437078 0.798705 
23704033 0.523833 -16.2436 188.939 -0.41109 -0.439662 0.798563 0.968776 -14.4196 188.76 -0.398266 -0.432994 0.808645 -2.53057 2.72103 44.1387 1.13587 2.28917 0.526795 -16.2362 188.937 -0.411039 -0.439635 0.798604 
23790536 0.435778 -16.5761 189.192 -0.409956 -0.441579 0.798088 0.823031 -14.7229 189.101 -0.394892 -0.435375 0.808901 -2.54034 2.74114 43.5894 1.11777 3.06705 0.43819 -16.5684 189.19 -0.409901 -0.441553 0.798131 
23879101 0.355623 -16.8942 189.505 -0.407606 -0.443964 0.797968 0.781921 -14.9146 189.324 -0.39067 -0.438257 0.809401 -2.54838 2.76326 42.9639 1.09795 3.94018 0.357947 -16.8858 189.503 -0.407547 -0.443939 0.798012 
23966071 0.232281 -17.221 189.765 -0.405753 -0.446433 0.797535 0.634746 -15.226 189.55 -0.38728 -0.440021 0.81001 -2.55987 2.78624 42.3924 1.07813 4.74186 0.234086 -17.2127 189.762 -0.404702 -0.447052 0.797722 
24054239 0.153433 -17.5426 190.056 -0.402528 -0.449454 0.797472 0.588448 -15.5154 189.891 -0.3826 -0.444142 0.810042 -2.56964 2.81209 41.7654 1.05658 5.59435 0.154863 -17.5344 190.055 -0.402471 -0.449429 0.797515 
24140363 0.0214851 -17.8982 190.306 -0.400471 -0.452113 0.797004 0.401455 -16.0071 190.128 -0.375402 -0.450514 0.809971 -2.58314 2.84168 41.1351 1.03245 6.39762 0.0218071 -17.891 190.304 -0.400395 -0.452109 0.797045 
24229081 -0.0906899 -18.2296 190.585 -0.397863 -0.45487 0.796743 0.339497 -16.3942 190.257 -0.36955 -0.456631 0.809177 -2.5975 2.87386 40.5144 1.00803 7.2136 -0.0911574 -18.2231 190.583 -0.397786 -0.45488 0.796775 
24315810 -0.215137 -18.61 190.833 -0.396198 -0.457611 0.796002 0.0736742 -16.7827 190.503 -0.365638 -0.461861 0.808021 -2.61617 2.91379 40.1128 0.980168 7.85177 -0.218045 -18.6035 190.83 -0.396129 -0.457628 0.796026 
24404135 -0.398409 -18.9459 191.07 -0.39447 -0.460454 0.79522 -0.504239 -17.1671 190.652 -0.364303 -0.467066 0.805672 -2.63944 2.95946 39.9064 0.950866 8.30898 -0.411895 -18.9325 191.061 -0.394378 -0.4605 0.795239 
24490293 -0.671636 -19.2659 191.283 -0.393244 -0.46351 0.794051 -1.22558 -17.4811 190.811 -0.371306 -0.467368 0.802218 -2.66357 3.01807 40.0144 0.912372 8.47566 -0.687201 -19.2549 191.276 -0.393294 -0.463488 0.79404 
24579060 -1.09021 -19.4696 191.459 -0.39474 -0.464776 0.792567 -2.46414 -17.6831 190.987 -0.382453 -0.466516 0.797443 -2.67392 3.07868 40.2239 0.864972 8.48836 -1.11561 -19.4545 191.45 -0.394887 -0.464713 0.792532 
24665726 2.32437 -20.1206 195.622 -0.283792 -0.545119 0.788864 -2.95102 -18.5494 190.861 -0.380505 -0.480882 0.789785 -2.66501 -3.13326 40.3715 0.798613 8.52487 2.18338 -20.143 195.554 -0.285465 -0.544533 0.788666 
24753953 -0.270149 -20.3826 194.019 -0.313628 -0.533297 0.785641 -3.2927 -19.1421 190.706 -0.381458 -0.488916 0.784347 -2.67478 -3.05455 39.6667 0.727657 8.5344 -0.422679 -20.374 193.959 -0.315636 -0.532413 0.785436 
24840135 -1.53677 -20.8514 193.107 -0.330277 -0.528326 0.78217 -3.35751 -20.5014 190.142 -0.366632 -0.512459 0.776366 -2.66156 -2.9902 39.5762 0.665894 8.4328 -1.57655 -20.8527 193.08 -0.330716 -0.528264 0.782025 
24927436 -2.00838 -21.2183 192.6 -0.339883 -0.526718 0.779132 -3.72444 -20.6603 189.932 -0.375686 -0.50692 0.775744 -2.64088 -2.96205 39.7731 0.635156 8.43756 -2.0373 -21.2147 192.577 -0.340273 -0.526583 0.779054 
25015627 -2.35795 -21.5004 192.473 -0.35047 -0.523476 0.776623 -4.09082 -20.6935 190.059 -0.384149 -0.502135 0.774642 -2.61819 -2.95171 39.9969 0.616483 8.67251 -2.3814 -21.4946 192.455 -0.350794 -0.523333 0.776573 
25103322 -2.50685 -21.7638 192.529 -0.358168 -0.520765 0.774932 -4.10384 -20.7854 190.177 -0.382849 -0.504003 0.774177 -2.59262 -2.94567 40.1445 0.601258 9.07256 -2.54373 -21.7516 192.496 -0.35861 -0.52057 0.774859 
25190037 -2.53719 -22.1132 192.725 -0.363717 -0.51938 0.773275 -3.6233 -21.3638 190.768 -0.375258 -0.513735 0.771485 -2.5659 -2.93332 40.316 0.581149 9.55675 -2.54885 -22.1104 192.713 -0.363828 -0.519371 0.773229 
25277316 -2.45166 -22.5347 192.976 -0.366724 -0.519793 0.771576 -3.42984 -21.7554 191.243 -0.37246 -0.519089 0.769245 -2.54263 -2.91321 40.5414 0.557018 9.95839 -2.46083 -22.5327 192.967 -0.366793 -0.519816 0.771527 
25365607 -2.38848 -22.9692 193.274 -0.369119 -0.520767 0.769774 -3.41002 -22.0556 191.833 -0.374615 -0.521546 0.766513 -2.52454 -2.88765 40.8303 0.529727 10.2822 -2.39667 -22.9671 193.267 -0.369183 -0.520798 0.769723 
25452758 -2.43178 -23.3363 193.545 -0.372298 -0.52138 0.767826 -3.48849 -22.363 192.206 -0.378474 -0.523492 0.763301 -2.51333 -2.86351 41.1224 0.503586 10.5077 -2.4392 -23.3344 193.539 -0.37236 -0.521418 0.76777 
25539953 -2.47497 -23.715 193.838 -0.374862 -0.522291 0.765957 -3.68041 -22.7705 192.7 -0.382233 -0.526185 0.759493 -2.50356 -2.83766 41.3796 0.476295 10.7458 -2.48256 -23.7136 193.834 -0.374927 -0.52234 0.765892 
25627207 -2.77402 -23.6193 194.102 -0.377182 -0.523501 0.76399 -3.66649 -23.1869 193.069 -0.384266 -0.528645 0.756759 -2.48863 -2.8029 41.6177 0.438375 10.968 -2.7823 -23.6148 194.098 -0.377244 -0.523562 0.763917 
25715383 -2.77156 -24.1261 194.385 -0.3794 -0.525266 0.761677 -3.75816 -23.8175 193.345 -0.387554 -0.532085 0.752718 -2.47196 -2.77331 41.7559 0.404477 11.284 -2.77835 -24.1258 194.381 -0.379471 -0.525341 0.76159 
25802579 -2.83642 -24.5345 194.653 -0.382301 -0.526799 0.759163 -3.85369 -24.2374 193.714 -0.389816 -0.533925 0.750218 -2.45932 -2.75521 41.8209 0.381496 11.6253 -2.84269 -24.5347 194.649 -0.382369 -0.526877 0.759075 
25890096 -2.88043 -24.9343 194.91 -0.384776 -0.528351 0.756831 -3.846 -24.556 193.959 -0.391079 -0.535154 0.748671 -2.44668 -2.74056 41.8241 0.361961 12.0047 -2.88598 -24.934 194.906 -0.384835 -0.528425 0.756749 
25977075 -2.9295 -25.2958 195.154 -0.387293 -0.529691 0.754607 -3.83612 -24.8804 194.309 -0.39244 -0.535514 0.747717 -2.43519 -2.72993 41.813 0.346448 12.3746 -2.93427 -25.2954 195.15 -0.387343 -0.529757 0.754535 
26065388 -2.9844 -25.6332 195.378 -0.389726 -0.530486 0.752794 -3.83075 -25.2025 194.659 -0.393316 -0.536124 0.746885 -2.42456 -2.72074 41.7622 0.331798 12.7825 -2.98849 -25.6328 195.375 -0.389765 -0.530547 0.752731 
26152511 -3.01317 -25.9564 195.631 -0.391624 -0.531295 0.751236 -3.71488 -25.5256 195.008 -0.394074 -0.536862 0.745932 -2.4148 -2.7127 41.6924 0.318871 13.1826 -3.01626 -25.956 195.629 -0.391654 -0.531353 0.75118 
26240542 -3.03823 -26.2751 195.885 -0.393384 -0.531899 0.749888 -3.60145 -25.7371 195.244 -0.39447 -0.537852 0.744981 -2.40532 -2.70437 41.6019 0.305369 13.5922 -3.04049 -26.274 195.882 -0.393404 -0.531956 0.749838 
26326984 -3.07745 -26.5846 196.116 -0.395224 -0.532411 0.748556 -3.59159 -25.9476 195.592 -0.395592 -0.53846 0.744029 -2.39613 -2.69546 41.513 0.291005 13.9684 -3.0794 -26.5828 196.114 -0.395238 -0.532466 0.74851 
26415373 -3.09926 -26.8861 196.352 -0.396751 -0.532997 0.747331 -3.57849 -26.165 195.938 -0.397062 -0.538324 0.743311 -2.38665 -2.68742 41.4066 0.277791 14.3589 -3.10104 -26.8835 196.35 -0.396762 -0.533047 0.747289 
26502427 -3.11581 -27.1371 196.552 -0.398327 -0.533174 0.746365 -3.35122 -26.4949 196.175 -0.397937 -0.538816 0.742354 -2.37745 -2.68167 41.2844 0.266587 14.7336 -3.11647 -27.1346 196.55 -0.398334 -0.533224 0.746326 
26590677 -3.10191 -27.3842 196.724 -0.399414 -0.533533 0.745528 -3.25103 -26.8064 196.523 -0.397009 -0.540805 0.74153 -2.36797 -2.67765 41.1383 0.257107 15.1162 -3.10224 -27.3817 196.722 -0.39941 -0.533588 0.74549 
26676829 -3.11988 -27.5551 196.905 -0.400879 -0.533321 0.744892 -3.16243 -27.0073 196.753 -0.394736 -0.542934 0.741183 -2.35993 -2.67679 41.0018 0.249638 15.4702 -3.11981 -27.5526 196.903 -0.400857 -0.533384 0.744859 
26765056 -3.08594 -27.7639 197.021 -0.401324 -0.533667 0.744405 -3.06301 -27.2268 196.866 -0.393764 -0.543314 0.741424 -2.34959 -2.67909 40.8161 0.244755 15.8083 -3.0857 -27.7613 197.02 -0.401295 -0.53373 0.744375 
26852425 -2.96925 -27.9838 197.097 -0.401362 -0.533918 0.744204 -2.85884 -27.3368 197.08 -0.391681 -0.543457 0.74238 -2.33781 -2.6834 40.6065 0.242169 16.1274 -2.96879 -27.98 197.096 -0.401324 -0.533981 0.74418 
26940464 -2.83832 -28.1407 197.133 -0.400468 -0.534712 0.744116 -2.65956 -27.341 197.175 -0.388973 -0.543234 0.743931 -2.32574 -2.68742 40.3938 0.240446 16.4036 -2.83807 -28.1344 197.132 -0.400421 -0.53477 0.744099 
27026763 -2.707 -28.2474 197.119 -0.399867 -0.535392 0.74395 -2.23703 -27.4613 197.27 -0.386509 -0.543005 0.745486 -2.3131 -2.69288 40.216 0.239584 16.6021 -2.7055 -28.2415 197.118 -0.399812 -0.535447 0.74394 
27115362 -2.55324 -28.3108 197.074 -0.398813 -0.536061 0.744035 -1.92499 -27.5816 197.367 -0.384164 -0.542533 0.746914 -2.30133 -2.69776 40.0477 0.238722 16.7656 -2.55097 -28.3055 197.074 -0.398752 -0.53611 0.744031 
27202202 -2.38048 -28.3948 196.999 -0.397657 -0.537039 0.743948 -1.61764 -27.7031 197.35 -0.381452 -0.542185 0.748585 -2.28897 -2.70264 39.908 0.238147 16.8592 -2.37756 -28.3901 196.999 -0.397589 -0.537084 0.743952 
27291912 -2.20157 -28.4504 196.885 -0.39637 -0.53796 0.743969 -1.30339 -27.7085 197.336 -0.379245 -0.542328 0.749662 -2.27777 -2.70753 39.7921 0.238147 16.8815 -2.1948 -28.4401 196.886 -0.396227 -0.538044 0.743984 
27376698 -1.97731 -28.4684 196.74 -0.39419 -0.538975 0.744393 -1.10873 -27.8243 197.214 -0.376553 -0.542602 0.750736 -2.26685 -2.71155 39.6556 0.238147 16.8815 -1.97389 -28.464 196.74 -0.394116 -0.539014 0.744404 
27467037 -1.77625 -28.4668 196.581 -0.391738 -0.539992 0.744949 -0.792684 -27.8447 197.081 -0.374676 -0.541378 0.752642 -2.25881 -2.71586 39.5445 0.239297 16.8291 -1.77235 -28.4629 196.582 -0.391665 -0.540022 0.744966 
27552198 -1.58258 -28.4049 196.39 -0.389577 -0.540722 0.745553 -0.592531 -27.8536 196.955 -0.372337 -0.541152 0.753954 -2.25306 -2.72074 39.4778 0.242169 16.6878 -1.57866 -28.4017 196.391 -0.389505 -0.540747 0.745573 
27640942 -1.4264 -28.3465 196.194 -0.387862 -0.541 0.746245 -0.39103 -27.8556 196.835 -0.370143 -0.541671 0.75455 -2.2499 -2.72534 39.4492 0.246191 16.5037 -1.4183 -28.3419 196.197 -0.387722 -0.541045 0.746285 
27726690 -1.26883 -28.2583 195.989 -0.385988 -0.541727 0.74669 -0.303396 -27.8519 196.608 -0.367841 -0.542808 0.754914 -2.24847 -2.73108 39.481 0.251936 16.256 -1.26512 -28.2568 195.991 -0.385921 -0.541748 0.746709 
27815588 -1.14036 -28.1475 195.788 -0.384359 -0.542064 0.747285 -0.110986 -27.8469 196.269 -0.364945 -0.544572 0.75504 -2.24876 -2.73826 39.5159 0.259118 16.0084 -1.13652 -28.147 195.788 -0.384293 -0.542087 0.747302 
27902022 -1.02475 -28.0293 195.582 -0.383386 -0.542074 0.747777 0.0737794 -27.9466 196.045 -0.361326 -0.546839 0.755168 -2.25048 -2.74688 39.5826 0.267736 15.7226 -1.02072 -28.0302 195.583 -0.383318 -0.542101 0.747793 
27989286 -0.924438 -27.9001 195.393 -0.382294 -0.542232 0.748222 0.151561 -27.8162 195.93 -0.357591 -0.549355 0.755178 -2.25278 -2.75608 39.6667 0.276929 15.4384 -0.920722 -27.901 195.394 -0.382224 -0.542262 0.748236 
28076516 -0.819197 -27.7614 195.216 -0.381048 -0.542401 0.748734 0.33839 -27.6926 195.591 -0.353857 -0.551874 0.755065 -2.25536 -2.76642 39.7445 0.287271 15.1686 -0.815441 -27.7624 195.216 -0.380978 -0.542434 0.748747 
28163829 -0.712845 -27.6314 195.034 -0.379728 -0.542665 0.749214 0.523124 -27.6795 195.365 -0.349998 -0.55427 0.755071 -2.25795 -2.77676 39.8191 0.297612 14.9003 -0.708999 -27.6329 195.034 -0.379656 -0.5427 0.749225 
28252543 -0.609136 -27.4572 194.854 -0.378298 -0.54277 0.749861 0.708949 -27.5536 195.137 -0.346018 -0.556791 0.755078 -2.26226 -2.78969 39.8969 0.310827 14.6225 -0.605253 -27.4589 194.854 -0.378225 -0.542807 0.749871 
28340075 -0.535253 -27.2672 194.674 -0.377476 -0.5431 0.750036 0.700319 -27.457 194.901 -0.345129 -0.555684 0.756266 -2.26772 -2.80348 40.0604 0.325478 14.2812 -0.531807 -27.2691 194.674 -0.377409 -0.543129 0.750049 
28426931 -0.454837 -27.0325 194.497 -0.376771 -0.543025 0.750445 0.687503 -26.6772 194.727 -0.353992 -0.543563 0.760998 -2.27346 -2.81956 40.2255 0.342427 13.9351 -0.452046 -27.0323 194.497 -0.376731 -0.54302 0.750468 
28513756 -0.362307 -26.8047 194.343 -0.376176 -0.54264 0.751021 0.724608 -26.3924 194.59 -0.357408 -0.538447 0.763006 -2.27806 -2.83536 40.3731 0.358801 13.6255 -0.359832 -26.8043 194.344 -0.376148 -0.542622 0.751049 
28602193 -0.300682 -26.5366 194.185 -0.376368 -0.541957 0.751419 0.851176 -26.1993 194.46 -0.358682 -0.535707 0.764307 -2.2838 -2.85432 40.589 0.377761 13.2445 -0.298198 -26.5363 194.185 -0.376346 -0.54193 0.751449 
28689275 -0.236622 -26.2798 194.042 -0.376278 -0.541439 0.751837 0.87286 -26.0086 194.331 -0.360678 -0.532463 0.765727 -2.28955 -2.87357 40.8145 0.397008 12.8635 -0.234417 -26.2796 194.042 -0.376262 -0.541403 0.751871 
28776867 -0.174968 -25.995 193.897 -0.376375 -0.540642 0.752362 0.995191 -25.8039 194.208 -0.361496 -0.530969 0.766316 -2.29817 -2.89684 41.0748 0.420277 12.4333 -0.17274 -25.9951 193.899 -0.376361 -0.540601 0.752398 
28863647 -0.0916085 -25.7104 193.787 -0.376021 -0.540053 0.752962 1.12098 -25.6004 194.194 -0.362548 -0.529099 0.767143 -2.30621 -2.92039 41.3574 0.443833 11.9825 -0.0894057 -25.7105 193.788 -0.37601 -0.540006 0.753001 
28951970 -0.0149147 -25.3879 193.649 -0.375422 -0.539519 0.753643 1.24971 -25.2946 193.954 -0.363956 -0.52673 0.768087 -2.31626 -2.94654 41.6908 0.469975 11.457 -0.0127202 -25.388 193.65 -0.375415 -0.539464 0.753686 
29039281 0.0481184 -25.066 193.519 -0.375153 -0.538795 0.754295 1.27272 -24.9832 193.829 -0.365857 -0.52448 0.768794 -2.32689 -2.97383 42.0892 0.495829 10.8744 0.0500456 -25.066 193.521 -0.375151 -0.538734 0.754339 
29126875 0.0766089 -24.7254 193.377 -0.375631 -0.537895 0.754699 1.19859 -24.5695 193.701 -0.369075 -0.52098 0.769612 -2.33925 -3.00456 42.6417 0.522833 10.1521 0.0780277 -24.7252 193.379 -0.375637 -0.537824 0.754747 
29213563 0.10553 -24.3246 193.266 -0.376212 -0.535899 0.755828 1.14368 -24.2746 193.472 -0.374733 -0.51696 0.769593 -2.35361 -3.04047 43.2783 0.55156 9.33768 0.10639 -24.3247 193.267 -0.376237 -0.53582 0.755872 
29302040 0.10801 -24.0173 193.156 -0.377841 -0.533938 0.756404 1.00873 -23.8811 193.358 -0.383411 -0.511058 0.769203 -2.36682 -3.0738 44.0244 0.575691 8.44867 0.107919 -24.0172 193.158 -0.377899 -0.533846 0.756439 
29389260 0.100799 -23.7428 193.075 -0.379984 -0.53152 0.757032 0.664 -23.6064 193.139 -0.393904 -0.50415 0.768446 -2.37918 -3.1054 44.7769 0.597523 7.59619 0.0986796 -23.7425 193.075 -0.380088 -0.531413 0.757056 
29476950 0.0710056 -23.5023 193.01 -0.383234 -0.528869 0.757251 0.432377 -23.3234 193.038 -0.404423 -0.498111 0.766975 -2.39009 -3.13556 45.5833 0.617632 6.73576 0.0632941 -23.5008 193.009 -0.383533 -0.52863 0.757267 
29563494 1.13902 -22.2822 193.463 -0.455995 -0.422178 0.783476 -0.0113182 -23.1627 192.941 -0.416373 -0.490455 0.765608 -2.40216 3.13728 45.7056 0.621654 6.22141 1.1367 -22.329 193.453 -0.455078 -0.424008 0.783021 
29652379 0.578717 -22.422 193.319 -0.446579 -0.443446 0.777125 -0.299422 -22.9701 192.721 -0.421193 -0.486951 0.765102 -2.43835 3.10712 46.0342 0.658712 5.80549 0.565403 -22.4513 193.309 -0.445945 -0.444791 0.77672 
29738999 0.0881557 -22.097 192.985 -0.431116 -0.465389 0.773015 -1.31252 -21.9984 192.614 -0.430254 -0.481308 0.763623 -2.478 3.06776 47.0025 0.707835 4.94982 0.0727673 -22.0962 192.984 -0.431104 -0.465578 0.772907 
29826929 -0.313392 -21.7493 192.828 -0.433172 -0.466926 0.770936 -2.21791 -21.5374 192.664 -0.439945 -0.480737 0.758471 -2.50242 3.03932 47.9931 0.742882 4.09892 -0.350835 -21.7428 192.832 -0.433314 -0.467131 0.770732 
29913495 -0.649497 -21.4397 192.752 -0.435767 -0.46846 0.768539 -2.68924 -21.306 192.712 -0.448786 -0.480424 0.753437 -2.51563 3.01577 49.0266 0.770173 3.19246 -0.668584 -21.4371 192.755 -0.43589 -0.46852 0.768432 
30002729 -0.93361 -21.201 192.714 -0.439264 -0.469394 0.765975 -3.1729 -21.1803 192.762 -0.456539 -0.480742 0.748527 -2.52252 2.99595 50.0172 0.791431 2.3114 -0.953036 -21.1995 192.718 -0.439434 -0.469447 0.765844 
30089008 -1.20017 -20.9485 192.7 -0.443843 -0.47002 0.762945 -3.5496 -21.0569 192.698 -0.463931 -0.48131 0.743617 -2.52741 2.97526 50.9633 0.812976 1.46368 -1.21945 -20.9486 192.703 -0.444068 -0.470098 0.762766 
30177765 -1.41746 -20.7546 192.654 -0.449413 -0.471564 0.758719 -3.82032 -21.0495 192.742 -0.470818 -0.481387 0.739302 -2.52856 2.95544 51.946 0.83366 0.55245 -1.4377 -20.7571 192.658 -0.449699 -0.471658 0.758492 
30263119 -1.64864 -20.6198 192.608 -0.456121 -0.473245 0.753653 -4.09011 -21.0478 192.675 -0.477943 -0.481096 0.734859 -2.52942 2.93562 52.8509 0.855205 -0.296862 -1.66964 -20.6262 192.612 -0.45646 -0.473311 0.753406 
30350243 -1.84066 -20.5249 192.551 -0.463589 -0.473953 0.748634 -4.26187 -21.0425 192.603 -0.48361 -0.481434 0.730902 -2.52798 2.91407 53.7304 0.878474 -1.13982 -1.86174 -20.5349 192.554 -0.463927 -0.474002 0.748394 
30438458 -1.99116 -20.3861 192.483 -0.470571 -0.474058 0.744199 -4.43375 -20.9268 192.526 -0.489028 -0.48165 0.727183 -2.52827 2.88621 54.6479 0.909212 -2.03041 -2.01166 -20.3981 192.486 -0.470855 -0.474126 0.743976 
30526749 -2.0795 -20.2444 192.419 -0.476022 -0.474703 0.74031 -4.50078 -20.8098 192.447 -0.493719 -0.482244 0.723586 -2.52798 2.85748 55.5084 0.941673 -2.88131 -2.11712 -20.2688 192.424 -0.476463 -0.474885 0.73991 
30613039 -2.13527 -20.0457 192.355 -0.480869 -0.475861 0.736424 -4.68416 -20.5825 192.36 -0.497663 -0.482472 0.720706 -2.52655 2.82559 56.3989 0.978157 -3.7719 -2.16942 -20.0464 192.358 -0.481046 -0.475961 0.736244 
30700245 -2.16861 -19.8007 192.283 -0.484818 -0.477064 0.733049 -4.75361 -20.355 192.274 -0.501858 -0.482943 0.717589 -2.52224 2.79543 57.2372 1.01263 -4.63391 -2.16966 -19.8215 192.285 -0.484975 -0.47716 0.732883 
30788390 -2.11475 -19.4722 192.199 -0.488907 -0.477245 0.73021 -4.80896 -19.9275 192.177 -0.507095 -0.480937 0.715165 -2.51276 2.76498 58.0785 1.04681 -5.52609 -2.13134 -19.4818 192.201 -0.489064 -0.477324 0.730054 
30876341 -2.09764 -19.1238 192.081 -0.494993 -0.484309 0.721406 -4.95842 -19.4127 192.071 -0.513976 -0.476072 0.713554 -2.49926 2.73941 58.8643 1.07497 -6.39762 -2.11441 -19.1319 192.083 -0.495158 -0.48435 0.721265 
30962922 -2.04667 -18.7054 191.944 -0.498979 -0.48247 0.719891 -5.00518 -18.8909 191.964 -0.5199 -0.472206 0.711832 -2.478 2.71701 59.666 1.09852 -7.29456 -2.081 -18.7036 191.946 -0.499134 -0.48247 0.719784 
31050144 -2.51117 -19.2071 191.822 -0.50242 -0.480702 0.718679 -4.9504 -18.5922 191.86 -0.525217 -0.468591 0.710352 -2.45099 2.70207 60.4518 1.11346 -8.1407 -2.5389 -19.2363 191.824 -0.502572 -0.480703 0.718572 
31138375 -2.53968 -18.9225 191.736 -0.506126 -0.479118 0.717135 -4.90227 -18.1714 191.754 -0.529582 -0.466098 0.70864 -2.41882 2.68828 61.3583 1.12725 -9.04081 -2.5549 -18.9248 191.738 -0.506273 -0.479129 0.717024 
31225565 -2.50984 -18.5144 191.651 -0.509159 -0.478563 0.715357 -4.73592 -17.7609 191.647 -0.53466 -0.462735 0.707041 -2.38176 2.68196 62.2505 1.13357 -9.8933 -2.52408 -18.5136 191.653 -0.509317 -0.47857 0.715239 
31312784 -2.46725 -18.0987 191.578 -0.512303 -0.47879 0.712955 -4.35306 -17.463 191.538 -0.539257 -0.459744 0.705566 -2.33609 2.68167 63.2506 1.13386 -10.7982 -2.48045 -18.0974 191.581 -0.512488 -0.478782 0.712828 
31400088 -2.39249 -17.6626 191.521 -0.516231 -0.478108 0.710576 -3.76605 -17.044 191.637 -0.541296 -0.457756 0.705303 -2.28639 2.68512 64.1888 1.12869 -11.6443 -2.40339 -17.6604 191.526 -0.516443 -0.478077 0.710443 
31488155 -2.11466 -17.142 191.461 -0.520518 -0.476544 0.708496 -2.42542 -16.4105 191.594 -0.540038 -0.456771 0.706856 -2.22807 2.69086 65.1318 1.12007 -12.5508 -2.11822 -17.1375 191.467 -0.520747 -0.476484 0.708368 
31575514 -1.6579 -16.5438 191.415 -0.525283 -0.473513 0.70701 -1.1019 -15.8919 191.649 -0.53704 -0.455174 0.710085 -2.17493 2.69345 65.9303 1.11547 -13.3937 -1.65559 -16.5397 191.422 -0.525486 -0.473426 0.706917 
31662946 -0.965653 -15.8375 191.273 -0.530115 -0.471414 0.704803 0.116085 -15.2803 191.473 -0.534732 -0.451839 0.714018 -2.12408 2.69288 66.6129 1.11605 -14.2938 -0.959974 -15.8338 191.28 -0.53028 -0.471249 0.704789 
31749932 -0.256843 -15.0441 191.043 -0.53401 -0.463678 0.706991 1.31612 -14.541 191.291 -0.530257 -0.450249 0.718329 -2.08185 2.68656 67.0828 1.12237 -15.14 -0.248138 -15.0402 191.05 -0.534121 -0.463554 0.706988 
31837852 0.395388 -14.2699 190.73 -0.537068 -0.455754 0.709822 2.29235 -13.7006 190.879 -0.525752 -0.447545 0.723349 -2.05054 2.67822 67.3781 1.1307 -15.9067 0.405729 -14.265 190.736 -0.537125 -0.455659 0.709839 
31925406 0.919353 -13.6611 190.478 -0.538082 -0.449834 0.712823 3.0505 -12.9512 190.489 -0.522034 -0.446573 0.726583 -2.03301 2.67133 67.4289 1.13759 -16.3592 0.930985 -13.6544 190.482 -0.538104 -0.449778 0.712842 
32012854 1.29872 -13.209 190.226 -0.538092 -0.446021 0.715208 3.55837 -12.7149 190.127 -0.516586 -0.449939 0.728423 -2.02555 2.66559 67.3829 1.14276 -16.6703 1.31069 -13.2032 190.228 -0.538075 -0.446024 0.715219 
32099763 1.60866 -12.8317 189.994 -0.537672 -0.442525 0.717691 3.8471 -12.7985 189.897 -0.512147 -0.454168 0.728949 -2.02353 2.65783 67.2352 1.14765 -16.8386 1.61966 -12.8292 189.996 -0.537629 -0.442585 0.717686 
32187422 1.83105 -12.5586 189.787 -0.537101 -0.43996 0.719693 4.04329 -12.8949 189.674 -0.509757 -0.456779 0.728976 -2.02382 2.65036 67.0844 1.15167 -16.9402 1.85092 -12.5586 189.79 -0.536991 -0.440145 0.719661 
32275256 2.02907 -12.3289 189.609 -0.536721 -0.437683 0.721363 4.02746 -12.8857 189.56 -0.508192 -0.458026 0.729229 -2.02411 2.6426 66.9415 1.15512 -17.0291 2.03724 -12.3305 189.61 -0.536659 -0.437793 0.721342 
32363006 2.20428 -12.0754 189.449 -0.536615 -0.435079 0.723015 4.13868 -12.8983 189.442 -0.50829 -0.457156 0.729822 -2.0244 2.63456 66.7955 1.15799 -17.0926 2.21167 -12.0783 189.45 -0.536553 -0.435193 0.722992 
32449635 2.33556 -11.8349 189.299 -0.537391 -0.430686 0.725065 3.54724 -11.6999 189.372 -0.525607 -0.428374 0.734913 -2.02325 2.62767 66.6431 1.15914 -17.1386 2.34013 -11.8334 189.3 -0.537395 -0.430667 0.725074 
32538635 2.44682 -11.5564 189.147 -0.538802 -0.424793 0.727491 3.59034 -11.3389 189.229 -0.529432 -0.419455 0.737335 -2.02066 2.62192 66.4923 1.15914 -17.1879 2.45094 -11.5546 189.148 -0.538811 -0.424759 0.727504 
32625167 2.55555 -11.2801 188.991 -0.540284 -0.418581 0.729989 3.4058 -10.8549 189.086 -0.53254 -0.411285 0.739641 -2.01693 2.61761 66.3335 1.15741 -17.2339 2.55849 -11.2776 188.992 -0.540296 -0.418539 0.730004 
32713000 2.65212 -11.0288 188.859 -0.542121 -0.411524 0.732634 3.43355 -10.5835 188.949 -0.534951 -0.404723 0.741608 -2.00831 2.61761 66.2002 1.15052 -17.2974 2.65464 -11.0262 188.859 -0.542134 -0.411482 0.732648 
32799670 2.84537 -10.8088 188.723 -0.54425 -0.405869 0.734209 3.65457 -10.5097 188.814 -0.534618 -0.40139 0.74361 -1.99452 2.62135 66.0764 1.13903 -17.3768 2.848 -10.8068 188.724 -0.544252 -0.405843 0.734222 
32887727 3.0661 -10.6446 188.572 -0.545736 -0.399694 0.73649 4.10276 -10.46 188.56 -0.534853 -0.396202 0.74619 -1.9793 2.62767 65.9414 1.12553 -17.453 3.06965 -10.643 188.573 -0.545732 -0.399674 0.736503 
32975338 3.3098 -10.471 188.412 -0.546999 -0.392889 0.73921 4.43935 -10.1814 188.41 -0.534475 -0.39114 0.749133 -1.96464 2.63341 65.77 1.11174 -17.5022 3.31393 -10.4689 188.412 -0.546986 -0.392878 0.739225 
33063681 3.53812 -10.3104 188.294 -0.548144 -0.386301 0.741829 4.777 -10.1363 188.264 -0.534684 -0.384966 0.752181 -1.952 2.63801 65.6096 1.0991 -17.5117 3.54754 -10.3074 188.294 -0.548102 -0.386283 0.741869 
33149668 3.74207 -10.1518 188.183 -0.549603 -0.379078 0.744471 5.11692 -9.97723 188.118 -0.534901 -0.37904 0.75499 -1.94166 2.64088 65.4556 1.08675 -17.5117 3.74749 -10.1504 188.183 -0.549571 -0.379075 0.744496 
33236631 3.91787 -10.0749 188.097 -0.550822 -0.373017 0.746628 5.35442 -9.81828 188.088 -0.535967 -0.372617 0.757432 -1.93391 2.64433 65.335 1.07468 -17.5117 3.92378 -10.0733 188.097 -0.550781 -0.37301 0.746662 
33324901 4.07354 -10.0268 188.006 -0.551909 -0.367165 0.748723 5.48389 -9.76416 187.958 -0.537789 -0.366929 0.759043 -1.92845 2.6472 65.2128 1.06319 -17.5117 4.07957 -10.0254 188.006 -0.551865 -0.367155 0.74876 
