3.12522 3.12522 44.0403 6.27801 -0.696912 -20.7927 3.94796 184.236 -0.669346 0.0636661 0.74013 -21.1362 6.09006 189.144 -0.660425 0.117075 0.741709 0
3.11258 3.11028 45.2071 6.27227 -1.34302 -21.0544 4.45912 184.13 -0.671292 0.0714991 0.737672 -21.3684 7.01496 189.359 -0.666705 0.133446 0.733278 0
3.10741 3.0962 46.0008 6.26509 -1.61607 -21.7739 5.35045 184.299 -0.678697 0.0929959 0.728439 -21.5098 7.69701 189.671 -0.669842 0.148357 0.727531 0
3.10252 3.08471 46.3977 6.25676 -1.55257 -22.1091 5.93967 184.667 -0.682856 0.107303 0.7226 -21.4652 8.29305 190.016 -0.669556 0.162223 0.72483 0
3.09735 3.08012 46.312 6.23808 -1.11284 -22.2567 6.40197 185.017 -0.684483 0.120951 0.718949 -21.1437 8.90989 190.373 -0.664346 0.17852 0.725792 0
3.07897 -2.98963 46.0866 6.01028 -0.455613 -21.4344 8.30709 185.71 -0.674139 0.174629 0.717709 -19.8992 6.24248 190.678 -0.676973 0.0663666 0.733009 0
3.07667 -2.86323 45.9326 5.87354 0.028575 -20.9326 9.39103 186.196 -0.665348 0.198747 0.719521 -18.7243 6.35719 191.256 -0.662217 0.0767688 0.745369 0
3.09218 -2.84858 45.9881 5.8359 0.503238 -20.4665 9.83522 186.494 -0.661305 0.207232 0.720745 -18.8634 6.44062 191.784 -0.662154 0.0890802 0.744054 0
3.12522 -2.87788 46.6025 5.83131 0.784225 -20.4552 10.0206 186.819 -0.659678 0.212478 0.720899 -19.8951 6.49955 192.472 -0.67217 0.104847 0.732935 0
-3.11344 -2.91781 47.7185 5.83332 0.731838 -20.8075 9.64054 187.298 -0.661688 0.210906 0.719517 -23.5917 -0.397616 193.302 -0.691984 0.0679654 0.718706 0
-3.0646 -2.95831 49.1996 5.83935 0.31115 -21.4762 8.98638 188.296 -0.667221 0.220236 0.711557 -24.524 -1.32743 193.945 -0.705967 0.0784928 0.703882 0
-3.0172 -2.99738 50.8157 5.84941 -0.3302 -22.2493 8.42003 189.19 -0.672443 0.232808 0.702496 -25.5269 -2.35469 194.468 -0.72069 0.0862479 0.687871 0
-2.97584 -3.0264 52.3873 5.85774 -1.0541 -23.144 7.7706 189.752 -0.678219 0.242253 0.69368 -26.4699 -3.3376 194.864 -0.73423 0.0912282 0.672743 0
-2.93734 -3.04478 53.4621 5.85486 -1.61131 -23.926 7.03229 190.32 -0.685333 0.248134 0.684522 -27.1462 -4.14202 195.031 -0.742524 0.0984436 0.662546 0
-2.91264 -3.04478 54.3289 5.85027 -2.01295 -24.3882 6.37035 190.746 -0.689994 0.253746 0.677907 -27.6658 -4.83708 195.185 -0.749242 0.0986188 0.654913 0
-2.89081 -3.03616 55.2814 5.84165 -2.44475 -24.9651 5.85803 190.924 -0.693419 0.255519 0.673613 -28.2515 -5.51892 195.347 -0.756482 0.0975133 0.646704 0
-2.8684 -3.02611 56.2513 5.8316 -2.90354 -25.6379 5.2776 191.233 -0.699487 0.254301 0.667754 -28.8449 -6.20971 195.478 -0.763636 0.0967785 0.638353 0
-2.8368 -3.01404 57.2911 5.81723 -3.50361 -26.2944 4.71083 191.555 -0.707308 0.251614 0.660629 -29.5078 -7.138 195.474 -0.771039 0.0965603 0.629424 0
-2.80606 -3.0014 58.1992 5.80086 -4.18465 -26.9915 3.90709 191.65 -0.713449 0.249664 0.654675 -30.1205 -7.99201 195.29 -0.777212 0.0975686 0.621628 0
-2.77848 -2.99106 58.9421 5.78477 -4.75456 -27.5753 3.09109 191.748 -0.719826 0.247846 0.648353 -30.6542 -8.68937 195.115 -0.781946 0.100199 0.61524 0
-2.74717 -2.98388 59.5422 5.76409 -5.27526 -28.158 2.484 191.708 -0.724126 0.246999 0.643923 -31.1704 -9.29341 194.886 -0.784901 0.107562 0.610214 0
-2.71557 -2.97153 59.9946 5.73795 -5.77691 -28.646 1.82784 191.554 -0.726833 0.249808 0.639704 -31.6624 -9.8676 194.558 -0.786673 0.115122 0.606541 0
-2.68167 -2.94797 60.228 5.70376 -6.35317 -29.027 1.25895 191.382 -0.727919 0.253983 0.636879 -32.1455 -10.5232 193.951 -0.787398 0.12022 0.604609 0
-2.65237 -2.92212 60.2947 5.66871 -6.7818 -29.5317 0.608585 191.095 -0.728993 0.255732 0.634875 -32.6015 -11.0406 193.378 -0.787433 0.124387 0.603719 0
-2.62249 -2.89282 60.2883 5.62964 -7.01992 -30.0497 -0.141809 190.584 -0.73014 0.255427 0.633558 -33.1209 -11.4999 192.927 -0.787268 0.128834 0.603001 0
-2.59405 -2.85748 60.1756 5.58655 -7.03104 -30.5542 -0.778767 190.29 -0.731226 0.255734 0.63234 -33.6973 -11.8966 192.603 -0.78708 0.132128 0.602534 0
-2.56217 -2.82416 60.1423 5.54289 -7.03104 -31.0614 -1.43016 190 -0.732039 0.257593 0.630696 -34.3767 -12.2856 192.34 -0.787419 0.136765 0.601055 0
-2.5389 -2.80233 60.1343 5.51301 -7.05802 -31.6651 -1.9469 189.93 -0.732901 0.258967 0.629069 -34.8849 -12.5395 192.14 -0.787766 0.140523 0.599732 0
-2.5185 -2.78107 60.0502 5.48572 -7.1501 -32.2647 -2.45786 189.752 -0.734361 0.259284 0.627123 -35.3319 -12.756 191.83 -0.787973 0.142855 0.598909 0
-2.4961 -2.75866 59.7756 5.45412 -7.15169 -32.7472 -2.8709 189.561 -0.735301 0.259821 0.625894 -35.7583 -12.9019 191.465 -0.786825 0.146367 0.599569 0
-2.47512 -2.73683 59.439 5.42367 -7.08342 -33.1307 -3.40586 189.374 -0.73612 0.260347 0.624665 -36.1489 -13.0073 191.129 -0.785474 0.149296 0.600618 0
-2.45128 -2.70753 58.8691 5.38633 -6.84054 -33.5077 -3.82892 188.952 -0.736782 0.259904 0.624201 -36.5667 -13.1233 190.76 -0.783685 0.150268 0.602708 0
-2.4214 -2.67593 58.0595 5.34295 -6.3119 -33.9935 -4.12413 188.629 -0.736348 0.259271 0.624829 -37.0085 -13.2399 190.467 -0.780582 0.151891 0.606317 0
-2.38435 -2.63801 56.926 5.29066 -5.40385 -34.3766 -4.52584 188.303 -0.736196 0.256968 0.626011 -37.4954 -13.3535 190.262 -0.776407 0.15263 0.61147 0
-2.34126 -2.60526 55.6338 5.23666 -4.28942 -34.9027 -5.12295 188.192 -0.734633 0.253864 0.629156 -37.9492 -13.4327 190.146 -0.7706 0.155454 0.618069 0
-2.29874 -2.57395 54.2193 5.18524 -3.00355 -35.455 -5.83244 188.069 -0.731443 0.250907 0.633985 -38.3314 -13.5273 190.115 -0.764694 0.156071 0.625208 0
-2.25967 -2.54637 53.0843 5.13899 -2.01612 -35.7616 -6.33757 187.936 -0.728423 0.247477 0.638833 -38.7896 -13.5756 190.011 -0.760562 0.15753 0.629864 0
-2.2275 -2.5277 52.1127 5.10394 -1.2573 -36.1771 -6.83286 187.808 -0.72564 0.244175 0.643191 -39.0968 -13.6377 189.863 -0.756731 0.158227 0.634289 0
-2.20423 -2.51333 51.4269 5.07866 -0.7874 -36.4847 -7.34802 187.678 -0.722517 0.241825 0.647632 -39.3545 -13.6903 189.683 -0.754515 0.158248 0.636919 0
-2.18785 -2.50385 51.0395 5.06171 -0.642938 -36.6438 -7.66055 187.449 -0.721211 0.239935 0.64976 -39.5694 -13.7242 189.442 -0.753444 0.158796 0.638049 0
-2.17464 -2.49811 50.8189 5.04907 -0.657225 -36.892 -7.85506 187.231 -0.721104 0.238476 0.650422 -39.7601 -13.7396 189.192 -0.752693 0.160314 0.638556 0
-2.16717 -2.4915 50.6236 5.04103 -0.7747 -37.1394 -8.05413 187.014 -0.721073 0.237506 0.650824 -39.8799 -13.7824 188.873 -0.752777 0.159322 0.638705 0
-2.16171 -2.48259 50.4395 5.03471 -0.995362 -37.2643 -8.16071 186.686 -0.721256 0.236907 0.650726 -39.9974 -13.8741 188.454 -0.753785 0.156237 0.638277 0
-2.15654 -2.4757 50.2839 5.02954 -1.26524 -37.3884 -8.25952 186.354 -0.721518 0.235471 0.651026 -40.0908 -13.962 188.017 -0.754508 0.153764 0.638024 0
-2.15166 -2.46909 50.1061 5.02465 -1.59226 -37.5169 -8.46035 185.918 -0.72266 0.232633 0.6509 -40.1634 -14.0509 187.51 -0.75506 0.151133 0.637999 0
-2.14735 -2.46363 49.9632 5.02034 -1.8923 -37.6443 -8.66309 185.375 -0.724074 0.229563 0.650421 -40.2312 -14.1198 187.064 -0.755512 0.14915 0.637931 0
-2.14333 -2.45875 49.814 5.01632 -2.2098 -37.7628 -8.75164 184.936 -0.725107 0.226587 0.650177 -40.2835 -14.1825 186.599 -0.75579 0.147299 0.638032 0
-2.13672 -2.45703 49.6537 5.01201 -2.58128 -37.8833 -8.84801 184.497 -0.725934 0.224454 0.650021 -40.313 -14.2533 186.08 -0.755182 0.146826 0.63886 0
-2.12609 -2.46191 49.5394 5.0077 -2.96386 -37.8975 -8.95813 183.941 -0.726403 0.222176 0.650233 -40.3149 -14.3158 185.602 -0.753068 0.149622 0.640704 0
-2.11288 -2.47225 49.4647 5.00368 -3.34645 -38.0348 -9.16712 183.388 -0.726758 0.219778 0.650813 -40.2914 -14.3719 185.172 -0.749709 0.154969 0.643367 0
-2.10225 -2.48058 49.414 5.00052 -3.62902 -38.178 -9.38954 182.946 -0.726314 0.219262 0.651315 -40.2663 -14.4121 184.861 -0.746944 0.159323 0.645516 0
-2.0942 -2.48633 49.3854 4.99794 -3.85286 -38.2025 -9.52201 182.498 -0.725515 0.219823 0.652016 -40.2597 -14.4429 184.62 -0.745001 0.162516 0.646964 0
-2.08673 -2.49121 49.3505 4.99535 -4.01796 -38.2255 -9.65079 182.272 -0.724545 0.220862 0.652821 -40.2553 -14.4734 184.431 -0.743237 0.165279 0.648291 0
-2.07812 -2.49782 49.3457 4.99305 -4.17512 -38.2475 -9.78074 182.047 -0.723688 0.222026 0.653377 -40.2458 -14.5134 184.279 -0.741144 0.168798 0.649779 0
-2.06921 -2.5073 49.3393 4.99075 -4.31324 -38.2665 -9.90405 181.825 -0.723149 0.222477 0.65372 -40.1999 -14.5133 184.16 -0.73808 0.173832 0.651936 0
-2.06031 -2.51563 49.3012 4.98817 -4.47834 -38.2856 -10.0278 181.713 -0.722437 0.22341 0.654287 -40.1524 -14.5276 183.987 -0.735128 0.178134 0.654107 0
-2.05341 -2.52138 49.2473 4.98616 -4.61169 -38.3152 -10.1652 181.483 -0.720759 0.225373 0.655415 -40.1113 -14.563 183.825 -0.732935 0.180814 0.65583 0
-2.04824 -2.52482 49.1933 4.98443 -4.70852 -38.2399 -10.2245 181.349 -0.717074 0.23013 0.657757 -40.0873 -14.6016 183.693 -0.731505 0.182281 0.657019 0
-2.04364 -2.52683 49.1584 4.98271 -4.77996 -38.1564 -10.1772 181.208 -0.713095 0.235358 0.660322 -40.086 -14.6359 183.594 -0.730562 0.183352 0.65777 0
-2.0402 -2.52971 49.1393 4.98156 -4.84187 -38.1801 -10.2081 181.083 -0.710708 0.238245 0.661772 -40.0697 -14.6431 183.524 -0.729448 0.184862 0.658583 0
-2.03761 -2.53229 49.1266 4.9807 -4.89426 -38.0793 -10.2298 181.075 -0.709605 0.239394 0.662571 -40.0527 -14.6411 183.469 -0.728468 0.186244 0.659278 0
-2.03531 -2.53402 49.1155 4.97984 -4.9276 -38.0847 -10.2374 181.071 -0.709028 0.240213 0.663022 -40.0461 -14.6451 183.431 -0.727772 0.187225 0.659769 0
-2.03416 -2.53516 49.0964 4.97926 -4.94824 -38.0955 -10.2545 180.954 -0.708026 0.241608 0.663568 -40.0343 -14.6391 183.4 -0.727237 0.187855 0.66018 0
-2.03416 -2.53631 49.0568 4.97926 -4.95141 -38.1073 -10.2695 180.947 -0.706753 0.24323 0.664347 -39.9997 -14.6276 183.374 -0.726665 0.188124 0.660732 0
-2.03416 -2.53631 49.0298 4.97926 -4.95141 -38.0147 -10.3043 180.935 -0.704772 0.245776 0.665449 -39.9858 -14.6329 183.355 -0.726544 0.187879 0.660935 0
-2.03416 -2.53631 48.9964 4.97926 -4.95141 -38.0169 -10.2105 180.923 -0.703352 0.247633 0.666339 -39.9687 -14.6393 183.33 -0.726394 0.187577 0.661186 0
-2.03416 -2.53631 48.9631 4.97926 -4.95141 -37.9171 -10.231 180.914 -0.702139 0.248648 0.667141 -39.8583 -14.3412 182.883 -0.726873 0.190331 0.659871 1
-2.03416 -2.53718 48.9266 4.97926 -4.95141 -37.9138 -10.1274 180.905 -0.701318 0.249448 0.667711 -39.6867 -13.9414 182.345 -0.726787 0.194546 0.658736 1
-2.03416 -2.53832 48.8885 4.97926 -4.94665 -37.9189 -10.1327 180.902 -0.700767 0.25002 0.66805 -39.5468 -13.6384 181.968 -0.726243 0.19795 0.658321 1
-2.03416 -2.5389 48.8409 4.97926 -4.9276 -37.9254 -10.1403 180.896 -0.700068 0.250832 0.668621 -39.4364 -13.4143 181.69 -0.725719 0.200374 0.658165 1
-2.03388 -2.54034 48.7805 4.97926 -4.90061 -37.8231 -10.1586 180.89 -0.699125 0.251619 0.669191 -39.3305 -13.2321 181.477 -0.72474 0.202724 0.658525 1
-2.03416 -2.54177 48.7155 4.97955 -4.86886 -37.8347 -10.1711 180.771 -0.698046 0.252525 0.669998 -39.2684 -13.0936 181.087 -0.723704 0.204662 0.659065 1
-2.03445 -2.54493 48.6218 4.98099 -4.82124 -37.7212 -10.0762 180.759 -0.697125 0.253074 0.670699 -39.1144 -12.9603 180.932 -0.722116 0.206446 0.660249 1
-2.03474 -2.54809 48.5059 4.98242 -4.77044 -37.7284 -10.0792 180.752 -0.696351 0.253393 0.671409 -38.8917 -12.8739 180.817 -0.720493 0.207706 0.661625 1
-2.03531 -2.55211 48.3741 4.98443 -4.71011 -37.6287 -10.0884 180.739 -0.69513 0.2532 0.672744 -38.7208 -12.7892 180.717 -0.718686 0.208789 0.663248 1
-2.03646 -2.55613 48.2424 4.98645 -4.65137 -37.5299 -10.0954 180.723 -0.693808 0.252761 0.67433 -38.5599 -12.705 180.641 -0.716897 0.209741 0.664881 1
-2.03819 -2.56131 48.0741 4.98932 -4.57359 -37.3323 -10.2254 180.71 -0.692353 0.252431 0.67591 -38.3658 -12.6204 180.571 -0.714766 0.210387 0.666969 1
-2.0402 -2.56619 47.9233 4.9919 -4.49897 -37.1247 -10.2431 180.692 -0.690786 0.251972 0.677616 -38.1849 -12.5594 180.521 -0.712806 0.211095 0.668839 1
-2.04249 -2.56935 47.7757 4.9942 -4.42277 -37.0318 -10.2508 180.672 -0.688839 0.251612 0.679679 -38.0247 -12.5148 180.471 -0.711318 0.211097 0.670422 1
-2.04508 -2.57193 47.6375 4.99679 -4.35134 -36.9341 -10.2577 180.655 -0.687394 0.251166 0.681386 -37.8724 -12.4862 180.395 -0.71004 0.210708 0.671897 1
-2.04738 -2.57423 47.5137 4.99909 -4.28307 -36.7207 -10.2747 180.642 -0.686455 0.250624 0.682492 -37.736 -12.4611 180.36 -0.708853 0.21034 0.673264 1
-2.04996 -2.57682 47.3804 5.00167 -4.21005 -36.6158 -10.2775 180.631 -0.685795 0.249741 0.683615 -37.5828 -12.4379 180.328 -0.707596 0.20997 0.6747 1
-2.05226 -2.57912 47.2613 5.00397 -4.13544 -36.5228 -10.39 180.625 -0.685028 0.248721 0.684619 -37.4422 -12.4381 180.31 -0.706504 0.210048 0.675819 1
-2.05427 -2.58113 47.147 5.00598 -4.06083 -36.4179 -10.3928 180.614 -0.68437 0.247835 0.68562 -37.321 -12.4345 180.296 -0.705508 0.209582 0.677004 1
-2.05628 -2.58314 47.0486 5.00799 -3.99256 -36.3119 -10.3968 180.605 -0.683823 0.247077 0.686495 -37.2075 -12.4282 180.288 -0.704596 0.2092 0.67807 1
-2.05801 -2.58544 46.9708 5.01029 -3.95129 -36.2067 -10.3973 180.594 -0.683189 0.245948 0.687505 -37.1044 -12.4163 180.269 -0.703731 0.208864 0.679072 1
-2.05829 -2.58716 46.9136 5.01201 -3.93541 -36.2091 -10.3859 180.587 -0.682934 0.244725 0.688279 -37.0245 -12.4426 180.235 -0.703144 0.208376 0.67983 1
-2.05772 -2.58888 46.8374 5.01374 -3.92589 -36.1105 -10.4999 180.587 -0.682771 0.243864 0.688674 -36.9421 -12.4936 180.181 -0.702536 0.207511 0.680722 1
-2.05801 -2.59061 46.739 5.01546 -3.9243 -36.1117 -10.4886 180.582 -0.682641 0.242644 0.689206 -36.8489 -12.5296 180.113 -0.701786 0.20667 0.681751 1
-2.05715 -2.59204 46.6168 5.01632 -3.9243 -36.0154 -10.6022 180.466 -0.682399 0.241299 0.689984 -36.7618 -12.5708 180.025 -0.70099 0.205791 0.682834 1
-2.05657 -2.5952 46.4707 5.01805 -3.9243 -35.9112 -10.6015 180.454 -0.681653 0.240041 0.691119 -36.6375 -12.6166 179.93 -0.69978 0.20497 0.684321 1
-2.056 -2.59923 46.3279 5.02006 -3.9243 -35.8111 -10.6069 180.33 -0.68064 0.239005 0.692365 -36.4996 -12.6529 179.844 -0.698406 0.204332 0.685914 1
-2.05542 -2.60382 46.1072 5.02207 -3.92906 -35.722 -10.7234 180.209 -0.679624 0.237975 0.693732 -36.3308 -12.6994 179.703 -0.696554 0.20334 0.688088 1
-2.05513 -2.60985 45.904 5.02494 -3.93541 -35.5129 -10.7376 180.079 -0.678385 0.23669 0.695473 -36.1486 -12.7413 179.587 -0.694599 0.202619 0.690273 1
-2.05485 -2.61704 45.7056 5.02839 -3.95446 -35.3229 -10.8634 179.947 -0.676273 0.23547 0.697932 -35.9509 -12.7902 179.468 -0.692478 0.202011 0.69258 1
-2.05485 -2.62508 45.4912 5.0327 -3.98463 -35.122 -10.8792 179.81 -0.67415 0.23437 0.700386 -35.7297 -12.851 179.335 -0.690207 0.201085 0.695111 1
-2.056 -2.63111 45.3341 5.03672 -4.00844 -34.9339 -11.0135 179.567 -0.671992 0.233631 0.702705 -35.5532 -12.8946 179.241 -0.688649 0.200087 0.696942 1
-2.05628 -2.63571 45.2325 5.03988 -4.04178 -34.7394 -11.1399 179.551 -0.670203 0.232914 0.704661 -35.4082 -12.9429 179.162 -0.687543 0.199284 0.698262 1
-2.05686 -2.63973 45.1626 5.04275 -4.07352 -34.5295 -11.1574 179.425 -0.669054 0.231993 0.706023 -35.2928 -12.9892 179.102 -0.686628 0.198699 0.699328 1
-2.05801 -2.64375 45.1055 5.04562 -4.1148 -34.4292 -11.1618 179.299 -0.668051 0.230841 0.707395 -35.1725 -13.0124 179.041 -0.685646 0.198323 0.700398 1
-2.05887 -2.64634 45.0547 5.04763 -4.14814 -34.4454 -11.2668 179.298 -0.667495 0.230196 0.708022 -35.0898 -13.0393 178.982 -0.685023 0.197747 0.70117 1
-2.05916 -2.64835 45.0245 5.04964 -4.18147 -34.3411 -11.2771 179.178 -0.666926 0.229676 0.708766 -35.0244 -13.0874 178.934 -0.684668 0.19697 0.701736 1
-2.06002 -2.65093 44.9864 5.05223 -4.22116 -34.2452 -11.3943 179.175 -0.66648 0.229165 0.709389 -34.9416 -13.1357 178.876 -0.684191 0.196157 0.702428 1
-2.06174 -2.65352 44.9451 5.0551 -4.26085 -34.2519 -11.3924 179.058 -0.665924 0.22852 0.710016 -34.8533 -13.1712 178.819 -0.683718 0.195314 0.703123 1
-2.06433 -2.65467 44.8991 5.05826 -4.28307 -34.1547 -11.5086 179.055 -0.665611 0.227899 0.710645 -34.7734 -13.2117 178.766 -0.683638 0.193787 0.703624 1
-2.06576 -2.65553 44.8483 5.06085 -4.32276 -34.0465 -11.5138 179.049 -0.6653 0.227273 0.711152 -34.7031 -13.2705 178.692 -0.683514 0.192315 0.704148 1
-2.0672 -2.65611 44.8023 5.06315 -4.39103 -33.9418 -11.5196 178.93 -0.664779 0.226269 0.711915 -34.6411 -13.3182 178.591 -0.683413 0.190984 0.704608 1
-2.06835 -2.65582 44.7657 5.06487 -4.46246 -33.9581 -11.6265 178.816 -0.664369 0.225393 0.712552 -34.5953 -13.3617 178.49 -0.683462 0.189669 0.704915 1
-2.0695 -2.65524 44.7419 5.06659 -4.53231 -33.8484 -11.6284 178.812 -0.664217 0.224411 0.712952 -34.5566 -13.4118 178.4 -0.68381 0.188407 0.704916 1
-2.07007 -2.65524 44.7229 5.06803 -4.58311 -33.8502 -11.6234 178.696 -0.664186 0.223441 0.713353 -34.5184 -13.4541 178.335 -0.683789 0.187478 0.705184 1
-2.07093 -2.65668 44.7134 5.06947 -4.6355 -33.7399 -11.6306 178.582 -0.664269 0.222596 0.713507 -34.4743 -13.4645 178.284 -0.683423 0.187349 0.705573 1
-2.07151 -2.65812 44.7165 5.0709 -4.69265 -33.7393 -11.6239 178.581 -0.664339 0.221872 0.713657 -34.4316 -13.4804 178.235 -0.683166 0.187203 0.705861 1
-2.07266 -2.65984 44.7451 5.07263 -4.76726 -33.7513 -11.7345 178.472 -0.664385 0.221391 0.713797 -34.3961 -13.4856 178.191 -0.682999 0.187282 0.706001 1
-2.07381 -2.66041 44.7657 5.07406 -4.83394 -33.7498 -11.7301 178.472 -0.664555 0.220917 0.713817 -34.3745 -13.5008 178.143 -0.683071 0.186919 0.706028 1
-2.07467 -2.6607 44.7912 5.07521 -4.90379 -33.7496 -11.7286 178.36 -0.664736 0.220322 0.713841 -34.3599 -13.506 178.095 -0.683154 0.186721 0.706 1
-2.07496 -2.66128 44.8261 5.07607 -4.98316 -33.748 -11.7242 178.36 -0.664906 0.219849 0.71386 -34.3551 -13.5198 178.044 -0.683245 0.186671 0.705925 1
-2.07553 -2.66214 44.8451 5.07694 -5.05936 -33.7371 -11.614 178.245 -0.665065 0.219492 0.713753 -34.3405 -13.5227 177.987 -0.683174 0.18669 0.705989 1
-2.07611 -2.66357 44.8483 5.07837 -5.14191 -33.8466 -11.5985 178.246 -0.665234 0.219019 0.713773 -34.3077 -13.5346 177.914 -0.68298 0.186461 0.706237 1
-2.07639 -2.6653 44.8515 5.0801 -5.21017 -33.8564 -11.7104 178.14 -0.665515 0.218674 0.713667 -34.2739 -13.5616 177.856 -0.682792 0.186131 0.706506 1
-2.07668 -2.66731 44.8356 5.08211 -5.28161 -33.8564 -11.71 178.029 -0.665686 0.218196 0.713565 -34.2268 -13.5986 177.782 -0.682492 0.185606 0.706933 1
-2.07611 -2.66932 44.8007 5.08383 -5.3721 -33.8545 -11.7022 178.029 -0.665892 0.217359 0.713598 -34.1765 -13.6503 177.674 -0.682088 0.184963 0.707491 1
-2.07668 -2.67248 44.7705 5.08584 -5.47529 -33.7525 -11.8172 177.92 -0.666254 0.216169 0.713646 -34.1115 -13.6642 177.563 -0.681405 0.184959 0.708151 1
-2.07725 -2.67736 44.7261 5.089 -5.55466 -33.6493 -11.9312 177.812 -0.666753 0.214865 0.713578 -34.0124 -13.6958 177.474 -0.680449 0.184859 0.709096 1
-2.07812 -2.68225 44.7181 5.09187 -5.65944 -33.5372 -11.9318 177.698 -0.667028 0.213304 0.713761 -33.9336 -13.7049 177.389 -0.679673 0.185321 0.709719 1
-2.07927 -2.68656 44.715 5.09475 -5.77215 -33.5485 -12.0345 177.588 -0.667157 0.211977 0.714055 -33.8627 -13.7135 177.298 -0.67911 0.185611 0.710181 1
-2.08099 -2.68943 44.6991 5.09762 -5.88486 -33.4393 -12.0416 177.473 -0.667116 0.211124 0.71433 -33.7985 -13.7297 177.19 -0.678807 0.185275 0.710559 1
-2.08243 -2.6923 44.688 5.10049 -5.99281 -33.4538 -12.1532 177.362 -0.666904 0.210749 0.714707 -33.7375 -13.7506 177.089 -0.678568 0.184844 0.710899 1
-2.08501 -2.69632 44.6768 5.10451 -6.07536 -33.3486 -12.1658 177.245 -0.666436 0.210476 0.7152 -33.6526 -13.7685 177.02 -0.678266 0.18422 0.71135 1
-2.0876 -2.70207 44.6356 5.11026 -6.14839 -33.354 -12.1628 177.128 -0.666015 0.209717 0.71571 -33.5207 -13.8326 176.946 -0.677791 0.182791 0.71217 1
-2.09823 -2.7104 44.7197 5.12434 -6.31508 -33.2482 -12.169 177.12 -0.665446 0.209198 0.716454 -33.3118 -13.9267 176.891 -0.678646 0.17891 0.712342 1
-2.10799 -2.72304 44.9944 5.14071 -6.65956 -33.0306 -12.1791 176.999 -0.665118 0.207477 0.717246 -33.1398 -14.0399 176.815 -0.680248 0.176282 0.711468 1
-2.12178 -2.73051 45.1849 5.15881 -6.8834 -32.9348 -12.379 176.781 -0.666168 0.20305 0.717543 -32.9557 -14.1564 176.762 -0.682285 0.170931 0.710823 1
-2.13413 -2.73769 45.4071 5.17604 -7.14058 -32.8283 -12.4601 176.555 -0.667177 0.19777 0.718116 -32.8081 -14.2774 176.66 -0.684169 0.165921 0.710199 1
-2.14591 -2.74918 45.7738 5.19673 -7.51522 -32.6084 -12.3759 176.538 -0.665764 0.198289 0.719299 -32.6575 -14.4393 176.532 -0.686078 0.161501 0.709376 1
-2.16085 -2.76211 46.2977 5.22258 -8.00259 -32.2937 -12.5263 176.533 -0.664955 0.198967 0.719874 -32.4909 -14.6137 176.417 -0.687991 0.157227 0.708483 1
-2.18153 -2.77877 46.9136 5.25734 -8.57885 -32.0773 -12.6529 176.538 -0.665518 0.198274 0.719541 -32.2187 -14.8194 176.325 -0.688915 0.152754 0.708563 1
-2.19647 -2.79888 47.547 5.29296 -9.17258 -31.8576 -12.8632 176.553 -0.667605 0.19464 0.718602 -31.8985 -15.0986 176.291 -0.688384 0.149941 0.70968 1
-2.21026 -2.8233 48.2075 5.32916 -9.77424 -31.526 -13.1679 176.576 -0.670973 0.188045 0.717177 -31.6063 -15.3695 176.317 -0.688567 0.147899 0.709931 1
-2.22319 -2.84714 48.8742 5.36421 -10.3076 -31.0976 -13.511 176.59 -0.672814 0.184395 0.71648 -31.2587 -15.6592 176.402 -0.68974 0.1445 0.709492 1
-2.23497 -2.86983 49.5013 5.39638 -10.7331 -30.6713 -13.7608 176.705 -0.673068 0.183072 0.716532 -30.8814 -15.9059 176.542 -0.690251 0.141951 0.70951 1
-2.25048 -2.89425 50.1267 5.43171 -11.1474 -30.2322 -13.9022 176.93 -0.673374 0.18248 0.716313 -30.4031 -16.1024 176.702 -0.690379 0.139827 0.709806 1
-2.26657 -2.91494 50.5712 5.46331 -11.4633 -29.7854 -13.9325 177.146 -0.673309 0.18187 0.716579 -29.9605 -16.2012 176.844 -0.690287 0.13754 0.710342 1
-2.28294 -2.93706 50.9491 5.49578 -11.7539 -29.3376 -13.9628 177.365 -0.673369 0.181263 0.716602 -29.5241 -16.2871 177.002 -0.689973 0.135416 0.711055 1
-2.3019 -2.96176 51.3269 5.53054 -12.0396 -28.769 -13.883 177.573 -0.673287 0.179557 0.717152 -29.0793 -16.2971 177.184 -0.689767 0.133685 0.711583 1
-2.3223 -2.98905 51.7777 5.57075 -12.3714 -28.3044 -13.6864 177.776 -0.672778 0.178431 0.717919 -28.5892 -16.3414 177.395 -0.690154 0.130688 0.711764 1
-2.34873 -3.02123 52.1587 5.61643 -12.6778 -27.7386 -13.6109 177.983 -0.672404 0.177191 0.718569 -28.0485 -16.2413 177.612 -0.690412 0.127714 0.712054 1
-2.37171 -3.0534 52.562 5.66067 -13.0159 -27.1484 -13.301 178.182 -0.672283 0.174628 0.719272 -27.4876 -16.1124 177.821 -0.690594 0.125523 0.712267 1
-2.39383 -3.08701 52.9652 5.70577 -13.3588 -26.5621 -13.0076 178.268 -0.671907 0.173392 0.720045 -26.9122 -15.936 178.034 -0.690818 0.123459 0.71241 1
-2.4125 -3.12033 53.3843 5.74944 -13.7271 -25.993 -12.8296 178.467 -0.670702 0.173069 0.72114 -26.3419 -15.7578 178.219 -0.690638 0.122279 0.712789 1
-2.43232 3.12551 53.7986 5.79712 -14.1113 -25.2984 -12.5519 178.662 -0.669862 0.172777 0.722116 -23.6316 -11.2773 182.334 -0.654036 0.244977 0.715698 1
-2.45128 3.09276 54.0748 5.83964 -14.3796 -24.6083 -12.2847 178.746 -0.668709 0.173185 0.722941 -23.0632 -11.8385 181.435 -0.652745 0.223282 0.723926 1
-2.47139 3.06547 54.186 5.88014 -14.497 -24.1381 -11.9844 178.831 -0.667795 0.172401 0.724056 -22.379 -11.9053 181.084 -0.650417 0.210283 0.729889 1
-2.49064 3.03818 54.178 5.91893 -14.5034 -23.5573 -11.677 178.91 -0.666824 0.169663 0.725609 -21.6612 -11.8068 180.91 -0.647178 0.201463 0.735237 1
-2.50644 3.00313 54.4686 5.96431 -14.786 -23.0763 -11.3253 178.993 -0.66707 0.16335 0.726819 -20.8801 -11.6281 180.718 -0.644476 0.195481 0.739215 1
-2.52166 2.96234 54.8543 6.01689 -15.1479 -22.3846 -11.0417 179.185 -0.665923 0.162424 0.728059 -20.0078 -11.4079 180.76 -0.642305 0.189884 0.742556 1
-2.53287 2.92528 55.2845 6.06457 -15.5448 -21.8084 -10.6642 179.256 -0.663286 0.164079 0.730039 -19.2843 -11.1673 180.804 -0.640964 0.186692 0.744521 1
-2.54378 2.88937 55.702 6.11025 -15.9385 -21.2182 -10.2739 179.336 -0.662143 0.16437 0.730991 -18.651 -10.848 180.832 -0.64 0.18487 0.745804 1
-2.55297 2.86294 55.8719 6.14214 -16.1211 -20.631 -9.8903 179.415 -0.660682 0.165375 0.732156 -18.235 -10.5185 180.829 -0.638537 0.184829 0.747066 1
-2.55958 2.84254 55.8608 6.16483 -16.1608 -20.1664 -9.70472 179.51 -0.660349 0.164988 0.732532 -17.9121 -10.2237 180.801 -0.636338 0.185878 0.748681 1
-2.56159 2.83105 55.81 6.17402 -16.1608 -19.9189 -9.4816 179.608 -0.66055 0.162933 0.732854 -17.7502 -10.0116 180.75 -0.634398 0.188241 0.749736 1
-2.56389 2.82071 55.7592 6.18235 -16.1608 -19.8052 -9.47692 179.606 -0.660839 0.161245 0.732919 -17.6127 -9.812 180.711 -0.633039 0.189797 0.750492 1
-2.56676 2.81008 55.7004 6.19155 -16.1512 -19.7916 -9.3514 179.6 -0.661115 0.159684 0.733102 -17.4807 -9.61983 180.68 -0.632005 0.190559 0.751171 1
-2.57165 2.79773 55.6084 6.20361 -16.129 -19.6793 -9.35 179.599 -0.661247 0.158349 0.733152 -17.3205 -9.42164 180.646 -0.631119 0.190465 0.751939 1
-2.57825 2.78193 55.4496 6.21941 -16.0925 -19.5548 -9.23663 179.592 -0.661511 0.156908 0.73333 -17.11 -9.18998 180.593 -0.6299 0.189907 0.753101 1
-2.58917 2.76038 55.2988 6.24469 -16.0703 -19.3119 -9.02449 179.689 -0.661225 0.156036 0.733725 -16.827 -8.90557 180.467 -0.629263 0.187777 0.754167 1
-2.60267 2.73539 55.1655 6.27543 -16.0671 -18.729 -8.28884 179.729 -0.654589 0.166929 0.737269 -16.5241 -8.55642 180.491 -0.628932 0.185787 0.754936 1
-2.61503 2.7127 55.0464 0.0218326 -16.0671 -18.041 -7.56712 179.765 -0.647305 0.178136 0.741038 -16.2004 -8.17022 180.511 -0.627933 0.18566 0.755798 1
-2.62795 2.69115 54.9273 0.0505596 -16.0671 -17.7961 -7.06826 179.722 -0.643853 0.181803 0.743179 -15.9135 -7.7228 180.517 -0.626686 0.187192 0.756455 1
-2.63829 2.67133 54.8194 0.073254 -16.0671 -17.5484 -6.65753 179.69 -0.641879 0.183011 0.744574 -15.6686 -7.25817 180.518 -0.624818 0.191143 0.757012 1
-2.64892 2.6495 54.7067 0.0991084 -16.0798 -17.3073 -6.36035 179.667 -0.640374 0.184492 0.745477 -15.4107 -6.79179 180.507 -0.622986 0.193902 0.757819 1
-2.65668 2.63083 54.5781 0.117206 -16.1004 -17.1608 -5.93134 179.642 -0.639465 0.18492 0.746182 -15.2046 -6.35379 180.451 -0.620365 0.198345 0.758819 1
-2.66472 2.61158 54.4082 0.135017 -16.1195 -16.9211 -5.5435 179.497 -0.636798 0.188152 0.747738 -15 -5.89286 180.347 -0.617611 0.202694 0.759915 1
-2.6742 2.59204 54.2479 0.154264 -16.1338 -16.6931 -5.27444 179.36 -0.634052 0.192221 0.748896 -14.8344 -5.43012 180.24 -0.615412 0.206534 0.760665 1
-2.68742 2.56648 54.0876 0.183566 -16.1353 -16.5592 -4.86834 179.331 -0.63179 0.195112 0.750104 -14.6492 -4.91537 180.168 -0.614161 0.208892 0.761033 1
-2.70063 2.53603 53.9018 0.216602 -16.1338 -16.3101 -4.46748 179.192 -0.630127 0.196945 0.750992 -14.428 -4.36024 180.065 -0.612303 0.212156 0.761627 1
-2.715 2.5004 53.6764 0.254522 -16.1099 -16.0546 -3.95422 179.045 -0.627984 0.198626 0.752367 -14.2077 -3.75704 179.943 -0.610391 0.215557 0.762206 1
-2.73166 2.46105 53.4224 0.294165 -16.0703 -15.795 -3.34193 178.89 -0.625096 0.201596 0.754053 -14.044 -3.07226 179.773 -0.608333 0.220418 0.762461 1
-2.74286 2.42255 53.1954 0.333521 -16.029 -15.5397 -2.73834 178.736 -0.621748 0.205501 0.755697 -13.7902 -2.50926 179.626 -0.605848 0.223786 0.763458 1
-2.7555 2.38119 52.9557 0.377186 -15.9671 -15.2865 -2.23768 178.702 -0.619183 0.208974 0.75688 -13.5632 -1.92969 179.482 -0.603571 0.226979 0.764318 1
-2.76929 2.33695 52.7064 0.426597 -15.9099 -14.9135 -1.63652 178.549 -0.616544 0.211955 0.758201 -13.3419 -1.37989 179.337 -0.602162 0.228079 0.765102 1
-2.78308 2.29041 52.4635 0.479168 -15.8845 -14.6541 -1.014 178.393 -0.613641 0.213824 0.760048 -13.1007 -0.821581 178.937 -0.600433 0.228951 0.766199 1
-2.7983 2.23612 52.281 0.539782 -15.8845 -14.52 -0.595028 178.252 -0.611559 0.214894 0.761325 -12.7585 -0.144622 178.931 -0.598983 0.229976 0.767027 1
-2.80922 2.19302 52.1238 0.586894 -15.8893 -14.3553 0.0521018 178.107 -0.610406 0.215302 0.762149 -12.5516 0.325813 178.822 -0.596766 0.230853 0.76849 1
-2.81784 2.15712 51.9936 0.624814 -15.9115 -14.2016 0.576911 177.968 -0.609258 0.216928 0.762685 -12.3682 0.772647 178.696 -0.594485 0.232323 0.769814 1
-2.82674 2.12465 51.9 0.65785 -15.9528 -14.0509 1.09408 177.831 -0.607785 0.219374 0.763065 -12.252 1.23438 178.558 -0.592607 0.235052 0.770433 1
-2.83651 2.08903 51.8476 0.695195 -16.021 -14.0257 1.4065 177.706 -0.607117 0.221151 0.763113 -12.1645 1.71702 178.425 -0.591656 0.237682 0.770358 1
-2.84341 2.05399 51.7857 0.732253 -16.0972 -14.1079 1.63906 177.705 -0.607854 0.221201 0.762511 -12.0532 2.12413 178.251 -0.591377 0.239764 0.769927 1
-2.84858 2.01779 51.7349 0.771035 -16.1687 -14.0601 2.07561 177.47 -0.608604 0.22113 0.761913 -11.9368 2.50741 178.112 -0.591074 0.240932 0.769794 1
-2.85174 1.99079 51.7015 0.799474 -16.237 -14.0379 2.28776 177.353 -0.60879 0.221752 0.761648 -11.8568 2.80818 177.929 -0.590717 0.242243 0.769657 1
-2.85547 1.97039 51.6825 0.819009 -16.3195 -14.1248 2.51986 177.236 -0.609194 0.221415 0.761422 -11.8693 3.07971 177.767 -0.590338 0.244334 0.769286 1
-2.85777 1.94856 51.6841 0.840841 -16.3973 -14.1001 2.73492 177.233 -0.609493 0.222162 0.76091 -11.8458 3.32985 177.653 -0.591627 0.247019 0.767437 1
-2.86064 1.92845 51.6873 0.86095 -16.4798 -14.0745 2.95927 177.115 -0.610054 0.221473 0.760698 -11.843 3.56517 177.542 -0.591591 0.247205 0.767404 1
-2.86294 1.90949 51.6666 0.880772 -16.5687 -14.1687 3.08237 177.004 -0.610849 0.220921 0.760241 -11.842 3.75781 177.413 -0.591041 0.247346 0.767783 1
-2.86495 1.89283 51.6444 0.89887 -16.6751 -14.1512 3.28131 176.887 -0.610527 0.222963 0.759917 -11.8544 3.90801 177.276 -0.591294 0.246395 0.767893 1
-2.86955 1.87674 51.5984 0.916681 -16.7942 -14.013 3.57922 176.765 -0.610071 0.225115 0.759589 -11.9439 4.06961 177.126 -0.592029 0.245969 0.767464 1
-2.87041 1.86525 51.5761 0.929895 -16.8799 -14.0049 3.76523 176.644 -0.608748 0.228548 0.75969 -11.8966 4.20815 177.024 -0.591764 0.24571 0.767751 1
-2.87185 1.85491 51.5603 0.942535 -16.9672 -13.9903 4.0513 176.52 -0.606941 0.233159 0.759742 -11.8634 4.36101 176.913 -0.591591 0.245872 0.767833 1
-2.87242 1.84457 51.538 0.955175 -17.0434 -13.864 4.24053 176.401 -0.606386 0.235061 0.759543 -11.813 4.51406 176.814 -0.591031 0.246631 0.76802 1
-2.87299 1.83365 51.5285 0.968102 -17.1132 -13.8654 4.23722 176.4 -0.606227 0.235417 0.75965 -11.7552 4.66853 176.732 -0.590597 0.247538 0.768062 1
-2.87242 1.82417 51.5285 0.97988 -17.191 -13.8531 4.34962 176.285 -0.606532 0.23483 0.759553 -11.7364 4.83453 176.649 -0.590044 0.248098 0.768307 1
-2.87271 1.81641 51.5206 0.990222 -17.2577 -13.8461 4.36303 176.175 -0.607456 0.232951 0.75939 -11.6882 4.90615 176.57 -0.589912 0.247994 0.768442 1
-2.87328 1.80981 51.5079 0.999415 -17.3165 -13.8445 4.36669 176.064 -0.607784 0.232121 0.759302 -11.6587 4.95469 176.463 -0.589945 0.24756 0.768557 1
-2.87328 1.80377 51.4952 1.00803 -17.3784 -13.8353 4.47212 176.059 -0.607601 0.23272 0.7594 -11.5995 5.05329 176.392 -0.589856 0.247161 0.768753 1
-2.87443 1.79659 51.4745 1.01837 -17.4609 -13.8286 4.57364 175.943 -0.607298 0.233303 0.759375 -11.606 5.13527 176.298 -0.589926 0.246931 0.768773 1
-2.87271 1.78855 51.4507 1.029 -17.5403 -13.8285 4.57511 175.832 -0.60748 0.232708 0.759399 -11.513 5.20665 176.221 -0.58935 0.246864 0.769237 1
-2.87127 1.77964 51.4364 1.03992 -17.6419 -13.8187 4.68505 175.826 -0.607345 0.232822 0.759515 -11.4472 5.28783 176.13 -0.588873 0.247211 0.76949 1
-2.87041 1.77189 51.4285 1.04969 -17.7308 -13.7052 4.7679 175.708 -0.60659 0.234227 0.759698 -11.4212 5.37434 176.052 -0.588511 0.247648 0.769627 1
-2.87041 1.76557 51.4206 1.05773 -17.7959 -13.6974 4.87044 175.592 -0.606421 0.234701 0.759679 -11.4029 5.45369 175.988 -0.588193 0.248437 0.769616 1
-2.87012 1.7604 51.4174 1.06463 -17.8673 -13.5862 4.85976 175.48 -0.60659 0.234227 0.759698 -11.3691 5.52173 175.919 -0.587753 0.249153 0.76972 1
-2.86983 1.75637 51.4063 1.07037 -17.9134 -13.5855 4.86688 175.368 -0.606831 0.233025 0.759745 -11.3194 5.56118 175.869 -0.587395 0.249455 0.769896 1
-2.86897 1.75235 51.4031 1.07554 -17.9562 -13.581 4.87783 175.367 -0.607316 0.231848 0.759795 -11.2521 5.61032 175.828 -0.586922 0.250152 0.77003 1
-2.86782 1.74804 51.4015 1.08071 -18.0102 -13.5713 4.98703 175.251 -0.60734 0.231605 0.759804 -11.1912 5.66901 175.779 -0.586462 0.250627 0.770227 1
-2.86754 1.74287 51.4174 1.08646 -18.0705 -13.5714 4.9859 175.251 -0.607328 0.231726 0.759799 -11.1692 5.74264 175.728 -0.586282 0.251376 0.770119 1
-2.86782 1.73856 51.4333 1.09192 -18.1277 -13.5723 4.98857 175.138 -0.607398 0.231002 0.759949 -11.1756 5.78679 175.675 -0.586379 0.25157 0.769982 1
-2.86696 1.73512 51.4491 1.0968 -18.1753 -13.5672 5.00517 175.138 -0.607943 0.229218 0.760021 -11.1435 5.8124 175.641 -0.58626 0.251302 0.77016 1
-2.86667 1.73138 51.4634 1.10168 -18.2166 -13.5688 4.91985 175.03 -0.609119 0.22602 0.760031 -11.1361 5.83293 175.604 -0.58637 0.250815 0.770235 1
-2.86553 1.72736 51.4761 1.10628 -18.2642 -13.6694 4.95609 175.031 -0.610246 0.223308 0.760023 -11.1051 5.84533 175.559 -0.586318 0.250124 0.7705 1
-2.86495 1.72276 51.4936 1.11174 -18.3229 -13.6752 4.86203 174.923 -0.61096 0.22105 0.760115 -11.135 5.82839 175.497 -0.586726 0.248763 0.77063 1
-2.86495 1.7196 51.5031 1.11633 -18.3753 -13.7773 4.895 174.925 -0.611931 0.21869 0.760092 -11.1845 5.80399 175.432 -0.587426 0.246748 0.770744 1
-2.86524 1.71673 51.4825 1.12036 -18.4372 -13.7807 4.80271 174.93 -0.612745 0.216677 0.759932 -11.2453 5.77246 175.351 -0.587969 0.244678 0.77099 1
-2.86495 1.71386 51.4761 1.1238 -18.5055 -13.7781 4.80513 174.82 -0.613184 0.215981 0.759841 -11.2798 5.7412 175.284 -0.588425 0.243 0.771173 1
-2.86438 1.71041 51.4634 1.12754 -18.5626 -13.7671 4.91613 174.815 -0.613184 0.215981 0.759841 -11.2964 5.72109 175.231 -0.588728 0.241564 0.771392 1
-2.86409 1.70696 51.4555 1.13098 -18.6071 -13.6604 4.89563 174.703 -0.612881 0.216564 0.759816 -11.2879 5.72783 175.198 -0.589003 0.24056 0.771496 1
-2.86265 1.70352 51.4682 1.13443 -18.6515 -13.654 4.99451 174.698 -0.612383 0.217867 0.759884 -11.2481 5.73995 175.174 -0.58902 0.239887 0.771693 1
-2.86122 1.69949 51.4682 1.13845 -18.6992 -13.5448 4.97608 174.587 -0.612348 0.218227 0.759748 -11.1877 5.75945 175.122 -0.588966 0.239439 0.771873 1
-2.85949 1.69547 51.4841 1.14248 -18.7563 -13.5445 4.97943 174.586 -0.612383 0.217867 0.759884 -11.1388 5.75136 175.037 -0.589129 0.238941 0.771903 1
-2.85748 1.69145 51.4968 1.1465 -18.8039 -13.544 4.98503 174.584 -0.612441 0.217265 0.760029 -11.1142 5.75098 174.968 -0.589294 0.238278 0.771982 1
-2.85662 1.68772 51.5095 1.14908 -18.8531 -13.5343 5.09423 174.468 -0.612465 0.217022 0.760038 -11.1314 5.78406 174.843 -0.589509 0.238137 0.771861 1
-2.85719 1.68283 51.519 1.15109 -18.9151 -13.533 5.09524 174.468 -0.612598 0.216913 0.760044 -11.182 5.83887 174.745 -0.589718 0.238764 0.771508 1
-2.85834 1.6768 51.5158 1.15483 -19.0182 -13.5346 5.0901 174.358 -0.612588 0.217029 0.759917 -11.2339 5.87464 174.655 -0.590117 0.238772 0.7712 1
-2.85892 1.67019 51.5095 1.16 -19.158 -13.5241 5.19658 174.354 -0.61254 0.217515 0.759899 -11.2556 5.90575 174.53 -0.590475 0.238182 0.771108 1
-2.86035 1.66129 51.4793 1.16632 -19.3278 -13.521 5.28591 174.239 -0.611862 0.219409 0.759821 -11.2884 5.98133 174.336 -0.591772 0.239169 0.769808 1
-2.86265 1.65123 51.4761 1.17321 -19.5151 -13.5138 5.46219 174.009 -0.610604 0.223452 0.759656 -11.3511 6.09993 174.103 -0.591587 0.240593 0.769506 1
-2.86495 1.6406 51.4809 1.18154 -19.7056 -13.3956 5.62632 173.778 -0.609334 0.227616 0.759488 -11.4206 6.23095 173.913 -0.591734 0.242035 0.768941 1
-2.86639 1.62768 51.4491 1.19217 -19.9057 -13.5039 5.7225 173.553 -0.608777 0.229523 0.759411 -11.4615 6.38207 173.718 -0.591541 0.243493 0.768629 1
-2.86696 1.61159 51.4158 1.20682 -20.1644 -13.4983 5.81281 173.44 -0.608358 0.23131 0.759095 -11.4832 6.54792 173.263 -0.592813 0.245032 0.767159 1
-2.86667 1.59407 51.4126 1.22435 -20.4391 -13.3815 5.97514 173.097 -0.607111 0.235232 0.758936 -11.487 6.71383 173.017 -0.5928 0.245645 0.766972 1
-2.86754 1.57367 51.4142 1.24474 -20.7216 -13.3601 6.27127 172.864 -0.606194 0.238324 0.758688 -11.5018 6.91701 172.815 -0.592675 0.247602 0.76644 1
-2.86897 1.55155 51.4158 1.26686 -21.0248 -13.357 6.36015 172.525 -0.605843 0.239392 0.758645 -11.5368 7.14486 172.579 -0.592683 0.249875 0.765695 1
-2.87156 1.52914 51.4348 1.28927 -21.4074 -13.3401 6.55309 172.188 -0.605791 0.241207 0.758089 -11.6263 7.38047 172.274 -0.593273 0.252279 0.764449 1
-2.87501 1.50357 51.4634 1.31311 -21.7662 -13.4216 6.86118 171.85 -0.605915 0.243761 0.757143 -11.681 7.65069 172.014 -0.594142 0.255915 0.762563 1
-2.87702 1.47054 51.5491 1.34759 -22.1583 -13.399 7.05368 171.516 -0.606475 0.245624 0.756228 -11.8078 7.98385 171.769 -0.596551 0.257962 0.759989 1
-2.87788 1.43147 51.6841 1.38982 -22.5885 -13.5836 7.46518 171.068 -0.606448 0.249743 0.754856 -11.9472 8.38324 171.459 -0.59928 0.259896 0.757177 1
-2.8796 1.39125 51.8365 1.43492 -23.0235 -13.6404 8.05648 170.617 -0.605851 0.257215 0.752743 -12.1852 8.86959 171.013 -0.600778 0.263427 0.754766 1
-2.87931 1.3519 52.0301 1.47973 -23.5109 -13.5717 8.84122 170.157 -0.604452 0.266573 0.750673 -12.1927 9.59586 170.43 -0.606312 0.271345 0.747501 1
-2.8796 1.30823 52.2111 1.52972 -23.9363 -13.4981 9.8019 169.693 -0.601218 0.280884 0.748031 -11.9514 10.7122 169.789 -0.608948 0.285446 0.74007 1
-2.87931 1.26629 52.4207 1.57827 -24.4253 -13.5541 10.3786 169.251 -0.600719 0.289926 0.745008 -11.7313 12.032 169.151 -0.592546 0.307601 0.744494 1
-2.87673 1.21516 52.6191 1.64233 -24.9491 -13.6063 10.7973 169.04 -0.602656 0.292955 0.742114 -11.61 13.1148 168.816 -0.574263 0.328279 0.74997 1
-2.87529 1.16948 52.8064 1.69576 -25.5111 -13.8555 11.1793 168.617 -0.6088 0.289499 0.738536 -11.4474 13.6896 168.6 -0.566851 0.339531 0.750599 1
-2.87529 1.13817 52.9255 1.73397 -25.954 -14.116 11.5512 168.08 -0.613894 0.286693 0.73541 -11.5263 13.9421 168.303 -0.569507 0.338178 0.749198 1
-2.87931 1.12323 52.9477 1.74804 -26.2874 -14.2829 11.8979 167.756 -0.616779 0.286279 0.733143 -11.6943 14.0475 167.946 -0.572248 0.336199 0.747999 1
-2.88247 1.11145 52.9303 1.7581 -26.5716 -14.4876 11.922 167.436 -0.619154 0.284743 0.731765 -11.8461 14.1754 167.653 -0.57681 0.334944 0.745053 1
-2.88621 1.10197 52.8747 1.76557 -26.8573 -14.5981 11.8336 167.111 -0.620884 0.282195 0.731271 -11.9994 14.2322 167.346 -0.585088 0.332644 0.739608 1
-2.88966 1.09134 52.808 1.77562 -27.1605 -14.7009 11.8574 166.779 -0.622256 0.279502 0.731143 -12.3176 14.2813 167.003 -0.593408 0.331524 0.733457 1
-2.89253 1.08215 52.7842 1.78481 -27.4304 -14.8191 11.6687 166.57 -0.62418 0.276238 0.730677 -12.5713 14.3701 166.717 -0.598476 0.332181 0.729029 1
-2.8954 1.07612 52.7699 1.79199 -27.6685 -15.0493 11.4925 166.248 -0.62616 0.272375 0.730478 -12.7915 14.4397 166.474 -0.602213 0.332135 0.725966 1
-2.9 1.07181 52.7667 1.7986 -27.9003 -15.1632 11.4043 165.921 -0.627522 0.2698 0.730224 -13.196 14.8315 166.239 -0.606353 0.329612 0.723666 1
-2.90517 1.06922 52.7461 1.80463 -28.148 -15.2666 11.4233 165.702 -0.628678 0.268062 0.729937 -13.4464 14.2269 165.957 -0.610724 0.321791 0.72351 1
-2.91321 1.06779 52.7525 1.81297 -28.3782 -15.3801 11.328 165.49 -0.629926 0.266687 0.729271 -13.8949 13.5511 165.621 -0.616942 0.306998 0.724662 1
-2.92212 1.06721 52.7604 1.82187 -28.5861 -15.4927 11.2295 165.167 -0.631428 0.265215 0.728612 -14.4124 12.9287 165.373 -0.622441 0.293399 0.725592 1
-2.93706 1.06836 52.6699 1.82446 -28.6512 -15.7153 11.1417 164.959 -0.632885 0.26422 0.72769 -14.841 12.2773 165.219 -0.625108 0.28191 0.727851 1
-2.95688 1.07152 52.4683 1.8213 -28.5528 -15.9336 11.1428 164.748 -0.633618 0.265599 0.726551 -15.0678 11.7102 165.14 -0.62554 0.273214 0.73079 1
-2.9767 1.07928 52.1222 1.81411 -28.2527 -16.0521 11.1696 164.653 -0.631807 0.275407 0.724459 -15.2996 11.7817 165.091 -0.624294 0.269041 0.733399 1
-2.99537 1.09565 51.4968 1.79975 -27.6019 -16.1929 11.1918 164.653 -0.627434 0.286133 0.724131 -15.3966 11.8068 165.057 -0.619941 0.280401 0.732836 1
-3.00255 1.2255 50.8919 1.67105 -26.7097 -16.3574 10.872 164.761 -0.625064 0.286339 0.726046 -14.553 10.8019 165.308 -0.60529 0.288556 0.741862 1
-2.98273 1.41826 51.0268 1.47657 -26.1937 -16.1455 10.5415 165.047 -0.613889 0.295762 0.731781 -14.1915 8.68678 166.116 -0.612187 0.22984 0.756572 1
-2.954 1.59004 51.3364 1.29875 -25.7334 -15.4879 10.2635 165.886 -0.600876 0.308916 0.737111 -14.6053 8.07317 166.726 -0.611693 0.253834 0.749266 1
-2.91465 1.75034 51.8651 1.13012 -25.5254 -15.2368 9.36992 166.549 -0.601683 0.29664 0.741478 -14.5624 7.73768 167.205 -0.608025 0.268877 0.747001 1
-2.87414 1.87846 52.5699 0.993669 -25.5064 -15.1907 8.15055 167.246 -0.609052 0.274027 0.744234 -14.7151 7.01997 167.927 -0.611397 0.263083 0.746311 1
-2.82962 1.99567 53.3827 0.86727 -25.5143 -15.3594 7.07093 167.858 -0.615018 0.262192 0.743524 -15.2593 5.93618 168.748 -0.620658 0.249101 0.743459 1
-2.77705 2.10368 54.3511 0.751213 -25.5714 -15.1834 6.23681 168.679 -0.618356 0.257083 0.742534 -15.2148 4.51292 169.475 -0.626392 0.236314 0.742825 1
-2.71614 2.20854 55.4544 0.639177 -25.6413 -14.8255 5.15985 169.491 -0.619728 0.251844 0.743232 -14.6437 2.79557 170.288 -0.627325 0.229096 0.744298 1
-2.66271 2.29271 56.364 0.546963 -25.6746 -14.3771 3.85172 170.422 -0.621077 0.246843 0.743799 -14.1183 1.41663 171.024 -0.625449 0.231378 0.74517 1
-2.61388 2.36826 57.1022 0.462506 -25.6842 -13.9452 2.4352 171.353 -0.621834 0.241562 0.744979 -13.6207 0.0123139 171.945 -0.622517 0.226765 0.749033 1
-2.56763 2.43663 57.6689 0.385805 -25.7461 -13.7308 1.13375 172.06 -0.622245 0.23734 0.745871 -13.0596 -1.45117 172.666 -0.611235 0.211167 0.762758 1
-2.5231 2.5027 58.1722 0.311976 -26.0604 -13.4098 -0.190161 172.543 -0.622495 0.233474 0.746871 -12.2002 -2.5722 172.856 -0.601203 0.211169 0.77069 1
-2.4757 2.57509 58.5865 0.230391 -26.5589 -13.3395 -1.71254 172.696 -0.622518 0.228138 0.748531 -11.825 -3.82262 173.282 -0.596168 0.210402 0.7748 1
-2.43749 2.63715 58.85 0.159148 -27.159 -13.2523 -3.13377 172.629 -0.623511 0.222988 0.749343 -11.5502 -4.75722 173.345 -0.594079 0.208482 0.776921 1
-2.40704 2.69632 59.058 0.093363 -27.8114 -13.4815 -4.31876 172.226 -0.624438 0.218554 0.749761 -11.5375 -5.85789 173.214 -0.598671 0.20663 0.773884 1
-2.37343 2.75665 59.2533 0.021258 -28.5099 -13.8322 -5.62156 171.721 -0.62559 0.215599 0.749762 -11.8508 -6.92988 173.47 -0.605533 0.206339 0.768605 1
-2.33436 2.82387 59.4914 6.22113 -29.4084 -14.3046 -7.13758 171.014 -0.62829 0.212012 0.748464 -12.658 -8.094 173.277 -0.614519 0.208541 0.76084 1
-2.29615 2.88247 59.8295 6.15104 -30.3482 -14.9796 -8.41162 170.3 -0.630721 0.208647 0.747276 -13.8161 -9.10764 172.932 -0.626677 0.210638 0.750272 1
-2.2456 2.93706 60.2359 6.08411 -31.323 -15.8768 -9.96571 169.508 -0.636857 0.201523 0.744076 -14.0646 -10.8492 169.623 -0.637412 0.205657 0.74257 1
-2.19015 2.98675 60.6995 6.02522 -32.3406 -16.5626 -11.5475 168.597 -0.64199 0.194566 0.741467 -14.0173 -12.983 167.522 -0.638171 0.19702 0.744258 1
-2.13097 3.03731 61.1884 5.96805 -33.3565 -17.1571 -13.3503 167.803 -0.647205 0.186765 0.739012 -14.4784 -15.1137 166.694 -0.633493 0.18719 0.750764 1
-2.0784 3.07782 61.5917 5.92008 -34.1852 -17.5065 -14.8499 167.1 -0.651185 0.180217 0.737228 -14.9399 -16.7552 166.059 -0.630346 0.17994 0.755173 1
-2.02612 3.11746 61.9854 5.87354 -34.8837 -17.8663 -16.3622 166.393 -0.654042 0.175047 0.735867 -15.424 -18.3482 165.536 -0.62928 0.174677 0.757294 1
-1.97499 -3.12867 62.3251 5.82901 -35.4409 -18.2207 -17.8661 165.8 -0.657317 0.169414 0.734162 -17.5023 -19.5492 165.368 -0.664543 0.131633 0.735565 1
-1.92471 -3.09276 62.622 5.78506 -35.8458 -18.5657 -19.2628 165.313 -0.660262 0.164616 0.732666 -17.66 -20.5969 165.213 -0.665711 0.13312 0.734239 1
-1.87329 -3.05512 62.8394 5.73766 -36.0902 -19.0148 -20.5431 164.933 -0.662609 0.160871 0.731369 -18.236 -22.1913 164.724 -0.668081 0.128248 0.732953 1
-1.81268 -3.00801 62.9188 5.67676 -36.095 -19.5811 -21.8166 164.549 -0.664295 0.157569 0.730535 -19.1852 -23.7737 164.262 -0.67292 0.123425 0.729346 1
-1.75092 -2.96004 62.6458 5.6104 -35.7775 -20.4007 -23.4985 164.304 -0.667193 0.153252 0.728899 -20.3239 -25.429 163.833 -0.676543 0.11763 0.726947 1
-1.68772 -2.91063 62.1521 5.53944 -35.2917 -21.3178 -25.1601 164.071 -0.671554 0.147926 0.725976 -21.742 -27.1837 163.36 -0.681142 0.113113 0.723361 1
-1.62624 -2.86438 61.4297 5.4682 -34.7155 -22.1457 -26.6705 163.911 -0.67103 0.149477 0.726156 -23.2499 -28.8571 162.857 -0.685654 0.109749 0.719606 1
-1.56361 -2.81382 60.5915 5.39552 -34.0423 -23.0836 -27.8673 163.608 -0.667258 0.153862 0.728633 -24.8402 -30.2944 162.457 -0.689451 0.114083 0.715292 1
-1.51277 -2.7759 59.8819 5.33778 -33.4455 -24.2106 -28.9884 163.212 -0.667188 0.152035 0.729187 -26.0898 -31.321 162.113 -0.689201 0.109976 0.716175 1
-1.46336 -2.74114 59.1755 5.28406 -32.9057 -25.0964 -29.9029 162.915 -0.666652 0.14993 0.730112 -27.1588 -32.2333 161.743 -0.691019 0.110801 0.714294 1
-1.4151 -2.70839 58.496 5.23407 -32.5152 -26.0862 -30.8053 162.513 -0.667036 0.147276 0.730336 -28.0791 -33.0343 161.431 -0.693674 0.111844 0.711553 1
-1.36942 -2.67765 57.896 5.18753 -32.2866 -26.9582 -31.604 162.103 -0.666965 0.144223 0.730935 -28.7895 -33.6322 161.119 -0.695042 0.112121 0.710173 1
-1.33983 -2.65582 57.4864 5.15536 -32.2961 -27.6967 -32.1982 161.574 -0.667116 0.141427 0.731283 -29.3341 -33.9734 160.677 -0.695406 0.113588 0.709583 1
-1.31685 -2.63686 57.1165 5.12663 -32.4501 -28.3093 -32.7013 160.933 -0.667835 0.139156 0.731009 -29.9816 -34.2346 160.113 -0.695413 0.116071 0.709174 1
-1.2999 -2.62048 56.7974 5.10193 -32.7422 -29.007 -33.0815 160.413 -0.670004 0.137227 0.72952 -30.5661 -34.3901 159.483 -0.695817 0.117865 0.708482 1
-1.28726 -2.60727 56.4704 5.08096 -33.1152 -29.5907 -33.3854 159.664 -0.671639 0.136966 0.728086 -30.9982 -34.5616 158.792 -0.69555 0.115634 0.709111 1
-1.27261 -2.59405 56.1624 5.05941 -33.3661 -30.2743 -33.4601 158.898 -0.672119 0.137118 0.727599 -31.5211 -34.8 158.187 -0.695773 0.114575 0.709065 1
-1.26054 -2.58457 55.8528 5.04304 -33.655 -30.7208 -33.4408 158.24 -0.672858 0.137164 0.726874 -31.9031 -34.9595 157.551 -0.695768 0.114945 0.709009 1
-1.2525 -2.57682 55.5909 5.03011 -34.0439 -31.1801 -33.5272 157.693 -0.673238 0.13707 0.726638 -32.215 -35.0387 156.894 -0.695994 0.11625 0.708574 1
-1.24589 -2.57079 55.3083 5.01919 -34.4107 -31.4316 -33.758 156.928 -0.673585 0.137331 0.726145 -32.4568 -35.1371 156.266 -0.695961 0.115336 0.708757 1
-1.23842 -2.56447 54.9908 5.00713 -34.7742 -31.6633 -33.7535 156.259 -0.673534 0.136595 0.726293 -32.7385 -35.2273 155.61 -0.696103 0.113504 0.708913 1
-1.23412 -2.55929 54.7464 4.99851 -35.0234 -31.8849 -33.6345 155.584 -0.673394 0.135492 0.726698 -32.9351 -35.3097 155.135 -0.696447 0.112682 0.708706 1
-1.23383 -2.55527 54.5082 4.99305 -35.1854 -32.1162 -33.6259 155.027 -0.673219 0.134748 0.726967 -33.0481 -35.3429 154.749 -0.696938 0.111642 0.708388 1
-1.23182 -2.55183 54.3114 4.98817 -35.3219 -32.2299 -33.6192 154.694 -0.673427 0.133906 0.726878 -33.1434 -35.3989 154.411 -0.697251 0.110983 0.708184 1
-1.22952 -2.54895 54.132 4.98357 -35.4759 -32.3424 -33.6115 154.361 -0.673767 0.132955 0.726795 -33.2253 -35.4539 154.066 -0.697343 0.109842 0.708271 1
-1.22665 -2.54608 53.8812 4.97869 -35.6251 -32.4678 -33.7124 154.03 -0.673885 0.131745 0.726963 -33.2988 -35.5227 153.655 -0.697334 0.107642 0.708617 1
-1.22377 -2.5435 53.67 4.97438 -35.7695 -32.4707 -33.7077 153.695 -0.674065 0.129924 0.727032 -33.3688 -35.591 153.278 -0.697275 0.105819 0.70895 1
-1.22033 -2.54148 53.4526 4.97036 -35.8965 -32.587 -33.6925 153.247 -0.674157 0.127736 0.727357 -33.4071 -35.6868 152.916 -0.696911 0.103872 0.709595 1
-1.2163 -2.53947 53.2652 4.96634 -36.0204 -32.6044 -33.7998 152.911 -0.673954 0.126018 0.727905 -33.4636 -35.7782 152.586 -0.696569 0.102285 0.710161 1
-1.212 -2.53746 53.0858 4.96203 -36.1537 -32.7219 -33.7849 152.573 -0.673751 0.1243 0.728454 -33.5262 -35.8442 152.25 -0.696231 0.100977 0.71068 1
-1.20769 -2.53631 52.8287 4.95772 -36.2871 -32.7402 -33.889 152.349 -0.673293 0.12268 0.728995 -33.5662 -35.8824 151.849 -0.695444 0.0988409 0.71175 1
-1.20453 -2.53631 52.6286 4.95456 -36.4014 -32.7627 -34.0015 152.01 -0.672539 0.121534 0.729882 -33.5719 -35.8836 151.529 -0.69444 0.0973369 0.712937 1
-1.20223 -2.53689 52.4937 4.95226 -36.5141 -32.6653 -34.0117 151.664 -0.671563 0.12013 0.731019 -33.5684 -35.8586 151.285 -0.693504 0.0966253 0.713944 1
-1.20079 -2.5389 52.3588 4.95082 -36.6062 -32.6747 -34.0137 151.434 -0.670884 0.119477 0.731767 -33.5213 -35.8149 151.077 -0.692095 0.0960936 0.715381 1
-1.19936 -2.54206 52.227 4.95082 -36.6665 -32.5735 -34.0324 151.203 -0.670145 0.119432 0.732491 -33.3921 -35.8028 150.907 -0.690362 0.0948401 0.717221 1
-1.19533 -2.54551 52.0857 4.95082 -36.7221 -32.585 -34.0325 151.081 -0.669073 0.118999 0.733592 -33.2431 -35.8652 150.724 -0.688487 0.0927475 0.719294 1
-1.19074 -2.55039 51.9301 4.95226 -36.7649 -32.4967 -34.0424 150.839 -0.666944 0.118003 0.735554 -33.0202 -35.9645 150.547 -0.686326 0.0900298 0.7217 1
-1.1847 -2.55671 51.765 4.95485 -36.7856 -32.3067 -34.1688 150.598 -0.664995 0.116417 0.737662 -32.7505 -36.0987 150.384 -0.683788 0.0870407 0.724471 1
-1.17609 -2.56648 51.5634 4.95944 -36.7919 -32.0176 -34.4039 150.469 -0.662774 0.113833 0.740047 -32.3787 -36.2813 150.201 -0.680229 0.0836328 0.728213 1
-1.16661 -2.57854 51.3698 4.9649 -36.8125 -31.6156 -34.5373 150.326 -0.65958 0.111066 0.743402 -31.9617 -36.4529 150.013 -0.676326 0.0809083 0.732146 1
-1.15655 -2.59176 51.1554 4.97151 -36.8157 -30.9207 -34.9268 150.174 -0.654397 0.108407 0.748315 -31.4537 -36.6724 149.853 -0.672322 0.0777873 0.736161 1
-1.14851 -2.60784 50.903 4.98127 -36.7713 -30.213 -35.0929 150.117 -0.648073 0.106034 0.754057 -30.7514 -36.8835 149.738 -0.66724 0.0742942 0.741128 1
-1.1488 -2.62767 50.5665 4.99851 -36.5506 -29.3163 -35.5113 150.058 -0.640547 0.10456 0.760727 -29.7689 -37.0514 149.766 -0.660788 0.0695038 0.747348 1
-1.16115 -2.65352 50.4982 5.02638 -36.5061 -28.2917 -35.7006 150.095 -0.632308 0.101562 0.767932 -28.5336 -37.0792 149.899 -0.653163 0.0671489 0.754235 1
-1.17867 -2.67794 50.63 5.05884 -36.6141 -27.3375 -35.8286 150.272 -0.62827 0.0935956 0.772321 -27.3019 -37.1074 150.065 -0.647005 0.0638176 0.759811 1
-1.20539 -2.70465 51.1523 5.10222 -37.0014 -26.5877 -36.1505 150.271 -0.628838 0.0840997 0.772918 -25.9848 -37.106 150.325 -0.643119 0.0595784 0.763445 1
-1.24388 -2.73597 51.9746 5.15737 -37.6142 -25.4904 -36.1874 150.352 -0.627226 0.0766538 0.775 -24.6372 -37.0251 150.605 -0.641061 0.0538535 0.765598 1
-1.29042 -2.77302 52.9557 5.22258 -38.3286 -23.1097 -35.7137 150.859 -0.611233 0.0858243 0.786665 -23.0275 -36.7844 150.94 -0.636562 0.0497014 0.769622 1
-1.33811 -2.81008 54.0844 5.28923 -39.1319 -22.0987 -35.5694 151.051 -0.609767 0.0843811 0.788041 -21.4634 -36.4684 151.315 -0.631349 0.0490023 0.773949 1
-1.38407 -2.84771 55.3464 5.35789 -40.0145 -20.535 -35.4815 151.68 -0.607375 0.0848257 0.789825 -20.0519 -36.2825 151.663 -0.627578 0.0480555 0.777069 1
-1.4263 -2.8842 56.572 5.42281 -40.8924 -19.1406 -35.0361 152.202 -0.607275 0.0845753 0.789955 -18.6966 -36.1206 152.043 -0.624588 0.0474794 0.77951 1
-1.46307 -2.91896 57.4245 5.47883 -41.5195 -17.6152 -34.505 152.728 -0.608139 0.0858546 0.789065 -17.4733 -35.8492 152.411 -0.621987 0.0470306 0.781614 1
-1.5007 -2.95487 58.2373 5.53743 -42.1703 -16.5467 -33.9293 153.027 -0.60798 0.0862111 0.789172 -16.1914 -35.4578 152.765 -0.620191 0.0464276 0.783076 1
-1.53345 -2.98618 58.9278 5.58856 -42.7276 -15.3724 -33.3601 153.43 -0.607083 0.0865176 0.789881 -15.1034 -35.0047 153.075 -0.619465 0.0456663 0.783695 1
-1.56218 -3.0172 59.5898 5.63711 -43.2022 -14.3035 -32.7931 153.619 -0.607123 0.0873749 0.789729 -14.0343 -34.5106 153.383 -0.618678 0.0452157 0.784342 1
-1.58516 -3.04794 60.1391 5.68078 -43.607 -13.2206 -32.1059 154.028 -0.607174 0.0881109 0.78958 -13.0204 -34.0213 153.636 -0.61764 0.0452428 0.785158 1
-1.60642 -3.08184 60.6408 5.72416 -43.9896 -12.2578 -31.4192 154.32 -0.606404 0.0896465 0.790003 -11.9789 -33.4285 153.899 -0.616471 0.0462989 0.786015 1
-1.62164 -3.11057 61.0821 5.76007 -44.3119 -11.1977 -30.755 154.602 -0.604151 0.0924248 0.791459 -11.0669 -32.8928 154.11 -0.615436 0.047074 0.78678 1
-1.63543 -3.13815 61.5853 5.79597 -44.6341 -10.1493 -30.1036 154.877 -0.60065 0.096578 0.793581 -10.1168 -32.3302 154.332 -0.614242 0.0477211 0.787673 1
-1.64606 3.1189 62.1139 5.8293 -44.9389 -9.19662 -29.3328 155.153 -0.597617 0.101009 0.795333 -8.26856 -27.9966 155.493 -0.572428 0.137923 0.808272 1
-1.6541 3.09419 62.6347 5.85975 -45.2437 -8.36771 -28.7725 155.445 -0.595577 0.105388 0.796368 -6.53985 -28.2883 155.844 -0.569787 0.135019 0.810625 1
-1.6656 3.06776 63.1427 5.89566 -45.5279 -7.41751 -28.12 155.735 -0.593457 0.110608 0.797126 -5.98026 -27.6969 155.895 -0.5734 0.126222 0.809494 1
-1.67565 3.0445 63.6157 5.92869 -45.8121 -6.47243 -27.4608 156.129 -0.590622 0.11554 0.798618 -5.51535 -27.2797 155.517 -0.587132 0.121534 0.800316 1
-1.68369 3.02266 64.0856 5.96058 -46.0978 -5.63565 -26.7866 156.305 -0.588411 0.119167 0.799678 -4.60472 -26.8357 155.749 -0.59346 0.127969 0.794625 1
-1.69174 3.00083 64.5333 5.99218 -46.3979 -4.89989 -26.0922 156.599 -0.587119 0.122249 0.800159 -4.08449 -26.8794 156.206 -0.593102 0.135598 0.793627 1
-1.69978 2.97986 64.9889 6.02349 -46.7169 -4.04759 -25.4001 156.895 -0.586414 0.124394 0.800315 -3.05342 -25.7705 157.709 -0.569336 0.141703 0.8098 1
-1.70668 2.95745 65.4223 6.05768 -46.9535 -3.31342 -24.8034 157.087 -0.586294 0.125608 0.80027 -1.12228 -24.5615 156.898 -0.546198 0.145285 0.824961 1
-1.71012 2.93706 65.8605 6.08755 -47.1186 -2.45992 -24.111 157.272 -0.585881 0.127288 0.800325 -0.251723 -24.1081 156.871 -0.555945 0.156101 0.81643 1
-1.71328 2.91609 66.2605 6.118 -47.2519 -1.71492 -23.4047 157.573 -0.585582 0.129092 0.800133 0.277322 -23.4843 157.437 -0.557374 0.163337 0.814036 1
-1.71558 2.89511 66.6796 6.14759 -47.3694 -0.973949 -22.6925 157.868 -0.584849 0.130259 0.800447 0.830026 -22.6904 157.933 -0.558071 0.16696 0.812823 1
-1.71558 2.87328 67.159 6.17891 -47.4186 -0.347229 -21.9782 158.163 -0.583775 0.132382 0.800966 1.53805 -21.7797 158.34 -0.557877 0.170104 0.812304 1
-1.71443 2.85317 67.6131 6.20763 -47.4456 0.50651 -21.2824 158.681 -0.582898 0.135006 0.801225 2.26194 -20.752 158.644 -0.558825 0.174524 0.810714 1
-1.71386 2.8345 68.029 6.23464 -47.5043 1.37325 -20.4788 159.087 -0.582403 0.137531 0.801126 2.75097 -19.9351 158.861 -0.559205 0.178312 0.809626 1
-1.71357 2.81698 68.3862 6.25877 -47.5901 2.12274 -19.7732 159.501 -0.582423 0.139848 0.800676 3.13539 -19.2487 159.165 -0.559138 0.181674 0.808925 1
-1.71386 2.80003 68.6767 6.28261 -47.671 2.75849 -19.0606 159.804 -0.58232 0.142158 0.800346 4.14668 -18.5103 159.848 -0.559371 0.184441 0.808137 1
-1.71386 2.78308 68.9497 0.0229817 -47.7853 3.26609 -18.4404 159.996 -0.581723 0.143211 0.800544 5.22175 -17.7798 160.601 -0.55648 0.187158 0.809507 1
-1.71357 2.76843 69.1831 0.0436652 -47.8949 3.88679 -17.8336 160.187 -0.581345 0.144531 0.800735 5.79675 -17.1489 160.859 -0.558118 0.188158 0.808146 1
-1.71213 2.75464 69.3784 0.0634868 -47.9647 4.39581 -17.2225 160.382 -0.580899 0.146566 0.800533 6.29919 -16.5392 160.945 -0.558394 0.18929 0.807692 1
-1.71127 2.74028 69.5609 0.0830212 -48.0378 4.79604 -16.5889 160.465 -0.580863 0.146931 0.800519 6.62308 -15.8815 161.026 -0.558367 0.191098 0.807284 1
-1.71127 2.72419 69.7419 0.105141 -48.1536 5.18409 -16.0666 160.663 -0.580535 0.147761 0.800606 6.87828 -15.1953 161.05 -0.558631 0.192623 0.806739 1
-1.71242 2.70896 69.9006 0.124963 -48.2806 5.70261 -15.3361 160.739 -0.580095 0.148462 0.800819 7.17973 -14.5301 161.137 -0.558753 0.1942 0.806277 1
-1.71271 2.69575 69.9943 0.143348 -48.3616 6.21862 -14.6198 160.705 -0.579549 0.150251 0.800869 8.09156 -13.8038 161.182 -0.558409 0.194636 0.806409 1
-1.71156 2.68311 70.0514 0.157424 -48.4187 6.60468 -14.0947 160.79 -0.579169 0.150345 0.801104 8.80486 -13.1407 161.238 -0.556974 0.196473 0.806957 1
-1.7107 2.67248 70.1372 0.171501 -48.5124 6.86761 -13.6691 160.767 -0.578836 0.149958 0.80148 8.97859 -12.5984 161.236 -0.556762 0.195806 0.807265 1
-1.70984 2.66271 70.2626 0.185577 -48.6458 7.1415 -13.1442 160.855 -0.578338 0.151262 0.801548 9.21333 -12.0933 161.248 -0.557051 0.194976 0.807267 1
-1.70926 2.65582 70.3547 0.19678 -48.741 7.53109 -12.5492 160.827 -0.577321 0.155333 0.801509 9.64028 -11.5734 161.254 -0.556895 0.194872 0.807399 1
-1.70926 2.65065 70.4404 0.20626 -48.8267 7.80257 -12.0373 160.803 -0.576727 0.157608 0.80154 9.9135 -11.0444 161.242 -0.556646 0.195911 0.807319 1
-1.70926 2.6472 70.5229 0.214017 -48.9093 8.06832 -11.618 160.896 -0.576533 0.158324 0.801511 10.0733 -10.6152 161.249 -0.556503 0.196718 0.807222 1
-1.70897 2.64433 70.6007 0.220911 -49.0014 8.20296 -11.4139 160.889 -0.576708 0.159068 0.801242 10.236 -10.229 161.239 -0.556255 0.197613 0.807174 1
-1.70926 2.6426 70.6166 0.225508 -49.0839 8.22557 -11.1972 160.772 -0.576942 0.159204 0.800996 10.3661 -9.94171 161.181 -0.555694 0.19845 0.807355 1
-1.70926 2.64117 70.5864 0.228955 -49.1665 8.36243 -10.982 160.763 -0.577356 0.158751 0.800896 10.5533 -9.6703 161.075 -0.554707 0.199399 0.8078 1
-1.71041 2.64002 70.5531 0.231827 -49.257 8.3656 -10.9732 160.764 -0.577696 0.157799 0.800813 10.6665 -9.41999 160.98 -0.554193 0.200163 0.807964 1
-1.71127 2.63916 70.5325 0.234413 -49.3728 8.37996 -10.8511 160.76 -0.578061 0.156605 0.800739 10.7508 -9.19677 160.895 -0.553903 0.200623 0.808048 1
-1.713 2.63801 70.4912 0.237573 -49.4887 8.38308 -10.843 160.649 -0.578559 0.155301 0.800671 10.7906 -9.00046 160.792 -0.553888 0.2005 0.808089 1
-1.71357 2.63743 70.4483 0.239871 -49.6014 8.38619 -10.835 160.538 -0.579057 0.153998 0.800603 10.823 -8.88399 160.696 -0.553697 0.200189 0.808297 1
-1.71443 2.63715 70.4102 0.242169 -49.711 8.38681 -10.829 160.427 -0.579287 0.152917 0.800646 10.7894 -8.81798 160.612 -0.553933 0.199422 0.808325 1
-1.71558 2.63628 70.3816 0.243606 -49.8126 8.49801 -10.8393 160.203 -0.579627 0.151966 0.800563 10.7277 -8.75958 160.544 -0.554057 0.199368 0.808253 1
-1.71587 2.636 70.3372 0.243893 -49.9142 8.49957 -10.8356 160.094 -0.579958 0.151131 0.800354 10.7545 -8.76343 160.45 -0.553982 0.199223 0.80834 1
-1.71587 2.636 70.2943 0.243893 -50.0078 8.38844 -10.8253 159.983 -0.580115 0.150779 0.800369 10.7445 -8.78886 160.366 -0.554134 0.198882 0.80832 1
-1.71587 2.636 70.2658 0.243893 -50.1063 8.38741 -10.8241 159.982 -0.580004 0.15065 0.800494 10.6505 -8.81481 160.293 -0.554541 0.198533 0.808127 1
-1.71616 2.63513 70.2388 0.243893 -50.219 8.38578 -10.8293 159.87 -0.579992 0.150771 0.800489 10.5699 -8.80589 160.217 -0.554863 0.198913 0.807812 1
-1.7173 2.63341 70.2165 0.243893 -50.3206 8.38519 -10.8357 159.76 -0.580091 0.151022 0.800359 10.4869 -8.78589 160.16 -0.555308 0.199669 0.80732 1
-1.71845 2.63083 70.2102 0.243893 -50.4206 8.38333 -10.8432 159.649 -0.580055 0.151386 0.800346 10.421 -8.78443 160.114 -0.555947 0.200619 0.806644 1
-1.71874 2.62881 70.2118 0.243893 -50.4968 8.37909 -10.8516 159.536 -0.579762 0.151852 0.800447 10.396 -8.82515 160.065 -0.55646 0.201072 0.806177 1
-1.71989 2.62709 70.2165 0.243893 -50.5587 8.37816 -10.8613 159.426 -0.579826 0.152466 0.800303 10.3469 -8.8794 160.013 -0.557115 0.201041 0.805733 1
-1.72133 2.62451 70.2308 0.243893 -50.619 8.27601 -10.749 159.313 -0.579767 0.153069 0.800158 10.296 -8.89279 159.971 -0.557672 0.201492 0.805234 1
-1.72305 2.62192 70.2308 0.243893 -50.6666 8.27513 -10.758 159.314 -0.579673 0.154036 0.8 10.2335 -8.90559 159.921 -0.558071 0.201512 0.804953 1
-1.72449 2.6202 70.2213 0.243893 -50.7159 8.27375 -10.7723 159.204 -0.579688 0.155136 0.799838 10.1997 -8.93754 159.86 -0.558429 0.201307 0.804756 1
-1.72592 2.61905 70.2102 0.243893 -50.7841 8.17267 -10.6604 159.202 -0.579582 0.156224 0.799674 10.169 -8.96184 159.774 -0.558861 0.200888 0.804561 1
-1.72707 2.61819 70.1784 0.243893 -50.854 8.16981 -10.678 159.091 -0.579438 0.157681 0.799619 10.1358 -9.00581 159.682 -0.559166 0.200407 0.804469 1
-1.72822 2.61761 70.1546 0.243893 -50.9238 8.17752 -10.5769 159.088 -0.579087 0.158749 0.799576 10.1009 -9.04061 159.599 -0.559565 0.200063 0.804277 1
-1.72908 2.61761 70.1165 0.243893 -51.0048 8.0628 -10.58 158.978 -0.578857 0.15983 0.799533 10.0555 -9.09086 159.493 -0.559846 0.199586 0.8042 1
-1.72966 2.61761 70.0864 0.243893 -51.0826 8.06051 -10.5919 158.868 -0.578775 0.160675 0.799379 10.0202 -9.134 159.411 -0.56007 0.19954 0.804056 1
-1.73023 2.61761 70.0562 0.243893 -51.1778 8.17091 -10.6097 158.867 -0.578703 0.161403 0.799352 10.0045 -9.17644 159.322 -0.560263 0.199794 0.803858 1
-1.73023 2.61761 70.0245 0.243893 -51.2699 8.16781 -10.6182 158.754 -0.578532 0.161881 0.799454 10.0247 -9.22027 159.241 -0.560284 0.200279 0.803723 1
-1.73167 2.61761 70.0007 0.243893 -51.3699 8.16357 -10.6266 158.642 -0.578239 0.162347 0.799555 9.98942 -9.2479 159.166 -0.56055 0.20098 0.803362 1
-1.73196 2.61761 69.9737 0.243893 -51.4572 8.16736 -10.5306 158.524 -0.57763 0.163522 0.799749 9.99982 -9.27546 159.095 -0.560421 0.201676 0.803278 1
-1.73196 2.61761 69.9403 0.243893 -51.5493 8.16235 -10.5468 158.413 -0.577255 0.164833 0.799696 10.0199 -9.25726 159.005 -0.559931 0.202829 0.803329 1
-1.73224 2.61761 69.9244 0.243893 -51.6414 8.16603 -10.4519 158.296 -0.576634 0.166129 0.799885 10.0139 -9.19318 158.919 -0.559352 0.204477 0.803315 1
-1.73253 2.61761 69.9022 0.243893 -51.716 8.17004 -10.3537 158.178 -0.576049 0.167061 0.800087 10.0113 -9.11774 158.831 -0.558496 0.206278 0.80345 1
-1.7331 2.61761 69.8736 0.243893 -51.7715 8.16445 -10.3642 158.066 -0.575611 0.167757 0.800178 9.99333 -8.95958 158.738 -0.557218 0.208501 0.803763 1
-1.73425 2.61761 69.8657 0.243893 -51.8208 8.27219 -10.386 157.952 -0.575415 0.168478 0.800271 9.97948 -8.87243 158.669 -0.556454 0.210243 0.803839 1
-1.73483 2.61704 69.8514 0.244467 -51.8525 8.28044 -10.2793 157.947 -0.575123 0.168944 0.800372 10.0113 -8.77388 158.614 -0.555583 0.212133 0.803945 1
-1.73598 2.61589 69.8467 0.245616 -51.8858 8.27724 -10.2889 157.836 -0.574941 0.169539 0.800348 10.0157 -8.6793 158.566 -0.55504 0.214359 0.803729 1
-1.73626 2.6156 69.8451 0.245904 -51.9001 8.27577 -10.2922 157.836 -0.574784 0.169891 0.800333 10.0185 -8.65493 158.533 -0.554423 0.215648 0.80381 1
-1.73684 2.61531 69.8403 0.246191 -51.9255 8.27553 -10.2945 157.835 -0.574758 0.170138 0.800446 10.0128 -8.63318 158.494 -0.553854 0.216497 0.803974 1
-1.7377 2.61531 69.8419 0.246191 -51.9605 8.27429 -10.2955 157.835 -0.574625 0.170248 0.80044 9.97056 -8.63282 158.458 -0.553768 0.217026 0.803891 1
-1.73799 2.61474 69.834 0.246191 -51.9986 8.27266 -10.3007 157.723 -0.574613 0.170369 0.800436 9.95308 -8.61768 158.421 -0.553423 0.218025 0.803858 1
-1.73971 2.61301 69.8276 0.246191 -52.0573 8.16024 -10.2918 157.725 -0.574467 0.1706 0.800425 9.89526 -8.54205 158.369 -0.553115 0.219887 0.803563 1
-1.74258 2.60985 69.8133 0.246191 -52.1319 8.15991 -10.2952 157.725 -0.574431 0.170964 0.800411 9.85493 -8.36439 158.296 -0.552591 0.222781 0.803126 1
-1.74488 2.60813 69.8133 0.246478 -52.2065 8.1661 -10.1982 157.609 -0.57408 0.172032 0.800368 9.77389 -8.21368 158.234 -0.552653 0.224077 0.802723 1
-1.74833 2.60555 69.8133 0.248489 -52.2907 8.16155 -10.2214 157.499 -0.573755 0.174084 0.800289 9.64206 -7.96886 158.175 -0.553487 0.225006 0.801888 1
-1.75206 2.60325 69.8181 0.250787 -52.3938 8.05737 -10.1179 157.386 -0.573479 0.175646 0.800106 9.52723 -7.8156 158.094 -0.555187 0.225093 0.800687 1
-1.75637 2.60009 69.8355 0.253086 -52.5002 8.06713 -10.0193 157.383 -0.573349 0.176976 0.799934 9.42632 -7.58656 157.993 -0.55697 0.225674 0.799285 1
-1.75953 2.5975 69.8546 0.254809 -52.5796 7.95437 -10.0259 157.275 -0.57333 0.178436 0.799636 9.35947 -7.46398 157.949 -0.558073 0.226324 0.798331 1
-1.76327 2.59549 69.8371 0.25682 -52.6399 7.86379 -9.80822 157.16 -0.573336 0.179649 0.799225 9.30194 -7.41704 157.89 -0.558588 0.226629 0.797884 1
-1.76614 2.59291 69.8594 0.258544 -52.7241 7.86241 -9.82251 157.05 -0.573351 0.180749 0.799063 9.2906 -7.38267 157.838 -0.558822 0.227678 0.797421 1
-1.76873 2.59118 69.8832 0.260267 -52.7987 7.76247 -9.71068 157.05 -0.573368 0.181845 0.798779 9.26334 -7.35231 157.786 -0.55934 0.227916 0.79699 1
-1.7716 2.58946 69.8879 0.261991 -52.8558 7.77332 -9.61291 156.937 -0.573518 0.182831 0.798501 9.23877 -7.32474 157.744 -0.559684 0.228224 0.79666 1
-1.77361 2.58745 69.8832 0.262565 -52.9288 7.66285 -9.60756 156.94 -0.573583 0.183441 0.798235 9.24029 -7.30718 157.672 -0.559529 0.229472 0.796411 1
-1.77562 2.58486 69.8736 0.262565 -53.0066 7.56171 -9.49644 156.827 -0.573634 0.184177 0.798087 9.23105 -7.25325 157.601 -0.559001 0.231479 0.796201 1
-1.77763 2.58256 69.8594 0.262565 -53.0733 7.55922 -9.51058 156.718 -0.573529 0.185261 0.797802 9.19778 -7.19259 157.539 -0.558719 0.232971 0.795963 1
-1.77964 2.58113 69.8498 0.262565 -53.132 7.45882 -9.40331 156.717 -0.573497 0.186847 0.797622 9.15455 -7.16785 157.474 -0.558729 0.233242 0.795877 1
-1.78079 2.58055 69.8625 0.262565 -53.1781 7.46708 -9.3087 156.604 -0.573368 0.188173 0.797327 9.11683 -7.16143 157.432 -0.558829 0.233504 0.795729 1
-1.78108 2.58055 69.88 0.262565 -53.2162 7.46359 -9.3209 156.604 -0.572993 0.189484 0.797274 9.10913 -7.18709 157.403 -0.558891 0.233478 0.795694 1
-1.7828 2.5794 69.861 0.262565 -53.2781 7.3499 -9.32518 156.496 -0.572875 0.190694 0.797107 9.08617 -7.17571 157.327 -0.558559 0.234462 0.795638 1
-1.7851 2.57653 69.8371 0.262853 -53.3591 7.3506 -9.32977 156.497 -0.57295 0.191187 0.796968 9.0488 -7.09511 157.249 -0.558055 0.236692 0.795331 1
-1.78941 2.5728 69.807 0.264576 -53.4607 7.35989 -9.2243 156.493 -0.572768 0.191782 0.796943 8.97036 -7.02849 157.193 -0.558295 0.237657 0.794875 1
-1.79372 2.56992 69.8086 0.267449 -53.5781 7.35592 -9.24176 156.383 -0.572504 0.193222 0.796765 8.91301 -6.99792 157.132 -0.558946 0.237286 0.794528 1
-1.7986 2.56533 69.8213 0.272045 -53.6797 7.2632 -9.03412 156.268 -0.572281 0.195515 0.796312 8.84543 -6.88182 157.084 -0.559292 0.23817 0.79402 1
-1.80377 2.56188 69.826 0.277216 -53.7559 7.16255 -8.9298 156.158 -0.572385 0.196983 0.795894 8.76366 -6.76889 157.019 -0.559995 0.238168 0.793525 1
-1.80866 2.55901 69.8181 0.2821 -53.8417 7.17489 -8.82872 156.045 -0.572695 0.197613 0.795508 8.66527 -6.66593 156.935 -0.560952 0.23764 0.793007 1
-1.81268 2.557 69.8213 0.286122 -53.9083 7.07696 -8.72007 155.936 -0.573091 0.198614 0.794989 8.58448 -6.64268 156.875 -0.562214 0.236241 0.792531 1
-1.81613 2.55527 69.8228 0.289569 -53.9671 6.97859 -8.60384 155.935 -0.573277 0.199236 0.794724 8.53392 -6.689 156.811 -0.563749 0.233993 0.792108 1
-1.82043 2.55384 69.8197 0.293878 -54.0068 6.89139 -8.37509 155.82 -0.573647 0.199259 0.794362 8.40805 -6.82177 156.805 -0.565745 0.230539 0.791697 1
-1.82446 2.55269 69.8197 0.2979 -54.0385 6.90567 -8.26547 155.818 -0.574003 0.199408 0.794117 8.33026 -7.11968 156.718 -0.568036 0.226353 0.791265 1
-1.82675 2.55183 69.807 0.300198 -54.056 6.79731 -8.26222 155.711 -0.574457 0.199807 0.793742 8.15123 -7.42536 156.613 -0.569685 0.222258 0.79124 1
-1.82905 2.55154 69.8117 0.300772 -54.0845 6.81138 -8.15482 155.71 -0.574791 0.200194 0.793366 8.12067 -7.69212 156.629 -0.56994 0.220634 0.79151 1
-1.83365 2.54895 69.8355 0.300772 -54.1258 6.81219 -8.15827 155.711 -0.574878 0.200566 0.793232 7.87538 -7.74409 156.563 -0.568838 0.223824 0.791408 1
-1.83825 2.54637 69.8546 0.300772 -54.1607 6.71237 -8.04531 155.711 -0.574907 0.20154 0.792952 7.65565 -7.7458 156.467 -0.567005 0.230197 0.790895 1
-1.84255 2.54407 69.88 0.300772 -54.1988 6.60971 -7.94987 155.602 -0.574795 0.203962 0.792374 7.43771 -7.66952 156.421 -0.565445 0.236341 0.790199 1
-1.84945 2.53718 69.9086 0.300772 -54.2481 6.51741 -7.74943 155.6 -0.574453 0.207465 0.791753 7.26787 -7.51015 156.434 -0.563783 0.244118 0.789022 1
-1.85922 2.52913 69.9689 0.302783 -54.329 6.30149 -7.65336 155.604 -0.573943 0.211441 0.791113 7.12898 -7.29614 156.397 -0.563806 0.248621 0.787598 1
-1.87301 2.51965 70.0673 0.310252 -54.437 6.10308 -7.35752 155.604 -0.572954 0.217807 0.790012 6.95639 -7.01929 156.379 -0.564389 0.252277 0.786016 1
-1.89426 2.50414 70.1959 0.325478 -54.5259 5.80918 -6.93964 155.492 -0.572625 0.223735 0.788571 6.65293 -6.62369 156.331 -0.564075 0.258417 0.784245 1
-1.92988 2.48374 70.1658 0.345299 -54.456 5.44062 -6.18927 155.375 -0.572671 0.230903 0.786478 6.01675 -5.96284 156.349 -0.56467 0.266928 0.780959 1
-1.97757 2.45932 69.8117 0.365983 -54.1195 4.8579 -5.34809 155.491 -0.572069 0.243486 0.783202 4.87954 -5.16148 156.493 -0.564871 0.279832 0.776283 1
-2.04048 2.43146 68.9577 0.388103 -53.3717 4.13499 -5.01084 155.637 -0.574235 0.251762 0.778899 4.34667 -4.6517 156.554 -0.564591 0.286943 0.773887 1
-2.11374 2.40561 67.6369 0.408786 -52.197 2.16645 -5.75401 155.751 -0.589337 0.233649 0.773289 3.37893 -4.83723 156.663 -0.578927 0.269841 0.769435 1
-2.19044 2.38808 65.7731 0.418266 -50.4952 0.559111 -5.34325 155.781 -0.59329 0.231129 0.770991 2.32625 -5.91171 156.717 -0.593462 0.268202 0.758862 1
-2.27691 2.38463 63.8888 0.414819 -48.7569 -1.31023 -5.04659 155.801 -0.594137 0.231313 0.770385 -0.395222 -7.35229 156.309 -0.58336 0.249651 0.772894 1
-2.34873 2.39383 62.106 0.401317 -47.0678 -3.2378 -5.28017 155.946 -0.594459 0.22927 0.770708 -2.3191 -6.82016 155.672 -0.583747 0.24328 0.774632 1
-2.41164 2.41595 60.4074 0.372303 -45.4581 -5.1464 -5.36749 156.194 -0.595478 0.223874 0.771407 -4.21704 -6.30572 155.374 -0.585583 0.236612 0.775311 1
-2.47398 2.44467 58.9532 0.342427 -44.1801 -7.05456 -5.5671 156.23 -0.598051 0.217741 0.771299 -5.99496 -5.7498 155.228 -0.58394 0.237975 0.776133 1
-2.50644 2.48173 57.4673 0.303932 -43.1292 -8.85104 -5.87664 156.167 -0.602031 0.209872 0.770296 -7.17259 -5.89525 155.144 -0.586364 0.226881 0.777626 1
-2.5478 2.51592 56.3434 0.269173 -42.6117 -10.4174 -6.09294 155.87 -0.606017 0.200669 0.769708 -8.57888 -5.91571 155.192 -0.588559 0.218867 0.778265 1
-2.57395 2.55211 55.4163 0.231827 -42.4593 -11.5332 -6.16261 155.446 -0.608483 0.194394 0.769359 -9.67397 -6.06291 155.238 -0.593301 0.209373 0.777276 1
-2.59061 2.59836 54.5209 0.182704 -42.437 -12.5411 -6.36956 154.703 -0.612278 0.18845 0.767795 -10.6977 -6.30165 155.186 -0.595109 0.202488 0.777717 1
-2.59923 2.64749 53.778 0.127261 -42.4466 -13.5775 -6.79545 153.85 -0.61553 0.181739 0.766862 -11.6051 -6.67939 154.819 -0.596608 0.198837 0.77751 1
-2.5998 2.70379 53.1985 0.0600396 -42.4815 -14.4908 -7.03032 153.098 -0.617542 0.177611 0.766062 -12.6219 -6.90076 154.07 -0.597316 0.197875 0.777213 1
-2.59578 2.74832 52.9493 0.00603269 -42.6164 -15.2871 -7.20344 152.344 -0.619027 0.177595 0.764983 -13.4912 -6.9855 153.449 -0.598327 0.19899 0.776149 1
-2.5886 2.78279 52.9223 6.25388 -42.8704 -16.0775 -7.30586 151.925 -0.619466 0.183222 0.763318 -14.1768 -7.15182 152.97 -0.600818 0.199272 0.77415 1
-2.57682 2.80979 52.9239 6.22803 -43.1165 -16.5268 -7.15221 151.594 -0.617055 0.194001 0.762527 -14.594 -7.33574 152.632 -0.601912 0.200696 0.772932 1
-2.55987 2.8345 52.916 6.2062 -43.3324 -16.8755 -7.27628 151.275 -0.61707 0.197653 0.761661 -14.8884 -7.49178 152.358 -0.600572 0.206353 0.772484 1
-2.54263 2.85375 52.8652 6.19011 -43.4705 -17.1152 -7.49163 151.07 -0.617859 0.198434 0.760788 -15.1318 -7.5565 152.166 -0.597415 0.215283 0.772495 1
-2.5231 2.87185 52.7795 6.1746 -43.607 -17.3622 -7.88441 150.763 -0.620395 0.193986 0.759885 -15.3877 -7.59225 152.173 -0.595509 0.220432 0.772515 1
-2.50213 2.89052 52.6556 6.15679 -43.7959 -17.6191 -8.81763 150.386 -0.629116 0.1756 0.757253 -15.7275 -8.04945 151.739 -0.598697 0.217599 0.770851 1
-2.47943 2.90977 52.5334 6.1384 -44.0563 -17.8729 -9.46576 150.099 -0.634452 0.162803 0.75547 -16.079 -9.03191 151.221 -0.606483 0.203038 0.768735 1
-2.45243 2.9316 52.4254 6.11657 -44.3563 -18.0283 -10.0551 149.684 -0.637417 0.153993 0.754976 -16.3621 -9.9262 150.708 -0.612952 0.182802 0.768683 1
-2.4237 2.95084 52.3778 6.0956 -44.6659 -18.1847 -10.457 149.25 -0.637916 0.148908 0.755534 -16.5166 -10.5773 150.333 -0.616502 0.16684 0.769474 1
-2.38923 2.96952 52.4524 6.07434 -44.9691 -18.1356 -11.084 148.825 -0.638986 0.141787 0.75593 -16.5915 -11.2081 149.976 -0.619294 0.156107 0.769484 1
-2.35102 2.98704 52.5858 6.05366 -45.2453 -18.2239 -12.0942 148.423 -0.641945 0.129304 0.755692 -16.5648 -11.9864 149.609 -0.623945 0.144695 0.767956 1
-2.31052 3.00543 52.7826 6.03326 -45.5073 -18.3314 -13.2868 148.027 -0.645202 0.11256 0.755613 -16.6125 -13.0204 149.176 -0.628006 0.12927 0.767396 1
-2.26886 3.02151 52.9874 6.01689 -45.7009 -18.2206 -14.5059 147.742 -0.647877 0.0967398 0.755492 -16.5913 -14.2685 148.793 -0.631465 0.110457 0.767497 1
-2.22893 3.03616 53.2065 6.00166 -45.8613 -17.8794 -15.3843 147.641 -0.646387 0.0905319 0.757531 -16.4793 -15.4577 148.471 -0.634136 0.0924531 0.767674 1
-2.18843 3.04909 53.4208 5.98758 -46.0073 -17.4295 -16.0172 147.615 -0.640948 0.092982 0.761887 -16.1849 -16.4651 148.305 -0.633023 0.0829526 0.769676 1
-2.14649 3.06058 53.6621 5.97466 -46.1677 -16.8787 -16.9388 147.615 -0.637954 0.0894811 0.764784 -15.6645 -17.4053 148.241 -0.627559 0.0853255 0.773879 1
-2.1034 3.06863 53.8732 5.96431 -46.301 -16.3235 -17.8504 147.618 -0.635438 0.0849105 0.767359 -15.037 -18.345 148.26 -0.622155 0.0847395 0.778295 1
-2.06461 3.07495 54.1114 5.95512 -46.455 -15.8779 -18.7477 147.622 -0.633079 0.0799878 0.76995 -14.4708 -19.2055 148.279 -0.616824 0.0846053 0.782541 1
-2.02784 3.08184 54.3701 5.94679 -46.6169 -15.3226 -19.5537 147.724 -0.629227 0.0764247 0.773447 -13.9295 -20.0507 148.313 -0.612051 0.0837567 0.78637 1
-1.99079 3.08902 54.6384 5.93932 -46.782 -14.6434 -20.2764 147.714 -0.625735 0.0742274 0.776412 -13.3432 -20.8899 148.334 -0.607292 0.0825568 0.790178 1
-1.94798 3.09592 54.9686 5.93243 -46.9836 -14.2691 -20.8533 147.826 -0.62395 0.0722714 0.778047 -12.6821 -21.7287 148.412 -0.602539 0.0809712 0.793971 1
-1.9003 3.10453 55.4131 5.92467 -47.2345 -13.4813 -21.6701 147.824 -0.621374 0.0670773 0.780522 -11.9889 -22.5945 148.535 -0.599106 0.0787784 0.796785 1
-1.84543 3.1143 56.0195 5.91605 -47.517 -12.6013 -22.607 148.039 -0.617619 0.0625387 0.783935 -11.1603 -23.4974 148.802 -0.595927 0.0745962 0.799567 1
-1.79257 3.12493 56.6879 5.90801 -47.7742 -11.725 -23.558 148.143 -0.613635 0.0590805 0.787305 -10.3084 -24.2078 149.123 -0.593426 0.070301 0.801813 1
-1.74862 3.13527 57.2927 5.9037 -47.906 -10.6274 -24.6328 148.366 -0.610571 0.0550731 0.789974 -9.48415 -24.8264 149.494 -0.591869 0.0653122 0.803383 1
-1.70495 -3.13843 57.9341 5.89968 -47.9647 -9.71553 -25.351 148.694 -0.607729 0.0513237 0.792393 -8.09166 -30.2833 149.253 -0.614774 -0.0107697 0.788629 1
-1.66904 -3.13154 58.4278 5.89738 -48.0282 -8.90555 -26.0588 149.029 -0.605869 0.0476441 0.79409 -7.28794 -30.2226 149.022 -0.609647 -0.0148549 0.792534 1
-1.63313 -3.12665 58.7834 5.89709 -48.0679 -8.08517 -26.6498 149.359 -0.603948 0.0433455 0.795808 -6.35321 -31.1277 148.949 -0.605664 -0.0249245 0.79533 1
-1.59493 -3.12292 59.1485 5.89882 -48.1902 -7.16554 -27.3487 149.582 -0.602098 0.037088 0.797477 -5.34858 -32.1127 148.823 -0.601659 -0.0366113 0.797913 1
-1.55356 -3.12177 59.6279 5.90456 -48.4616 -6.0301 -27.9589 149.897 -0.598226 0.031298 0.800567 -4.29861 -32.9191 148.684 -0.597788 -0.0452264 0.800377 1
-1.51708 -3.1212 60.155 5.91404 -48.822 -4.76064 -28.2787 149.97 -0.593607 0.0280313 0.804166 -3.56066 -33.6673 148.653 -0.594423 -0.0474747 0.80275 1
-1.48749 -3.12551 60.7185 5.92812 -49.2554 -3.48886 -28.5979 150.156 -0.589075 0.0251363 0.80763 -2.38135 -32.9379 148.738 -0.590884 -0.0449127 0.805505 1
-1.46422 -3.13297 61.2631 5.94507 -49.7157 -2.09549 -28.8338 150.228 -0.584658 0.0235918 0.810802 -1.23462 -32.4303 148.875 -0.587122 -0.042267 0.808395 1
-1.44354 3.13843 62.0235 5.96546 -50.392 -0.792718 -28.8514 150.29 -0.580081 0.0236344 0.814159 -0.136227 -28.9722 151.296 -0.563892 0.0120291 0.825761 1
-1.42142 3.12206 62.9045 5.9939 -51.1794 0.550185 -28.5559 150.347 -0.57628 0.0258148 0.816838 1.98694 -28.1142 151.608 -0.552268 0.0455835 0.83242 1
-1.40274 3.10511 63.8808 6.02378 -52.0176 1.93163 -27.9402 150.397 -0.573085 0.0293807 0.818863 3.85137 -27.4002 151.559 -0.543179 0.0563957 0.837721 1
-1.38522 3.08759 64.8175 6.05394 -52.7844 3.53818 -27.3514 150.446 -0.570207 0.0334639 0.820752 5.60296 -26.6225 151.551 -0.535981 0.0655064 0.841685 1
-1.36999 3.07035 65.6255 6.08324 -53.3813 4.94774 -26.6253 150.614 -0.568691 0.0375227 0.821683 7.1215 -25.9369 151.651 -0.53173 0.0712584 0.843911 1
-1.35276 3.05168 66.1716 6.11111 -53.7512 6.36998 -25.7712 150.779 -0.567358 0.0397518 0.822439 8.64537 -25.2823 151.911 -0.530292 0.0716224 0.844784 1
-1.33466 3.03703 66.9368 6.13898 -54.2877 7.44872 -24.8718 150.939 -0.564919 0.0406775 0.824083 9.9116 -24.2195 152.052 -0.53431 0.0726891 0.842157 1
-1.31254 3.02381 67.8575 6.16655 -54.9688 8.98943 -23.8254 151.195 -0.56186 0.0453555 0.825948 11.3458 -23.275 152.17 -0.533863 0.0739488 0.842331 1
-1.29358 3.00945 68.7021 6.19384 -55.5482 10.3199 -22.7418 151.463 -0.560075 0.0484071 0.826912 12.645 -22.3191 152.377 -0.533238 0.0757307 0.842568 1
-1.27749 2.99451 69.2641 6.21625 -55.7387 11.5321 -21.8825 151.638 -0.560044 0.0524492 0.826764 13.8395 -21.253 152.825 -0.532576 0.0779954 0.842781 1
-1.26255 2.97986 69.6927 6.23808 -55.7006 12.6519 -20.7766 151.916 -0.559497 0.0554688 0.826891 14.9454 -19.5402 153.352 -0.536394 0.0827126 0.839905 1
-1.25307 2.96607 70.0403 6.25475 -55.6276 13.652 -19.6537 152.299 -0.55786 0.0582851 0.827743 15.6892 -17.5041 153.758 -0.541725 0.0878863 0.835948 1
-1.24905 2.9497 70.3372 6.27141 -55.6228 14.2968 -18.7323 152.693 -0.55621 0.0624533 0.828669 16.266 -15.8565 154.044 -0.544785 0.0918229 0.833534 1
-1.25509 2.92786 70.7992 0.0097672 -55.7419 14.8276 -17.8189 153.091 -0.554237 0.0686687 0.829393 16.6467 -14.7158 154.265 -0.545555 0.0971287 0.832428 1
-1.27634 2.89598 71.6247 0.0428033 -55.9864 15.4138 -16.5068 153.482 -0.553509 0.0797515 0.82898 16.8511 -13.3128 154.529 -0.545956 0.10725 0.830921 1
-1.31053 2.86466 72.4803 0.0864685 -56.2404 15.7056 -15.0595 153.893 -0.555778 0.0917797 0.826251 16.6695 -11.8979 154.754 -0.549754 0.114021 0.827508 1
-1.34902 2.83105 73.0995 0.129559 -56.2975 15.7717 -13.8595 154.446 -0.561027 0.0974151 0.821964 16.5511 -10.5288 155.23 -0.553287 0.120267 0.824263 1
-1.3924 2.79629 73.4884 0.179257 -56.2753 15.6245 -12.5939 155.001 -0.567234 0.0983556 0.817616 16.3972 -9.20297 155.779 -0.558631 0.12184 0.820418 1
-1.43951 2.75837 73.5916 0.230104 -56.1451 15.2583 -11.2056 155.441 -0.572758 0.099973 0.813479 16.1022 -8.29541 156.411 -0.56456 0.122573 0.81624 1
-1.49553 2.71356 73.617 0.289569 -56.0641 14.8962 -9.71675 155.762 -0.577719 0.102284 0.809676 15.6372 -7.34466 156.907 -0.571609 0.124161 0.811078 1
-1.54753 2.66932 73.5884 0.343576 -56.0133 14.4257 -8.11063 155.963 -0.581931 0.104666 0.80647 15.0225 -6.17965 157.227 -0.577105 0.129058 0.806408 1
-1.60584 2.61732 73.4503 0.402466 -55.9245 13.6279 -6.49227 156.176 -0.586789 0.109286 0.802336 14.3668 -4.70414 157.511 -0.582124 0.135601 0.801713 1
-1.7061 2.52454 72.9963 0.502436 -55.6419 12.3709 -4.19459 156.4 -0.594914 0.118402 0.794908 13.0317 -2.3747 157.804 -0.592913 0.1446 0.792177 1
-1.8664 2.37085 72.0358 0.657563 -55.0402 9.25888 -0.822729 156.434 -0.609425 0.127957 0.782419 10.2171 0.523541 158.039 -0.613041 0.151504 0.775389 1
-1.98159 2.26226 72.1152 0.76098 -55.6911 6.44779 2.1994 156.267 -0.623153 0.146819 0.768114 7.13591 2.77345 157.401 -0.62281 0.16737 0.764261 1
-2.11316 2.16114 70.8404 0.850321 -55.9006 3.85426 4.24822 155.461 -0.634866 0.168677 0.753918 3.90734 4.23209 156.3 -0.628501 0.181746 0.756277 1
-2.1936 2.11201 69.6181 0.885656 -55.6927 2.0306 4.79401 154.61 -0.638391 0.174386 0.749605 2.52732 5.42393 155.687 -0.631372 0.193023 0.751074 1
-2.27404 2.07323 68.4401 0.910361 -55.5276 0.380702 5.06095 153.864 -0.63891 0.184275 0.746808 1.07932 6.09988 154.722 -0.633926 0.203158 0.746234 1
-2.34815 2.04393 67.4003 0.919841 -55.3799 -1.50662 5.11322 153.028 -0.640309 0.195308 0.742761 -0.388707 6.27196 153.806 -0.633168 0.217629 0.742789 1
-2.41365 2.04135 66.5843 0.901168 -55.3561 -3.20694 4.81142 152.313 -0.641306 0.206674 0.738818 -1.63482 5.79015 152.889 -0.62926 0.233719 0.74122 1
-2.46679 2.05686 65.9763 0.865259 -55.4228 -5.05525 4.18153 151.501 -0.642036 0.218258 0.734863 -2.79912 5.09675 152.071 -0.624614 0.247715 0.740604 1
-2.50902 2.09018 65.4112 0.81154 -55.4307 -6.55958 3.65154 150.899 -0.642418 0.228355 0.731447 -3.9677 4.29031 151.335 -0.620366 0.257082 0.740983 1
-2.54493 2.16114 64.6413 0.721337 -55.4387 -8.22967 2.61482 150.308 -0.642818 0.234446 0.729154 -5.38756 2.93977 150.381 -0.613666 0.263367 0.744346 1
-2.557 2.25278 64.0459 0.613898 -55.4434 -9.47966 1.25571 149.716 -0.644158 0.234655 0.727943 -6.45839 1.68937 149.642 -0.608625 0.265821 0.747606 1
-2.54895 2.35418 63.5983 0.49468 -55.4292 -10.7525 -0.298609 149.235 -0.645242 0.23242 0.727672 -7.61631 0.477791 149.069 -0.605736 0.267529 0.749341 1
-2.52626 2.45099 63.33 0.384368 -55.426 -12.0329 -1.86111 148.637 -0.645663 0.230628 0.727866 -8.51295 -1.14666 148.674 -0.610115 0.262376 0.747609 1
-2.49466 2.53114 63.2633 0.294165 -55.6324 -12.9529 -3.25038 148.262 -0.646331 0.231397 0.726992 -9.41915 -2.41312 148.261 -0.617369 0.257155 0.743456 1
-2.45904 2.59721 63.3935 0.222922 -56.1975 -13.6164 -4.082 147.969 -0.643458 0.241886 0.726204 -10.2675 -3.32869 147.698 -0.619112 0.257942 0.741732 1
-2.43433 2.64289 63.4713 0.178395 -56.9468 -13.8994 -4.21466 147.524 -0.637563 0.256774 0.726315 -10.8519 -3.90603 147.047 -0.618389 0.261569 0.741064 1
-2.40963 2.67995 63.4792 0.143923 -57.6532 -14.411 -4.94688 146.785 -0.639723 0.253642 0.725481 -11.1296 -4.39685 146.413 -0.616865 0.26372 0.741572 1
-2.38205 2.71184 63.4935 0.114908 -58.3851 -14.5875 -5.6796 146.033 -0.642097 0.247008 0.725633 -11.257 -4.97854 145.75 -0.616094 0.262563 0.742623 1
-2.35332 2.73683 63.4792 0.090203 -59.036 -14.4435 -6.55177 145.279 -0.644271 0.239878 0.726166 -11.1228 -5.60419 145.116 -0.614801 0.259778 0.744671 1
-2.33206 2.74717 63.5729 0.079574 -59.617 -14.2924 -7.29303 144.735 -0.645704 0.231481 0.727591 -10.8313 -6.10768 144.634 -0.614085 0.25713 0.746179 1
-2.30908 2.74286 63.7761 0.0807231 -60.225 -14.2652 -8.11795 144.08 -0.647102 0.220892 0.729583 -10.155 -6.57043 144.214 -0.61129 0.254163 0.749483 1
-2.28294 2.73281 64.0507 0.0847449 -60.7758 -14.0951 -8.97954 143.442 -0.653108 0.201125 0.730018 -9.38204 -7.10769 143.881 -0.607899 0.250696 0.753399 1
-2.25938 2.7216 64.3111 0.0899157 -61.2489 -14.0403 -10.1051 142.948 -0.662039 0.175559 0.728505 -8.87123 -7.91349 143.551 -0.608374 0.241702 0.75595 1
-2.2433 2.70781 64.4428 0.10313 -61.4934 -13.5233 -10.4435 142.716 -0.661781 0.169337 0.730194 -8.44144 -8.59394 143.343 -0.61111 0.227855 0.758041 1
-2.23094 2.6946 64.5762 0.11577 -61.6839 -13.1075 -10.5782 142.695 -0.65989 0.167149 0.732447 -8.19488 -9.05702 143.192 -0.613418 0.216765 0.759428 1
-2.21859 2.68512 64.7555 0.124963 -61.8792 -12.3491 -10.5572 142.659 -0.656661 0.168523 0.735041 -8.06923 -9.42547 143.085 -0.615558 0.208235 0.760083 1
-2.20164 2.67851 65.0207 0.13157 -62.1443 -11.6923 -10.429 142.733 -0.653108 0.171945 0.737433 -7.82606 -9.71366 142.982 -0.616831 0.20217 0.760688 1
-2.1913 2.67449 65.0746 0.135305 -62.2268 -11.0353 -10.3119 142.699 -0.649731 0.176106 0.739435 -7.664 -9.89102 142.934 -0.617658 0.197268 0.761304 1
-2.18412 2.66903 65.0334 0.140763 -62.2475 -10.8361 -10.4374 142.689 -0.648448 0.175293 0.74079 -7.46966 -10.0383 142.887 -0.617753 0.193035 0.762312 1
-2.17866 2.66128 64.9635 0.148519 -62.2506 -10.6354 -10.6294 142.684 -0.648501 0.169697 0.741972 -7.3051 -10.1757 142.858 -0.617647 0.188829 0.76345 1
-2.17464 2.65352 64.9016 0.156275 -62.2538 -10.4433 -11.0246 142.583 -0.650154 0.161652 0.74241 -7.28724 -10.3777 142.834 -0.61824 0.18418 0.764106 1
-2.17119 2.64519 64.8365 0.164606 -62.2554 -10.2289 -11.2062 142.589 -0.651679 0.15493 0.742431 -7.23735 -10.598 142.812 -0.61922 0.178452 0.764671 1
-2.17004 2.63513 64.7587 0.175522 -62.2681 -10.2334 -11.2632 142.587 -0.652372 0.149128 0.743018 -7.19803 -10.7578 142.791 -0.620544 0.171734 0.765136 1
-2.17033 2.62249 64.6952 0.19161 -62.2919 -10.0144 -11.3401 142.585 -0.653212 0.143092 0.743494 -7.10736 -10.8635 142.789 -0.622046 0.164015 0.765609 1
-2.17292 2.60871 64.6936 0.217464 -62.357 -9.6827 -11.4225 142.582 -0.654234 0.136456 0.743871 -6.93258 -10.9339 142.797 -0.625056 0.153604 0.765317 1
-2.17464 2.59607 64.6698 0.236424 -62.3983 -9.22748 -11.3091 142.565 -0.654231 0.131457 0.744786 -6.80345 -10.968 142.805 -0.627303 0.147002 0.764775 1
-2.17608 2.58773 64.6619 0.251649 -62.4332 -8.99035 -11.0746 142.543 -0.653482 0.127747 0.746011 -6.68975 -10.9501 142.803 -0.629638 0.141328 0.763926 1
-2.1778 2.5817 64.6651 0.265725 -62.4618 -8.63759 -10.8515 142.523 -0.653225 0.124071 0.746874 -6.56972 -10.8776 142.799 -0.631793 0.136208 0.763076 1
-2.17924 2.57739 64.673 0.278653 -62.4888 -8.41201 -10.8386 142.519 -0.653595 0.120313 0.747138 -6.45057 -10.8023 142.789 -0.63382 0.131436 0.762231 1
-2.17981 2.57509 64.6698 0.289856 -62.5015 -8.29251 -10.7991 142.517 -0.654501 0.114882 0.747226 -6.35351 -10.7782 142.781 -0.635878 0.126379 0.761372 1
-2.17981 2.57538 64.6635 0.298187 -62.5046 -8.17382 -10.7561 142.514 -0.65532 0.109079 0.747448 -6.30355 -10.7864 142.772 -0.637858 0.121248 0.76055 1
-2.17837 2.58027 64.6635 0.300772 -62.5046 -8.07248 -10.8426 142.403 -0.655617 0.104823 0.747729 -6.34416 -10.8642 142.739 -0.63978 0.116828 0.759627 1
-2.20365 2.55068 64.6111 0.349034 -62.8428 -7.96336 -10.9198 142.407 -0.656588 0.100002 0.747552 -5.92975 -10.1886 142.438 -0.640597 0.109705 0.760001 1
-2.23353 2.5073 64.6571 0.409935 -63.1825 -7.94518 -10.6665 142.282 -0.656346 0.096196 0.748175 -5.49607 -9.36373 142.342 -0.640891 0.107604 0.760053 1
-2.2568 2.47455 64.7794 0.458197 -63.2889 -7.51018 -9.6239 142.011 -0.656998 0.0870808 0.748883 -5.30676 -8.72473 142.423 -0.642169 0.105643 0.759249 1
-2.26915 2.47599 64.881 0.469975 -63.3397 -7.33678 -9.00494 141.878 -0.657965 0.078582 0.748839 -5.57662 -8.64943 142.34 -0.645184 0.101088 0.75731 1
-2.27921 2.49638 64.9207 0.470549 -63.3444 -7.28945 -8.56115 141.864 -0.658334 0.0786049 0.748476 -5.98564 -8.81452 142.232 -0.649241 0.0919252 0.755007 1
-2.29185 2.51506 64.908 0.474284 -63.1635 -7.38952 -8.45049 141.863 -0.658337 0.0798264 0.74831 -6.36561 -8.92496 142.293 -0.652811 0.0834772 0.752908 1
-2.29903 2.532 64.854 0.47572 -62.9285 -7.49876 -8.44416 141.865 -0.658534 0.0803317 0.748172 -6.62921 -9.11148 142.394 -0.655225 0.0757531 0.751626 1
-2.30305 2.53861 64.9651 0.483764 -62.7666 -7.59743 -8.42337 142.097 -0.659541 0.0801542 0.747337 -6.6128 -9.02945 142.555 -0.656164 0.0725107 0.751126 1
-2.30822 2.54292 65.0477 0.493244 -62.6872 -7.58507 -8.39084 142.326 -0.660544 0.0775293 0.746713 -6.61171 -8.92946 142.63 -0.656945 0.070093 0.750673 1
-2.31224 2.5478 65.081 0.500713 -62.6174 -7.57552 -8.34066 142.44 -0.661407 0.0725706 0.746417 -6.62119 -8.8958 142.694 -0.657694 0.0667771 0.750319 1
-2.31339 2.5501 65.0683 0.50416 -62.5284 -7.45674 -8.38961 142.674 -0.66309 0.0655862 0.745595 -6.58218 -8.89637 142.78 -0.657831 0.0642214 0.750423 1
-2.31167 2.54723 65.035 0.50732 -62.4522 -7.45602 -8.46385 142.685 -0.664348 0.0616336 0.7449 -6.44465 -8.88986 142.867 -0.657351 0.06196 0.751033 1
-2.30879 2.54292 64.9937 0.508756 -62.3729 -7.45612 -8.44143 142.794 -0.664174 0.0596596 0.745092 -6.3042 -8.88428 142.955 -0.6566 0.0606901 0.751793 1
-2.30765 2.53402 65.0334 0.507895 -62.2935 -7.58037 -8.52878 142.796 -0.663936 0.0583014 0.745505 -6.18773 -8.67969 143.098 -0.655262 0.0663183 0.752485 1
-2.3019 2.52568 65.2016 0.501862 -62.3205 -7.58231 -8.52521 142.795 -0.663728 0.0579176 0.745638 -6.04505 -8.44436 143.2 -0.653438 0.0758794 0.753167 1
-2.29874 2.51908 65.4652 0.501287 -62.4507 -7.5817 -8.53022 142.905 -0.66363 0.0588932 0.745723 -5.94745 -8.18075 143.227 -0.652711 0.0827902 0.75307 1
-2.29414 2.51391 65.7207 0.501862 -62.5951 -7.54684 -8.2698 143.122 -0.663512 0.067571 0.745039 -5.86478 -8.05273 143.249 -0.65277 0.0850036 0.752772 1
-2.28869 2.50558 65.9795 0.502724 -62.7634 -7.51894 -8.0918 143.234 -0.663989 0.0727393 0.744125 -5.77576 -7.88714 143.32 -0.652725 0.088067 0.752459 1
-2.27863 2.49466 66.2478 0.500138 -62.9444 -7.37016 -7.81445 143.23 -0.664505 0.077539 0.743102 -5.62112 -7.72112 143.431 -0.652408 0.0923859 0.752216 1
-2.26053 2.48346 66.7415 0.502149 -63.0682 -7.32887 -7.46617 143.332 -0.664061 0.0882684 0.742339 -5.44176 -7.52827 143.735 -0.653365 0.0942126 0.751158 1
-2.23698 2.47685 67.4067 0.502436 -63.0444 -7.04701 -6.94117 143.645 -0.662914 0.10237 0.741688 -5.41981 -7.23874 144.12 -0.654412 0.100138 0.749478 1
-2.21917 2.4688 68.075 0.51364 -62.8713 -6.86969 -6.374 144.076 -0.662305 0.113559 0.740539 -5.44434 -6.62543 144.576 -0.65503 0.109008 0.747698 1
-2.19992 2.46507 68.8704 0.517375 -62.5475 -6.46479 -5.98227 144.859 -0.664153 0.118681 0.738057 -5.37554 -5.94264 145.279 -0.655669 0.122111 0.745109 1
-2.1824 2.46335 69.5307 0.514502 -62.0173 -6.26667 -5.56419 145.769 -0.667488 0.123777 0.734252 -5.24575 -5.40537 146.127 -0.656521 0.132958 0.742498 1
-2.16976 2.46248 69.9626 0.51364 -61.5426 -6.09432 -5.25533 146.782 -0.669069 0.129118 0.731757 -5.11357 -5.02511 146.88 -0.658095 0.138177 0.740148 1
-2.162 2.4622 70.1356 0.513353 -61.3267 -5.9442 -5.04359 147.564 -0.669766 0.132092 0.730681 -5.0196 -4.81014 147.335 -0.659166 0.139731 0.738901 1
-2.15855 2.46162 69.9673 0.514215 -61.4204 -5.71146 -5.06141 148.124 -0.67009 0.133822 0.730134 -4.88101 -4.82894 147.431 -0.659474 0.13681 0.739173 1
-2.15798 2.46162 69.7133 0.516225 -61.6966 -5.61036 -5.17328 148.127 -0.670198 0.132729 0.730175 -4.76201 -4.91796 147.371 -0.659871 0.133655 0.739396 1
-2.15999 2.46134 69.4847 0.519098 -62.0871 -5.53383 -5.49943 147.912 -0.670349 0.129934 0.730524 -4.69498 -4.97148 147.28 -0.660623 0.132688 0.738899 1
-2.16229 2.46076 69.2942 0.52312 -62.4919 -5.45967 -5.62926 147.338 -0.668376 0.128591 0.732622 -4.60536 -5.05868 147.184 -0.661414 0.132528 0.738219 1
-2.16487 2.46076 69.1752 0.527716 -62.9079 -5.35917 -5.55095 146.763 -0.666876 0.128738 0.73394 -4.54593 -5.07773 147.016 -0.661775 0.134121 0.737608 1
