3.14044 3.14044 43.0147 0.00114908 -0.0111125 -21.5163 4.54518 185.21 -0.704026 0.0166541 0.709957 -20.2584 6.05351 189.484 -0.657833 0.113082 0.744626 
3.14044 3.14044 43.0147 0.00114908 -0.0111125 -21.5162 4.54635 185.211 -0.704037 0.0165286 0.709839 -20.2584 6.05351 189.484 -0.657833 0.113082 0.744626 
3.14044 3.14044 43.0147 0.00114908 -0.0111125 -21.5163 4.54518 185.21 -0.704026 0.0166541 0.709957 -20.2584 6.05351 189.484 -0.657833 0.113082 0.744626 
3.14044 3.14044 43.0147 0.00114908 -0.0111125 -21.5163 4.54518 185.21 -0.704026 0.0166541 0.709957 -20.2584 6.05351 189.484 -0.657833 0.113082 0.744626 
3.14044 3.14044 43.0147 0.00114908 -0.0111125 -21.5252 4.43398 185.214 -0.704026 0.0166541 0.709957 -20.2584 6.05351 189.484 -0.657833 0.113082 0.744626 
3.14044 3.14044 43.0147 0.00114908 -0.0111125 -21.5239 4.43865 185.325 -0.704036 0.0165325 0.709961 -20.2584 6.05351 189.484 -0.657833 0.113082 0.744626 
3.14044 3.14044 43.0147 0.00114908 -0.0111125 -21.5162 4.54631 185.21 -0.704036 0.0165325 0.709961 -20.2584 6.05351 189.484 -0.657833 0.113082 0.744626 
3.14044 3.14044 43.0147 0.00114908 -0.0111125 -21.5252 4.43511 185.214 -0.704036 0.0165325 0.709961 -20.2584 6.05351 189.484 -0.657833 0.113082 0.744626 
3.14044 3.14044 43.0147 0.00114908 -0.0111125 -21.5263 4.4352 185.214 -0.703914 0.0165227 0.70996 -20.2584 6.05351 189.484 -0.657833 0.113082 0.744626 
3.14044 3.14044 43.0147 0.00114908 -0.0111125 -21.5252 4.43511 185.214 -0.704036 0.0165325 0.709961 -20.2584 6.05351 189.484 -0.657833 0.113082 0.744626 
3.14044 3.14044 43.0147 0.00114908 -0.0111125 -21.5252 4.43511 185.214 -0.704036 0.0165325 0.709961 -20.2584 6.05351 189.484 -0.657833 0.113082 0.744626 
3.14044 3.14044 43.0147 0.00114908 -0.0111125 -21.5251 4.43624 185.214 -0.704046 0.0164109 0.709965 -20.2584 6.05351 189.484 -0.657833 0.113082 0.744626 
3.14044 3.14044 43.0147 0.00114908 -0.0111125 -21.5251 4.43624 185.214 -0.704046 0.0164109 0.709965 -20.2584 6.05351 189.484 -0.657833 0.113082 0.744626 
3.14044 3.14044 43.0147 0.00114908 -0.0111125 -21.5263 4.4352 185.214 -0.703914 0.0165227 0.70996 -20.2584 6.05351 189.484 -0.657833 0.113082 0.744626 
3.14044 3.14044 43.0147 0.00114908 -0.0111125 -21.5262 4.43633 185.214 -0.703924 0.0164011 0.709964 -20.2584 6.05351 189.484 -0.657833 0.113082 0.744626 
3.14044 3.14044 43.0147 0.00114908 -0.0111125 -21.5252 4.43511 185.214 -0.704036 0.0165325 0.709961 -20.2584 6.05351 189.484 -0.657833 0.113082 0.744626 
3.14044 3.14044 43.0147 0.00114908 -0.0111125 -21.5239 4.43865 185.325 -0.704036 0.0165325 0.709961 -20.2584 6.05351 189.484 -0.657833 0.113082 0.744626 
3.14044 3.14044 43.0147 0.00114908 -0.0111125 -21.5263 4.4352 185.214 -0.703914 0.0165227 0.70996 -20.2584 6.05351 189.484 -0.657833 0.113082 0.744626 
3.14044 3.14044 43.0147 0.00114908 -0.0111125 -21.5252 4.43511 185.214 -0.704036 0.0165325 0.709961 -20.2584 6.05351 189.484 -0.657833 0.113082 0.744626 
3.14044 3.14044 43.0163 0.00114908 -0.0127 -21.4125 4.43081 185.324 -0.704046 0.0164109 0.709965 -20.2591 6.0538 189.484 -0.657847 0.113085 0.744613 
3.14044 3.14044 43.0163 0.00114908 -0.0127 -21.4138 4.42727 185.213 -0.704046 0.0164109 0.709965 -20.2591 6.0538 189.484 -0.657847 0.113085 0.744613 
3.14044 3.14044 43.0163 0.00114908 -0.0127 -21.5263 4.4352 185.214 -0.703914 0.0165227 0.70996 -20.2591 6.0538 189.484 -0.657847 0.113085 0.744613 
3.14044 3.14044 43.0163 0.00114908 -0.0127 -21.5262 4.43629 185.213 -0.703923 0.0164049 0.710086 -20.2591 6.0538 189.484 -0.657847 0.113085 0.744613 
3.14044 3.14044 43.0163 0.00114908 -0.0127 -21.5251 4.43624 185.214 -0.704046 0.0164109 0.709965 -20.2591 6.0538 189.484 -0.657847 0.113085 0.744613 
3.14044 3.14044 43.0163 0.00114908 -0.0127 -21.5251 4.43624 185.214 -0.704046 0.0164109 0.709965 -20.2591 6.0538 189.484 -0.657847 0.113085 0.744613 
3.14044 3.14044 43.0163 0.00114908 -0.0127 -21.5262 4.43633 185.214 -0.703924 0.0164011 0.709964 -20.2591 6.0538 189.484 -0.657847 0.113085 0.744613 
3.14044 3.14044 43.0163 0.00114908 -0.0127 -21.5249 4.43987 185.325 -0.703924 0.0164011 0.709964 -20.2591 6.0538 189.484 -0.657847 0.113085 0.744613 
3.14044 3.14044 43.0163 0.00114908 -0.0127 -21.5263 4.4352 185.214 -0.703914 0.0165227 0.70996 -20.2591 6.0538 189.484 -0.657847 0.113085 0.744613 
3.14044 3.14044 43.0163 0.00114908 -0.0127 -21.5238 4.43978 185.325 -0.704046 0.0164109 0.709965 -20.2591 6.0538 189.484 -0.657847 0.113085 0.744613 
