3.13987 3.13987 43.0274 0.00172362 -0.01905 -21.6977 4.27417 185.302 -0.707159 0.0114321 0.706866 -20.2558 6.0683 189.484 -0.657876 0.113144 0.744579 
3.13987 3.13987 43.0274 0.00172362 -0.01905 -21.6977 4.27414 185.301 -0.707157 0.011436 0.706988 -20.2558 6.0683 189.484 -0.657876 0.113144 0.744579 
3.13987 3.13987 43.029 0.00172362 -0.0206375 -21.6977 4.27417 185.302 -0.707159 0.0114321 0.706866 -20.2565 6.06859 189.484 -0.65789 0.113147 0.744566 
3.13987 3.13987 43.029 0.00172362 -0.0206375 -21.6966 4.27413 185.303 -0.707282 0.011437 0.706745 -20.6011 5.69239 187.959 -0.676924 0.0846632 0.731168 
3.13987 3.13987 43.029 0.00172362 -0.0206375 -21.6965 4.27526 185.303 -0.707291 0.0113153 0.706749 -20.6523 5.84346 186.982 -0.684826 0.0715943 0.725182 
3.13987 3.13987 43.029 0.00172362 -0.0206375 -21.6965 4.27526 185.303 -0.707291 0.0113153 0.706749 -20.5959 6.11816 186.305 -0.681854 0.0687639 0.728249 
3.13987 3.13987 43.029 0.00172362 -0.0206375 -21.6954 4.27517 185.303 -0.707413 0.0113242 0.70675 -20.5139 6.35914 186.048 -0.685339 0.0678816 0.725054 
3.13987 3.13987 43.029 0.00172362 -0.0206375 -21.6941 4.27626 185.304 -0.707544 0.0112075 0.706633 -20.4307 6.53086 185.923 -0.687926 0.0671821 0.722665 
3.13987 3.13987 43.029 0.00172362 -0.0206375 -21.6953 4.27634 185.304 -0.707423 0.0111986 0.706632 -20.3549 6.63731 185.837 -0.689344 0.0664292 0.721382 
3.13987 3.13987 43.029 0.00172362 -0.0206375 -21.6953 4.27634 185.304 -0.707423 0.0111986 0.706632 -20.2796 6.68759 185.769 -0.690128 0.0656 0.720708 
3.13987 3.13987 43.029 0.00172362 -0.0206375 -21.6942 4.27516 185.305 -0.707537 0.0113253 0.706507 -20.2417 6.71149 185.716 -0.690562 0.0648493 0.72036 
3.13987 3.13987 43.029 0.00172362 -0.0206375 -21.6953 4.27634 185.304 -0.707423 0.0111986 0.706632 -20.2256 6.71634 185.675 -0.690835 0.0642147 0.720155 
3.13987 3.13987 43.029 0.00172362 -0.0206375 -21.6941 4.2763 185.305 -0.707546 0.0112036 0.706511 -20.1895 6.71232 185.646 -0.690978 0.0637091 0.720063 
3.13987 3.13987 43.029 0.00172362 -0.0206375 -21.6941 4.2763 185.305 -0.707546 0.0112036 0.706511 -20.1632 6.70589 185.61 -0.691051 0.0633034 0.720028 
3.13987 3.13987 43.029 0.00172362 -0.0206375 -21.6941 4.27743 185.305 -0.707555 0.0110819 0.706515 -20.1454 6.69995 185.601 -0.691121 0.0629853 0.719989 
3.13987 3.13987 43.029 0.00172362 -0.0206375 -21.6941 4.2763 185.305 -0.707546 0.0112036 0.706511 -20.1338 6.69565 185.595 -0.691164 0.0627282 0.71997 
3.13987 3.13987 43.029 0.00172362 -0.0206375 -21.6941 4.27743 185.305 -0.707555 0.0110819 0.706515 -20.1265 6.69265 185.591 -0.691205 0.0622098 0.719976 
3.13987 3.13987 43.029 0.00172362 -0.0206375 -21.6941 4.27743 185.305 -0.707555 0.0110819 0.706515 -20.1219 6.69092 185.589 -0.691219 0.0621512 0.719967 
3.13987 3.13987 43.029 0.00172362 -0.0206375 -21.6941 4.27743 185.305 -0.707555 0.0110819 0.706515 -20.1191 6.68987 185.588 -0.691234 0.0621162 0.719956 
3.13987 3.13987 43.029 0.00172362 -0.0206375 -21.6941 4.2763 185.305 -0.707546 0.0112036 0.706511 -20.1173 6.68917 185.587 -0.691246 0.0621001 0.719946 
3.13987 3.13987 43.029 0.00172362 -0.0206375 -21.6929 4.27738 185.306 -0.707678 0.0110869 0.706395 -20.1163 6.68873 185.586 -0.691246 0.0620912 0.719947 
3.13987 3.13987 43.029 0.00172362 -0.0206375 -21.6941 4.27743 185.305 -0.707555 0.0110819 0.706515 -20.1157 6.68851 185.586 -0.691255 0.0620832 0.719939 
3.13987 3.13987 43.029 0.00172362 -0.0206375 -21.6941 4.27743 185.305 -0.707555 0.0110819 0.706515 -20.1153 6.68841 185.586 -0.691249 0.0620757 0.719945 
3.13987 3.13987 43.029 0.00172362 -0.0206375 -21.6941 4.27743 185.305 -0.707555 0.0110819 0.706515 -20.1151 6.68836 185.586 -0.691254 0.0620715 0.719941 
3.13987 3.13987 43.029 0.00172362 -0.0206375 -21.6941 4.27743 185.305 -0.707555 0.0110819 0.706515 -20.115 6.68833 185.586 -0.69125 0.0620688 0.719945 
3.13987 3.13987 43.029 0.00172362 -0.0206375 -21.6941 4.27743 185.305 -0.707555 0.0110819 0.706515 -20.1149 6.6883 185.586 -0.691258 0.0620674 0.719937 
3.13987 3.13987 43.029 0.00172362 -0.0206375 -21.6941 4.27743 185.305 -0.707555 0.0110819 0.706515 -20.1146 6.68819 185.586 -0.691278 0.0620727 0.719918 
3.13987 3.13987 43.029 0.00172362 -0.0206375 -21.694 4.2786 185.306 -0.707565 0.0109563 0.706397 -20.1146 6.68831 185.586 -0.691281 0.0620646 0.719915 
3.13987 3.13987 43.029 0.00172362 -0.0206375 -21.6929 4.27738 185.306 -0.707678 0.0110869 0.706395 -20.1145 6.68838 185.586 -0.691291 0.0620591 0.719906 
3.13987 3.13987 43.029 0.00172362 -0.0206375 -21.6941 4.27743 185.305 -0.707555 0.0110819 0.706515 -20.1142 6.68832 185.586 -0.691315 0.0620623 0.719883 
3.13987 3.13987 43.029 0.00172362 -0.0206375 -21.6928 4.27851 185.306 -0.707687 0.0109652 0.706399 -20.1141 6.6883 185.586 -0.691326 0.0620635 0.719873 
3.13987 3.13987 43.029 0.00172362 -0.0206375 -21.6929 4.27738 185.306 -0.707678 0.0110869 0.706395 -20.114 6.68834 185.586 -0.691337 0.0620606 0.719862 
3.13987 3.13987 43.029 0.00172362 -0.0206375 -21.6929 4.27738 185.306 -0.707678 0.0110869 0.706395 -20.1141 6.68857 185.586 -0.691336 0.0620467 0.719865 
3.13987 3.13987 43.029 0.00172362 -0.0206375 -21.6929 4.27738 185.306 -0.707678 0.0110869 0.706395 -20.114 6.68844 185.586 -0.691342 0.0620549 0.719858 
3.13987 3.13987 43.029 0.00172362 -0.0206375 -21.6929 4.27738 185.306 -0.707678 0.0110869 0.706395 -20.1139 6.68836 185.586 -0.691347 0.0620598 0.719853 
3.13987 3.13987 43.029 0.00172362 -0.0206375 -21.6941 4.27743 185.305 -0.707555 0.0110819 0.706515 -20.1142 6.68835 185.586 -0.691315 0.0620598 0.719884 
3.13987 3.13987 43.029 0.00172362 -0.0206375 -21.694 4.27856 185.305 -0.707563 0.0109602 0.706519 -20.1145 6.68864 185.586 -0.691286 0.0620419 0.719912 
3.13987 3.13987 43.029 0.00172362 -0.0206375 -21.694 4.27856 185.305 -0.707563 0.0109602 0.706519 -20.1146 6.68874 185.586 -0.691281 0.0620366 0.719918 
3.13987 3.13987 43.029 0.00172362 -0.0206375 -21.6941 4.27743 185.305 -0.707555 0.0110819 0.706515 -20.1146 6.68864 185.586 -0.691277 0.0620424 0.719921 
3.13987 3.13987 43.029 0.00172362 -0.0206375 -21.694 4.27856 185.305 -0.707563 0.0109602 0.706519 -20.1147 6.6885 185.586 -0.691262 0.0620506 0.719935 
3.13987 3.13987 43.029 0.00172362 -0.0206375 -21.694 4.27856 185.305 -0.707563 0.0109602 0.706519 -20.1148 6.68859 185.586 -0.691254 0.0620451 0.719943 
3.13987 3.13987 43.029 0.00172362 -0.0206375 -21.6941 4.27743 185.305 -0.707555 0.0110819 0.706515 -20.1148 6.68859 185.586 -0.691249 0.062045 0.719948 
3.13987 3.13987 43.029 0.00172362 -0.0206375 -21.694 4.27856 185.305 -0.707563 0.0109602 0.706519 -20.1148 6.68869 185.586 -0.691247 0.0620387 0.719951 
3.13987 3.13987 43.029 0.00172362 -0.0206375 -21.694 4.27856 185.305 -0.707563 0.0109602 0.706519 -20.1148 6.68892 185.586 -0.691246 0.0620241 0.719953 
3.13987 3.13987 43.029 0.00172362 -0.0206375 -21.694 4.27856 185.305 -0.707563 0.0109602 0.706519 -20.1148 6.68906 185.586 -0.691246 0.0620153 0.719954 
3.13987 3.13987 43.029 0.00172362 -0.0206375 -21.694 4.27856 185.305 -0.707563 0.0109602 0.706519 -20.1148 6.68883 185.586 -0.691244 0.0620298 0.719954 
3.13987 3.13987 43.029 0.00172362 -0.0206375 -21.694 4.27856 185.305 -0.707563 0.0109602 0.706519 -20.1148 6.68887 185.586 -0.691244 0.0620274 0.719955 
3.13987 3.13987 43.029 0.00172362 -0.0206375 -21.6928 4.27851 185.306 -0.707687 0.0109652 0.706399 -20.1146 6.68903 185.586 -0.691272 0.0620182 0.719928 
3.13987 3.13987 43.029 0.00172362 -0.0206375 -21.694 4.27856 185.305 -0.707563 0.0109602 0.706519 -20.1146 6.68912 185.586 -0.691272 0.0620126 0.719929 
3.13987 3.13987 43.029 0.00172362 -0.0206375 -21.694 4.27856 185.305 -0.707563 0.0109602 0.706519 -20.1147 6.68918 185.586 -0.691261 0.0620085 0.719939 
3.13987 3.13987 43.029 0.00172362 -0.0206375 -21.694 4.27856 185.305 -0.707563 0.0109602 0.706519 -20.1148 6.68903 185.586 -0.691254 0.0620175 0.719946 
3.13987 3.13987 43.029 0.00172362 -0.0206375 -21.6929 4.27738 185.306 -0.707678 0.0110869 0.706395 -20.1147 6.68892 185.586 -0.691263 0.0620247 0.719937 
3.13987 3.13987 43.029 0.00172362 -0.0206375 -21.694 4.27856 185.305 -0.707563 0.0109602 0.706519 -20.1147 6.68901 185.586 -0.691267 0.0620192 0.719933 
3.13987 3.13987 43.029 0.00172362 -0.0206375 -21.694 4.27856 185.305 -0.707563 0.0109602 0.706519 -20.1147 6.68911 185.586 -0.691258 0.0620123 0.719942 
