2.6449 -2.9 55.9481 6.23981 -14.5447 -22.4168 13.5496 182.329 -0.711614 -0.0164644 0.702264 -17.7396 11.3292 185.539 -0.699131 -0.0941594 0.708767 
2.55728 -2.60928 68.8084 5.89278 -26.2239 -22.4672 16.1137 180.455 -0.794577 0.00165381 0.607054 -16.36 11.2509 184.013 -0.760262 -0.0858568 0.643918 
2.54407 -2.61503 68.8307 5.92122 -26.27 -22.468 16.1228 180.453 -0.79449 0.000677897 0.607207 -16.3345 11.2823 184.02 -0.756878 -0.101135 0.645683 
2.53718 -2.6179 68.8418 5.93674 -26.2969 -22.591 16.0029 180.459 -0.794151 -0.00995647 0.607552 -16.3323 11.2863 184.021 -0.754892 -0.10967 0.646615 
2.53402 -2.61876 68.8354 5.94737 -26.3382 -22.6005 15.9619 180.457 -0.793573 -0.0175354 0.60816 -16.3609 11.2189 183.986 -0.753368 -0.116543 0.647189 
2.53516 -2.61646 68.837 5.95455 -26.3954 -22.7177 15.9058 180.461 -0.793412 -0.0230395 0.608217 -16.4556 11.006 183.933 -0.752206 -0.123891 0.647176 
2.53373 -2.61187 69.0339 5.95771 -26.2827 -22.7279 15.8475 180.349 -0.792904 -0.0291548 0.608656 -16.5291 10.8459 184.195 -0.752096 -0.130116 0.646081 
2.53028 -2.60842 69.2402 5.96115 -26.0795 -22.8599 15.5107 180.476 -0.792333 -0.0400502 0.608762 -16.5606 10.765 184.56 -0.751938 -0.135401 0.645179 
2.52568 -2.60669 69.3831 5.96575 -25.989 -22.875 15.182 180.939 -0.791894 -0.0510749 0.608508 -16.5464 10.7491 184.77 -0.751339 -0.139886 0.64492 
2.52023 -2.60871 69.3688 5.97437 -25.9969 -22.996 15.0184 181.171 -0.791476 -0.0562224 0.60855 -16.4899 10.809 184.769 -0.749722 -0.143967 0.645903 
2.51103 -2.61646 69.2498 5.99161 -26.1684 -22.9962 15.0412 181.172 -0.791447 -0.0586733 0.608386 -16.4143 10.9978 184.534 -0.746884 -0.149244 0.64799 
2.49897 -2.6179 69.0243 6.00654 -26.3398 -22.9987 15.0662 181.172 -0.791181 -0.0613693 0.608471 -16.1058 11.1358 184.259 -0.741651 -0.156774 0.652209 
2.4846 -2.61301 68.8005 6.0189 -26.4176 -23.0075 15.2057 180.936 -0.790091 -0.0651664 0.609437 -15.6376 11.2031 184.104 -0.734797 -0.166679 0.657489 
2.46019 -2.60267 68.6941 6.03067 -26.5208 -22.5831 15.35 180.68 -0.787603 -0.0712827 0.61205 -14.8792 11.3736 184.054 -0.725803 -0.178958 0.664217 
2.42112 -2.58802 69.3228 6.02809 -27.2637 -22.073 15.6269 180.496 -0.781741 -0.0797233 0.618362 -13.8968 11.8795 183.919 -0.721168 -0.184445 0.667755 
2.33264 -2.5886 71.4866 6.06113 -29.8688 -20.5423 15.4668 180.063 -0.768661 -0.118371 0.628509 -12.7934 12.9744 183.085 -0.717131 -0.204345 0.666308 
2.26369 -2.60928 73.0423 6.09071 -31.6325 -19.8671 16.0968 179.711 -0.767521 -0.130056 0.627535 -12.0618 13.8968 182.538 -0.71784 -0.210345 0.663673 
2.20538 -2.63399 74.1742 6.11858 -32.974 -19.2711 17.4603 179 -0.767198 -0.137434 0.626552 -11.4519 14.5863 182.072 -0.718821 -0.213787 0.661507 
2.16487 -2.6518 75.1045 6.12835 -33.8757 -18.6661 18.5365 178.634 -0.768283 -0.136702 0.625319 -10.9346 15.0212 181.88 -0.722629 -0.210679 0.658348 
2.08673 -2.68742 76.8777 6.15075 -35.7203 -17.9144 19.8768 178.378 -0.771667 -0.128468 0.622892 -9.95672 15.5896 181.389 -0.729298 -0.209315 0.651392 
2.00343 -2.72677 78.2985 6.17431 -37.7396 -16.8115 21.8222 177.64 -0.77477 -0.116302 0.621432 -8.75078 16.2334 180.469 -0.734155 -0.205789 0.647046 
1.74862 -2.81525 80.9639 6.23665 -43.1832 -10.9759 27.7842 174.202 -0.767922 -0.0716878 0.636494 -3.4491 18.1806 176.524 -0.724109 -0.198041 0.66064 
1.74402 -2.86409 81.0592 6.22832 -43.8166 -10.1904 28.5265 173.351 -0.765915 -0.0615037 0.639921 -4.11364 19.5734 175.857 -0.740576 -0.157805 0.65318 
1.81383 -2.87903 81.1894 6.16167 -48.6331 -9.5707 28.3882 168.285 -0.776732 0.00492741 0.629812 -5.5347 20.3477 170.933 -0.763596 -0.0977453 0.638253 
1.80866 -2.90431 81.3148 6.1904 -48.1441 -10.9928 30.3444 168.21 -0.783862 0.0162522 0.620611 -6.40527 20.9403 171.403 -0.766166 -0.101602 0.634561 
1.80176 -2.91436 81.3481 6.1993 -47.9727 -11.1937 30.5772 168.332 -0.785216 0.0164902 0.61891 -6.53714 21.1805 171.572 -0.766765 -0.101243 0.633894 
1.79343 -2.92442 81.3513 6.20936 -47.8949 -11.3953 30.7883 168.454 -0.786482 0.0190487 0.617254 -6.64622 21.4101 171.649 -0.767052 -0.101779 0.633461 
1.78998 -2.92873 81.3481 6.21338 -47.8584 -11.6068 31.0152 168.454 -0.786836 0.019534 0.616754 -6.65829 21.5389 171.69 -0.767062 -0.101528 0.633488 
1.78998 -2.93189 81.2624 6.21338 -47.9536 -11.5963 31.2338 168.56 -0.786928 0.020388 0.616605 -6.71585 21.6337 171.591 -0.767837 -0.0992953 0.632904 
2.02669 -2.7825 81.4576 6.04389 -45.2818 -11.9726 28.5606 170.594 -0.790599 0.0281848 0.611752 -8.99251 18.6315 174.109 -0.781518 -0.0761596 0.619217 
1.59636 -3.1347 81.0338 0.181555 -48.5854 -15.2033 39.3693 166.058 -0.801187 0.0401848 0.596954 -9.89529 25.5107 170.891 -0.764551 -0.151514 0.626503 
1.58803 -3.14159 81.0878 0.18845 -48.9744 -15.2937 40.0831 165.368 -0.801239 0.0454284 0.596538 -9.93275 25.6511 170.5 -0.764432 -0.152167 0.626489 
1.59694 -3.13355 81.6815 0.224071 -52.2811 -15.2965 40.1032 165.252 -0.801086 0.042871 0.596986 -10.9649 25.0364 167.197 -0.757123 -0.184603 0.626647 
1.73339 -3.07868 81.6196 0.214017 -56.6007 -18.3185 37.1766 159.903 -0.797899 -0.0460921 0.600968 -14.1483 22.9275 162.809 -0.758731 -0.216881 0.614239 
1.87186 -3.03904 81.7704 0.166904 -58.5533 -21.4794 32.5454 157.887 -0.804956 -0.0836825 0.587388 -17.0801 21.6754 160.735 -0.773189 -0.21145 0.597886 
1.6406 3.13958 82.5927 0.194482 -68.6435 -19.8701 37.8898 149.752 -0.818958 0.0031592 0.573716 -14.8517 39.6171 145.94 -0.82545 0.0759201 0.559347 
1.5076 3.14131 82.8023 0.26314 -81.3784 -15.1429 39.4094 135.958 -0.786103 -0.0359744 0.61698 -13.7152 40.6575 133.458 -0.815222 0.0334966 0.578178 
1.93764 -2.94625 82.6356 0.0384943 -87.5713 -18.886 32.9606 130.069 -0.80208 -0.0578916 0.594323 -14.5593 20.6934 131.751 -0.777 -0.175011 0.604683 
2.40273 -2.162 83.0928 5.46159 -65.8559 -16.1267 6.14298 152.841 -0.808807 -0.0962512 0.580031 -9.11066 3.5147 153.52 -0.782485 -0.129564 0.60904 
2.21342 -2.44582 83.1086 5.7661 -60.3345 -15.2995 12.3143 158.151 -0.805924 -0.0830764 0.586158 -6.61488 10.1375 159.215 -0.764778 -0.126933 0.631667 
2.0807 -2.59492 83.1118 5.91692 -57.6786 -14.3937 16.873 160.882 -0.797145 -0.0742942 0.599075 -5.78794 13.3957 161.85 -0.759521 -0.123945 0.638565 
1.96378 -2.71787 83.0309 6.02608 -56.0784 -13.2346 20.9276 162.679 -0.794273 -0.0517018 0.605382 -5.38264 16.357 163.449 -0.759767 -0.112515 0.640386 
1.819 -2.85346 82.8816 6.15075 -55.7593 -12.1695 25.5227 163.027 -0.792552 -0.0199789 0.609327 -5.03493 19.6306 163.823 -0.759152 -0.10788 0.641911 
1.49898 -3.1301 82.507 0.114621 -57.1818 -9.41106 38.9389 159.324 -0.784089 0.0633299 0.617358 -4.74597 26.1995 162.475 -0.757644 -0.100841 0.644831 
1.35822 3.14159 82.4736 0.227518 -66.8988 -8.54894 39.8608 150.459 -0.765602 0.00129468 0.643229 -7.58857 42.1584 148.475 -0.795685 0.0755835 0.600976 
1.35937 -3.14159 82.8864 0.242169 -69.4134 -8.82952 39.5259 147.572 -0.76505 -0.0199775 0.643677 -3.57052 26.3285 150.55 -0.721479 -0.184231 0.667478 
1.57827 -3.09908 84.1104 0.151966 -76.8144 -10.8765 39.25 143.845 -0.778446 -0.00755076 0.627555 -7.79744 24.9752 142.758 -0.755793 -0.150917 0.637182 
1.95114 -2.87098 84.3739 6.19528 -82.9532 -15.0867 31.0438 136.845 -0.800472 -0.0228436 0.598893 -10.8743 19.9281 136.447 -0.776678 -0.129608 0.61642 
2.45502 -2.08185 84.8406 5.32226 -81.7451 -16.3541 7.9783 139.056 -0.81546 -0.041465 0.577215 -10.4835 2.05479 137.444 -0.796142 -0.0898145 0.598407 
2.18958 -2.46708 84.8089 5.74743 -70.3739 -14.5013 14.3017 150.678 -0.807361 -0.0502094 0.587906 -5.82514 10.7931 149.181 -0.767369 -0.0957959 0.634009 
2.01779 -2.64864 84.7723 5.94851 -69.261 -13.2538 19.2583 151.629 -0.799923 -0.043904 0.598356 -4.89534 14.7233 150.265 -0.759516 -0.105867 0.641816 
1.92874 -2.73194 84.6406 6.04102 -69.261 -12.4911 22.6222 151.674 -0.795893 -0.0359121 0.604273 -4.66421 16.6063 150.291 -0.75656 -0.113738 0.643957 
1.88507 -2.7782 84.4993 6.08008 -69.5388 -11.9858 24.7693 151.232 -0.793806 -0.0300203 0.607352 -4.64267 17.767 150.027 -0.757456 -0.109167 0.643694 
1.8121 -2.85461 84.331 6.1496 -70.7295 -11.5604 27.8658 149.641 -0.792164 -0.00982354 0.610088 -4.79578 19.6601 148.86 -0.758579 -0.106178 0.642872 
1.75034 -2.92384 84.2072 6.21165 -74.1394 -11.4924 30.71 146.071 -0.791616 0.00778544 0.610969 -5.13964 21.3749 145.46 -0.760322 -0.103281 0.641283 
1.74373 -2.9382 84.1723 6.22602 -76.4143 -11.3632 31.6073 143.706 -0.79263 0.0104687 0.609672 -5.48181 21.7169 143.178 -0.761487 -0.104022 0.639779 
1.90087 -2.82445 84.1548 6.1203 -80.7482 -11.7961 29.9589 139.649 -0.793767 0.0066697 0.608101 -6.75698 19.0514 138.765 -0.766752 -0.105554 0.633206 
2.40158 -2.21974 84.5215 5.45757 -82.2769 -15.8957 11.845 138.547 -0.813209 -0.0282175 0.581149 -9.27961 5.66624 137.029 -0.790043 -0.0752323 0.608418 
2.05083 -2.505 84.1865 5.73479 -66.3448 -9.27403 16.0079 155.224 -0.790338 0.00229232 0.612599 -1.43094 10.6153 153.275 -0.754342 -0.0620788 0.65354 
1.91638 -2.66817 83.9437 5.92927 -67.9402 -8.69876 21.3405 153.306 -0.785102 -0.0034226 0.619318 -1.46551 14.7835 151.657 -0.75099 -0.0789901 0.655572 
1.87157 -2.71528 83.8611 5.98356 -68.9102 -8.5488 23.0779 152.221 -0.783453 -0.00243454 0.621464 -1.49021 15.9819 150.711 -0.750029 -0.0842002 0.656024 
1.83767 -2.75349 83.8198 6.02177 -70.0675 -8.52609 24.463 150.926 -0.781745 0.000138462 0.623557 -1.57892 16.9833 149.569 -0.750334 -0.0843444 0.655656 
1.82072 -2.77705 83.8611 6.03872 -70.9787 -8.27306 25.5024 149.884 -0.781854 0.00380517 0.623438 -1.67756 17.6285 148.663 -0.75171 -0.0795606 0.654678 
1.81153 -2.79026 83.7786 6.04791 -71.5391 -8.26029 26.1106 149.188 -0.781448 0.00796131 0.623907 -1.74295 17.9908 148.105 -0.752559 -0.0766886 0.654044 
1.79918 -2.8029 83.7674 6.06227 -72.1519 -8.13727 26.4909 148.618 -0.781645 0.0125999 0.623513 -1.78983 18.3114 147.498 -0.75243 -0.0782155 0.654012 
1.78941 -2.81152 83.7563 6.07721 -72.8091 -8.2464 26.8881 147.818 -0.781163 0.0155323 0.624022 -1.87519 18.5149 146.847 -0.751732 -0.0831563 0.654205 
1.78453 -2.81583 83.7357 6.08842 -73.487 -8.3491 27.331 147.136 -0.781224 0.0139433 0.623952 -1.96045 18.6288 146.175 -0.750913 -0.0882417 0.654479 
1.78453 -2.8164 83.7484 6.09387 -74.2394 -8.46174 27.568 146.458 -0.781105 0.0105245 0.624185 -2.07182 18.6355 145.422 -0.750556 -0.0919154 0.654383 
1.78711 -2.81554 83.7341 6.09588 -74.8967 -8.57818 27.5785 145.793 -0.781466 0.00747363 0.623923 -2.18314 18.6126 144.762 -0.750547 -0.094044 0.654091 
1.79056 -2.81382 83.7135 6.09703 -75.5729 -8.57778 27.5725 145.134 -0.782399 0.00575869 0.62277 -2.3204 18.5482 144.08 -0.75066 -0.0963395 0.653627 
1.79487 -2.81181 83.6992 6.09818 -76.2984 -8.8228 27.469 144.46 -0.781373 0.00343716 0.623933 -2.4538 18.4966 143.351 -0.750693 -0.0986516 0.653244 
1.80004 -2.80836 83.6976 6.09933 -77.0811 -9.06481 27.4801 143.67 -0.780373 0.00038812 0.625242 -2.59152 18.4027 142.564 -0.750494 -0.102016 0.652957 
1.80665 -2.80606 83.6865 6.09933 -77.9574 -9.18817 27.4927 142.887 -0.78014 -0.00327514 0.625604 -2.77688 18.3505 141.682 -0.750894 -0.103663 0.652236 
1.81268 -2.80348 83.6595 6.09933 -78.7908 -9.07282 27.4854 142.012 -0.781735 -0.00609656 0.623517 -2.93766 18.2875 140.843 -0.751134 -0.105527 0.65166 
1.81929 -2.80003 83.6325 6.09904 -79.6798 -9.07985 27.2505 141.253 -0.782907 -0.00757054 0.621992 -3.0977 18.1997 139.949 -0.751269 -0.107807 0.651132 
1.82647 -2.79658 83.6166 6.09904 -80.6117 -9.326 27.0282 140.367 -0.7825 -0.00989326 0.62243 -3.28254 18.1119 139.011 -0.751448 -0.110301 0.650508 
1.83307 -2.79457 83.677 6.09904 -81.6499 -9.57374 26.9205 139.359 -0.781625 -0.0129457 0.623497 -3.48828 18.0635 137.96 -0.752 -0.111764 0.649619 
1.84112 -2.79112 83.5785 6.09531 -82.5341 -9.92199 26.9285 138.357 -0.781493 -0.0159988 0.623717 -3.63503 17.9903 137.069 -0.752708 -0.111445 0.648854 
1.8506 -2.78796 83.5992 6.08784 -83.3676 -10.0495 26.7998 137.469 -0.781403 -0.0168568 0.623745 -3.76964 17.9448 136.228 -0.754102 -0.108084 0.647802 
1.86037 -2.78538 83.6214 6.07922 -84.1502 -10.0565 26.7569 136.581 -0.781842 -0.0153916 0.623213 -3.90455 17.9251 135.437 -0.75578 -0.103411 0.646608 
1.86812 -2.78423 83.623 6.07549 -84.9265 -9.82278 26.8038 135.814 -0.783575 -0.0120993 0.62105 -4.08365 17.9276 134.653 -0.756995 -0.101365 0.64551 
1.8776 -2.78136 83.6119 6.07376 -85.798 -9.9395 26.6549 135.048 -0.7845 -0.0103879 0.620028 -4.3285 17.8734 133.773 -0.757832 -0.102101 0.644412 
1.99222 -2.69862 83.6277 5.98442 -88.8889 -10.5713 25.0558 132.013 -0.78691 -0.0150508 0.616791 -5.36737 16.0732 130.625 -0.763608 -0.0949612 0.638659 
2.33293 -2.33838 83.7151 5.59345 -93.3672 -14.5254 14.9398 127.604 -0.805082 -0.0330399 0.5922 -8.30024 8.46267 126.064 -0.782838 -0.0803333 0.617017 
2.29041 -1.75867 83.9056 4.88446 -84.7487 -12.0345 -3.94531 136.707 -0.799956 0.0134704 0.599892 -8.38176 -10.8353 135.594 -0.79613 -0.051441 0.602935 
2.29472 -1.76557 83.6897 4.8994 -84.7646 -11.944 -4.46108 136.951 -0.800071 -0.00265723 0.599935 -8.29366 -10.5192 135.585 -0.79578 -0.0566017 0.602935 
2.29443 -1.77189 83.6293 4.89883 -84.9297 -11.9461 -4.45536 136.95 -0.799848 -0.00327195 0.600074 -8.2924 -10.2517 135.425 -0.795939 -0.0506833 0.603251 
2.29903 -1.77648 83.5865 4.90371 -85.1027 -11.9449 -4.36008 136.832 -0.799672 -0.0019234 0.600394 -8.33944 -9.90754 135.25 -0.796317 -0.0492237 0.602874 
2.30592 -1.78223 83.5484 4.91491 -85.3186 -11.9399 -4.0594 136.481 -0.79933 0.000525873 0.60092 -8.34737 -9.52641 135.03 -0.796352 -0.0519471 0.602598 
2.30966 -1.78855 83.5277 4.92123 -85.5599 -11.9377 -3.93476 136.256 -0.799414 -0.00167668 0.60075 -8.34888 -9.18509 134.785 -0.796426 -0.0508096 0.602598 
2.31425 -1.79458 83.5119 4.92411 -85.7583 -11.9274 -3.59173 136.022 -0.799479 -0.00338755 0.600684 -8.39905 -8.80119 134.579 -0.796725 -0.0470334 0.602508 
2.31914 -1.79975 83.4944 4.92497 -85.8806 -11.9224 -3.38856 135.792 -0.799429 -0.00204644 0.60064 -8.46513 -8.41081 134.45 -0.797134 -0.0419698 0.602342 
2.32402 -1.80463 83.4738 4.92267 -86.0076 -12.0269 -3.19034 135.564 -0.799589 0.00027515 0.600443 -8.56538 -8.02699 134.311 -0.797612 -0.0350315 0.602153 
2.3289 -1.80894 83.4626 4.9152 -86.1584 -12.1267 -2.89741 135.444 -0.799665 0.00479529 0.600296 -8.70494 -7.62431 134.146 -0.798179 -0.0244731 0.601923 
2.33465 -1.8121 83.4563 4.90974 -86.3552 -12.2206 -2.44203 135.204 -0.799633 0.015428 0.600313 -8.84688 -7.26172 133.932 -0.798678 -0.016392 0.601535 
2.34068 -1.81498 83.4769 4.9063 -86.5378 -12.2125 -2.28174 135.089 -0.799767 0.0217734 0.599862 -8.98024 -6.92145 133.73 -0.799123 -0.0101285 0.601082 
2.34614 -1.81699 83.4785 4.90199 -86.6632 -12.3214 -2.20066 134.865 -0.799904 0.0247046 0.599645 -9.11193 -6.62909 133.586 -0.799523 -0.00403556 0.600622 
2.35189 -1.81814 83.4944 4.89653 -86.7585 -12.5469 -2.22432 134.757 -0.799791 0.0277526 0.599543 -9.26178 -6.35474 133.471 -0.799948 0.00225494 0.600065 
2.35734 -1.81756 83.5103 4.89136 -86.7966 -12.6506 -2.0383 134.642 -0.799887 0.0317811 0.59929 -9.41415 -6.16496 133.414 -0.800403 0.00674232 0.599425 
2.36395 -1.81555 83.5135 4.8813 -86.7981 -12.6459 -1.97128 134.533 -0.800096 0.0361678 0.59866 -9.63082 -5.95432 133.391 -0.800961 0.0140448 0.598552 
2.36567 -1.81383 83.5166 4.86407 -86.7981 -12.7474 -1.7895 134.531 -0.800286 0.0410463 0.598136 -9.79141 -5.82445 133.382 -0.800874 0.0262098 0.598258 
2.36539 -1.81153 83.55 4.84425 -86.7791 -12.9595 -1.39156 134.516 -0.799245 0.0590926 0.598019 -9.91611 -5.73408 133.405 -0.800371 0.0400132 0.598168 
2.3786 -1.79573 83.7008 4.74916 -86.2092 -13.056 0.168392 135.124 -0.79108 0.133916 0.596805 -10.8317 -4.98503 133.939 -0.796399 0.104251 0.595718 
2.4599 -1.77964 83.7436 4.67763 -86.0346 -14.6993 1.31754 135.04 -0.774425 0.232021 0.588491 -13.1328 -2.26904 133.673 -0.797362 0.159224 0.582118 
2.48259 -1.80463 83.7754 4.79656 -85.7837 -15.0761 1.38638 135.218 -0.796401 0.155335 0.584441 -13.2386 -2.24568 133.714 -0.81039 0.0879023 0.57926 
2.49868 -1.83394 83.8024 4.91118 -85.5345 -15.6491 1.56528 135.49 -0.808226 0.0916328 0.581549 -13.2537 -2.27251 133.781 -0.815779 0.0218967 0.577949 
2.51448 -1.87301 83.8151 5.04677 -85.3122 -16.1654 1.55256 135.657 -0.815201 0.0237162 0.578613 -13.277 -2.30884 133.8 -0.81478 -0.0530836 0.577336 
2.51908 -1.88938 83.8024 5.09963 -85.2122 -16.498 1.60719 135.8 -0.8166 -0.0163779 0.576893 -13.2648 -2.32797 133.831 -0.812354 -0.0813496 0.577462 
2.52454 -1.90805 83.804 5.15708 -85.1329 -16.7289 1.67271 135.826 -0.816648 -0.0464993 0.575196 -13.2837 -2.31419 133.837 -0.8088 -0.110883 0.577535 
2.52884 -1.92816 83.7944 5.21655 -85.0567 -16.9764 1.62827 135.853 -0.815356 -0.0767848 0.573732 -13.2939 -2.31261 133.843 -0.803875 -0.140946 0.577857 
2.53545 -1.98044 83.7865 5.36679 -84.9328 -17.9854 1.47269 135.914 -0.806363 -0.15236 0.571461 -13.3094 -2.29756 133.829 -0.786499 -0.213912 0.579363 
2.54321 -2.02066 83.4992 5.45728 -86.233 -19.3542 1.77315 135.082 -0.793625 -0.218838 0.567624 -13.6308 -2.08415 132.413 -0.775804 -0.250186 0.579253 
2.42313 -2.39986 83.4404 5.77069 -96.6835 -22.2447 10.2518 123.321 -0.820221 -0.139078 0.554828 -13.9157 8.36486 122.282 -0.787496 -0.167981 0.592986 
2.34786 -2.50471 83.5436 5.83389 -97.1217 -22.1556 14.0955 122.509 -0.825793 -0.0987715 0.555161 -13.0953 11.6964 121.996 -0.790242 -0.129391 0.598979 
2.3447 -2.51247 83.5436 5.8201 -97.1359 -22.013 14.6572 122.368 -0.826607 -0.0880868 0.555798 -12.9164 12.1542 121.979 -0.793045 -0.112101 0.59876 
2.33982 -2.51735 83.542 5.81752 -97.1423 -21.7515 15.2911 122.332 -0.82763 -0.0732351 0.556544 -12.7646 12.3767 121.981 -0.793528 -0.105964 0.599237 
2.33293 -2.51936 83.5468 5.81924 -97.1502 -21.612 15.7647 122.423 -0.828272 -0.0642864 0.556625 -12.5524 12.4531 121.994 -0.792647 -0.105551 0.600475 
2.32029 -2.49351 83.5516 5.79597 -97.1598 -21.0388 16.1986 122.381 -0.827715 -0.0532462 0.558454 -11.4594 11.89 122.078 -0.787989 -0.108131 0.606119 
2.32258 -2.47886 83.5547 5.7819 -97.1629 -20.7066 16.1805 122.482 -0.827303 -0.0522565 0.559271 -11.1972 11.5455 122.093 -0.786991 -0.109119 0.607238 
2.32574 -2.46507 83.5563 5.76639 -97.1645 -20.5 15.9479 122.474 -0.826428 -0.0521225 0.5606 -10.971 11.2414 122.104 -0.786489 -0.108327 0.608029 
2.32689 -2.45329 83.5563 5.75001 -97.1645 -20.1827 15.7148 122.574 -0.825304 -0.0519856 0.562291 -10.6926 11.0129 122.12 -0.786168 -0.10524 0.608986 
2.32661 -2.44065 83.5563 5.7322 -97.1645 -19.9754 15.4675 122.567 -0.824493 -0.0502621 0.563568 -10.3439 10.7634 122.141 -0.785615 -0.101808 0.610282 
2.32632 -2.43088 83.5579 5.71697 -97.1661 -19.6535 15.207 122.671 -0.823875 -0.0471884 0.564803 -10.0637 10.5794 122.156 -0.78533 -0.0980568 0.611262 
2.32718 -2.42514 83.5579 5.7052 -97.1661 -19.3222 15.1662 122.769 -0.823369 -0.0437523 0.565784 -9.9114 10.498 122.162 -0.785598 -0.0936392 0.611611 
2.33034 -2.42112 83.5579 5.69457 -97.1661 -19.1068 15.0156 122.764 -0.822992 -0.0404416 0.566525 -9.87779 10.4676 122.158 -0.786401 -0.0886389 0.611323 
2.33436 -2.41853 83.5579 5.68451 -97.1661 -18.9942 14.9763 122.87 -0.822953 -0.0362717 0.566999 -9.89837 10.4831 122.149 -0.787496 -0.0828566 0.610724 
2.33867 -2.41566 83.5579 5.67704 -97.1661 -18.8799 14.9255 122.87 -0.823256 -0.0312548 0.566838 -9.95506 10.4632 122.139 -0.788352 -0.0793457 0.610087 
2.34269 -2.41193 83.5579 5.66986 -97.1661 -18.7649 14.9859 122.754 -0.823326 -0.0266087 0.566808 -9.99689 10.4094 122.13 -0.788996 -0.0767969 0.60958 
2.34585 -2.40848 83.5579 5.66239 -97.1661 -18.7635 14.9611 122.864 -0.823332 -0.0235481 0.566952 -10.0071 10.3671 122.125 -0.789558 -0.0737895 0.609223 
2.34901 -2.40561 83.5595 5.65406 -97.1677 -18.7609 14.9372 122.866 -0.823604 -0.0209781 0.566749 -10.0147 10.3535 122.116 -0.790254 -0.0696113 0.608812 
2.35189 -2.40245 83.5595 5.64659 -97.1677 -18.646 14.9023 122.868 -0.823973 -0.0176761 0.5664 -10.0187 10.3207 122.11 -0.790787 -0.0663611 0.608483 
2.35447 -2.39871 83.5595 5.6397 -97.1677 -18.645 14.8682 122.869 -0.824082 -0.0140094 0.566281 -10.014 10.2614 122.106 -0.791149 -0.0640595 0.608259 
2.35763 -2.39268 83.5595 5.63223 -97.1677 -18.5305 14.9436 122.862 -0.82395 -0.0105836 0.566534 -10.0074 10.1271 122.104 -0.791334 -0.0632615 0.608103 
2.36079 -2.38463 83.5595 5.62534 -97.1677 -18.5312 14.9255 122.861 -0.823877 -0.0086289 0.566591 -9.99254 9.91546 122.103 -0.791224 -0.0646474 0.608099 
2.36251 -2.37659 83.5595 5.62246 -97.1677 -18.4241 14.803 122.863 -0.823848 -0.00789338 0.566688 -9.96465 9.66147 122.108 -0.790621 -0.069248 0.608378 
2.36481 -2.36682 83.5595 5.6193 -97.1677 -18.433 14.5925 122.868 -0.823774 -0.00923505 0.566854 -9.94281 9.34966 122.113 -0.789879 -0.0751045 0.608647 
2.3674 -2.35562 83.5595 5.61212 -97.1677 -18.3428 14.1972 122.987 -0.823118 -0.0147374 0.567515 -9.8851 9.02661 122.119 -0.789277 -0.0790334 0.60893 
2.3697 -2.34039 83.5595 5.59747 -97.1677 -18.3655 13.8012 122.993 -0.822452 -0.0201057 0.568538 -9.72466 8.63226 122.13 -0.788678 -0.0805773 0.609503 
2.37171 -2.32287 83.5611 5.57966 -97.1693 -18.2723 13.4876 122.997 -0.821814 -0.0227994 0.569107 -9.52249 8.18215 122.144 -0.788026 -0.0816885 0.610198 
2.37343 -2.30161 83.5611 5.55582 -97.1693 -17.955 13.1601 123.107 -0.821133 -0.0245016 0.570132 -9.25529 7.64817 122.164 -0.787402 -0.0813941 0.611042 
2.37717 -2.27806 83.5627 5.5291 -97.1709 -17.7652 12.5988 123.105 -0.819786 -0.0249754 0.572085 -9.05717 7.05564 122.177 -0.787155 -0.080893 0.611427 
2.38866 -2.22003 83.5643 5.45125 -97.1725 -17.1519 11.4353 123.333 -0.817921 -0.0216554 0.574762 -8.72864 5.68563 122.199 -0.788392 -0.0704283 0.611128 
2.40302 -2.12638 83.569 5.32945 -97.1772 -16.2175 9.93162 123.553 -0.815499 -0.00707142 0.578651 -8.61714 3.32368 122.246 -0.791395 -0.0581611 0.608533 
2.40474 -2.03301 83.5738 5.20649 -97.182 -15.3107 7.8692 123.677 -0.812472 0.00725795 0.582906 -8.61543 0.847449 122.386 -0.794454 -0.0449024 0.605662 
2.39526 -1.95804 83.5785 5.11543 -97.1867 -14.6273 5.61759 123.934 -0.810157 0.0192496 0.585904 -8.681 -1.43808 122.583 -0.796461 -0.0408421 0.60331 
2.38033 -1.91236 83.7754 5.06659 -96.7105 -14.144 3.93143 124.077 -0.808682 0.0188931 0.587852 -8.60511 -3.16109 123.233 -0.796722 -0.0448089 0.602683 
2.36165 -1.88076 83.977 5.02867 -95.3294 -13.8801 2.05476 124.909 -0.80804 0.0063224 0.589112 -8.4254 -4.62792 124.762 -0.796605 -0.0462489 0.602728 
2.34786 -1.86554 84.0802 5.00857 -94.0594 -13.6777 1.18551 126.051 -0.807894 0.00693144 0.589212 -8.25978 -5.46023 126.115 -0.796177 -0.0458072 0.603327 
2.33063 -1.8595 84.1818 5.00454 -92.0559 -13.6004 0.248263 128.06 -0.805553 0.0064651 0.592496 -7.91271 -6.16603 128.186 -0.794811 -0.0506197 0.604742 
2.31914 -1.85979 84.1865 5.00311 -90.8066 -13.3676 -0.0327201 129.746 -0.805707 0.00572614 0.592156 -7.61733 -6.47912 129.468 -0.793762 -0.050907 0.606094 
2.30793 -1.85807 84.2056 4.99851 -88.7349 -12.9232 -0.452017 131.859 -0.804483 0.00854924 0.59388 -7.41762 -6.85169 131.568 -0.79308 -0.0505977 0.607012 
2.2996 -1.79803 84.0691 4.93531 -81.172 -12.3632 -2.61429 140.396 -0.803251 0.00501941 0.595691 -8.01103 -9.19596 139.188 -0.795165 -0.0549743 0.603897 
1.78079 -1.83825 84.0802 4.85832 -58.6835 -2.53509 -15.1114 161.776 -0.753735 0.0403856 0.655846 -2.85425 -24.1106 160.315 -0.775913 -0.0418424 0.629451 
2.41652 -2.00256 83.4484 5.00311 -36.8109 -11.5506 8.13 184.102 -0.789851 0.144113 0.596088 -8.95363 1.67645 182.748 -0.792994 0.0907769 0.602429 
1.86898 -2.72591 83.5817 5.77156 -24.2205 3.05994 23.137 196.002 -0.7358 0.149263 0.660477 1.88468 16.2788 195.392 -0.751221 0.0838297 0.654705 
2.03158 -2.78595 83.3182 5.85142 -24.9285 -5.4633 28.1944 194.603 -0.773571 0.162991 0.612245 -5.46278 20.1842 194.45 -0.782498 0.077642 0.617794 
2.09219 -2.79055 83.2102 5.86865 -25.8016 -8.56962 28.8838 193.426 -0.786914 0.157103 0.596724 -7.94053 20.8092 193.456 -0.791957 0.0701239 0.606537 
2.16889 -2.77159 83.1578 5.86492 -26.7748 -11.5056 28.8283 192.128 -0.797842 0.14611 0.584762 -10.3345 20.6782 192.32 -0.800584 0.0607675 0.596131 
2.27202 -2.71787 83.1293 5.81694 -27.6558 -14.0345 27.5736 191.202 -0.809027 0.131578 0.572674 -12.4923 19.5545 191.212 -0.808607 0.0582743 0.585456 
2.35303 -2.65639 83.1007 5.75547 -28.3782 -15.8255 26.0245 190.57 -0.816042 0.122774 0.564744 -13.7734 17.981 190.319 -0.813906 0.0576931 0.578126 
2.43203 -2.57969 83.0848 5.67647 -29.0401 -17.3044 23.9817 189.842 -0.822569 0.117358 0.55633 -14.9217 15.8359 189.478 -0.819134 0.0562457 0.570837 
2.52942 -2.45473 83.1134 5.54404 -29.6339 -19.0568 20.8346 189.142 -0.828113 0.111706 0.549255 -16.2024 12.3942 188.614 -0.824689 0.055478 0.562859 
2.59492 -2.31942 83.1388 5.39925 -29.8942 -20.1262 18.5503 188.831 -0.830547 0.120051 0.543881 -16.7929 9.14727 188.114 -0.826369 0.0555102 0.560387 
2.63715 -2.12178 83.1547 5.18179 -30.0339 -20.4879 14.7593 188.966 -0.830763 0.121015 0.543242 -17.0516 5.33772 187.819 -0.826716 0.0589845 0.559518 
2.61187 -1.93707 83.1325 4.98731 -30.5372 -19.5715 10.689 189.125 -0.825224 0.123029 0.551169 -16.5696 1.83653 187.683 -0.826473 0.0554547 0.560239 
2.5817 -1.85778 83.1071 4.91233 -31.0325 -18.9128 8.15268 189.04 -0.822476 0.116508 0.556601 -16.0896 -0.148939 187.553 -0.826021 0.0467024 0.561701 
2.50672 -1.75867 83.0705 4.81092 -32.0373 -18.0978 4.13504 188.423 -0.819517 0.0985722 0.564482 -14.3704 -3.73318 187.347 -0.819762 0.0381317 0.571433 
1.58631 -2.9112 83.261 5.95225 -21.1566 9.28359 28.2788 198.082 -0.708199 0.167656 0.685671 6.01057 19.9331 198.712 -0.73621 0.080233 0.67198 
1.90346 -2.9112 82.9277 5.94219 -22.0916 -2.2496 33.2508 196.328 -0.758867 0.201183 0.619359 -4.33694 23.015 197.33 -0.780746 0.0978332 0.617143 
2.05054 -2.84915 82.8658 5.89767 -22.9616 -6.60239 32.3412 195.37 -0.776627 0.192754 0.599702 -7.7388 22.4042 196.288 -0.792243 0.0910401 0.603377 
2.20021 -2.76843 82.8515 5.83188 -23.641 -10.3459 30.2857 194.628 -0.792533 0.173772 0.584521 -10.7122 21.0624 195.359 -0.80218 0.0855597 0.59092 
2.33379 -2.68368 82.8388 5.75375 -24.3126 -14.0118 27.3678 194.138 -0.808058 0.151959 0.569183 -13.2329 19.042 194.389 -0.811805 0.0815253 0.57821 
2.42112 -2.60756 82.8134 5.67819 -24.8841 -16.7174 24.6621 193.581 -0.817569 0.139253 0.558725 -14.6965 16.8738 193.611 -0.818115 0.0780649 0.569731 
2.51103 -2.4892 82.7927 5.55696 -25.5032 -18.3237 22.1893 193.088 -0.823864 0.133356 0.550813 -15.7912 13.6288 192.793 -0.82279 0.074687 0.563416 
2.57969 -2.34269 82.807 5.39696 -25.9636 -19.2962 19.7595 192.554 -0.825472 0.144124 0.545715 -16.2044 10.1751 192.126 -0.823419 0.078258 0.562012 
2.61847 -2.19733 82.7991 5.23493 -26.1493 -19.5152 17.0528 192.531 -0.824732 0.147523 0.545839 -16.4164 7.23181 191.784 -0.823007 0.082563 0.561999 
2.61905 -2.02928 82.8324 5.05223 -26.4446 -19.1428 13.0003 192.719 -0.820674 0.149877 0.55133 -16.242 4.16524 191.618 -0.822295 0.0842269 0.562793 
2.43663 -1.8437 82.8118 4.84051 -28.294 -15.9252 4.63254 191.837 -0.804967 0.144595 0.575372 -11.3795 -2.37087 191.458 -0.803351 0.0813794 0.589919 
1.72477 -2.95889 82.753 5.97207 -24.0268 4.05465 33.1498 194.411 -0.729892 0.215987 0.648441 0.573674 22.9018 195.566 -0.761768 0.105467 0.639207 
1.97039 -2.84082 82.6133 5.86262 -25.273 -2.21777 32.4944 193.227 -0.75667 0.211104 0.618762 -4.15317 21.497 194.134 -0.778141 0.108834 0.618588 
2.21285 -2.66128 82.5308 5.70778 -26.7652 -7.64703 28.4384 192.183 -0.780254 0.184628 0.59757 -7.8419 18.3422 192.441 -0.789574 0.0989483 0.605625 
2.40158 -2.45415 82.5133 5.50985 -27.9067 -12.4059 22.738 191.243 -0.798488 0.15241 0.582364 -10.6472 13.6185 191.071 -0.8009 0.0869664 0.592449 
2.4846 -2.29874 82.5546 5.35157 -28.2623 -14.6057 18.9221 190.71 -0.806428 0.148943 0.572194 -11.8227 9.76744 190.493 -0.805377 0.0806077 0.587257 
1.80406 -2.2815 82.7927 5.35415 -27.1034 0.508219 5.18214 193.607 -0.742674 0.098976 0.662213 8.05374 -3.56056 192.663 -0.718713 -0.00361616 0.695298 
1.73282 -2.954 82.761 5.95541 -20.7423 3.69145 31.5612 197.236 -0.730226 0.206196 0.651332 0.734246 22.8076 198.846 -0.760827 0.114755 0.638728 
1.82647 -2.96952 82.7626 5.97236 -20.4502 0.00825075 33.6788 197.089 -0.745939 0.220802 0.628327 -3.01213 24.2034 199.001 -0.776596 0.115494 0.619322 
1.9204 -2.95831 82.7197 5.97897 -20.3343 -3.92187 34.7056 196.867 -0.764125 0.221342 0.605937 -6.28834 24.6622 198.999 -0.789051 0.104723 0.605336 
2.02009 -2.92269 82.6133 5.96317 -20.3629 -7.15895 34.4927 196.709 -0.778069 0.208578 0.592482 -8.99594 24.3463 198.828 -0.79823 0.0939712 0.594977 
2.16401 -2.84771 82.4784 5.89997 -20.701 -11.0989 32.7781 196.531 -0.794767 0.19177 0.575651 -11.7103 23.1031 198.216 -0.806714 0.0922381 0.5837 
2.31109 -2.7216 82.326 5.77845 -21.6694 -14.3486 29.7758 196.12 -0.806917 0.177633 0.563318 -13.1623 20.1266 197.015 -0.811423 0.0922799 0.577129 
2.43893 -2.55786 82.3101 5.61815 -23.0124 -16.2435 25.4679 195.236 -0.814323 0.164603 0.556509 -14.1438 15.8661 195.527 -0.81577 0.0857707 0.571982 
2.5231 -2.40848 82.2689 5.45527 -23.6236 -17.494 21.608 194.508 -0.816544 0.16143 0.554198 -14.6934 12.1628 194.754 -0.817348 0.0893941 0.569167 
1.45589 -2.59291 82.4641 5.63884 -24.4237 9.87049 10.9573 195.722 -0.700904 0.132929 0.700646 16.2444 3.70836 195.681 -0.678348 0.0422137 0.733527 
1.81871 -2.59147 82.4054 5.67676 -24.819 2.60787 14.9703 194.748 -0.735349 0.0997063 0.670282 5.75328 10.4626 194.899 -0.731296 0.0401331 0.680878 
1.95315 -1.96148 82.4133 4.95599 -38.7175 3.28066 -10.6176 182.132 -0.72327 0.0514675 0.688573 -1.67198 -13.6762 181.228 -0.767038 0.0164388 0.641391 
1.19533 -2.37717 82.3165 5.36421 -35.3362 20.9693 -9.54066 185.361 -0.632334 0.104257 0.767554 18.0841 -16.7414 183.723 -0.662583 0.00807687 0.748945 
1.49151 -2.61876 82.4435 5.69313 -33.7915 11.2117 15.278 186.348 -0.694685 0.13412 0.706637 14.9231 6.21588 186.307 -0.686107 0.0295038 0.726902 
2.56159 -2.00687 82.4006 5.0439 -24.5777 -14.1348 7.55015 195.085 -0.803205 0.100068 0.587195 -14.1397 3.20036 193.946 -0.815188 0.0708012 0.574852 
2.63025 -1.99366 82.4086 5.02752 -24.2411 -16.7152 7.92497 194.9 -0.812694 0.105328 0.573093 -16.8771 3.34985 193.774 -0.825898 0.0731707 0.559051 
2.66932 -1.99308 82.4117 5.0281 -23.9665 -18.3214 8.29534 194.881 -0.818689 0.107812 0.563924 -18.4316 3.46322 193.756 -0.832062 0.0717626 0.550021 
2.70465 -1.99222 82.4276 5.02781 -23.7474 -19.6006 8.66889 194.845 -0.823875 0.108605 0.556267 -19.8199 3.55297 193.724 -0.837528 0.0707904 0.541789 
2.74085 -1.99107 82.4467 5.02666 -23.4617 -20.7781 8.92594 194.916 -0.828302 0.109882 0.549318 -21.2304 3.6408 193.764 -0.843005 0.0701157 0.533316 
2.78136 -1.99107 82.4482 5.02666 -23.1569 -22.0673 9.18354 194.878 -0.832855 0.111156 0.542125 -22.7869 3.7515 193.804 -0.848962 0.0692867 0.523892 
2.81927 -1.98734 82.4228 5.02666 -22.9314 -23.5613 9.56488 194.973 -0.838778 0.112404 0.53263 -24.259 3.72095 193.794 -0.854755 0.0651599 0.514925 
2.8549 -1.97872 82.4133 5.02666 -22.8743 -24.963 9.52066 194.962 -0.84456 0.110619 0.523966 -25.671 3.51111 193.642 -0.860503 0.0567608 0.506273 
2.88247 -1.97068 82.3482 5.02494 -22.8949 -26.1555 9.37864 194.715 -0.84959 0.105676 0.51674 -26.7621 3.34586 193.465 -0.864837 0.0505302 0.499503 
2.92815 -1.95114 82.2514 5.00828 -23.1283 -27.7886 9.34314 194.367 -0.854924 0.102669 0.508598 -28.569 3.24925 192.987 -0.871635 0.0467988 0.487917 
3.00543 -1.86467 82.1244 4.91262 -24.0347 -30.8604 8.62572 192.928 -0.865764 0.102572 0.489925 -32.0106 3.31175 191.746 -0.884255 0.0527072 0.46402 
3.09764 -1.634 82.0403 4.66269 -26.1001 -34.1768 8.074 190.152 -0.874736 0.11679 0.470148 -37.4694 3.11354 189.495 -0.901637 0.0682962 0.427067 
-3.1324 -1.6699 82.1672 4.73652 -26.8145 -36.9802 5.82394 188.289 -0.886167 0.0867707 0.455152 -44.6984 3.51224 185.35 -0.919661 0.0477333 0.389801 
-3.09218 -1.77878 82.0799 4.82529 -27.0827 -38.034 6.81239 187.89 -0.889377 0.0912907 0.447836 -46.3602 2.54095 184.679 -0.923719 0.0578937 0.37867 
-3.05915 -1.77993 81.9641 4.8115 -28.0368 -39.1031 7.73996 186.829 -0.891385 0.111979 0.439242 -47.2068 2.5456 183.357 -0.925621 0.0692161 0.372069 
-3.00916 -1.68513 81.9323 4.70348 -29.799 -40.7533 8.32777 184.577 -0.893838 0.131154 0.428749 -48.0681 3.31326 180.972 -0.92761 0.0830447 0.364201 
-2.99192 -1.63256 81.8894 4.64574 -30.9372 -41.4165 8.47491 183.285 -0.895375 0.137275 0.423681 -48.3867 3.9104 179.586 -0.928577 0.089261 0.360246 
-2.93648 -1.53058 81.818 4.53744 -33.8915 -42.9697 8.81461 180.141 -0.898787 0.143565 0.414234 -49.9348 4.69945 175.867 -0.933716 0.0967474 0.344694 
-2.87845 -1.451 81.8879 4.45787 -35.9505 -44.8379 9.10016 177.044 -0.904749 0.145039 0.400457 -51.8508 5.08929 173.02 -0.939874 0.0982452 0.327084 
-2.62652 -1.3677 81.9164 4.36881 -37.4348 -52.2938 9.22572 172.68 -0.9251 0.144758 0.351004 -60.2466 4.29569 168.356 -0.959115 0.100219 0.26468 
-2.49897 -1.1712 81.9498 4.22231 -38.0365 -57.1198 9.04731 170.148 -0.939495 0.125521 0.318834 -64.8482 4.7116 166.009 -0.970782 0.069404 0.229707 
-2.47857 -1.04567 81.9879 4.13268 -38.408 -59.5366 8.563 169.009 -0.94881 0.0868554 0.303485 -64.7531 5.38808 165.478 -0.971768 0.048779 0.23084 
-2.55728 -0.89571 81.9228 4.0261 -39.1859 -58.6458 8.75361 168.83 -0.948804 0.062372 0.309664 -60.4902 6.24951 166.052 -0.964446 0.0212295 0.263425 
-2.70437 -0.833085 81.8371 3.98387 -40.9575 -56.1266 8.8463 168.31 -0.94429 0.0408894 0.326559 -54.9688 6.02249 166.349 -0.952646 0.00549359 0.304033 
-2.85863 -0.813551 81.8847 3.96807 -42.2005 -51.1406 7.74127 168.632 -0.931841 0.033519 0.361336 -49.8075 5.50487 167.104 -0.940597 -9.25513e-005 0.339526 
-3.11919 -0.760406 81.9037 3.89309 -43.7055 -42.567 3.77706 169.89 -0.906589 0.0345515 0.420475 -41.3006 4.61328 168.797 -0.919569 0.00406117 0.392908 
2.81583 -2.29328 82.1879 5.41764 -43.5896 -33.9954 8.62907 171.604 -0.880637 0.0503065 0.47106 -25.3463 5.09651 172.985 -0.85918 -0.000343807 0.511673 
1.8753 -1.50444 82.1752 4.5113 -46.6566 -9.72424 -23.8566 172.521 -0.772132 0.0383901 0.634152 -12.6997 -31.6123 169.608 -0.808154 -0.0439758 0.587328 
2.08501 -2.06576 82.1022 5.23608 -46.8725 -3.29846 4.20844 174.731 -0.759804 0.00729544 0.650045 -0.173244 -5.61202 173.191 -0.759908 -0.0825615 0.644766 
2.33264 -1.82991 82.226 4.99248 -47.606 -6.48305 -0.0869281 173.06 -0.773636 -0.00484188 0.633514 -8.14063 -7.26584 172.67 -0.795129 -0.0669306 0.602736 
2.52971 -1.6656 82.5705 4.79943 -45.7295 -13.9134 -3.09461 173.064 -0.804291 -0.0124734 0.59408 -15.5202 -6.99061 173.542 -0.827096 -0.0341483 0.561023 
2.73941 -1.64175 82.6991 4.74916 -41.3369 -22.4746 0.0623254 177.204 -0.838275 0.0211234 0.544783 -24.4165 -3.68206 176.187 -0.86382 -0.00604274 0.503764 
2.75234 -1.63055 82.5181 4.71871 -41.0782 -24.0457 1.36952 177.701 -0.842863 0.0447163 0.536125 -25.0848 -3.27988 176.354 -0.866143 0.00980781 0.4997 
2.73453 -1.63371 82.4213 4.72129 -41.3099 -24.0327 1.63002 177.587 -0.843078 0.0522735 0.535269 -24.3496 -3.44491 176.254 -0.863399 0.0101577 0.504419 
2.68138 -1.65468 82.3546 4.74112 -41.9767 -23.825 1.58359 177.345 -0.841713 0.0555798 0.536976 -22.0217 -3.71584 176.001 -0.854169 0.0116007 0.519866 
2.36912 -1.90231 82.2228 5.02494 -44.1261 -16.2631 1.95041 175.737 -0.814565 0.040683 0.578659 -8.49843 -3.47707 175.893 -0.797069 -0.022064 0.603485 
2.32459 -2.28237 82.1482 5.40184 -51.67 -11.3261 8.76557 170.078 -0.796091 0.0371732 0.603952 -6.22917 7.72525 167.86 -0.78335 0.0197954 0.621266 
2.39095 -2.35935 82.2149 5.47423 -53.4289 -13.579 12.8777 166.959 -0.804493 0.0613692 0.590802 -9.45548 10.555 165.754 -0.796489 0.0342172 0.603684 
2.43893 -2.38205 82.3228 5.50526 -54.3687 -16.1215 15.0861 165.129 -0.812572 0.0677485 0.578845 -11.7834 11.0544 164.542 -0.80611 0.0291158 0.591048 
2.49121 -2.35476 82.353 5.47797 -54.8196 -17.5101 15.3517 164.335 -0.819469 0.0658505 0.569221 -13.47 10.1661 163.83 -0.813107 0.0265778 0.581507 
2.58975 -2.24301 82.38 5.33462 -55.2164 -19.2753 14.5554 163.691 -0.8257 0.0719895 0.559446 -15.9349 7.4613 162.89 -0.822972 0.0421183 0.566519 
2.67995 -1.58171 82.6356 4.5949 -55.8514 -21.9722 4.35994 162.486 -0.82892 0.116917 0.547018 -22.8504 -3.73092 162.105 -0.854249 0.0687771 0.515294 
2.6449 -1.33897 82.9705 4.31021 -52.4113 -23.9204 -1.40928 165.102 -0.831335 0.12938 0.540531 -23.2877 -9.25562 164.948 -0.851215 0.076756 0.519174 
2.60784 -1.30737 83.0229 4.28665 -50.8365 -24.7314 -3.01181 166.86 -0.832523 0.130938 0.538296 -22.2596 -11.2205 166.552 -0.847481 0.0632211 0.527048 
2.58343 -1.30766 83.0261 4.29843 -50.0412 -24.8559 -3.90136 167.79 -0.833949 0.122303 0.537986 -21.3325 -12.2487 167.466 -0.844732 0.0512757 0.532727 
2.52913 -1.33811 83.0102 4.33836 -49.0458 -24.3243 -5.27377 169.274 -0.835441 0.104925 0.539308 -19.159 -13.5543 168.883 -0.835979 0.0418294 0.547165 
2.1034 -2.42399 82.6816 5.53398 -51.9351 -5.46491 12.8337 170.045 -0.771864 0.0689877 0.632045 -0.602041 8.66529 167.725 -0.758144 0.0233005 0.65167 
2.19073 -2.4441 82.7546 5.56328 -55.2482 -7.45283 15.5519 167.16 -0.778716 0.0746819 0.622904 -3.68523 10.851 164.331 -0.771394 0.026405 0.63581 
2.28237 -2.41106 82.7578 5.54346 -58.3613 -11.0407 16.3266 163.081 -0.791655 0.0631662 0.607685 -6.41377 11.0157 161.109 -0.782983 0.0195747 0.621735 
2.36309 -2.33609 82.7848 5.46963 -60.2075 -12.6931 15.2571 160.91 -0.801439 0.0567617 0.595313 -8.28586 9.60059 159.122 -0.791351 0.0165617 0.611137 
2.46134 -2.17033 82.8324 5.27601 -61.9315 -14.9588 12.9552 158.67 -0.809825 0.0648495 0.582937 -10.4582 5.85606 157.104 -0.801503 0.0268625 0.597387 
2.49983 -1.87875 82.8848 4.91951 -63.5746 -15.5867 8.44584 157.176 -0.808964 0.102083 0.578894 -12.8972 -0.626915 155.642 -0.812312 0.0547582 0.580646 
2.50586 -1.59062 83.1737 4.6084 -63.4555 -16.6598 1.04918 156.423 -0.808208 0.105856 0.579249 -16.0237 -7.87346 155.906 -0.824106 0.0538127 0.563874 
2.4734 -1.3947 83.5055 4.37772 -61.3108 -19.2592 -4.9166 157.529 -0.815966 0.100673 0.569133 -17.1532 -13.7261 157.185 -0.823875 0.0584014 0.563755 
2.43577 -1.31513 83.7008 4.28378 -58.8248 -21.2093 -7.86044 159.276 -0.820092 0.106709 0.562268 -17.8583 -16.7011 159.081 -0.824311 0.0560359 0.563358 
2.37286 -1.28439 83.8341 4.24328 -55.6149 -22.5722 -10.4288 162.236 -0.824432 0.110416 0.554993 -17.9722 -19.3525 161.899 -0.821889 0.0542905 0.567055 
2.31856 -1.28956 83.8802 4.24328 -53.0955 -23.0842 -12.4333 165.068 -0.822094 0.109836 0.558525 -17.7838 -20.9506 164.232 -0.818852 0.0535458 0.571501 
2.30362 -1.29559 83.8738 4.25074 -51.6366 -22.6606 -13.1553 166.737 -0.820556 0.10767 0.561265 -17.6291 -21.3571 165.663 -0.818091 0.0508707 0.572834 
2.29271 -1.31024 83.8659 4.26712 -50.5269 -22.3324 -13.6454 167.97 -0.820461 0.103418 0.562136 -17.2715 -21.4657 166.844 -0.816524 0.0490152 0.575227 
2.29357 -1.33523 83.8214 4.29326 -49.4601 -21.6607 -13.9121 169.412 -0.820139 0.098563 0.563513 -16.6868 -20.957 168.144 -0.814033 0.0499266 0.578669 
2.3177 -1.38982 83.7738 4.35704 -48.2854 -20.9799 -13.8094 170.832 -0.819459 0.0899383 0.565864 -15.4412 -19.1013 169.938 -0.810162 0.0499978 0.58407 
2.34154 -1.47456 83.7532 4.45528 -47.2361 -19.253 -12.0787 172.268 -0.816502 0.0824368 0.571449 -14.0133 -16.3607 171.797 -0.806555 0.0498409 0.589054 
2.34815 -1.60268 83.7103 4.59116 -45.9042 -16.8303 -8.7689 174.155 -0.808992 0.08421 0.58168 -12.5017 -12.4465 173.978 -0.803044 0.0569401 0.593194 
2.35935 -1.661 83.6182 4.64833 -45.6041 -15.6675 -6.68255 175.019 -0.804311 0.0866836 0.58777 -12.0274 -10.2424 174.503 -0.802417 0.0639188 0.59333 
2.36711 -1.69978 83.4198 4.68424 -45.9549 -14.7308 -4.7194 175.243 -0.800198 0.10094 0.591038 -11.7191 -8.72631 174.223 -0.801771 0.0702049 0.593494 
2.39555 -1.7354 83.2452 4.74169 -46.9233 -14.2551 -3.46397 174.736 -0.798635 0.106424 0.592304 -11.6652 -6.91856 173.189 -0.804474 0.0595812 0.590992 
2.42629 -1.75953 83.1213 4.79254 -48.0568 -14.1 -2.33146 173.695 -0.800646 0.0885401 0.59255 -11.9842 -5.51601 171.891 -0.808354 0.0448409 0.586986 
2.4418 -1.77849 83.0483 4.8181 -49.1522 -14.295 -1.47943 172.67 -0.801891 0.078189 0.592294 -12.163 -4.60435 170.678 -0.809676 0.042844 0.585312 
2.45329 -1.79544 83.0007 4.83821 -50.1237 -14.4915 -0.796538 171.66 -0.803408 0.0740379 0.590739 -12.2949 -3.85889 169.604 -0.810466 0.0428482 0.584217 
2.46622 -1.82503 82.9515 4.87642 -51.5477 -14.688 -0.135962 170.322 -0.805375 0.0711043 0.588539 -12.3365 -2.83383 168.034 -0.811065 0.0393458 0.583631 
2.48058 -1.86324 82.8959 4.92325 -53.2447 -14.8716 1.06338 168.739 -0.806803 0.0693876 0.586781 -12.3807 -1.61495 166.153 -0.811392 0.0364456 0.583364 
2.49437 -1.9003 82.8467 4.96662 -55.1101 -15.0565 1.95283 166.96 -0.809723 0.0642434 0.5832 -12.4742 -0.477736 164.112 -0.811641 0.035465 0.583079 
2.50443 -1.9296 82.8149 5.00081 -56.6039 -15.698 3.35807 165.019 -0.809447 0.0649778 0.583539 -12.5636 0.395321 162.485 -0.81162 0.0353524 0.583115 
2.51247 -1.95229 82.78 5.02695 -58.0041 -16.0093 4.02942 163.57 -0.811209 0.0609417 0.581494 -12.6905 1.00507 160.982 -0.811931 0.034603 0.582726 
2.52051 -1.96982 82.7657 5.05137 -59.4535 -16.2111 4.9539 162.097 -0.811426 0.0651986 0.580624 -12.8837 1.42287 159.44 -0.812639 0.0306475 0.581961 
2.52884 -1.98217 82.7435 5.07148 -61.0553 -16.4085 5.18975 160.574 -0.815369 0.0591974 0.575862 -13.1399 1.68827 157.755 -0.813637 0.025565 0.580811 
2.53746 -1.98906 82.7308 5.08498 -62.503 -16.8483 5.72168 159.004 -0.8159 0.0582203 0.57529 -13.4452 1.82512 156.231 -0.814838 0.0209549 0.57931 
2.54522 -1.9951 82.7038 5.09561 -63.8985 -17.4056 6.0666 157.444 -0.816683 0.053826 0.574589 -13.7249 1.95028 154.767 -0.815899 0.0178339 0.577919 
2.5524 -2.00142 82.707 5.10509 -65.2177 -17.622 6.28561 156.009 -0.818438 0.0500298 0.572415 -13.9837 2.08844 153.384 -0.81685 0.0158438 0.576632 
2.55987 -2.00687 82.7229 5.11371 -66.5655 -17.7253 6.35619 154.589 -0.820808 0.0497566 0.568911 -14.2613 2.19949 151.971 -0.81788 0.0137511 0.575225 
2.5659 -2.00975 82.7372 5.11945 -67.6942 -18.0587 6.45815 153.377 -0.822121 0.0477955 0.567281 -14.4938 2.2443 150.793 -0.81876 0.0116576 0.574018 
2.57107 -2.01032 82.7562 5.1229 -68.6705 -18.2834 6.6651 152.151 -0.822682 0.0460829 0.566611 -14.701 2.23157 149.776 -0.819565 0.00937408 0.57291 
2.57567 -2.00975 82.7768 5.12692 -69.5023 -18.5012 6.64978 151.176 -0.824582 0.0450839 0.563858 -14.8931 2.164 148.91 -0.820316 0.00557968 0.571884 
2.58084 -2.00745 82.807 5.12951 -70.2231 -18.8358 6.74567 150.292 -0.825331 0.0449574 0.562895 -15.1132 2.05394 148.152 -0.821181 0.00141797 0.570666 
2.58285 -2.00458 82.8435 5.12951 -70.8739 -19.1792 6.75527 149.515 -0.825423 0.042515 0.562854 -15.2064 1.95358 147.49 -0.82156 -0.00113643 0.57012 
2.58457 -2.00199 82.888 5.12778 -71.2613 -19.2932 6.86165 148.954 -0.825457 0.0415436 0.563008 -15.2835 1.88926 147.092 -0.821888 -0.0020193 0.569645 
2.58716 -1.99883 82.9372 5.12462 -71.4565 -19.3969 6.9594 148.52 -0.826439 0.0418939 0.561421 -15.395 1.8281 146.881 -0.822366 -0.00223245 0.568955 
2.58745 -1.98906 83.0801 5.11486 -71.2914 -19.3995 6.83271 148.307 -0.826904 0.0427416 0.560666 -15.4389 1.62285 147.056 -0.822674 -0.00286634 0.568506 
2.58084 -1.95459 83.3134 5.07492 -70.1707 -19.5089 6.83351 148.312 -0.827139 0.0431044 0.560291 -15.3233 0.951222 148.274 -0.822772 -0.000567971 0.568372 
2.55958 -1.87157 83.5833 4.96749 -67.5529 -19.2011 5.48636 150.692 -0.826472 0.0510355 0.560633 -15.1032 -0.740847 151.192 -0.823174 0.0125754 0.56765 
2.52856 -1.76557 83.823 4.83132 -63.9302 -18.8159 3.54303 153.846 -0.823333 0.0654421 0.563663 -15.0243 -3.29919 155.264 -0.823177 0.0292405 0.567032 
2.48346 -1.66129 83.9707 4.69544 -60.1377 -18.5532 1.07418 157.692 -0.820343 0.0792317 0.566349 -14.5998 -6.77641 159.475 -0.819205 0.0434476 0.571853 
2.41939 -1.56677 83.8452 4.56732 -56.0086 -18.639 -2.30061 162.158 -0.818674 0.0978528 0.565839 -13.9582 -11.1357 163.654 -0.81126 0.0551959 0.582074 
2.32919 -1.47485 84.0532 4.45385 -52.5399 -18.2006 -6.37828 166.624 -0.816522 0.105895 0.567503 -13.9359 -16.7691 166.456 -0.805795 0.0493604 0.590134 
2.22491 -1.39068 83.8722 4.35876 -50.8238 -18.6039 -11.1533 169.086 -0.813593 0.101064 0.572511 -15.4135 -22.228 166.87 -0.809306 0.0356835 0.586303 
2.12724 -1.33983 83.615 4.29987 -50.9222 -19.5492 -15.28 169.322 -0.812651 0.0928082 0.575213 -17.3333 -26.2989 165.568 -0.816614 0.0243352 0.576671 
2.04738 -1.28985 83.3579 4.24241 -51.9494 -20.7071 -19.6151 168.272 -0.815503 0.079164 0.573376 -19.6924 -29.5208 163.411 -0.826089 0.0162693 0.563305 
1.9859 -1.24762 83.188 4.18496 -53.3051 -22.5043 -23.2577 166.234 -0.819785 0.0741278 0.567853 -22.2669 -31.6934 161.122 -0.835019 0.0186121 0.549906 
1.952 -1.2186 83.1055 4.13181 -54.5338 -24.3547 -25.3276 164.37 -0.823382 0.0810225 0.561686 -24.5689 -32.5017 159.304 -0.840845 0.0333414 0.540248 
1.98073 -1.16718 83.0499 4.07005 -56.1118 -26.5021 -26.3385 162.26 -0.826869 0.0944734 0.554325 -26.5021 -31.9004 157.443 -0.846761 0.0463696 0.529949 
2.16315 -1.0043 82.961 3.93561 -59.1566 -29.671 -25.9318 158.962 -0.837187 0.0875273 0.539779 -29.012 -28.9507 154.365 -0.863436 0.0456767 0.502387 
2.51218 -0.893699 82.9785 3.87586 -64.5144 -32.6444 -19.1849 152.941 -0.859176 0.0611273 0.507939 -29.3867 -19.7966 150.535 -0.871468 0.0258992 0.489768 
2.61503 -0.994819 83.2007 3.99076 -64.4493 -30.5967 -14.6749 152.955 -0.856945 0.0608075 0.51183 -27.598 -15.5325 151.313 -0.865312 0.0288568 0.500402 
2.66415 -1.22148 83.5055 4.21742 -62.8698 -27.9978 -9.6195 154.771 -0.848841 0.0782264 0.522762 -24.7864 -11.2624 153.823 -0.8576 0.0472019 0.512147 
2.66243 -1.43664 83.7262 4.43862 -60.1631 -24.6269 -4.76703 157.793 -0.83904 0.094674 0.535781 -23.0384 -7.27589 157.536 -0.854149 0.0639518 0.516081 
2.65093 -1.53 83.896 4.53256 -57.2389 -23.0786 -1.98564 160.642 -0.834497 0.100079 0.541654 -22.0902 -5.34981 160.858 -0.850461 0.0719227 0.521098 
2.63513 -1.55902 83.977 4.55899 -54.9291 -22.4729 -0.857795 163.024 -0.831953 0.105099 0.544756 -21.2814 -4.9368 163.358 -0.846668 0.0762044 0.526637 
2.62163 -1.56706 84.0119 4.57105 -53.0908 -22.2311 -0.403167 164.989 -0.829527 0.110355 0.547485 -20.6587 -5.14309 165.324 -0.844343 0.0726856 0.530851 
2.59721 -1.55643 83.8897 4.57881 -50.2952 -22.1043 -0.269969 167.628 -0.827605 0.105037 0.551422 -19.6454 -6.3801 168.3 -0.841536 0.0546693 0.537428 
2.4599 -1.44325 83.8341 4.46246 -45.1104 -20.7558 -4.94324 174.665 -0.827523 0.0866883 0.554711 -15.8001 -13.5408 173.753 -0.821468 0.0322796 0.569341 
2.37142 -1.32346 83.4992 4.32974 -45.7041 -20.9254 -9.0194 174.881 -0.825588 0.081846 0.558266 -16.2028 -19.3629 172.156 -0.819429 0.0196741 0.572843 
2.31109 -1.25078 83.2864 4.25764 -47.1519 -21.8539 -12.7494 173.351 -0.827045 0.0725813 0.557367 -17.5946 -22.9066 169.772 -0.825108 0.00521256 0.564952 
2.24502 -1.20108 83.1118 4.20335 -49.1569 -22.7592 -16.032 171.377 -0.829809 0.0615912 0.554586 -19.2902 -25.8371 166.875 -0.831641 -0.00190913 0.555311 
2.21227 -1.17609 82.9721 4.16945 -51.4398 -23.8745 -18.5723 168.923 -0.831453 0.0540224 0.553023 -20.5381 -27.0715 164.115 -0.835962 0.000531136 0.548786 
2.2071 -1.17092 82.8785 4.15135 -53.3892 -24.4905 -19.617 167.07 -0.831703 0.0540155 0.552538 -21.0999 -27.0376 162.077 -0.836808 0.0105375 0.547394 
2.22175 -1.16402 82.7816 4.13469 -55.7276 -25.1984 -20.0268 164.862 -0.831843 0.0569387 0.552077 -21.4375 -26.4854 159.786 -0.837209 0.0201444 0.546511 
2.29386 -1.1373 82.6975 4.11889 -59.3011 -25.6578 -19.5078 160.96 -0.832933 0.0610656 0.550001 -21.4087 -24.8865 156.491 -0.839715 0.0173325 0.542751 
2.37458 -1.13271 82.7149 4.13095 -62.176 -25.3151 -19.0454 157.741 -0.83633 0.0465221 0.546245 -20.9758 -22.7077 154.048 -0.840941 0.0100584 0.541034 
2.45875 -1.17264 82.8404 4.18697 -64.1112 -24.5666 -16.9472 155.361 -0.839518 0.0376968 0.541933 -20.3298 -19.4805 152.695 -0.840631 0.00694728 0.541563 
2.50328 -1.22205 82.9737 4.24184 -64.7081 -24.285 -14.5527 154.461 -0.837059 0.0402945 0.545604 -20.0016 -17.1996 152.467 -0.840331 0.0106317 0.54197 
2.54723 -1.31254 83.2102 4.33434 -64.5144 -23.2889 -11.321 154.425 -0.834738 0.0492256 0.548458 -19.7288 -13.9453 153.175 -0.840505 0.0224879 0.541337 
2.56734 -1.42515 83.4785 4.44638 -63.2555 -22.4054 -8.2 155.39 -0.831406 0.0620582 0.552148 -19.2881 -10.5859 155.036 -0.839416 0.0396081 0.542044 
2.57854 -1.57712 83.742 4.60696 -60.7235 -20.9353 -4.59951 157.777 -0.827483 0.0741605 0.556588 -18.7153 -6.44993 158.068 -0.837897 0.0489591 0.543628 
2.58371 -1.74057 83.9722 4.79426 -56.7928 -19.4278 -0.738677 161.732 -0.825064 0.0757708 0.559925 -17.3825 -2.69302 161.962 -0.832767 0.0412062 0.552088 
2.45789 -1.65784 84.0294 4.66757 -39.705 -17.5434 0.612625 179.828 -0.819184 0.10781 0.56332 -14.0319 -7.29342 180.062 -0.81437 0.0601017 0.577225 
2.12609 -1.41538 83.3992 4.36968 -39.6018 -17.5614 -14.855 181.592 -0.805615 0.0951852 0.584698 -15.5787 -24.7328 177.629 -0.808747 0.0329898 0.587231 
2.07611 -1.35678 83.1198 4.30906 -43.1594 -18.8489 -18.7499 178.065 -0.807564 0.0859267 0.583438 -17.4431 -27.465 173.105 -0.816466 0.0236833 0.576908 
2.06059 -1.32087 82.9959 4.27286 -46.0327 -19.919 -20.5289 175.166 -0.811546 0.0788323 0.578834 -18.6205 -28.5877 169.747 -0.821424 0.0199248 0.569969 
2.06289 -1.30737 82.9419 4.25706 -47.7679 -20.864 -21.3073 172.969 -0.811957 0.0743304 0.578987 -19.0785 -28.7003 167.894 -0.822992 0.0216223 0.567642 
2.07381 -1.29473 82.9039 4.24356 -49.5379 -21.4436 -21.6798 171 -0.813599 0.0735822 0.576711 -19.3933 -28.5528 166.084 -0.824115 0.0234932 0.565935 
2.09047 -1.27979 82.8642 4.22863 -51.3731 -21.5567 -21.8333 169.144 -0.816394 0.0718476 0.572894 -19.6983 -28.2784 164.233 -0.825328 0.0254196 0.56408 
2.1192 -1.26169 82.8134 4.21168 -53.5305 -21.9013 -21.8942 167.272 -0.817839 0.0730496 0.570674 -19.9446 -27.7031 162.126 -0.826499 0.0280023 0.562241 
2.18441 -1.22377 82.7673 4.1864 -56.3848 -22.5876 -21.7051 164.382 -0.818975 0.0691446 0.569595 -20.1202 -26.5443 159.417 -0.829377 0.0252018 0.558121 
2.27806 -1.17666 82.7451 4.16514 -59.7884 -22.9848 -21.157 160.454 -0.827785 0.045778 0.559112 -20.1477 -24.9291 156.25 -0.834464 0.0119428 0.550932 
2.3516 -1.14276 82.8102 4.13124 -62.1887 -23.8123 -19.9027 157.378 -0.834013 0.0353372 0.550615 -20.89 -23.1076 154.003 -0.8391 0.0169757 0.543713 
2.41767 -1.11978 82.9261 4.09878 -63.5572 -25.1806 -17.8236 155.469 -0.836425 0.0506645 0.545744 -21.971 -20.9631 152.746 -0.843551 0.0294025 0.536243 
2.47714 -1.11978 83.0594 4.09016 -63.854 -26.098 -15.6289 154.653 -0.837412 0.0677004 0.542387 -22.7291 -18.6811 152.592 -0.84608 0.0416918 0.531424 
2.54637 -1.15196 83.2976 4.11975 -63.454 -26.317 -13.0678 154.832 -0.838875 0.0821496 0.5379 -23.2161 -15.68 153.21 -0.848091 0.0527394 0.52722 
2.60037 -1.23383 83.5166 4.20449 -62.2887 -25.6337 -9.94789 155.951 -0.83786 0.0963919 0.537298 -23.0743 -12.5797 154.714 -0.848819 0.0628591 0.524934 
2.62939 -1.35994 83.6976 4.33262 -60.4965 -24.6179 -6.44871 157.907 -0.834099 0.107621 0.541035 -22.564 -9.32929 157.061 -0.848671 0.0763523 0.523381 
2.64145 -1.4625 83.804 4.43919 -58.6645 -23.4077 -3.91809 159.901 -0.831254 0.114213 0.54396 -22.2656 -6.65394 159.29 -0.848453 0.0866386 0.522131 
2.64892 -1.55241 83.8929 4.53658 -56.6103 -22.6603 -2.00258 161.817 -0.829435 0.116424 0.546307 -21.947 -4.44991 161.553 -0.847931 0.0894428 0.522506 
2.6518 -1.66071 84.0087 4.66413 -53.2543 -22.3551 0.329335 164.584 -0.825519 0.114771 0.552421 -21.0163 -2.29799 164.97 -0.845164 0.0815039 0.528256 
2.65036 -1.71127 84.0722 4.72532 -50.7825 -21.703 1.98874 167.201 -0.825888 0.11137 0.552659 -20.3914 -1.45179 167.428 -0.842931 0.0758316 0.532651 
2.64461 -1.72994 84.1151 4.74485 -48.4362 -21.4166 2.64313 169.537 -0.827364 0.108317 0.551067 -19.948 -1.18558 169.805 -0.840949 0.0757996 0.535779 
2.61129 -1.7084 84.1135 4.719 -42.1815 -20.5384 3.19003 176.553 -0.826728 0.11913 0.54985 -18.9028 -2.1366 176.368 -0.836497 0.0768322 0.542559 
1.85146 -1.7558 83.6309 4.77185 -49.3443 -0.942224 -17.6379 172.55 -0.7423 0.0318538 0.669298 -6.07594 -24.9292 169.372 -0.787914 -0.0363436 0.614712 
2.26973 -1.29013 83.6627 4.30332 -50.827 -15.745 -18.2956 169.654 -0.8027 0.0428543 0.594686 -16.52 -23.5686 166.216 -0.819959 -0.00147546 0.57242 
2.36826 -1.13845 83.677 4.12923 -51.3223 -21.5775 -17.6967 168.526 -0.822879 0.0575341 0.565261 -20.9702 -22.674 164.919 -0.839974 0.0161766 0.542385 
2.4329 -1.04452 83.6897 4.02007 -51.6525 -24.9226 -16.9737 167.695 -0.833201 0.0740862 0.547989 -24.3054 -21.3644 164.125 -0.852894 0.0280537 0.521329 
2.53114 -0.922714 83.6992 3.90401 -52.0446 -28.3541 -15.664 166.754 -0.84415 0.0875406 0.52875 -28.6715 -18.8767 163.237 -0.868659 0.0289409 0.494564 
2.83766 -0.274344 83.8532 3.31166 -52.2843 -39.1097 -10.9308 164.052 -0.886487 0.0676798 0.457737 -41.2662 -10.9988 160.525 -0.912612 0.0441616 0.406435 
2.97612 0.589767 83.9135 2.52597 -52.2351 -49.5909 -5.87462 161.343 -0.921908 0.0237284 0.386697 -47.4232 -5.9684 158.997 -0.93274 0.0167266 0.360161 
2.95314 0.75782 83.9881 2.35964 -51.9494 -51.7442 -4.86287 161.01 -0.927263 0.0182486 0.373996 -48.3146 -4.32827 158.736 -0.933786 0.0223858 0.35713 
2.98647 1.53747 83.7373 1.59952 -53.1447 -54.6328 0.249963 159.372 -0.934241 0.0265729 0.355609 -50.0497 1.8047 157.075 -0.937337 0.0269471 0.347381 
2.979 2.45272 83.9881 0.737998 -52.7098 -52.4028 7.42026 159.223 -0.929837 0.00347909 0.368039 -46.178 9.10575 159.109 -0.924984 0.0269776 0.379048 
-3.13125 2.17981 84.2469 0.84314 -42.899 -46.5475 12.992 170.417 -0.904664 0.166031 0.392315 -36.9043 2.27263 173.359 -0.887306 0.142471 0.438623 
-3.12263 2.19504 84.2104 0.861525 -42.1783 -47.1494 10.2003 171.429 -0.911622 0.12398 0.391706 -36.7027 0.826465 174.079 -0.890888 0.112063 0.440182 
-3.11689 2.20825 84.1659 0.869568 -41.9036 -47.1749 9.07166 172.013 -0.913469 0.103457 0.393624 -36.5473 -0.113797 174.343 -0.892597 0.0926749 0.441227 
-3.1054 2.22462 84.1231 0.877612 -41.8227 -47.0912 8.03544 172.377 -0.914927 0.0837495 0.394778 -36.1597 -1.24172 174.43 -0.893544 0.0702577 0.443444 
-3.09247 2.23928 84.0961 0.885943 -41.8132 -47.0225 6.78372 172.521 -0.915952 0.0624508 0.396345 -35.683 -2.30448 174.457 -0.893686 0.0491201 0.445996 
-3.07552 2.25852 83.9897 0.898296 -41.8338 -46.8599 5.23771 172.669 -0.916415 0.036386 0.39855 -35.0089 -3.72755 174.456 -0.893111 0.0200754 0.449388 
-2.96234 2.584 83.8071 0.623377 -42.1243 -45.5986 1.55054 172.824 -0.912871 -0.0281122 0.40722 -32.1173 -8.48133 173.636 -0.883304 -0.036005 0.467416 
-2.81554 2.88851 83.6135 0.343001 -43.8372 -42.2945 -2.73369 172.64 -0.902307 -0.0617089 0.426759 -32.0607 -12.6178 171.793 -0.88478 -0.0550416 0.462747 
-2.65869 -3.12263 83.923 0.068945 -49.5268 -39.2089 -12.8275 167.036 -0.887825 -0.13848 0.438751 -34.0803 -29.4869 163.518 -0.878133 -0.259407 0.401984 
3.07006 -1.70007 86.0408 4.95858 -61.3664 -43.3465 -3.51963 154.996 -0.900856 -0.144965 0.409321 -35.7546 -4.90433 154.285 -0.889321 -0.13768 0.436065 
2.94711 -1.60584 86.1551 4.81494 -60.1107 -38.087 -0.0958554 157.71 -0.893511 -0.0668375 0.444041 -32.1487 -5.14246 156.164 -0.88543 -0.0956574 0.454823 
2.89282 -1.63658 86.2344 4.80661 -58.647 -34.7228 0.962526 160.022 -0.886281 -0.0292254 0.462138 -30.1367 -3.90302 157.905 -0.881756 -0.0601307 0.467857 
2.86122 -1.7423 86.3249 4.88734 -54.8703 -32.7355 3.12659 163.832 -0.880964 0.00834477 0.473175 -28.0444 -1.78611 161.81 -0.87421 -0.0334094 0.484397 
2.85231 -1.74029 86.3456 4.88044 -53.8289 -32.6104 3.34417 164.817 -0.880203 0.0120195 0.474267 -27.7381 -1.73978 162.906 -0.873351 -0.0291455 0.486219 
2.84197 -1.7288 86.3868 4.86895 -52.4415 -32.1486 3.53508 166.128 -0.879212 0.018396 0.475999 -27.469 -1.98139 164.364 -0.872685 -0.0294705 0.487394 
2.81611 -1.64836 86.4027 4.78277 -50.4333 -31.2725 3.01422 168.653 -0.876286 0.0199302 0.481287 -27.2663 -3.40679 166.569 -0.873568 -0.0286959 0.485856 
2.66559 -1.30363 86.3281 4.37944 -45.593 -27.8423 -2.40493 174.815 -0.861959 0.0464591 0.50479 -23.1726 -11.7702 171.48 -0.857753 -0.0143107 0.513863 
2.43433 -0.965517 85.8122 4.0103 -47.0106 -29.6069 -13.2951 174.173 -0.861035 0.0445279 0.506552 -25.2172 -23.8533 168.208 -0.862277 -0.0339625 0.505298 
2.3289 -0.906626 85.6756 3.95514 -48.9823 -30.6876 -17.7895 171.782 -0.862417 0.0308449 0.505187 -27.1573 -28.2166 165.096 -0.870787 -0.0455528 0.489546 
2.26628 -0.866696 85.5724 3.91981 -50.8619 -31.9307 -21.483 169.425 -0.867216 0.0158617 0.497676 -29.0669 -30.6698 162.338 -0.878336 -0.0522293 0.475183 
2.24445 -0.853194 85.5216 3.9043 -52.278 -32.6574 -23.2247 167.758 -0.870514 0.00773245 0.492121 -29.9111 -31.3786 160.599 -0.881262 -0.0512295 0.469843 
2.23813 -0.848885 85.455 3.89338 -53.7337 -33.255 -24.1251 166.254 -0.87185 0.00538156 0.489772 -30.3678 -31.4 159.044 -0.882464 -0.045601 0.468165 
2.24272 -0.847161 85.4153 3.88131 -55.3053 -33.6121 -24.4037 164.713 -0.872404 0.00720114 0.488742 -30.6912 -30.9612 157.501 -0.882894 -0.0362322 0.468172 
2.26542 -0.834809 85.3819 3.86121 -57.2579 -34.0702 -24.2934 162.713 -0.872893 0.014028 0.487669 -31.0869 -30.1262 155.656 -0.883683 -0.0281863 0.467236 
2.31885 -0.806369 85.3645 3.83966 -59.7376 -34.5129 -23.7513 159.932 -0.874303 0.0196115 0.484938 -31.3596 -28.7972 153.426 -0.884796 -0.0317865 0.464893 
2.36395 -0.787122 85.3391 3.82817 -61.6712 -34.6276 -23.3282 158.028 -0.874696 0.0158171 0.484334 -31.509 -27.6186 151.72 -0.885194 -0.0365031 0.463788 
2.41681 -0.771035 85.3343 3.82156 -63.8111 -34.6374 -22.9831 155.685 -0.875428 0.00639502 0.483187 -31.6532 -26.0899 149.857 -0.885282 -0.0417578 0.463175 
2.47225 -0.762704 85.3661 3.81783 -65.5558 -34.6035 -21.7836 153.768 -0.876695 0.00258054 0.481007 -31.867 -24.1792 148.406 -0.885216 -0.0414405 0.463331 
2.53947 -0.764427 85.4169 3.82501 -66.8798 -34.5612 -20.1758 152.368 -0.87636 0.00478998 0.481663 -31.9804 -21.7482 147.431 -0.884695 -0.0393497 0.464507 
2.62221 -0.794304 85.5375 3.86695 -67.6608 -33.9215 -17.564 151.478 -0.875543 0.00663942 0.483058 -31.5153 -18.8043 147.101 -0.882309 -0.0396972 0.468994 
2.69 -0.84199 85.682 3.92699 -67.6402 -33.177 -15.2501 151.589 -0.874006 0.00765608 0.485937 -30.8777 -16.3329 147.456 -0.879622 -0.0397731 0.474007 
2.80003 -1.18815 86.009 4.3059 -66.2575 -30.7154 -8.53255 153.495 -0.869183 0.00347856 0.494321 -27.714 -10.8195 149.807 -0.871029 -0.0441665 0.489243 
2.7578 -1.68542 86.3932 4.81696 -59.5709 -26.2734 0.261321 160.016 -0.858605 0.0130965 0.512318 -24.6762 -3.19953 157.813 -0.863983 -0.0237887 0.50296 
2.15826 -1.27261 85.7693 4.3263 -48.1298 -20.4532 -17.8151 174.312 -0.83095 0.0143817 0.556029 -16.413 -28.1741 167.94 -0.822501 -0.0514303 0.566433 
2.00917 -1.18183 85.5216 4.21713 -54.656 -23.6278 -27.2364 166.492 -0.837734 0.00257005 0.546118 -21.1867 -34.0477 159.289 -0.841848 -0.0615975 0.536188 
2.19245 -1.05773 85.3311 4.13411 -63.0857 -25.5815 -28.0268 158.418 -0.846067 -0.0298529 0.53214 -22.25 -31.2094 151.2 -0.851466 -0.0755381 0.51894 
2.45243 -0.972411 85.3438 4.06172 -72.0201 -27.6035 -21.9933 148.69 -0.8565 -0.0326027 0.515014 -24.0642 -24.2274 143.326 -0.859395 -0.070692 0.506403 
2.52999 -0.962357 85.5312 4.02897 -73.0028 -28.4647 -18.8549 147.3 -0.860275 -0.0111282 0.509714 -25.8078 -20.9352 142.51 -0.863986 -0.0443263 0.501561 
2.59118 -0.974997 85.7407 4.01892 -72.879 -29.2405 -16.1676 147.01 -0.861542 0.0143911 0.507548 -26.8733 -17.8985 142.785 -0.866079 -0.0164449 0.499636 
2.64806 -1.00516 85.9534 4.03472 -72.0169 -29.6826 -13.3542 147.591 -0.861072 0.0401423 0.506941 -27.444 -15.1435 143.773 -0.866809 0.00471953 0.498618 
2.69086 -1.05256 86.1074 4.07752 -70.9898 -29.6945 -11.0022 148.742 -0.86037 0.0557473 0.506542 -27.5036 -13.0445 144.923 -0.866712 0.0165859 0.498533 
2.74229 -1.22894 86.2805 4.25477 -68.8562 -29.0938 -7.27726 151.053 -0.858614 0.0696565 0.507774 -26.7189 -9.51892 147.547 -0.866362 0.0305014 0.498484 
2.74774 -1.44296 86.3868 4.47941 -66.6544 -26.7082 -3.24746 153.859 -0.854818 0.0815275 0.512467 -26.0601 -5.95599 150.49 -0.868126 0.0401796 0.494715 
2.75406 -1.75034 86.4725 4.825 -61.4997 -25.0473 2.00132 158.618 -0.850816 0.0684601 0.520908 -23.9404 -0.725615 155.868 -0.859466 0.0280392 0.510424 
2.68541 -1.71386 86.3916 4.7753 -51.7684 -24.1077 3.98769 168.553 -0.847447 0.0789757 0.524796 -21.6712 -1.87151 166.15 -0.851004 0.036852 0.523864 
2.59233 -1.43463 86.0519 4.48315 -46.79 -23.5592 -3.11796 174.966 -0.843517 0.0707702 0.532346 -19.8938 -10.1784 171.391 -0.844399 0.0194704 0.535361 
2.58831 -1.31168 85.7407 4.35072 -47.4774 -24.858 -5.54829 173.996 -0.84705 0.0693768 0.526939 -20.8385 -13.0316 170.031 -0.846803 0.0113035 0.531787 
2.58888 -1.29473 85.7375 4.33377 -47.6504 -25.3227 -6.11706 173.589 -0.847869 0.0708197 0.525314 -21.0408 -13.3584 169.754 -0.847431 0.00956264 0.530819 
