9615 20.5458 -6.99084 186.589 -0.579799 -0.0594607 0.812587 16.186 -5.48615 184.047 -0.577515 -0.0191864 0.816025 20.6135 0.412795 184.797 -0.593787 0.0793417 0.800701 1.46368 -2.51906 67.4716 5.53139 -25.7368 -8.10607 -14.0646 0 1.30852 -1.23904 -5.24302 0 1 0.0793867 1 
217345 19.8175 -3.24263 185.42 -0.570326 0.00829067 0.821376 17.1778 -3.45893 183.588 -0.57084 0.0185641 0.820732 21.3689 1.24574 185.138 -0.592528 0.0833145 0.80123 1.35745 -2.63089 67.6561 5.6172 -25.0806 -7.89941 -13.7998 0 1.15915 -1.20352 -5.19774 0 1 0.0807806 1 
431190 20.231 -1.04867 185.035 -0.562626 0.0453342 0.825468 18.3136 -0.376535 183.309 -0.560025 0.0504404 0.826776 22.1302 2.13822 185.492 -0.591049 0.0870791 0.801921 1.28271 -2.71065 68.5343 5.66538 -24.7986 -7.81057 -13.4344 0 1.07531 -1.15727 -5.14276 0 1 0.0988916 1 
778222 22.1678 2.5619 185.433 -0.551435 0.0792248 0.830447 20.7718 5.72975 183.741 -0.54447 0.13436 0.827863 23.9139 4.74642 186.486 -0.589012 0.0969186 0.802291 1.12766 -2.81539 69.8791 5.80305 -24.315 -7.65828 -12.8586 0 0.835682 -1.12704 -5.20008 0 1 0.0965399 1 
1012295 23.5304 5.16888 185.916 -0.548258 0.0985799 0.830479 22.5279 7.48995 184.432 -0.537956 0.150608 0.829397 24.7626 6.71887 187.216 -0.589301 0.101346 0.801532 1.04113 -2.8692 71.1037 5.86446 -24.1704 -7.61271 -12.4273 0 0.728792 -1.08331 -5.21331 0 1 0.0747087 1 
1195519 24.274 6.53935 186.426 -0.54885 0.102579 0.829603 23.6036 8.6475 185.046 -0.535984 0.152458 0.830297 24.952 8.28492 187.725 -0.59084 0.106549 0.799722 0.994715 -2.91612 72.0325 5.91266 -23.9387 -7.53975 -12.0618 0 0.644898 -1.08642 -5.21554 0 1 0.065137 1 
1394596 24.754 7.99906 187.079 -0.55046 0.108319 0.827804 24.5319 10.1852 186.016 -0.539217 0.152007 0.828274 24.5954 10.1171 188.157 -0.593775 0.117489 0.796007 0.981398 -2.95751 73.0574 5.95382 -23.7247 -7.47235 -11.6716 0 0.573271 -1.13487 -5.21513 0 1 0.0600406 1 
1535287 24.7589 9.08268 187.501 -0.553107 0.116436 0.824933 24.7605 11.272 186.569 -0.542911 0.155718 0.82516 24.0034 11.4382 188.388 -0.596518 0.126885 0.792507 1.01456 -2.98981 73.9217 5.94499 -23.5402 -7.41424 -11.3413 0 0.588637 -1.17722 -5.14355 0 1 0.0745911 1 
1674986 24.3705 10.4195 187.943 -0.558478 0.124991 0.820049 24.5957 12.647 187.375 -0.549459 0.168327 0.818288 23.2533 12.6777 188.55 -0.59923 0.136943 0.788778 1.04168 -3.00255 74.5966 5.96175 -23.6379 -7.44501 -11.1595 0 0.559463 -1.2536 -5.15055 0 1 0.0841449 1 
1828106 23.7385 11.8907 188.363 -0.565513 0.133643 0.813839 23.9101 14.3847 187.967 -0.557713 0.181255 0.809961 22.3306 13.9809 188.683 -0.601898 0.148633 0.784619 1.07698 -3.02313 75.4493 5.96636 -23.9693 -7.5494 -10.9953 0 0.551436 -1.32306 -5.12276 0 1 0.025113 1 
2023369 22.7005 13.848 188.642 -0.575108 0.147424 0.804684 23.0712 16.8499 188.348 -0.568004 0.200708 0.798177 21.112 15.6071 188.837 -0.604796 0.165327 0.779031 1.12865 -3.03254 76.0973 5.97511 -24.266 -7.64283 -10.8846 0 0.536217 -1.42821 -5.12158 0 1 0.0169542 1 
2174176 21.83 15.4263 188.788 -0.583179 0.154732 0.797471 22.1585 18.605 188.614 -0.576228 0.21239 0.789153 20.17 16.7908 188.963 -0.606708 0.178279 0.774675 1.16728 -3.0268 76.7043 5.98942 -24.6695 -7.76994 -10.8205 0 0.511297 -1.52038 -5.15651 0 1 0.0916063 1 
2303418 21.0513 16.6119 188.883 -0.590714 0.157127 0.791434 21.3213 19.9634 188.542 -0.584307 0.217014 0.781915 19.4722 17.5337 189.13 -0.608312 0.184791 0.771886 1.20021 -3.01996 77.4655 5.98651 -25.0745 -7.89749 -10.7084 0 0.516371 -1.57262 -5.16334 0 1 0.0735009 1 
2434981 20.2172 17.6464 189.008 -0.599636 0.158677 0.784384 20.1428 20.9364 188.717 -0.59458 0.218331 0.773699 18.8872 18.1303 189.389 -0.609864 0.189082 0.769619 1.22491 -3.01011 78.3715 5.97676 -25.4563 -8.01772 -10.5432 0 0.533332 -1.59864 -5.16351 0 1 0.0514416 1 
2564791 19.3283 18.4133 189.276 -0.608469 0.159014 0.777483 19.1715 21.5847 189.011 -0.605499 0.21737 0.765556 18.4261 18.5633 189.714 -0.611312 0.191706 0.767819 1.23498 -3.0048 78.8603 5.96332 -25.6286 -8.07201 -10.4436 0 0.556734 -1.59277 -5.14935 0 1 0.0411403 1 
2699175 18.5532 18.8378 189.443 -0.617326 0.159024 0.770467 18.5886 21.7516 189.297 -0.613544 0.216998 0.759193 18.0321 18.8821 190.147 -0.612684 0.192961 0.76641 1.23728 -3.00361 79.4596 5.9507 -25.3453 -7.98278 -10.1656 0 0.578704 -1.57481 -5.12946 0 1 0.0354614 1 
2836257 17.8949 18.9243 189.905 -0.624287 0.160449 0.76454 18.0811 21.6878 189.796 -0.619074 0.217361 0.754488 17.7014 19.0792 190.676 -0.614071 0.192823 0.765334 1.23875 -3.00882 79.8172 5.94379 -25.0842 -7.90054 -9.97072 0 0.590724 -1.56533 -5.10837 0 1 0.0250361 1 
2962963 17.4794 18.8611 190.34 -0.629157 0.162253 0.760155 17.8957 21.5745 190.288 -0.623303 0.220583 0.750174 17.443 19.2094 191.218 -0.615309 0.192764 0.764354 1.24417 -3.01715 80.1932 5.9394 -24.8244 -7.81869 -9.77045 0 0.598364 -1.56714 -5.08623 0 1 0.0212267 1 
3102362 17.2102 18.9115 190.884 -0.632741 0.167837 0.755956 17.6034 21.6524 190.78 -0.626393 0.227998 0.74536 17.1854 19.3859 191.829 -0.616455 0.194143 0.76308 1.25199 -3.02517 80.547 5.93431 -24.4573 -7.70309 -9.54341 0 0.607229 -1.57188 -5.0634 0 1 0.0214285 1 
3235633 17.032 19.0963 191.449 -0.635803 0.175375 0.751663 17.5379 21.9245 191.369 -0.628133 0.237172 0.74109 16.9667 19.5753 192.4 -0.617342 0.196671 0.761715 1.25934 -3.03101 80.9676 5.9286 -24.1831 -7.61672 -9.32457 0 0.617159 -1.57475 -5.04331 0 1 0.0254987 1 
3367259 16.923 19.3666 192.013 -0.637947 0.184179 0.747731 17.2561 22.3224 191.847 -0.629892 0.246096 0.736584 16.7463 19.8137 192.938 -0.617958 0.200439 0.760231 1.26659 -3.03509 81.3725 5.9241 -23.9155 -7.53243 -9.11276 0 0.624991 -1.57953 -5.02839 0 1 0.0309565 1 
3498670 16.8237 19.5578 192.573 -0.639975 0.190372 0.74444 17.1765 22.4881 192.435 -0.630929 0.254747 0.732809 16.5254 20.0958 193.42 -0.618356 0.205144 0.758651 1.27429 -3.03841 81.7312 5.92124 -23.6818 -7.45885 -8.92619 0 0.629973 -1.58795 -5.01762 0 1 0.0382147 1 
3639081 16.6686 19.879 193.103 -0.642398 0.197462 0.740496 16.9943 22.792 192.905 -0.632249 0.260982 0.729473 16.297 20.4267 193.895 -0.61855 0.210963 0.756895 1.28423 -3.04104 82.0514 5.91773 -23.4441 -7.38397 -8.75044 0 0.636078 -1.59915 -5.00693 0 1 0.0471181 1 
3774400 16.5026 20.3268 193.564 -0.644205 0.203278 0.737346 16.8106 22.9876 193.494 -0.634062 0.267237 0.725653 16.0935 20.7685 194.284 -0.618535 0.217095 0.755172 1.29579 -3.03982 82.2716 5.91163 -23.2362 -7.31848 -8.61562 0 0.646696 -1.60865 -4.99844 0 1 0.0545207 1 
3905186 16.2843 20.7023 193.99 -0.646847 0.209606 0.73325 16.6268 23.3019 193.848 -0.635355 0.272014 0.722724 15.9071 21.1345 194.606 -0.618291 0.223595 0.753473 1.31199 -3.03847 82.3567 5.90449 -23.0149 -7.24879 -8.51911 0 0.659127 -1.62442 -4.98837 0 1 0.0604077 1 
4040405 16.109 21.0482 194.383 -0.648024 0.216009 0.730346 16.2146 23.5312 194.318 -0.636705 0.275941 0.719943 15.7377 21.4811 194.879 -0.617908 0.229425 0.752033 1.33419 -3.03521 82.1399 5.89655 -22.6836 -7.14446 -8.48308 0 0.672946 -1.64923 -4.98021 0 1 0.057643 1 
4172471 15.8999 21.3875 194.7 -0.647226 0.222916 0.728976 16.0058 23.4475 194.561 -0.638723 0.275299 0.718398 15.5999 21.7481 195.111 -0.617564 0.233652 0.751013 1.34904 -3.03815 81.9445 5.89217 -22.3487 -7.03896 -8.43912 0 0.680571 -1.66746 -4.96747 0 1 0.0528509 1 
4302273 15.8489 22.0895 194.806 -0.645064 0.233322 0.727635 15.5687 23.1975 194.918 -0.641625 0.270578 0.717591 15.4903 21.9418 195.303 -0.617249 0.236462 0.750393 1.35087 -3.02669 81.6446 5.90115 -21.8774 -6.8905 -8.38512 0 0.664938 -1.68627 -5.00305 0 1 0.0566396 1 
4433872 15.712 22.1554 195.058 -0.64615 0.229636 0.727845 15.3567 23.0337 195.268 -0.643964 0.266922 0.716869 15.4115 22.0716 195.476 -0.617034 0.238348 0.749973 1.3735 -3.04651 81.3434 5.88984 -21.6288 -6.81223 -8.40173 0 0.684617 -1.70598 -4.94888 0 1 0.0536271 1 
4560635 15.8574 19.6438 195.556 -0.649577 0.196849 0.73437 15.0854 24.1017 195.398 -0.641573 0.28655 0.711396 15.3448 22.1536 195.611 -0.616893 0.239478 0.749729 1.36667 -3.07795 81.8092 5.91158 -21.85 -6.8819 -8.32468 0 0.646783 -1.73193 -4.93199 0 1 0.0794943 1 
4699811 15.4473 21.6923 195.732 -0.648562 0.236035 0.72364 14.8768 24.2222 195.517 -0.642126 0.287542 0.71052 15.2817 22.2161 195.729 -0.616802 0.240132 0.749594 1.37879 -3.07086 80.9851 5.90143 -21.3368 -6.72024 -8.42256 0 0.664456 -1.73536 -4.92665 0 1 0.0548488 1 
4830921 15.293 21.7344 195.817 -0.647343 0.235961 0.724755 14.8336 25.5541 195.203 -0.638461 0.311692 0.70356 15.2333 22.2536 195.821 -0.616841 0.240338 0.749497 1.38401 -3.07419 80.8297 5.89878 -21.1409 -6.65857 -8.40984 0 0.669072 -1.73982 -4.91624 0 1 0.0530147 1 
4967054 15.1757 21.6921 195.911 -0.646167 0.238524 0.724965 14.742 25.967 195.198 -0.637317 0.315998 0.702812 15.1901 22.2614 195.908 -0.616961 0.240263 0.749422 1.38235 -3.07492 80.6203 5.90257 -20.8514 -6.56736 -8.38458 0 0.662468 -1.74355 -4.92157 0 1 0.0500292 1 
5101439 15.0936 21.9416 195.924 -0.644734 0.243538 0.724574 14.6406 26.2687 195.196 -0.635929 0.320288 0.702063 15.1523 22.2512 195.98 -0.617117 0.239995 0.749379 1.3751 -3.0729 80.4772 5.91084 -20.6256 -6.49625 -8.35856 0 0.64807 -1.74532 -4.93949 0 1 0.0449575 1 
5234752 15.1116 22.2087 195.943 -0.643601 0.245399 0.724953 14.644 26.4693 195.189 -0.634666 0.322651 0.702102 15.1221 22.226 196.042 -0.617301 0.239563 0.749366 1.37049 -3.07114 80.3484 5.91787 -20.4567 -6.44304 -8.34591 0 0.635845 -1.74952 -4.95477 0 1 0.0432552 1 
5364741 15.1475 22.3695 196.051 -0.643138 0.244945 0.725517 14.6483 26.5828 195.293 -0.634164 0.322753 0.702582 15.0797 22.1909 196.109 -0.617502 0.23907 0.749357 1.37021 -3.0676 80.184 5.92347 -20.3879 -6.42138 -8.37603 0 0.626083 -1.75879 -4.97071 0 1 0.0440772 1 
5496260 15.4111 22.7841 196.049 -0.641481 0.247995 0.725948 14.6587 26.7188 195.281 -0.634458 0.320108 0.703515 15.0369 22.1558 196.167 -0.617729 0.238529 0.749343 1.37467 -3.05242 80.4631 5.93694 -20.7035 -6.52078 -8.38753 0 0.602651 -1.78998 -5.02055 0 1 0.0692711 1 
5630314 15.57 24.9096 195.987 -0.63043 0.283955 0.722446 14.3448 26.806 195.273 -0.636633 0.313192 0.704716 15.0052 22.1199 196.215 -0.617943 0.237964 0.749346 1.36206 -3.04074 83.1663 5.92922 -22.9755 -7.23639 -8.25174 0 0.616083 -1.75461 -5.02745 0 1 0.0928471 1 
5892544 15.0128 23.8265 195.987 -0.642747 0.250296 0.724036 13.6391 26.2482 195.348 -0.650279 0.295136 0.700023 14.951 22.0547 196.176 -0.617714 0.236987 0.749845 1.31366 -3.02904 86.2216 5.91303 -24.6338 -7.75869 -7.81173 0 0.644257 -1.64219 -5.01965 0 1 0.0995638 1 
6452012 14.5632 20.5993 195.933 -0.664657 0.198081 0.720413 13.1096 23.4378 194.616 -0.666786 0.239143 0.705726 14.9009 22.1397 195.04 -0.613217 0.234339 0.754354 1.39982 -3.04005 79.4689 5.94069 -21.9519 -6.91398 -9.09384 0 0.596122 -1.84029 -5.04861 0 1 0.0972833 1 
6736933 14.5033 22.3466 194.736 -0.651842 0.226296 0.723804 13.1049 25.7287 193.388 -0.648145 0.27666 0.709438 14.8865 22.382 193.815 -0.610176 0.232055 0.75752 1.41148 -3.04168 78.3286 5.91882 -22.315 -7.02835 -9.56739 0 0.634178 -1.82252 -5.00772 0 1 0.080747 1 
6871804 14.594 23.2635 194.241 -0.643822 0.240577 0.726372 13.4149 26.0571 192.912 -0.642881 0.285399 0.710834 14.8641 22.5349 193.179 -0.609193 0.230624 0.758746 1.40825 -3.00936 77.0348 5.93761 -22.9667 -7.23361 -10.1801 0 0.60148 -1.8496 -5.09667 0 1 0.0617507 1 
6998465 14.7308 24.1947 193.245 -0.634811 0.255965 0.729038 13.6654 25.906 191.847 -0.636047 0.284145 0.717381 14.8117 22.6958 192.586 -0.608744 0.229163 0.759549 1.41593 -2.97441 76.8967 5.92039 -23.5392 -7.41391 -10.4039 0 0.631447 -1.833 -5.12754 0 1 0.0539513 1 
7132135 14.8668 23.9801 191.667 -0.627484 0.246135 0.738703 13.7007 25.3116 191.026 -0.633807 0.273037 0.723653 14.7392 22.8855 191.952 -0.60869 0.227531 0.760083 1.41356 -2.97015 77.3083 5.92507 -22.9333 -7.22308 -10.0834 0 0.623303 -1.83702 -5.1431 0 1 0.0359391 1 
7265493 14.7245 23.7143 190.757 -0.625901 0.23942 0.742244 13.6897 25.1362 190.907 -0.634408 0.267613 0.725158 14.6733 23.1033 191.318 -0.609028 0.225886 0.760303 1.40917 -2.96941 77.4978 5.92832 -22.4749 -7.07872 -9.8794 0 0.617642 -1.83504 -5.15004 0 1 0.0216399 1 
7403461 14.6596 23.7317 190.335 -0.625235 0.240281 0.742527 13.5779 25.0535 191.021 -0.635027 0.265703 0.725342 14.6227 23.3355 190.659 -0.609553 0.224188 0.760385 1.40769 -2.96168 77.6311 5.93124 -22.4335 -7.06568 -9.82439 0 0.612567 -1.83755 -5.16858 0 1 0.0195902 1 
7537091 14.5164 24.1073 190.123 -0.624531 0.242957 0.742248 13.4803 25.0953 191.134 -0.636357 0.262366 0.725331 14.5737 23.5425 190.031 -0.610158 0.222767 0.760317 1.40778 -2.93574 77.6521 5.92643 -22.5603 -7.1056 -9.85769 0 0.620946 -1.82932 -5.20534 0 1 0.01649 1 
7676291 14.336 24.2383 190.081 -0.625738 0.242282 0.741452 13.3636 24.8414 191.247 -0.63808 0.254926 0.726419 14.5138 23.7924 189.379 -0.610738 0.222053 0.76006 1.40739 -2.90391 77.3682 5.92498 -22.8166 -7.18634 -10.0278 0 0.623455 -1.82613 -5.25824 0 1 0.0244409 1 
7812213 14.0821 23.5958 190.863 -0.631816 0.230537 0.740041 13.2221 24.1938 191.36 -0.640415 0.241934 0.728771 14.4591 24.0573 188.752 -0.611333 0.222398 0.759481 1.40728 -2.93414 75.9319 5.93835 -23.8442 -7.50997 -10.8039 0 0.600197 -1.8492 -5.22888 0 1 0.0241781 1 
8908271 14.1945 22.6715 188.799 -0.63069 0.225982 0.742403 13.9396 28.3557 186.389 -0.614628 0.325072 0.718641 14.3472 25.5166 184.611 -0.617984 0.232337 0.751076 1.41539 -3.14159 75.2684 5.96187 -25.3023 -7.96923 -11.4721 0 0.559257 -1.90426 -4.90874 0 0 4.90635 1 
9836886 13.5703 24.7647 185.007 -0.622466 0.231832 0.747522 14.0686 27.8335 184.545 -0.611004 0.314282 0.726475 12.1126 26.2915 180.376 -0.633002 0.238458 0.736509 1.46313 -3.0847 71.5591 6.03099 -30.0312 -9.45865 -14.1298 0 0.438952 -2.10765 -5.12807 0 1 0.0395846 1 
10024692 12.4979 26.0105 181.986 -0.630056 0.221057 0.744421 12.533 28.5819 181.033 -0.614009 0.29458 0.732201 10.8996 27.1794 179.445 -0.637264 0.251922 0.728306 1.49377 -3.01367 73.7913 6.0422 -32.7001 -10.2992 -14.2673 0 0.419443 -2.18049 -5.2712 0 1 0.056707 1 
10193938 11.2967 27.1038 180.267 -0.634665 0.233445 0.736684 10.5194 28.5568 179.068 -0.630908 0.258861 0.731226 9.63319 28.2033 178.68 -0.640908 0.267095 0.719651 1.5311 -3.03665 74.6893 6.02255 -32.4899 -10.233 -13.9183 0 0.453646 -2.21126 -5.19702 0 1 0.0451283 1 
10325328 10.2236 27.5861 179.552 -0.640352 0.230818 0.732579 9.50847 28.7284 178.801 -0.642388 0.247596 0.725215 8.62354 29.0946 178.162 -0.643211 0.280467 0.712473 1.56646 -3.10072 74.7328 6.02468 -32.3419 -10.1864 -13.858 0 0.449935 -2.27651 -5.0892 0 1 0.0419117 1 
10935794 7.98145 29.9793 178.252 -0.652345 0.264409 0.710306 6.98358 32.7171 177.951 -0.650175 0.327388 0.685549 5.14459 32.3441 177.241 -0.649907 0.323813 0.68758 1.60497 -3.14159 75.0119 6.01567 -32.5366 -10.2478 -13.8314 0 0.465619 -2.32786 -5.00238 0 0 3.37262 1 
12456047 6.96474 31.3113 178.22 -0.657691 0.290563 0.694993 5.99874 33.8616 177.823 -0.65532 0.34352 0.672696 2.51852 33.2291 179.923 -0.660694 0.322088 0.678043 1.6182 -3.14159 75.395 6.01574 -32.5945 -10.266 -13.729 0 0.4655 -2.351 -5.0025 0 0 5.12645 1 
12851296 6.53916 37.6716 179.659 -0.66127 0.411951 0.626911 4.44277 34.3194 178.364 -0.66457 0.343876 0.663274 2.45248 33.6872 178.922 -0.657342 0.331571 0.676729 1.75952 -3.13472 78.1679 5.97653 -33.1584 -10.4436 -13.0332 0 0.53374 -2.52874 -4.94622 0 1 0.069123 1 
13853359 3.04115 37.592 177.279 -0.676722 0.362087 0.641046 -0.563105 34.7525 176.295 -0.693647 0.305149 0.652398 3.50305 32.3229 176.2 -0.655725 0.31828 0.684633 1.88309 -2.98305 74.0922 5.89433 -35.6534 -11.2294 -15.1028 0 0.676802 -2.60075 -5.06714 0 1 0.0958499 1 
14046423 1.82002 32.4025 176.489 -0.685152 0.272168 0.675641 1.4839 34.022 175.676 -0.677475 0.329654 0.657487 4.03674 31.2969 176.07 -0.657441 0.307533 0.687891 1.66393 -3.11161 73.0583 5.98996 -33.9213 -10.6839 -14.8828 0 0.510373 -2.38572 -5.00981 0 1 0.0660061 1 
14185635 4.1866 31.476 176.282 -0.668971 0.308797 0.676109 3.10737 33.3452 175.485 -0.663882 0.34108 0.665544 4.42301 30.5336 176.015 -0.658664 0.300533 0.689812 1.67781 -3.06777 72.5299 6.01889 -34.1788 -10.765 -15.1304 0 0.460005 -2.46026 -5.13648 0 1 0.0962993 1 
14361165 4.90569 30.5588 175.938 -0.659986 0.297961 0.689665 3.26637 32.6571 174.995 -0.663344 0.328268 0.672374 4.92556 29.5896 175.938 -0.659768 0.293529 0.691771 1.6779 -3.03529 72.5904 6.0251 -34.353 -10.8198 -15.1662 0 0.449198 -2.47122 -5.20382 0 1 0.0856215 1 
14496249 4.54553 30.0448 175.618 -0.659738 0.285233 0.695261 3.13189 32.132 174.863 -0.665908 0.313396 0.676859 5.33982 28.8406 175.864 -0.660489 0.288536 0.693182 1.66552 -3.01202 72.4992 6.00453 -34.148 -10.7553 -15.1303 0 0.485003 -2.41387 -5.20852 0 1 0.0443203 1 
14639772 4.56102 29.418 175.531 -0.661366 0.267863 0.700603 3.42853 31.4673 174.946 -0.667457 0.298962 0.681929 5.77971 28.0413 175.764 -0.661039 0.283525 0.694724 1.65113 -2.98563 72.3738 5.98031 -34.1377 -10.752 -15.1666 0 0.527164 -2.34667 -5.2123 0 1 0.0651973 1 
14775157 4.70523 28.544 175.572 -0.661854 0.253827 0.705352 3.86926 30.307 175.013 -0.663822 0.2883 0.690003 6.21166 27.2731 175.634 -0.661301 0.278619 0.696457 1.63874 -2.97029 72.0542 5.94689 -34.1528 -10.7568 -15.272 0 0.585327 -2.26694 -5.18082 0 1 0.0650846 1 
14910090 5.30026 27.0048 175.697 -0.659783 0.235751 0.713518 4.84455 28.8182 175.292 -0.659956 0.27363 0.699655 6.66663 26.5183 175.472 -0.661316 0.273753 0.69837 1.63709 -2.98458 71.7961 5.92915 -34.2485 -10.7869 -15.3834 0 0.616207 -2.23318 -5.12507 0 1 0.0464373 1 
15045892 5.98413 25.7557 175.715 -0.655446 0.227078 0.720296 5.60483 27.6709 175.254 -0.654091 0.27073 0.70626 7.15384 25.7332 175.265 -0.661375 0.267373 0.700782 1.63956 -3.00267 71.6152 5.91509 -34.4626 -10.8543 -15.5078 0 0.640676 -2.21301 -5.06913 0 1 0.0453046 1 
15183741 6.62953 25.1229 175.477 -0.649915 0.231421 0.723916 6.31137 27.4033 175.006 -0.647361 0.281106 0.708447 7.66402 24.7458 175.038 -0.661688 0.254208 0.705371 1.63841 -3.01351 71.5255 5.89571 -34.7231 -10.9364 -15.6181 0 0.674413 -2.17727 -5.01652 0 1 0.0452853 1 
15319782 7.25742 24.7245 175.222 -0.644344 0.24041 0.725964 7.14207 27.4967 174.651 -0.638887 0.299381 0.708556 8.12425 23.8128 174.794 -0.661519 0.238892 0.710861 1.63048 -3.00594 71.1493 5.88727 -34.9128 -10.9962 -15.7964 0 0.689106 -2.14877 -5.015 0 1 0.0437609 1 
15456440 7.81954 24.1924 174.938 -0.639482 0.242384 0.729598 7.7408 27.5213 174.18 -0.630382 0.314381 0.709734 8.55719 22.8992 174.515 -0.660603 0.221359 0.717359 1.61508 -3.00046 70.368 5.89543 -34.9243 -10.9998 -16.0461 0 0.674896 -2.13618 -5.03875 0 1 0.0452593 1 
15593494 8.27236 23.9467 174.515 -0.633799 0.244764 0.73375 8.33423 27.4052 173.58 -0.623089 0.320236 0.713508 8.94703 22.0433 174.205 -0.65858 0.201787 0.724951 1.59183 -2.97093 69.8271 5.89158 -34.9956 -11.0222 -16.2389 0 0.681599 -2.089 -5.08343 0 1 0.0537104 1 
15740118 9.06832 24.2999 173.814 -0.62652 0.253699 0.73696 9.02467 27.0244 173.186 -0.61641 0.318503 0.72007 9.29973 21.2065 173.867 -0.655332 0.179651 0.733666 1.56275 -2.87121 69.441 5.87164 -34.9832 -11.0183 -16.3566 0 0.716304 -2.0037 -5.22231 0 1 0.0435479 1 
15947438 10.7121 22.3332 173.411 -0.615015 0.230862 0.753962 9.96021 23.1001 173.412 -0.617544 0.253683 0.744399 9.661 20.0689 173.376 -0.648333 0.144046 0.747606 1.61724 -2.73683 69.2287 5.88842 -35.082 -11.0494 -16.4546 0 0.687104 -2.12772 -5.48539 0 1 0.0362056 1 
16096485 10.5249 19.805 173.508 -0.617373 0.168875 0.768331 9.63028 19.4934 173.715 -0.626287 0.164579 0.761939 9.79415 19.3198 173.03 -0.641436 0.117236 0.758166 1.6178 -2.78705 69.0458 5.90014 -35.6639 -11.2327 -16.6955 0 0.666694 -2.14912 -5.41839 0 1 0.0395966 1 
16230572 10.4096 19.4751 173.213 -0.618708 0.140294 0.772993 9.36359 19.1203 173.361 -0.626087 0.145467 0.766022 9.82915 18.8857 172.704 -0.634138 0.0979207 0.766995 1.61788 -2.78393 68.9796 5.90694 -36.009 -11.3414 -16.825 0 0.654856 -2.1611 -5.43566 0 1 0.0286655 1 
16365541 10.2658 18.9507 172.95 -0.619526 0.122209 0.775405 9.0171 19.1141 173.016 -0.626011 0.135602 0.767889 9.81259 18.4814 172.38 -0.626236 0.0791635 0.775604 1.61972 -2.78327 68.6992 5.916 -36.2667 -11.4226 -16.9945 0 0.639095 -2.18006 -5.45257 0 1 0.0205416 1 
16496011 10.0289 18.3951 172.664 -0.620361 0.10613 0.777103 8.8986 19.0689 172.568 -0.62665 0.127955 0.768603 9.70097 18.1 172.061 -0.618156 0.0609584 0.783688 1.61982 -2.77975 68.3761 5.92835 -36.4564 -11.4823 -17.156 0 0.617602 -2.20172 -5.48019 0 1 0.0221507 1 
16629488 9.78938 18.0366 172.34 -0.620158 0.092268 0.779032 8.67267 19.1393 172.114 -0.626895 0.120658 0.769668 9.51103 17.7012 171.749 -0.609787 0.0421667 0.791443 1.62074 -2.77053 68.1244 5.94455 -36.6652 -11.5481 -17.301 0 0.589406 -2.23153 -5.52443 0 1 0.0309153 1 
16765897 9.59849 17.6739 171.993 -0.618517 0.078469 0.781844 8.43665 19.1461 171.767 -0.626724 0.108585 0.771597 9.24063 17.3024 171.455 -0.601131 0.0223342 0.798838 1.62311 -2.75819 68.0362 5.96398 -36.9649 -11.6425 -17.4232 0 0.55559 -2.26947 -5.57972 0 1 0.0432848 1 
16903021 9.35034 17.3425 171.617 -0.617435 0.0607909 0.784269 8.19938 19.1848 171.306 -0.626566 0.0927243 0.773756 8.90189 16.9009 171.181 -0.592315 0.00162762 0.805705 1.62814 -2.7488 67.9499 5.98275 -37.213 -11.7206 -17.5285 0 0.522906 -2.3109 -5.62875 0 1 0.0575271 1 
17037622 9.03795 16.8655 171.329 -0.617373 0.0361399 0.78584 7.85429 19.2321 170.962 -0.62664 0.0771101 0.775422 8.48669 16.5059 170.947 -0.583477 -0.0194377 0.811897 1.6336 -2.73946 67.8315 6.00723 -37.3928 -11.7773 -17.6225 0 0.480298 -2.36301 -5.68761 0 1 0.0713713 1 
17170483 8.65333 16.4372 171.091 -0.61692 0.00348454 0.787019 7.49164 19.0888 170.624 -0.62646 0.058054 0.777183 8.02294 16.1352 170.76 -0.5747 -0.0408908 0.817342 1.63981 -2.72417 67.7484 6.03995 -37.5652 -11.8316 -17.7029 0 0.423363 -2.43076 -5.77117 0 1 0.0863099 1 
17336038 8.16709 16.1747 170.809 -0.609767 -0.0329834 0.791894 6.68728 19.0795 170.294 -0.626679 0.0278775 0.778654 7.35155 15.7353 170.602 -0.563897 -0.0676017 0.823073 1.68573 -2.65328 66.9567 6.09027 -37.0511 -11.6697 -17.7904 0 0.335775 -2.59827 -5.98214 0 1 0.0725474 1 
17548391 7.41603 15.8109 170.286 -0.598514 -0.0817117 0.796934 5.51118 17.5203 170.409 -0.613837 -0.0608878 0.787003 6.47373 15.2969 170.515 -0.549633 -0.101745 0.829187 1.75648 -2.59086 64.8484 6.11041 -35.2736 -11.1098 -17.8946 0 0.300724 -2.75645 -6.12584 0 1 0.0828852 1 
17859555 6.07019 15.1129 170.332 -0.575209 -0.147813 0.804541 4.70287 16.9055 170.229 -0.594292 -0.0987419 0.798098 5.18557 14.8294 170.696 -0.527906 -0.150217 0.835913 1.86098 -2.60743 62.6895 6.07885 -33.7751 -10.6378 -18.1025 0 0.355658 -2.88341 -6.04206 0 1 0.0961284 1 
18240126 4.35599 14.5242 170.994 -0.551942 -0.183383 0.813469 1.89536 16.9163 170.374 -0.593234 -0.102969 0.798327 3.72734 14.4204 171.511 -0.500922 -0.204818 0.840909 1.87861 -2.57524 62.1874 6.16255 -32.5554 -10.2537 -17.8765 0 0.209964 -3.05979 -6.24378 0 1 0.0812769 1 
18380856 3.78297 14.3562 171.378 -0.548714 -0.202074 0.811221 1.25867 16.6325 170.728 -0.588283 -0.127169 0.798588 3.29843 14.2818 171.932 -0.491856 -0.22173 0.84197 1.88646 -2.57201 61.7434 6.18555 -31.9484 -10.0625 -17.8252 0 0.169937 -3.11349 -6.28943 0 1 0.0955585 1 
18741459 2.09006 14.7406 171.894 -0.532044 -0.235765 0.81323 0.0472146 16.4211 171.36 -0.559459 -0.19158 0.806415 2.34062 13.6148 173.354 -0.4679 -0.265381 0.842996 1.88789 -2.49774 61.139 6.26682 -29.3984 -9.25933 -17.2124 0 0.0284841 -3.25742 -6.56016 0 1 0.0955281 1 
18979324 1.26393 14.867 173.185 -0.514287 -0.262598 0.816426 -0.745247 15.5534 172.957 -0.541855 -0.233022 0.807498 1.83531 12.4025 174.524 -0.450896 -0.29794 0.841383 1.98731 -2.34162 60.6977 6.23718 -28.0577 -8.83706 -16.9291 0 0.0800745 -3.37887 -6.78029 0 1 0.0817867 1 
19182837 1.25149 12.7393 174.443 -0.485078 -0.314128 0.816102 -0.270383 12.4517 174.273 -0.499343 -0.310929 0.808579 1.75535 10.4787 175.545 -0.432345 -0.33202 0.838356 2.03465 -2.28174 60.5912 6.1986 -27.3126 -8.6024 -16.728 0 0.147223 -3.39412 -6.81736 0 1 0.0692708 1 
19390565 1.68599 10.3561 175.371 -0.463324 -0.352217 0.813188 -0.151866 10.2785 175.134 -0.481138 -0.341465 0.807269 1.96182 7.99272 176.531 -0.411367 -0.367774 0.833978 2.08892 -2.21744 60.4511 6.17335 -26.2943 -8.28165 -16.4514 0 0.191173 -3.44463 -6.88533 0 1 0.0766555 1 
20610612 3.90233 -1.31985 179.27 -0.378029 -0.494934 0.78239 1.59815 -1.67591 177.176 -0.403806 -0.476658 0.780849 3.36013 -3.51232 180.512 -0.341847 -0.479396 0.808282 2.39832 -1.83499 58.5466 5.84341 -22.7148 -7.15426 -15.9238 0 0.765445 -3.40887 -6.97673 0 1 0.0975656 1 
21059619 3.14573 -4.58595 180.62 -0.366643 -0.514772 0.774972 1.12114 -4.95646 178.808 -0.388719 -0.501673 0.772704 2.81316 -5.44102 181.754 -0.344212 -0.485717 0.803491 2.45661 -1.76546 57.871 5.75664 -20.0721 -6.32192 -15.3043 0 0.916454 -3.35932 -6.94673 0 1 0.0927379 1 
21313752 2.77761 -5.75352 181.434 -0.365717 -0.519328 0.772366 0.39783 -6.17738 179.896 -0.391263 -0.506027 0.768584 2.49985 -6.50603 182.45 -0.346488 -0.488429 0.800864 2.48795 -1.72828 57.6725 5.72329 -18.8111 -5.92476 -14.9696 0 0.974513 -3.35581 -6.95339 0 1 0.0999748 1 
21588212 2.45055 -6.91704 182.253 -0.372502 -0.517059 0.770644 0.173711 -7.02223 181.062 -0.396173 -0.505884 0.766198 2.17299 -7.74543 183.217 -0.349557 -0.491527 0.797628 2.52155 -1.66812 56.407 5.60666 -16.8624 -5.31099 -14.7545 0 1.1775 -3.21131 -6.85511 0 1 0.0869912 1 
21784148 2.19509 -7.80732 182.761 -0.372669 -0.519583 0.768864 -0.058346 -7.78043 181.658 -0.40015 -0.504794 0.764873 1.94219 -8.71129 183.768 -0.35219 -0.493861 0.795024 2.55142 -1.62876 56.4488 5.5996 -16.0691 -5.06112 -14.4914 0 1.18979 -3.251 -6.91133 0 1 0.0788553 1 
21979826 1.89832 -8.84931 183.307 -0.374853 -0.521995 0.766164 -0.319319 -8.61418 182.379 -0.401687 -0.50721 0.762395 1.72133 -9.70683 184.31 -0.355364 -0.496049 0.792245 2.57316 -1.58202 56.1589 5.55646 -15.0172 -4.72984 -14.2515 0 1.26489 -3.21374 -6.91758 0 1 0.0792284 1 
22179682 1.74651 -9.7006 183.816 -0.376781 -0.524263 0.763665 -0.468342 -9.44751 183.102 -0.403288 -0.510491 0.759455 1.51712 -10.7269 184.861 -0.35895 -0.498055 0.789365 2.59342 -1.52053 56.0726 5.48284 -14.0786 -4.43421 -13.983 0 1.39301 -3.12089 -6.89648 0 1 0.0861713 1 
22380146 1.50321 -10.655 184.47 -0.380913 -0.527126 0.759633 -0.804079 -10.4059 183.838 -0.409577 -0.510656 0.755873 1.31687 -11.773 185.45 -0.362401 -0.50029 0.786368 2.62755 -1.43791 55.8753 5.40945 -13.1494 -4.14155 -13.7525 0 1.52076 -3.05254 -6.91253 0 1 0.0969694 1 
22586201 1.326 -11.7387 185.044 -0.380694 -0.528854 0.758542 -1.00489 -11.7668 184.484 -0.409844 -0.517389 0.751061 1.13739 -12.7884 186.063 -0.366013 -0.502262 0.783433 2.64608 -1.3787 56.0247 5.34293 -12.4461 -3.92004 -13.4839 0 1.63652 -2.96903 -6.89982 0 1 0.0986765 1 
22776518 0.997454 -12.7107 185.634 -0.386024 -0.532307 0.753415 -1.70794 -12.503 185.123 -0.423044 -0.514565 0.745647 0.991286 -13.6478 186.644 -0.369236 -0.503828 0.780911 2.66541 -1.3142 55.504 5.28894 -11.2864 -3.55476 -13.2826 0 1.7305 -2.9087 -6.91812 0 1 0.0964035 1 
22968778 0.88072 -13.7455 186.253 -0.38522 -0.538316 0.749548 -1.20058 -14.017 185.873 -0.405157 -0.535007 0.741367 0.837762 -14.4652 187.254 -0.372176 -0.505142 0.778663 2.67022 -1.27477 55.1796 5.23701 -10.2103 -3.21585 -13.0459 0 1.82088 -2.82669 -6.89636 0 1 0.0965064 1 
23169125 0.990222 -14.796 186.936 -0.38423 -0.543526 0.746289 -1.03076 -14.7767 186.462 -0.404453 -0.537048 0.740195 0.673679 -15.2752 187.91 -0.375343 -0.506246 0.776423 2.67763 -1.24575 54.8463 5.18718 -9.03921 -2.847 -12.782 0 1.90761 -2.75284 -6.86013 0 1 0.0996877 1 
23376111 0.911629 -15.5294 187.626 -0.386533 -0.544659 0.74427 -1.11164 -15.2251 187.261 -0.409965 -0.533501 0.739796 0.479908 -16.0699 188.596 -0.378746 -0.507208 0.774139 2.68777 -1.20766 54.3492 5.1291 -7.69268 -2.42289 -12.5145 0 2.0087 -2.6694 -6.82534 0 1 0.0901266 1 
23570525 0.659903 -16.2012 188.384 -0.391045 -0.544551 0.74199 -1.52226 -15.6542 188.066 -0.415942 -0.529562 0.739147 0.297317 -16.8091 189.236 -0.38148 -0.508386 0.772021 2.697 -1.1627 54.0074 5.07212 -6.67607 -2.1027 -12.302 0 2.10789 -2.58628 -6.80442 0 1 0.0896959 1 
23772409 0.421641 -16.8352 189.136 -0.39622 -0.542743 0.740567 -1.82682 -16.2022 188.764 -0.422314 -0.525974 0.738146 0.105834 -17.6018 189.886 -0.383986 -0.509862 0.769802 2.70395 -1.10354 53.5869 5.00441 -5.70381 -1.79647 -12.1282 0 2.22573 -2.48053 -6.78953 0 1 0.0878905 1 
23962460 0.245303 -17.51 189.744 -0.400423 -0.541221 0.73942 -2.03028 -16.6407 189.345 -0.426914 -0.523356 0.737396 -0.072789 -18.337 190.463 -0.386459 -0.511163 0.767699 2.71091 -1.04284 53.203 4.93927 -4.8643 -1.53206 -11.9847 0 2.33911 -2.37928 -6.78182 0 1 0.0850211 1 
24157063 0.0843564 -18.2283 190.35 -0.406039 -0.539658 0.737497 -2.24259 -17.3088 189.822 -0.432345 -0.520321 0.736399 -0.275048 -19.1111 191.048 -0.388835 -0.512557 0.765567 2.72353 -0.961426 52.7684 4.86077 -3.93952 -1.24079 -11.8303 0 2.47574 -2.26461 -6.78688 0 1 0.0839097 1 
24351068 -0.197994 -18.972 190.848 -0.408154 -0.540013 0.736068 -2.5252 -18.1418 190.207 -0.431999 -0.523841 0.734053 -0.492515 -19.8817 191.601 -0.391367 -0.513802 0.76344 2.7226 -0.895129 52.4443 4.79052 -3.0181 -0.950582 -11.6421 0 2.59801 -2.14073 -6.78001 0 1 0.082905 1 
24545523 -0.432657 -19.8232 191.346 -0.411351 -0.541218 0.733398 -2.56512 -18.8811 190.808 -0.432689 -0.52643 0.731814 -0.763868 -20.6457 192.126 -0.394802 -0.51429 0.761339 2.72191 -0.839159 52.1325 4.72583 -1.99691 -0.62895 -11.4187 0 2.7106 -2.02693 -6.76483 0 1 0.0861424 1 
24732911 -0.720515 -20.6292 191.841 -0.416008 -0.541253 0.730741 -2.8053 -19.626 191.41 -0.435792 -0.526767 0.729786 -1.06464 -21.3856 192.624 -0.398733 -0.514249 0.759315 2.71828 -0.790864 51.7437 4.66629 -0.925422 -0.291471 -11.2037 0 2.81424 -1.91697 -6.74525 0 1 0.0875394 1 
24925634 -1.00976 -21.399 192.573 -0.42134 -0.539666 0.728858 -2.9497 -20.3729 191.898 -0.437369 -0.528061 0.727888 -1.39931 -22.1468 193.135 -0.402996 -0.514028 0.757211 2.7037 -0.751362 51.2156 4.59695 -0.0173842 -0.00547533 -11.084 0 2.93492 -1.77092 -6.69332 0 1 0.0876691 1 
25116723 -1.39437 -22.2011 192.876 -0.425462 -0.538202 0.727544 -3.28914 -21.0302 192.37 -0.441103 -0.525366 0.727613 -1.73186 -22.8897 193.64 -0.407237 -0.513769 0.755115 2.6906 -0.723564 50.7206 4.54358 1.08845 0.342818 -10.8916 0 3.02782 -1.65523 -6.6488 0 1 0.0693546 1 
25285320 -1.73982 -22.7968 193.276 -0.431804 -0.533488 0.72728 -3.55921 -21.4036 192.826 -0.449845 -0.517292 0.72798 -2.01365 -23.5494 194.075 -0.410696 -0.5136 0.753355 2.66899 -0.716272 50.9454 4.50728 1.41978 0.447175 -10.7165 0 3.091 -1.55443 -6.59831 0 1 0.094891 1 
25425435 -2.1092 -23.1159 193.686 -0.440431 -0.528324 0.725875 -4.07948 -21.4758 193.386 -0.465005 -0.502899 0.72849 -2.21903 -24.084 194.443 -0.413072 -0.513713 0.751978 2.66677 -0.676082 50.9565 4.48391 2.01752 0.63544 -10.5247 0 3.13167 -1.50989 -6.62759 0 1 0.0838616 1 
25608674 -2.6626 -23.447 194.243 -0.452089 -0.520114 0.724636 -4.61329 -21.5309 193.954 -0.478708 -0.490344 0.728179 -2.44808 -24.7677 194.917 -0.415574 -0.514 0.750402 2.63868 -0.615683 50.2437 4.42547 3.1773 1.00072 -10.3839 0 3.23339 -1.35929 -6.631 0 1 0.0851495 1 
25803414 -2.83252 -24.2948 194.791 -0.453306 -0.523859 0.72117 -4.35141 -22.74 194.361 -0.468337 -0.506228 0.724107 -2.6633 -25.472 195.437 -0.417923 -0.51434 0.748863 2.62244 -0.558855 49.415 4.3686 4.47027 1.40796 -10.2377 0 3.33237 -1.23204 -6.63094 0 1 0.0731989 1 
25973225 -2.92855 -25.076 195.197 -0.45005 -0.531183 0.717844 -4.3328 -23.5757 194.734 -0.46446 -0.511921 0.722633 -2.81314 -26.0749 195.887 -0.41957 -0.514802 0.747623 2.61317 -0.531819 49.5042 4.3506 4.99612 1.57358 -10.044 0 3.36369 -1.18458 -6.64666 0 1 0.0913484 1 
26111498 -3.03193 -25.6348 195.544 -0.449883 -0.534262 0.71566 -4.35792 -23.9963 195.094 -0.464585 -0.513542 0.721337 -2.91958 -26.5668 196.251 -0.420553 -0.515348 0.746693 2.59406 -0.514986 49.1432 4.32703 5.73297 1.80566 -9.9256 0 3.40472 -1.11028 -6.63494 0 1 0.0909982 1 
26251535 -3.09588 -26.1902 195.876 -0.448948 -0.536878 0.714288 -4.3253 -24.7268 195.464 -0.461397 -0.518577 0.719854 -3.0085 -27.0725 196.603 -0.421096 -0.516075 0.745885 2.57036 -0.503743 48.7312 4.30659 6.52006 2.05356 -9.80747 0 3.4403 -1.03347 -6.61893 0 1 0.0921263 1 
26389140 -3.03908 -26.8996 196.094 -0.446019 -0.540788 0.713173 -4.08968 -25.4611 195.829 -0.456089 -0.524851 0.718623 -3.04576 -27.5472 196.909 -0.420913 -0.517001 0.745347 2.55136 -0.50349 48.296 4.292 7.37282 2.32215 -9.67596 0 3.46569 -0.974994 -6.59397 0 1 0.0854347 1 
26526517 -2.95281 -27.5634 196.198 -0.443499 -0.54288 0.713155 -3.93635 -26.11 196.182 -0.45309 -0.527506 0.71854 -3.01144 -27.9744 197.129 -0.419463 -0.518598 0.745055 2.54005 -0.504755 48.0425 4.28339 8.37921 2.63912 -9.43882 0 3.48069 -0.940317 -6.57678 0 1 0.0765704 1 
26653472 -2.8929 -27.9882 196.447 -0.442899 -0.543401 0.713131 -3.83144 -26.4465 196.637 -0.454258 -0.526692 0.718531 -2.93156 -28.2935 197.239 -0.416862 -0.5209 0.744909 2.53784 -0.493721 47.7699 4.27278 9.05609 2.85231 -9.31149 0 3.49915 -0.918 -6.57752 0 1 0.0734805 1 
26782870 -2.86234 -28.2952 196.807 -0.441503 -0.544314 0.7133 -3.85662 -26.7662 197.091 -0.453411 -0.526866 0.71877 -2.78288 -28.5514 197.255 -0.413124 -0.52395 0.744852 2.53742 -0.475954 47.3046 4.26366 9.51874 2.99803 -9.31234 0 3.51502 -0.901418 -6.59258 0 1 0.0684536 1 
26918095 -2.80797 -28.5064 197.054 -0.438139 -0.545401 0.714544 -3.78066 -26.9752 197.424 -0.450798 -0.528124 0.719506 -2.58176 -28.7239 197.176 -0.408478 -0.527369 0.745002 2.53959 -0.460285 46.7498 4.25944 9.83946 3.09904 -9.38606 0 3.52236 -0.897834 -6.6125 0 1 0.0613249 1 
27052077 -2.68777 -28.6724 197.091 -0.433708 -0.54734 0.715763 -3.60191 -27.0827 197.524 -0.446741 -0.529831 0.720848 -2.37243 -28.7834 197.015 -0.404103 -0.530159 0.745407 2.53987 -0.45372 46.2341 4.25713 10.0213 3.15632 -9.49119 0 3.52639 -0.894293 -6.6199 0 1 0.0539076 1 
27183946 -2.51766 -28.7464 197.029 -0.428228 -0.549287 0.717569 -3.43235 -27.0743 197.507 -0.441025 -0.532378 0.722438 -2.13128 -28.753 196.783 -0.399847 -0.532692 0.745897 2.53962 -0.45018 45.7254 4.25806 10.1283 3.19003 -9.61773 0 3.52478 -0.895475 -6.62768 0 1 0.0463485 1 
27320906 -2.28192 -28.7188 196.871 -0.421533 -0.550989 0.720223 -3.17519 -27.0698 197.368 -0.432904 -0.535673 0.724996 -1.86711 -28.6357 196.48 -0.395571 -0.535295 0.746313 2.53897 -0.450582 45.1987 4.26144 10.1699 3.20311 -9.77053 0 3.51888 -0.900243 -6.63288 0 1 0.0378658 1 
27459937 -2.0212 -28.6798 196.599 -0.414122 -0.552895 0.723056 -2.90782 -26.9802 196.993 -0.425359 -0.536817 0.7286 -1.59935 -28.4589 196.119 -0.391574 -0.537905 0.746544 2.54065 -0.45253 44.691 4.26627 10.1703 3.20323 -9.93031 0 3.51049 -0.911566 -6.63788 0 1 0.0275534 1 
27596142 -1.79401 -28.6055 196.256 -0.409454 -0.553228 0.725456 -2.73788 -26.8805 196.739 -0.419163 -0.537894 0.731363 -1.37639 -28.2417 195.773 -0.388621 -0.539926 0.746628 2.54423 -0.451782 44.273 4.27166 10.1436 3.19484 -10.0704 0 3.5011 -0.927174 -6.64856 0 1 0.0207027 1 
27733399 -1.56035 -28.4491 195.926 -0.404236 -0.553656 0.728051 -2.45672 -26.7905 196.374 -0.413101 -0.53909 0.733887 -1.16211 -28.002 195.449 -0.386596 -0.541342 0.746654 2.54791 -0.453168 43.9135 4.27855 10.1166 3.18634 -10.1921 0 3.48911 -0.945585 -6.65815 0 1 0.0149027 1 
27870149 -0.257664 -28.6914 195.584 -0.399729 -0.552704 0.731256 -2.17845 -26.7085 196.003 -0.406728 -0.539431 0.737116 -0.996145 -27.7503 195.157 -0.385396 -0.542152 0.746687 2.56424 -0.469206 43.6906 4.2572 9.98293 3.14423 -10.3044 0 3.52627 -0.936842 -6.59307 0 1 0.0397643 1 
28011776 -1.06547 -27.9311 195.246 -0.396662 -0.549321 0.735463 -1.97933 -26.5148 195.745 -0.402852 -0.538636 0.739854 -0.837562 -27.4959 194.885 -0.384546 -0.542807 0.74665 2.55768 -0.471862 43.3563 4.28238 10.1013 3.18152 -10.3724 0 3.48244 -0.969245 -6.63227 0 1 0.0124949 1 
28156837 -0.721548 -27.7656 195.005 -0.383323 -0.552958 0.739798 -2.07873 -26.2106 195.486 -0.401981 -0.535304 0.742802 -0.67935 -27.2082 194.608 -0.383551 -0.543651 0.746547 2.56687 -0.506477 43.2676 4.27136 9.97558 3.14191 -10.44 0 3.50161 -0.966066 -6.55285 0 1 0.0332596 1 
28293621 -1.38929 -27.1199 195.253 -0.394465 -0.543762 0.740756 -2.12941 -25.8262 195.225 -0.405532 -0.528615 0.745587 -0.529003 -26.8804 194.349 -0.383079 -0.543918 0.746595 2.56645 -0.492897 42.3883 4.29992 9.63423 3.0344 -10.8244 0 3.45192 -1.01503 -6.62618 0 1 0.0164637 1 
28436839 -2.1428 -26.2894 195.267 -0.423586 -0.520246 0.741566 -2.09696 -25.3579 194.708 -0.405525 -0.520487 0.751462 -0.389163 -26.4762 194.097 -0.383346 -0.543323 0.746891 2.52792 -0.488632 40.7158 4.35735 9.14366 2.87989 -11.5057 0 3.35195 -1.04794 -6.73358 0 1 0.0901356 1 
28607522 -1.60149 -25.5023 193.444 -0.410783 -0.519433 0.749298 -0.50035 -25.1825 193.276 -0.373792 -0.533461 0.758646 -0.25435 -25.9172 193.814 -0.384954 -0.541094 0.747681 2.52402 -0.463958 41.6654 4.38935 10.0067 3.15173 -10.9347 0 3.29625 -1.09685 -6.83222 0 1 0.0385688 1 
28748478 -0.291791 -24.8859 192.839 -0.384265 -0.51968 0.763068 0.122755 -25.2587 193.153 -0.357943 -0.543336 0.759342 -0.171934 -25.3997 193.594 -0.387597 -0.537774 0.74871 2.55648 -0.469416 42.3343 4.35268 9.8452 3.10085 -10.775 0 3.36007 -1.08953 -6.7589 0 1 0.0121264 1 
28887702 -0.369742 -25.5848 193.174 -0.379482 -0.534971 0.754851 0.132211 -25.0211 193.372 -0.35703 -0.544261 0.759113 -0.0940917 -24.8467 193.385 -0.391397 -0.533229 0.749984 2.58526 -0.49511 41.2311 4.36233 10.0648 3.17001 -11.0533 0 3.34328 -1.15641 -6.73097 0 1 0.0440241 1 
29027871 0.0467068 -25.091 193.25 -0.368404 -0.533191 0.761568 0.203799 -24.9953 193.485 -0.352606 -0.547511 0.758785 -0.0223141 -24.2486 193.189 -0.396428 -0.527457 0.751421 2.55678 -0.518977 40.3972 4.39072 10.2296 3.22193 -11.264 0 3.29387 -1.15625 -6.73884 0 1 0.0455134 1 
29194810 0.402282 -25.0108 193.091 -0.360201 -0.534269 0.76473 0.786716 -24.9174 193.333 -0.342775 -0.549186 0.762131 0.0265735 -23.5493 192.979 -0.403184 -0.519656 0.75326 2.60612 -0.618274 35.8101 4.37451 12.6404 3.98123 -11.9495 0 3.32209 -1.21392 -6.53779 0 1 0.0995404 1 
29677322 -1.55642 -20.4236 191.901 -0.417279 -0.434773 0.798029 -0.895634 -20.9779 192.379 -0.392525 -0.465685 0.7931 0.108549 -21.3932 192.426 -0.429513 -0.489035 0.759186 2.46807 -0.604216 43.9141 4.59926 8.81318 2.7758 -10.6024 0 2.93091 -1.36482 -6.95344 0 1 0.0762205 1 
30010352 1.78536 -23.0702 193.237 -0.361278 -0.529633 0.767442 2.41947 -21.4901 192.932 -0.347019 -0.520959 0.779822 0.0967075 -19.9309 192.099 -0.450389 -0.464649 0.762398 2.54775 -1.11091 43.4795 4.63121 5.30884 1.67207 -11.8431 0 2.87529 -1.55912 -6.12715 0 1 0.0428745 1 
30268550 0.740831 -20.4524 192.396 -0.402717 -0.472502 0.783939 -0.430926 -18.0196 192.128 -0.441254 -0.411433 0.797409 0.0874565 -18.7412 191.848 -0.467701 -0.444274 0.764118 2.57844 -1.10944 43.745 4.66027 4.99896 1.57447 -11.857 0 2.82472 -1.6631 -6.18028 0 1 0.0889022 1 
30464734 0.242922 -19.0546 192.033 -0.432044 -0.439557 0.787482 -1.00823 -17.1671 191.752 -0.456081 -0.39065 0.799565 0.0445375 -17.9263 191.659 -0.479918 -0.429617 0.764924 2.55749 -1.18852 44.6974 4.70389 3.74522 1.1796 -11.9519 0 2.74878 -1.70258 -6.11857 0 1 0.0704771 1 
30660457 -0.151208 -17.7671 191.743 -0.45045 -0.410493 0.792837 -1.51529 -15.9512 191.577 -0.474896 -0.360385 0.802723 0.00172171 -17.1401 191.452 -0.49157 -0.415257 0.765455 2.54712 -1.20817 45.4362 4.74487 2.85024 0.897712 -12.0011 0 2.67747 -1.75584 -6.15569 0 1 0.0986343 1 
30984836 -0.0483288 -16.6521 191.225 -0.464227 -0.385567 0.797391 -1.356 -15.4275 191.072 -0.488676 -0.358561 0.795268 0.0745517 -15.8878 191.053 -0.508901 -0.391948 0.766418 2.50793 -1.29872 48.3694 4.86675 -0.00600306 -0.00189073 -11.9769 0 2.46533 -1.89977 -6.21023 0 1 0.0990785 1 
31129022 0.0456248 -16.2838 191.104 -0.468257 -0.390205 0.792765 -1.11345 -15.2432 191.115 -0.489992 -0.368049 0.790059 0.156291 -15.3809 190.857 -0.515373 -0.382221 0.767006 2.49204 -1.36085 48.9178 4.92663 -0.86998 -0.274009 -12.0763 0 2.36111 -1.97633 -6.2063 0 1 0.0827632 1 
31311742 0.511219 -15.813 190.852 -0.468548 -0.391369 0.792019 -1.02099 -14.5219 190.762 -0.494657 -0.362848 0.789602 0.322966 -14.7587 190.598 -0.52269 -0.370243 0.767929 2.44886 -1.45925 49.6928 4.94668 -2.0528 -0.646551 -12.2047 0 2.32621 -1.93607 -6.06994 0 1 0.0622684 1 
31501744 0.685068 -14.9056 190.519 -0.475236 -0.376442 0.795263 -1.05863 -13.491 190.48 -0.505861 -0.341072 0.792296 0.577527 -14.0997 190.323 -0.529667 -0.357731 0.769078 2.42557 -1.5115 49.9022 4.95153 -2.48605 -0.783007 -12.2752 0 2.31776 -1.90398 -5.98744 0 1 0.0823818 1 
31724787 0.594585 -13.8342 190.179 -0.493228 -0.34624 0.798025 -1.25315 -12.3143 190.2 -0.522511 -0.309394 0.794409 0.954262 -13.3276 189.987 -0.537516 -0.342485 0.770572 2.41876 -1.53651 50.4657 5.01535 -3.31278 -1.04339 -12.3581 0 2.2067 -2.0032 -6.05498 0 1 0.0974988 1 
31971265 1.0005 -12.5898 189.787 -0.501721 -0.313545 0.806205 -0.915551 -11.5772 189.935 -0.528622 -0.295227 0.795792 1.38169 -12.5552 189.634 -0.54544 -0.325922 0.772185 2.34142 -1.57423 53.1696 5.03796 -6.11772 -1.92684 -12.3899 0 2.16733 -1.90795 -6.02869 0 1 0.0886455 1 
32216953 1.52718 -12.5197 189.471 -0.510384 -0.31156 0.801523 -0.306701 -11.7414 189.53 -0.53563 -0.295008 0.791109 1.87444 -11.8071 189.26 -0.55351 -0.30845 0.773619 2.30802 -1.64613 53.2902 5.0828 -6.86669 -2.16274 -12.5879 0 2.08929 -1.92787 -5.9816 0 1 0.0822046 1 
32410306 2.02936 -12.3215 189.212 -0.514078 -0.314449 0.798026 0.373256 -11.4623 189.064 -0.535042 -0.295404 0.791479 2.28765 -11.3162 188.952 -0.55957 -0.294822 0.774572 2.30325 -1.70649 53.4197 5.16551 -7.4285 -2.33968 -12.724 0 1.94534 -2.06351 -6.02049 0 1 0.0873886 1 
32599684 2.45366 -11.7608 188.907 -0.522482 -0.300787 0.797835 0.986221 -10.4548 188.658 -0.533355 -0.289175 0.794945 2.72403 -10.9174 188.655 -0.565125 -0.28177 0.775397 2.26764 -1.7815 53.1568 5.14615 -7.58596 -2.38928 -12.8564 0 1.97903 -1.96783 -5.85623 0 1 0.0741351 1 
32812173 2.60914 -10.9985 188.621 -0.527243 -0.287934 0.799443 1.2557 -9.25584 188.353 -0.540029 -0.263995 0.799074 3.27624 -10.5258 188.322 -0.570819 -0.267695 0.776212 2.20952 -1.82939 54.1156 5.1645 -8.91014 -2.80634 -12.9715 0 1.9471 -1.89861 -5.80481 0 1 0.0898368 1 
33026050 3.5581 -9.67444 188.234 -0.526452 -0.251925 0.812024 1.76084 -8.26469 188.046 -0.548914 -0.230084 0.803593 3.68408 -10.2712 188.081 -0.574607 -0.257912 0.776729 2.19979 -1.79491 57.5409 5.25312 -11.6282 -3.66242 -12.7487 0 1.79285 -2.03593 -6.01908 0 1 0.0734688 1 
33322065 3.87758 -9.89222 188.05 -0.528031 -0.270454 0.805008 2.11243 -9.30246 187.774 -0.560378 -0.253986 0.788293 4.10319 -10.0535 187.845 -0.578126 -0.248393 0.77722 2.12469 -1.82317 59.2685 5.16785 -13.6701 -4.30556 -12.8477 0 1.94126 -1.7568 -5.82148 0 1 0.0874676 1 
