3.14016 3.14016 43.0163 0.00143635 -0.015875 -20.5779 5.7122 185.05 -0.692002 0.0365922 0.720909 -20.2549 6.06005 189.479 -0.657813 0.113102 0.744641 
3.14016 3.14016 43.0163 0.00143635 -0.015875 -20.5779 5.7122 185.05 -0.692002 0.0365922 0.720909 -20.2549 6.06005 189.479 -0.657813 0.113102 0.744641 
3.14016 3.14016 43.0163 0.00143635 -0.015875 -20.5767 5.71332 185.051 -0.69213 0.0364719 0.720792 -20.2549 6.06005 189.479 -0.657813 0.113102 0.744641 
3.14016 3.14016 43.0163 0.00143635 -0.015875 -20.5767 5.71332 185.051 -0.69213 0.0364719 0.720792 -20.2549 6.06005 189.479 -0.657813 0.113102 0.744641 
3.14016 3.14016 43.0163 0.00143635 -0.015875 -20.5767 5.71332 185.051 -0.69213 0.0364719 0.720792 -20.2549 6.06005 189.479 -0.657813 0.113102 0.744641 
3.14016 3.14016 43.0163 0.00143635 -0.015875 -20.5779 5.71333 185.05 -0.692007 0.0364703 0.720913 -20.2549 6.06005 189.479 -0.657813 0.113102 0.744641 
3.14016 3.14016 43.0163 0.00143635 -0.015875 -20.5779 5.71333 185.05 -0.692007 0.0364703 0.720913 -20.2549 6.06005 189.479 -0.657813 0.113102 0.744641 
3.14016 3.14016 43.0163 0.00143635 -0.015875 -20.5779 5.71333 185.05 -0.692007 0.0364703 0.720913 -20.2549 6.06005 189.479 -0.657813 0.113102 0.744641 
3.14016 3.14016 43.0163 0.00143635 -0.015875 -20.5767 5.71332 185.051 -0.69213 0.0364719 0.720792 -20.2549 6.06005 189.479 -0.657813 0.113102 0.744641 
3.14016 3.14016 43.0163 0.00143635 -0.015875 -20.5767 5.71445 185.051 -0.692136 0.03635 0.720796 -20.2549 6.06005 189.479 -0.657813 0.113102 0.744641 
3.14016 3.14016 43.0163 0.00143635 -0.015875 -20.5767 5.71445 185.051 -0.692136 0.03635 0.720796 -20.2549 6.06005 189.479 -0.657813 0.113102 0.744641 
3.14016 3.14016 43.0163 0.00143635 -0.015875 -20.5767 5.71445 185.051 -0.692136 0.03635 0.720796 -20.2549 6.06005 189.479 -0.657813 0.113102 0.744641 
3.14016 3.14016 43.0163 0.00143635 -0.015875 -20.5767 5.71445 185.051 -0.692136 0.03635 0.720796 -20.2549 6.06005 189.479 -0.657813 0.113102 0.744641 
3.14016 3.14016 43.0163 0.00143635 -0.015875 -20.5767 5.71445 185.051 -0.692136 0.03635 0.720796 -20.2549 6.06005 189.479 -0.657813 0.113102 0.744641 
3.14016 3.14016 43.0163 0.00143635 -0.015875 -20.5767 5.71445 185.051 -0.692136 0.03635 0.720796 -20.2549 6.06005 189.479 -0.657813 0.113102 0.744641 
3.14016 3.14016 43.0163 0.00143635 -0.015875 -20.5767 5.71445 185.051 -0.692136 0.03635 0.720796 -20.2549 6.06005 189.479 -0.657813 0.113102 0.744641 
3.14016 3.14016 43.0163 0.00143635 -0.015875 -20.5767 5.71332 185.051 -0.69213 0.0364719 0.720792 -20.2549 6.06005 189.479 -0.657813 0.113102 0.744641 
3.14016 3.14016 43.0163 0.00143635 -0.015875 -20.5767 5.71332 185.051 -0.69213 0.0364719 0.720792 -20.2549 6.06005 189.479 -0.657813 0.113102 0.744641 
3.14016 3.14016 43.0163 0.00143635 -0.015875 -20.5767 5.71332 185.051 -0.69213 0.0364719 0.720792 -20.2549 6.06005 189.479 -0.657813 0.113102 0.744641 
3.14016 3.14016 43.0163 0.00143635 -0.015875 -20.5767 5.71445 185.051 -0.692136 0.03635 0.720796 -20.2549 6.06005 189.479 -0.657813 0.113102 0.744641 
3.14016 3.14016 43.0163 0.00143635 -0.015875 -20.5767 5.71445 185.051 -0.692136 0.03635 0.720796 -20.2549 6.06005 189.479 -0.657813 0.113102 0.744641 
3.14016 3.14016 43.0163 0.00143635 -0.015875 -20.5767 5.71445 185.051 -0.692136 0.03635 0.720796 -20.2549 6.06005 189.479 -0.657813 0.113102 0.744641 
3.14016 3.14016 43.0163 0.00143635 -0.015875 -20.5767 5.71445 185.051 -0.692136 0.03635 0.720796 -20.2549 6.06005 189.479 -0.657813 0.113102 0.744641 
3.14016 3.14016 43.0163 0.00143635 -0.015875 -20.5767 5.71445 185.051 -0.692136 0.03635 0.720796 -20.2549 6.06005 189.479 -0.657813 0.113102 0.744641 
3.14016 3.14016 43.0163 0.00143635 -0.015875 -20.578 5.70962 184.939 -0.69213 0.0364719 0.720792 -20.2549 6.06005 189.479 -0.657813 0.113102 0.744641 
3.14016 3.14016 43.0163 0.00143635 -0.015875 -20.5767 5.71332 185.051 -0.69213 0.0364719 0.720792 -20.2549 6.06005 189.479 -0.657813 0.113102 0.744641 
3.14016 3.14016 43.0163 0.00143635 -0.015875 -20.5779 5.71075 184.939 -0.692136 0.03635 0.720796 -20.2549 6.06005 189.479 -0.657813 0.113102 0.744641 
3.14016 3.14016 43.0163 0.00143635 -0.015875 -20.5767 5.71445 185.051 -0.692136 0.03635 0.720796 -20.2549 6.06005 189.479 -0.657813 0.113102 0.744641 
3.14016 3.14016 43.0163 0.00143635 -0.015875 -20.5767 5.71332 185.051 -0.69213 0.0364719 0.720792 -20.2549 6.06005 189.479 -0.657813 0.113102 0.744641 
3.14016 3.14016 43.0163 0.00143635 -0.015875 -20.5756 5.7133 185.052 -0.692254 0.0364735 0.720671 -20.2549 6.06005 189.479 -0.657813 0.113102 0.744641 
3.14016 3.14016 43.0163 0.00143635 -0.015875 -20.5767 5.71332 185.051 -0.69213 0.0364719 0.720792 -20.2549 6.06005 189.479 -0.657813 0.113102 0.744641 
3.14016 3.14016 43.0163 0.00143635 -0.015875 -20.5767 5.71445 185.051 -0.692136 0.03635 0.720796 -20.2549 6.06005 189.479 -0.657813 0.113102 0.744641 
3.14016 3.14016 43.0163 0.00143635 -0.015875 -20.5779 5.71075 184.939 -0.692136 0.03635 0.720796 -20.2549 6.06005 189.479 -0.657813 0.113102 0.744641 
3.14016 3.14016 43.0163 0.00143635 -0.015875 -20.5766 5.71449 185.052 -0.692137 0.036346 0.720674 -20.2549 6.06005 189.479 -0.657813 0.113102 0.744641 
3.14016 3.14016 43.0163 0.00143635 -0.015875 -20.5755 5.71443 185.052 -0.692259 0.0363516 0.720675 -20.2549 6.06005 189.479 -0.657813 0.113102 0.744641 
3.14016 3.14016 43.0163 0.00143635 -0.015875 -20.5767 5.71445 185.051 -0.692136 0.03635 0.720796 -20.2549 6.06005 189.479 -0.657813 0.113102 0.744641 
3.14016 3.14016 43.0163 0.00143635 -0.015875 -20.5779 5.71075 184.939 -0.692136 0.03635 0.720796 -20.2549 6.06005 189.479 -0.657813 0.113102 0.744641 
3.14016 3.14016 43.0163 0.00143635 -0.015875 -20.5768 5.71074 184.94 -0.692259 0.0363516 0.720675 -20.2549 6.06005 189.479 -0.657813 0.113102 0.744641 
3.14016 3.14016 43.0163 0.00143635 -0.015875 -20.5755 5.71443 185.052 -0.692259 0.0363516 0.720675 -20.2549 6.06005 189.479 -0.657813 0.113102 0.744641 
3.14016 3.14016 43.0163 0.00143635 -0.015875 -20.5767 5.71445 185.051 -0.692136 0.03635 0.720796 -20.2549 6.06005 189.479 -0.657813 0.113102 0.744641 
3.14016 3.14016 43.0163 0.00143635 -0.015875 -20.5779 5.71075 184.939 -0.692136 0.03635 0.720796 -20.2549 6.06005 189.479 -0.657813 0.113102 0.744641 
3.14016 3.14016 43.0163 0.00143635 -0.015875 -20.5767 5.71445 185.051 -0.692136 0.03635 0.720796 -20.2549 6.06005 189.479 -0.657813 0.113102 0.744641 
3.14016 3.14016 43.0163 0.00143635 -0.015875 -20.5755 5.71443 185.052 -0.692259 0.0363516 0.720675 -20.2549 6.06005 189.479 -0.657813 0.113102 0.744641 
3.14016 3.14016 43.0163 0.00143635 -0.015875 -20.5767 5.71445 185.051 -0.692136 0.03635 0.720796 -20.2549 6.06005 189.479 -0.657813 0.113102 0.744641 
3.14016 3.14016 43.0163 0.00143635 -0.015875 -20.5779 5.71075 184.939 -0.692136 0.03635 0.720796 -20.2549 6.06005 189.479 -0.657813 0.113102 0.744641 
3.14016 3.14016 43.0163 0.00143635 -0.015875 -20.5767 5.71445 185.051 -0.692136 0.03635 0.720796 -20.2549 6.06005 189.479 -0.657813 0.113102 0.744641 
3.14016 3.14016 43.0163 0.00143635 -0.015875 -20.5755 5.71443 185.052 -0.692259 0.0363516 0.720675 -20.2549 6.06005 189.479 -0.657813 0.113102 0.744641 
3.14016 3.14016 43.0163 0.00143635 -0.015875 -20.5767 5.71445 185.051 -0.692136 0.03635 0.720796 -20.2549 6.06005 189.479 -0.657813 0.113102 0.744641 
3.14016 3.14016 43.0163 0.00143635 -0.015875 -20.5767 5.71445 185.051 -0.692136 0.03635 0.720796 -20.2549 6.06005 189.479 -0.657813 0.113102 0.744641 
3.14016 3.14016 43.0163 0.00143635 -0.015875 -20.5755 5.71443 185.052 -0.692259 0.0363516 0.720675 -20.233 6.11764 188.789 -0.663048 0.105209 0.741146 
3.14016 3.14016 43.0163 0.00143635 -0.015875 -20.5755 5.71443 185.052 -0.692259 0.0363516 0.720675 -20.0765 6.52103 187.389 -0.673044 0.0906615 0.734025 
3.14016 3.14016 43.0163 0.00143635 -0.015875 -20.5767 5.71445 185.051 -0.692136 0.03635 0.720796 -19.9029 6.9589 186.372 -0.675713 0.0873916 0.731966 
3.14016 3.14016 43.0163 0.00143635 -0.015875 -20.5755 5.71557 185.052 -0.692265 0.0362298 0.72068 -19.746 7.32185 185.939 -0.676108 0.0870036 0.731648 
3.14016 3.14016 43.0163 0.00143635 -0.015875 -20.5766 5.71449 185.052 -0.692137 0.036346 0.720674 -19.6108 7.58844 185.778 -0.675884 0.087126 0.73184 
3.14016 3.14016 43.0163 0.00143635 -0.015875 -20.5755 5.71443 185.052 -0.692259 0.0363516 0.720675 -19.4963 7.76707 185.68 -0.675613 0.0871611 0.732086 
3.14016 3.14016 43.0163 0.00143635 -0.015875 -20.5767 5.71445 185.051 -0.692136 0.03635 0.720796 -19.4583 7.87644 185.603 -0.675351 0.0869948 0.732347 
3.14016 3.14016 43.0163 0.00143635 -0.015875 -20.5779 5.71075 184.939 -0.692136 0.03635 0.720796 -19.3649 7.93574 185.538 -0.675195 0.0867238 0.732524 
3.14016 3.14016 43.0163 0.00143635 -0.015875 -20.5766 5.71558 185.051 -0.692142 0.0362282 0.7208 -19.2929 7.96379 185.471 -0.675001 0.0864015 0.73274 
3.14016 3.14016 43.0163 0.00143635 -0.015875 -20.5779 5.71075 184.939 -0.692136 0.03635 0.720796 -19.24 7.97387 185.42 -0.674809 0.0860897 0.732954 
3.14016 3.14016 43.0163 0.00143635 -0.015875 -20.5779 5.71189 184.939 -0.692142 0.0362282 0.7208 -19.201 7.97465 185.372 -0.674661 0.085815 0.733122 
3.14016 3.14016 43.0163 0.00143635 -0.015875 -20.5779 5.71075 184.939 -0.692136 0.03635 0.720796 -19.1766 7.97274 185.327 -0.674565 0.0855758 0.733238 
3.14016 3.14016 43.0163 0.00143635 -0.015875 -20.5779 5.71079 184.94 -0.692137 0.036346 0.720674 -19.1601 7.97036 185.311 -0.674537 0.0853773 0.733287 
3.14016 3.14016 43.0163 0.00143635 -0.015875 -20.5767 5.71187 184.94 -0.692265 0.0362298 0.72068 -19.1495 7.96854 185.302 -0.674551 0.0848502 0.733336 
3.14016 3.14016 43.0163 0.00143635 -0.015875 -20.5768 5.71074 184.94 -0.692259 0.0363516 0.720675 -19.1428 7.9675 185.296 -0.674542 0.0847711 0.733353 
3.14016 3.14016 43.0163 0.00143635 -0.015875 -20.5768 5.71074 184.94 -0.692259 0.0363516 0.720675 -19.1387 7.96652 185.293 -0.674537 0.0847671 0.733358 
3.14016 3.14016 43.0163 0.00143635 -0.015875 -20.5767 5.71187 184.94 -0.692265 0.0362298 0.72068 -19.1363 7.96616 185.291 -0.674522 0.08474 0.733375 
3.14016 3.14016 43.0163 0.00143635 -0.015875 -20.5768 5.71074 184.94 -0.692259 0.0363516 0.720675 -19.1344 7.96702 185.318 -0.674527 0.0847178 0.733373 
3.14016 3.14016 43.0163 0.00143635 -0.015875 -20.5768 5.71074 184.94 -0.692259 0.0363516 0.720675 -19.1332 7.96714 185.331 -0.674528 0.084736 0.73337 
3.14016 3.14016 43.0163 0.00143635 -0.015875 -20.5768 5.71074 184.94 -0.692259 0.0363516 0.720675 -19.1329 7.96647 185.314 -0.67453 0.0847263 0.73337 
3.14016 3.14016 43.0163 0.00143635 -0.015875 -20.5768 5.71074 184.94 -0.692259 0.0363516 0.720675 -19.1327 7.96589 185.303 -0.67453 0.0847411 0.733368 
3.14016 3.14016 43.0163 0.00143635 -0.015875 -20.5768 5.71074 184.94 -0.692259 0.0363516 0.720675 -19.1328 7.96554 185.297 -0.674503 0.0847496 0.733391 
3.14016 3.14016 43.0163 0.00143635 -0.015875 -20.5768 5.71074 184.94 -0.692259 0.0363516 0.720675 -19.1326 7.96544 185.296 -0.674514 0.0847551 0.733381 
3.14016 3.14016 43.0163 0.00143635 -0.015875 -20.5768 5.71074 184.94 -0.692259 0.0363516 0.720675 -19.1323 7.96577 185.306 -0.67452 0.0847584 0.733375 
3.14016 3.14016 43.0163 0.00143635 -0.015875 -20.5768 5.71074 184.94 -0.692259 0.0363516 0.720675 -19.132 7.96642 185.32 -0.674525 0.0847394 0.733373 
3.14016 3.14016 43.0163 0.00143635 -0.015875 -20.5768 5.71074 184.94 -0.692259 0.0363516 0.720675 -19.1322 7.96599 185.307 -0.674528 0.0847341 0.733371 
3.14016 3.14016 43.0163 0.00143635 -0.015875 -20.5767 5.71187 184.94 -0.692265 0.0362298 0.72068 -19.1322 7.96575 185.299 -0.674529 0.0847294 0.73337 
3.14016 3.14016 43.0163 0.00143635 -0.015875 -20.5755 5.71557 185.052 -0.692265 0.0362298 0.72068 -19.1322 7.96602 185.299 -0.674532 0.084699 0.733371 
3.14016 3.14016 43.0163 0.00143635 -0.015875 -20.5767 5.71187 184.94 -0.692265 0.0362298 0.72068 -19.1319 7.96695 185.32 -0.674534 0.0846807 0.733371 
3.14016 3.14016 43.0163 0.00143635 -0.015875 -20.5755 5.71557 185.052 -0.692265 0.0362298 0.72068 -19.1317 7.96767 185.338 -0.674535 0.0846698 0.733372 
3.14016 3.14016 43.0163 0.00143635 -0.015875 -20.5755 5.71557 185.052 -0.692265 0.0362298 0.72068 -19.1316 7.96801 185.345 -0.674535 0.0846632 0.733372 
3.14016 3.14016 43.0163 0.00143635 -0.015875 -20.5755 5.71557 185.052 -0.692265 0.0362298 0.72068 -19.1314 7.96851 185.358 -0.674536 0.0846593 0.733372 
3.14016 3.14016 43.0163 0.00143635 -0.015875 -20.5754 5.7167 185.052 -0.692271 0.0361079 0.720684 -19.1313 7.96892 185.366 -0.674537 0.0846445 0.733373 
3.14016 3.14016 43.0163 0.00143635 -0.015875 -20.5755 5.71557 185.052 -0.692265 0.0362298 0.72068 -19.1313 7.96938 185.371 -0.674538 0.0846126 0.733376 
3.14016 3.14016 43.0163 0.00143635 -0.015875 -20.5755 5.71557 185.052 -0.692265 0.0362298 0.72068 -19.1312 7.96933 185.373 -0.674537 0.084629 0.733374 
3.14016 3.14016 43.0163 0.00143635 -0.015875 -20.5755 5.71557 185.052 -0.692265 0.0362298 0.72068 -19.1312 7.9693 185.375 -0.674537 0.0846388 0.733373 
3.14016 3.14016 43.0163 0.00143635 -0.015875 -20.5767 5.71187 184.94 -0.692265 0.0362298 0.72068 -19.1315 7.96849 185.354 -0.674537 0.0846447 0.733373 
3.14016 3.14016 43.0163 0.00143635 -0.015875 -20.5767 5.71187 184.94 -0.692265 0.0362298 0.72068 -19.1317 7.96776 185.335 -0.674537 0.0846482 0.733372 
3.14016 3.14016 43.0163 0.00143635 -0.015875 -20.5755 5.71557 185.052 -0.692265 0.0362298 0.72068 -19.1318 7.96734 185.324 -0.674536 0.0846503 0.733372 
3.14016 3.14016 43.0163 0.00143635 -0.015875 -20.5755 5.71557 185.052 -0.692265 0.0362298 0.72068 -19.1317 7.96811 185.345 -0.674521 0.0846515 0.733386 
3.14016 3.14016 43.0163 0.00143635 -0.015875 -20.5755 5.71557 185.052 -0.692265 0.0362298 0.72068 -19.1319 7.96847 185.355 -0.674497 0.0846519 0.733408 
3.14016 3.14016 43.0163 0.00143635 -0.015875 -20.5755 5.71557 185.052 -0.692265 0.0362298 0.72068 -19.1316 7.96879 185.364 -0.674513 0.0846525 0.733394 
3.14016 3.14016 43.0163 0.00143635 -0.015875 -20.5755 5.71557 185.052 -0.692265 0.0362298 0.72068 -19.1314 7.96906 185.369 -0.674523 0.0846432 0.733386 
3.14016 3.14016 43.0163 0.00143635 -0.015875 -20.5767 5.71187 184.94 -0.692265 0.0362298 0.72068 -19.1315 7.96876 185.362 -0.674528 0.0846473 0.73338 
3.14016 3.14016 43.0163 0.00143635 -0.015875 -20.5766 5.71558 185.051 -0.692142 0.0362282 0.7208 -19.132 7.96794 185.34 -0.674492 0.0846491 0.733413 
3.14016 3.14016 43.0163 0.00143635 -0.015875 -20.5755 5.71557 185.052 -0.692265 0.0362298 0.72068 -19.132 7.96854 185.355 -0.67449 0.0846441 0.733416 
3.14016 3.14016 43.0163 0.00143635 -0.015875 -20.5767 5.71187 184.94 -0.692265 0.0362298 0.72068 -19.1318 7.96826 185.348 -0.674509 0.0846479 0.733398 
3.14016 3.14016 43.0163 0.00143635 -0.015875 -20.5767 5.71187 184.94 -0.692265 0.0362298 0.72068 -19.1318 7.96793 185.34 -0.67452 0.0846501 0.733388 
3.14016 3.14016 43.0163 0.00143635 -0.015875 -20.5767 5.71187 184.94 -0.692265 0.0362298 0.72068 -19.132 7.96716 185.319 -0.674526 0.0846514 0.733381 
3.14016 3.14016 43.0163 0.00143635 -0.015875 -20.5766 5.71558 185.051 -0.692142 0.0362282 0.7208 -19.1318 7.9679 185.339 -0.67452 0.0846521 0.733387 
3.14016 3.14016 43.0163 0.00143635 -0.015875 -20.5766 5.71562 185.052 -0.692143 0.0362241 0.720678 -19.132 7.96845 185.354 -0.674488 0.0846523 0.733416 
3.14016 3.14016 43.0163 0.00143635 -0.015875 -20.5754 5.7167 185.052 -0.692271 0.0361079 0.720684 -19.1317 7.96889 185.364 -0.674501 0.08464 0.733406 
3.14016 3.14016 43.0163 0.00143635 -0.015875 -20.5766 5.71562 185.052 -0.692143 0.0362241 0.720678 -19.1315 7.96911 185.369 -0.674514 0.0846377 0.733394 
3.14016 3.14016 43.0163 0.00143635 -0.015875 -20.5755 5.71557 185.052 -0.692265 0.0362298 0.72068 -19.1317 7.96898 185.362 -0.67451 0.0846229 0.7334 
3.14016 3.14016 43.0163 0.00143635 -0.015875 -20.5766 5.71558 185.051 -0.692142 0.0362282 0.7208 -19.1316 7.96909 185.368 -0.674509 0.084635 0.733399 
3.14016 3.14016 43.0163 0.00143635 -0.015875 -20.5766 5.71558 185.051 -0.692142 0.0362282 0.7208 -19.1319 7.96799 185.339 -0.67451 0.0846423 0.733397 
3.14016 3.14016 43.0163 0.00143635 -0.015875 -20.5779 5.71189 184.939 -0.692142 0.0362282 0.7208 -19.1321 7.96849 185.347 -0.674476 0.0846201 0.733431 
3.14016 3.14016 43.0163 0.00143635 -0.015875 -20.5767 5.71187 184.94 -0.692265 0.0362298 0.72068 -19.1325 7.96769 185.323 -0.67447 0.0846116 0.733438 
3.14016 3.14016 43.0163 0.00143635 -0.015875 -20.5767 5.71187 184.94 -0.692265 0.0362298 0.72068 -19.1324 7.96702 185.309 -0.674497 0.0846284 0.733411 
3.