1800 14.4951 -22.5901 211.977 -0.0444566 -0.173243 0.983875 16.6783 -25.9846 209.192 -0.0617712 -0.130275 0.989406 1.52742 -2.06691 15.0605 4.66757 49.9602 
88844 15.3421 -21.2318 212.118 -0.0158608 -0.120051 0.992641 16.6807 -25.9837 209.303 -0.0618846 -0.130144 0.989527 1.52656 -2.189 15.2938 4.66355 49.8951 
176103 16.4155 -19.3336 212.234 0.0210716 -0.0566988 0.998169 16.4418 -25.534 209.262 -0.0560017 -0.105227 0.992773 1.55787 -2.31684 15.6383 4.64976 49.5808 
263347 17.2197 -17.3644 212.396 0.0419661 -0.0167162 0.998979 17.0937 -23.7978 209.486 -0.015282 -0.0452145 0.998721 1.60929 -2.37602 15.724 4.65235 49.4855 
351614 17.8896 -15.2481 212.532 0.0444506 0.00378365 0.999004 17.9217 -21.9953 209.649 0.00498013 -0.0165242 0.999767 1.6587 -2.38262 15.632 4.69343 49.5459 
438719 18.275 -13.3766 212.613 0.0399936 0.0107388 0.999142 19.108 -20.1876 209.931 0.010131 -0.00153182 0.999912 1.69978 -2.36797 15.2732 4.74772 49.8411 
525978 18.3444 -11.5823 212.638 0.0304379 0.00721631 0.999511 20.8875 -17.2613 210.078 0.0315391 0.0325554 0.998889 1.74201 -2.33206 14.6906 4.81293 50.292 
613218 18.028 -10.2009 212.622 0.0130324 -0.0113182 0.999851 21.9008 -14.8525 210.135 0.034506 0.043748 0.998399 1.78797 -2.25967 14.1857 4.88245 50.5952 
701472 17.4823 -9.01615 212.606 -0.0019098 -0.0321934 0.99948 22.3153 -12.4256 210.081 0.0164443 0.0336775 0.999174 1.84342 -2.18153 13.6714 4.94192 50.8746 
788735 16.9171 -8.0761 212.604 -0.00724928 -0.0441389 0.998999 22.204 -10.6722 210.048 0.00215886 0.0149479 0.999821 1.89225 -2.13155 12.9729 4.97811 51.3842 
875859 16.3787 -7.11993 212.618 -0.00776635 -0.0475902 0.998837 21.7442 -9.40827 210.032 -0.00138591 0.00231216 0.999857 1.93649 -2.10253 12.1807 5.00569 52.0271 
963104 15.9464 -6.21227 212.624 -0.00733532 -0.0475307 0.998843 21.4626 -8.23996 210.014 -0.000134776 -0.00142795 0.999912 1.97298 -2.08386 11.5203 5.0327 52.5653 
1051342 15.56 -5.20914 212.623 -0.00766198 -0.0465903 0.998885 21.187 -6.98863 209.994 0.00117047 -0.0021149 0.999909 2.00774 -2.06691 10.9885 5.06832 52.9828 
1138605 15.2798 -4.23218 212.651 -0.00878337 -0.0456419 0.998919 20.8181 -5.7319 209.974 0.000525986 -0.00268879 0.999928 2.03531 -2.0537 10.679 5.11026 53.24 
1225869 15.0442 -3.16109 212.638 -0.00879182 -0.0446133 0.998966 20.6885 -4.3819 210.062 -0.00105113 -0.00247509 0.999943 2.05887 -2.04336 10.3869 5.16283 53.4527 
1313065 14.8823 -2.13708 212.616 -0.00793014 -0.0442127 0.998991 20.4403 -3.0306 210.04 -0.00199784 -0.00193119 0.999944 2.07524 -2.03589 10.1773 5.22 53.5972 
1401233 14.7709 -1.04732 212.596 -0.00641068 -0.0437729 0.999021 20.3026 -1.68003 210.016 -0.00285789 -0.00200357 0.999956 2.08616 -2.03187 10.0535 5.28607 53.6734 
1488508 14.7011 -0.023796 212.587 -0.00451751 -0.0436171 0.999038 20.056 -0.320851 209.995 -0.00397721 -0.0023078 0.999854 2.09133 -2.03043 10.0186 5.35214 53.6877 
1575740 14.6625 1.07791 212.584 -0.0014938 -0.0426666 0.999088 19.9219 1.15039 209.969 -0.00452799 -0.00337613 0.99988 2.09104 -2.0333 10.0154 5.42482 53.6877 
1662871 14.6507 2.13378 212.571 0.00191536 -0.0406828 0.99917 19.7691 2.39336 210.059 -0.00429835 -0.00363395 0.999882 2.08559 -2.04048 10.0503 5.49434 53.6527 
1751151 14.6947 3.27571 212.548 0.00568624 -0.0380384 0.99926 19.521 3.86677 209.923 -0.0047132 -0.00446567 0.999903 2.07295 -2.05226 10.1964 5.5696 53.5162 
1838362 14.8162 4.32851 212.538 0.00936151 -0.0354453 0.999328 19.0446 5.23812 209.903 -0.00509285 -0.00468816 0.999912 2.05399 -2.06634 10.4488 5.63855 53.3067 
1925634 15.0487 5.47368 212.547 0.0127776 -0.0321851 0.9994 18.6633 6.47986 209.661 -0.00469208 -0.00410013 0.999896 2.02526 -2.08616 10.8933 5.71037 52.959 
2012894 15.3538 6.59234 212.615 0.0165519 -0.0305222 0.999397 18.4588 7.78087 209.639 -0.0103394 0.00185092 0.999853 1.99107 -2.10368 11.4648 5.77989 52.5669 
2099998 15.7152 7.72072 212.687 0.0229248 -0.0319027 0.999228 18.3837 9.13002 209.728 -0.0177827 0.00215551 0.999693 1.95258 -2.11316 12.0982 5.85228 52.1335 
2188241 16.1248 8.96471 212.722 0.0329172 -0.0317125 0.998955 18.4514 10.2996 209.817 -0.0179917 -0.00357823 0.999804 1.90633 -2.12322 12.6252 5.92812 51.7954 
2275502 16.5132 10.2872 212.745 0.0412043 -0.0276138 0.998769 18.5857 11.455 209.906 -0.0133848 -0.00849094 0.99984 1.85548 -2.14218 13.1475 5.99793 51.4731 
2362842 16.8289 11.5654 212.772 0.0475663 -0.0237162 0.998586 18.8286 12.5747 209.993 -0.0084731 -0.0102428 0.999813 1.80751 -2.15999 13.719 6.06055 51.1032 
2449897 17.0906 12.9316 212.79 0.0507081 -0.018404 0.998544 19.0913 13.8027 209.967 -0.00514553 -0.0119027 0.999804 1.75752 -2.18383 14.381 6.12002 50.646 
2538169 17.2705 14.398 212.768 0.0534223 -0.0114479 0.998506 19.2544 15.0239 210.053 -0.00294356 -0.0119058 0.999899 1.70553 -2.20969 14.9922 6.18092 50.2094 
2625372 17.1356 15.5936 212.761 0.0547048 -0.00588054 0.998485 19.4173 16.1244 210.03 -0.00155385 -0.0111306 0.999868 1.67249 -2.22721 15.3748 6.23205 49.9475 
2712623 16.6175 16.5548 212.746 0.0544597 0.000242222 0.998516 19.2398 17.1203 210.012 -0.000207088 -0.00900578 0.999933 1.65784 -2.23841 15.4478 6.27974 49.9158 
2799886 15.8812 17.2053 212.755 0.0533978 0.00338242 0.998568 18.626 18.1472 210 0.000128132 -0.00743594 0.9999 1.65928 -2.24071 15.3986 0.0361961 49.9697 
2888154 14.8807 17.6775 212.779 0.0513398 0.00574452 0.998665 17.7681 18.7569 210.111 0.000135171 -0.00731409 0.999898 1.67278 -2.23784 15.1986 0.0752649 50.1412 
2975288 13.8122 17.9692 212.768 0.0503849 0.0086444 0.998692 16.9058 19.3703 210.222 0.000608526 -0.00758604 0.999897 1.69231 -2.23238 14.7985 0.112036 50.4555 
3062503 12.5307 18.1087 212.719 0.0485493 0.0110373 0.99876 16.0476 20.0736 210.331 0.00133748 -0.00555002 0.99985 1.72161 -2.22319 14.2746 0.151104 50.8175 
3149764 11.2221 18.0865 212.642 0.0477025 0.0124802 0.998784 14.7496 20.6521 210.334 0.000587135 0.000486223 0.999868 1.75609 -2.20854 13.673 0.190748 51.208 
3237984 9.83498 17.8694 212.589 0.0475125 0.0106398 0.998814 13.228 21.2528 210.117 -0.000369529 0.0050674 0.999915 1.80033 -2.18469 13.1015 0.232402 51.5541 
3325109 8.57247 17.539 212.543 0.0476262 0.00853967 0.998829 11.453 21.4721 210.135 -0.000519542 0.00458709 0.999926 1.84514 -2.15913 12.5522 0.270322 51.889 
3412378 7.32213 17.1578 212.53 0.0476513 0.00600531 0.998846 9.87732 21.3514 210.044 -0.00036029 0.00311083 0.999952 1.89024 -2.13327 12.0299 0.310252 52.2319 
3499625 6.17706 16.8164 212.532 0.0475499 0.0045897 0.998858 8.30703 21.342 210.064 5.6755e-005 0.00186413 0.99997 1.92845 -2.11173 11.5505 0.351045 52.5764 
3586866 4.99321 16.4593 212.525 0.0466467 0.00368292 0.998905 6.82948 21.1027 209.976 0.00095271 0.000465025 0.999864 1.96493 -2.09277 11.079 0.396434 52.9161 
3675169 3.9002 16.1774 212.53 0.0453595 0.00356617 0.998964 5.35547 20.8641 209.998 0.00161347 -0.000795811 0.999879 1.99308 -2.07927 10.7028 0.443546 53.2051 
3762251 2.74868 15.9427 212.546 0.0439977 0.00366537 0.999025 3.89764 20.7285 210.018 0.00122678 -0.00114015 0.99989 2.01635 -2.06864 10.425 0.499564 53.4273 
3849632 1.6801 15.7571 212.559 0.0429781 0.00400582 0.999068 2.43157 20.4895 210.041 0.00103453 -0.00235152 0.999916 2.03301 -2.06117 10.2535 0.556731 53.5638 
3937883 0.597 15.6412 212.551 0.0416564 0.00553208 0.999117 1.08136 20.3602 210.06 0.00105785 -0.0040644 0.999947 2.04249 -2.05829 10.1392 0.619356 53.6432 
4025051 -0.53239 15.523 212.535 0.0401137 0.00759004 0.999166 -0.377541 20.2257 210.08 0.000785979 -0.00453765 0.99996 2.04824 -2.05772 10.063 0.687439 53.6877 
4112177 -1.59422 15.473 212.506 0.0387951 0.0107932 0.999189 -1.83416 20.0912 210.101 0.000268907 -0.00499905 0.999852 2.0468 -2.05973 10.0376 0.755235 53.6861 
4199425 -2.69686 15.4169 212.486 0.0377471 0.0143005 0.999185 -3.18848 19.8333 210.011 -0.000103706 -0.0050997 0.999859 2.04192 -2.06232 10.0789 0.827627 53.6385 
4286628 -3.83022 15.4185 212.45 0.0352348 0.017707 0.999222 -4.76631 19.5951 210.035 -0.000260758 -0.00570185 0.999872 2.02985 -2.07151 10.2345 0.900306 53.4829 
4374903 -4.75538 15.5113 212.43 0.0363903 0.0225091 0.999084 -6.33889 19.351 209.947 -0.00112784 -0.00589608 0.999886 2.01377 -2.07323 10.4726 0.966091 53.2733 
4462169 -5.76626 15.6618 212.435 0.0365342 0.0269846 0.998968 -7.57318 19.1981 209.741 -0.00188011 -0.00621922 0.999901 1.99136 -2.08013 10.8615 1.0336 52.9622 
4549398 -6.74862 15.8535 212.491 0.0373986 0.031545 0.998802 -8.71897 19.0536 209.646 -2.18808e-005 -0.00791625 0.999911 1.96579 -2.08645 11.3521 1.09766 52.6145 
4636522 -7.79547 16.1007 212.562 0.0373371 0.0369259 0.99862 -9.903 18.8141 209.778 0.00554912 -0.0109312 0.999777 1.93419 -2.09564 11.8902 1.16172 52.2573 
4724767 -8.96453 16.4097 212.623 0.0339473 0.0435407 0.998475 -10.9524 18.8725 209.9 0.0106968 -0.0107383 0.999833 1.8934 -2.1123 12.3728 1.22636 51.9763 
4812015 -10.2734 16.6896 212.644 0.0279594 0.048978 0.998408 -12.0669 19.0307 209.911 0.0114187 -0.00882412 0.999789 1.84715 -2.13557 12.8856 1.29157 51.6509 
4899280 -11.5362 16.9585 212.639 0.0230378 0.0544383 0.998251 -13.1802 19.288 210.03 0.0128429 -0.00535901 0.999828 1.80119 -2.1551 13.4222 1.35218 51.2794 
4986518 -12.8994 17.1456 212.629 0.0167234 0.0567042 0.998251 -14.2881 19.4425 210.04 0.0128548 -0.00303691 0.999785 1.75379 -2.18038 14.0365 1.41107 50.8349 
5074633 -14.2869 17.1702 212.631 0.0100361 0.0584617 0.998239 -15.6121 19.5124 210.055 0.0114347 -0.00222105 0.999787 1.71012 -2.20337 14.5731 1.47054 50.4682 
5161896 -15.2956 16.8854 212.607 0.00461219 0.0600606 0.998184 -16.8386 19.3531 210.072 0.010138 -0.00140997 0.999909 1.688 -2.21572 14.7557 1.51823 50.346 
5249253 -16.079 16.2696 212.594 0.000208768 0.0600345 0.998196 -17.7345 18.9522 210.09 0.00785788 -0.000666501 0.999923 1.68312 -2.22003 14.7557 1.5616 50.3539 
5336426 -16.6204 15.4619 212.597 -0.00266989 0.0592964 0.998237 -18.563 18.1015 210.005 0.00738452 -0.00039455 0.999924 1.6903 -2.21888 14.6144 1.59981 50.4698 
5424649 -16.9909 14.4781 212.599 -0.00508535 0.0578001 0.998315 -19.2755 17.3568 210.139 0.00741972 0.000214671 0.999912 1.70754 -2.21342 14.3239 1.63716 50.6952 
5511791 -17.1933 13.3883 212.557 -0.0082183 0.0567224 0.998356 -19.6684 16.2604 210.388 0.00708934 0.000845089 0.999904 1.73138 -2.20595 13.8333 1.67278 51.0492 
5599024 -17.2664 12.1309 212.485 -0.0102781 0.0548081 0.998444 -20.2508 15.2666 210.302 0.00343139 0.00313548 0.999905 1.76355 -2.19475 13.2634 1.7107 51.4191 
5686298 -17.1758 10.8685 212.432 -0.0111417 0.0523864 0.998565 -20.728 13.9427 210.221 -0.00163738 0.00428515 0.999945 1.80119 -2.17952 12.7078 1.74661 51.7779 
5774570 -16.9694 9.53311 212.393 -0.00950225 0.0501138 0.998698 -21.0119 12.5084 210.029 -0.00436198 0.00370725 0.999867 1.84543 -2.15826 12.1966 1.78539 52.0827 
5861700 -16.7028 8.29856 212.388 -0.00754219 0.0482918 0.998805 -21.0044 10.8402 210.06 -0.00356528 0.00268303 0.999877 1.88766 -2.13701 11.7188 1.82302 52.4002 
5948953 -16.4351 7.03985 212.387 -0.00563776 0.0466611 0.998895 -20.995 9.28499 209.978 -0.00242413 0.00127209 0.99989 1.92787 -2.11632 11.2759 1.8664 52.7002 
6036180 -16.1986 5.91503 212.398 -0.00433686 0.0460961 0.998928 -20.8651 7.72267 210.006 -0.0021219 0.000154295 0.999907 1.96091 -2.09765 10.8964 1.91092 52.978 
6124525 -15.9608 4.771 212.405 -0.00324775 0.0459464 0.998939 -20.7528 6.14999 210.034 7.85861e-005 0.000148954 0.99988 1.99136 -2.07955 10.5599 1.96148 53.2225 
6211627 -15.7825 3.71833 212.411 -0.00334562 0.0458424 0.998943 -20.6321 4.58593 210.062 0.00136975 -0.000781679 0.999882 2.01406 -2.06605 10.2821 2.01348 53.4353 
6298788 -15.6113 2.62419 212.398 -0.0039962 0.0458998 0.998938 -20.6052 3.13568 210.089 0.00146346 -0.00127612 0.99989 2.03359 -2.05399 10.0455 2.07237 53.6003 
6386007 -15.4723 1.62351 212.401 -0.00472867 0.0464128 0.998911 -20.3675 1.66307 210.002 0.00270316 -0.000981248 0.999869 2.04767 -2.04422 9.91695 2.13097 53.694 
6473277 -15.385 0.589804 212.4 -0.00663089 0.0469134 0.998877 -20.2388 0.197825 210.028 0.00382803 -0.000557464 0.999848 2.056 -2.03761 9.84234 2.1959 53.7448 
6561539 -15.3203 -0.382813 212.393 -0.00900612 0.0469553 0.998856 -20.2114 -1.26384 210.054 0.00387175 0.000175892 0.999956 2.05973 -2.03445 9.81853 2.25881 53.7527 
6648768 -15.2697 -1.43139 212.378 -0.0124152 0.0463095 0.99885 -20.0645 -2.61153 210.077 0.00373582 -6.07302e-005 0.999962 2.05916 -2.03445 9.81694 2.32775 53.7401 
6735894 -15.2419 -2.42559 212.36 -0.0155342 0.0456259 0.998838 -19.9166 -3.95917 209.99 0.0033406 -0.0005292 0.999853 2.05456 -2.03675 9.91536 2.39411 53.6385 
6823152 -15.2484 -3.49759 212.331 -0.0190315 0.0447633 0.998816 -19.7637 -5.20214 209.9 0.00311096 -0.000271381 0.999851 2.04451 -2.04192 10.1201 2.46593 53.4353 
6911399 -15.2532 -4.53445 212.317 -0.0215796 0.0438826 0.998804 -19.7226 -6.44081 209.699 0.00275947 -6.49485e-006 0.99985 2.03187 -2.0491 10.4392 2.53402 53.1447 
6998675 -15.3142 -5.67777 212.383 -0.0236757 0.0427655 0.998805 -19.3592 -7.69247 209.495 0.00371321 -0.000428554 0.999847 2.01204 -2.06088 10.9488 2.60641 52.7701 
7085794 -15.4615 -6.82574 212.475 -0.0266791 0.0418822 0.998766 -19.0295 -8.8421 209.623 0.00941168 0.000832682 0.999876 1.98504 -2.07409 11.5441 2.67708 52.3589 
7173032 -15.7049 -8.05644 212.532 -0.0321967 0.0400706 0.998678 -18.7012 -10.2322 209.757 0.0138738 0.00399701 0.999762 1.94856 -2.08932 12.1299 2.74976 51.9525 
7261307 -15.9934 -9.26503 212.568 -0.0393828 0.0365936 0.998554 -18.5523 -11.2914 209.886 0.015748 0.00890306 0.999769 1.9069 -2.10598 12.6062 2.81698 51.6525 
7348568 -16.3146 -10.5799 212.598 -0.046308 0.0312236 0.998439 -18.7072 -12.4106 209.908 0.0134961 0.0101339 0.999774 1.85807 -2.12753 13.1269 2.88362 51.3334 
7435820 -16.6504 -11.9924 212.612 -0.0533128 0.0252391 0.998259 -18.862 -13.7477 210.047 0.0100044 0.0110699 0.999799 1.80377 -2.15022 13.7047 2.95056 50.9667 
7522982 -16.8912 -13.377 212.594 -0.0571392 0.0189453 0.998186 -19.1216 -14.9611 210.073 0.00634163 0.01116 0.999841 1.75235 -2.17493 14.3127 3.01031 50.5317 
7611291 -16.8535 -14.6281 212.575 -0.0599309 0.0127769 0.998121 -19.2866 -16.1767 210.098 0.00448561 0.0107786 0.999871 1.71386 -2.1936 14.7207 3.06575 50.2507 
7698450 -16.4751 -15.5205 212.543 -0.0618525 0.00770975 0.998056 -18.9949 -17.1895 210.113 0.0028381 0.00977388 0.99991 1.69777 -2.2025 14.8001 3.11085 50.1999 
7785704 -15.8047 -16.2318 212.537 -0.0622207 0.00406083 0.998054 -18.486 -18.095 210.014 0.00234435 0.00759959 0.999835 1.69605 -2.20452 14.7588 3.15395 50.2412 
7872811 -14.9555 -16.6849 212.567 -0.0615792 0.00171956 0.998101 -17.745 -18.9136 210.02 0.00169282 0.00690386 0.999856 1.70696 -2.20049 14.5763 3.19129 50.4111 
7961068 -13.9439 -16.947 212.563 -0.062188 -0.000642227 0.998064 -16.7771 -19.6395 210.245 0.00159208 0.00727645 0.99985 1.72822 -2.19044 14.1635 3.22835 50.7349 
8048337 -12.8859 -17.019 212.508 -0.0624428 -0.00333895 0.998043 -15.6584 -20.2577 210.355 -0.00220664 0.00712996 0.999899 1.7558 -2.17837 13.5968 3.26138 51.1366 
8135582 -11.6521 -16.9704 212.434 -0.0599147 -0.00594403 0.998186 -14.6379 -20.6203 210.239 -0.00631875 0.00369846 0.999891 1.79171 -2.16631 12.9729 3.29471 51.5477 
8222814 -10.4433 -16.7995 212.408 -0.0571663 -0.00617025 0.998346 -13.3096 -20.986 210.119 -0.00759776 -0.00148661 0.999882 1.83164 -2.15022 12.4173 3.3266 51.9239 
8311129 -9.1289 -16.5235 212.394 -0.0532964 -0.00458041 0.998568 -11.7642 -21.1691 209.992 -0.00687145 -0.00372926 0.999915 1.87789 -2.13126 11.9029 3.36107 52.2557 
8398247 -7.94279 -16.2255 212.42 -0.0508486 -0.00227872 0.998704 -10.2192 -21.1481 210.084 -0.00441317 -0.00350504 0.999881 1.92012 -2.11115 11.4632 3.39611 52.5732 
8485559 -6.73586 -15.9162 212.408 -0.0494798 -0.000341075 0.998775 -8.66892 -21.1284 209.953 -0.00282902 -0.0035969 0.999864 1.96062 -2.08989 11.0092 3.43777 52.878 
8572692 -5.63842 -15.645 212.422 -0.0486679 0.00119853 0.998814 -7.09966 -21.0186 209.931 -0.00244304 -0.00117186 0.999936 1.99423 -2.07151 10.6409 3.48115 53.1527 
8659965 -4.52474 -15.3757 212.42 -0.0480076 0.00184167 0.998845 -5.52685 -20.8886 210.021 -0.00229303 -0.000691548 0.999925 2.02468 -2.05485 10.2694 3.53027 53.4289 
8748099 -3.47202 -15.1682 212.399 -0.046999 0.00188789 0.998893 -4.06355 -20.7567 210.001 -0.00249451 5.36482e-005 0.999913 2.04795 -2.04336 9.99632 3.58198 53.6146 
8835328 -2.38584 -14.9811 212.398 -0.0458787 0.00154681 0.998946 -2.59925 -20.6271 209.981 -0.00280378 0.0010496 0.999898 2.0672 -2.03474 9.78678 3.64029 53.7718 
8922614 -1.33669 -14.8423 212.392 -0.0443423 0.000602472 0.999016 -1.3533 -20.3674 209.961 -0.00290452 0.0014222 0.999893 2.08013 -2.031 9.65184 3.70062 53.8686 
9009835 -0.202861 -14.7565 212.395 -0.0424867 -0.000727394 0.999097 0.0106708 -20.1179 209.939 -0.00371529 0.00220272 0.999888 2.08702 -2.03187 9.62644 3.77014 53.8813 
9098104 0.873538 -14.7109 212.396 -0.0398626 -0.00291671 0.999201 1.48184 -19.9876 209.919 -0.00476275 0.00311922 0.999883 2.0876 -2.03761 9.62644 3.83765 53.8813 
9185257 2.02478 -14.6973 212.387 -0.0364076 -0.00574189 0.999321 2.83799 -19.836 210.011 -0.00527833 0.00266011 0.999898 2.08214 -2.04795 9.68041 3.9109 53.8321 
9272413 3.1031 -14.7026 212.38 -0.0331193 -0.00810901 0.999419 4.08523 -19.5717 209.88 -0.00566502 0.00231578 0.999909 2.07237 -2.06002 9.82488 3.98014 53.7083 
9359694 4.29619 -14.8206 212.381 -0.0291971 -0.011075 0.999512 5.23702 -19.0852 209.856 -0.00623912 0.00296033 0.999904 2.05197 -2.07812 10.1217 4.05655 53.4718 
9447949 5.47933 -15.0302 212.427 -0.0252816 -0.0135787 0.999588 6.48462 -18.7147 209.611 -0.00611726 0.00295326 0.999903 2.02353 -2.09966 10.5821 4.13009 53.1463 
9535075 6.77379 -15.3733 212.521 -0.0231399 -0.0169229 0.999589 7.97402 -18.3355 209.695 0.00507862 0.012578 0.99983 1.98389 -2.12092 11.2711 4.21024 52.6844 
9622349 7.96117 -15.7871 212.588 -0.0263128 -0.0249477 0.999342 9.31541 -18.144 209.787 0.00684138 0.0198109 0.999673 1.94138 -2.12638 11.9426 4.2901 52.2208 
9709557 9.16532 -16.2274 212.621 -0.0283289 -0.0349484 0.998988 10.6149 -18.3165 209.886 -0.00164426 0.0189582 0.999792 1.89512 -2.13184 12.5649 4.36565 51.789 
9797827 10.4697 -16.6383 212.637 -0.0255851 -0.0443057 0.99869 11.7785 -18.5517 209.878 -0.00832875 0.0133507 0.999735 1.84399 -2.14677 13.1015 4.43632 51.4477 
9885087 11.8365 -16.9961 212.655 -0.0203517 -0.0508716 0.998498 13.0051 -18.9049 209.982 -0.0103515 0.00796662 0.99986 1.79085 -2.16861 13.673 4.50124 51.0873 
9972187 13.203 -17.2242 212.664 -0.0147149 -0.0534513 0.998462 14.1184 -19.2616 209.976 -0.0123265 0.00343317 0.999847 1.74201 -2.19245 14.3318 4.55985 50.6238 
10059440 14.5992 -17.3143 212.665 -0.00795478 -0.053884 0.998516 15.1319 -19.511 210.081 -0.0147115 0.000268273 0.999814 1.69576 -2.2183 14.9477 4.61644 50.1872 
10147697 15.8341 -17.0445 212.647 0.000246616 -0.053815 0.998551 16.3554 -19.4622 210.065 -0.0137859 -0.000641162 0.999819 1.66473 -2.23985 15.2144 4.66901 50.0237 
10234930 16.7447 -16.4664 212.629 0.00650644 -0.0525126 0.998599 17.364 -19.0667 210.046 -0.0116346 -0.00149941 0.999809 1.65296 -2.2522 15.2271 4.7144 50.038 
10322230 17.3693 -15.649 212.641 0.0108308 -0.0498754 0.998697 18.1606 -18.5495 210.025 -0.0099553 -0.00208342 0.999922 1.65612 -2.25709 15.1001 4.75289 50.165 
10409456 17.8315 -14.6467 212.657 0.0148843 -0.0475421 0.998758 18.9731 -17.9146 210.116 -0.00916009 -0.00310992 0.99981 1.66876 -2.25795 14.7953 4.79081 50.438 
10497572 18.1117 -13.3971 212.631 0.0183158 -0.0444636 0.998843 19.8946 -17.1732 210.313 -0.00725814 -0.00407359 0.999927 1.69289 -2.25421 14.3239 4.82988 50.7921 
10584845 18.119 -12.0741 212.565 0.0204586 -0.0422276 0.998899 20.6688 -16.0203 210.281 0.000983064 -0.00112601 0.999893 1.72707 -2.2433 13.6825 4.86608 51.235 
10672137 17.9146 -10.6536 212.505 0.0178528 -0.0417951 0.998967 21.3533 -14.4229 210.13 0.00950318 0.00241666 0.999845 1.77332 -2.21744 13.1094 4.9063 51.5684 
10759350 17.565 -9.35298 212.468 0.0131202 -0.0429702 0.99899 21.7714 -12.6767 210.092 0.0115655 0.00425311 0.999785 1.82273 -2.18469 12.6189 4.9445 51.8335 
10846665 17.0954 -8.0799 212.474 0.00708906 -0.0444333 0.998987 21.7969 -10.7698 209.944 0.00845573 0.00333316 0.999841 1.87559 -2.14965 12.1442 4.98242 52.116 
10934695 16.6528 -6.9636 212.489 0.00374986 -0.0453347 0.998965 21.6942 -9.19092 210.028 0.00537408 0.00290058 0.999886 1.92069 -2.12149 11.6346 5.01747 52.478 
11022038 16.2096 -5.82101 212.487 0.000985125 -0.0458273 0.998949 21.4639 -7.60799 210.001 0.00388363 0.002498 0.999912 1.96378 -2.09535 11.1393 5.0574 52.8241 
11109223 15.8643 -4.77722 212.508 -0.000961758 -0.0462308 0.99893 21.2198 -6.24329 209.978 0.00248688 0.00160097 0.999946 1.99768 -2.07467 10.7678 5.1002 53.1082 
11196453 15.5505 -3.68631 212.516 -0.00196611 -0.0465941 0.998912 20.9816 -4.87664 209.956 0.000465277 0.000493288 0.999869 2.02756 -2.05657 10.4265 5.15105 53.367 
11284650 15.3078 -2.65686 212.534 -0.00221156 -0.046795 0.998902 20.7315 -3.51841 209.934 -0.00027995 0.000291995 0.999882 2.04996 -2.04336 10.1852 5.20477 53.5638 
11371810 15.1251 -1.56858 212.556 -0.00201462 -0.0470143 0.998892 20.4964 -2.03914 210.021 -0.0018056 -0.000719811 0.999919 2.06663 -2.03388 10.0614 5.26768 53.667 
11459081 15.0123 -0.546727 212.555 -0.000524172 -0.0472037 0.998885 20.3582 -0.678307 209.997 -0.00260713 -0.00189586 0.999951 2.07582 -2.02871 9.99156 5.33146 53.7131 
11546336 14.9043 0.553685 212.55 0.00146081 -0.0462474 0.998929 20.2126 0.573462 209.976 -0.00330237 -0.00332495 0.999864 2.08099 -2.02842 9.97093 5.40098 53.7178 
11634595 14.8371 1.58927 212.547 0.00441345 -0.0450878 0.998973 20.0665 1.93362 209.952 -0.00324386 -0.00442861 0.999884 2.08041 -2.031 9.97569 5.46877 53.7115 
11721717 14.794 2.7275 212.532 0.00746106 -0.0425137 0.999068 19.8055 3.30043 209.93 -0.00281978 -0.00555347 0.9999 2.07409 -2.03962 10.0709 5.54231 53.6178 
11808999 14.8229 3.81255 212.519 0.0105016 -0.0395202 0.999164 19.4397 4.66992 209.909 -0.00310573 -0.0062704 0.999917 2.06088 -2.05226 10.2678 5.61212 53.4448 
11896209 14.9687 4.96722 212.514 0.0134289 -0.0357766 0.99927 18.9552 6.03956 209.777 -0.00275423 -0.00653529 0.999918 2.03761 -2.07122 10.644 5.68423 53.1336 
11984449 15.1937 6.07128 212.562 0.0157911 -0.0323537 0.999352 18.8299 7.35085 209.642 -0.00509505 -0.00260974 0.999873 2.00831 -2.09191 11.1536 5.75059 52.7669 
12071715 15.5027 7.29527 212.635 0.0209077 -0.0322981 0.99926 18.5555 8.64674 209.734 -0.0150603 0.00481183 0.999733 1.97096 -2.10569 11.8013 5.82786 52.3161 
12158858 15.87 8.45752 212.692 0.0296653 -0.0340111 0.998981 18.3429 9.94325 209.826 -0.0203832 -0.000507878 0.999653 1.93017 -2.11201 12.3855 5.90226 51.9239 
12246065 16.3069 9.72843 212.735 0.040208 -0.0325371 0.998661 18.3871 11.121 209.915 -0.0180754 -0.00712106 0.999749 1.88047 -2.12408 12.9141 5.97552 51.6065 
12334380 16.6803 10.9959 212.754 0.0482728 -0.0280642 0.99844 18.6213 12.2661 210.003 -0.0122218 -0.0116171 0.999762 1.83049 -2.14247 13.4142 6.03958 51.3017 
12421657 17.0089 12.4085 212.755 0.0537916 -0.0213839 0.998323 18.8595 13.3849 209.978 -0.00695009 -0.0135096 0.999856 1.77591 -2.16803 13.9889 6.10307 50.9286 
12508742 17.2694 13.8327 212.749 0.0569104 -0.0143791 0.998276 19.1184 14.4877 210.065 -0.0037677 -0.0134497 0.999816 1.72248 -2.19475 14.6175 6.16196 50.4968 
12596017 17.3123 15.1684 212.724 0.0588138 -0.00752025 0.998241 19.3871 15.5832 210.042 -0.00177574 -0.0128316 0.99978 1.6791 -2.21773 15.1081 6.21711 50.1475 
12684251 16.9109 16.2724 212.705 0.0592246 -0.00041147 0.998245 19.3244 16.6887 210.02 -9.15532e-005 -0.0112154 0.999851 1.65612 -2.23267 15.2621 6.26796 50.0634 
12771508 16.2007 17.0836 212.709 0.0579455 0.00421018 0.998311 18.8182 17.7014 210.006 0.000659997 -0.00881155 0.999919 1.65152 -2.23928 15.2605 0.0293016 50.0872 
12858716 15.329 17.6435 212.735 0.0561092 0.00732107 0.998398 18.0733 18.4118 210.114 0.00118262 -0.00823059 0.999902 1.65899 -2.23985 15.1335 0.0680832 50.2126 
12945855 14.277 18.0233 212.749 0.0538571 0.0102526 0.998496 17.3254 19.1292 210.221 0.00202859 -0.0084019 0.999895 1.67536 -2.23726 14.8509 0.105141 50.446 
13034133 13.0421 18.2486 212.719 0.0508867 0.013205 0.998617 16.4639 19.7357 210.332 0.00242232 -0.00793572 0.999881 1.70064 -2.23152 14.3953 0.143635 50.7746 
13121370 11.6572 18.2828 212.646 0.0489748 0.0160013 0.998672 15.4045 20.4156 210.331 0.000675999 -0.00220848 0.999917 1.73454 -2.22032 13.7444 0.184428 51.2207 
13208585 10.3084 18.1379 212.588 0.0487281 0.0151374 0.998697 13.8952 20.9916 210.226 -0.00145921 0.00525284 0.999925 1.77505 -2.19848 13.1888 0.225508 51.5604 
13295856 9.00326 17.8269 212.54 0.0495897 0.0123203 0.998694 12.1323 21.4225 210.127 -0.00167477 0.00575435 0.999918 1.82072 -2.17033 12.6538 0.265725 51.87 
13383994 7.7025 17.4349 212.514 0.049911 0.0094066 0.998709 10.4467 21.5317 210.034 -0.000296942 0.00420743 0.999931 1.86841 -2.14189 12.1204 0.306518 52.1986 
13471254 6.53614 17.0595 212.517 0.0500097 0.00785557 0.998718 8.97943 21.4091 210.054 0.000335665 0.00245922 0.999956 1.90949 -2.11805 11.6013 0.346161 52.5701 
13558501 5.30857 16.6784 212.508 0.0490994 0.00632945 0.998774 7.39937 21.2897 210.076 0.00111125 0.00106947 0.999972 1.94913 -2.09679 11.1346 0.39155 52.8907 
13645735 4.17641 16.3453 212.511 0.0480521 0.00593682 0.998827 5.92005 20.9409 209.99 0.00150569 -0.000545057 0.999876 1.98131 -2.08013 10.7123 0.438375 53.2082 
13733866 3.00203 16.1079 212.526 0.0465883 0.00635119 0.998894 4.45367 20.8149 210.01 0.00203756 -0.00192067 0.999895 2.00572 -2.06864 10.4011 0.494393 53.4575 
13821131 1.89923 15.9037 212.534 0.0451307 0.00712756 0.998956 2.98501 20.5704 210.032 0.00212422 -0.00253696 0.999906 2.02411 -2.06059 10.171 0.55156 53.64 
13908381 0.730357 15.7427 212.526 0.0431927 0.00842954 0.999031 1.6334 20.4365 210.051 0.00229755 -0.00376953 0.999927 2.03675 -2.05686 10.0265 0.61677 53.7401 
13995660 -0.354703 15.6404 212.507 0.0414977 0.0106158 0.999082 0.282529 20.2958 210.07 0.00239125 -0.00426397 0.999935 2.04221 -2.05628 9.94394 0.681693 53.7877 
14082881 -1.53244 15.5707 212.478 0.039028 0.0137019 0.999144 -1.18487 20.0535 210.093 0.00234198 -0.00511688 0.999952 2.04163 -2.06002 9.91378 0.754373 53.7893 
14171075 -2.62125 15.5314 212.455 0.0366788 0.0172156 0.999179 -2.53815 19.9119 210.001 0.00254902 -0.00574252 0.999839 2.03589 -2.06548 9.93283 0.823605 53.7623 
14258324 -3.78584 15.5196 212.421 0.033714 0.0212023 0.999207 -4.00909 19.6675 210.024 0.0028794 -0.00637294 0.999846 2.02411 -2.07438 10.0281 0.898008 53.667 
14345519 -4.84831 15.5816 212.385 0.0311696 0.0258078 0.999181 -5.47772 19.4254 209.935 0.00281605 -0.00746954 0.999868 2.0063 -2.08415 10.1868 0.966953 53.5241 
14432754 -5.95579 15.6938 212.372 0.0287082 0.0303732 0.999126 -6.93743 19.2786 209.844 0.00248567 -0.00683912 0.99986 1.98246 -2.09593 10.4789 1.03762 53.2955 
14520975 -7.01072 15.8454 212.394 0.0265998 0.0345045 0.99905 -8.06602 19.1184 209.637 0.00234973 -0.00707574 0.999866 1.95516 -2.10828 10.8695 1.10283 53.0193 
14608275 -8.17244 16.0733 212.462 0.0257741 0.0401261 0.998862 -9.18024 19.0048 209.766 0.00110591 -0.0116516 0.999845 1.9204 -2.11891 11.4013 1.17408 52.6764 
14695382 -9.35413 16.3274 212.517 0.0245673 0.0467661 0.998604 -10.3485 18.7633 209.896 0.00497942 -0.0144435 0.99985 1.88162 -2.12954 11.9442 1.24302 52.3272 
14782663 -10.6169 16.6573 212.552 0.0223163 0.0552622 0.998222 -11.6203 18.9226 209.908 0.0106249 -0.011959 0.999735 1.83509 -2.1416 12.4966 1.31225 51.9763 
14870866 -11.9129 16.8935 212.554 0.0159074 0.0605405 0.998039 -12.6398 19.2613 210.024 0.0146426 -0.00595238 0.999818 1.78769 -2.16372 12.9808 1.37344 51.6715 
14958001 -13.3394 17.0608 212.546 0.00802334 0.063575 0.997945 -13.7598 19.5031 210.032 0.0166387 -0.0010534 0.999823 1.73713 -2.19101 13.5222 1.4352 51.3159 
15045236 -14.7837 17.1737 212.543 3.05246e-005 0.064528 0.997916 -14.8647 19.768 210.04 0.0170232 0.00136935 0.999773 1.68829 -2.21859 14.1429 1.49295 50.8873 
15132474 -16.0261 16.9249 212.532 -0.00805373 0.0641412 0.997908 -16.0815 19.7165 210.168 0.0155165 0.00280149 0.999765 1.65525 -2.24042 14.4413 1.54638 50.7063 
15219727 -16.9294 16.3282 212.498 -0.0148015 0.0619826 0.997967 -17.0865 19.3254 210.076 0.0128356 0.00295694 0.999794 1.64319 -2.25393 14.4683 1.59091 50.6921 
15307964 -17.6494 15.4768 212.495 -0.0198043 0.0592758 0.998045 -17.9995 18.7088 210.098 0.0110007 0.00294109 0.999817 1.64405 -2.25996 14.3731 1.63428 50.7825 
15395083 -18.1124 14.5494 212.498 -0.0234335 0.0572318 0.998086 -18.7202 17.7444 210.237 0.0105273 0.00321304 0.999818 1.6541 -2.25967 14.1334 1.67192 50.9857 
15482325 -18.4518 13.406 212.444 -0.0280101 0.0548096 0.998104 -19.3251 16.8896 210.372 0.0102695 0.00298348 0.999825 1.67163 -2.25766 13.6793 1.71185 51.3159 
15570596 -18.6354 12.1923 212.351 -0.0319398 0.052476 0.998111 -19.901 15.7104 210.401 0.00468033 0.00147378 0.999921 1.69404 -2.25163 13.1316 1.75178 51.6795 
15657856 -18.6273 10.8619 212.262 -0.0329142 0.0515162 0.99813 -20.4758 14.4149 210.322 -0.00187114 0.000262007 0.999902 1.72736 -2.23439 12.5681 1.79487 52.0176 
15745115 -18.4774 9.5981 212.201 -0.0312193 0.0512677 0.998197 -20.8683 12.9778 210.13 -0.00490352 0.000682341 0.999931 1.76528 -2.21055 12.1172 1.83623 52.2557 
15832225 -18.2317 8.27921 212.18 -0.0288167 0.0504126 0.998313 -21.0819 11.4139 210.051 -0.00375049 0.0015935 0.9999 1.80751 -2.18469 11.687 1.87961 52.5002 
15919498 -17.9479 7.10143 212.171 -0.027195 0.0495985 0.998399 -21.0859 9.7248 210.082 -0.00172333 0.00282073 0.999852 1.84571 -2.162 11.2473 1.91983 52.7828 
16007740 -17.6675 5.90116 212.185 -0.0262618 0.0479669 0.998504 -21.0763 8.15362 209.999 -0.000604007 0.00312496 0.999955 1.88134 -2.14247 10.8202 1.96378 53.0892 
16095032 -17.4279 4.78944 212.19 -0.0258834 0.0463475 0.99859 -20.8333 6.69197 210.023 0.000213807 0.00246628 0.999957 1.91035 -2.12695 10.4472 2.0086 53.3575 
16182248 -17.2109 3.59881 212.189 -0.0259685 0.0433978 0.99872 -20.7068 5.12985 210.051 0.000881607 0.00132729 0.99997 1.93592 -2.11575 10.136 2.06002 53.5765 
16269523 -17.0245 2.60876 212.178 -0.0264844 0.0444955 0.998658 -20.5753 3.67479 209.966 0.001562 0.000429696 0.999857 1.95545 -2.0988 9.8979 2.1123 53.7337 
16357663 -16.8723 1.57089 212.185 -0.0276104 0.0439794 0.998651 -20.4452 2.21399 209.991 0.00253835 0.000375461 0.999968 1.97039 -2.08788 9.71693 2.16832 53.8702 
16444897 -16.7466 0.501951 212.191 -0.02897 0.0435509 0.998631 -20.3119 0.74961 210.017 0.00316876 0.000705664 0.999954 1.98102 -2.07898 9.62803 2.2298 53.9305 
16532188 -16.6619 -0.521437 212.183 -0.0309986 0.0428353 0.998601 -20.2845 -0.593428 210.042 0.00389991 0.000663269 0.999946 1.9859 -2.07381 9.59945 2.29127 53.9353 
16619284 -16.5875 -1.57808 212.169 -0.0341224 0.0421656 0.998528 -20.1487 -2.0533 209.956 0.00412251 0.000283605 0.999951 1.98676 -2.06979 9.58834 2.35734 53.929 
16707528 -16.5534 -2.57503 212.156 -0.0375421 0.0415389 0.998431 -20.0027 -3.39639 209.979 0.00408027 -0.00044746 0.999965 1.98274 -2.06806 9.6566 2.4214 53.8607 
16794779 -16.531 -3.64376 212.132 -0.0413132 0.0409017 0.998309 -19.7503 -4.75236 209.891 0.00443029 -0.000714637 0.999843 1.9747 -2.06777 9.81694 2.49064 53.7035 
16882005 -16.5484 -4.64885 212.125 -0.0448119 0.0404529 0.998176 -19.7173 -6.09562 209.804 0.00441621 -0.000958325 0.999848 1.96263 -2.0695 10.0852 2.55556 53.4718 
16969291 -16.6057 -5.77769 212.169 -0.0482171 0.0400394 0.998034 -19.4597 -7.34115 209.601 0.00476067 -0.00134506 0.999851 1.94454 -2.07409 10.5329 2.62652 53.1368 
17057544 -16.7403 -6.89877 212.26 -0.051029 0.0393905 0.99792 -19.0873 -8.41888 209.616 0.0064123 0.00394065 0.999854 1.92012 -2.083 11.133 2.69316 52.7225 
17144679 -16.9405 -8.17694 212.344 -0.0546831 0.035299 0.99788 -18.9535 -9.48287 209.745 0.00990588 0.00936406 0.999832 1.88478 -2.10167 11.7251 2.76211 52.3462 
17231985 -17.193 -9.44317 212.38 -0.0599073 0.0292681 0.997775 -18.8129 -10.6454 209.877 0.0119731 0.0134008 0.999731 1.84284 -2.12351 12.195 2.82646 52.0652 
17319121 -17.4598 -10.8859 212.412 -0.0654226 0.0214599 0.997627 -18.8758 -11.7552 210.01 0.011959 0.0131571 0.999736 1.79257 -2.14965 12.7046 2.89511 51.7763 
17407358 -17.7145 -12.2881 212.413 -0.0709583 0.0148629 0.997369 -19.05 -13.0729 210.037 0.0104122 0.0117797 0.99978 1.74258 -2.17234 13.2396 2.95889 51.4334 
17494515 -17.9534 -13.7716 212.4 -0.0765592 0.007797 0.997035 -19.0993 -14.3978 210.062 0.00740316 0.0104872 0.999841 1.68973 -2.19417 13.792 3.0241 51.0715 
17581757 -18.0342 -15.0993 212.375 -0.0791144 0.00195455 0.996864 -19.2578 -15.738 210.089 0.00416226 0.0115309 0.999861 1.64721 -2.21198 14.3588 3.07954 50.6492 
17669012 -17.6921 -16.1439 212.347 -0.0807896 -0.00455695 0.996721 -19.2974 -16.7384 210.109 0.00219142 0.0112784 0.99989 1.6248 -2.22348 14.4874 3.12867 50.5777 
17756240 -17.0847 -16.9057 212.331 -0.0804511 -0.00905714 0.996717 -18.7944 -17.7475 210.123 0.00178433 0.00848783 0.999825 1.61992 -2.2275 14.4905 3.16975 50.5777 
17844593 -16.277 -17.4654 212.329 -0.0797341 -0.0120483 0.996743 -18.0556 -18.5649 210.129 0.00136948 0.00765612 0.999846 1.62739 -2.22462 14.3778 3.20766 50.6587 
17931767 -15.2833 -17.8407 212.315 -0.0789158 -0.0146657 0.996773 -17.3198 -19.4928 210.137 0.000582021 0.00672376 0.999873 1.6452 -2.21687 14.0984 3.24415 50.854 
18018892 -14.1337 -17.9845 212.288 -0.0779744 -0.0167611 0.996814 -16.2318 -20.1115 210.247 8.75494e-005 0.00663018 0.99988 1.67421 -2.20365 13.6381 3.27833 51.1699 
18106135 -12.9804 -17.9415 212.221 -0.0769469 -0.0188866 0.996856 -15.1067 -20.6 210.244 -0.00383935 0.0042882 0.99985 1.70782 -2.189 13.0332 3.30907 51.5684 
18194362 -11.6859 -17.7731 212.18 -0.0746318 -0.0199967 0.997011 -13.8916 -21.0697 210.128 -0.00561284 -0.000990438 0.999849 1.75063 -2.16947 12.4157 3.34153 51.9748 
18281638 -10.4125 -17.5059 212.171 -0.0712053 -0.0186242 0.997288 -12.3366 -21.2443 210 -0.0059177 -0.00415132 0.999912 1.79659 -2.14792 11.914 3.37285 52.2875 
18368837 -9.22738 -17.1594 212.192 -0.0694026 -0.0159403 0.997461 -10.7868 -21.3341 209.983 -0.00482098 -0.00421491 0.9999 1.84399 -2.12178 11.4536 3.40387 52.5891 
18457070 -8.00006 -16.7836 212.224 -0.0674443 -0.0133572 0.997634 -9.11316 -21.333 209.963 -0.00437094 -0.00277398 0.999867 1.89168 -2.09564 10.9885 3.43921 52.913 
18544263 -6.78201 -16.437 212.237 -0.0646312 -0.0118962 0.997838 -7.65574 -21.2042 209.941 -0.00394053 -0.00169629 0.999964 1.93419 -2.07467 10.5345 3.47827 53.2321 
18631512 -5.75676 -16.1452 212.24 -0.0651805 -0.0110718 0.997812 -6.08365 -20.9668 209.918 -0.00316715 -0.00100762 0.999941 1.96838 -2.05111 10.144 3.51993 53.5114 
18718770 -4.69319 -15.914 212.254 -0.0643263 -0.0107984 0.99787 -4.62281 -20.8382 209.898 -0.0031038 8.89774e-005 0.99992 1.99711 -2.03388 9.85027 3.56733 53.7305 
18806029 -3.58597 -15.7124 212.284 -0.0635478 -0.0109716 0.997918 -3.26457 -20.5895 209.876 -0.00329825 0.000956018 0.999906 2.02181 -2.01894 9.62961 3.62248 53.9115 
18894135 -2.53242 -15.568 212.294 -0.0621919 -0.0117472 0.997995 -1.79998 -20.4567 209.968 -0.00349269 0.00182306 0.999892 2.03933 -2.01003 9.49944 3.67908 54.0052 
18981392 -1.40173 -15.4777 212.292 -0.0601739 -0.0135255 0.998096 -0.436069 -20.2084 209.947 -0.00429643 0.00272543 0.999885 2.05083 -2.0063 9.43276 3.744 54.0417 
19068637 -0.320439 -15.4048 212.293 -0.057659 -0.0155766 0.998215 0.919398 -20.0668 209.927 -0.0048846 0.00312629 0.999885 2.05715 -2.00687 9.42006 3.80806 54.0417 
19155904 0.824742 -15.38 212.293 -0.0543725 -0.0187581 0.998345 2.38202 -19.9269 209.907 -0.0050135 0.00301151 0.999888 2.05686 -2.01233 9.44546 3.87815 54.0179 
19243979 1.97973 -15.371 212.294 -0.0508414 -0.0215226 0.998475 3.62225 -19.7661 209.889 -0.00519167 0.00204382 0.999909 2.05169 -2.02124 9.58199 3.94969 53.8988 
19331240 3.10379 -15.4329 212.293 -0.0472227 -0.0239709 0.998597 4.76828 -19.2792 209.754 -0.00529241 0.00241642 0.999903 2.03933 -2.03445 9.85663 4.01949 53.6623 
19418571 4.27391 -15.5848 212.339 -0.0437273 -0.0260128 0.998705 5.92028 -18.9056 209.621 -0.00672655 0.00298859 0.99991 2.01865 -2.05197 10.3218 4.09131 53.3114 
19505794 5.57729 -15.9078 212.431 -0.0403064 -0.0295101 0.998751 7.33568 -18.2836 209.59 0.00168287 0.0109411 0.999902 1.98418 -2.07409 10.9679 4.17002 52.8733 
19593041 6.78989 -16.3213 212.51 -0.041943 -0.0369896 0.998435 8.88699 -18.0141 209.678 0.0055291 0.020376 0.999678 1.9454 -2.08243 11.6489 4.24902 52.4034 
19681142 8.06056 -16.825 212.559 -0.0433934 -0.0486088 0.997875 10.1867 -17.9892 209.886 -0.00144162 0.0224894 0.999601 1.89886 -2.08817 12.2712 4.32917 51.9874 
19768412 9.29945 -17.2775 212.572 -0.0411529 -0.0587867 0.997422 11.3505 -18.2393 209.877 -0.00815349 0.0184775 0.999758 1.85146 -2.10052 12.803 4.39783 51.6334 
19855656 10.669 -17.707 212.59 -0.035242 -0.067946 0.997066 12.5876 -18.5874 209.981 -0.0113097 0.0125455 0.999786 1.79803 -2.12092 13.3079 4.46505 51.3398 
19942903 12.0342 -18.0578 212.605 -0.0292166 -0.0736467 0.996856 13.6918 -18.8261 209.973 -0.0116138 0.00730392 0.999766 1.74718 -2.14361 13.9095 4.52538 50.946 
20031066 13.5337 -18.3022 212.608 -0.022499 -0.0766516 0.996804 14.8038 -19.1885 210.078 -0.0132943 0.00361154 0.999856 1.69518 -2.16889 14.6175 4.58714 50.4444 
20118285 14.7764 -18.1999 212.578 -0.0153906 -0.0775439 0.99687 16.0264 -19.3518 210.067 -0.0136592 0.00155203 0.999777 1.661 -2.189 15.0049 4.63913 50.1602 
20205539 15.7549 -17.7365 212.561 -0.00896222 -0.0777183 0.996935 17.0297 -19.0667 210.049 -0.0116354 0.000581295 0.999892 1.64577 -2.20049 15.0906 4.68539 50.1158 
20292790 16.4557 -17.0359 212.564 -0.00457788 -0.0765185 0.997058 17.9343 -18.5557 210.028 -0.00959193 -2.62007e-005 0.999879 1.64664 -2.20423 15.0462 4.72445 50.1602 
20381072 17.0045 -16.0971 212.594 -0.000843714 -0.0748285 0.997196 18.6397 -17.9179 210.008 -0.00939748 -0.000893241 0.999893 1.6587 -2.20279 14.8573 4.76324 50.3333 
20468194 17.3244 -15.0163 212.605 0.00282099 -0.0732527 0.997309 19.4623 -17.1696 210.207 -0.0088445 -0.00190332 0.999905 1.68053 -2.19705 14.4588 4.79857 50.6571 
20555420 17.4711 -13.6767 212.554 0.00684383 -0.0699927 0.997524 20.3751 -16.3227 210.291 -0.00545359 -0.0024667 0.999874 1.71386 -2.189 13.8651 4.83505 51.0683 
20642661 17.3484 -12.3683 212.498 0.00727442 -0.0694125 0.997562 20.9501 -14.9221 210.257 0.00161347 -0.000795811 0.999879 1.75637 -2.16717 13.2348 4.86953 51.4731 
20730958 17.0851 -10.9584 212.455 0.00561869 -0.0687022 0.997621 21.3347 -13.2823 210.109 0.00644485 0.000271198 0.999923 1.80837 -2.13844 12.6316 4.90658 51.8335 
20818063 16.7375 -9.72512 212.437 0.00242208 -0.0684325 0.997653 21.4468 -11.4991 210.074 0.00546295 0.00020588 0.999936 1.85835 -2.10885 12.1363 4.93962 52.1256 
20905302 16.3751 -8.57873 212.449 0.000550043 -0.0682733 0.997667 21.3396 -9.8171 209.932 0.00326246 0.000211221 0.999962 1.90403 -2.08214 11.6029 4.97266 52.505 
20992538 16.0243 -7.40835 212.471 -0.00105891 -0.0677357 0.997703 21.2218 -8.24305 210.017 0.00179868 0.00029372 0.999857 1.94741 -2.05715 11.1139 5.01086 52.8685 
21080856 15.7261 -6.26449 212.493 -0.00191549 -0.0670565 0.997747 20.979 -6.87616 209.994 0.000265993 -0.000839931 0.999896 1.98475 -2.03589 10.6948 5.05424 53.1908 
21168051 15.5041 -5.18703 212.51 -0.00201438 -0.0661019 0.997811 20.7334 -5.51819 209.971 -0.000966667 -0.00101296 0.999915 2.01406 -2.02009 10.3789 5.10107 53.4368 
21255266 15.3173 -4.04789 212.527 -0.00136834 -0.0652569 0.997868 20.4934 -4.04546 210.058 -0.00196265 -0.00132197 0.999933 2.03933 -2.00659 10.117 5.15708 53.6464 
21342398 15.1766 -2.97507 212.514 -0.000278791 -0.0645669 0.997913 20.3618 -2.68955 210.034 -0.00346718 -0.00196824 0.999963 2.05772 -1.99739 9.94235 5.21511 53.7559 
21430638 15.0946 -1.8575 212.504 0.00204576 -0.0633532 0.997989 20.2302 -1.21502 210.01 -0.00428428 -0.00339027 0.999878 2.07007 -1.9928 9.82805 5.28032 53.8305 
21518041 15.0399 -0.809044 212.504 0.00445857 -0.061841 0.998076 20.0861 0.141606 209.986 -0.00444837 -0.00411426 0.999893 2.07697 -1.99222 9.7963 5.3441 53.8464 
21605218 15.0384 0.258018 212.504 0.0080607 -0.059881 0.998173 19.9334 1.38808 209.964 -0.00437578 -0.00497424 0.999908 2.07754 -1.99567 9.79789 5.41161 53.8432 
21692293 15.0333 1.41978 212.495 0.0117274 -0.0570268 0.998304 19.7847 2.74384 209.941 -0.0040454 -0.00560466 0.999916 2.07409 -2.00314 9.8725 5.48515 53.7686 
21780517 15.0874 2.58564 212.469 0.0156319 -0.0535474 0.998443 19.411 4.11378 209.919 -0.00347834 -0.00637105 0.999924 2.06375 -2.01492 10.0519 5.55926 53.5956 
21867764 15.2362 3.67592 212.469 0.0186585 -0.0504248 0.998554 18.9312 5.48656 209.788 -0.00363539 -0.00697321 0.999937 2.04565 -2.03072 10.4091 5.62792 53.2924 
21955014 15.4692 4.90363 212.52 0.0209739 -0.0452347 0.998756 18.6836 6.81414 209.543 -0.00494988 -0.00432969 0.999903 2.01779 -2.05571 10.9298 5.69974 52.9098 
22042173 15.8132 5.99371 212.608 0.0264601 -0.0461719 0.998583 18.525 8.31664 209.628 -0.0139973 0.00414131 0.999854 1.98562 -2.06605 11.5457 5.77127 52.4875 
22130570 16.1669 7.14739 212.667 0.034619 -0.0481147 0.998242 18.3145 9.59142 209.721 -0.0195521 0.00115784 0.999734 1.94999 -2.0718 12.1522 5.84625 52.0589 
22217662 16.5772 8.38846 212.723 0.045112 -0.0474855 0.997853 18.3652 10.6638 209.813 -0.0186284 -0.00611098 0.999737 1.90662 -2.08128 12.6824 5.92065 51.7287 
22304940 16.9576 9.637 212.756 0.0538505 -0.0433256 0.997609 18.4995 11.8193 209.901 -0.0140215 -0.0110237 0.999773 1.86037 -2.09823 13.165 5.98643 51.4382 
22392199 17.3315 11.0459 212.768 0.0607369 -0.0366681 0.99748 18.7339 12.8322 209.991 -0.00889427 -0.013277 0.999753 1.80722 -2.12264 13.7381 6.05251 51.0699 
22479487 17.613 12.4652 212.773 0.0643993 -0.0300241 0.997472 19.1053 14.0448 209.962 -0.00526519 -0.0139741 0.999844 1.7558 -2.14879 14.3874 6.11341 50.619 
22567578 17.7705 13.9423 212.76 0.0670594 -0.0223964 0.997498 19.2596 15.1536 210.051 -0.00281395 -0.0138717 0.999812 1.7061 -2.1755 14.9906 6.17402 50.1936 
22654813 17.5065 15.0762 212.755 0.0675072 -0.01568 0.997596 19.4251 16.3589 210.025 -0.00101495 -0.0123844 0.999885 1.67967 -2.19274 15.2525 6.22401 50.0285 
22742110 16.8882 15.9801 212.752 0.0670962 -0.0102901 0.997693 19.027 17.3665 210.011 9.36536e-005 -0.0101259 0.999829 1.67134 -2.20107 15.2906 6.27055 50.0189 
22829324 16.0525 16.6261 212.77 0.0652491 -0.00631765 0.997849 18.3941 18.18 210.003 0.0011052 -0.00957088 0.999928 1.67709 -2.20365 15.1938 0.027578 50.1126 
22917573 15.0005 17.1236 212.793 0.0630894 -0.0024057 0.998005 17.6376 18.7872 210.112 0.00218784 -0.00987816 0.999921 1.69231 -2.2025 14.9271 0.0680832 50.3444 
23004719 13.8333 17.4097 212.787 0.0601201 0.00130177 0.99819 16.879 19.3968 210.333 0.00363606 -0.0102066 0.999909 1.71529 -2.19877 14.508 0.105141 50.6682 
23092012 12.4493 17.5633 212.733 0.0570798 0.00508037 0.998357 15.928 20.0771 210.331 0.00221308 -0.00523166 0.999955 1.74747 -2.1913 13.9175 0.146508 51.081 
23179306 11.076 17.5199 212.646 0.0563787 0.00619186 0.99839 14.4255 20.6517 210.226 -0.000646239 0.0023939 0.999969 1.78625 -2.1732 13.3079 0.188737 51.4525 
23267458 9.66175 17.2888 212.593 0.0567909 0.00418056 0.998377 12.7824 21.1623 210.124 -0.00107252 0.00559718 0.999914 1.83394 -2.14505 12.7586 0.232689 51.7684 
23354535 8.40447 16.99 212.578 0.0570913 0.00142228 0.998368 11.1065 21.2812 210.031 -0.000732904 0.00301019 0.999958 1.87875 -2.11833 12.2998 0.272907 52.0478 
23441805 7.15169 16.6477 212.578 0.0572912 0.000301083 0.998357 9.4185 21.2878 210.052 0.000357496 0.000744043 0.999866 1.92184 -2.09363 11.7489 0.315711 52.4446 
23529028 5.99694 16.3301 212.579 0.0569061 -4.60147e-005 0.99838 7.94973 21.1596 210.073 0.00114715 -0.000402015 0.999878 1.95861 -2.07352 11.2568 0.358801 52.8114 
23617282 4.77614 16.0377 212.574 0.0556941 2.33135e-005 0.998448 6.46731 20.9149 209.984 0.00256722 -0.00121787 0.999876 1.99194 -2.05686 10.8266 0.409648 53.1289 
23704397 3.63672 15.8023 212.592 0.0538708 0.000692313 0.998548 5.1067 20.7827 210.003 0.00370838 -0.00262881 0.999888 2.0175 -2.04594 10.4916 0.461931 53.4035 
23791643 2.41927 15.6107 212.584 0.0514704 0.00243473 0.998672 3.7545 20.6387 210.022 0.00394505 -0.00276479 0.999888 2.03761 -2.03933 10.1963 0.523695 53.6305 
23878892 1.27196 15.4464 212.565 0.0494314 0.00397008 0.99877 2.39499 20.3878 210.043 0.00427543 -0.00339521 0.999896 2.05197 -2.03531 10.0201 0.586894 53.748 
23967170 0.0490749 15.3401 212.535 0.046469 0.00630663 0.9989 0.927358 20.2596 210.063 0.00494323 -0.0045342 0.999909 2.05916 -2.03732 9.92648 0.658137 53.7924 
24054449 -1.11102 15.2732 212.509 0.0431566 0.00912018 0.999027 -0.434 20.1162 209.971 0.00601884 -0.00496332 0.999904 2.05973 -2.04336 9.89314 0.728231 53.7972 
24141726 -2.2676 15.2325 212.493 0.0393946 0.0126054 0.999144 -1.7896 19.9723 209.99 0.00662109 -0.0051205 0.9999 2.05456 -2.05255 9.89314 0.799762 53.794 
24228785 -3.50226 15.2004 212.473 0.0344398 0.0160977 0.999277 -3.15743 20.6571 208.88 0.0119231 -0.0127678 0.999734 2.04364 -2.06663 9.96299 0.875601 53.7337 
24317135 -4.1076 14.9362 212.873 0.0333975 0.0197051 0.999248 -4.61872 22.5422 207.521 -0.000656687 -0.00408962 0.999847 2.04824 -2.06203 9.68518 0.916968 54.3893 
24404328 -4.7725 14.8215 212.99 0.0311118 0.01438 0.999412 -6.5814 19.3485 210.617 0.0039373 0.0330579 0.999337 2.04537 -2.07467 10.1805 0.952877 54.0385 
24491570 -5.29282 14.8571 212.927 0.0288505 0.00816296 0.99955 -7.24929 19.286 210.292 0.00273499 0.0312939 0.999385 2.03675 -2.09133 10.8107 0.977582 53.3924 
24578697 -5.99905 14.9018 212.867 0.0267555 0.00110824 0.999641 -7.9029 19.3099 210.186 0.000289198 0.0206799 0.999736 2.02411 -2.11029 11.5949 1.01292 52.6097 
24667005 -6.90853 14.9983 212.813 0.0260668 -0.00400477 0.999652 -8.6947 19.1308 210.2 -0.000516902 0.00886577 0.999846 2.004 -2.12781 12.4474 1.0629 51.7858 
24754245 -8.172 15.1501 212.757 0.0254555 -0.00583067 0.999659 -9.73689 18.9424 210.106 0.00149161 -0.000788745 0.999881 1.97125 -2.14735 13.338 1.13386 50.9572 
24841473 -9.73108 15.3906 212.721 0.0230225 -0.00451454 0.999725 -11.4224 18.7672 210.243 0.0130592 -0.00794123 0.999752 1.92328 -2.17234 14.2254 1.21659 50.1983 
24928793 -11.3893 15.6869 212.668 0.0144057 -0.000816826 0.999896 -12.8122 18.8206 210.146 0.0185773 -0.00556926 0.999763 1.8641 -2.20854 14.8064 1.29387 49.7649 
25016826 -12.9426 15.9719 212.624 0.00579314 0.00127634 0.999982 -14.1204 19.0836 210.156 0.0168543 -0.00155491 0.99983 1.80607 -2.24301 15.4113 1.35965 49.3205 
25104171 -14.3792 15.9781 212.587 -0.00228687 0.00236503 0.999995 -15.3236 19.3485 210.165 0.0158117 0.00156186 0.999784 1.75953 -2.2726 15.8098 1.42113 49.0506 
25191352 -15.4394 15.5722 212.546 -0.00947849 0.00107942 0.999954 -16.5315 19.2931 210.181 0.0132152 0.00317943 0.999786 1.7377 -2.29357 15.8859 1.46968 49.0125 
25278561 -16.3293 14.8274 212.516 -0.014987 -0.00274803 0.999884 -17.3149 18.8869 210.198 0.0108062 0.00380813 0.999803 1.73138 -2.30879 15.8653 1.51593 49.0283 
25365787 -16.9433 13.9262 212.504 -0.0185137 -0.00590792 0.999811 -18.2592 18.044 210.114 0.0108133 0.00392997 0.999801 1.73684 -2.31598 15.6701 1.55701 49.195 
25453961 -17.3583 12.8756 212.475 -0.0225073 -0.0085915 0.99971 -18.869 17.1815 210.361 0.0112281 0.00476168 0.99978 1.75063 -2.32057 15.2319 1.5955 49.557 
25541188 -17.6387 11.6906 212.39 -0.0268903 -0.0116504 0.99957 -19.5482 16.129 210.5 0.00559668 0.00252092 0.999891 1.77016 -2.32431 14.6318 1.63428 50.0047 
25628431 -17.7214 10.4157 212.288 -0.0274685 -0.0122837 0.999547 -20.3239 14.7551 210.314 -0.00414906 -0.00107294 0.999955 1.79688 -2.31598 13.9778 1.67766 50.4587 
25715694 -17.603 9.18772 212.228 -0.0235383 -0.0111823 0.99966 -20.7973 13.3385 210.237 -0.0103153 -0.00194267 0.999802 1.82963 -2.29587 13.4444 1.72075 50.8095 
25803829 -17.3471 7.89736 212.209 -0.0170564 -0.0105652 0.999799 -21.2045 11.7825 210.159 -0.0123095 -0.000482264 0.999799 1.86927 -2.27059 13.0078 1.76528 51.0826 
25891047 -17.0315 6.73099 212.211 -0.0108524 -0.0101106 0.99989 -21.316 10.4453 210.073 -0.00877411 -0.000684882 0.999881 1.90719 -2.24703 12.6316 1.80607 51.3271 
25978297 -16.6897 5.51448 212.195 -0.00711678 -0.00982786 0.999926 -21.3443 8.65033 210.106 -0.0048239 -5.5789e-005 0.999944 1.94396 -2.2275 12.0966 1.85089 51.716 
26065575 -16.356 4.46265 212.174 -0.00457815 -0.00940069 0.999945 -21.2098 6.9704 210.025 -0.00584248 -0.000732618 0.999847 1.97499 -2.21112 11.5934 1.89225 52.089 
26153845 -16.06 3.38482 212.172 -0.00148417 -0.0085193 0.999963 -20.9674 5.40041 210.052 -0.00565507 -0.0017215 0.999863 2.00228 -2.19504 11.2044 1.94138 52.3827 
26241086 -15.824 2.38924 212.159 0.00104898 -0.00758002 0.999971 -20.8297 4.05211 210.075 -0.0048091 -0.00189281 0.999856 2.02296 -2.1824 10.9187 1.99194 52.5875 
26328198 -15.5986 1.32564 212.133 0.00302211 -0.00688688 0.999972 -20.7022 2.58701 209.988 -0.00369682 -0.00171042 0.999961 2.04048 -2.17234 10.6615 2.04996 52.7622 
26415541 -15.402 0.330006 212.124 0.00491422 -0.00613114 0.999969 -20.563 1.12571 210.014 -0.00369682 -0.00171042 0.999961 2.05312 -2.16487 10.5091 2.10828 52.8669 
26503722 -15.2553 -0.69011 212.111 0.00635007 -0.0053293 0.999966 -20.4307 -0.335102 209.928 -0.0031016 -0.00198944 0.999959 2.06002 -2.16056 10.4472 2.17234 52.8955 
26590962 -15.1427 -1.65307 212.116 0.00717131 -0.0045307 0.999964 -20.3992 -1.78446 209.956 -0.00350386 -0.00257975 0.999853 2.06203 -2.15884 10.4472 2.23554 52.8955 
26678239 -15.0302 -2.66131 212.111 0.00774056 -0.00341312 0.999964 -20.2562 -3.23803 209.982 -0.0039187 -0.00341146 0.999874 2.06059 -2.15826 10.5091 2.30391 52.8336 
26765333 -14.9321 -3.6117 212.106 0.00847448 -0.00174832 0.999963 -20.1183 -4.58283 209.894 -0.00322979 -0.00418492 0.99988 2.056 -2.15826 10.6726 2.37027 52.6812 
26853597 -14.8878 -4.64376 212.11 0.00860367 2.49926e-005 0.999963 -19.9769 -5.82627 209.804 -0.0022338 -0.00387592 0.999862 2.04479 -2.16114 10.9457 2.44295 52.4494 
26940845 -14.895 -5.64052 212.156 0.00824387 0.00173401 0.999965 -19.6167 -6.97509 209.596 -0.000247395 -0.00337746 0.99995 2.02871 -2.16602 11.2997 2.51247 52.1938 
27028072 -14.9871 -6.80319 212.224 0.00671189 0.00260553 0.999974 -19.2835 -8.23885 209.616 0.004231 -0.00204786 0.999871 2.00256 -2.17608 11.7648 2.59003 51.8827 
27115195 -15.1773 -7.88117 212.315 0.00318956 0.00314235 0.99999 -18.8622 -9.42448 209.744 0.0120692 0.00239012 0.999814 1.97039 -2.1867 12.2077 2.65984 51.635 
27202458 -15.4642 -9.05959 212.367 -0.00339714 0.0011737 0.999994 -18.6245 -10.4865 209.871 0.0163666 0.00691116 0.999799 1.92787 -2.2025 12.5522 2.73108 51.4794 
27290746 -15.8021 -10.4003 212.374 -0.012215 -0.0035903 0.999919 -18.4725 -11.5311 210.001 0.0179041 0.0102451 0.999718 1.87502 -2.22376 12.8268 2.80635 51.3874 
27377947 -16.1804 -11.8333 212.383 -0.0214804 -0.00933283 0.999726 -18.5299 -12.8601 210.026 0.0157762 0.00939043 0.99976 1.81526 -2.24703 13.1507 2.88133 51.2794 
27465239 -16.5372 -13.2103 212.346 -0.0287405 -0.0144442 0.999483 -18.7853 -14.1789 210.166 0.0111104 0.00904971 0.999823 1.75781 -2.268 13.6031 2.94797 50.9984 
27552340 -16.7742 -14.5805 212.308 -0.0331167 -0.0197537 0.999256 -18.927 -15.3068 210.189 0.0074454 0.0112183 0.999827 1.70553 -2.28869 14.1207 3.00945 50.6381 
27640604 -16.6359 -15.7355 212.268 -0.0359343 -0.0264421 0.999004 -19.0794 -16.6381 210.104 0.00340296 0.0110859 0.999879 1.67105 -2.30563 14.2794 3.06346 50.5666 
27727829 -16.1716 -16.5653 212.235 -0.0358581 -0.0313929 0.998864 -18.7904 -17.7364 210.122 0.00134836 0.00729059 0.999853 1.65755 -2.31511 14.2699 3.10655 50.5936 
27815088 -15.4237 -17.0959 212.246 -0.0349471 -0.0333952 0.998831 -18.1686 -18.5458 210.13 0.00153577 0.0063017 0.999869 1.66244 -2.31397 14.1111 3.14389 50.7444 
27902318 -14.5373 -17.4294 212.24 -0.0341318 -0.0356219 0.998782 -17.4299 -19.3667 210.248 0.00127798 0.00607215 0.999876 1.67594 -2.30994 13.746 3.1775 51.0508 
27990461 -13.4555 -17.6439 212.175 -0.0328239 -0.0381929 0.998731 -16.4434 -19.9671 210.471 -0.000132851 0.00493143 0.999915 1.6972 -2.30362 13.2078 3.21284 51.4398 
28077732 -12.3244 -17.667 212.067 -0.0314023 -0.0404627 0.998687 -15.4229 -20.3275 210.354 -0.00425904 0.00125623 0.999912 1.72506 -2.29414 12.5395 3.24501 51.8874 
28164990 -11.0125 -17.5808 212.003 -0.0275427 -0.0401987 0.998812 -14.3197 -20.7987 210.239 -0.00598325 -0.0031695 0.999894 1.76298 -2.28007 11.9537 3.27977 52.2605 
28252205 -9.73243 -17.3918 211.978 -0.024294 -0.0381259 0.998978 -12.8987 -21.1822 210.119 -0.00523511 -0.00712733 0.999837 1.80377 -2.26082 11.4298 3.3151 52.6002 
28340401 -8.39774 -17.0896 211.971 -0.0212022 -0.0342154 0.99919 -11.2535 -21.3768 209.991 -0.00325503 -0.00883142 0.999845 1.85031 -2.23669 10.9218 3.35302 52.9225 
28427636 -7.22742 -16.7202 211.977 -0.0199054 -0.029754 0.999359 -9.49527 -21.5905 209.973 -0.0013053 -0.00894448 0.999824 1.89455 -2.20997 10.4519 3.38865 53.2305 
28514973 -6.04306 -16.2806 212.008 -0.0193793 -0.024894 0.999502 -8.04681 -21.5775 209.954 -0.000603017 -0.00739354 0.999908 1.94051 -2.18038 9.96616 3.42771 53.5781 
28602159 -4.96969 -15.8892 212.028 -0.0193048 -0.0214209 0.999584 -6.46469 -21.3634 209.931 -0.000907442 -0.00419733 0.999852 1.97901 -2.15482 9.50896 3.46822 53.9178 
28690383 -3.87719 -15.5387 212.035 -0.0191178 -0.0194862 0.999627 -4.99556 -21.1303 209.908 -0.00104409 -0.00235325 0.999941 2.01233 -2.1327 9.03748 3.51562 54.2814 
28777605 -2.88926 -15.2737 212.054 -0.0196005 -0.0182325 0.999642 -3.51838 -20.7779 209.883 -0.00135336 -0.0013573 0.999926 2.03704 -2.11403 8.68505 3.56618 54.5719 
28864732 -1.85774 -15.0816 212.091 -0.0199273 -0.0180722 0.999638 -2.04425 -20.5371 209.861 -0.0020282 -0.000340147 0.999915 2.05513 -2.09937 8.40089 3.62593 54.8354 
28951991 -0.903025 -14.9641 212.12 -0.0199171 -0.0183385 0.999633 -0.575224 -20.2882 209.95 -0.00200708 2.53848e-005 0.999908 2.06576 -2.09018 8.24849 3.68597 54.9847 
29039265 0.125964 -14.9007 212.132 -0.0196256 -0.0188719 0.999629 0.770982 -20.1495 209.931 -0.00159927 0.000735252 0.99989 2.07065 -2.08501 8.21674 3.75463 55.0148 
29127481 1.10997 -14.8618 212.132 -0.0192196 -0.0203076 0.999609 2.11819 -20.0131 209.912 -0.00129925 0.00169587 0.999868 2.07065 -2.08271 8.21674 3.82271 55.0148 
29214757 2.18213 -14.8448 212.138 -0.0182569 -0.0225653 0.999579 3.46842 -19.7652 209.89 -0.000632162 0.00263759 0.999964 2.06548 -2.08386 8.26913 3.89798 54.9815 
29301867 3.21054 -14.8815 212.143 -0.0173893 -0.0254009 0.999526 4.92863 -19.5293 209.867 0.000190491 0.00417917 0.999925 2.05427 -2.0876 8.40724 3.97181 54.8799 
29389129 4.29713 -15.011 212.158 -0.0167817 -0.0292028 0.999433 6.18811 -18.9566 209.841 0.000710918 0.00683854 0.999869 2.03445 -2.0942 8.68029 4.0508 54.6799 
29477370 5.35559 -15.2579 212.189 -0.0162421 -0.0341483 0.999285 7.44378 -18.4874 209.706 0.000802421 0.00842251 0.999838 2.00601 -2.10368 9.0597 4.12693 54.4195 
29564640 6.51055 -15.6748 212.261 -0.0158195 -0.0400665 0.999072 8.72052 -18.0274 209.57 -0.00137211 0.0109936 0.999816 1.96522 -2.11747 9.65978 4.20622 54.0274 
29651743 7.65918 -16.1313 212.347 -0.0137318 -0.0462968 0.998833 9.66473 -18.0937 209.783 -0.00675718 0.0130174 0.999844 1.91954 -2.13528 10.2583 4.27775 53.675 
29738972 8.90189 -16.5602 212.404 -0.00980532 -0.0526017 0.998567 10.7942 -18.3704 209.887 -0.00962476 0.0120811 0.999774 1.87013 -2.15625 10.8361 4.34813 53.3337 
29827242 10.3198 -16.9538 212.426 -0.00407839 -0.0587663 0.998263 12.0088 -18.6337 209.877 -0.0098148 0.00879126 0.999838 1.81526 -2.18067 11.4425 4.42167 52.9558 
29914491 11.7688 -17.2812 212.451 0.00117295 -0.0626346 0.998036 13.1116 -18.9967 209.983 -0.0105149 0.00516191 0.999793 1.76183 -2.20452 12.1664 4.49033 52.4669 
30001619 13.1965 -17.5146 212.447 0.00700295 -0.0650922 0.997855 14.4507 -19.2775 210.084 -0.0119679 0.00329013 0.999846 1.71156 -2.22836 12.8697 4.55267 51.9605 
30088873 14.506 -17.5445 212.432 0.0130356 -0.0659522 0.997738 15.6756 -19.3429 210.07 -0.0118813 0.00267384 0.999856 1.67163 -2.24847 13.4015 4.60897 51.5731 
30177149 15.5975 -17.1707 212.413 0.0193459 -0.0670501 0.997562 16.7794 -19.294 210.056 -0.0100604 0.00244601 0.999838 1.64922 -2.26025 13.5349 4.66212 51.5064 
30264346 16.4076 -16.4957 212.408 0.0231838 -0.0670425 0.997481 17.6782 -18.7849 210.034 -0.00739216 0.00204917 0.999935 1.6452 -2.26168 13.5126 4.70923 51.5382 
30351635 16.9659 -15.6414 212.431 0.0256408 -0.0664652 0.997459 18.5955 -18.1708 210.012 -0.0060306 0.00233697 0.999913 1.65382 -2.2568 13.3491 4.7506 51.689 
30438736 17.2917 -14.6335 212.442 0.0274764 -0.0670676 0.99737 19.405 -17.335 210.209 -0.00337304 0.00389441 0.999852 1.67306 -2.24445 12.965 4.78995 52.0033 
30527071 17.4392 -13.4053 212.398 0.0280729 -0.068128 0.997282 20.2262 -16.5706 210.297 -0.00281082 0.000927754 0.999901 1.70466 -2.2229 12.4442 4.83247 52.3478 
30614259 17.3535 -12.1222 212.336 0.0296579 -0.0666478 0.997336 20.7391 -15.3949 210.271 -0.00311205 -0.00847296 0.999837 1.74373 -2.20365 11.7712 4.86752 52.7955 
30701504 17.1702 -10.7253 212.276 0.0301781 -0.0607885 0.997694 20.9938 -14.0465 210.131 0.00161446 -0.0113143 0.999833 1.78998 -2.18699 11.1663 4.90113 53.159 
30788613 16.9142 -9.39982 212.267 0.0284797 -0.0554368 0.998056 21.1695 -12.4071 209.985 0.00493911 -0.00881517 0.999867 1.8371 -2.16746 10.6821 4.93445 53.4543 
30876877 16.5917 -8.05744 212.253 0.025488 -0.0515699 0.998344 21.1472 -10.7621 210.065 0.00588994 -0.0050781 0.999908 1.88622 -2.14247 10.2186 4.97294 53.721 
30964131 16.3256 -6.83759 212.25 0.0223609 -0.0490588 0.998546 21.0197 -9.21345 209.926 0.00517067 -0.0027136 0.999872 1.9273 -2.1192 9.88202 5.01517 53.9099 
31051377 16.0396 -5.58359 212.272 0.0192572 -0.0476193 0.99868 20.9035 -7.65201 210.009 0.00354209 -0.0012744 0.999865 1.96637 -2.09507 9.555 5.06516 54.1258 
31138650 15.8198 -4.40431 212.278 0.0178936 -0.0461541 0.998774 20.7863 -6.08475 209.981 0.00186423 -0.000688099 0.999874 1.99653 -2.07697 9.27242 5.11859 54.3179 
31226967 15.6312 -3.22564 212.295 0.0169965 -0.0453542 0.998826 20.551 -4.50949 209.955 0.000910477 -0.00026604 0.999878 2.02124 -2.06088 9.07081 5.1792 54.4639 
31314024 15.5003 -2.15412 212.297 0.0166245 -0.0444873 0.998872 20.4262 -3.03774 210.04 -0.000486273 -0.00116307 0.999912 2.0379 -2.05054 8.98191 5.23924 54.51 
31401251 15.4019 -1.05096 212.281 0.0173355 -0.0434666 0.998904 20.1763 -1.67612 210.018 -0.00125262 -0.00172989 0.999932 2.0491 -2.04393 8.93111 5.30532 54.5163 
31488565 15.3493 -0.00159434 212.267 0.0192744 -0.0421789 0.998924 20.1523 -0.215803 209.991 -0.00165338 -0.00231792 0.999948 2.0537 -2.04163 8.9073 5.37139 54.5147 
31575755 15.308 1.09841 212.26 0.0213939 -0.0405592 0.998948 19.8883 1.13868 209.968 -0.000908157 -0.00211662 0.999935 2.05399 -2.04249 8.96604 5.44234 54.4513 
31663881 15.3077 2.15178 212.241 0.0232505 -0.0389768 0.99897 19.6254 2.49309 209.946 -0.000284789 -0.00190826 0.999923 2.04881 -2.0468 9.1486 5.51158 54.2687 
31751248 15.3827 3.23793 212.231 0.0250972 -0.0377546 0.998972 19.1581 4.08077 209.81 -0.000392569 -0.00165751 0.99992 2.03646 -2.05456 9.49944 5.58397 53.9512 
31838363 15.5786 4.25902 212.262 0.0268119 -0.0364859 0.998974 18.9068 5.42334 209.565 -0.00131112 -0.000626231 0.999912 2.01578 -2.0672 10.0074 5.65062 53.5464 
31925632 15.8611 5.33823 212.346 0.0295831 -0.0370572 0.998875 18.6058 6.75032 209.655 -0.00841145 0.00345304 0.999921 1.9882 -2.07812 10.6663 5.72186 53.0685 
32013869 16.1945 6.37808 212.427 0.0353832 -0.0393718 0.998598 18.5096 8.00938 209.747 -0.0142755 0.00146552 0.999786 1.95689 -2.08329 11.2806 5.79195 52.6431 
32101066 16.5763 7.52376 212.473 0.0441234 -0.0394503 0.998247 18.4723 9.08121 209.84 -0.0158757 -0.0050457 0.999806 1.91811 -2.09162 11.7934 5.86406 52.3065 
32188262 16.9645 8.68805 212.492 0.0520496 -0.0367365 0.997969 18.516 10.2488 209.93 -0.013506 -0.0105646 0.999758 1.8753 -2.10627 12.2934 5.92927 51.9748 
32275516 17.3171 9.95684 212.516 0.0579154 -0.0312385 0.997833 18.7586 11.2646 210.02 -0.0092528 -0.013134 0.999755 1.82848 -2.12839 12.8348 5.99189 51.6287 
32363761 17.6428 11.3808 212.519 0.0629251 -0.0241563 0.997726 19.0155 12.3721 209.995 -0.0059893 -0.0138098 0.99985 1.77619 -2.15482 13.4174 6.05682 51.2445 
32451020 17.868 12.9037 212.495 0.0657311 -0.0168605 0.997695 19.1738 13.4716 210.084 -0.00396918 -0.0127045 0.999804 1.7242 -2.1824 14.1016 6.12116 50.7397 
32538170 18.0361 14.3887 212.481 0.0676204 -0.010472 0.997656 19.3478 14.6855 210.059 -0.00308098 -0.0121447 0.999783 1.67479 -2.20653 14.7826 6.18235 50.238 
32625392 17.8992 15.6272 212.45 0.0684569 -0.00425529 0.997645 19.4133 16.015 210.144 -0.00167571 -0.0111235 0.999869 1.64175 -2.22348 15.1938 6.23492 49.9253 
32713653 17.3806 16.6086 212.42 0.0686483 0.00145498 0.99764 19.1285 17.1279 210.015 -0.000215611 -0.00912991 0.999814 1.6271 -2.23324 15.2779 6.2829 49.8665 
32800884 16.6293 17.2768 212.433 0.0674576 0.00432817 0.997713 18.6146 18.027 210.003 0.000671875 -0.00648945 0.999876 1.62997 -2.23382 15.2636 0.0393561 49.884 
32888108 15.6498 17.8012 212.458 0.0654803 0.00627684 0.997834 17.866 18.8312 210.107 0.00228347 -0.00401322 0.999932 1.64348 -2.2298 15.1494 0.0787122 49.9729 
32975274 14.56 18.088 212.456 0.063037 0.00728921 0.997985 17.0021 19.5361 210.105 0.00347874 -0.00237099 0.999886 1.66674 -2.22175 14.9112 0.113185 50.1205 
33063551 13.2582 18.1969 212.438 0.0601394 0.00708356 0.998165 16.1357 20.1383 210.216 0.00438805 -0.0014457 0.999858 1.70007 -2.2094 14.5588 0.149381 50.3253 
33150764 11.8965 18.1598 212.364 0.0568286 0.00710567 0.998359 15.0483 20.6268 210.33 0.00441549 0.00112238 0.999931 1.73914 -2.19475 14.0873 0.185577 50.5746 
33238003 10.46 17.9425 212.311 0.0546128 0.00473285 0.998496 13.3204 21.131 210.23 0.001135 0.00571368 0.999885 1.78682 -2.17234 13.6111 0.223784 50.819 
33325227 9.06641 17.5778 212.29 0.0527938 0.000913062 0.998605 11.6698 21.3352 210.135 -0.000563974 0.00593444 0.999901 1.83825 -2.14649 13.157 0.260842 51.0651 
33413369 7.86837 17.2625 212.268 0.0542071 -0.00210907 0.998527 10 21.4413 210.041 -0.000878078 0.00473014 0.999928 1.88076 -2.11977 12.7332 0.30106 51.3128 
33500615 6.67746 16.9171 212.257 0.0545089 -0.00410316 0.998505 8.5333 21.3095 210.062 -0.000311019 0.00396374 0.999935 1.92127 -2.09708 12.2887 0.342427 51.6049 
33587877 5.45594 16.5774 212.262 0.0541019 -0.00641498 0.998515 7.05994 21.1805 210.082 0.000973111 0.00291126 0.99994 1.95919 -2.07725 11.9426 0.388965 51.8319 
33675198 4.31701 16.2766 212.251 0.0532871 -0.00792478 0.998548 5.58104 20.9378 209.993 0.00201352 0.00187292 0.999946 1.99021 -2.0626 11.66 0.436652 52.0081 
33762450 3.11155 16.0178 212.254 0.0515379 -0.00881905 0.998632 4.11107 20.8086 210.013 0.00293208 0.000841639 0.999955 2.01607 -2.05341 11.4473 0.492095 52.1494 
33850518 1.98601 15.803 212.249 0.0497419 -0.00902649 0.998721 2.75227 20.6683 210.032 0.00387879 0.000297736 0.999953 2.03503 -2.04853 11.2981 0.5484 52.2415 
33937776 0.799059 15.651 212.23 0.0473512 -0.00836904 0.998843 1.27715 20.4299 210.056 0.00465993 -0.000972457 0.999846 2.04709 -2.0491 11.2219 0.612461 52.2668 
34025004 -0.3114 15.5326 212.217 0.0445731 -0.00726448 0.99898 -0.19062 20.2994 210.076 0.0053418 -0.00186776 0.999854 2.05312 -2.0537 11.1949 0.674799 52.2668 
34112258 -1.48634 15.4601 212.191 0.0410937 -0.00516932 0.999142 -1.43346 20.1524 210.094 0.00580108 -0.0023834 0.999858 2.05255 -2.06289 11.2044 0.743169 52.2335 
34200393 -2.61746 15.421 212.167 0.0373377 -0.00339245 0.999297 -2.90867 19.8947 210.005 0.00644557 -0.00180951 0.999839 2.04652 -2.07524 11.3076 0.809816 52.1256 
34287644 -3.81214 15.4203 212.129 0.0326885 -0.00145826 0.999465 -4.37499 19.7517 209.914 0.00682522 -0.00158702 0.999831 2.03388 -2.09219 11.4854 0.87991 51.9494 
34374894 -4.89276 15.4552 212.111 0.0283208 0.000178953 0.999599 -5.84348 19.4925 209.824 0.00674708 -0.000846597 0.99994 2.01722 -2.10972 11.7204 0.942823 51.7493 
34462159 -6.06081 15.5352 212.137 0.0235901 0.00101492 0.999721 -7.17172 19.353 209.621 0.00411618 -0.00191895 0.99987 1.99395 -2.13097 12.1077 1.00889 51.4667 
34550282 -7.12922 15.687 212.215 0.0236895 0.00418305 0.999711 -8.94373 18.9011 209.656 -0.0131819 -0.0133975 0.999685 1.96694 -2.14132 12.5633 1.07554 51.1794 
34637526 -8.23727 15.9458 212.279 0.0303039 0.0124752 0.999463 -10.1764 18.5936 209.791 -0.0150554 -0.0203843 0.999595 1.93362 -2.13643 13.1428 1.15368 50.773 
34724795 -9.29757 16.2843 212.315 0.0355741 0.023042 0.999101 -11.3956 18.3367 209.921 -0.00570605 -0.0215353 0.999625 1.89627 -2.13241 13.6825 1.22435 50.392 
34812055 -10.5099 16.7171 212.323 0.0368504 0.0344953 0.998725 -12.1249 18.3472 209.928 0.000830632 -0.0184865 0.999733 1.84887 -2.13729 14.2397 1.29415 50.0047 
34900279 -11.7569 17.0781 212.327 0.0342944 0.0417122 0.998541 -13.6449 18.6704 210.048 0.0107298 -0.00805066 0.999782 1.8009 -2.15252 14.8192 1.35477 49.5998 
34987417 -13.0462 17.3931 212.329 0.0280922 0.0438353 0.998644 -14.8947 18.9941 210.055 0.0153968 0.000730144 0.999805 1.75092 -2.17924 15.4526 1.40676 49.1522 
35074622 -14.2378 17.5382 212.314 0.0209665 0.0431322 0.998849 -15.8805 19.2487 210.062 0.0149494 0.00356789 0.999757 1.70869 -2.20681 15.9717 1.45158 48.7759 
35161912 -15.1995 17.3088 212.29 0.014264 0.0413586 0.999043 -16.7577 19.2893 210.072 0.0134286 0.00475634 0.999753 1.6857 -2.22692 16.1844 1.49094 48.6251 
35250139 -16.0191 16.6863 212.273 0.00779891 0.0378397 0.999253 -17.5401 18.9982 210.086 0.0116093 0.00498646 0.999893 1.67996 -2.241 16.1939 1.52914 48.6235 
35337439 -16.6573 15.7666 212.285 0.00283534 0.0329116 0.999454 -18.2345 18.4727 210.104 0.0109203 0.00575992 0.999887 1.688 -2.25019 16.0558 1.56591 48.7458 
35424531 -17.0793 14.7491 212.287 -0.00141477 0.0285982 0.99959 -19.0636 17.607 210.242 0.0108104 0.00808909 0.999845 1.70409 -2.25479 15.7494 1.59866 48.9966 
35511786 -17.2943 13.6402 212.239 -0.00552329 0.0241449 0.999693 -19.6602 16.5213 210.382 0.00827949 0.00872485 0.999864 1.72793 -2.2568 15.2732 1.62739 49.3395 
35600053 -17.3615 12.3737 212.158 -0.00686007 0.0208923 0.999758 -20.2042 15.3836 210.299 -0.000882917 0.00252988 0.999969 1.76068 -2.24962 14.7366 1.66071 49.676 
35687269 -17.3121 10.9601 212.096 -0.00591619 0.0182153 0.999817 -20.7997 13.9685 210.111 -0.00605172 0.00197144 0.999921 1.80061 -2.23554 14.1794 1.70007 50.0253 
35774404 -17.0413 9.77851 212.097 -0.00160594 0.018993 0.999818 -21.2292 12.4982 210.032 -0.00495235 0.00618652 0.999828 1.84284 -2.21084 13.6857 1.73368 50.365 
35861668 -16.7201 8.54459 212.101 0.000761507 0.0155019 0.99988 -21.3291 11.0064 210.06 -0.00321406 0.0108559 0.999841 1.88622 -2.19561 13.1602 1.76384 50.7428 
35949918 -16.386 7.26812 212.106 0.00321936 0.00977337 0.999947 -21.1805 9.76588 210.082 -0.00283441 0.0110784 0.999833 1.92902 -2.18556 12.6808 1.79573 51.0826 
36037161 -16.0906 5.90572 212.08 0.00445206 0.00380572 0.999983 -21.0589 8.12077 209.999 -0.00247851 0.00665672 0.999911 1.96809 -2.17952 12.1522 1.83681 51.4572 
36124473 -15.824 4.75695 212.077 0.00641114 0.00280987 0.999976 -20.9157 6.68882 210.026 -0.00290672 0.00350061 0.999854 1.99883 -2.16688 11.7013 1.88249 51.8033 
36211543 -15.5978 3.5773 212.063 0.00779684 0.00141752 0.999969 -20.6733 5.11883 210.052 -0.00271931 0.00251173 0.99987 2.02468 -2.15798 11.3044 1.93506 52.1033 
36298897 -15.4204 2.37059 212.037 0.00869498 0.000395805 0.999962 -20.5427 3.54975 209.968 -0.00263265 0.00189544 0.99988 2.04451 -2.15166 10.9774 1.99624 52.343 
36387092 -15.277 1.2737 212.036 0.00963517 -0.000338473 0.999954 -20.4221 1.98341 209.996 -0.0013274 0.0012085 0.999877 2.05801 -2.14792 10.7742 2.05686 52.505 
36474333 -15.1563 0.102241 212.035 0.0102275 -0.00133863 0.999947 -20.2919 0.524897 210.022 -0.000366614 0.000908282 0.999871 2.06663 -2.14764 10.6377 2.1258 52.6161 
36561583 -15.0716 -0.971131 212.029 0.0101184 -0.00195217 0.999947 -20.1649 -0.932288 210.048 0.00095271 0.000465025 0.999864 2.06921 -2.14936 10.5615 2.19302 52.678 
36648715 -15.0128 -2.07693 212.016 0.00919193 -0.00228387 0.999955 -20.0373 -2.39397 209.962 0.00204239 0.000279588 0.999854 2.06634 -2.15281 10.5281 2.2657 52.705 
36736939 -14.9801 -3.10493 212.007 0.00769157 -0.00296792 0.999966 -19.905 -3.85717 209.987 0.00278911 0.000483173 0.999963 2.05887 -2.15855 10.5377 2.33436 52.7066 
36824236 -14.9737 -4.17565 211.996 0.00530121 -0.00360514 0.999979 -19.6539 -5.21772 210.009 0.00342655 0.00093522 0.999947 2.04594 -2.16573 10.5853 2.40733 52.6828 
36911416 -15.0282 -5.2028 211.985 0.00258087 -0.00453383 0.999986 -19.5056 -6.46043 209.919 0.00368435 0.00116478 0.999939 2.02727 -2.17521 10.7202 2.47714 52.5907 
36998687 -15.1142 -6.32791 211.99 -0.000289699 -0.00564619 0.999984 -19.4604 -7.5922 209.828 0.00374065 0.00213953 0.99992 2.00228 -2.18699 10.9663 2.55211 52.4272 
37086973 -15.2424 -7.46573 212.009 -0.00325421 -0.0074996 0.999967 -19.2019 -8.84357 209.737 0.00413438 0.00260571 0.999907 1.97183 -2.20164 11.2901 2.62451 52.2224 
37174081 -15.4521 -8.71425 212.065 -0.00676672 -0.00953148 0.999932 -18.8444 -9.98094 209.642 0.00655043 0.00209886 0.999887 1.93218 -2.21888 11.7489 2.70034 51.9541 
37261281 -15.7369 -9.94338 212.142 -0.0112297 -0.0104867 0.999882 -18.6336 -11.3313 209.777 0.0116614 0.00168025 0.999833 1.88737 -2.23382 12.2966 2.77245 51.6398 
37348530 -16.0973 -11.3083 212.182 -0.0181712 -0.0120896 0.999762 -18.5976 -12.4695 209.909 0.0130067 0.00380278 0.999776 1.83307 -2.2499 12.8459 2.84829 51.3207 
37436782 -16.4017 -12.6595 212.2 -0.0242019 -0.0148067 0.999597 -18.7632 -13.7146 209.934 0.0112133 0.0065987 0.999868 1.78022 -2.26657 13.3968 2.91723 50.9794 
37523919 -16.6849 -14.1293 212.222 -0.0299626 -0.0199114 0.999353 -18.9152 -14.9629 210.071 0.00810616 0.00995742 0.999843 1.72305 -2.28754 13.9317 2.98589 50.6778 
37611161 -16.6617 -15.3 212.202 -0.0329682 -0.0256457 0.999127 -19.1912 -16.3042 210.099 0.00552382 0.0118187 0.999839 1.68513 -2.30449 14.2016 3.0399 50.5285 
37698411 -16.2652 -16.223 212.172 -0.034247 -0.0312139 0.998926 -18.9125 -17.4235 210.117 0.00457931 0.0102842 0.999879 1.66617 -2.3154 14.1873 3.0873 50.5825 
37786640 -15.6192 -16.8304 212.17 -0.0344339 -0.0345539 0.998809 -18.4142 -18.4346 210.13 0.00467521 0.00771132 0.999926 1.66473 -2.31741 14.0063 3.12637 50.7651 
37873917 -14.754 -17.23 212.171 -0.0353695 -0.0371968 0.998682 -17.6819 -19.2483 210.248 0.00510634 0.0067083 0.99994 1.67479 -2.31253 13.5888 3.16429 51.1413 
37961017 -13.8206 -17.4119 212.113 -0.0367189 -0.039847 0.998531 -16.6941 -19.964 210.474 0.00286213 0.00598029 0.999859 1.69231 -2.30391 12.9872 3.19761 51.6112 
38048283 -12.6847 -17.4343 212.01 -0.0364053 -0.0427631 0.998422 -15.8803 -20.3282 210.36 -0.00299338 0.0041169 0.999843 1.72018 -2.29299 12.222 3.23065 52.1573 
38135531 -11.4532 -17.3724 211.938 -0.0338166 -0.0443012 0.998446 -14.7507 -20.6767 210.242 -0.00686661 -0.001529 0.999874 1.75436 -2.28007 11.5251 3.26426 52.6415 
38223784 -10.1078 -17.1758 211.91 -0.0292035 -0.0426057 0.998665 -13.3249 -21.1517 210.012 -0.00747783 -0.00785305 0.999878 1.7986 -2.26111 10.9663 3.29844 53.0003 
38310919 -8.86877 -16.8955 211.931 -0.0253079 -0.0380993 0.998953 -11.6802 -21.4536 209.997 -0.00599925 -0.00977257 0.999896 1.84428 -2.23755 10.5662 3.33119 53.2463 
38398156 -7.62005 -16.5128 211.935 -0.0220835 -0.0334581 0.999196 -10.0243 -21.5644 209.979 -0.0043236 -0.00828045 0.999848 1.89283 -2.21141 10.0916 3.36509 53.5416 
38485423 -6.46887 -16.1251 211.941 -0.0197726 -0.0296132 0.999366 -8.46827 -21.447 209.957 -0.00251755 -0.00667127 0.999918 1.93678 -2.1867 9.60739 3.39985 53.8702 
38573673 -5.30804 -15.7416 211.942 -0.0183024 -0.026256 0.999488 -6.9002 -21.2183 209.822 -0.00145822 -0.00526566 0.999878 1.97786 -2.16171 9.11368 3.44122 54.2179 
38660968 -4.2424 -15.4434 211.973 -0.0172059 -0.0240627 0.999562 -5.43043 -20.9763 209.911 -0.00151673 -0.004162 0.999858 2.00975 -2.1416 8.69775 3.48632 54.556 
38748217 -3.21862 -15.2212 211.999 -0.0168645 -0.0223755 0.999607 -4.07319 -20.7253 209.89 -0.0016034 -0.00354571 0.999848 2.03416 -2.12408 8.38501 3.53803 54.8148 
38836395 -2.14522 -15.0296 212.034 -0.0165071 -0.0207452 0.999649 -2.48897 -20.4943 209.865 -0.00213378 -0.00216781 0.999951 2.05427 -2.10914 8.16911 3.59835 55.0053 
38923608 -1.18517 -14.9136 212.056 -0.0166442 -0.0202152 0.999657 -1.1384 -20.3605 209.958 -0.00204931 -0.00070568 0.999922 2.06605 -2.09851 8.03894 3.65868 55.1228 
39010814 -0.14887 -14.8487 212.066 -0.0166004 -0.0203979 0.999654 0.217377 -20.1151 209.937 -0.00197893 0.000512761 0.999898 2.07208 -2.09162 7.9929 3.7282 55.1624 
39098047 0.854113 -14.8161 212.068 -0.0162829 -0.0215402 0.999635 1.67695 -19.9887 209.917 -0.00177964 0.00184598 0.999871 2.07266 -2.08846 7.98973 3.79801 55.1656 
39185206 1.91692 -14.7848 212.078 -0.0158652 -0.0235661 0.999596 3.02068 -19.8533 209.897 -0.00110552 0.00290954 0.999965 2.06921 -2.08702 8.01513 3.87385 55.1577 
39273417 2.98214 -14.8078 212.092 -0.0153724 -0.026399 0.999533 4.37192 -19.6076 209.876 -0.000547697 0.00409972 0.999936 2.05916 -2.08875 8.12943 3.9517 55.0847 
39360659 4.0067 -14.886 212.111 -0.0146884 -0.0293659 0.999461 5.73471 -19.1425 209.85 0.000153098 0.00564836 0.999898 2.04336 -2.09392 8.35802 4.02639 54.9212 
39447963 5.08371 -15.1037 212.131 -0.0139171 -0.0338079 0.999331 6.88365 -18.6661 209.827 -0.000113934 0.00737538 0.999869 2.01664 -2.1034 8.71998 4.10452 54.6608 
39535167 6.26729 -15.4683 212.167 -0.0128221 -0.0394279 0.99914 8.15078 -18.1953 209.692 -0.00125509 0.00878632 0.999856 1.97786 -2.11776 9.25973 4.18668 54.283 
39623326 7.43553 -15.9019 212.236 -0.0111018 -0.043979 0.998971 9.09761 -18.0357 209.677 -0.00582939 0.0100296 0.999889 1.93362 -2.13643 9.95505 4.26022 53.8147 
39710571 8.82071 -16.3987 212.309 -0.00680763 -0.0499638 0.998728 10.0212 -18.2023 209.782 -0.00983108 0.010626 0.999804 1.87789 -2.16171 10.6678 4.33894 53.3797 
39797790 10.1861 -16.8027 212.337 -0.000665896 -0.0556676 0.998449 11.4821 -18.6054 209.884 -0.0130924 0.00922344 0.999748 1.82331 -2.18785 11.2425 4.40961 53.0384 
39885064 11.6218 -17.144 212.355 0.00620583 -0.0595819 0.998204 12.9062 -18.8787 209.984 -0.0116983 0.00584179 0.999794 1.76815 -2.21572 11.8712 4.47711 52.6415 
39973228 12.9964 -17.385 212.381 0.0116177 -0.0612995 0.998052 14.1102 -19.1482 209.974 -0.0107494 0.00321947 0.999832 1.71932 -2.23899 12.5792 4.53773 52.1557 
40060433 14.4372 -17.5217 212.356 0.0177463 -0.0632469 0.99784 15.3302 -19.3194 210.074 -0.0106838 0.00223765 0.99985 1.67163 -2.26111 13.211 4.59978 51.689 
40147696 15.5203 -17.2979 212.339 0.023198 -0.0639943 0.997681 16.5484 -19.3821 210.06 -0.00988007 0.00133528 0.999857 1.6452 -2.27404 13.4745 4.65005 51.5112 
40234975 16.377 -16.7107 212.326 0.027459 -0.063604 0.997597 17.5545 -18.991 210.041 -0.00745699 0.000950277 0.999835 1.63687 -2.27863 13.5047 4.69659 51.5001 
40322170 16.9613 -15.9302 212.34 0.0298849 -0.0624681 0.997599 18.4707 -18.3757 210.017 -0.00597913 0.00111147 0.999936 1.64261 -2.27605 13.3983 4.73623 51.5969 
40410323 17.379 -14.9136 212.356 0.0321074 -0.0618711 0.997568 19.1734 -17.747 210.108 -0.00534872 0.00144167 0.999922 1.65899 -2.26743 13.0697 4.77702 51.8747 
40497585 17.5604 -13.7598 212.341 0.033642 -0.0614481 0.997543 20.109 -16.9003 210.304 -0.00426608 0.00113439 0.999915 1.68599 -2.25278 12.5649 4.81523 52.2526 
40584803 17.5132 -12.3849 212.277 0.035018 -0.0606491 0.997545 20.6984 -16.0004 210.281 -0.00219861 -0.0032667 0.99985 1.72564 -2.23123 11.8299 4.85488 52.7558 
40673110 17.3167 -11.0662 212.222 0.0352305 -0.0580207 0.997694 21.298 -14.331 210.131 0.00346757 -0.0067738 0.999847 1.77016 -2.2094 11.1663 4.88877 53.1828 
40760411 16.9754 -9.71185 212.197 0.0326028 -0.0542507 0.997995 21.4759 -12.774 210.1 0.00601252 -0.00716588 0.999823 1.82273 -2.18268 10.5948 4.92152 53.5226 
40847466 16.6391 -8.49481 212.207 0.0294033 -0.0509956 0.998266 21.366 -10.9994 209.955 0.00478618 -0.00513635 0.999922 1.87042 -2.15712 10.1376 4.95398 53.8083 
40934697 16.3156 -7.27932 212.226 0.0268704 -0.0488408 0.998445 21.1316 -9.54857 210.042 0.00319279 -0.00308793 0.999903 1.91495 -2.13097 9.66295 4.99277 54.1369 
41021936 16.0524 -6.14371 212.212 0.0253491 -0.0472897 0.99856 20.897 -7.98018 210.016 0.00215941 -0.00192774 0.999894 1.95172 -2.10828 9.24067 5.03557 54.4132 
41110192 15.8106 -4.94264 212.208 0.0243871 -0.0459821 0.998645 20.7617 -6.62975 209.992 0.00105565 -0.00198599 0.999908 1.98533 -2.08645 8.84856 5.08785 54.6878 
41197427 15.6443 -3.81765 212.206 0.0242387 -0.0446214 0.99871 20.5109 -5.16538 209.968 0.00107677 -0.00162046 0.999901 2.01003 -2.07036 8.56757 5.14358 54.8878 
41284586 15.5936 -2.65059 212.2 0.0250363 -0.0426637 0.998776 20.3704 -3.7074 209.942 0.00121974 -0.00126199 0.999893 2.02526 -2.06145 8.42629 5.20879 54.9783 
41371829 15.4225 -1.5316 212.236 0.0234086 -0.0420029 0.998843 20.2434 -2.13388 209.914 0.000603412 -0.0013485 0.999902 2.04307 -2.0491 8.412 5.27343 54.9831 
41460074 15.3617 -0.317799 212.237 0.0242918 -0.0383786 0.998968 19.9913 -0.771094 210.003 0.000209683 -0.00181468 0.999915 2.04996 -2.04996 8.43423 5.34525 54.9497 
41547334 15.3515 0.722312 212.235 0.0254667 -0.0383767 0.998939 19.8475 0.68821 209.977 0.000711193 -0.00159926 0.999905 2.05054 -2.0468 8.56122 5.41563 54.8227 
41634459 15.3832 1.78312 212.213 0.0265799 -0.0370289 0.998961 19.4848 2.15348 209.843 0.000631567 -0.000861128 0.999892 2.04537 -2.05054 8.80888 5.48601 54.5751 
41721680 15.4823 2.87375 212.219 0.0281565 -0.0355316 0.998972 19.1139 3.5154 209.71 0.000746386 -0.000990038 0.999893 2.03301 -2.05858 9.16924 5.55869 54.2655 
41809934 15.6793 3.91507 212.268 0.0284106 -0.0349692 0.998984 18.7757 4.97129 209.575 -0.00196485 0.000756449 0.999894 2.01377 -2.07007 9.78678 5.62735 53.7702 
41897206 15.9828 5.00184 212.345 0.0316138 -0.0355394 0.998868 18.6046 6.41504 209.663 -0.0103627 0.0035638 0.999821 1.9859 -2.08041 10.417 5.70031 53.3146 
41984453 16.3339 6.01608 212.417 0.0378662 -0.0380036 0.99856 18.4898 7.56792 209.755 -0.0149129 0.00101347 0.999802 1.95488 -2.08444 10.9869 5.77041 52.9225 
42071569 16.7506 7.16429 212.451 0.0467176 -0.0377021 0.998196 18.3431 8.75893 209.959 -0.0158968 -0.00541123 0.999813 1.91495 -2.09392 11.487 5.84309 52.5907 
42159814 17.1447 8.31304 212.463 0.0547205 -0.0348249 0.997894 18.4917 9.80872 209.939 -0.013663 -0.0111667 0.999771 1.87272 -2.10857 11.9537 5.9083 52.2827 
42247062 17.5014 9.61768 212.463 0.0620927 -0.02813 0.997674 18.7439 10.9312 210.026 -0.00974727 -0.0132276 0.999762 1.82446 -2.13155 12.3744 5.97437 52.0367 
42334330 17.798 10.9332 212.466 0.0661371 -0.0222891 0.997562 18.9978 12.0264 210.001 -0.00616263 -0.0125773 0.999829 1.77792 -2.15453 12.9808 6.03527 51.6128 
42421586 18.0684 12.3715 212.454 0.0700064 -0.0161476 0.997416 19.15 13.1387 210.09 -0.00348879 -0.0128546 0.999801 1.72822 -2.17837 13.6285 6.09847 51.1461 
42509972 18.2639 13.8445 212.436 0.0715575 -0.00966824 0.99739 19.3221 14.3584 210.065 -0.00239207 -0.0129182 0.999789 1.67881 -2.20337 14.3381 6.1588 50.6143 
42596976 18.2286 15.2575 212.405 0.0727001 -0.00246374 0.997351 19.4968 15.5847 210.152 -0.00144536 -0.0134621 0.999788 1.63773 -2.22434 14.8557 6.2174 50.2285 
42684227 17.8357 16.2851 212.363 0.0731745 0.00389628 0.997312 19.3285 16.6986 210.132 -0.000384541 -0.0120542 0.999871 1.61791 -2.23669 14.9811 6.26509 50.1364 
42771481 17.124 17.0917 212.349 0.0719379 0.00855466 0.997372 18.8232 17.7079 210.119 0.000264783 -0.00928002 0.999811 1.61504 -2.24157 14.9715 0.0252798 50.1428 
42858708 16.2522 17.6495 212.353 0.070539 0.0115382 0.997442 18.1856 18.3996 210.113 0.00109596 -0.00761431 0.999891 1.62423 -2.23956 14.8366 0.0631996 50.2475 
42946868 15.1374 18.0779 212.347 0.0684792 0.0144668 0.997548 17.3242 19.1101 210.11 0.00201231 -0.00656717 0.999861 1.64319 -2.2341 14.5509 0.102556 50.4539 
43034123 13.9603 18.2871 212.31 0.0662326 0.0166864 0.997665 16.4652 19.8179 210.329 0.00297239 -0.00478668 0.999938 1.66962 -2.2252 14.1492 0.13789 50.7159 
43121346 12.6168 18.3867 212.217 0.0638154 0.0190783 0.997779 15.3936 20.503 210.328 0.00253835 0.000375461 0.999968 1.70237 -2.21342 13.6158 0.177246 51.027 
43208578 11.1845 18.168 212.197 0.0618321 0.0159118 0.99796 13.8786 21.0975 210.224 0.00102018 0.00584259 0.999884 1.75092 -2.18757 13.1507 0.214591 51.281 
43296732 9.88167 17.8573 212.171 0.0612954 0.0124766 0.998042 12.2168 21.4017 210.127 0.00122651 0.00729765 0.999854 1.79975 -2.15884 12.7046 0.250213 51.516 
43383997 8.53972 17.4815 212.171 0.0602145 0.00815651 0.998152 10.5405 21.4944 210.034 0.00160616 0.00752014 0.999845 1.85089 -2.12983 12.295 0.288707 51.7366 
43471251 7.34006 17.1083 212.172 0.0591674 0.00452518 0.998238 8.9616 21.376 210.055 0.00225284 0.00601562 0.999866 1.8957 -2.10512 11.9299 0.325765 51.9446 
43558469 6.13949 16.7501 212.164 0.0581508 0.00139868 0.998307 7.38168 21.1426 209.967 0.00217542 0.00467533 0.999892 1.93678 -2.083 11.6013 0.367707 52.1271 
43646715 4.95334 16.4325 212.158 0.0569065 -0.000596281 0.998379 5.92117 21.0196 209.987 0.00207687 0.00296952 0.999925 1.97183 -2.06548 11.3028 0.414532 52.3081 
43733865 3.85079 16.1881 212.152 0.0558193 -0.00170704 0.998439 4.45296 20.7831 210.009 0.00211427 0.00150032 0.999952 1.99854 -2.05284 11.0901 0.463942 52.4351 
43821101 2.7418 15.989 212.142 0.0543454 -0.00223513 0.99852 3.09053 20.5404 210.032 0.00275947 -6.49485e-006 0.99985 2.01951 -2.04479 10.9504 0.518236 52.5066 
43908401 1.57011 15.8291 212.129 0.0525057 -0.00189965 0.998619 1.84254 20.4028 210.05 0.00377172 -0.00153222 0.999867 2.03503 -2.04106 10.8631 0.580287 52.5399 
43996613 0.377524 15.7091 212.131 0.05026 -0.000778288 0.998736 0.375292 20.2633 209.958 0.00425212 -0.00168232 0.999864 2.04422 -2.04192 10.8345 0.647221 52.5478 
44083861 -0.763283 15.6535 212.133 0.0471922 0.00109495 0.998885 -0.982966 20.1128 209.978 0.00514032 -0.00112256 0.999842 2.04565 -2.04853 10.8631 0.713293 52.5193 
44170984 -1.86979 15.6219 212.119 0.0441223 0.00272 0.999022 -2.4538 19.9688 209.997 0.00615186 -0.000567579 0.999942 2.04221 -2.05772 10.9822 0.778791 52.4002 
44258270 -3.0473 15.6208 212.093 0.0398309 0.00401067 0.999198 -3.9227 19.8202 209.906 0.00681042 0.00025 0.999918 2.03273 -2.07266 11.2012 0.847449 52.1875 
44346478 -4.12045 15.6446 212.104 0.0357715 0.00441007 0.99935 -5.28442 19.5525 209.816 0.00723231 0.00120356 0.999895 2.01951 -2.08903 11.5124 0.909212 51.9335 
44433748 -5.29252 15.7186 212.155 0.0310348 0.00481387 0.999507 -6.91781 19.3462 209.618 0.000776741 -0.00258108 0.999923 1.99912 -2.10972 11.922 0.975284 51.6446 
44521006 -6.3357 15.8748 212.228 0.0326392 0.00789215 0.999436 -8.2852 19.0613 209.755 -0.0105728 -0.01061 0.999845 1.97527 -2.11632 12.4252 1.04279 51.2953 
44608142 -7.48876 16.0793 212.285 0.0372443 0.0141262 0.999206 -9.43085 18.8367 209.886 -0.00912874 -0.0152195 0.999792 1.94568 -2.11632 13.0205 1.12007 50.8571 
44696349 -8.64331 16.3347 212.314 0.0395053 0.0210495 0.998998 -10.7646 18.4736 209.908 -0.000273845 -0.016464 0.99983 1.91092 -2.12121 13.6079 1.19074 50.4174 
44783601 -9.89037 16.7034 212.315 0.0369444 0.029137 0.998892 -11.8255 18.51 210.03 0.00611134 -0.0138979 0.999826 1.86496 -2.13672 14.1095 1.25738 50.0729 
44870850 -11.1215 17.035 212.298 0.0329716 0.0349514 0.998845 -13.0803 18.7472 210.04 0.010622 -0.00779991 0.999779 1.81871 -2.15597 14.6334 1.31656 49.6951 
44958008 -12.4616 17.3218 212.283 0.0262 0.0369845 0.998972 -14.4358 18.98 210.05 0.0139789 -0.000532417 0.999846 1.76901 -2.18412 15.2462 1.37229 49.249 
45046269 -13.7332 17.4989 212.281 0.0191914 0.0354282 0.999188 -15.427 19.3376 210.055 0.0148064 0.00320942 0.999766 1.72449 -2.21371 15.8748 1.42027 48.7855 
45133498 -14.8686 17.3343 212.272 0.0117471 0.0336397 0.999365 -16.4065 19.5039 210.064 0.0129926 0.0035591 0.999781 1.69461 -2.23784 16.1844 1.46594 48.5775 
45220708 -15.7243 16.7978 212.252 0.00535913 0.0309143 0.999508 -17.4115 19.2109 210.081 0.0111429 0.00538026 0.999892 1.68542 -2.25249 16.2177 1.50501 48.5616 
45307971 -16.3524 15.9765 212.261 0.0011059 0.026312 0.999653 -18.2227 18.6762 210.1 0.01104 0.00783127 0.999847 1.69174 -2.26111 16.132 1.53977 48.6346 
45396126 -16.8034 15.0379 212.262 -0.00370494 0.020339 0.999786 -18.8365 17.9054 210.122 0.0122845 0.0103264 0.999785 1.70553 -2.27001 15.9018 1.56879 48.8188 
45483388 -17.1266 13.8398 212.231 -0.00989383 0.0128865 0.999868 -19.3289 17.14 210.254 0.0126127 0.0117744 0.999754 1.72908 -2.27978 15.4319 1.5978 49.176 
45570594 -17.2986 12.5991 212.155 -0.0143199 0.00742804 0.99987 -19.9769 15.9203 210.286 0.00209799 0.00333505 0.999918 1.75695 -2.28294 14.8525 1.62854 49.5808 
45657913 -17.256 11.2628 212.091 -0.012465 0.00725413 0.999896 -20.425 14.647 210.206 -0.00610027 -0.000962175 0.999854 1.79429 -2.26542 14.2461 1.66847 49.9856 
45745124 -17.0997 9.97478 212.06 -0.00877979 0.00738924 0.999934 -21.0668 13.0784 210.131 -0.00683434 0.00323934 0.999906 1.83394 -2.24387 13.719 1.70811 50.3364 
45833315 -16.8087 8.66198 212.065 -0.00460721 0.00556856 0.999974 -21.1623 11.7027 210.045 -0.00501642 0.00717063 0.999932 1.87846 -2.22319 13.2142 1.74488 50.6889 
45920522 -16.495 7.37244 212.065 -0.00206504 0.00167989 0.999996 -21.1544 10.2388 210.072 -0.00288148 0.00814711 0.999888 1.92069 -2.20997 12.6744 1.78022 51.0826 
46007734 -16.1976 6.04726 212.03 -0.0007091 -0.00267567 0.999996 -21.0271 8.57166 210.102 -0.00298706 0.00631945 0.999924 1.95947 -2.20078 12.0966 1.8213 51.4937 
46094989 -15.9324 4.90195 212.023 0.00153712 -0.00350992 0.999993 -20.7792 7.11779 210.015 -0.00284189 0.0045995 0.999954 1.9905 -2.18728 11.6299 1.8664 51.8493 
46183249 -15.7276 3.67306 212.011 0.00301466 -0.00491178 0.999983 -20.6523 5.56022 210.044 -0.00220372 0.00297084 0.999855 2.01635 -2.17809 11.2108 1.92155 52.1716 
46270357 -15.5585 2.56212 212.013 0.00405349 -0.00535813 0.999977 -20.5294 3.99612 209.96 -0.00129221 0.00181772 0.999866 2.03531 -2.17033 10.8742 1.97786 52.4478 
46357678 -15.4172 1.47544 212.03 0.00465608 -0.00551047 0.999974 -20.3991 2.53874 209.986 -0.000338459 0.00139566 0.999862 2.0491 -2.16458 10.6028 2.03819 52.6923 
46444896 -15.301 0.331005 212.036 0.00481639 -0.00594493 0.999971 -20.3844 0.976276 210.015 0.000371574 0.000987731 0.999861 2.05801 -2.162 10.3948 2.10598 52.8764 
46533204 -15.2059 -0.742588 212.03 0.00443021 -0.00670915 0.999968 -20.2525 -0.590714 210.043 0.000458238 0.000371444 0.999871 2.06174 -2.16257 10.2472 2.17234 53.005 
46620296 -15.1487 -1.83902 212.018 0.00409019 -0.00705495 0.999967 -20.1146 -1.93788 210.066 0.00129717 7.82953e-005 0.999867 2.05973 -2.16487 10.2186 2.24416 53.0257 
46707502 -15.1088 -2.86282 212 0.00297559 -0.00736737 0.999968 -19.8757 -3.40829 209.979 0.00240093 0.000136547 0.999852 2.05341 -2.16861 10.217 2.3131 53.0257 
46794777 -15.0955 -3.94086 211.971 0.000662567 -0.00810445 0.999967 -19.7445 -4.87029 210.004 0.00326246 0.000211221 0.999962 2.04135 -2.17493 10.2281 2.38665 53.0177 
46883041 -15.1313 -4.93022 211.941 -0.00190729 -0.00852646 0.999962 -19.6047 -6.22212 210.028 0.00388583 0.00041958 0.999951 2.02468 -2.18182 10.3249 2.4553 52.9384 
46970277 -15.2183 -6.0143 211.921 -0.00510353 -0.00932413 0.999944 -19.3422 -7.36421 209.934 0.00453735 0.00111532 0.99993 2.00084 -2.19159 10.5139 2.52942 52.8018 
47057398 -15.3518 -7.09565 211.925 -0.00856444 -0.010374 0.99991 -19.1911 -8.49984 209.842 0.00518888 0.00181105 0.999909 1.97183 -2.20308 10.7869 2.60124 52.6256 
47144644 -15.5416 -8.29527 211.957 -0.0126174 -0.0116549 0.999852 -18.9333 -9.64383 209.637 0.00620597 0.00248559 0.999884 1.93477 -2.21687 11.1774 2.67765 52.3923 
47232890 -15.8037 -9.52107 212.025 -0.0167072 -0.0136301 0.999768 -18.6877 -10.785 209.656 0.0088213 0.00331196 0.999837 1.89139 -2.23353 11.6743 2.75004 52.116 
47320157 -16.1416 -10.8585 212.091 -0.0222744 -0.0159991 0.999624 -18.6631 -12.1382 209.792 0.00999545 0.00458865 0.999798 1.83939 -2.25134 12.2347 2.82445 51.8081 
47407435 -16.4593 -12.1824 212.109 -0.0269756 -0.0190243 0.999455 -18.8248 -13.378 209.928 0.00793723 0.00703317 0.9999 1.78769 -2.27001 12.8173 2.89167 51.4334 
47494536 -16.7595 -13.6208 212.12 -0.0308402 -0.0235444 0.999247 -18.9803 -14.5084 209.951 0.00575566 0.00948245 0.99988 1.73253 -2.29156 13.4587 2.95831 51.0111 
47582793 -16.8852 -14.926 212.126 -0.033181 -0.0290414 0.999027 -19.1485 -15.741 210.088 0.00438486 0.0111512 0.999865 1.68685 -2.31167 13.9397 3.01606 50.7079 
47670036 -16.6118 -15.9856 212.103 -0.034744 -0.0347167 0.998793 -19.0997 -16.8514 210.108 0.00419966 0.0100617 0.999888 1.66042 -2.32488 14.0508 3.06776 50.6714 
47757266 -16.0261 -16.7232 212.1 -0.0350986 -0.0387229 0.998633 -18.608 -17.975 210.012 0.00416666 0.00737405 0.999939 1.65324 -2.32948 13.9286 3.11085 50.8159 
47844567 -15.2101 -17.2058 212.121 -0.0354693 -0.0409784 0.99853 -17.8859 -19.006 210.135 0.00431739 0.00577365 0.999845 1.66014 -2.32574 13.6206 3.14992 51.1159 
47932653 -14.3052 -17.4529 212.092 -0.0364776 -0.042792 0.998418 -16.9262 -19.833 210.362 0.00439702 0.00503552 0.999858 1.67565 -2.31713 13.1253 3.18411 51.5175 
48019930 -13.2216 -17.5239 211.996 -0.037036 -0.0450982 0.998296 -16.1167 -20.3123 210.361 -0.00154368 0.00379071 0.999954 1.70064 -2.30535 12.4141 3.21772 52.0287 
48107165 -12.0621 -17.472 211.922 -0.035072 -0.0463759 0.998308 -15.1962 -20.5493 210.245 -0.00619398 -0.000467732 0.999846 1.73282 -2.29242 11.7442 3.24874 52.4923 
48194384 -10.7308 -17.3089 211.877 -0.0310365 -0.0451091 0.9985 -13.8706 -21.0209 210.128 -0.00787376 -0.00624082 0.999853 1.77533 -2.27404 11.1504 3.28264 52.8717 
48281600 -9.47607 -17.0572 211.882 -0.0267893 -0.041575 0.998776 -12.3338 -21.3141 210.003 -0.00691077 -0.00861945 0.999886 1.82015 -2.2522 10.7075 3.31453 53.1463 
48369757 -8.18284 -16.7006 211.886 -0.0229944 -0.0373041 0.999039 -10.6905 -21.5235 209.987 -0.00458139 -0.00851001 0.999855 1.86927 -2.22692 10.2091 3.34843 53.4607 
48457043 -7.01459 -16.3323 211.883 -0.0205119 -0.0334261 0.999231 -9.02558 -21.5162 209.966 -0.00319168 -0.00773483 0.999824 1.9138 -2.20193 9.72328 3.38261 53.7766 
48544267 -5.82322 -15.9415 211.893 -0.0184214 -0.0295917 0.999392 -7.45984 -21.2886 209.83 -0.00188011 -0.00621922 0.999901 1.95746 -2.17636 9.23433 3.42197 54.1163 
48631590 -4.72491 -15.6401 211.922 -0.0168241 -0.0269633 0.999495 -5.99481 -21.0496 209.919 -0.00143007 -0.00477829 0.999869 1.99165 -2.15568 8.8184 3.46563 54.4417 
48719775 -3.61838 -15.391 211.961 -0.015748 -0.0246689 0.999572 -4.52655 -20.8119 209.896 -0.00147302 -0.00342864 0.999966 2.02009 -2.13701 8.48185 3.51763 54.7227 
48806907 -2.59137 -15.1941 212.003 -0.0150772 -0.023087 0.99962 -3.05801 -20.5697 209.874 -0.0015456 -0.00256867 0.999951 2.04135 -2.12207 8.22785 3.57221 54.9513 
48894164 -1.54358 -15.039 212.034 -0.0148254 -0.0220125 0.999648 -1.59342 -20.4368 209.965 -0.00174005 -0.00170163 0.999937 2.05715 -2.10943 8.05164 3.63455 55.1116 
48981481 -0.565608 -14.9431 212.046 -0.0145815 -0.0214475 0.999664 -0.122686 -20.1958 209.942 -0.00204931 -0.00070568 0.999922 2.06605 -2.10139 7.98496 3.69746 55.1656 
49069658 0.460805 -14.8959 212.054 -0.0141892 -0.0218575 0.99966 1.22672 -20.0607 209.924 -0.00198596 0.000390917 0.999901 2.06892 -2.09708 7.97861 3.76727 55.172 
49156775 1.45189 -14.866 212.051 -0.0136598 -0.0233263 0.999635 2.57293 -19.922 209.905 -0.00157816 0.00110078 0.999882 2.0672 -2.09535 7.98496 3.83679 55.1656 
49244063 2.52103 -14.8718 212.039 -0.0132449 -0.0253722 0.99959 3.91687 -19.7832 209.886 -0.000926634 0.00179652 0.999861 2.05973 -2.09593 8.08815 3.91406 55.072 
49331277 3.53164 -14.9115 212.043 -0.0128653 -0.0274401 0.999541 5.2821 -19.3148 209.859 -0.000489187 0.00299605 0.999956 2.04767 -2.09909 8.29453 3.9876 54.9053 
49418545 4.5808 -15.0858 212.058 -0.0123615 -0.0303858 0.999462 6.32521 -18.8334 209.837 -0.00135847 0.00488024 0.999931 2.02526 -2.10742 8.66441 4.06373 54.6211 
49506780 5.78419 -15.3866 212.108 -0.0106083 -0.0348382 0.999337 7.70222 -18.3746 209.589 -0.00247851 0.00665672 0.999911 1.9905 -2.12264 9.15654 4.14675 54.2925 
49593902 6.94797 -15.7834 212.199 -0.00852743 -0.0389427 0.999205 8.8697 -18.0316 209.68 -0.00528565 0.0109761 0.999864 1.94884 -2.1416 9.78836 4.22144 53.8972 
49681143 8.24564 -16.2654 212.264 -0.0046678 -0.0457391 0.998943 9.68188 -18.0924 209.784 -0.00860062 0.0128774 0.999747 1.89627 -2.1643 10.3678 4.29929 53.5686 
49769424 9.69398 -16.7195 212.293 0.00160911 -0.0520994 0.998641 11.1366 -18.3857 209.883 -0.0105059 0.0116431 0.999793 1.83796 -2.19216 10.9615 4.37714 53.2209 
49856648 11.0152 -17.0851 212.309 0.00642495 -0.0575219 0.998324 12.461 -18.6464 209.984 -0.0103726 0.00760108 0.999867 1.78596 -2.21342 11.5457 4.44437 52.8526 
49943910 12.3914 -17.406 212.319 0.0115418 -0.0604721 0.998103 13.785 -19.0301 209.976 -0.0110375 0.00458095 0.99981 1.73425 -2.23669 12.2442 4.50728 52.3684 
