3.13958 3.13958 43.0147 0.0020109 -0.0079375 -21.3904 5.96235 185.249 -0.695803 0.0393682 0.717122 -20.2457 6.07226 189.484 -0.65773 0.113133 0.744709 
3.13958 3.13958 43.0147 0.0020109 -0.0079375 -21.3904 5.96238 185.25 -0.695804 0.0393643 0.717 -20.2457 6.07226 189.484 -0.65773 0.113133 0.744709 
3.13958 3.13958 43.0147 0.0020109 -0.0079375 -21.3892 5.96347 185.25 -0.695931 0.0392473 0.717005 -20.2457 6.07226 189.484 -0.65773 0.113133 0.744709 
3.13958 3.13958 43.0147 0.0020109 -0.0079375 -21.3892 5.96234 185.25 -0.695926 0.0393692 0.717001 -20.2457 6.07226 189.484 -0.65773 0.113133 0.744709 
3.13958 3.13958 43.0147 0.0020109 -0.0079375 -21.3892 5.96234 185.25 -0.695926 0.0393692 0.717001 -20.2457 6.07226 189.484 -0.65773 0.113133 0.744709 
3.13958 3.13958 43.0147 0.0020109 -0.0079375 -21.3892 5.96234 185.25 -0.695926 0.0393692 0.717001 -20.2457 6.07226 189.484 -0.65773 0.113133 0.744709 
3.13958 3.13958 43.0147 0.0020109 -0.0079375 -21.3892 5.96347 185.25 -0.695931 0.0392473 0.717005 -20.2457 6.07226 189.484 -0.65773 0.113133 0.744709 
3.13958 3.13958 43.0147 0.0020109 -0.0079375 -21.3892 5.96347 185.25 -0.695931 0.0392473 0.717005 -20.2457 6.07226 189.484 -0.65773 0.113133 0.744709 
3.13958 3.13958 43.0147 0.0020109 -0.0079375 -21.3892 5.96234 185.25 -0.695926 0.0393692 0.717001 -20.2457 6.07226 189.484 -0.65773 0.113133 0.744709 
3.13958 3.13958 43.0147 0.0020109 -0.0079375 -21.388 5.96346 185.251 -0.696054 0.0392484 0.716884 -20.2457 6.07226 189.484 -0.65773 0.113133 0.744709 
3.13958 3.13958 43.0147 0.0020109 -0.0079375 -21.3892 5.96347 185.25 -0.695931 0.0392473 0.717005 -20.2457 6.07226 189.484 -0.65773 0.113133 0.744709 
3.13958 3.13958 43.0147 0.0020109 -0.0079375 -21.3892 5.96347 185.25 -0.695931 0.0392473 0.717005 -20.2457 6.07226 189.484 -0.65773 0.113133 0.744709 
3.13958 3.13958 43.0147 0.0020109 -0.0079375 -21.388 5.96346 185.251 -0.696054 0.0392484 0.716884 -20.2457 6.07226 189.484 -0.65773 0.113133 0.744709 
3.13958 3.13958 43.0147 0.0020109 -0.0079375 -21.388 5.96346 185.251 -0.696054 0.0392484 0.716884 -20.2457 6.07226 189.484 -0.65773 0.113133 0.744709 
3.13958 3.13958 43.0147 0.0020109 -0.0079375 -21.3892 5.96351 185.251 -0.695932 0.0392434 0.716883 -20.4132 6.26578 188.456 -0.666963 0.10146 0.738151 
3.13958 3.13958 43.0147 0.0020109 -0.0079375 -21.388 5.96346 185.251 -0.696054 0.0392484 0.716884 -20.4038 7.29872 186.806 -0.677094 0.0918769 0.730138 
3.13958 3.13958 43.0147 0.0020109 -0.0079375 -21.388 5.96346 185.251 -0.696054 0.0392484 0.716884 -20.0302 8.20979 185.617 -0.678617 0.0904459 0.728902 
3.13958 3.13958 43.0147 0.0020109 -0.0079375 -21.388 5.96346 185.251 -0.696054 0.0392484 0.716884 -19.8735 8.19792 185.393 -0.676341 0.0875823 0.731363 
3.13958 3.13958 43.0147 0.0020109 -0.0079375 -21.388 5.9646 185.251 -0.696059 0.0391265 0.716888 -19.8675 8.20858 185.388 -0.676354 0.0871155 0.731407 
3.13958 3.13958 43.0147 0.0020109 -0.0079375 -21.3925 5.85199 185.254 -0.696054 0.0392484 0.716884 -19.8685 8.18283 185.389 -0.676366 0.0871715 0.731389 
3.13958 3.13958 43.0147 0.0020109 -0.0079375 -21.3925 5.85199 185.254 -0.696054 0.0392484 0.716884 -19.869 8.17008 185.39 -0.676363 0.0871239 0.731397 
3.13958 3.13958 43.0147 0.0020109 -0.0079375 -21.388 5.9646 185.251 -0.696059 0.0391265 0.716888 -19.8675 8.20853 185.389 -0.676395 0.0870949 0.731372 
3.13958 3.13958 43.0147 0.0020109 -0.0079375 -21.3869 5.96459 185.252 -0.696182 0.0391275 0.716767 -19.8669 8.20892 185.389 -0.676429 0.0870937 0.73134 
3.13958 3.13958 43.0147 0.0020109 -0.0079375 -21.388 5.9646 185.251 -0.696059 0.0391265 0.716888 -19.8648 8.30665 185.385 -0.676093 0.0870665 0.731654 
3.13958 3.13958 43.0147 0.0020109 -0.0079375 -21.3925 5.85316 185.255 -0.69606 0.0391226 0.716766 -20.0758 -10.8117 185.817 -0.712742 0.0847768 0.696284 
3.13958 3.13958 43.0147 0.0020109 -0.0079375 -21.3924 5.85429 185.255 -0.696065 0.0390007 0.71677 106.16 1115.92 188.251 -0.704417 -0.645128 -0.295984 
3.13958 3.13958 43.0147 0.0020109 -0.0079375 -21.3913 5.85425 185.255 -0.696187 0.0390056 0.716771 -6444.42 -12381.9 465.701 0.999085 0.0417602 -0.00921915 
3.13958 3.13958 43.0147 0.0020109 -0.0079375 -21.3913 5.85425 185.255 -0.696187 0.0390056 0.716771 1.24885e+006 393205 -15577 -0.972834 -0.230187 0.0246605 
3.13958 3.13958 43.0147 0.0020109 -0.0079375 -21.3913 5.85425 185.255 -0.696187 0.0390056 0.716771 3.03522e+008 6.89387e+008 -1.68325e+007 -0.510371 -0.858515 0.0497363 
3.13958 3.13958 43.0147 0.0020109 -0.0079375 -21.3913 5.85311 185.255 -0.696182 0.0391275 0.716767 1.65264e+009 -3.45706e+009 2.57021e+008 -0.433883 0.898271 -0.0696779 
3.13958 3.13958 43.0147 0.0020109 -0.0079375 -21.3924 5.85426 185.254 -0.696064 0.0390046 0.716892 7.30906e+008 -3.83702e+008 -1.28451e+007 -0.84917 0.527629 -0.0227602 
3.13958 3.13958 43.0147 0.0020109 -0.0079375 -21.3924 5.85426 185.254 -0.696064 0.0390046 0.716892 -3.2499e+009 1.24568e+009 -8.5195e+008 0.90679 -0.3429 0.245258 
3.13958 3.13958 43.0147 0.0020109 -0.0079375 -21.3924 5.85426 185.254 -0.696064 0.0390046 0.716892 -2.11238e+009 -3.89087e+009 -7.35622e+009 0.263825 0.486025 0.833173 
3.13958 3.13958 43.0147 0.0020109 -0.0079375 -21.3924 5.85426 185.254 -0.696064 0.0390046 0.716892 -1.74517e+007 6.77324e+008 -3.30105e+009 0.00543347 -0.207276 0.978267 
3.13958 3.13958 43.0147 0.0020109 -0.0079375 -21.3924 5.85429 185.255 -0.696065 0.0390007 0.71677 5.17041e+009 -4.83552e+009 6.04641e+009 -0.552868 0.518363 -0.652408 
3.13958 3.13958 43.0147 0.0020109 -0.0079375 -21.3924 5.85429 185.255 -0.696065 0.0390007 0.71677 -1.29125e+010 4.65942e+008 3.8265e+008 0.998667 -0.0361887 -0.0367945 
3.13958 3.13958 43.0147 0.0020109 -0.0079375 -21.3924 5.85429 185.255 -0.696065 0.0390007 0.71677 -4.08145e+008 -4.78616e+008 -2.95462e+009 0.130176 0.152751 0.979654 
3.13958 3.13958 43.0147 0.0020109 -0.0079375 -21.3924 5.85426 185.254 -0.696064 0.0390046 0.716892 -3.80119e+007 8.01524e+008 -5.79516e+008 0.0363328 -0.793153 0.607938 
3.13958 3.13958 43.0163 0.0020109 -0.009525 -21.3924 5.85429 185.255 -0.696065 0.0390007 0.71677 2.46807e+009 5.72737e+008 8.52127e+013 0.342981 0.0457184 -0.938229 
3.13958 3.13958 43.0163 0.0020109 -0.009525 -21.3924 5.85426 185.254 -0.696064 0.0390046 0.716892 2.61401e+009 2.27255e+008 2.18206e+013 0.384937 0.0514051 -0.92151 
