3.13987 3.13987 43.002 0.00172362 -0.0015875 -20.9681 5.8723 185.136 -0.69631 0.0436914 0.716381 -20.2441 6.06371 189.48 -0.657653 0.113088 0.744784 
3.13987 3.13987 43.002 0.00172362 -0.0015875 -20.9692 5.87349 185.136 -0.696194 0.0435638 0.716384 -20.2441 6.06371 189.48 -0.657653 0.113088 0.744784 
3.13987 3.13987 43.002 0.00172362 -0.0015875 -20.9693 5.87232 185.135 -0.696187 0.0436895 0.716502 -20.2441 6.06371 189.48 -0.657653 0.113088 0.744784 
3.13987 3.13987 43.002 0.00172362 -0.0015875 -20.9693 5.87232 185.135 -0.696187 0.0436895 0.716502 -20.2441 6.06371 189.48 -0.657653 0.113088 0.744784 
3.13987 3.13987 43.002 0.00172362 -0.0015875 -20.9693 5.87232 185.135 -0.696187 0.0436895 0.716502 -20.2441 6.06371 189.48 -0.657653 0.113088 0.744784 
3.13987 3.13987 43.002 0.00172362 -0.0015875 -20.9693 5.87232 185.135 -0.696187 0.0436895 0.716502 -20.2441 6.06371 189.48 -0.657653 0.113088 0.744784 
3.13987 3.13987 43.002 0.00172362 -0.0015875 -20.9693 5.87232 185.135 -0.696187 0.0436895 0.716502 -20.2441 6.06371 189.48 -0.657653 0.113088 0.744784 
3.13987 3.13987 43.002 0.00172362 -0.0015875 -20.9693 5.87232 185.135 -0.696187 0.0436895 0.716502 -20.2441 6.06371 189.48 -0.657653 0.113088 0.744784 
3.13987 3.13987 43.002 0.00172362 -0.0015875 -20.9692 5.87235 185.136 -0.696188 0.0436857 0.71638 -20.2441 6.06371 189.48 -0.657653 0.113088 0.744784 
3.13987 3.13987 43.002 0.00172362 -0.0015875 -20.9692 5.87235 185.136 -0.696188 0.0436857 0.71638 -20.2441 6.06371 189.48 -0.657653 0.113088 0.744784 
3.13987 3.13987 43.002 0.00172362 -0.0015875 -20.9692 5.87235 185.136 -0.696188 0.0436857 0.71638 -20.2441 6.06371 189.48 -0.657653 0.113088 0.744784 
3.13987 3.13987 43.002 0.00172362 -0.0015875 -20.9681 5.8723 185.136 -0.69631 0.0436914 0.716381 -20.2441 6.06371 189.48 -0.657653 0.113088 0.744784 
3.13987 3.13987 43.002 0.00172362 -0.0015875 -20.9692 5.87349 185.136 -0.696194 0.0435638 0.716384 -20.2441 6.06371 189.48 -0.657653 0.113088 0.744784 
3.13987 3.13987 43.002 0.00172362 -0.0015875 -20.9692 5.87235 185.136 -0.696188 0.0436857 0.71638 -20.2441 6.06371 189.48 -0.657653 0.113088 0.744784 
3.13987 3.13987 43.002 0.00172362 -0.0015875 -20.9692 5.87235 185.136 -0.696188 0.0436857 0.71638 -20.2441 6.06371 189.48 -0.657653 0.113088 0.744784 
3.13987 3.13987 43.002 0.00172362 -0.0015875 -20.9692 5.87349 185.136 -0.696194 0.0435638 0.716384 -20.2441 6.06371 189.48 -0.657653 0.113088 0.744784 
3.13987 3.13987 43.002 0.00172362 -0.0015875 -20.9692 5.87235 185.136 -0.696188 0.0436857 0.71638 -20.2441 6.06371 189.48 -0.657653 0.113088 0.744784 
3.13987 3.13987 43.002 0.00172362 -0.0015875 -20.9692 5.87235 185.136 -0.696188 0.0436857 0.71638 -20.2441 6.06371 189.48 -0.657653 0.113088 0.744784 
3.13987 3.13987 43.002 0.00172362 -0.0015875 -20.9692 5.87349 185.136 -0.696194 0.0435638 0.716384 -20.2441 6.06371 189.48 -0.657653 0.113088 0.744784 
3.13987 3.13987 43.002 0.00172362 -0.0015875 -20.9681 5.87343 185.136 -0.696316 0.0435696 0.716385 -20.2441 6.06371 189.48 -0.657653 0.113088 0.744784 
3.13987 3.13987 43.002 0.00172362 -0.0015875 -20.9681 5.87343 185.136 -0.696316 0.0435696 0.716385 -20.2441 6.06371 189.48 -0.657653 0.113088 0.744784 
3.13987 3.13987 43.002 0.00172362 -0.0015875 -20.9681 5.87343 185.136 -0.696316 0.0435696 0.716385 -20.2441 6.06371 189.48 -0.657653 0.113088 0.744784 
3.13987 3.13987 43.002 0.00172362 -0.0015875 -20.9681 5.87343 185.136 -0.696316 0.0435696 0.716385 -20.2441 6.06371 189.48 -0.657653 0.113088 0.744784 
3.13987 3.13987 43.002 0.00172362 -0.0015875 -20.9681 5.87343 185.136 -0.696316 0.0435696 0.716385 -20.2441 6.06371 189.48 -0.657653 0.113088 0.744784 
3.13987 3.13987 43.002 0.00172362 -0.0015875 -20.9681 5.87343 185.136 -0.696316 0.0435696 0.716385 -20.2441 6.06371 189.48 -0.657653 0.113088 0.744784 
3.13987 3.13987 43.002 0.00172362 -0.0015875 -20.9692 5.87349 185.136 -0.696194 0.0435638 0.716384 -20.2441 6.06371 189.48 -0.657653 0.113088 0.744784 
3.13987 3.13987 43.002 0.00172362 -0.0015875 -20.9681 5.87343 185.136 -0.696316 0.0435696 0.716385 -20.2441 6.06371 189.48 -0.657653 0.113088 0.744784 
3.13987 3.13987 43.002 0.00172362 -0.0015875 -20.9681 5.87343 185.136 -0.696316 0.0435696 0.716385 -20.2441 6.06371 189.48 -0.657653 0.113088 0.744784 
3.13987 3.13987 43.002 0.00172362 -0.0015875 -21.0795 5.87872 185.137 -0.696316 0.0435696 0.716385 -20.2441 6.06371 189.48 -0.657653 0.113088 0.744784 
3.13987 3.13987 43.002 0.00172362 -0.0015875 -20.9681 5.87343 185.136 -0.696316 0.0435696 0.716385 -20.2441 6.06371 189.48 -0.657653 0.113088 0.744784 
3.13987 3.13987 43.002 0.00172362 -0.0015875 -20.9681 5.87343 185.136 -0.696316 0.0435696 0.716385 -20.2441 6.06371 189.48 -0.657653 0.113088 0.744784 
3.13987 3.13987 43.002 0.00172362 -0.0015875 -20.9681 5.87343 185.136 -0.696316 0.0435696 0.716385 -20.2441 6.06371 189.48 -0.657653 0.113088 0.744784 
3.13987 3.13987 43.002 0.00172362 -0.0015875 -20.9681 5.87343 185.136 -0.696316 0.0435696 0.716385 -20.2441 6.06371 189.48 -0.657653 0.113088 0.744784 
3.13987 3.13987 43.002 0.00172362 -0.0015875 -20.9681 5.87343 185.136 -0.696316 0.0435696 0.716385 -20.2441 6.06371 189.48 -0.657653 0.113088 0.744784 
3.13987 3.13987 43.002 0.00172362 -0.0015875 -21.0795 5.87985 185.137 -0.696322 0.0434477 0.716389 -20.2441 6.06371 189.48 -0.657653 0.113088 0.744784 
3.13987 3.13987 43.002 0.00172362 -0.0015875 -21.0795 5.87872 185.137 -0.696316 0.0435696 0.716385 -20.3615 6.34304 187.875 -0.672292 0.0963276 0.733992 
3.13987 3.13987 43.002 0.00172362 -0.0015875 -20.968 5.8746 185.137 -0.696323 0.0434438 0.716267 -20.2956 6.65198 186.886 -0.677239 0.0914526 0.730057 
3.13987 3.13987 43.002 0.00172362 -0.0015875 -20.9669 5.87455 185.137 -0.696445 0.0434496 0.716268 -20.1924 6.96472 186.231 -0.677943 0.0903711 0.729538 
3.13987 3.13987 43.002 0.00172362 -0.0015875 -20.9669 5.87455 185.137 -0.696445 0.0434496 0.716268 -20.0803 7.27303 185.995 -0.675321 0.0902934 0.731976 
3.13987 3.13987 43.002 0.00172362 -0.0015875 -21.0783 5.87984 185.138 -0.696445 0.0434496 0.716268 -20.0027 7.52591 185.892 -0.676866 0.0911604 0.73044 
3.13987 3.13987 43.002 0.00172362 -0.0015875 -21.0783 5.87984 185.138 -0.696445 0.0434496 0.716268 -19.9709 7.74348 185.81 -0.678124 0.0919844 0.729168 
3.13987 3.13987 43.002 0.00172362 -0.0015875 -21.0795 5.87876 185.138 -0.696317 0.0435657 0.716263 -19.8878 7.89515 185.741 -0.678838 0.0925094 0.728437 
3.13987 3.13987 43.002 0.00172362 -0.0015875 -21.0795 5.87876 185.138 -0.696317 0.0435657 0.716263 -19.8122 7.99403 185.68 -0.679206 0.0927519 0.728063 
3.13987 3.13987 43.002 0.00172362 -0.0015875 -21.0795 5.87876 185.138 -0.696317 0.0435657 0.716263 -19.7441 8.05535 185.624 -0.679315 0.0927618 0.727961 
3.13987 3.13987 43.002 0.00172362 -0.0015875 -21.0784 5.8787 185.138 -0.696439 0.0435715 0.716264 -19.685 8.08711 185.579 -0.679328 0.0926442 0.727963 
3.13987 3.13987 43.002 0.00172362 -0.0015875 -21.0783 5.87984 185.138 -0.696445 0.0434496 0.716268 -19.6445 8.10069 185.544 -0.67932 0.092462 0.727993 
3.13987 3.13987 43.002 0.00172362 -0.0015875 -21.0783 5.87984 185.138 -0.696445 0.0434496 0.716268 -19.6159 8.10493 185.52 -0.679301 0.092235 0.72804 
3.13987 3.13987 43.002 0.00172362 -0.0015875 -21.0783 5.87984 185.138 -0.696445 0.0434496 0.716268 -19.5953 8.10519 185.489 -0.679282 0.0920236 0.728085 
3.13987 3.13987 43.002 0.00172362 -0.0015875 -21.0783 5.87984 185.138 -0.696445 0.0434496 0.716268 -19.5814 8.10419 185.482 -0.67927 0.0918371 0.72812 
3.13987 3.13987 43.002 0.00172362 -0.0015875 -21.0783 5.87984 185.138 -0.696445 0.0434496 0.716268 -19.5725 8.10314 185.477 -0.679285 0.0913296 0.72817 
3.13987 3.13987 43.002 0.00172362 -0.0015875 -21.0783 5.87984 185.138 -0.696445 0.0434496 0.716268 -19.5668 8.10234 185.474 -0.679277 0.0912907 0.728182 
3.13987 3.13987 43.002 0.00172362 -0.0015875 -21.0783 5.87984 185.138 -0.696445 0.0434496 0.716268 -19.5632 8.10181 185.473 -0.679271 0.0912733 0.72819 
3.13987 3.13987 43.002 0.00172362 -0.0015875 -21.0783 5.87984 185.138 -0.696445 0.0434496 0.716268 -19.5609 8.10145 185.472 -0.679267 0.0912628 0.728195 
3.13987 3.13987 43.002 0.00172362 -0.0015875 -21.0783 5.87984 185.138 -0.696445 0.0434496 0.716268 -19.5596 8.10124 185.471 -0.679265 0.0912571 0.728197 
3.13987 3.13987 43.002 0.00172362 -0.0015875 -21.0783 5.87984 185.138 -0.696445 0.0434496 0.716268 -19.5588 8.10112 185.471 -0.679264 0.0912537 0.728199 
3.13987 3.13987 43.002 0.00172362 -0.0015875 -21.0783 5.87984 185.138 -0.696445 0.0434496 0.716268 -19.5583 8.10104 185.47 -0.679263 0.0912517 0.7282 
3.13987 3.13987 43.002 0.00172362 -0.0015875 -21.0783 5.87984 185.138 -0.696445 0.0434496 0.716268 -19.558 8.10099 185.47 -0.679262 0.0912504 0.728201 
3.13987 3.13987 43.002 0.00172362 -0.0015875 -21.0783 5.87984 185.138 -0.696445 0.0434496 0.716268 -19.5578 8.10096 185.47 -0.679262 0.0912496 0.728201 
3.13987 3.13987 43.002 0.00172362 -0.0015875 -21.0783 5.87984 185.138 -0.696445 0.0434496 0.716268 -19.5577 8.10095 185.47 -0.679262 0.0912492 0.728201 
3.13987 3.13987 43.002 0.00172362 -0.0015875 -21.0783 5.87984 185.138 -0.696445 0.0434496 0.716268 -19.5577 8.10094 185.47 -0.679262 0.0912489 0.728201 
3.13987 3.13987 43.002 0.00172362 -0.0015875 -21.0783 5.87987 185.139 -0.696446 0.0434457 0.716146 -19.5576 8.10093 185.47 -0.679262 0.0912488 0.728201 
3.13987 3.13987 43.002 0.00172362 -0.0015875 -21.0783 5.87987 185.139 -0.696446 0.0434457 0.716146 -19.5576 8.10094 185.47 -0.679285 0.0912502 0.72818 
3.13987 3.13987 43.002 0.00172362 -0.0015875 -21.0783 5.87987 185.139 -0.696446 0.0434457 0.716146 -19.5576 8.10095 185.471 -0.679298 0.0912511 0.728167 
3.13987 3.13987 43.002 0.00172362 -0.0015875 -21.0783 5.87987 185.139 -0.696446 0.0434457 0.716146 -19.5576 8.10095 185.471 -0.679305 0.0912516 0.72816 
3.13987 3.13987 43.002 0.00172362 -0.0015875 -21.0783 5.87987 185.139 -0.696446 0.0434457 0.716146 -19.5576 8.10095 185.471 -0.67931 0.0912519 0.728156 
3.13987 3.13987 43.002 0.00172362 -0.0015875 -21.0783 5.87987 185.139 -0.696446 0.0434457 0.716146 -19.5576 8.10095 185.471 -0.679313 0.091252 0.728153 
3.13987 3.13987 43.002 0.00172362 -0.0015875 -21.0783 5.87987 185.139 -0.696446 0.0434457 0.716146 -19.5576 8.10095 185.471 -0.679315 0.0912522 0.728152 
3.13987 3.13987 43.002 0.00172362 -0.0015875 -21.0783 5.881 185.139 -0.696452 0.0433238 0.71615 -19.5576 8.10097 185.471 -0.679316 0.09125 0.728151 
3.13987 3.13987 43.002 0.00172362 -0.0015875 -21.0783 5.88097 185.138 -0.696451 0.0433277 0.716272 -19.5576 8.10136 185.471 -0.679309 0.0912062 0.728162 
3.13987 3.13987 43.002 0.00172362 -0.0015875 -21.0783 5.88097 185.138 -0.696451 0.0433277 0.716272 -19.5576 8.10158 185.47 -0.679294 0.0911795 0.72818 
3.13987 3.13987 43.002 0.00172362 -0.0015875 -21.0783 5.88097 185.138 -0.696451 0.0433277 0.716272 -19.5575 8.10172 185.47 -0.679295 0.0911641 0.728181 
3.13987 3.13987 43.002 0.00172362 -0.0015875 -21.0783 5.87987 185.139 -0.696446 0.0434457 0.716146 -19.5575 8.10173 185.47 -0.6793 0.0911633 0.728177 
3.13987 3.13987 43.002 0.00172362 -0.0015875 -21.0771 5.88095 185.139 -0.696574 0.0433296 0.716151 -19.5572 8.10166 185.471 -0.67933 0.0911695 0.728148 
3.13987 3.13987 43.002 0.00172362 -0.0015875 -21.0783 5.881 185.139 -0.696452 0.0433238 0.71615 -19.5569 8.10176 185.471 -0.679351 0.091158 0.72813 
3.13987 3.13987 43.002 0.00172362 -0.0015875 -21.0771 5.88095 185.139 -0.696574 0.0433296 0.716151 -19.5569 8.10182 185.471 -0.679355 0.0911513 0.728126 
3.13987 3.13987 43.002 0.00172362 -0.0015875 -21.0771 5.88095 185.139 -0.696574 0.0433296 0.716151 -19.5568 8.10168 185.471 -0.679365 0.0911668 0.728115 
3.13987 3.13987 43.002 0.00172362 -0.0015875 -21.0771 5.88095 185.139 -0.696574 0.0433296 0.716151 -19.5567 8.10177 185.471 -0.679372 0.0911562 0.72811 
3.13987 3.13987 43.002 0.00172362 -0.0015875 -21.0772 5.87982 185.139 -0.696568 0.0434515 0.716147 -19.5566 8.10156 185.471 -0.679374 0.0911794 0.728105 
3.13987 3.13987 43.002 0.00172362 -0.0015875 -21.0772 5.87982 185.139 -0.696568 0.0434515 0.716147 -19.5566 8.1013 185.471 -0.679375 0.0912076 0.728101 
3.13987 3.13987 43.002 0.00172362 -0.0015875 -21.0772 5.87982 185.139 -0.696568 0.0434515 0.716147 -19.5566 8.10114 185.471 -0.679375 0.0912249 0.728099 
3.13987 3.13987 43.002 0.00172362 -0.0015875 -21.0772 5.87982 185.139 -0.696568 0.0434515 0.716147 -19.5566 8.10105 185.471 -0.679375 0.0912354 0.728097 
3.13987 3.13987 43.002 0.00172362 -0.0015875 -21.0772 5.87982 185.139 -0.696568 0.0434515 0.716147 -19.5566 8.10099 185.471 -0.679375 0.0912415 0.728096 
3.13987 3.13987 43.002 0.00172362 -0.0015875 -21.0771 5.88099 185.141 -0.696575 0.0433257 0.716029 -19.5566 8.10107 185.471 -0.679381 0.091233 0.728092 
3.13987 3.13987 43.002 0.00172362 -0.0015875 -21.0771 5.88095 185.139 -0.696574 0.0433296 0.716151 -19.5566 8.10141 185.471 -0.679389 0.0911959 0.72809 
3.13987 3.13987 43.002 0.00172362 -0.0015875 -21.0771 5.88095 185.139 -0.696574 0.0433296 0.716151 -19.5566 8.10161 185.471 -0.679386 0.0911741 0.728094 
3.13987 3.13987 43.002 0.00172362 -0.0015875 -21.0771 5.88095 185.139 -0.696574 0.0433296 0.716151 -19.5565 8.10173 185.471 -0.679385 0.0911605 0.728097 
3.13987 3.13987 43.002 0.00172362 -0.0015875 -21.0771 5.88095 185.139 -0.696574 0.0433296 0.716151 -19.5565 8.1018 185.471 -0.679384 0.0911527 0.728099 
3.13987 3.13987 43.002 0.00172362 -0.0015875 -21.0771 5.88095 185.139 -0.696574 0.0433296 0.716151 -19.5565 8.10184 185.471 -0.679384 0.0911479 0.7281 
3.13987 3.13987 43.002 0.00172362 -0.0015875 -21.0771 5.88099 185.141 -0.696575 0.0433257 0.716029 -19.5565 8.10187 185.471 -0.679388 0.0911453 0.728097 
3.13987 3.13987 43.002 0.00172362 -0.0015875 -21.076 5.88093 185.141 -0.696697 0.0433315 0.71603 -19.5563 8.1016 185.471 -0.679421 0.0911756 0.728062 
3.13987 3.13987 43.002 0.00172362 -0.0015875 -21.076 5.88093 185.141 -0.696697 0.0433315 0.71603 -19.556 8.10171 185.471 -0.679451 0.0911627 0.728036 
3.13987 3.13987 43.002 0.00172362 -0.0015875 -21.076 5.88093 185.141 -0.696697 0.0433315 0.71603 -19.5558 8.10178 185.472 -0.679469 0.0911546 0.728019 
3.13987 3.13987 43.002 0.00172362 -0.0015875 -21.0771 5.88099 185.141 -0.696575 0.0433257 0.716029 -19.5561 8.10184 185.472 -0.679458 0.0911506 0.728031 
3.13987 3.13987 43.002 0.00172362 -0.0015875 -21.0771 5.88099 185.141 -0.696575 0.0433257 0.716029 -19.5563 8.10188 185.472 -0.67945 0.0911481 0.728038 
3.13987 3.13987 43.002 0.00172362 -0.0015875 -21.0771 5.88099 185.141 -0.696575 0.0433257 0.716029 -19.5564 8.10189 185.472 -0.679433 0.0911459 0.728054 
3.13987 3.13987 43.002 0.00172362 -0.0015875 -21.0771 5.88095 185.139 -0.696574 0.0433296 0.716151 -19.5564 8.1019 185.471 -0.679425 0.0911446 0.728062 
3.13987 3.13987 43.002 0.00172362 -0.0015875 -21.0771 5.88099 185.141 -0.696575 0.0433257 0.716029 -19.5565 8.1019 185.471 -0.67941 0.0911432 0.728076 
3.13987 3.13987 43.002 0.00172362 -0.0015875 -21.0771 5.88212 185.14 -0.696581 0.0432038 0.716033 -19.5565 8.10195 185.471 -0.679422 0.0911405 0.728065 
3.13987 3.13987 43.002 0.00172362 -0.0015875 -21.0771 5.88099 185.141 -0.696575 0.0433257 0.716029 -19.5565 8.102 185.472 -0.679429 0.091135 0.72806 
3.13987 3.13987 43.002 0.00172362 -0.0015875 -21.0771 5.88099 185.141 -0.696575 0.0433257 0.716029 -19.5565 8.10198 185.472 -0.679433 0.0911389 0.728055 
3.13987 3.13987 43.002 0.00172362 -0.0015875 -21.0771 5.88099 185.141 -0.696575 0.0433257 0.716029 -19.5565 8.10196 185.472 -0.679435 0.091141 0.728053 
3.13987 3.13987 43.002 0.00172362 -0.0015875 -21.0771 5.88099 185.141 -0.696575 0.0433257 0.716029 -19.5565 8.10195 185.472 -0.67944 0.0911421 0.728048 
3.13987 3.13987 43.002 0.00172362 -0.0015875 -21.0771 5.88099 185.141 -0.696575 0.0433257 0.716029 -19.5565 8.10195 185.472 -0.679439 0.0911428 0.728049 
3.13987 3.13987 43.002 0.00172362 -0.0015875 -21.0771 5.88099 185.141 -0.696575 0.0433257 0.716029 -19.5565 8.10194 185.472 -0.679439 0.0911431 0.728049 
3.13987 3.13987 43.002 0.00172362 -0.0015875 -21.0771 5.88212 185.14 -0.696581 0.0432038 0.716033 -19.5565 8.1019 185.472 -0.679439 0.0911414 0.728049 
3.13987 3.13987 43.002 0.00172362 -0.0015875 -21.0813 5.76949 185.144 -0.696697 0.0433315 0.71603 -19.5567 8.10481 185.471 -0.67942 0.0911399 0.728067 
3.13987 3.13987 43.002 0.00172362 -0.0015875 -21.0759 5.88207 185.14 -0.696703 0.0432096 0.716034 -19.5559 8.12457 185.47 -0.6794 0.0911311 0.728087 
3.13987 3.13987 43.002 0.00172362 -0.0015875 -21.076 5.88093 185.141 -0.696697 0.0433315 0.71603 -19.5588 8.09602 185.472 -0.679325 0.0911544 0.728154 
3.13987 3.13987 43.002 0.00172362 -0.0015875 -21.0759 5.88207 185.14 -0.696703 0.0432096 0.716034 -19.5619 8.06502 185.474 -0.679243 0.0911992 0.728225 
3.13987 3.13987 43.002 0.00172362 -0.0015875 -21.0759 5.88207 185.14 -0.696703 0.0432096 0.716034 -19.5653 8.03184 185.476 -0.679156 0.0912347 0.728301 
3.13987 3.13987 43.002 0.00172362 -0.0015875 -21.076 5.88093 185.141 -0.696697 0.0433315 0.71603 -19.5689 7.9945 185.479 -0.67905 0.091463 0.728372 
3.13987 3.13987 43.002 0.00172362 -0.0015875 -21.076 5.88093 185.141 -0.696697 0.0433315 0.71603 -19.572 7.9673 185.48 -0.679008 0.0908977 0.728482 
3.13987 3.13987 43.002 0.00172362 -0.0015875 -21.0759 5.8821 185.142 -0.696704 0.0432057 0.715912 -19.5762 7.91952 185.473 -0.678556 0.0918927 0.728778 
3.13987 3.13987 43.002 0.00172362 -0.0015875 -21.0759 5.88207 185.14 -0.696703 0.0432096 0.716034 -19.5814 7.85499 185.473 -0.678176 0.0942224 0.728834 
3.13987 3.13987 43.002 0.00172362 -0.0015875 -21.0759 5.88207 185.14 -0.696703 0.0432096 0.716034 -19.5864 7.79052 185.492 -0.678284 0.0966079 0.728421 
3.13987 3.13987 43.002 0.00172362 -0.0015875 -21.0813 5.76949 185.144 -0.696697 0.0433315 0.71603 -18.7934 20.307 184.702 -0.685331 0.0899075 0.72266 
3.13987 3.13987 43.002 0.00172362 -0.0015875 -21.0759 5.88207 185.14 -0.696703 0.0432096 0.716034 -19.1855 14.356 185.1 -0.681427 0.0970856 0.725419 
3.13987 3.13987 43.002 0.00172362 -0.0015875 -21.0759 5.88207 185.14 -0.696703 0.0432096 0.716034 -19.8087 4.17431 185.767 -0.67723 0.105694 0.72814 
3.13987 3.13987 43.002 0.00172362 -0.0015875 -21.0759 5.88207 185.14 -0.696703 0.0432096 0.716034 -20.4703 -6.63586 186.476 -0.672651 0.114924 0.730981 
3.13987 3.13987 43.002 0.00172362 -0.0015875 -21.0759 5.88207 185.14 -0.696703 0.0432096 0.716034 -21.1194 -17.2412 187.171 -0.668033 0.124067 0.733716 
3.13987 3.13987 43.002 0.00172362 -0.0015875 -21.0812 5.77063 185.144 -0.696703 0.0432096 0.716034 -20.2976 -0.75519 186.133 -0.663099 0.13366 0.736502 
3.13987 3.13987 43.002 0.00172362 -0.0015875 -21.0813 5.76949 185.144 -0.696697 0.0433315 0.71603 -6.17612 260.102 169.455 -0.667266 0.0244867 0.744417 
3.13987 3.13987 43.002 0.00172362 -0.0015875 -21.0812 5.77063 185.144 -0.696703 0.0432096 0.716034 8.86054 537.863 151.698 -0.658187 -0.163332 0.734923 
3.13987 3.13987 43.002 0.00172362 -0.0015875 -21.0812 5.77063 185.144 -0.696703 0.0432096 0.716034 23.0182 799.415 134.977 -0.65462 0.102534 0.748972 
3.13987 3.13987 43.002 0.00172362 -0.0015875 -21.0812 5.77063 185.144 -0.696703 0.0432096 0.716034 37.4592 1066.2 117.922 -0.60337 0.365491 0.708774 
3.13987 3.13987 43.002 0.00172362 -0.0015875 -21.0813 5.76949 185.144 -0.696697 0.0433315 0.71603 52.6836 1347.42 99.9443 -0.650806 -0.098242 0.752861 
3.13987 3.13987 43.002 0.00172362 -0.0015875 -21.0812 5.77063 185.144 -0.696703 0.0432096 0.716034 67.4721 1620.57 82.4819 -0.530638 -0.600164 0.598521 
3.13987 3.13987 43.002 0.00172362 -0.0015875 -21.0812 5.77063 185.144 -0.696703 0.0432096 0.716034 81.1926 1874.14 66.2733 -0.408434 0.751466 0.518151 
3.13987 3.13987 43.002 0.00172362 -0.0015875 -21.0812 5.77063 185.144 -0.696703 0.0432096 0.716034 94.3853 2117.95 50.688 -0.147812 0.964167 0.220302 
3.13987 3.13987 43.002 0.00172362 -0.0015875 -21.0812 5.77063 185.144 -0.696703 0.0432096 0.716034 109.023 2388.38 33.4003 -0.118381 0.974997 0.188059 
3.13987 3.13987 43.002 0.00172362 -0.0015875 -21.0812 5.77063 185.144 -0.696703 0.0432096 0.716034 121.638 2621.6 18.4938 -0.0253218 0.996693 0.0772068 
3.13987 3.13987 43.002 0.00172362 -0.0015875 -21.0812 5.77063 185.144 -0.696703 0.0432096 0.716034 134.005 2850.24 3.8796 0.00700524 0.999235 0.0384641 
3.13987 3.13987 43.002 0.00172362 -0.0015875 -21.0812 5.77063 185.144 -0.696703 0.0432096 0.716034 146.867 3088.03 -11.3192 0.0240243 0.999549 0.0180194 
3.13987 3.13987 43.002 0.00172362 -0.0015875 -21.0812 5.77066 185.145 -0.696704 0.0432057 0.715912 152.113 3301.37 -1254.67 0.0190792 0.245457 0.96922 
3.13987 3.13987 43.002 0.00172362 -0.0015875 -21.0812 5.77066 185.145 -0.696704 0.0432057 0.715912 141.669 3464.58 -5031.09 0.0145719 0.0912386 0.995722 
3.13987 3.13987 43.002 0.00172362 -0.0015875 -21.0759 5.8821 185.142 -0.696704 0.0432057 0.715912 -16894.1 -309319 10986.5 0.0406271 0.451344 0.891425 
3.13987 3.13987 43.002 0.00172362 -0.0015875 -21.0812 5.77063 185.144 -0.696703 0.0432096 0.716034 -7861.05 -143864 6745.65 0.0489519 0.609824 0.791024 
3.13987 3.13987 43.002 0.00172362 -0.0015875 -21.0812 5.77063 185.144 -0.696703 0.0432096 0.716034 4500.86 82333 3423.09 -0.0161439 -0.0666471 -0.997646 
3.13987 3.13987 43.002 0.00172362 -0.0015875 -21.0812 5.77063 185.144 -0.696703 0.0432096 0.716034 16862.7 308528 100.564 -0.0219317 -0.157718 -0.987241 
3.13987 3.13987 43.002 0.00172362 -0.0015875 -21.0812 5.77066 185.145 -0.696704 0.0432057 0.715912 29137.8 534487 -17638.3 -0.0328319 -0.312696 -0.949286 
3.13987 3.13987 43.002 0.00172362 -0.0015875 -21.0812 5.77063 185.144 -0.696703 0.0432096 0.716034 41339.2 760241 -47584.3 -0.0740504 -0.994323 -0.0764081 
