175414 -18.7513 3.4642 189.177 -0.64586 0.067846 0.760435 -21.5798 6.11533 186.853 -0.691481 0.0928068 0.716391 -18.7513 3.4642 189.177 -0.64586 0.067846 0.760435 
1333652 -34.1372 16.9867 189.424 -0.869924 0.0956444 0.483822 -37.1149 14.3044 189.5 -0.872462 0.101652 0.47786 -34.1372 16.9867 189.424 -0.869924 0.0956444 0.483822 
1495511 -34.3758 17.629 182.61 -0.872812 0.0690709 0.483145 -37.5464 15.1028 182.577 -0.876104 0.0708113 0.476844 -34.3758 17.629 182.61 -0.872812 0.0690709 0.483145 
1599241 -34.517 17.5342 178.835 -0.87259 0.0611255 0.484613 -37.7783 15.2951 178.801 -0.877858 0.0646577 0.474479 -34.517 17.5342 178.835 -0.87259 0.0611255 0.484613 
1761592 -34.8676 16.4777 173.958 -0.871873 0.0459936 0.487568 -38.0328 14.4732 173.807 -0.879062 0.0431798 0.474626 -34.8676 16.4777 173.958 -0.871873 0.0459936 0.487568 
1924916 -35.0768 14.4221 169.735 -0.868724 0.0298556 0.494395 -38.3368 13.2573 169.132 -0.878115 0.0293016 0.477579 -35.0768 14.4221 169.735 -0.868724 0.0298556 0.494395 
2107290 -35.3366 11.1854 166.117 -0.865878 0.00535216 0.500227 -38.6774 11.6373 165.254 -0.876992 0.0135549 0.480218 -35.3366 11.1854 166.117 -0.865878 0.00535216 0.500227 
2531356 -35.6989 3.63854 161.849 -0.865624 -0.0311141 0.499727 -39.1569 4.8655 160.192 -0.874407 -0.0420966 0.483379 -35.6989 3.63854 161.849 -0.865624 -0.0311141 0.499727 
2732208 -35.1033 -5.73771 162.142 -0.87339 -0.0424554 0.485167 -39.7743 2.49699 159.694 -0.880947 -0.023343 0.472663 -35.1033 -5.73771 162.142 -0.87339 -0.0424554 0.485167 
3901795 -35.0119 -18.143 178.018 -0.897501 -0.00950537 0.440909 -39.3257 -12.2618 173.667 -0.895352 -0.0246928 0.444552 -35.0119 -18.143 178.018 -0.897501 -0.00950537 0.440909 
4211274 -34.8241 -14.8857 189.146 -0.892449 -0.00540397 0.451116 -38.9239 -11.4646 184.653 -0.893366 -0.0188717 0.448878 -34.8241 -14.8857 189.146 -0.892449 -0.00540397 0.451116 
4491393 -34.7307 -9.11272 195.046 -0.883559 0.00647596 0.468274 -39.2661 -7.6328 191.631 -0.890309 -0.00634429 0.455316 -34.7307 -9.11272 195.046 -0.883559 0.00647596 0.468274 
4929987 -36.148 4.80076 197.587 -0.872466 0.0411089 0.486942 -39.0985 0.655226 195.919 -0.881398 0.0314105 0.471332 -36.148 4.80076 197.587 -0.872466 0.0411089 0.486942 
5091878 -35.6887 8.04783 196.742 -0.867291 0.0439785 0.495855 -38.9798 4.26188 195.322 -0.878665 0.0385156 0.475977 -35.6887 8.04783 196.742 -0.867291 0.0439785 0.495855 
5261533 -35.5486 11.4579 194.833 -0.865692 0.0432234 0.498707 -39.0604 8.05307 193.637 -0.877503 0.0486175 0.477014 -35.5486 11.4579 194.833 -0.865692 0.0432234 0.498707 
5426172 -35.4245 14.3337 192.095 -0.865368 0.0405844 0.49949 -39.1387 11.7371 191.097 -0.877821 0.0674674 0.474153 -35.4245 14.3337 192.095 -0.865368 0.0405844 0.49949 
5566428 -35.2625 16.3095 189.091 -0.864584 0.0392003 0.500956 -39.2206 14.3925 188.247 -0.878393 0.0753161 0.47198 -35.2625 16.3095 189.091 -0.864584 0.0392003 0.500956 
5719352 -35.1188 17.7286 185.588 -0.863015 0.037159 0.50381 -39.2244 15.7977 184.967 -0.878629 0.0705606 0.472242 -35.1188 17.7286 185.588 -0.863015 0.037159 0.50381 
5847804 -35.0458 18.3896 182.33 -0.860981 0.0337651 0.507515 -39.1519 15.9394 181.925 -0.87865 0.0447543 0.475308 -35.0458 18.3896 182.33 -0.860981 0.0337651 0.507515 
5953051 -34.9948 18.6234 179.628 -0.8588 0.0318238 0.511322 -39.0711 16.0508 179.331 -0.877723 0.0355314 0.477883 -34.9948 18.6234 179.628 -0.8588 0.0318238 0.511322 
6068672 -34.9789 18.3681 176.701 -0.855995 0.026261 0.516316 -39.1122 16.1241 176.505 -0.875949 0.030916 0.481413 -34.9789 18.3681 176.701 -0.855995 0.026261 0.516316 
6221967 -35.032 17.2671 173.054 -0.852704 0.0161884 0.522143 -39.1322 15.5339 172.677 -0.873151 0.0217135 0.486895 -35.032 17.2671 173.054 -0.852704 0.0161884 0.522143 
6431107 -35.1875 14.5049 168.526 -0.849621 0.00190939 0.52739 -39.2474 14.0467 167.994 -0.87104 0.0107009 0.491094 -35.1875 14.5049 168.526 -0.849621 0.00190939 0.52739 
6642420 -35.539 10.4144 164.961 -0.85116 -0.0119621 0.52477 -39.7046 11.2869 163.957 -0.871029 -0.0144721 0.490843 -35.539 10.4144 164.961 -0.85116 -0.0119621 0.52477 
7340640 -34.0365 -6.8671 162.673 -0.874151 -0.029197 0.484776 -40.6544 0.923833 159.74 -0.88701 -0.013119 0.461576 -34.0365 -6.8671 162.673 -0.874151 -0.029197 0.484776 
8587565 -34.9214 -17.3011 185.525 -0.896139 8.59596e-006 0.443774 -38.7474 -12.7721 181.007 -0.893726 -0.0127138 0.448338 -34.9214 -17.3011 185.525 -0.896139 8.59596e-006 0.443774 
8848108 -34.7421 -12.6351 192.664 -0.889576 0.001929 0.456784 -38.7976 -10.5184 188.72 -0.891558 -0.0123152 0.452573 -34.7421 -12.6351 192.664 -0.889576 0.001929 0.456784 
9310265 -34.7929 -3.06714 197.967 -0.8721 0.0338432 0.488157 -39.3257 -1.71297 195.482 -0.884395 0.021742 0.466276 -34.7929 -3.06714 197.967 -0.8721 0.0338432 0.488157 
9508732 -35.8964 6.28135 197.309 -0.869685 0.041353 0.491872 -39.0696 2.21676 195.84 -0.87948 0.0318162 0.47496 -35.8964 6.28135 197.309 -0.869685 0.041353 0.491872 
9674474 -35.5917 9.67788 195.949 -0.866262 0.0432495 0.497714 -39.0594 5.81143 194.707 -0.877796 0.0396941 0.477275 -35.5917 9.67788 195.949 -0.866262 0.0432495 0.497714 
9838500 -35.4971 12.847 193.655 -0.865713 0.0417089 0.4988 -38.989 9.83358 192.484 -0.878058 0.0578209 0.475045 -35.4971 12.847 193.655 -0.865713 0.0417089 0.4988 
10004805 -35.3413 15.4342 190.571 -0.8653 0.0387128 0.499758 -39.2186 13.2 189.727 -0.877994 0.0755429 0.472701 -35.3413 15.4342 190.571 -0.8653 0.0387128 0.499758 
10158227 -35.1631 17.2248 187.109 -0.863998 0.0376473 0.502085 -39.4788 15.3595 186.211 -0.878305 0.0761693 0.472076 -35.1631 17.2248 187.109 -0.863998 0.0376473 0.502085 
10306436 -35.0513 18.1959 183.444 -0.861899 0.0332278 0.50599 -39.1212 15.9732 182.948 -0.879352 0.0561693 0.472911 -35.0513 18.1959 183.444 -0.861899 0.0332278 0.50599 
10408820 -34.9963 18.5792 180.753 -0.859932 0.0327477 0.509358 -39.0761 15.8586 180.46 -0.878072 0.0357902 0.477147 -34.9963 18.5792 180.753 -0.859932 0.0327477 0.509358 
10513781 -34.9617 18.5313 178.049 -0.857491 0.029092 0.513676 -39.1138 15.9315 177.858 -0.876346 0.0319154 0.480657 -34.9617 18.5313 178.049 -0.857491 0.029092 0.513676 
10647670 -34.9551 17.8997 174.812 -0.854246 0.0215995 0.51942 -39.0727 15.7749 174.482 -0.874663 0.025217 0.484004 -34.9551 17.8997 174.812 -0.854246 0.0215995 0.51942 
10820526 -35.0916 16.132 170.844 -0.851153 0.00905413 0.52484 -39.1272 14.8438 170.553 -0.871938 0.0165089 0.48935 -35.0916 16.132 170.844 -0.851153 0.00905413 0.52484 
11033735 -35.3632 12.5782 166.645 -0.850069 -0.00572209 0.52664 -39.3851 12.9313 165.911 -0.871286 0.00470158 0.490781 -35.3632 12.5782 166.645 -0.850069 -0.00572209 0.52664 
11576329 -35.3528 3.18011 161.415 -0.857183 -0.0420723 0.513291 -40.0456 4.90808 159.622 -0.873929 -0.0267445 0.48525 -35.3528 3.18011 161.415 -0.857183 -0.0420723 0.513291 
12701396 -34.7894 -17.3664 172 -0.895651 -0.00181282 0.444754 -39.5599 -10.8316 168.149 -0.895359 -0.0127696 0.445063 -34.7894 -17.3664 172 -0.895651 -0.00181282 0.444754 
13190724 -34.8318 -15.5472 189.159 -0.893533 -0.000897702 0.448996 -38.6348 -11.9873 184.773 -0.89333 -0.0137133 0.449095 -34.8318 -15.5472 189.159 -0.893533 -0.000897702 0.448996 
13473267 -34.721 -9.74741 195.083 -0.884306 0.00725769 0.466852 -39.2091 -8.21159 191.543 -0.890707 -0.00534835 0.454437 -34.721 -9.74741 195.083 -0.884306 0.00725769 0.466852 
13939085 -36.1642 4.77686 197.678 -0.87261 0.0412751 0.48667 -39.0852 0.775157 196.03 -0.881462 0.0307965 0.471106 -36.1642 4.77686 197.678 -0.87261 0.0412751 0.48667 
14106562 -35.6815 8.26732 196.68 -0.8674 0.0442045 0.495645 -39.0903 4.2789 195.325 -0.87873 0.0379016 0.475751 -35.6815 8.26732 196.68 -0.8674 0.0442045 0.495645 
14278382 -35.5573 11.6811 194.656 -0.866223 0.0433058 0.497778 -39.1465 8.25335 193.529 -0.877922 0.0518232 0.476072 -35.5573 11.6811 194.656 -0.866223 0.0433058 0.497778 
14441832 -35.4296 14.521 191.755 -0.86603 0.0403405 0.498363 -39.1043 12.0295 190.876 -0.878195 0.0711481 0.47283 -35.4296 14.521 191.755 -0.86603 0.0403405 0.498363 
14585450 -35.2527 16.4764 188.782 -0.865138 0.0394377 0.499981 -39.3335 14.3942 187.81 -0.878805 0.0749643 0.47114 -35.2527 16.4764 188.782 -0.865138 0.0394377 0.499981 
14745084 -35.1071 17.8721 185.004 -0.863397 0.0357756 0.503256 -39.2026 15.9977 184.307 -0.879476 0.0708406 0.470535 -35.1071 17.8721 185.004 -0.863397 0.0357756 0.503256 
14865554 -35.0398 18.4291 181.85 -0.86136 0.0332517 0.506905 -39.0657 15.726 181.487 -0.879012 0.0412234 0.475048 -35.0398 18.4291 181.85 -0.86136 0.0332517 0.506905 
14970574 -34.9868 18.6216 179.156 -0.859206 0.0316792 0.510647 -39.086 15.9483 179 -0.8778 0.0335733 0.477818 -34.9868 18.6216 179.156 -0.859206 0.0316792 0.510647 
15084431 -34.9787 18.2965 176.345 -0.85644 0.0257509 0.515604 -39.025 15.8868 176.071 -0.876421 0.0299608 0.480714 -34.9787 18.2965 176.345 -0.85644 0.0257509 0.515604 
15249007 -35.1354 16.9862 172.452 -0.853667 0.0139814 0.520632 -39.1707 15.1972 172.132 -0.873412 0.02038 0.48657 -35.1354 16.9862 172.452 -0.853667 0.0139814 0.520632 
15464353 -35.2419 13.9253 167.954 -0.850128 -0.000461514 0.526576 -39.2889 13.7035 167.338 -0.871143 0.00971924 0.490757 -35.2419 13.9253 167.954 -0.850128 -0.000461514 0.526576 
15686744 -35.6138 9.54498 164.349 -0.852532 -0.0151331 0.522455 -39.8203 10.3696 163.202 -0.87057 -0.025676 0.491283 -35.6138 9.54498 164.349 -0.852532 -0.0151331 0.522455 
16168688 -34.804 -3.8129 161.978 -0.871601 -0.0343504 0.48901 -41.0831 3.53576 159.301 -0.885142 -0.0131988 0.465218 -34.804 -3.8129 161.978 -0.871601 -0.0343504 0.48901 
17462897 -34.8771 -18.4505 182.178 -0.897146 0.000674072 0.441733 -38.8576 -12.6281 178.349 -0.895095 -0.011429 0.445632 -34.8771 -18.4505 182.178 -0.897146 0.000674072 0.441733 
17743763 -34.8086 -14.5141 190.732 -0.891685 0.000901771 0.452656 -38.7995 -11.4823 186.415 -0.89234 -0.0126439 0.451249 -34.8086 -14.5141 190.732 -0.891685 0.000901771 0.452656 
18228689 -34.8311 -4.47146 197.79 -0.87481 0.0309972 0.483474 -39.3357 -2.90819 194.979 -0.885489 0.0160227 0.464257 -34.8311 -4.47146 197.79 -0.87481 0.0309972 0.483474 
18450020 -36.0438 5.12733 197.632 -0.871423 0.0414043 0.488782 -39.0695 0.998551 196.008 -0.880726 0.0306467 0.472689 -36.0438 5.12733 197.632 -0.871423 0.0414043 0.488782 
18615063 -35.6276 8.49306 196.568 -0.867134 0.0438605 0.496141 -38.9606 4.48534 195.201 -0.878468 0.0380124 0.476233 -35.6276 8.49306 196.568 -0.867134 0.0438605 0.496141 
18778113 -35.5201 11.7661 194.625 -0.866401 0.0427975 0.497511 -39.0258 8.34759 193.414 -0.877899 0.0520624 0.475942 -35.5201 11.7661 194.625 -0.866401 0.0427975 0.497511 
18943807 -35.4086 14.6118 191.794 -0.86653 0.0402249 0.497502 -39.1943 12.2243 190.763 -0.878182 0.0749377 0.472354 -35.4086 14.6118 191.794 -0.86653 0.0402249 0.497502 
19099546 -35.2195 16.7022 188.408 -0.865621 0.0382501 0.499236 -39.2999 14.69 187.585 -0.87909 0.0782791 0.470193 -35.2195 16.7022 188.408 -0.865621 0.0382501 0.499236 
19264829 -35.0717 17.9982 184.472 -0.863686 0.0347807 0.502829 -39.1858 16.1841 183.858 -0.879477 0.0732826 0.470098 -35.0717 17.9982 184.472 -0.863686 0.0347807 0.502829 
19380093 -35.0242 18.4928 181.557 -0.861874 0.0326447 0.50607 -39.1707 15.841 181.15 -0.878915 0.0409682 0.475054 -35.0242 18.4928 181.557 -0.861874 0.0326447 0.50607 
19478685 -34.9945 18.6169 178.955 -0.85984 0.0308495 0.509631 -39.0982 15.849 178.782 -0.878 0.031624 0.477633 -34.9945 18.6169 178.955 -0.85984 0.0308495 0.509631 
19598393 -34.9812 18.2214 176.044 -0.85698 0.0246186 0.51476 -39.1422 15.9045 175.734 -0.876225 0.0282348 0.481128 -34.9812 18.2214 176.044 -0.85698 0.0246186 0.51476 
19767236 -35.0605 16.7842 171.989 -0.853208 0.0123405 0.521424 -39.0738 15.079 171.693 -0.873726 0.0185539 0.486016 -35.0605 16.7842 171.989 -0.853208 0.0123405 0.521424 
19979501 -35.2761 13.6249 167.648 -0.850764 -0.00274177 0.52554 -39.3124 13.4922 167.015 -0.871494 0.00752895 0.490214 -35.2761 13.6249 167.648 -0.850764 -0.00274177 0.52554 
20212400 -35.6261 8.9185 164.082 -0.853458 -0.0173493 0.520873 -39.879 9.85743 162.891 -0.870784 -0.0313217 0.490594 -35.6261 8.9185 164.082 -0.853458 -0.0173493 0.520873 
20817451 -34.2783 -6.68735 162.602 -0.875619 -0.0285437 0.482158 -40.9753 0.951714 159.66 -0.888482 -0.0128159 0.458533 -34.2783 -6.68735 162.602 -0.875619 -0.0285437 0.482158 
22074715 -34.8783 -17.1041 185.656 -0.894817 0.00268499 0.446425 -38.8078 -12.3412 181.114 -0.894168 -0.00974737 0.447525 -34.8783 -17.1041 185.656 -0.894817 0.00268499 0.446425 
22351275 -34.8061 -12.4231 192.933 -0.888498 0.00316604 0.45887 -38.8921 -10.4001 188.943 -0.891814 -0.0111926 0.4523 -34.8061 -12.4231 192.933 -0.888498 0.00316604 0.45887 
22817246 -34.8537 -2.9397 198.051 -0.871872 0.0360483 0.488406 -39.3064 -1.49892 195.58 -0.883897 0.0229435 0.46709 -34.8537 -2.9397 198.051 -0.871872 0.0360483 0.488406 
23005247 -35.8772 6.24525 197.374 -0.86972 0.0425352 0.491709 -38.968 2.08987 195.848 -0.879681 0.0323089 0.474337 -35.8772 6.24525 197.374 -0.86972 0.0425352 0.491709 
23168580 -35.5625 9.62143 196.026 -0.866665 0.0438736 0.496957 -38.9669 5.57222 194.72 -0.878229 0.0403294 0.47653 -35.5625 9.62143 196.026 -0.866665 0.0438736 0.496957 
23328213 -35.5087 12.7156 193.808 -0.866793 0.0421467 0.496884 -38.9961 9.67437 192.72 -0.878206 0.0636972 0.474023 -35.5087 12.7156 193.808 -0.866793 0.0421467 0.496884 
23493440 -35.426 15.2789 190.809 -0.867267 0.0389752 0.496315 -39.231 12.9638 189.863 -0.878928 0.0774187 0.470705 -35.426 15.2789 190.809 -0.867267 0.0389752 0.496315 
23647684 -35.1604 17.1703 187.301 -0.865348 0.0376004 0.49976 -39.2425 15.3065 186.46 -0.879527 0.0801301 0.469046 -35.1604 17.1703 187.301 -0.865348 0.0376004 0.49976 
23806192 -35.0495 18.1929 183.396 -0.863296 0.0332241 0.503604 -39.1972 16.2494 182.842 -0.879638 0.0631488 0.47137 -35.0495 18.1929 183.396 -0.863296 0.0332241 0.503604 
23916198 -34.9961 18.5746 180.578 -0.86134 0.0324548 0.506991 -39.0921 15.6308 180.26 -0.879079 0.0357148 0.47533 -34.9961 18.5746 180.578 -0.86134 0.0324548 0.506991 
24020015 -34.9582 18.5231 177.879 -0.858918 0.029291 0.511275 -39.0047 15.8193 177.659 -0.877655 0.0301354 0.478282 -34.9582 18.5231 177.879 -0.858918 0.029291 0.511275 
24168890 -34.9986 17.7383 174.272 -0.855601 0.0204382 0.517232 -39.0947 15.5556 174.052 -0.875335 0.0235352 0.482962 -34.9986 17.7383 174.272 -0.855601 0.0204382 0.517232 
24353687 -35.1261 15.7315 170.184 -0.852152 0.00728918 0.523243 -39.1673 14.5133 169.679 -0.872502 0.0134707 0.488468 -35.1261 15.7315 170.184 -0.852152 0.00728918 0.523243 
24574587 -35.4161 11.8843 166.039 -0.851217 -0.00865808 0.524742 -39.5604 12.4186 165.152 -0.871509 -0.00105853 0.49034 -35.4161 11.8843 166.039 -0.851217 -0.00865808 0.524742 
25124104 -36.0254 2.1616 161.376 -0.867576 -0.0370812 0.49592 -40.1774 4.53129 159.327 -0.875794 -0.0218599 0.482202 -36.0254 2.1616 161.376 -0.867576 -0.0370812 0.49592 
26326055 -34.8912 -18.3008 176.546 -0.898066 -0.00127255 0.439859 -39.2712 -11.7504 172.527 -0.895479 -0.0115309 0.445029 -34.8912 -18.3008 176.546 -0.898066 -0.00127255 0.439859 
26708448 -34.8205 -15.085 190.088 -0.892408 -0.00155491 0.451227 -38.9488 -11.8063 185.766 -0.892782 -0.0144717 0.450209 -34.8205 -15.085 190.088 -0.892408 -0.00155491 0.451227 
26982524 -34.7786 -9.39881 195.366 -0.883686 0.00746226 0.468021 -39.2859 -7.86089 191.861 -0.890295 -0.00499662 0.455277 -34.7786 -9.39881 195.366 -0.883686 0.00746226 0.468021 
27396665 -34.9735 -1.41631 198.059 -0.869647 0.0354129 0.492403 -39.0635 -0.0830156 195.946 -0.881705 0.0260269 0.470881 -34.9735 -1.41631 198.059 -0.869647 0.0354129 0.492403 
27565727 -35.69 7.51319 196.994 -0.867762 0.0423288 0.495175 -38.9548 3.40431 195.572 -0.878807 0.0347207 0.475844 -35.69 7.51319 196.994 -0.867762 0.0423288 0.495175 
27726585 -35.538 10.7604 195.329 -0.86636 0.0426973 0.497592 -39.0416 7.07824 194.116 -0.877877 0.0461879 0.4766 -35.538 10.7604 195.329 -0.86636 0.0426973 0.497592 
27893215 -35.4629 13.8145 192.74 -0.866616 0.0408924 0.497298 -39.0746 11.1516 191.679 -0.878057 0.0712677 0.473192 -35.4629 13.8145 192.74 -0.866616 0.0408924 0.497298 
28055908 -35.2734 16.1468 189.431 -0.866014 0.0379815 0.498575 -39.3597 14.059 188.491 -0.878694 0.0772796 0.47095 -35.2734 16.1468 189.431 -0.866014 0.0379815 0.498575 
28211250 -35.1146 17.6801 185.816 -0.864443 0.0355042 0.501476 -39.3135 15.8783 185.21 -0.879475 0.0757317 0.469905 -35.1146 17.6801 185.816 -0.864443 0.0355042 0.501476 
28342913 -35.0461 18.3446 182.45 -0.862549 0.0325377 0.504926 -39.2439 16.002 182.052 -0.87933 0.0515175 0.473412 -35.0461 18.3446 182.45 -0.862549 0.0325377 0.504926 
28449989 -34.9964 18.6068 179.754 -0.860506 0.0317159 0.508453 -39.0955 15.7412 179.356 -0.878732 0.0330071 0.476259 -34.9964 18.6068 179.754 -0.860506 0.0317159 0.508453 
28557395 -34.9719 18.3923 176.926 -0.857841 0.026982 0.513206 -39.126 15.9198 176.636 -0.876734 0.029361 0.480125 -34.9719 18.3923 176.926 -0.857841 0.026982 0.513206 
28722549 -35.0346 17.2613 173.037 -0.854276 0.0162403 0.519566 -38.9154 15.2997 172.82 -0.874853 0.02094 0.484008 -35.0346 17.2613 173.037 -0.854276 0.0162403 0.519566 
28923385 -35.2475 14.6905 168.756 -0.851655 0.0022083 0.524098 -39.2625 13.8414 168.124 -0.871689 0.00925848 0.489922 -35.2475 14.6905 168.756 -0.851655 0.0022083 0.524098 
29144243 -35.5287 10.4965 165.003 -0.851923 -0.0130682 0.523505 -39.6748 11.4674 163.962 -0.871814 -0.0100101 0.489625 -35.5287 10.4965 165.003 -0.851923 -0.0130682 0.523505 
29552384 -36.4354 3.1616 161.458 -0.869874 -0.0316365 0.492259 -40.7064 5.51862 159.475 -0.879491 -0.0129632 0.475764 -36.4354 3.1616 161.458 -0.869874 -0.0316365 0.492259 
30543206 -34.6692 -15.0734 167.976 -0.890991 -0.00533565 0.453989 -40.1175 -8.2174 164.387 -0.894981 -0.0103295 0.445843 -34.6692 -15.0734 167.976 -0.890991 -0.00533565 0.453989 
31186640 -34.8142 -15.6328 188.897 -0.893474 -4.91745e-007 0.449115 -38.9659 -11.8675 184.211 -0.893103 -0.0127404 0.449552 -34.8142 -15.6328 188.897 -0.893474 -4.91745e-007 0.449115 
31448301 -34.7499 -10.3088 194.584 -0.885493 0.00665978 0.464605 -39.2569 -8.66279 191.006 -0.891181 -0.00630704 0.453616 -34.7499 -10.3088 194.584 -0.885493 0.00665978 0.464605 
31848055 -34.8249 -2.34422 197.983 -0.870488 0.0341172 0.491007 -39.1481 -0.96406 195.654 -0.882763 0.0242398 0.469114 -34.8249 -2.34422 197.983 -0.870488 0.0341172 0.491007 
32024650 -35.8052 6.62123 197.209 -0.868895 0.0411909 0.49328 -39.04 2.54212 195.714 -0.879181 0.0322912 0.475431 -35.8052 6.62123 197.209 -0.868895 0.0411909 0.49328 
32197748 -35.5481 10.115 195.643 -0.866261 0.0429773 0.497739 -39.0153 6.23294 194.474 -0.877992 0.0414201 0.476861 -35.5481 10.115 195.643 -0.866261 0.0429773 0.497739 
32362823 -35.5515 13.2224 193.258 -0.866981 0.0408176 0.496667 -39.0383 10.4183 192.138 -0.877895 0.066739 0.474175 -35.5515 13.2224 193.258 -0.866981 0.0408176 0.496667 
32528798 -35.3183 15.8085 190.004 -0.866078 0.0384671 0.498426 -39.2877 13.62 188.949 -0.878731 0.0769155 0.470961 -35.3183 15.8085 190.004 -0.866078 0.0384671 0.498426 
32677219 -35.1406 17.418 186.594 -0.864612 0.0372236 0.50106 -39.2193 15.6351 185.776 -0.879316 0.078529 0.469578 -35.1406 17.418 186.594 -0.864612 0.0372236 0.50106 
32823811 -35.1232 18.271 182.983 -0.863327 0.0326122 0.50359 -39.1245 15.9717 182.397 -0.879764 0.0545948 0.472229 -35.1232 18.271 182.983 -0.863327 0.0326122 0.50359 
32929826 -34.9907 18.598 180.192 -0.860559 0.0322429 0.508329 -39.0964 15.6336 180.035 -0.878932 0.034726 0.475601 -34.9907 18.598 180.192 -0.860559 0.0322429 0.508329 
33030011 -34.9692 18.509 177.631 -0.858265 0.0286868 0.512405 -39.1249 15.8199 177.426 -0.876983 0.0305944 0.479482 -34.9692 18.509 177.631 -0.858265 0.0286868 0.512405 
33165438 -34.9874 17.755 174.396 -0.855107 0.0203451 0.518052 -38.985 15.5421 174.049 -0.875186 0.0237727 0.483197 -34.9874 17.755 174.396 -0.855107 0.0203451 0.518052 
33356909 -35.1135 15.6436 170.078 -0.851488 0.00678999 0.52433 -39.1848 14.398 169.672 -0.871831 0.0139261 0.489545 -35.1135 15.6436 170.078 -0.851488 0.00678999 0.52433 
33580501 -35.4309 11.7208 165.873 -0.850955 -0.00891497 0.525163 -39.4617 12.308 165.045 -0.871551 -0.00265602 0.490142 -35.4309 11.7208 165.873 -0.850955 -0.00891497 0.525163 
34119562 -36.0473 2.26637 161.352 -0.867509 -0.0369631 0.496046 -40.2691 4.75676 159.316 -0.875457 -0.0210172 0.482784 -36.0473 2.26637 161.352 -0.867509 -0.0369631 0.496046 
35302982 -34.8305 -18.1467 175.807 -0.897203 -0.00143044 0.441617 -39.3705 -11.5474 171.631 -0.895554 -0.01104 0.444771 -34.8305 -18.1467 175.807 -0.897203 -0.00143044 0.441617 
35699510 -34.8218 -15.3292 189.854 -0.892787 -5.98662e-005 0.45048 -38.9415 -11.7243 185.321 -0.892979 -0.0127457 0.449795 -34.8218 -15.3292 189.854 -0.892787 -5.98662e-005 0.45048 
35983656 -34.7725 -9.49308 195.327 -0.883758 0.00833221 0.467871 -39.1827 -7.98448 191.87 -0.890656 -0.00485926 0.454545 -34.7725 -9.49308 195.327 -0.883758 0.00833221 0.467871 
36426836 -35.0911 -0.840512 198.014 -0.869547 0.0378 0.492402 -39.1316 0.340436 195.93 -0.881475 0.0294523 0.471267 -35.0911 -0.840512 198.014 -0.869547 0.0378 0.492402 
36595782 -35.6592 7.99116 196.771 -0.867395 0.0436415 0.495703 -39.0115 3.95031 195.444 -0.878742 0.0365575 0.475912 -35.6592 7.99116 196.771 -0.867395 0.0436415 0.495703 
36756713 -35.5498 11.3167 194.927 -0.866449 0.0428905 0.497421 -39.0888 7.70605 193.768 -0.877938 0.050472 0.475989 -35.5498 11.3167 194.927 -0.866449 0.0428905 0.497421 
36921825 -35.4408 14.2655 192.192 -0.866495 0.0407268 0.497522 -39.1463 11.5826 191.222 -0.878057 0.0724904 0.473034 -35.4408 14.2655 192.192 -0.866495 0.0407268 0.497522 
37069941 -35.2691 16.3393 189.09 -0.865802 0.0389274 0.49887 -39.2254 14.253 188.158 -0.87924 0.0780416 0.469958 -35.2691 16.3393 189.09 -0.865802 0.0389274 0.49887 
37234219 -35.1057 17.8493 185.215 -0.864025 0.0359229 0.502165 -39.3256 15.8808 184.53 -0.87909 0.0733916 0.470945 -35.1057 17.8493 185.215 -0.864025 0.0359229 0.502165 
37357538 -35.0425 18.4056 182.085 -0.862126 0.033117 0.50561 -39.0571 15.6981 181.726 -0.879634 0.0449183 0.473362 -35.0425 18.4056 182.085 -0.862126 0.033117 0.50561 
37461786 -34.993 18.6175 179.364 -0.859968 0.0317641 0.509358 -39.1175 15.6264 179.121 -0.877886 0.0327235 0.477844 -34.993 18.6175 179.364 -0.859968 0.0317641 0.509358 
37571182 -34.9697 18.3479 176.69 -0.857363 0.0265856 0.514025 -39.1438 15.8003 176.409 -0.876335 0.0295878 0.480846 -34.9697 18.3479 176.69 -0.857363 0.0265856 0.514025 
37733216 -35.0346 17.1158 172.702 -0.853702 0.0152321 0.520539 -39.0639 15.089 172.473 -0.873711 0.0199051 0.486099 -35.0346 17.1158 172.702 -0.853702 0.0152321 0.520539 
37940441 -35.2172 14.3505 168.412 -0.850793 0.00102623 0.5255 -39.2915 13.6109 167.791 -0.871453 0.00912644 0.490412 -35.2172 14.3505 168.412 -0.850793 0.00102623 0.5255 
38165681 -35.5802 9.98319 164.66 -0.852356 -0.0143161 0.522767 -39.7528 10.8436 163.528 -0.871305 -0.0159306 0.4904 -35.5802 9.98319 164.66 -0.852356 -0.0143161 0.522767 
38624886 -36.6825 1.87916 161.37 -0.87475 -0.0339884 0.48338 -40.9169 4.30827 159.233 -0.882594 -0.0139316 0.469847 -36.6825 1.87916 161.37 -0.87475 -0.0339884 0.48338 
39932328 -34.9437 -18.6333 178.788 -0.898696 -0.00123944 0.43857 -39.182 -12.2391 175.004 -0.895805 -0.0122557 0.444321 -34.9437 -18.6333 178.788 -0.898696 -0.00123944 0.43857 
40221595 -34.7027 -15.1084 189.93 -0.892085 -0.00204125 0.451862 -38.9462 -11.8153 185.554 -0.893379 -0.0141988 0.449109 -34.7027 -15.1084 189.93 -0.892085 -0.00204125 0.451862 
40601044 -34.7487 -9.0836 195.383 -0.883408 0.00859761 0.468527 -39.2453 -7.5295 191.971 -0.890865 -0.0044774 0.454292 -34.7487 -9.0836 195.383 -0.883408 0.00859761 0.468527 
40920815 -35.0769 -0.897289 197.966 -0.869654 0.0365539 0.492307 -39.151 0.136664 195.832 -0.881963 0.027146 0.470485 -35.0769 -0.897289 197.966 -0.869654 0.0365539 0.492307 
41086627 -35.6966 7.92442 196.785 -0.867557 0.0429937 0.495477 -39.032 3.73635 195.345 -0.879118 0.0353472 0.475219 -35.6966 7.92442 196.785 -0.867557 0.0429937 0.495477 
41244514 -35.5711 11.0852 195.08 -0.866246 0.0430335 0.49776 -39.1199 7.40009 193.889 -0.878075 0.0479104 0.476065 -35.5711 11.0852 195.08 -0.866246 0.0430335 0.49776 
41403576 -35.4799 13.9803 192.501 -0.866255 0.0410007 0.497917 -39.1877 11.1757 191.455 -0.878143 0.0691952 0.473375 -35.4799 13.9803 192.501 -0.866255 0.0410007 0.497917 
41556533 -35.3011 16.188 189.36 -0.865522 0.0383161 0.499403 -39.3712 13.9686 188.38 -0.878828 0.0747251 0.47127 -35.3011 16.188 189.36 -0.865522 0.0383161 0.499403 
41703506 -35.1381 17.615 185.997 -0.863942 0.0370092 0.50223 -39.2219 15.6527 185.329 -0.879649 0.0752514 0.469677 -35.1381 17.615 185.997 -0.863942 0.0370092 0.50223 
41834432 -35.0538 18.3243 182.642 -0.861939 0.0333761 0.505912 -39.1736 15.5895 182.286 -0.879481 0.0476083 0.473527 -35.0538 18.3243 182.642 -0.861939 0.0333761 0.505912 
41939122 -35.0051 18.6005 179.953 -0.859924 0.0320625 0.509415 -39.2191 15.6424 179.686 -0.878135 0.0339569 0.477201 -35.0051 18.6005 179.953 -0.859924 0.0320625 0.509415 
42043478 -35.0499 18.4649 177.344 -0.858185 0.027834 0.512586 -39.1305 15.8092 177.089 -0.876846 0.0307104 0.479721 -35.0499 18.4649 177.344 -0.858185 0.027834 0.512586 
42202717 -35.0229 17.4245 173.451 -0.853881 0.0175588 0.520171 -39.036 15.2064 173.154 -0.874567 0.0212935 0.484482 -35.0229 17.4245 173.451 -0.853881 0.0175588 0.520171 
42397472 -35.1645 15.0489 169.27 -0.850716 0.00434131 0.525608 -39.1316 13.9489 168.788 -0.871686 0.0104883 0.490009 -35.1645 15.0489 169.27 -0.850716 0.00434131 0.525608 
42623279 -35.4934 10.9118 165.276 -0.851149 -0.0111993 0.524805 -39.6626 11.5665 164.286 -0.871447 -0.00769137 0.490409 -35.4934 10.9118 165.276 -0.851149 -0.0111993 0.524805 
43237718 -34.1339 -4.81984 162.133 -0.868186 -0.0380926 0.494774 -40.6218 2.85099 159.268 -0.882315 -0.0172604 0.470306 -34.1339 -4.81984 162.133 -0.868186 -0.0380926 0.494774 
44501893 -34.8754 -17.8813 183.862 -0.895769 0.00408049 0.444501 -38.8258 -12.3991 179.664 -0.894239 -0.00802316 0.447476 -34.8754 -17.8813 183.862 -0.895769 0.00408049 0.444501 
44780607 -34.8044 -13.7335 191.727 -0.890145 0.00264318 0.455669 -38.864 -11.1093 187.627 -0.892014 -0.0119192 0.451957 -34.8044 -13.7335 191.727 -0.890145 0.00264318 0.455669 
