1994 40.1366 -0.777504 187.256 -0.186215 -0.0110599 0.982447 41.2897 8.08232 181.526 -0.173385 0.19179 0.965963 0 3.14159 43.0481 0 -0.034925 40.1366 -0.777504 187.256 -0.186215 -0.0110599 0.982447 
89157 40.2047 -2.56049 187.785 -0.182436 -0.0594185 0.981421 41.2893 7.97523 181.64 -0.173389 0.191546 0.965968 -0.107727 3.13297 43.0147 0.045676 0.5207 40.2047 -2.56049 187.785 -0.182436 -0.0594185 0.981421 
176566 40.4456 -4.75199 187.854 -0.165363 -0.15686 0.973679 41.0181 7.04652 182.397 -0.181555 0.149661 0.971774 -0.278365 3.13642 42.8052 0.143061 1.12712 40.4456 -4.75199 187.854 -0.165363 -0.15686 0.973679 
264662 40.2436 -4.98222 187.743 -0.163415 -0.164802 0.972695 39.8651 6.38466 183.285 -0.190393 0.104826 0.976058 -0.442684 3.01232 42.756 0.226657 1.96374 40.2436 -4.98222 187.743 -0.163415 -0.164802 0.972695 
351847 39.8526 -5.10549 187.834 -0.164803 -0.165213 0.972391 39.154 7.28874 184.202 -0.195034 0.130824 0.971928 -0.555294 2.93734 42.7639 0.276642 2.77812 39.8526 -5.10549 187.834 -0.164803 -0.165213 0.972391 
439275 38.6257 -5.01613 188.014 -0.168968 -0.15579 0.973231 38.1006 7.84873 185.249 -0.19929 0.15863 0.966903 -0.753511 2.84513 42.5639 0.363685 3.64172 38.6257 -5.01613 188.014 -0.168968 -0.15579 0.973231 
526305 35.7233 -6.01591 188.435 -0.184546 -0.147007 0.971767 34.7463 4.8115 186.348 -0.227579 0.0974408 0.968793 -1.02355 2.79859 41.4796 0.471411 4.03543 35.7233 -6.01591 188.435 -0.184546 -0.147007 0.971767 
614562 34.1065 -6.08383 188.397 -0.191065 -0.145269 0.970768 32.0916 2.43424 186.413 -0.235148 0.0336218 0.971243 -1.12409 2.78796 40.5351 0.515076 4.18147 34.1065 -6.08383 188.397 -0.191065 -0.145269 0.970768 
701740 32.3783 -5.74416 188.373 -0.198528 -0.144225 0.969426 30.7341 1.28631 185.895 -0.236248 0.00214246 0.971637 -1.21889 2.77073 39.5969 0.563912 4.2418 32.3783 -5.74416 188.373 -0.198528 -0.144225 0.969426 
789386 30.3003 -4.64438 188.531 -0.209282 -0.14242 0.967428 29.0755 0.84172 185.489 -0.239539 -0.0201724 0.970651 -1.34041 2.71959 38.7587 0.646359 4.2418 30.3003 -4.64438 188.531 -0.209282 -0.14242 0.967428 
876293 28.464 -2.78997 189.103 -0.22464 -0.138535 0.964544 26.5071 1.52252 185.312 -0.250704 -0.0293424 0.967536 -1.46192 2.63226 38.638 0.755235 4.21322 28.464 -2.78997 189.103 -0.22464 -0.138535 0.964544 
964637 27.8496 -1.30717 189.721 -0.237863 -0.135373 0.961819 24.2515 3.27416 185.569 -0.268938 -0.0210957 0.962807 -1.49754 2.58802 39.2571 0.817572 4.01638 27.8496 -1.30717 189.721 -0.237863 -0.135373 0.961819 
1051608 28.1783 -0.130122 190.374 -0.250562 -0.131369 0.959146 23.3618 4.65857 185.913 -0.278652 -0.0235653 0.960031 -1.4714 2.57969 40.4557 0.841129 3.54806 28.1783 -0.130122 190.374 -0.250562 -0.131369 0.959146 
1138885 28.7801 0.846668 190.97 -0.264074 -0.126824 0.956128 23.2645 5.57169 186.376 -0.290178 -0.0244319 0.956632 -1.42917 2.58113 41.8844 0.850609 2.88131 28.7801 0.846668 190.97 -0.264074 -0.126824 0.956128 
1226112 29.4402 1.7465 191.404 -0.276537 -0.12157 0.953283 23.3134 6.88031 186.949 -0.304558 -0.0197805 0.952178 -1.3835 2.58486 43.3275 0.854343 2.08756 29.4402 1.7465 191.404 -0.276537 -0.12157 0.953283 
1314507 29.8892 2.33421 191.668 -0.288279 -0.117514 0.950308 23.4432 8.26847 187.287 -0.31571 -0.0123504 0.948732 -1.3496 2.58716 44.6689 0.854343 1.21285 29.8892 2.33421 191.668 -0.288279 -0.117514 0.950308 
1401441 30.2162 2.77947 191.917 -0.298673 -0.114429 0.947471 23.5579 9.125 187.526 -0.326302 -0.00798551 0.945097 -1.31972 2.59061 45.9834 0.850896 0.373063 30.2162 2.77947 191.917 -0.298673 -0.114429 0.947471 
1489542 30.4185 3.08158 192.111 -0.307536 -0.11362 0.944729 23.7838 9.87495 187.878 -0.336902 -0.00410874 0.941472 -1.29214 2.59693 47.2534 0.844289 -0.468312 30.4185 3.08158 192.111 -0.307536 -0.11362 0.944729 
1575977 30.4826 3.46988 192.288 -0.316512 -0.112252 0.941923 23.8942 10.5231 188.123 -0.347398 -0.00133701 0.937623 -1.2637 2.60325 48.5996 0.835383 -1.36207 30.4826 3.46988 192.288 -0.316512 -0.112252 0.941923 
1664468 30.3591 3.99575 192.416 -0.326408 -0.109174 0.938903 24.1053 11.057 188.256 -0.35704 0.00130414 0.934012 -1.24101 2.60468 49.8648 0.829925 -2.25107 30.3591 3.99575 192.416 -0.326408 -0.109174 0.938903 
1751467 30.0136 4.60921 192.479 -0.336053 -0.105702 0.935893 24.0967 11.5908 188.505 -0.366919 0.00455441 0.930147 -1.23814 2.59492 50.657 0.838543 -2.85274 30.0136 4.60921 192.479 -0.336053 -0.105702 0.935893 
1838827 29.4462 5.33887 192.512 -0.346625 -0.099981 0.93266 23.7468 12.2337 188.642 -0.376054 0.00840821 0.926506 -1.25796 2.57079 50.9824 0.862674 -3.15754 29.4462 5.33887 192.512 -0.346625 -0.099981 0.93266 
1925834 28.7724 6.15907 192.547 -0.357382 -0.0939539 0.929221 23.245 12.7854 188.545 -0.381305 0.00978922 0.924338 -1.27922 2.5435 51.1761 0.889965 -3.34169 28.7724 6.15907 192.547 -0.357382 -0.0939539 0.929221 
2013103 28.0878 7.03887 192.667 -0.368044 -0.0870862 0.925721 22.7438 13.4429 188.557 -0.386298 0.012023 0.922272 -1.29645 2.51793 51.3571 0.915532 -3.44646 28.0878 7.03887 192.667 -0.368044 -0.0870862 0.925721 
2101341 27.4139 7.92497 192.779 -0.377784 -0.0817738 0.922276 22.1465 14.2866 188.683 -0.392449 0.018657 0.91952 -1.31197 2.49294 51.5698 0.940524 -3.54489 27.4139 7.92497 192.779 -0.377784 -0.0817738 0.922276 
2188968 26.8086 8.67399 192.869 -0.3869 -0.076728 0.918924 21.5477 15.1156 188.699 -0.398581 0.0266309 0.91662 -1.32374 2.47139 51.8444 0.960059 -3.70205 26.8086 8.67399 192.869 -0.3869 -0.076728 0.918924 
2275727 26.1459 9.42137 193.009 -0.396545 -0.070128 0.915333 21.0617 15.7208 188.831 -0.405079 0.0347301 0.913598 -1.33667 2.44783 52.1381 0.979306 -3.82429 26.1459 9.42137 193.009 -0.396545 -0.070128 0.915333 
2364621 25.5365 10.0673 193.141 -0.405382 -0.0644137 0.911875 20.5775 16.4421 188.963 -0.411587 0.0423364 0.910343 -1.34816 2.42629 52.4239 0.995393 -3.94176 25.5365 10.0673 193.141 -0.405382 -0.0644137 0.911875 
2451209 24.9406 10.6192 193.294 -0.414366 -0.0589941 0.908196 20.2054 17.0422 189.099 -0.418328 0.0507958 0.906829 -1.35965 2.40589 52.7858 1.00918 -4.1021 24.9406 10.6192 193.294 -0.414366 -0.0589941 0.908196 
2538834 24.4124 11.0834 193.45 -0.423097 -0.0536034 0.904497 19.6084 17.5421 189.24 -0.425084 0.0583986 0.90321 -1.36913 2.38779 53.2208 1.01952 -4.31165 24.4124 11.0834 193.45 -0.423097 -0.0536034 0.904497 
2625806 23.9853 11.4596 193.626 -0.431481 -0.0482878 0.900829 19.2438 18.0351 189.384 -0.432817 0.0663707 0.898984 -1.37545 2.37286 53.7335 1.02584 -4.55454 23.9853 11.4596 193.626 -0.431481 -0.0482878 0.900829 
2712973 23.5817 11.8441 193.85 -0.439864 -0.0422481 0.89707 18.8669 18.3221 189.53 -0.439599 0.0725042 0.89515 -1.38062 2.35792 54.2749 1.03101 -4.76726 23.5817 11.8441 193.85 -0.439864 -0.0422481 0.89707 
2801854 23.2223 12.1579 194.137 -0.448164 -0.036892 0.89319 18.609 18.7188 189.785 -0.446867 0.0788847 0.891073 -1.38493 2.34499 54.8686 1.03446 -4.96094 23.2223 12.1579 194.137 -0.448164 -0.036892 0.89319 
2888570 22.9023 12.3528 194.484 -0.456791 -0.0311611 0.889028 18.3529 19.005 190.158 -0.454381 0.0853837 0.886629 -1.38924 2.33321 55.4893 1.03504 -5.12445 22.9023 12.3528 194.484 -0.456791 -0.0311611 0.889028 
2975754 22.5875 12.4897 194.814 -0.464749 -0.0262179 0.885054 17.9731 19.1781 190.42 -0.460914 0.0919967 0.882539 -1.39527 2.32258 56.0703 1.03504 -5.28161 22.5875 12.4897 194.814 -0.464749 -0.0262179 0.885054 
3062900 22.2508 12.5899 195.182 -0.472917 -0.020994 0.880857 17.8247 19.3578 190.904 -0.468068 0.0980043 0.878223 -1.40274 2.31109 56.6831 1.03504 -5.43084 22.2508 12.5899 195.182 -0.472917 -0.020994 0.880857 
3151822 21.9497 12.6771 195.516 -0.480188 -0.0164468 0.877011 17.5527 19.4312 191.166 -0.474379 0.103149 0.87416 -1.40935 2.30104 57.2451 1.03504 -5.57212 21.9497 12.6771 195.516 -0.480188 -0.0164468 0.877011 
3238427 21.7145 12.7369 195.893 -0.487235 -0.0120024 0.873188 17.3914 19.5096 191.537 -0.480451 0.107807 0.870348 -1.41337 2.29299 57.8372 1.03303 -5.6896 21.7145 12.7369 195.893 -0.487235 -0.0120024 0.873188 
3325606 21.5164 12.7969 196.241 -0.493568 -0.0082371 0.869668 17.1116 19.5967 191.906 -0.485799 0.111726 0.866787 -1.41596 2.28639 58.3913 1.03101 -5.80231 21.5164 12.7969 196.241 -0.493568 -0.0082371 0.869668 
3412707 21.3423 12.8901 196.628 -0.500132 -0.00437137 0.865938 16.947 19.6831 192.387 -0.49139 0.115768 0.863104 -1.41624 2.28036 58.9977 1.02843 -5.91185 21.3423 12.8901 196.628 -0.500132 -0.00437137 0.865938 
3500931 21.1793 12.984 196.993 -0.506479 -0.000717933 0.862252 16.7818 19.8845 192.752 -0.496868 0.119201 0.859554 -1.41538 2.27518 59.5978 1.02556 -6.03567 21.1793 12.984 196.993 -0.506479 -0.000717933 0.862252 
3588244 21.0304 13.0817 197.311 -0.512471 0.00252397 0.858701 16.7265 19.9692 193.12 -0.502341 0.122997 0.855875 -1.41423 2.2703 60.1772 1.02297 -6.19125 21.0304 13.0817 197.311 -0.512471 0.00252397 0.858701 
3675670 20.8936 13.217 197.593 -0.517885 0.00580295 0.85543 16.5561 20.0546 193.378 -0.507572 0.126667 0.852196 -1.41222 2.26542 60.7058 1.02096 -6.33571 20.8936 13.217 197.593 -0.517885 0.00580295 0.85543 
3762670 20.7065 13.4039 197.874 -0.523651 0.00985155 0.851876 16.3829 20.2583 193.63 -0.512322 0.129605 0.848892 -1.41136 2.25852 61.2488 1.0201 -6.49129 20.7065 13.4039 197.874 -0.523651 0.00985155 0.851876 
3851166 20.5722 13.5499 198.122 -0.528392 0.0134263 0.848894 16.2109 20.4553 193.995 -0.51706 0.133515 0.845325 -1.40964 2.25335 61.7107 1.01837 -6.61353 20.5722 13.5499 198.122 -0.528392 0.0134263 0.848894 
3938039 20.4114 13.7327 198.35 -0.533281 0.0171816 0.845763 16.1469 20.6506 194.246 -0.521555 0.137181 0.842004 -1.4082 2.24732 62.1822 1.01751 -6.76116 20.4114 13.7327 198.35 -0.533281 0.0171816 0.845763 
4025420 20.2426 13.9626 198.555 -0.538149 0.0212253 0.842583 15.9713 20.8443 194.388 -0.526171 0.140969 0.838559 -1.40619 2.24071 62.6537 1.01723 -6.92626 20.2426 13.9626 198.555 -0.538149 0.0212253 0.842583 
4112525 20.1174 14.1825 198.746 -0.543011 0.0247257 0.839362 15.7986 21.1495 194.641 -0.530786 0.144996 0.834866 -1.40131 2.23612 63.1601 1.0155 -7.13422 20.1174 14.1825 198.746 -0.543011 0.0247257 0.839362 
4200788 20.0476 14.3736 198.916 -0.547405 0.0283316 0.836388 15.6173 21.3375 194.78 -0.53478 0.149389 0.831648 -1.3947 2.23296 63.6506 1.01205 -7.35965 20.0476 14.3736 198.916 -0.547405 0.0283316 0.836388 
4288027 20.0022 14.5478 199.088 -0.551837 0.0318297 0.833345 15.551 21.5329 194.92 -0.539158 0.152807 0.828208 -1.38637 2.23123 64.1602 1.00717 -7.59142 20.0022 14.5478 199.088 -0.551837 0.0318297 0.833345 
4375150 19.9749 14.6953 199.227 -0.555485 0.0353141 0.830776 15.4826 21.7328 195.171 -0.543172 0.155977 0.824892 -1.3789 2.2298 64.5873 1.00229 -7.79145 19.9749 14.6953 199.227 -0.555485 0.0353141 0.830776 
4462379 19.9369 14.7951 199.364 -0.558947 0.0390424 0.828284 15.4026 21.9236 195.304 -0.546069 0.159877 0.822281 -1.37344 2.22807 64.9889 0.997117 -7.9756 19.9369 14.7951 199.364 -0.558947 0.0390424 0.828284 
4550653 19.9187 14.8484 199.463 -0.562527 0.0422299 0.8257 15.3225 22.11 195.327 -0.549086 0.164018 0.819423 -1.36683 2.22807 65.4271 0.990509 -8.23436 19.9187 14.8484 199.463 -0.562527 0.0422299 0.8257 
4638088 19.8928 14.9096 199.569 -0.566295 0.0456265 0.822939 15.3548 22.1899 195.463 -0.552233 0.167673 0.816577 -1.35994 2.22807 65.8922 0.983615 -8.509 19.8928 14.9096 199.569 -0.566295 0.0456265 0.822939 
4725234 19.9293 14.9407 199.672 -0.568893 0.0489056 0.820956 15.2708 22.2726 195.486 -0.555017 0.170961 0.813977 -1.35247 2.22922 66.2446 0.976146 -8.69315 19.9293 14.9407 199.672 -0.568893 0.0489056 0.820956 
4812479 19.9399 15.0086 199.762 -0.571713 0.0527847 0.818754 15.2939 22.3592 195.615 -0.557191 0.173883 0.811867 -1.34558 2.22922 66.6145 0.969251 -8.90111 19.9399 15.0086 199.762 -0.571713 0.0527847 0.818754 
4899582 19.9015 15.0504 199.84 -0.574809 0.055943 0.816373 15.4286 22.4408 195.632 -0.559487 0.176927 0.809633 -1.34098 2.22893 67.0035 0.963506 -9.14241 19.9015 15.0504 199.84 -0.574809 0.055943 0.816373 
4987858 19.8262 15.0053 199.91 -0.577725 0.0588022 0.81411 15.3435 22.5224 195.766 -0.562019 0.180579 0.807146 -1.34069 2.22807 67.3575 0.958335 -9.36942 19.8262 15.0053 199.91 -0.577725 0.0588022 0.81411 
5075201 19.7612 14.9403 199.965 -0.580257 0.06113 0.812136 15.3649 22.4952 195.788 -0.564318 0.183498 0.804793 -1.34069 2.22778 67.6718 0.953452 -9.57897 19.7612 14.9403 199.965 -0.580257 0.06113 0.812136 
5162217 19.6834 14.856 200.037 -0.582796 0.0636057 0.810125 15.2736 22.4755 195.809 -0.566501 0.18581 0.802695 -1.34184 2.22721 67.9861 0.948568 -9.77265 19.6834 14.856 200.037 -0.582796 0.0636057 0.810125 
5249522 19.6253 14.772 200.089 -0.585167 0.0657551 0.808242 15.2928 22.455 195.937 -0.568436 0.188245 0.800836 -1.34184 2.2275 68.2925 0.943397 -9.97903 19.6253 14.772 200.089 -0.585167 0.0657551 0.808242 
5337697 19.5797 14.6959 200.135 -0.587482 0.0683893 0.806342 15.1964 22.3282 195.957 -0.570257 0.19007 0.79911 -1.34127 2.22778 68.6021 0.937652 -10.1917 19.5797 14.6959 200.135 -0.587482 0.0683893 0.806342 
5425024 19.5354 14.6544 200.184 -0.5896 0.070921 0.804576 15.2169 22.3169 196.086 -0.572329 0.191531 0.797272 -1.34041 2.22778 68.8862 0.932768 -10.3775 19.5354 14.6544 200.184 -0.5896 0.070921 0.804576 
5512373 19.4763 14.593 200.215 -0.591643 0.0730186 0.802886 15.2338 22.2977 196.103 -0.574148 0.193598 0.795419 -1.34069 2.22778 69.1561 0.928459 -10.5712 19.4763 14.593 200.215 -0.591643 0.0730186 0.802886 
5599453 19.3866 14.5769 200.247 -0.593732 0.0754182 0.801121 15.1351 22.172 196.121 -0.575725 0.195299 0.793815 -1.34213 2.22635 69.418 0.925586 -10.7521 19.3866 14.5769 200.247 -0.593732 0.0754182 0.801121 
5688164 19.317 14.5585 200.29 -0.595977 0.0773717 0.799265 15.1556 22.1629 196.137 -0.577925 0.196276 0.79211 -1.34155 2.22635 69.7149 0.921852 -10.9522 19.317 14.5585 200.29 -0.595977 0.0773717 0.799265 
5774853 19.2412 14.5032 200.335 -0.59782 0.078663 0.797761 15.1726 22.1527 196.152 -0.579756 0.197372 0.790521 -1.3427 2.22635 69.953 0.918979 -11.1046 19.2412 14.5032 200.335 -0.59782 0.078663 0.797761 
5862274 19.1624 14.4732 200.362 -0.5997 0.08011 0.796205 15.0729 22.0339 196.169 -0.581221 0.198342 0.789052 -1.34357 2.22606 70.1959 0.916394 -11.276 19.1624 14.4732 200.362 -0.5997 0.08011 0.796205 
5949188 19.127 14.4897 200.352 -0.60147 0.0820296 0.794673 14.9761 22.0276 196.293 -0.582682 0.199439 0.787825 -1.34155 2.22635 70.4451 0.912946 -11.4872 19.127 14.4897 200.352 -0.60147 0.0820296 0.794673 
6037429 19.0725 14.4952 200.287 -0.603611 0.083451 0.7929 14.9932 22.0197 196.308 -0.584517 0.20029 0.786241 -1.33954 2.22721 70.7388 0.909499 -11.792 19.0725 14.4952 200.287 -0.603611 0.083451 0.7929 
6124719 19.0429 14.4889 200.171 -0.605095 0.0849534 0.791608 14.8986 22.0136 196.213 -0.586479 0.200897 0.78454 -1.33811 2.22778 70.9516 0.906339 -12.0809 19.0429 14.4889 200.171 -0.605095 0.0849534 0.791608 
6212218 19.0124 14.5253 200.002 -0.60677 0.0864734 0.79016 14.9127 21.8941 196.117 -0.588316 0.201507 0.783083 -1.33552 2.22836 71.1897 0.903466 -12.4412 19.0124 14.5253 200.002 -0.60677 0.0864734 0.79016 
6299187 19.0138 14.5545 199.797 -0.607775 0.0878732 0.789232 14.9241 21.8874 196.017 -0.589664 0.201991 0.781867 -1.33294 2.22893 71.3453 0.900881 -12.7714 19.0138 14.5545 199.797 -0.607775 0.0878732 0.789232 
6386598 18.9905 14.593 199.567 -0.609032 0.0891017 0.788125 14.8243 21.9884 195.804 -0.591007 0.202843 0.780643 -1.33093 2.22922 71.5246 0.89887 -13.1445 18.9905 14.593 199.567 -0.609032 0.0891017 0.788125 
6474463 18.9641 14.6229 199.312 -0.610509 0.0901946 0.786857 14.8332 21.976 195.591 -0.592226 0.203694 0.779541 -1.32777 2.23066 71.7437 0.89571 -13.5795 18.9641 14.6229 199.312 -0.610509 0.0901946 0.786857 
6561742 18.9543 14.6557 199.042 -0.611871 0.0911673 0.785686 14.7328 21.9655 195.27 -0.593818 0.204302 0.778203 -1.32518 2.23181 71.9374 0.893412 -14.0049 18.9543 14.6557 199.042 -0.611871 0.0911673 0.785686 
6648979 18.9961 14.7208 198.705 -0.612768 0.0922076 0.784865 14.7406 21.9588 195.056 -0.594923 0.204544 0.777233 -1.31972 2.23353 72.0914 0.890539 -14.4669 18.9961 14.7208 198.705 -0.612768 0.0922076 0.784865 
6736377 19.0173 14.8336 198.353 -0.613787 0.0928936 0.783987 14.7472 21.9465 194.619 -0.596148 0.20491 0.776262 -1.31426 2.23468 72.247 0.889103 -14.9431 19.0173 14.8336 198.353 -0.613787 0.0928936 0.783987 
6824489 19.083 14.9455 197.949 -0.614114 0.0934539 0.783665 14.7544 22.0514 194.289 -0.597134 0.204908 0.775418 -1.30794 2.23612 72.32 0.887667 -15.4051 19.083 14.9455 197.949 -0.614114 0.0934539 0.783665 
6911839 19.1027 15.1473 197.525 -0.614932 0.0948523 0.782855 14.76 22.0459 193.85 -0.598246 0.204545 0.774705 -1.3022 2.23554 72.4438 0.887667 -15.9194 19.1027 15.1473 197.525 -0.614932 0.0948523 0.782855 
6998869 19.1811 15.3339 197.139 -0.615359 0.095806 0.782403 14.6597 22.2721 193.518 -0.599488 0.203695 0.774003 -1.29387 2.23669 72.5343 0.886517 -16.3735 19.1811 15.3339 197.139 -0.615359 0.095806 0.782403 
7086310 19.2228 15.5073 196.776 -0.616027 0.0966684 0.781771 14.7674 22.3991 193.062 -0.599402 0.200899 0.774668 -1.28726 2.23726 72.6438 0.885943 -16.8196 19.2228 15.5073 196.776 -0.616027 0.0966684 0.781771 
7174549 19.2393 15.6539 196.394 -0.616536 0.0978111 0.781228 14.7743 22.7001 192.62 -0.600105 0.203573 0.773523 -1.28324 2.23669 72.7232 0.885943 -17.2577 19.2393 15.6539 196.394 -0.616536 0.0978111 0.781228 
7262254 19.2324 15.7265 196.022 -0.616853 0.0989846 0.78083 14.8896 22.7942 192.288 -0.600708 0.204544 0.772778 -1.28238 2.23554 72.7708 0.885943 -17.6625 19.2324 15.7265 196.022 -0.616853 0.0989846 0.78083 
7348865 19.2086 15.789 195.601 -0.617081 0.0997034 0.780557 14.8875 22.8879 191.842 -0.600818 0.205518 0.772516 -1.28266 2.2341 72.7947 0.886805 -18.0959 19.2086 15.789 195.601 -0.617081 0.0997034 0.780557 
7435962 19.1417 15.9154 195.161 -0.61725 0.100356 0.78034 14.7786 22.9968 191.51 -0.601314 0.205274 0.77216 -1.28467 2.23066 72.7835 0.890252 -18.5134 19.1417 15.9154 195.161 -0.61725 0.100356 0.78034 
7524539 19.0968 16.077 194.729 -0.617698 0.101174 0.779881 14.6669 22.9965 191.067 -0.601816 0.204545 0.771935 -1.2841 2.22807 72.8216 0.892837 -18.9627 19.0968 16.077 194.729 -0.617698 0.101174 0.779881 
7611703 19.0802 16.309 194.284 -0.617789 0.102399 0.779648 14.6696 23.1093 190.62 -0.602446 0.203451 0.77172 -1.2818 2.22491 72.8169 0.895997 -19.3866 19.0802 16.309 194.284 -0.617789 0.102399 0.779648 
7698697 19.0652 16.5685 193.856 -0.618007 0.10376 0.779296 14.5623 23.3186 190.177 -0.603052 0.204178 0.770979 -1.27864 2.22175 72.8296 0.899157 -19.8057 19.0652 16.5685 193.856 -0.618007 0.10376 0.779296 
7786059 19.0461 16.8162 193.489 -0.618354 0.105046 0.778848 14.4533 23.4231 189.734 -0.603668 0.204178 0.770497 -1.27548 2.21888 72.8597 0.90203 -20.1803 19.0461 16.8162 193.489 -0.618354 0.105046 0.778848 
7874250 19.0376 17.0703 193.1 -0.618834 0.106353 0.778289 14.4589 23.6396 189.398 -0.604282 0.204181 0.770138 -1.27117 2.21658 72.9137 0.904328 -20.5962 19.0376 17.0703 193.1 -0.618834 0.106353 0.778289 
7961523 19.0482 17.2907 192.739 -0.619361 0.107478 0.777715 14.3543 23.9548 188.956 -0.605004 0.205515 0.769142 -1.266 2.21543 72.9852 0.905477 -21.0042 19.0482 17.2907 192.739 -0.619361 0.107478 0.777715 
8048835 19.0383 17.4541 192.364 -0.619901 0.108298 0.777171 14.4683 24.2597 188.508 -0.605223 0.207581 0.768493 -1.26284 2.21428 73.0518 0.906626 -21.4233 19.0383 17.4541 192.364 -0.619901 0.108298 0.777171 
8135847 19.0283 17.5659 191.982 -0.620282 0.108858 0.776788 14.4691 24.4627 188.174 -0.605329 0.209035 0.767855 -1.26083 2.21342 73.0979 0.907488 -21.8361 19.0283 17.5659 191.982 -0.620282 0.108858 0.776788 
8224162 19.0306 17.6129 191.599 -0.620516 0.109088 0.776569 14.4718 24.642 187.735 -0.605772 0.212802 0.766564 -1.25939 2.21342 73.1312 0.907488 -22.244 19.0306 17.6129 191.599 -0.620516 0.109088 0.776569 
8311348 19.0304 17.6709 191.248 -0.620858 0.109367 0.776256 14.471 24.7379 187.402 -0.605883 0.213773 0.766179 -1.25767 2.21342 73.1788 0.907488 -22.6314 19.0304 17.6709 191.248 -0.620858 0.109367 0.776256 
8398995 19.0407 17.7235 190.888 -0.620985 0.109635 0.776117 14.3601 24.9381 186.958 -0.606107 0.215473 0.765537 -1.25595 2.21342 73.1995 0.907488 -23.0061 19.0407 17.7235 190.888 -0.620985 0.109635 0.776117 
8485786 19.0471 17.807 190.565 -0.621358 0.110049 0.77576 14.358 25.0306 186.624 -0.606089 0.21681 0.765266 -1.25336 2.21342 73.2534 0.907488 -23.3696 19.0471 17.807 190.565 -0.621358 0.110049 0.77576 
8574347 19.0435 17.9055 190.24 -0.621991 0.110521 0.775185 14.3606 25.1265 186.293 -0.606568 0.217782 0.764642 -1.25049 2.21342 73.3408 0.907488 -23.7617 19.0435 17.9055 190.24 -0.621991 0.110521 0.775185 
8661214 19.0402 17.9751 189.933 -0.622453 0.110855 0.774767 14.4726 25.2285 185.958 -0.606815 0.217901 0.764276 -1.24848 2.21342 73.4043 0.907488 -24.1173 19.0402 17.9751 189.933 -0.622453 0.110855 0.774767 
8748998 19.0082 18.0114 189.618 -0.623222 0.11099 0.774129 14.4717 25.3278 185.623 -0.60693 0.218508 0.764021 -1.2479 2.21342 73.5027 0.907488 -24.511 19.0082 18.0114 189.618 -0.623222 0.11099 0.774129 
8835722 18.9715 18.0413 189.329 -0.623979 0.111299 0.773474 14.4765 25.4158 185.295 -0.607644 0.22033 0.763015 -1.2479 2.21313 73.5995 0.907488 -24.8761 18.9715 18.0413 189.329 -0.623979 0.111299 0.773474 
8924181 18.9562 18.0701 189.018 -0.624294 0.111839 0.773142 14.3686 25.5112 184.968 -0.608245 0.221543 0.762143 -1.2479 2.21256 73.6424 0.907488 -25.219 18.9562 18.0701 189.018 -0.624294 0.111839 0.773142 
9011167 18.9336 18.1131 188.664 -0.62476 0.11265 0.772648 14.3678 25.6116 184.745 -0.608236 0.222271 0.761884 -1.2479 2.2117 73.7059 0.907488 -25.6191 18.9336 18.1131 188.664 -0.62476 0.11265 0.772648 
9098987 18.9159 18.133 188.306 -0.625124 0.112936 0.772312 14.2559 25.5977 184.305 -0.60872 0.222998 0.761264 -1.2479 2.21141 73.7535 0.907488 -26.0144 18.9159 18.133 188.306 -0.625124 0.112936 0.772312 
9185577 18.885 18.1711 187.937 -0.625194 0.113947 0.772106 14.262 25.7026 183.974 -0.609581 0.223 0.760663 -1.24963 2.2094 73.7567 0.90835 -26.3779 18.885 18.1711 187.937 -0.625194 0.113947 0.772106 
9273152 18.7881 18.2011 187.592 -0.625676 0.114674 0.771608 14.2606 25.6948 183.641 -0.609826 0.223121 0.760419 -1.25422 2.20624 73.79 0.910648 -26.7383 18.7881 18.2011 187.592 -0.625676 0.114674 0.771608 
9361150 18.6844 18.1816 187.214 -0.626194 0.114931 0.77115 14.151 25.682 183.315 -0.61043 0.22397 0.759676 -1.25968 2.20365 73.8265 0.912659 -27.1383 18.6844 18.1816 187.214 -0.626194 0.114931 0.77115 
9448344 18.5185 18.1684 186.881 -0.627102 0.115592 0.770313 14.0409 25.783 182.982 -0.610791 0.224578 0.759302 -1.26801 2.19934 73.898 0.915819 -27.5146 18.5185 18.1684 186.881 -0.627102 0.115592 0.770313 
9535463 18.3172 18.066 186.531 -0.627561 0.11559 0.769939 14.0429 25.7696 182.654 -0.611398 0.225306 0.758561 -1.28065 2.19417 73.8884 0.920128 -27.8416 18.3172 18.066 186.531 -0.627561 0.11559 0.769939 
9623207 18.0231 18.0111 186.176 -0.628395 0.115379 0.76929 13.931 25.7568 182.327 -0.611757 0.226153 0.757938 -1.29674 2.18642 73.8853 0.927597 -28.1686 18.0231 18.0111 186.176 -0.628395 0.115379 0.76929 
9710995 17.6528 18.0632 185.758 -0.629433 0.115703 0.768392 13.707 25.6387 182.001 -0.612245 0.226517 0.757447 -1.31513 2.17521 73.8694 0.938513 -28.5306 17.6528 18.0632 185.758 -0.629433 0.115703 0.768392 
9798759 17.2633 18.2232 185.278 -0.630107 0.116441 0.767728 13.3801 25.6418 181.677 -0.613483 0.226031 0.756616 -1.3338 2.16142 73.7741 0.952302 -28.8782 17.2633 18.2232 185.278 -0.630107 0.116441 0.767728 
9885349 16.782 18.5847 184.744 -0.630876 0.118286 0.766814 12.9463 25.4416 181.361 -0.615607 0.223602 0.755588 -1.35448 2.14218 73.6233 0.97155 -29.2084 16.782 18.5847 184.744 -0.630876 0.118286 0.766814 
9972821 16.2295 19.0489 184.19 -0.631881 0.120734 0.765604 12.4091 25.4708 180.933 -0.618356 0.220444 0.754338 -1.37689 2.11948 73.4439 0.994244 -29.518 16.2295 19.0489 184.19 -0.631881 0.120734 0.765604 
10060867 15.6246 19.657 183.597 -0.633212 0.122811 0.764173 11.6637 25.8113 180.517 -0.622177 0.220196 0.751209 -1.39786 2.09478 73.2344 1.02067 -29.8323 15.6246 19.657 183.597 -0.633212 0.122811 0.764173 
10148596 15.104 20.3496 183.039 -0.634577 0.124995 0.762685 11.1345 26.1301 180.098 -0.625235 0.221892 0.748156 -1.41136 2.07266 73.0439 1.04509 -30.1355 15.104 20.3496 183.039 -0.634577 0.124995 0.762685 
10235190 14.5231 21.0675 182.561 -0.636017 0.127026 0.761149 10.497 26.958 179.458 -0.627985 0.228563 0.74378 -1.42659 2.04853 72.7946 1.07209 -30.3038 14.5231 21.0675 182.561 -0.636017 0.127026 0.761149 
10323043 13.9677 21.6805 182.172 -0.637184 0.129034 0.759833 9.85997 27.5896 179.04 -0.630887 0.232807 0.740064 -1.44267 2.02526 72.5057 1.09766 -30.3609 13.9677 21.6805 182.172 -0.637184 0.129034 0.759833 
10410696 13.3841 22.3733 181.784 -0.638357 0.131415 0.75844 9.21214 28.121 178.614 -0.632821 0.235838 0.73746 -1.4579 2.00027 72.1628 1.12524 -30.3673 13.3841 22.3733 181.784 -0.638357 0.131415 0.75844 
10497965 12.8297 23.0821 181.445 -0.639735 0.134509 0.756734 8.4604 28.7804 178.299 -0.635264 0.237531 0.734767 -1.46996 1.977 71.8517 1.15081 -30.3609 12.8297 23.0821 181.445 -0.639735 0.134509 0.756734 
10585014 12.3044 23.8382 181.133 -0.640925 0.13775 0.755143 7.81493 29.3163 177.873 -0.637451 0.240075 0.732054 -1.47887 1.95373 71.5215 1.17609 -30.3101 12.3044 23.8382 181.133 -0.640925 0.13775 0.755143 
10672251 11.7696 24.5196 180.916 -0.642175 0.140633 0.753547 7.28636 29.9665 177.67 -0.639762 0.242615 0.729098 -1.48892 1.93075 71.1897 1.20108 -30.1688 11.7696 24.5196 180.916 -0.642175 0.140633 0.753547 
10760529 11.2297 25.2124 180.766 -0.643127 0.144366 0.752028 6.63791 30.6015 177.354 -0.641312 0.246738 0.726468 -1.49955 1.90604 70.7976 1.22693 -29.9117 11.2297 25.2124 180.766 -0.643127 0.144366 0.752028 
10847770 10.779 25.7723 180.715 -0.64421 0.147541 0.750483 5.99307 31.2432 177.262 -0.64299 0.250614 0.723601 -1.5076 1.88593 70.5166 1.24762 -29.6624 10.779 25.7723 180.715 -0.64421 0.147541 0.750483 
10935332 10.3941 26.2348 180.728 -0.644717 0.150726 0.749414 5.56576 31.6651 177.168 -0.644431 0.253764 0.721234 -1.51593 1.86726 70.2102 1.26629 -29.3402 10.3941 26.2348 180.728 -0.644717 0.150726 0.749414 
11022154 10.018 26.6004 180.815 -0.645506 0.153248 0.748223 5.13321 32.1906 177.069 -0.645122 0.257764 0.719209 -1.52512 1.85002 69.9625 1.28353 -29.002 10.018 26.6004 180.815 -0.645506 0.153248 0.748223 
11110438 9.7232 26.8576 181.004 -0.646126 0.155072 0.747311 4.69975 32.5075 177.194 -0.645826 0.260672 0.717571 -1.53288 1.83652 69.7705 1.29703 -28.621 9.7232 26.8576 181.004 -0.646126 0.155072 0.747311 
11198050 9.51121 27.0425 181.226 -0.64667 0.156332 0.746577 4.374 32.7213 177.315 -0.646298 0.262489 0.716441 -1.53805 1.82704 69.6482 1.30651 -28.275 9.51121 27.0425 181.226 -0.64667 0.156332 0.746577 
11285078 9.32827 27.1858 181.474 -0.647173 0.157911 0.745809 4.16511 32.8284 177.552 -0.647392 0.263819 0.714961 -1.54351 1.81814 69.5466 1.31455 -27.9225 9.32827 27.1858 181.474 -0.647173 0.157911 0.745809 
11372196 9.15243 27.3127 181.711 -0.64775 0.159737 0.744919 3.95108 33.0472 177.781 -0.647746 0.26515 0.714084 -1.54925 1.80923 69.4625 1.32202 -27.5971 9.15243 27.3127 181.711 -0.64775 0.159737 0.744919 
11461508 9.01308 27.4074 181.948 -0.648061 0.162023 0.744154 3.73522 33.1475 178.014 -0.648091 0.267211 0.71307 -1.55528 1.80061 69.372 1.32834 -27.2685 9.01308 27.4074 181.948 -0.648061 0.162023 0.744154 
11547630 8.86618 27.5016 182.216 -0.648834 0.164277 0.742986 3.51471 33.2434 178.134 -0.648064 0.269513 0.712169 -1.56074 1.79257 69.3434 1.3338 -26.9589 8.86618 27.5016 182.216 -0.648834 0.164277 0.742986 
11634860 8.74792 27.5955 182.476 -0.649093 0.166905 0.742173 3.41344 33.2372 178.482 -0.648785 0.271086 0.710925 -1.5662 1.78424 69.2656 1.33926 -26.6192 8.74792 27.5955 182.476 -0.649093 0.166905 0.742173 
11722109 8.61423 27.6917 182.739 -0.649754 0.16937 0.741035 3.19765 33.3432 178.712 -0.649136 0.272542 0.710167 -1.57137 1.77619 69.2339 1.34443 -26.3128 8.61423 27.6917 182.739 -0.649754 0.16937 0.741035 
11809222 8.5045 27.7343 182.961 -0.650368 0.17191 0.739911 3.20848 33.4423 178.946 -0.649855 0.274357 0.708795 -1.5774 1.76873 69.218 1.34845 -26.0652 8.5045 27.7343 182.961 -0.650368 0.17191 0.739911 
11897509 8.36481 27.7222 183.189 -0.651134 0.174172 0.738707 3.10365 33.4283 179.183 -0.650324 0.276535 0.707414 -1.58631 1.76011 69.1974 1.35362 -25.8128 8.36481 27.7222 183.189 -0.651134 0.174172 0.738707 
11984829 8.28157 27.6599 183.404 -0.651651 0.17577 0.737873 2.88135 33.4047 179.419 -0.650161 0.279928 0.706246 -1.59378 1.75436 69.1942 1.35649 -25.5953 8.28157 27.6599 183.404 -0.651651 0.17577 0.737873 
12072011 8.20013 27.596 183.572 -0.652358 0.17798 0.736717 2.77416 33.3849 179.656 -0.650374 0.282714 0.704972 -1.60153 1.7489 69.2069 1.35879 -25.4365 8.20013 27.596 183.572 -0.652358 0.17798 0.736717 
12159721 8.11861 27.5059 183.696 -0.652932 0.179644 0.735804 2.66408 33.4768 179.775 -0.650222 0.285258 0.704065 -1.60987 1.74316 69.2148 1.36138 -25.3222 8.11861 27.5059 183.696 -0.652932 0.179644 0.735804 
12247459 8.08456 27.3837 183.772 -0.653289 0.181127 0.735123 2.55042 33.3354 179.902 -0.650057 0.288893 0.70277 -1.61705 1.73942 69.2371 1.36195 -25.2714 8.08456 27.3837 183.772 -0.653289 0.181127 0.735123 
12334975 8.06139 27.3097 183.812 -0.653658 0.182612 0.734428 2.55069 33.42 179.909 -0.6499 0.2918 0.701733 -1.62193 1.73655 69.272 1.36195 -25.2619 8.06139 27.3097 183.812 -0.653658 0.182612 0.734428 
12421795 8.038 27.2173 183.844 -0.654009 0.18402 0.733763 2.54702 33.3963 180.028 -0.649376 0.294584 0.70094 -1.62739 1.73368 69.3053 1.36195 -25.2619 8.038 27.2173 183.844 -0.654009 0.18402 0.733763 
12509111 8.03605 27.1686 183.833 -0.654174 0.185668 0.733201 2.43164 33.3676 180.039 -0.648969 0.297854 0.699893 -1.63084 1.73138 69.3323 1.36138 -25.2952 8.03605 27.1686 183.833 -0.654174 0.185668 0.733201 
12597300 8.06129 27.1399 183.756 -0.654435 0.187089 0.732607 2.31804 33.4607 179.93 -0.648699 0.299796 0.699486 -1.6317 1.73109 69.399 1.35908 -25.4222 8.06129 27.1399 183.756 -0.654435 0.187089 0.732607 
12684391 8.10534 27.1355 183.609 -0.654452 0.188689 0.732181 2.42599 33.4387 179.935 -0.648306 0.301974 0.698827 -1.63141 1.73109 69.4482 1.35649 -25.6048 8.10534 27.1355 183.609 -0.654452 0.188689 0.732181 
12771670 8.13361 27.1638 183.395 -0.654598 0.190036 0.731702 2.41645 33.4128 179.715 -0.64754 0.304276 0.698529 -1.63026 1.73109 69.5006 1.35448 -25.8524 8.13361 27.1638 183.395 -0.654598 0.190036 0.731702 
12859946 8.16196 27.2111 183.159 -0.654659 0.191318 0.731313 2.40989 33.5076 179.489 -0.646909 0.305609 0.698496 -1.62854 1.73109 69.5403 1.35276 -26.1112 8.16196 27.2111 183.159 -0.654659 0.191318 0.731313 
12947356 8.17489 27.2523 182.898 -0.654811 0.192376 0.730899 2.51664 33.4924 179.155 -0.646777 0.306337 0.698358 -1.62739 1.73081 69.5784 1.35161 -26.3954 8.17489 27.2523 182.898 -0.654811 0.192376 0.730899 
13035281 8.14439 27.2928 182.623 -0.655384 0.193155 0.73018 2.51184 33.4801 178.933 -0.646521 0.307185 0.698216 -1.62739 1.72966 69.6371 1.35161 -26.7081 8.14439 27.2928 182.623 -0.655384 0.193155 0.73018 
13121680 8.1065 27.3462 182.295 -0.656105 0.193748 0.729375 2.50993 33.5839 178.597 -0.64652 0.307305 0.698092 -1.62681 1.7288 69.7101 1.35161 -27.0843 8.1065 27.3462 182.295 -0.656105 0.193748 0.729375 
13208874 8.08903 27.4442 182.012 -0.656848 0.194672 0.728459 2.62132 33.5732 178.264 -0.646887 0.307547 0.697724 -1.62394 1.7288 69.807 1.35046 -27.4272 8.08903 27.4442 182.012 -0.656848 0.194672 0.728459 
13297195 8.06725 27.5094 181.74 -0.657259 0.195812 0.727783 2.61708 33.6737 177.928 -0.646635 0.308031 0.697712 -1.62337 1.72736 69.8514 1.35046 -27.7241 8.06725 27.5094 181.74 -0.657259 0.195812 0.727783 
13384395 8.14906 27.5598 181.464 -0.657079 0.19726 0.727555 2.50186 33.6665 177.707 -0.646507 0.308515 0.697579 -1.61935 1.72937 69.9086 1.34644 -28.0368 8.14906 27.5598 181.464 -0.657079 0.19726 0.727555 
13471850 8.18932 27.6331 181.187 -0.657933 0.198617 0.726413 2.61095 33.6547 177.373 -0.646626 0.308878 0.697329 -1.61446 1.73196 70.0832 1.34155 -28.4353 8.18932 27.6331 181.187 -0.657933 0.198617 0.726413 
13558863 8.28866 27.6942 180.918 -0.658156 0.200249 0.725762 2.60793 33.5375 177.153 -0.646747 0.309 0.697206 -1.60843 1.73569 70.2229 1.33523 -28.802 8.28866 27.6942 180.918 -0.658156 0.200249 0.725762 
13647169 8.38463 27.6587 180.683 -0.658816 0.200731 0.72503 2.71931 33.5223 176.935 -0.646983 0.309968 0.696578 -1.60355 1.74086 70.4404 1.32748 -29.2052 8.38463 27.6587 180.683 -0.658816 0.200731 0.72503 
13734433 8.55853 27.491 180.49 -0.658826 0.201822 0.724718 2.8307 33.5083 176.716 -0.64722 0.310814 0.695954 -1.60096 1.74776 70.6309 1.31714 -29.5577 8.55853 27.491 180.49 -0.658826 0.201822 0.724718 
13822053 8.69811 27.2065 180.311 -0.659585 0.202496 0.723839 3.04732 33.3763 176.496 -0.646958 0.312147 0.69568 -1.60182 1.75494 70.9135 1.30593 -29.9752 8.69811 27.2065 180.311 -0.659585 0.202496 0.723839 
13908751 8.91462 26.7879 180.175 -0.659707 0.203044 0.723574 3.25947 33.0291 176.387 -0.646457 0.312874 0.695782 -1.60383 1.76442 71.1865 1.29186 -30.3546 8.91462 26.7879 180.175 -0.659707 0.203044 0.723574 
13996995 9.08975 26.3475 180.054 -0.66037 0.202968 0.722991 3.58558 32.6835 176.39 -0.64608 0.313481 0.695888 -1.60642 1.77418 71.5119 1.27807 -30.7594 9.08975 26.3475 180.054 -0.66037 0.202968 0.722991 
14084223 9.24662 25.8264 179.95 -0.660717 0.20254 0.722794 3.79674 32.3497 176.274 -0.645472 0.312756 0.696751 -1.61245 1.78194 71.7675 1.26629 -31.1055 9.24662 25.8264 179.95 -0.660717 0.20254 0.722794 
14172141 9.4042 25.2688 179.842 -0.661224 0.202434 0.722359 4.01249 32.0137 176.275 -0.645228 0.312516 0.697119 -1.61906 1.79085 72.0723 1.25279 -31.4881 9.4042 25.2688 179.842 -0.661224 0.202434 0.722359 
14258784 9.57736 24.6647 179.753 -0.661565 0.201754 0.722237 4.3317 31.446 176.168 -0.64461 0.312758 0.697474 -1.62538 1.80119 72.3756 1.23842 -31.8564 9.57736 24.6647 179.753 -0.661565 0.201754 0.722237 
14345966 9.7269 24.1477 179.671 -0.662194 0.20102 0.721866 4.43203 30.7973 176.168 -0.644512 0.310339 0.698742 -1.62911 1.81153 72.7073 1.22464 -32.231 9.7269 24.1477 179.671 -0.662194 0.20102 0.721866 
14434117 9.90752 23.6042 179.576 -0.663078 0.199763 0.721403 4.76585 30.3637 176.171 -0.64515 0.308401 0.699032 -1.62997 1.82503 73.136 1.20797 -32.6961 9.90752 23.6042 179.576 -0.663078 0.199763 0.721403 
14521867 10.1144 23.0803 179.445 -0.663561 0.198695 0.721254 4.87021 29.8254 176.174 -0.6453 0.306099 0.699812 -1.6294 1.83882 73.536 1.19102 -33.1772 10.1144 23.0803 179.445 -0.663561 0.198695 0.721254 
14608467 10.3531 22.6177 179.29 -0.664039 0.19844 0.720884 5.08841 29.282 176.178 -0.645691 0.304162 0.700343 -1.62538 1.85347 73.9916 1.17235 -33.7233 10.3531 22.6177 179.29 -0.664039 0.19844 0.720884 
14695744 10.5778 22.1582 179.151 -0.664834 0.197545 0.720397 5.42736 28.7369 176.078 -0.647195 0.301979 0.699914 -1.62021 1.86898 74.4933 1.15368 -34.2916 10.5778 22.1582 179.151 -0.664834 0.197545 0.720397 
14783817 10.8268 21.6871 178.998 -0.665531 0.196235 0.720111 5.5402 28.0815 175.983 -0.648573 0.300038 0.699479 -1.61331 1.88593 75.0092 1.13414 -34.8948 10.8268 21.6871 178.998 -0.665531 0.196235 0.720111 
14871098 11.1761 21.2433 178.838 -0.665905 0.195221 0.720041 5.65946 27.7687 175.878 -0.650084 0.297249 0.699307 -1.59981 1.90633 75.5807 1.11116 -35.56 11.1761 21.2433 178.838 -0.665905 0.195221 0.720041 
14958298 11.5445 20.7788 178.669 -0.666181 0.193896 0.720144 5.88448 27.222 175.78 -0.651338 0.295428 0.698868 -1.58602 1.92759 76.1586 1.08703 -36.249 11.5445 20.7788 178.669 -0.666181 0.193896 0.720144 
15045819 11.9431 20.3929 178.518 -0.666715 0.192785 0.719948 6.2304 26.6848 175.684 -0.653593 0.292392 0.697976 -1.56735 1.95057 76.7809 1.06233 -36.9665 11.9431 20.3929 178.518 -0.666715 0.192785 0.719948 
15133716 12.38 19.9571 178.36 -0.667348 0.191645 0.719666 6.46467 26.1483 175.478 -0.655971 0.289237 0.697088 -1.54695 1.97556 77.4381 1.03561 -37.7349 12.38 19.9571 178.36 -0.667348 0.191645 0.719666 
15220980 12.7828 19.5146 178.191 -0.668213 0.190077 0.719279 6.6932 25.6072 175.38 -0.657602 0.286809 0.696544 -1.52771 1.99969 78.0572 1.01062 -38.4873 12.7828 19.5146 178.191 -0.668213 0.190077 0.719279 
15308209 13.2667 18.9263 178.032 -0.668206 0.187924 0.719851 7.03153 25.1737 175.164 -0.658985 0.284384 0.696363 -1.50788 2.02669 78.5684 0.98304 -39.1668 13.2667 18.9263 178.032 -0.668206 0.187924 0.719851 
15395951 13.705 18.3466 177.891 -0.668273 0.185537 0.720408 7.47423 24.6439 174.94 -0.659776 0.280139 0.697188 -1.48979 2.05197 79.005 0.957761 -39.7669 13.705 18.3466 177.891 -0.668273 0.185537 0.720408 
15483826 14.056 17.7129 177.743 -0.668347 0.183171 0.720944 8.0174 24.2011 174.818 -0.659054 0.278568 0.698555 -1.47743 2.07467 79.3542 0.934779 -40.2939 14.056 17.7129 177.743 -0.668347 0.183171 0.720944 
15571447 14.2828 17.1105 177.572 -0.668307 0.180509 0.721652 8.4513 23.5438 174.594 -0.659083 0.276025 0.699582 -1.4714 2.09162 79.5606 0.91783 -40.7114 14.2828 17.1105 177.572 -0.668307 0.180509 0.721652 
15658145 14.5098 16.5311 177.365 -0.66805 0.178014 0.72251 8.55263 23.1059 174.484 -0.658851 0.274693 0.700339 -1.46508 2.10799 79.7161 0.901456 -41.1226 14.5098 16.5311 177.365 -0.66805 0.178014 0.72251 
15745357 14.7284 15.9589 177.148 -0.667634 0.175576 0.72349 8.97684 22.5636 174.247 -0.657654 0.271787 0.70246 -1.45905 2.12379 79.8273 0.885656 -41.5084 14.7284 15.9589 177.148 -0.667634 0.175576 0.72349 
15832631 14.8851 15.4081 176.914 -0.667055 0.173121 0.724615 9.29802 22.13 174.127 -0.657062 0.26961 0.703962 -1.45646 2.13672 79.8606 0.872728 -41.837 14.8851 15.4081 176.914 -0.667055 0.173121 0.724615 
15921115 14.9943 14.8114 176.701 -0.666388 0.169914 0.725986 9.38705 21.7834 173.898 -0.655452 0.270219 0.705153 -1.45675 2.14879 79.8352 0.861238 -42.0957 14.9943 14.8114 176.701 -0.666388 0.169914 0.725986 
16007983 15.0789 14.0887 176.491 -0.665772 0.165 0.727683 9.69606 21.5144 173.671 -0.65331 0.274104 0.705663 -1.45847 2.16286 79.7765 0.849172 -42.3386 15.0789 14.0887 176.491 -0.665772 0.165 0.727683 
16095234 15.1155 13.3172 176.316 -0.665339 0.159115 0.729388 9.8876 21.2348 173.446 -0.650538 0.279321 0.70614 -1.46307 2.17608 79.6971 0.838543 -42.5291 15.1155 13.3172 176.316 -0.665339 0.159115 0.729388 
16182495 15.0571 12.5009 176.125 -0.664752 0.152883 0.731253 10.0833 20.8593 173.221 -0.6484 0.282842 0.706779 -1.47169 2.18757 79.5495 0.829925 -42.6736 15.0571 12.5009 176.125 -0.664752 0.152883 0.731253 
16270759 14.9657 11.8287 175.95 -0.664133 0.145899 0.73324 10.177 19.7271 173.097 -0.648649 0.272178 0.710657 -1.48174 2.1959 79.3383 0.826191 -42.7371 14.9657 11.8287 175.95 -0.664133 0.145899 0.73324 
16357984 14.8772 11.5051 175.735 -0.663383 0.137711 0.735499 9.96718 17.9837 173.197 -0.653298 0.244282 0.716513 -1.48892 2.19963 79.0399 0.831074 -42.7482 14.8772 11.5051 175.735 -0.663383 0.137711 0.735499 
16445089 14.8045 11.5639 175.428 -0.662332 0.129787 0.737883 9.85959 17.5269 173.076 -0.654788 0.233362 0.718822 -1.49323 2.19762 78.6716 0.844001 -42.7657 14.8045 11.5639 175.428 -0.662332 0.129787 0.737883 
16532277 14.7766 11.6801 175.048 -0.66062 0.121852 0.740766 9.74622 17.5784 172.726 -0.654987 0.227294 0.720532 -1.49582 2.19532 78.2271 0.85779 -42.7958 14.7766 11.6801 175.048 -0.66062 0.121852 0.740766 
16620936 14.766 11.686 174.727 -0.658854 0.114502 0.743505 9.52183 17.7444 172.374 -0.655064 0.221106 0.722487 -1.4984 2.19504 77.8191 0.868132 -42.8069 14.766 11.686 174.727 -0.658854 0.114502 0.743505 
16707952 14.739 11.5914 174.458 -0.657262 0.107286 0.745986 9.51427 17.7896 172.02 -0.654642 0.215524 0.724547 -1.50243 2.1959 77.4556 0.876463 -42.8054 14.739 11.5914 174.458 -0.657262 0.107286 0.745986 
16794976 14.6076 11.406 174.204 -0.655635 0.0989177 0.748571 9.50445 17.8337 171.776 -0.653846 0.210305 0.726718 -1.51277 2.19475 77.0476 0.887667 -42.7482 14.6076 11.406 174.204 -0.655635 0.0989177 0.748571 
16882292 14.4755 11.2615 174.002 -0.65343 0.0914484 0.751442 9.38204 17.67 171.536 -0.653315 0.203629 0.729165 -1.52627 2.19044 76.5523 0.900881 -42.5529 14.4755 11.2615 174.002 -0.65343 0.0914484 0.751442 
16970528 14.3052 11.0577 173.829 -0.651034 0.0836861 0.754421 9.25798 17.6189 171.403 -0.65229 0.197073 0.731849 -1.54322 2.18527 76.0268 0.915245 -42.31 14.3052 11.0577 173.829 -0.651034 0.0836861 0.754421 
17057765 14.0472 10.7526 173.663 -0.648372 0.0751638 0.757604 9.13085 17.4415 171.275 -0.651122 0.192097 0.734255 -1.56821 2.17665 75.4093 0.933343 -41.983 14.0472 10.7526 173.663 -0.648372 0.0751638 0.757604 
17144968 13.7386 10.3769 173.535 -0.645782 0.0661956 0.760647 8.88474 17.1589 171.145 -0.649346 0.186633 0.737153 -1.59723 2.16746 74.7774 0.95259 -41.61 13.7386 10.3769 173.535 -0.645782 0.0661956 0.760647 
17232209 13.4106 10.0302 173.411 -0.642808 0.0563999 0.763948 8.31779 16.6764 171.034 -0.649444 0.179221 0.738889 -1.62854 2.15654 74.0456 0.975571 -41.1591 13.4106 10.0302 173.411 -0.642808 0.0563999 0.763948 
17320394 13.2031 9.78513 173.262 -0.639548 0.0471448 0.767304 7.74775 16.2188 170.915 -0.649208 0.169135 0.741529 -1.65152 2.14907 73.328 0.99568 -40.7622 13.2031 9.78513 173.262 -0.639548 0.0471448 0.767304 
17407704 13.0546 9.53135 173.123 -0.635838 0.0363687 0.770965 7.28762 15.8711 170.792 -0.648605 0.159046 0.744287 -1.67077 2.14505 72.5772 1.01493 -40.3543 13.0546 9.53135 173.123 -0.635838 0.0363687 0.770965 
17494841 12.8525 9.33458 173.004 -0.632261 0.0263063 0.774309 7.04446 15.6326 170.77 -0.647017 0.149075 0.747643 -1.6926 2.13844 71.7945 1.03676 -39.9034 12.8525 9.33458 173.004 -0.632261 0.0263063 0.774309 
17582111 12.6541 9.17043 172.948 -0.628356 0.0158321 0.777765 6.68436 15.2763 170.527 -0.6453 0.139472 0.751112 -1.71357 2.13241 70.9547 1.05945 -39.3637 12.6541 9.17043 172.948 -0.628356 0.0158321 0.777765 
17670260 12.4061 9.1256 172.93 -0.624527 0.00494336 0.780988 6.32063 14.8312 170.395 -0.643248 0.127671 0.754865 -1.73425 2.12494 70.0911 1.0856 -38.7763 12.4061 9.1256 172.93 -0.624527 0.00494336 0.780988 
17757634 12.2035 9.19113 173.015 -0.620224 -0.00498389 0.784409 5.96027 14.8222 170.365 -0.640686 0.117207 0.758709 -1.75034 2.11833 69.2101 1.11059 -38.0794 12.2035 9.19113 173.015 -0.620224 -0.00498389 0.784409 
17844738 11.9819 9.20024 173.113 -0.615788 -0.0164209 0.787741 5.70639 14.6998 170.445 -0.637629 0.106984 0.762786 -1.76585 2.11403 68.3576 1.13501 -37.4078 11.9819 9.20024 173.113 -0.615788 -0.0164209 0.787741 
17932151 11.7119 9.23312 173.236 -0.611335 -0.0272792 0.790901 5.5552 14.5939 170.406 -0.633744 0.0945657 0.767631 -1.78223 2.10857 67.5019 1.16 -36.7141 11.7119 9.23312 173.236 -0.611335 -0.0272792 0.790901 
18019254 11.3999 9.28215 173.439 -0.606454 -0.0385833 0.794182 5.17899 14.372 170.374 -0.629848 0.0829969 0.772214 -1.79918 2.10253 66.6129 1.18643 -35.9219 11.3999 9.28215 173.439 -0.606454 -0.0385833 0.794182 
18107740 11.0786 9.39366 173.696 -0.601529 -0.0491354 0.797338 4.92765 14.261 170.571 -0.626935 0.0717877 0.775702 -1.8144 2.09564 65.7795 1.21286 -35.1044 11.0786 9.39366 173.696 -0.601529 -0.0491354 0.797338 
18194834 10.6994 9.51849 173.957 -0.596548 -0.0604405 0.800298 4.67072 14.1592 170.655 -0.62355 0.0593554 0.779454 -1.83049 2.08731 64.9873 1.24187 -34.309 10.6994 9.51849 173.957 -0.596548 -0.0604405 0.800298 
18282648 10.3504 9.67317 174.251 -0.591534 -0.07057 0.803186 4.30496 14.1604 170.851 -0.620147 0.0482605 0.782935 -1.84428 2.07898 64.2618 1.26916 -33.5137 10.3504 9.67317 174.251 -0.591534 -0.07057 0.803186 
18369118 9.98611 9.79239 174.609 -0.586386 -0.0818765 0.805883 4.0502 14.0462 171.051 -0.616864 0.0374068 0.786167 -1.85807 2.07122 63.5919 1.29731 -32.6914 9.98611 9.79239 174.609 -0.586386 -0.0818765 0.805883 
18457747 9.69631 9.87039 174.996 -0.580903 -0.0928388 0.808661 3.69015 14.0418 171.367 -0.613945 0.0271569 0.788782 -1.86927 2.06576 62.9776 1.32231 -31.877 9.69631 9.87039 174.996 -0.580903 -0.0928388 0.808661 
18544576 9.44067 9.8975 175.353 -0.575041 -0.10467 0.811401 3.44349 13.9298 171.687 -0.611405 0.0162977 0.791168 -1.87904 2.06174 62.4172 1.34673 -31.1293 9.44067 9.8975 175.353 -0.575041 -0.10467 0.811401 
18631796 9.19729 9.87596 175.75 -0.569586 -0.11599 0.813706 3.07904 13.9346 172.003 -0.608013 0.00506379 0.793797 -1.88909 2.05887 61.9203 1.36885 -30.3895 9.19729 9.87596 175.75 -0.569586 -0.11599 0.813706 
18719173 8.97207 9.8849 176.154 -0.563816 -0.126183 0.816204 2.82891 13.8181 172.324 -0.605099 -0.00531548 0.796047 -1.89857 2.05513 61.4075 1.39068 -29.6228 8.97207 9.8849 176.154 -0.563816 -0.126183 0.816204 
18807720 8.77618 9.75064 176.595 -0.557576 -0.138251 0.818533 2.58113 13.7039 172.648 -0.602438 -0.0159423 0.797939 -1.90949 2.05456 60.9154 1.41107 -28.8528 8.77618 9.75064 176.595 -0.557576 -0.138251 0.818533 
18894376 8.58233 9.55328 177.046 -0.551592 -0.149607 0.820588 2.43817 13.5903 173.078 -0.598917 -0.0265727 0.80031 -1.92127 2.05399 60.4439 1.42975 -28.0876 8.58233 9.55328 177.046 -0.551592 -0.149607 0.820588 
18981616 8.43059 9.26358 177.533 -0.545535 -0.160215 0.822632 2.29178 13.2569 173.403 -0.595531 -0.0378163 0.802451 -1.93391 2.05456 59.9613 1.44526 -27.2828 8.43059 9.26358 177.533 -0.545535 -0.160215 0.822632 
19068881 8.29105 8.88073 178.027 -0.539025 -0.171096 0.824729 2.02797 12.915 173.837 -0.591387 -0.0477217 0.804923 -1.94856 2.05571 59.4374 1.45991 -26.4462 8.29105 8.88073 178.027 -0.539025 -0.171096 0.824729 
19157106 8.27583 8.38915 178.477 -0.531924 -0.181748 0.827057 1.87173 12.4587 174.272 -0.586996 -0.0575066 0.807512 -1.9612 2.06145 58.9056 1.46853 -25.654 8.27583 8.38915 178.477 -0.531924 -0.181748 0.827057 
19244494 8.27065 7.61126 179.018 -0.524537 -0.194183 0.828947 1.93529 11.999 174.704 -0.582238 -0.0672971 0.810097 -1.97901 2.07036 58.3341 1.4737 -24.7634 8.27065 7.61126 179.018 -0.524537 -0.194183 0.828947 
19331498 8.24552 6.68296 179.495 -0.51785 -0.205689 0.830376 1.87542 11.2199 175.141 -0.576768 -0.0785563 0.81307 -2.00084 2.07898 57.7388 1.47571 -23.9204 8.24552 6.68296 179.495 -0.51785 -0.205689 0.830376 
19418715 8.20015 5.57268 180.011 -0.511368 -0.218285 0.831177 1.81667 10.2154 175.588 -0.571788 -0.0895758 0.815433 -2.02612 2.08961 57.1387 1.47514 -23.0362 8.20015 5.57268 180.011 -0.511368 -0.218285 0.831177 
19507077 8.18986 4.43756 180.489 -0.505198 -0.230561 0.831635 1.75121 9.21892 176.032 -0.566086 -0.101456 0.81805 -2.04824 2.10397 56.591 1.46968 -22.2107 8.18986 4.43756 180.489 -0.505198 -0.230561 0.831635 
19594287 8.29922 3.18437 180.988 -0.498208 -0.243688 0.832109 1.90425 7.98897 176.479 -0.560251 -0.112606 0.82065 -2.06806 2.12523 56.0243 1.45732 -21.3249 8.29922 3.18437 180.988 -0.498208 -0.243688 0.832109 
19681584 8.45501 2.02077 181.4 -0.491434 -0.255864 0.832482 2.05861 6.98908 176.923 -0.554186 -0.124497 0.823019 -2.08329 2.14936 55.5179 1.44152 -20.5311 8.45501 2.02077 181.4 -0.491434 -0.255864 0.832482 
19768980 8.62169 0.831833 181.764 -0.484069 -0.267541 0.833126 2.31266 5.88281 177.255 -0.547158 -0.137375 0.825641 -2.09851 2.17636 54.9416 1.42228 -19.6818 8.62169 0.831833 181.764 -0.484069 -0.267541 0.833126 
19857023 8.74711 -0.452145 182.117 -0.47707 -0.280853 0.832782 2.55761 4.55338 177.7 -0.53939 -0.150015 0.828495 -2.11489 2.20825 54.4622 1.39987 -18.8738 8.74711 -0.452145 182.117 -0.47707 -0.280853 0.832782 
19944297 8.87755 -1.54692 182.416 -0.469561 -0.292628 0.832995 2.91893 3.2325 178.152 -0.532137 -0.163763 0.830521 -2.12896 2.23956 53.9796 1.37861 -18.0705 8.87755 -1.54692 182.416 -0.469561 -0.292628 0.832995 
20031538 8.93443 -2.62091 182.635 -0.462367 -0.30573 0.832314 3.06265 2.13039 178.492 -0.525243 -0.1769 0.832295 -2.14448 2.27145 53.6256 1.35937 -17.4196 8.93443 -2.62091 182.635 -0.462367 -0.30573 0.832314 
20119185 9.04605 -3.48146 182.791 -0.454661 -0.317968 0.831973 3.21077 0.937204 178.957 -0.518879 -0.192004 0.833015 -2.15625 2.30133 53.3271 1.34385 -16.8624 9.04605 -3.48146 182.791 -0.454661 -0.317968 0.831973 
20206839 9.12622 -4.2323 182.915 -0.446662 -0.331068 0.831196 3.36553 -0.0463045 179.199 -0.513117 -0.206134 0.833111 -2.16861 2.3289 53.1382 1.3338 -16.4417 9.12622 -4.2323 182.915 -0.446662 -0.331068 0.831196 
20294393 9.18215 -4.77005 183.045 -0.438937 -0.34295 0.830493 3.52616 -1.02182 179.448 -0.507987 -0.221123 0.832499 -2.17924 2.34959 52.9763 1.33064 -16.0671 9.18215 -4.77005 183.045 -0.438937 -0.34295 0.830493 
20381375 9.26604 -5.20068 183.175 -0.430679 -0.354481 0.829975 3.58033 -1.66533 179.694 -0.502852 -0.235628 0.831633 -2.18843 2.36855 52.8445 1.33064 -15.7274 9.26604 -5.20068 183.175 -0.430679 -0.354481 0.829975 
20468902 9.36608 -5.51013 183.293 -0.422578 -0.364443 0.829825 3.61144 -2.4008 179.827 -0.495553 -0.252482 0.831035 -2.19561 2.38435 52.7048 1.33265 -15.4083 9.36608 -5.51013 183.293 -0.422578 -0.364443 0.829825 
20556803 9.36004 -5.7469 183.446 -0.415241 -0.374323 0.82913 3.65811 -2.94057 180.069 -0.489425 -0.266144 0.830385 -2.20566 2.3944 52.5985 1.34098 -15.1082 9.36004 -5.7469 183.446 -0.415241 -0.374323 0.82913 
20644335 9.28235 -5.95618 183.615 -0.40867 -0.383155 0.828361 3.60231 -3.2576 180.202 -0.484038 -0.27981 0.829011 -2.21773 2.4013 52.4683 1.35103 -14.7844 9.28235 -5.95618 183.615 -0.40867 -0.383155 0.828361 
20731377 9.1967 -6.17443 183.796 -0.401915 -0.392609 0.827238 3.54529 -3.80242 180.452 -0.478761 -0.292741 0.827624 -2.23037 2.4079 52.3762 1.36253 -14.4844 9.1967 -6.17443 183.796 -0.401915 -0.392609 0.827238 
20818506 9.09257 -6.34631 183.99 -0.395711 -0.40094 0.826233 3.38867 -4.152 180.583 -0.474534 -0.302718 0.826556 -2.24272 2.41221 52.2746 1.37488 -14.1732 9.09257 -6.34631 183.99 -0.395711 -0.40094 0.826233 
20905720 9.00029 -6.53037 184.212 -0.389088 -0.409534 0.825162 3.10847 -4.47344 180.833 -0.468888 -0.315294 0.824913 -2.2545 2.41767 52.1889 1.38666 -13.8446 9.00029 -6.53037 184.212 -0.389088 -0.409534 0.825162 
20994121 8.96326 -6.70915 184.437 -0.38338 -0.416926 0.824131 3.07413 -4.7258 181.076 -0.465493 -0.323677 0.823578 -2.26398 2.4237 52.1333 1.39527 -13.5382 8.96326 -6.70915 184.437 -0.38338 -0.416926 0.824131 
21081064 8.90524 -6.91224 184.667 -0.377263 -0.424086 0.823301 3.02472 -5.07137 181.32 -0.460664 -0.334035 0.822266 -2.2749 2.43002 52.0238 1.4036 -13.1794 8.90524 -6.91224 184.667 -0.377263 -0.424086 0.823301 
21168605 8.78712 -7.10417 184.893 -0.372359 -0.430472 0.822218 3.0674 -5.50725 181.567 -0.453922 -0.346869 0.820739 -2.28696 2.43347 51.9317 1.41308 -12.8524 8.78712 -7.10417 184.893 -0.372359 -0.430472 0.822218 
21255597 8.62927 -7.26851 185.138 -0.367674 -0.436135 0.821342 2.89985 -5.97621 181.701 -0.448705 -0.356008 0.819643 -2.30018 2.43491 51.7904 1.424 -12.473 8.62927 -7.26851 185.138 -0.367674 -0.436135 0.821342 
21344110 8.53478 -7.44398 185.38 -0.362834 -0.441602 0.820573 2.74049 -6.21521 181.947 -0.443867 -0.365639 0.818073 -2.31109 2.43864 51.6714 1.43204 -12.1079 8.53478 -7.44398 185.38 -0.362834 -0.441602 0.820573 
21430882 8.4163 -7.63792 185.635 -0.358157 -0.446695 0.81987 2.69477 -6.46855 182.188 -0.439248 -0.373917 0.816845 -2.32316 2.44238 51.5174 1.43951 -11.6999 8.4163 -7.63792 185.635 -0.358157 -0.446695 0.81987 
21518484 8.30629 -7.88919 185.88 -0.354168 -0.451682 0.81887 2.5491 -6.84893 182.434 -0.436067 -0.380343 0.815473 -2.33494 2.44783 51.4031 1.44382 -11.33 8.30629 -7.88919 185.88 -0.354168 -0.451682 0.81887 
21605698 8.18773 -8.18377 186.135 -0.350023 -0.456496 0.817982 2.41522 -7.12697 182.678 -0.433969 -0.385776 0.814093 -2.34786 2.45502 51.2396 1.44612 -10.9014 8.18773 -8.18377 186.135 -0.350023 -0.456496 0.817982 
21694036 8.05701 -8.52658 186.376 -0.346369 -0.461505 0.816726 2.26244 -7.60406 183.042 -0.43008 -0.393564 0.812374 -2.36137 2.46306 51.1078 1.44698 -10.5124 8.05701 -8.52658 186.376 -0.346369 -0.461505 0.816726 
21780924 7.93458 -8.85844 186.638 -0.343055 -0.466088 0.815522 2.11886 -7.99242 183.175 -0.427254 -0.399372 0.811116 -2.37401 2.4711 50.9808 1.44698 -10.1076 7.93458 -8.85844 186.638 -0.343055 -0.466088 0.815522 
21868061 7.78254 -9.20203 186.895 -0.340463 -0.470503 0.814071 1.98337 -8.37741 183.426 -0.425169 -0.405303 0.809258 -2.38722 2.47828 50.8745 1.44698 -9.7282 7.78254 -9.20203 186.895 -0.340463 -0.470503 0.814071 
21955478 7.64054 -9.55883 187.145 -0.338131 -0.474391 0.812785 1.73303 -8.75383 183.789 -0.422603 -0.411729 0.807404 -2.39986 2.4869 50.7443 1.4444 -9.33132 7.64054 -9.55883 187.145 -0.338131 -0.474391 0.812785 
22044031 7.54552 -9.93669 187.385 -0.335675 -0.477962 0.811711 1.69277 -9.24279 183.93 -0.419074 -0.418906 0.805433 -2.41078 2.49868 50.5982 1.43779 -8.92175 7.54552 -9.93669 187.385 -0.335675 -0.477962 0.811711 
22130766 7.45906 -10.3065 187.632 -0.333179 -0.481487 0.810655 1.65586 -9.73645 184.179 -0.415773 -0.425339 0.803815 -2.42112 2.51075 50.4522 1.4309 -8.50424 7.45906 -10.3065 187.632 -0.333179 -0.481487 0.810655 
22217935 7.39139 -10.6731 187.86 -0.330802 -0.484803 0.809651 1.51124 -10.1225 184.427 -0.412706 -0.431156 0.802311 -2.43031 2.52367 50.3109 1.42256 -8.10736 7.39139 -10.6731 187.86 -0.330802 -0.484803 0.809651 
22305453 7.35278 -11.0352 188.122 -0.328612 -0.48764 0.80884 1.37318 -10.5224 184.671 -0.410344 -0.435489 0.80115 -2.43778 2.53804 50.1632 1.41165 -7.66762 7.35278 -11.0352 188.122 -0.328612 -0.48764 0.80884 
22393455 7.32301 -11.4512 188.355 -0.326567 -0.490692 0.807821 1.34784 -10.9251 184.914 -0.408103 -0.439699 0.799989 -2.44496 2.55527 50.0109 1.39728 -7.24376 7.32301 -11.4512 188.355 -0.326567 -0.490692 0.807821 
22480635 7.2664 -11.847 188.614 -0.324774 -0.493092 0.807082 1.42238 -11.4285 185.16 -0.404787 -0.445273 0.798598 -2.45186 2.57193 49.8283 1.38263 -6.77545 7.2664 -11.847 188.614 -0.324774 -0.493092 0.807082 
22568081 7.18029 -12.1992 188.864 -0.323056 -0.495162 0.806504 1.38261 -11.8128 185.406 -0.400993 -0.451468 0.797093 -2.4599 2.5863 49.6045 1.37057 -6.2865 7.18029 -12.1992 188.864 -0.323056 -0.495162 0.806504 
22655355 7.05131 -12.5523 189.105 -0.32142 -0.496926 0.806073 1.45597 -12.3184 185.652 -0.39755 -0.4568 0.795697 -2.47024 2.60066 49.2965 1.3585 -5.73881 7.05131 -12.5523 189.105 -0.32142 -0.496926 0.806073 
22743311 6.88911 -12.9425 189.381 -0.319938 -0.499439 0.805109 1.31447 -12.7205 185.895 -0.394817 -0.460893 0.79465 -2.48058 2.61474 49.0726 1.34701 -5.22129 6.88911 -12.9425 189.381 -0.319938 -0.499439 0.805109 
22830777 6.76269 -13.312 189.673 -0.318739 -0.501731 0.804159 1.18761 -13.1309 186.249 -0.393531 -0.463862 0.793718 -2.4892 2.62939 48.8504 1.33409 -4.69424 6.76269 -13.312 189.673 -0.318739 -0.501731 0.804159 
22917964 6.63884 -13.6916 189.95 -0.317736 -0.503828 0.803244 1.05794 -13.4294 186.491 -0.391884 -0.467086 0.792543 -2.49696 2.64548 48.6234 1.31943 -4.17512 6.63884 -13.6916 189.95 -0.317736 -0.503828 0.803244 
23005812 6.55261 -14.0523 190.219 -0.316663 -0.505189 0.802813 1.03764 -13.7263 186.732 -0.39 -0.47068 0.791373 -2.50242 2.66329 48.3535 1.30162 -3.62426 6.55261 -14.0523 190.219 -0.316663 -0.505189 0.802813 
23093319 6.43817 -14.4653 190.486 -0.315983 -0.50712 0.801863 1.00989 -14.1359 186.971 -0.387499 -0.474154 0.79056 -2.50845 2.68253 48.1154 1.28238 -3.0988 6.43817 -14.4653 190.486 -0.315983 -0.50712 0.801863 
23180584 6.27924 -14.7959 190.784 -0.315236 -0.50796 0.801625 1.09028 -14.5495 187.208 -0.384625 -0.477385 0.789983 -2.51592 2.6992 47.7661 1.26571 -2.4638 6.27924 -14.7959 190.784 -0.315236 -0.50796 0.801625 
23267821 6.08015 -15.1853 191.102 -0.315019 -0.509451 0.800764 0.957139 -14.8505 187.556 -0.382477 -0.480116 0.789404 -2.52425 2.71729 47.455 1.24762 -1.83356 6.08015 -15.1853 191.102 -0.315019 -0.509451 0.800764 
23355165 5.89902 -15.5678 191.408 -0.314651 -0.511003 0.799919 0.827432 -15.1502 187.797 -0.380827 -0.483215 0.788349 -2.53143 2.73625 47.1486 1.22866 -1.22079 5.89902 -15.5678 191.408 -0.314651 -0.511003 0.799919 
23442271 5.74711 -15.9718 191.711 -0.313492 -0.512809 0.799218 0.806993 -15.4552 188.143 -0.378797 -0.485701 0.787765 -2.53718 2.75924 46.793 1.20568 -0.55245 5.74711 -15.9718 191.711 -0.313492 -0.512809 0.799218 
23531045 5.58291 -16.3306 192.025 -0.312718 -0.514203 0.798625 0.776392 -15.9763 188.387 -0.376175 -0.489179 0.786829 -2.54292 2.77963 46.4437 1.18528 0.098425 5.58291 -16.3306 192.025 -0.312718 -0.514203 0.798625 
23617623 5.41128 -16.6818 192.325 -0.312195 -0.515697 0.797866 0.74589 -16.2721 188.734 -0.373063 -0.49266 0.786132 -2.54838 2.79974 46.1231 1.16517 0.708025 5.41128 -16.6818 192.325 -0.312195 -0.515697 0.797866 
23705434 5.16792 -17.0183 192.635 -0.312692 -0.516806 0.796953 0.615964 -16.5821 188.97 -0.37139 -0.494649 0.785665 -2.55556 2.81841 45.8072 1.14592 1.31763 5.16792 -17.0183 192.635 -0.312692 -0.516806 0.796953 
23792173 4.9717 -17.3788 192.956 -0.31296 -0.517913 0.796129 0.596125 -16.9963 189.213 -0.369739 -0.497629 0.784486 -2.55987 2.84053 45.4833 1.12208 1.94627 4.9717 -17.3788 192.956 -0.31296 -0.517913 0.796129 
23881093 4.76598 -17.6967 193.256 -0.312785 -0.518726 0.795669 0.455187 -17.2891 189.563 -0.366752 -0.501233 0.78367 -2.56475 2.86237 45.0975 1.0991 2.59874 4.76598 -17.6967 193.256 -0.312785 -0.518726 0.795669 
23967493 4.52172 -18.0266 193.552 -0.313536 -0.519565 0.794825 0.541315 -17.7016 189.804 -0.364496 -0.504586 0.782614 -2.56935 2.88477 44.7785 1.07468 3.19246 4.52172 -18.0266 193.552 -0.313536 -0.519565 0.794825 
24055475 4.24433 -18.3079 193.852 -0.314588 -0.51969 0.794328 0.400233 -18.0012 190.043 -0.361624 -0.5077 0.78179 -2.57538 2.90574 44.4022 1.05141 3.82429 4.24433 -18.3079 193.852 -0.314588 -0.51969 0.794328 
24142164 4.00275 -18.6478 194.196 -0.315367 -0.52039 0.79356 0.275959 -18.3136 190.279 -0.360558 -0.509437 0.781202 -2.57883 2.93189 44.0403 1.0224 4.48945 4.00275 -18.6478 194.196 -0.315367 -0.52039 0.79356 
24230471 3.75765 -18.992 194.517 -0.316692 -0.520729 0.79281 0.159589 -18.6295 190.517 -0.360343 -0.510798 0.780494 -2.58084 2.95975 43.6863 0.989935 5.12127 3.75765 -18.992 194.517 -0.316692 -0.520729 0.79281 
24317387 3.54602 -19.3503 194.837 -0.317533 -0.521209 0.792158 0.041475 -19.0582 190.757 -0.360126 -0.512037 0.779784 -2.58084 2.99135 43.3084 0.953164 5.77056 3.54602 -19.3503 194.837 -0.317533 -0.521209 0.792158 
24404563 3.36547 -19.6702 195.15 -0.318391 -0.521737 0.791465 -0.177431 -19.3758 190.999 -0.360885 -0.513024 0.778713 -2.57998 3.02065 43.0052 0.918979 6.34841 3.36547 -19.6702 195.15 -0.318391 -0.521737 0.791465 
24491767 3.18136 -19.9942 195.471 -0.319377 -0.522019 0.790882 -0.280338 -19.7021 191.237 -0.362117 -0.513263 0.777999 -2.57825 3.05283 42.683 0.880772 6.95325 3.18136 -19.9942 195.471 -0.319377 -0.522019 0.790882 
24579014 3.04348 -20.304 195.791 -0.320254 -0.522568 0.790165 -0.599122 -20.1401 191.481 -0.364323 -0.513126 0.777043 -2.57509 3.08356 42.4417 0.844289 7.49459 3.04348 -20.304 195.791 -0.320254 -0.522568 0.790165 
24667245 2.92705 -20.6151 196.121 -0.321506 -0.523058 0.789332 -0.787482 -20.4695 191.839 -0.368236 -0.512606 0.77561 -2.5705 3.11373 42.2591 0.807518 8.00735 2.92705 -20.6151 196.121 -0.321506 -0.523058 0.789332 
24754628 2.89089 -20.8879 196.395 -0.322329 -0.523516 0.788692 -1.08707 -20.9167 192.086 -0.372506 -0.511467 0.77429 -2.56389 3.13958 42.1226 0.775056 8.43439 2.89089 -20.8879 196.395 -0.322329 -0.523516 0.788692 
24842134 4.50395 -22.3015 197.052 -0.282533 -0.565297 0.774993 -1.28792 -21.2426 192.331 -0.375207 -0.511574 0.772978 -2.55843 -3.13039 41.9622 0.757533 8.86936 4.50395 -22.3015 197.052 -0.282533 -0.565297 0.774993 
24929047 4.4913 -22.5976 197.316 -0.283913 -0.565719 0.77418 -1.29862 -21.4348 192.572 -0.374168 -0.514427 0.771559 -2.54981 -3.11373 41.7749 0.735413 9.36149 4.4913 -22.5976 197.316 -0.283913 -0.565719 0.77418 
25017281 4.40207 -22.9339 197.574 -0.285323 -0.565585 0.77376 -1.30688 -21.7558 192.805 -0.373577 -0.51542 0.771206 -2.54148 -3.08816 41.4241 0.704675 10.0139 4.40207 -22.9339 197.574 -0.285323 -0.565585 0.77376 
25104468 4.27019 -23.277 197.816 -0.286745 -0.565502 0.773295 -1.41617 -21.9763 193.034 -0.373937 -0.515048 0.771202 -2.53459 -3.05915 41.0875 0.672213 10.6521 4.27019 -23.277 197.816 -0.286745 -0.565502 0.773295 
25192208 4.13056 -23.639 198.043 -0.287885 -0.56531 0.773012 -1.52359 -22.3015 193.38 -0.374553 -0.515168 0.770845 -2.52741 -3.0264 40.7573 0.637166 11.2935 4.13056 -23.639 198.043 -0.287885 -0.56531 0.773012 
25278959 3.97592 -24.0469 198.237 -0.289846 -0.565223 0.772342 -1.84859 -22.6255 193.62 -0.375906 -0.515283 0.770129 -2.51936 -2.99307 40.5494 0.60097 11.8142 3.97592 -24.0469 198.237 -0.289846 -0.565223 0.772342 
25367960 3.89609 -24.4058 198.406 -0.291111 -0.564839 0.772147 -2.04715 -22.9526 193.975 -0.378722 -0.515019 0.768934 -2.50988 -2.96607 40.3779 0.57052 12.2682 3.89609 -24.4058 198.406 -0.291111 -0.564839 0.772147 
25454297 3.83904 -24.8421 198.559 -0.29303 -0.564881 0.77139 -2.24636 -23.1714 194.215 -0.381414 -0.514633 0.767856 -2.49753 -2.94022 40.3049 0.539494 12.6349 3.83904 -24.8421 198.559 -0.29303 -0.564881 0.77139 
25541976 3.83978 -25.2811 198.708 -0.294167 -0.564804 0.771014 -2.54823 -23.3966 194.455 -0.385067 -0.513375 0.766894 -2.48288 -2.91666 40.2001 0.510193 13.0254 3.83978 -25.2811 198.708 -0.294167 -0.564804 0.771014 
25628691 3.87611 -25.8268 198.854 -0.295662 -0.56526 0.770107 -2.62792 -23.6206 194.696 -0.388609 -0.512614 0.765574 -2.46363 -2.89483 40.1207 0.479742 13.4049 3.87611 -25.8268 198.854 -0.295662 -0.56526 0.770107 
25716998 3.93299 -26.405 198.985 -0.297011 -0.565405 0.769482 -2.72115 -23.8377 194.935 -0.390696 -0.512603 0.764497 -2.4418 -2.87414 40.0144 0.449004 13.8049 3.93299 -26.405 198.985 -0.297011 -0.565405 0.769482 
25804211 3.99087 -26.9621 199.107 -0.298587 -0.565428 0.768854 -2.81723 -24.1652 195.176 -0.392663 -0.512716 0.763422 -2.42026 -2.85719 39.908 0.421426 14.1732 3.99087 -26.9621 199.107 -0.298587 -0.565428 0.768854 
25891751 4.04136 -27.5103 199.22 -0.299326 -0.565394 0.768592 -2.81537 -24.4932 195.41 -0.39316 -0.512962 0.762944 -2.399 -2.8391 39.7365 0.393848 14.5875 4.04136 -27.5103 199.22 -0.299326 -0.565394 0.768592 
25978591 4.02338 -28.0438 199.353 -0.300511 -0.565596 0.767981 -2.52303 -25.1242 195.542 -0.389578 -0.517435 0.761895 -2.38033 -2.82071 39.608 0.367132 14.9765 4.02338 -28.0438 199.353 -0.300511 -0.565596 0.767981 
26067374 3.88232 -28.4956 199.514 -0.301868 -0.565639 0.767417 -2.52131 -25.458 195.772 -0.390061 -0.517061 0.761893 -2.3674 -2.79917 39.4873 0.340416 15.3734 3.88232 -28.4956 199.514 -0.301868 -0.565639 0.767417 
26154094 3.69736 -28.8945 199.674 -0.303484 -0.565538 0.766853 -2.49968 -25.6837 196.006 -0.392499 -0.516305 0.761172 -2.35619 -2.77791 39.3698 0.314274 15.7623 3.69736 -28.8945 199.674 -0.303484 -0.565538 0.766853 
26241605 3.52291 -29.3217 199.841 -0.304174 -0.565407 0.766676 -2.60031 -26.0112 196.246 -0.393976 -0.516423 0.760213 -2.34384 -2.7555 39.1619 0.287558 16.2322 3.52291 -29.3217 199.841 -0.304174 -0.565407 0.766676 
26328614 3.32636 -29.818 199.991 -0.30555 -0.565658 0.765944 -2.60166 -26.3288 196.375 -0.394257 -0.51803 0.759027 -2.32948 -2.73338 38.9825 0.259693 16.6687 3.32636 -29.818 199.991 -0.30555 -0.565658 0.765944 
26417310 3.14937 -30.3063 200.152 -0.306244 -0.565943 0.765456 -2.60974 -26.6418 196.614 -0.393686 -0.51989 0.758081 -2.31425 -2.71184 38.7618 0.232689 17.1466 3.14937 -30.3063 200.152 -0.306244 -0.565943 0.765456 
26503974 2.95281 -30.7456 200.294 -0.307347 -0.566404 0.764673 -2.61446 -26.9583 196.853 -0.393475 -0.521377 0.757132 -2.30133 -2.69374 38.5523 0.208559 17.5847 2.95281 -30.7456 200.294 -0.307347 -0.566404 0.764673 
26591221 2.78349 -31.163 200.411 -0.308599 -0.566598 0.764025 -2.62265 -27.2758 196.98 -0.393022 -0.522991 0.756182 -2.28782 -2.6788 38.3459 0.187013 17.9816 2.78349 -31.163 200.411 -0.308599 -0.566598 0.764025 
26678458 2.65365 -31.5534 200.506 -0.309729 -0.566539 0.76361 -2.74423 -27.4835 197.1 -0.392191 -0.524232 0.755832 -2.27375 -2.6676 38.1189 0.168053 18.3626 2.65365 -31.5534 200.506 -0.309729 -0.566539 0.76361 
26767240 2.61577 -31.875 200.541 -0.31028 -0.566469 0.763439 -2.64563 -27.8131 197.216 -0.391221 -0.524733 0.755953 -2.26082 -2.66156 37.922 0.154552 18.642 2.61577 -31.875 200.541 -0.31028 -0.566469 0.763439 
26853833 2.55097 -32.1823 200.534 -0.311208 -0.566575 0.762983 -2.54421 -28.0335 197.329 -0.390367 -0.524985 0.756193 -2.24904 -2.65611 37.7665 0.142199 18.8341 2.55097 -32.1823 200.534 -0.311208 -0.566575 0.762983 
26941663 2.48725 -32.4188 200.5 -0.312615 -0.566518 0.76245 -2.43952 -28.2595 197.329 -0.389995 -0.524862 0.756553 -2.24014 -2.65352 37.6855 0.133294 18.9151 2.48725 -32.4188 200.5 -0.312615 -0.566518 0.76245 
27028330 2.42997 -32.5724 200.445 -0.313979 -0.565911 0.762339 -2.44241 -28.3723 197.33 -0.38987 -0.524739 0.756671 -2.23353 -2.65295 37.6014 0.126686 18.9611 2.42997 -32.5724 200.445 -0.313979 -0.565911 0.762339 
27116085 2.40641 -32.6294 200.347 -0.31491 -0.564753 0.762814 -2.43907 -28.3758 197.329 -0.390229 -0.524365 0.75679 -2.22922 -2.65496 37.5014 0.123239 18.9579 2.40641 -32.6294 200.347 -0.31491 -0.564753 0.762814 
27203746 2.4657 -32.6933 200.192 -0.315251 -0.563954 0.763265 -2.44115 -28.5022 197.212 -0.390321 -0.523004 0.757618 -2.22376 -2.65984 37.4204 0.122665 18.8785 2.4657 -32.6933 200.192 -0.315251 -0.563954 0.763265 
27290980 2.57437 -32.7829 200.002 -0.315643 -0.563872 0.763163 -2.33655 -28.5096 197.094 -0.389699 -0.522635 0.758215 -2.21802 -2.66673 37.4299 0.124675 18.6849 2.57437 -32.7829 200.002 -0.315643 -0.563872 0.763163 
27378245 2.72794 -32.8383 199.776 -0.315848 -0.563819 0.763117 -2.14785 -28.6082 196.76 -0.386565 -0.525128 0.758108 -2.21342 -2.67506 37.4902 0.128985 18.4055 2.72794 -32.8383 199.776 -0.315848 -0.563819 0.763117 
27465411 2.86931 -32.8262 199.576 -0.316027 -0.564055 0.762869 -1.95837 -28.5883 196.539 -0.383198 -0.52812 0.757643 -2.21227 -2.68397 37.603 0.136166 18.0896 2.86931 -32.8262 199.576 -0.316027 -0.564055 0.762869 
27553678 3.04831 -32.7616 199.366 -0.315724 -0.564317 0.762801 -1.88171 -28.569 196.315 -0.379701 -0.530863 0.757538 -2.21256 -2.69431 37.7252 0.145934 17.7435 3.04831 -32.7616 199.366 -0.315724 -0.564317 0.762801 
27640778 3.22396 -32.6887 199.193 -0.315851 -0.564849 0.762354 -1.70192 -28.4362 195.977 -0.375238 -0.534231 0.757434 -2.214 -2.70552 37.9173 0.157137 17.3688 3.22396 -32.6887 199.193 -0.315851 -0.564849 0.762354 
27728046 3.36582 -32.5805 199.048 -0.316359 -0.565055 0.761991 -1.48144 -28.2359 195.735 -0.374833 -0.532624 0.758741 -2.21687 -2.71672 38.1125 0.168341 17.0132 3.36582 -32.5805 199.048 -0.316359 -0.565055 0.761991 
27815295 3.53106 -32.5437 198.93 -0.316239 -0.565515 0.761699 -1.51383 -27.7825 195.577 -0.382552 -0.521436 0.762631 -2.21658 -2.7262 38.2126 0.176959 16.7862 3.53106 -32.5437 198.93 -0.316239 -0.565515 0.761699 
27903557 3.72452 -32.5428 198.811 -0.316466 -0.566355 0.760981 -1.38956 -27.6923 195.455 -0.383858 -0.51957 0.763341 -2.21514 -2.7374 38.3935 0.186726 16.4878 3.72452 -32.5428 198.811 -0.316466 -0.566355 0.760981 
27990824 3.90838 -32.5063 198.649 -0.316846 -0.566739 0.760537 -1.36692 -27.6141 195.332 -0.386236 -0.516215 0.764399 -2.21457 -2.74861 38.5729 0.197068 16.1369 3.90838 -32.5063 198.649 -0.316846 -0.566739 0.760537 
28078381 4.11813 -32.4607 198.442 -0.316676 -0.567835 0.75979 -1.24603 -27.5226 195.211 -0.38718 -0.514479 0.764985 -2.21486 -2.76038 38.7793 0.208846 15.7194 4.11813 -32.4607 198.442 -0.316676 -0.567835 0.75979 
28165172 4.31386 -32.3367 198.259 -0.317026 -0.568342 0.759264 -1.13193 -27.4276 194.979 -0.387522 -0.513363 0.765577 -2.21744 -2.77417 38.992 0.222635 15.3035 4.31386 -32.3367 198.259 -0.317026 -0.568342 0.759264 
28254803 4.4629 -32.1851 198.075 -0.318006 -0.568718 0.758572 -0.904902 -27.3264 194.861 -0.387878 -0.512864 0.765815 -2.22175 -2.78825 39.2428 0.236711 14.8447 4.4629 -32.1851 198.075 -0.318006 -0.568718 0.758572 
28340788 4.60941 -32.0099 197.893 -0.31852 -0.569509 0.757762 -0.785093 -27.2314 194.632 -0.388835 -0.511746 0.766048 -2.2275 -2.80118 39.5064 0.251649 14.3748 4.60941 -32.0099 197.893 -0.31852 -0.569509 0.757762 
28427903 4.7397 -31.7973 197.73 -0.319209 -0.570519 0.756712 -0.777925 -27.1301 194.406 -0.38968 -0.511122 0.766044 -2.23525 -2.81468 39.8159 0.268311 13.8747 4.7397 -31.7973 197.73 -0.319209 -0.570519 0.756712 
28515289 4.89805 -31.5049 197.596 -0.319609 -0.571543 0.755771 -0.657823 -27.0225 194.295 -0.390538 -0.511116 0.765687 -2.24502 -2.83134 40.1445 0.288994 13.3668 4.89805 -31.5049 197.596 -0.319609 -0.571543 0.755771 
28604126 5.03092 -31.1579 197.464 -0.319914 -0.572818 0.754675 -0.547863 -26.909 194.074 -0.390436 -0.511984 0.765093 -2.25737 -2.84829 40.5033 0.311689 12.8222 5.03092 -31.1579 197.464 -0.319914 -0.572818 0.754675 
28690739 5.1568 -30.6432 197.366 -0.319648 -0.573657 0.754151 -0.43905 -26.7956 193.851 -0.39021 -0.512852 0.764619 -2.27432 -2.86926 40.8383 0.340129 12.2936 5.1568 -30.6432 197.366 -0.319648 -0.573657 0.754151 
28778502 5.23604 -30.1578 197.311 -0.320064 -0.574533 0.753307 -0.337514 -26.5647 193.626 -0.389017 -0.514343 0.76427 -2.29242 -2.89081 41.2145 0.369717 11.7443 5.23604 -30.1578 197.311 -0.320064 -0.574533 0.753307 
28865145 5.29052 -29.5597 197.28 -0.319723 -0.575474 0.752733 -0.124321 -26.3345 193.511 -0.387699 -0.515714 0.763916 -2.31282 -2.91522 41.5701 0.403041 11.2252 5.29052 -29.5597 197.28 -0.319723 -0.575474 0.752733 
28953305 5.29942 -28.9516 197.254 -0.320069 -0.576326 0.751933 -0.0238724 -26.1014 193.286 -0.386388 -0.517453 0.763448 -2.33465 -2.94108 41.9749 0.437513 10.6632 5.29942 -28.9516 197.254 -0.320069 -0.576326 0.751933 
29040566 5.2844 -28.3011 197.229 -0.320389 -0.57719 0.751134 0.079542 -25.7533 193.172 -0.38508 -0.519317 0.762861 -2.35821 -2.97009 42.4194 0.47572 10.0489 5.2844 -28.3011 197.229 -0.320389 -0.57719 0.751134 
29127747 5.23016 -27.6624 197.233 -0.321062 -0.577923 0.750283 0.183919 -25.4132 193.054 -0.383876 -0.520314 0.762745 -2.38205 -3.00054 42.9084 0.515076 9.42181 5.23016 -27.6624 197.233 -0.321062 -0.577923 0.750283 
29214975 5.16744 -26.9449 197.249 -0.32155 -0.577746 0.75021 0.10604 -24.7684 192.927 -0.386518 -0.517702 0.763088 -2.40704 -3.03645 43.4132 0.559603 8.77094 5.16744 -26.9449 197.249 -0.32155 -0.577746 0.75021 
29302204 5.18199 -26.4209 197.251 -0.322302 -0.577657 0.749956 -0.184686 -24.1169 192.918 -0.390143 -0.515207 0.762956 -2.42399 -3.0692 43.9609 0.598098 8.128 5.18199 -26.4209 197.251 -0.322302 -0.577657 0.749956 
29390441 5.34171 -25.9538 197.227 -0.322871 -0.577674 0.749698 -0.372808 -23.6821 192.806 -0.393302 -0.513827 0.762352 -2.43548 -3.10597 44.6737 0.639752 7.34854 5.34171 -25.9538 197.227 -0.322871 -0.577674 0.749698 
29477908 3.53932 -22.9994 196.907 -0.370009 -0.517108 0.771811 -0.452686 -23.2467 192.693 -0.3961 -0.512699 0.761627 -2.4441 3.14102 45.4928 0.680544 6.46271 3.53932 -22.9994 196.907 -0.370009 -0.517108 0.771811 
29564815 3.73696 -22.4973 196.851 -0.371227 -0.515874 0.772052 -0.527878 -22.8068 192.695 -0.399272 -0.511817 0.760545 -2.44841 3.0962 46.1469 0.730817 5.78009 3.73696 -22.4973 196.851 -0.371227 -0.515874 0.772052 
29652177 3.99655 -22.1165 196.758 -0.371831 -0.515345 0.772115 -0.278177 -22.2698 192.678 -0.401192 -0.509948 0.760895 -2.4487 3.06144 46.7565 0.769598 5.12763 3.99655 -22.1165 196.758 -0.371831 -0.515345 0.772115 
29740228 4.14851 -21.7387 196.645 -0.37336 -0.514375 0.772024 -0.253394 -21.8408 192.667 -0.403114 -0.508082 0.761123 -2.45157 3.02927 47.347 0.804933 4.47675 4.14851 -21.7387 196.645 -0.37336 -0.514375 0.772024 
29828017 4.28997 -21.4189 196.501 -0.375106 -0.513527 0.771742 -0.114621 -21.409 192.66 -0.405293 -0.50671 0.760875 -2.45329 3.00169 47.8979 0.834809 3.83381 4.28997 -21.4189 196.501 -0.375106 -0.513527 0.771742 
29914746 4.40328 -21.0552 196.351 -0.376575 -0.51235 0.771809 -0.198156 -21.2059 192.546 -0.408069 -0.504594 0.760741 -2.45616 2.9744 48.3948 0.864398 3.23215 4.40328 -21.0552 196.351 -0.376575 -0.51235 0.771809 
30001982 4.53146 -20.6683 196.208 -0.378246 -0.510815 0.772009 -0.171135 -20.778 192.425 -0.410362 -0.502849 0.760731 -2.45789 2.94682 48.898 0.893412 2.63049 4.53146 -20.6683 196.208 -0.378246 -0.510815 0.772009 
30090213 4.62985 -20.2336 196.049 -0.380294 -0.50871 0.772393 -0.238857 -20.3611 192.308 -0.414467 -0.499738 0.76047 -2.46047 2.91752 49.3886 0.923575 2.01771 4.62985 -20.2336 196.049 -0.380294 -0.50871 0.772393 
30177377 4.77807 -19.8742 195.924 -0.382135 -0.507207 0.772472 -0.313913 -20.0511 192.194 -0.417969 -0.497125 0.760212 -2.45932 2.89339 49.8759 0.947993 1.4478 4.77807 -19.8742 195.924 -0.382135 -0.507207 0.772472 
30264618 4.98476 -19.5047 195.803 -0.384165 -0.505918 0.772311 -0.381574 -19.632 192.187 -0.421951 -0.494014 0.760071 -2.4553 2.86897 50.4474 0.972411 0.808037 4.98476 -19.5047 195.803 -0.384165 -0.505918 0.772311 
30351843 5.18126 -19.1182 195.672 -0.386044 -0.504278 0.772446 -0.449859 -19.3255 192.074 -0.426181 -0.491025 0.759691 -2.45128 2.84513 50.9522 0.996255 0.198437 5.18126 -19.1182 195.672 -0.386044 -0.504278 0.772446 
30440068 5.44053 -18.7063 195.519 -0.387419 -0.502849 0.77269 -0.515288 -18.9085 191.959 -0.430533 -0.487915 0.759188 -2.44467 2.82186 51.4745 1.01952 -0.4445 5.44053 -18.7063 195.519 -0.387419 -0.502849 0.77269 
30527330 5.66558 -18.3236 195.389 -0.38888 -0.501444 0.772869 -0.467609 -18.613 191.841 -0.435232 -0.483935 0.759159 -2.43835 2.80089 51.946 1.04021 -1.02076 5.66558 -18.3236 195.389 -0.38888 -0.501444 0.772869 
30614455 5.90476 -17.9108 195.274 -0.391216 -0.499306 0.773074 -0.526392 -18.2053 191.724 -0.440299 -0.479833 0.758888 -2.42974 2.77906 52.4667 1.06032 -1.62877 5.90476 -17.9108 195.274 -0.391216 -0.499306 0.773074 
30701683 6.15754 -17.5542 195.153 -0.392888 -0.497181 0.773595 -0.682777 -17.6992 191.716 -0.446555 -0.473876 0.758838 -2.41997 2.7624 52.8715 1.07439 -2.13995 6.15754 -17.5542 195.153 -0.392888 -0.497181 0.773595 
30789932 6.43591 -17.2281 195.017 -0.394914 -0.495382 0.773718 -0.635151 -17.4071 191.598 -0.451248 -0.46953 0.758802 -2.40819 2.74746 53.3367 1.08646 -2.71462 6.43591 -17.2281 195.017 -0.394914 -0.495382 0.773718 
30877216 6.72879 -16.8831 194.905 -0.396864 -0.492965 0.774264 -0.700292 -17.1144 191.48 -0.455817 -0.465061 0.758885 -2.39526 2.73338 53.751 1.0968 -3.22421 6.72879 -16.8831 194.905 -0.396864 -0.492965 0.774264 
30964421 7.10571 -16.5021 194.799 -0.398758 -0.490605 0.77479 -0.766537 -16.8205 191.363 -0.460266 -0.46072 0.758847 -2.3786 2.7193 54.24 1.10714 -3.79571 7.10571 -16.5021 194.799 -0.398758 -0.490605 0.77479 
31051557 7.46512 -16.1503 194.682 -0.400688 -0.487989 0.775446 -0.712749 -16.4237 191.243 -0.465437 -0.455634 0.758802 -2.36194 2.70753 54.6718 1.11461 -4.32435 7.46512 -16.1503 194.682 -0.400688 -0.487989 0.775446 
31140003 7.76867 -15.8631 194.561 -0.403533 -0.485674 0.775423 -0.656606 -16.0245 191.127 -0.470861 -0.450798 0.758276 -2.34585 2.69776 55.1258 1.12036 -4.8768 7.76867 -15.8631 194.561 -0.403533 -0.485674 0.775423 
31227248 8.15641 -15.515 194.439 -0.405054 -0.482632 0.776529 -0.606786 -15.7381 191.011 -0.475791 -0.445841 0.758108 -2.32747 2.68885 55.4814 1.12466 -5.34194 8.15641 -15.515 194.439 -0.405054 -0.482632 0.776529 
31315093 8.50051 -15.2202 194.29 -0.407479 -0.480297 0.776708 -0.566 -15.447 190.892 -0.479749 -0.441382 0.758185 -2.30994 2.68024 55.9259 1.12897 -5.90867 8.50051 -15.2202 194.29 -0.407479 -0.480297 0.776708 
31401492 8.90197 -14.8857 194.168 -0.409264 -0.477171 0.777696 -0.516705 -15.0478 190.773 -0.484436 -0.436551 0.758017 -2.29012 2.67277 56.2942 1.13156 -6.38334 8.90197 -14.8857 194.168 -0.409264 -0.477171 0.777696 
31489712 9.30346 -14.6381 194.024 -0.411132 -0.474448 0.778377 -0.268078 -14.6463 190.64 -0.486557 -0.432345 0.759056 -2.2703 2.66788 56.6656 1.13156 -6.88023 9.30346 -14.6381 194.024 -0.411132 -0.474448 0.778377 
31576956 9.6007 -14.4076 193.891 -0.413138 -0.47159 0.779051 0.0998646 -14.2592 190.503 -0.489507 -0.426777 0.760442 -2.2545 2.663 56.9514 1.13156 -7.28662 9.6007 -14.4076 193.891 -0.413138 -0.47159 0.779051 
31664326 9.84366 -14.2093 193.76 -0.41521 -0.468943 0.779547 0.231775 -13.9664 190.374 -0.491264 -0.422699 0.761479 -2.241 2.6584 57.207 1.13156 -7.66286 9.84366 -14.2093 193.76 -0.41521 -0.468943 0.779547 
31751594 10.067 -14.0098 193.627 -0.417716 -0.466004 0.779971 0.475399 -13.6695 190.246 -0.493033 -0.419237 0.762284 -2.22778 2.65323 57.4689 1.13156 -8.04862 10.067 -14.0098 193.627 -0.417716 -0.466004 0.779971 
31840250 10.2472 -13.8309 193.481 -0.420363 -0.463099 0.780278 0.610756 -13.3755 190.119 -0.49516 -0.41528 0.763083 -2.21629 2.64806 57.7086 1.13156 -8.42804 10.2472 -13.8309 193.481 -0.420363 -0.463099 0.780278 
31927011 10.4491 -13.639 193.361 -0.422491 -0.45972 0.781127 0.854333 -13.081 189.99 -0.496923 -0.411571 0.764005 -2.20423 2.64375 57.8801 1.13041 -8.72172 10.4491 -13.639 193.361 -0.422491 -0.45972 0.781127 
32014284 10.6373 -13.4382 193.23 -0.424894 -0.456323 0.781815 0.982245 -12.8997 189.863 -0.498436 -0.407497 0.765039 -2.19245 2.63858 58.0722 1.13012 -9.04716 10.6373 -13.4382 193.23 -0.424894 -0.456323 0.781815 
32101453 10.8366 -13.2458 193.092 -0.427555 -0.452867 0.782374 1.22741 -12.5004 189.728 -0.500184 -0.403049 0.766313 -2.17981 2.6337 58.2913 1.12926 -9.40435 10.8366 -13.2458 193.092 -0.427555 -0.452867 0.782374 
32189143 11.0111 -13.0855 192.97 -0.430359 -0.449191 0.782955 1.36032 -12.2144 189.597 -0.502048 -0.398232 0.76758 -2.16803 2.62968 58.4802 1.12696 -9.7155 11.0111 -13.0855 192.97 -0.430359 -0.449191 0.782955 
32276797 11.2429 -12.9301 192.84 -0.432777 -0.44482 0.784117 1.49554 -11.9273 189.467 -0.50416 -0.393536 0.768731 -2.1551 2.62623 58.6294 1.12323 -10.0028 11.2429 -12.9301 192.84 -0.432777 -0.44482 0.784117 
32364602 11.429 -12.7897 192.7 -0.43568 -0.440905 0.78472 1.74213 -11.6534 189.331 -0.506248 -0.38761 0.770345 -2.14304 2.62336 58.8088 1.11921 -10.3219 11.429 -12.7897 192.7 -0.43568 -0.440905 0.78472 
32451321 11.6192 -12.7032 192.536 -0.438644 -0.436673 0.785435 1.88577 -11.2639 189.201 -0.50908 -0.381931 0.77124 -2.1304 2.62221 58.9675 1.1126 -10.641 11.6192 -12.7032 192.536 -0.438644 -0.436673 0.785435 
32539225 11.7989 -12.6568 192.382 -0.441536 -0.432596 0.786071 2.12859 -11.09 189.072 -0.510947 -0.377239 0.772388 -2.11833 2.62221 59.1136 1.10484 -10.9347 11.7989 -12.6568 192.382 -0.441536 -0.432596 0.786071 
32626868 12.0132 -12.6041 192.232 -0.444316 -0.428424 0.786789 2.25752 -10.9156 188.944 -0.512569 -0.372429 0.77353 -2.10483 2.62249 59.2723 1.0968 -11.2363 12.0132 -12.6041 192.232 -0.444316 -0.428424 0.786789 
32714968 12.2067 -12.5735 192.095 -0.44696 -0.424636 0.787344 2.50244 -10.7497 188.703 -0.514794 -0.367121 0.77467 -2.09248 2.62307 59.4263 1.08904 -11.5189 12.2067 -12.5735 192.095 -0.44696 -0.424636 0.787344 
32801200 12.4602 -12.5406 191.965 -0.44921 -0.420527 0.788268 2.747 -10.4655 188.683 -0.516532 -0.362062 0.775931 -2.07783 2.62479 59.5644 1.07985 -11.7792 12.4602 -12.5406 191.965 -0.44921 -0.420527 0.788268 
32888572 12.7066 -12.5538 191.831 -0.45157 -0.417043 0.788771 2.97575 -10.3929 188.554 -0.517073 -0.358487 0.777209 -2.06347 2.62738 59.7406 1.07037 -12.0729 12.7066 -12.5538 191.831 -0.45157 -0.417043 0.788771 
32976753 12.9189 -12.5763 191.691 -0.454672 -0.412997 0.789118 3.22788 -10.1292 188.421 -0.519757 -0.351458 0.778564 -2.04968 2.6291 59.9327 1.0606 -12.3904 12.9189 -12.5763 191.691 -0.454672 -0.412997 0.789118 
33064599 13.0705 -12.6479 191.582 -0.457409 -0.409448 0.789386 3.47624 -9.96567 188.295 -0.52222 -0.345663 0.779452 -2.03905 2.63169 60.0677 1.05055 -12.6206 13.0705 -12.6479 191.582 -0.457409 -0.409448 0.789386 
33151083 13.2483 -12.7248 191.479 -0.459772 -0.405442 0.79008 3.60576 -9.90165 188.171 -0.524091 -0.340976 0.780356 -2.02756 2.63513 60.155 1.03906 -12.8 13.2483 -12.7248 191.479 -0.459772 -0.405442 0.79008 
33238301 13.4045 -12.7995 191.404 -0.46194 -0.401334 0.790912 3.83577 -9.82331 188.046 -0.524767 -0.338016 0.781281 -2.01722 2.63829 60.2058 1.02785 -12.9191 13.4045 -12.7995 191.404 -0.46194 -0.401334 0.790912 
33326719 13.5301 -12.8927 191.33 -0.464322 -0.397719 0.791343 4.06294 -9.85659 188.034 -0.525194 -0.334814 0.782321 -2.00802 2.64117 60.2883 1.01751 -13.0651 13.5301 -12.8927 191.33 -0.464322 -0.397719 0.791343 
