3.13987 3.13987 43.01 0.00172362 0 -21.0671 5.93248 185.117 -0.696473 0.0436954 0.716102 -20.2478 6.06515 189.489 -0.657723 0.113105 0.74472 
3.13987 3.13987 43.01 0.00172362 0 -21.0661 5.93129 185.117 -0.696589 0.0438231 0.7161 -20.2478 6.06515 189.489 -0.657723 0.113105 0.74472 
3.13987 3.13987 43.01 0.00172362 0 -21.0661 5.93129 185.117 -0.696589 0.0438231 0.7161 -20.2478 6.06515 189.489 -0.657723 0.113105 0.74472 
3.13987 3.13987 43.0116 0.00172362 0 -21.066 5.93243 185.117 -0.696595 0.0437013 0.716104 -20.2485 6.06544 189.49 -0.657737 0.113109 0.744707 
3.13987 3.13987 43.0116 0.00172362 0 -21.066 5.93246 185.118 -0.696596 0.0436974 0.715982 -20.2485 6.06544 189.49 -0.657737 0.113109 0.744707 
3.13987 3.13987 43.0116 0.00172362 0 -21.0649 5.93241 185.118 -0.696718 0.0437032 0.715983 -20.2485 6.06544 189.49 -0.657737 0.113109 0.744707 
3.13987 3.13987 43.0116 0.00172362 0 -21.0648 5.93354 185.118 -0.696724 0.0435813 0.715987 -20.2485 6.06544 189.49 -0.657737 0.113109 0.744707 
3.13987 3.13987 43.0116 0.00172362 0 -21.0649 5.93241 185.118 -0.696718 0.0437032 0.715983 -20.2485 6.06544 189.49 -0.657737 0.113109 0.744707 
3.13987 3.13987 43.0116 0.00172362 0 -21.0659 5.93473 185.118 -0.696608 0.0434536 0.715989 -20.2485 6.06544 189.49 -0.657737 0.113109 0.744707 
3.13987 3.13987 43.0116 0.00172362 0 -21.0648 5.93354 185.118 -0.696724 0.0435813 0.715987 -20.2485 6.06544 189.49 -0.657737 0.113109 0.744707 
3.13987 3.13987 43.0116 0.00172362 0 -21.0648 5.93354 185.118 -0.696724 0.0435813 0.715987 -20.3323 6.2064 188.509 -0.666528 0.103034 0.738326 
3.13987 3.13987 43.0116 0.00172362 0 -21.0648 5.93468 185.118 -0.69673 0.0434595 0.71599 -20.348 6.50517 187.454 -0.675365 0.0934276 0.731542 
3.13987 3.13987 43.0116 0.00172362 0 -21.0648 5.93468 185.118 -0.69673 0.0434595 0.71599 -20.2818 6.82721 186.503 -0.678329 0.0907632 0.729131 
3.13987 3.13987 43.0116 0.00172362 0 -21.0636 5.93466 185.119 -0.696853 0.0434614 0.71587 -20.1907 7.1472 186.082 -0.676053 0.0900856 0.731325 
3.13987 3.13987 43.0116 0.00172362 0 -21.0648 5.93468 185.118 -0.69673 0.0434595 0.71599 -20.0931 7.43677 185.93 -0.676272 0.0906563 0.731052 
3.13987 3.13987 43.0116 0.00172362 0 -21.0648 5.93468 185.118 -0.69673 0.0434595 0.71599 -20.0551 7.53762 185.891 -0.67695 0.0910332 0.730378 
3.13987 3.13987 43.0116 0.00172362 0 -21.0648 5.93468 185.118 -0.69673 0.0434595 0.71599 -20.0551 7.53762 185.891 -0.67695 0.0910332 0.730378 
3.13987 3.13987 43.0116 0.00172362 0 -21.0647 5.93581 185.118 -0.696735 0.0433376 0.715994 -20.0551 7.53762 185.891 -0.67695 0.0910332 0.730378 
3.13987 3.13987 43.0116 0.00172362 0 -21.0647 5.93581 185.118 -0.696735 0.0433376 0.715994 -20.0551 7.53762 185.891 -0.67695 0.0910332 0.730378 
3.13987 3.13987 43.0116 0.00172362 0 -21.0648 5.93468 185.118 -0.69673 0.0434595 0.71599 -20.0551 7.53762 185.891 -0.67695 0.0910332 0.730378 
3.13987 3.13987 43.0116 0.00172362 0 -21.0647 5.93585 185.119 -0.696737 0.0433337 0.715872 -20.0551 7.53762 185.891 -0.67695 0.0910332 0.730378 
3.13987 3.13987 43.0116 0.00172362 0 -21.0647 5.93585 185.119 -0.696737 0.0433337 0.715872 -20.0551 7.53762 185.891 -0.67695 0.0910332 0.730378 
3.13987 3.13987 43.0116 0.00172362 0 -21.0647 5.93471 185.119 -0.696731 0.0434556 0.715868 -20.0551 7.53762 185.891 -0.67695 0.0910332 0.730378 
3.13987 3.13987 43.0116 0.00172362 0 -21.0647 5.93471 185.119 -0.696731 0.0434556 0.715868 -20.0551 7.53762 185.891 -0.67695 0.0910332 0.730378 
3.13987 3.13987 43.0116 0.00172362 0 -21.0647 5.93471 185.119 -0.696731 0.0434556 0.715868 -20.0551 7.53762 185.891 -0.67695 0.0910332 0.730378 
3.13987 3.13987 43.0116 0.00172362 0 -21.0636 5.93466 185.119 -0.696853 0.0434614 0.71587 -20.0551 7.53762 185.891 -0.67695 0.0910332 0.730378 
3.13987 3.13987 43.0116 0.00172362 0 -21.0647 5.93585 185.119 -0.696737 0.0433337 0.715872 -20.0551 7.53762 185.891 -0.67695 0.0910332 0.730378 
3.13987 3.13987 43.0116 0.00172362 0 -21.0636 5.93579 185.119 -0.696859 0.0433395 0.715873 -20.0551 7.53762 185.891 -0.67695 0.0910332 0.730378 
3.13987 3.13987 43.0116 0.00172362 0 -21.0636 5.93579 185.119 -0.696859 0.0433395 0.715873 -20.0551 7.53762 185.891 -0.67695 0.0910332 0.730378 
3.13987 3.13987 43.0116 0.00172362 0 -21.0647 5.93581 185.118 -0.696735 0.0433376 0.715994 -20.0551 7.53762 185.891 -0.67695 0.0910332 0.730378 
3.13987 3.13987 43.0116 0.00172362 0 -21.0648 5.93468 185.118 -0.69673 0.0434595 0.71599 -20.0551 7.53762 185.891 -0.67695 0.0910332 0.730378 
3.13987 3.13987 43.0116 0.00172362 0 -21.0648 5.93468 185.118 -0.69673 0.0434595 0.71599 -20.0551 7.53762 185.891 -0.67695 0.0910332 0.730378 
3.13987 3.13987 43.0116 0.00172362 0 -21.0636 5.93466 185.119 -0.696853 0.0434614 0.71587 -20.0551 7.53762 185.891 -0.67695 0.0910332 0.730378 
3.13987 3.13987 43.0116 0.00172362 0 -21.0647 5.93471 185.119 -0.696731 0.0434556 0.715868 -20.0551 7.53762 185.891 -0.67695 0.0910332 0.730378 
