3.13987 3.13987 43.0116 0.00172362 -0.0015875 -21.0529 5.94425 185.019 -0.696432 0.0443231 0.716227 -20.2485 6.06544 189.488 -0.657737 0.113109 0.744707 
3.13987 3.13987 43.0116 0.00172362 -0.0015875 -21.0529 5.94425 185.019 -0.696432 0.0443231 0.716227 -20.2485 6.06544 189.488 -0.657737 0.113109 0.744707 
3.13987 3.13987 43.0116 0.00172362 -0.0015875 -21.0528 5.94538 185.019 -0.696438 0.0442013 0.716231 -20.2485 6.06544 189.488 -0.657737 0.113109 0.744707 
3.13987 3.13987 43.0116 0.00172362 -0.0015875 -21.0528 5.94538 185.019 -0.696438 0.0442013 0.716231 -20.2485 6.06544 189.488 -0.657737 0.113109 0.744707 
3.13987 3.13987 43.0116 0.00172362 -0.0015875 -21.0528 5.94538 185.019 -0.696438 0.0442013 0.716231 -20.2485 6.06544 189.488 -0.657737 0.113109 0.744707 
3.13987 3.13987 43.0116 0.00172362 -0.0015875 -21.054 5.9443 185.019 -0.69631 0.0443172 0.716226 -20.2485 6.06544 189.488 -0.657737 0.113109 0.744707 
3.13987 3.13987 43.0116 0.00172362 -0.0015875 -21.0528 5.94542 185.02 -0.696439 0.0441974 0.716109 -20.2485 6.06544 189.488 -0.657737 0.113109 0.744707 
3.13987 3.13987 43.0116 0.00172362 -0.0015875 -21.0582 5.83395 185.023 -0.696438 0.0442013 0.716231 -20.2485 6.06544 189.488 -0.657737 0.113109 0.744707 
3.13987 3.13987 43.0116 0.00172362 -0.0015875 -21.0582 5.83395 185.023 -0.696438 0.0442013 0.716231 -20.2485 6.06544 189.488 -0.657737 0.113109 0.744707 
3.13987 3.13987 43.0116 0.00172362 -0.0015875 -21.0582 5.83399 185.024 -0.696439 0.0441974 0.716109 -20.2485 6.06544 189.488 -0.657737 0.113109 0.744707 
3.13987 3.13987 43.0116 0.00172362 -0.0015875 -21.0582 5.83508 185.022 -0.696444 0.0440794 0.716235 -20.2485 6.06544 189.488 -0.657737 0.113109 0.744707 
3.13987 3.13987 43.0116 0.00172362 -0.0015875 -21.0571 5.83393 185.024 -0.696561 0.0442033 0.71611 -20.2485 6.06544 189.488 -0.657737 0.113109 0.744707 
3.13987 3.13987 43.0116 0.00172362 -0.0015875 -21.0582 5.83512 185.024 -0.696445 0.0440755 0.716113 -20.2485 6.06544 189.488 -0.657737 0.113109 0.744707 
3.13987 3.13987 43.0116 0.00172362 -0.0015875 -21.0582 5.83508 185.022 -0.696444 0.0440794 0.716235 -20.2485 6.06544 189.488 -0.657737 0.113109 0.744707 
3.13987 3.13987 43.0116 0.00172362 -0.0015875 -21.0582 5.83512 185.024 -0.696445 0.0440755 0.716113 -20.2485 6.06544 189.488 -0.657737 0.113109 0.744707 
3.13987 3.13987 43.0116 0.00172362 -0.0015875 -21.0582 5.83508 185.022 -0.696444 0.0440794 0.716235 -20.2485 6.06544 189.488 -0.657737 0.113109 0.744707 
3.13987 3.13987 43.0116 0.00172362 -0.0015875 -21.0581 5.83622 185.022 -0.69645 0.0439575 0.716239 -20.2485 6.06544 189.488 -0.657737 0.113109 0.744707 
3.13987 3.13987 43.0116 0.00172362 -0.0015875 -21.0581 5.83622 185.022 -0.69645 0.0439575 0.716239 -20.2485 6.06544 189.488 -0.657737 0.113109 0.744707 
3.13987 3.13987 43.0116 0.00172362 -0.0015875 -21.0581 5.83622 185.022 -0.69645 0.0439575 0.716239 -20.2485 6.06544 189.488 -0.657737 0.113109 0.744707 
3.13987 3.13987 43.0116 0.00172362 -0.0015875 -21.0582 5.83508 185.022 -0.696444 0.0440794 0.716235 -20.2485 6.06544 189.488 -0.657737 0.113109 0.744707 
