7512 -38.6503 -13.0872 184.797 -0.885379 0.00828778 0.464797 -39.9974 -12.0856 183.293 -0.863155 0.0634338 0.500821 2.71988 -0.142486 74.0059 3.19675 -25.0063 
257281 -34.5678 3.10615 197.734 -0.863855 0.0324671 0.502693 -35.8733 -2.60952 194.627 -0.850968 0.0579677 0.52183 -3.09936 -0.16949 71.3564 3.27402 -11.1601 
374273 -34.7382 6.99088 198.022 -0.855456 0.0342115 0.516744 -35.2304 2.51023 196.491 -0.842363 0.0788063 0.533128 -2.96032 -0.135879 69.0624 3.27058 -8.763 
489509 -34.8829 10.0456 196.939 -0.848472 0.0286284 0.528466 -34.9751 5.36339 196.127 -0.838878 0.071832 0.539627 -2.84053 -0.0752649 67.2003 3.24702 -8.07085 
624126 -34.8697 13.1701 194.879 -0.843264 0.0232299 0.536997 -35.2785 8.08556 194.456 -0.836842 0.0620874 0.543899 -2.72333 0.0261416 65.9382 3.18641 -8.85825 
775492 -34.9304 16.0578 191.822 -0.841969 0.0228308 0.539042 -35.9095 10.9348 191.602 -0.837528 0.0585144 0.543149 -2.62221 0.145646 65.9398 3.09161 -11.6681 
895341 -34.9736 17.7717 188.814 -0.841782 0.0217972 0.539377 -36.297 13.1583 188.674 -0.839583 0.0622952 0.539651 -2.56044 0.223209 66.1319 3.02755 -14.6987 
1022215 -34.9442 19.0358 185.618 -0.841979 0.0196875 0.539152 -36.586 14.7163 185.399 -0.839505 0.0648527 0.539336 -2.51419 0.280089 66.3034 2.98187 -17.9642 
1085501 -34.945 19.4611 183.801 -0.841705 0.0203312 0.539554 -36.7294 15.3406 183.707 -0.839376 0.0646172 0.539585 -2.49897 0.291867 66.2192 2.97268 -19.6802 
1150299 -34.9526 19.7254 181.983 -0.841201 0.0191195 0.540384 -36.7501 15.5481 181.918 -0.839812 0.0610613 0.539321 -2.48662 0.30106 66.0938 2.96779 -21.3789 
1214549 -34.9635 19.8367 180.171 -0.84062 0.0156305 0.541399 -36.7586 15.4357 180.257 -0.840849 0.0562525 0.538243 -2.47685 0.310827 65.9954 2.96463 -23.114 
1277489 -34.9979 19.7981 178.495 -0.84033 0.0113036 0.541957 -36.778 15.4286 178.58 -0.840902 0.0521089 0.538601 -2.47196 0.317721 65.9716 2.96406 -24.7809 
1340961 -34.9879 19.6633 176.691 -0.839847 0.00685093 0.54278 -36.7968 15.5298 176.904 -0.84121 0.0483176 0.538586 -2.47082 0.323467 65.9557 2.96406 -26.6017 
1405267 -35.024 19.3759 174.924 -0.839781 0.00127113 0.542924 -36.7047 15.5016 175.01 -0.841545 0.0459804 0.538165 -2.47426 0.32634 66.0303 2.96693 -28.4607 
1493419 -35.0201 18.6547 172.71 -0.841104 -0.0027267 0.540867 -36.9619 15.4434 172.549 -0.841024 0.0446725 0.539171 -2.49926 0.318871 66.4669 2.97239 -31.0944 
1600742 -35 17.368 170.118 -0.843965 -0.00621453 0.536363 -36.8787 15.345 169.658 -0.841685 0.0469479 0.537896 -2.54752 0.300198 67.2733 2.98244 -34.4361 
1707447 -34.9913 15.6533 167.631 -0.84704 -0.0130684 0.531368 -37.1038 14.916 167.033 -0.844334 0.0488624 0.533479 -2.60468 0.278078 68.1226 2.99824 -37.7301 
1814047 -34.9858 13.6304 165.499 -0.850952 -0.020232 0.524853 -37.1967 13.5278 164.766 -0.847043 0.0471214 0.529406 -2.66989 0.25366 69.0545 3.01519 -40.7416 
1917724 -34.9609 11.3037 163.668 -0.855382 -0.0265467 0.517318 -37.1777 11.84 162.608 -0.849077 0.0421222 0.526392 -2.74315 0.228955 69.9737 3.03013 -43.4562 
1991819 -34.9973 9.51316 162.576 -0.858293 -0.0331384 0.512089 -37.1565 10.5049 161.437 -0.850629 0.0381299 0.524198 -2.79486 0.214304 70.5579 3.04047 -45.1199 
2057367 -35.0036 7.82921 161.778 -0.860322 -0.0398075 0.508194 -36.9195 9.61547 160.688 -0.851585 0.0358853 0.52305 -2.84254 0.2031 70.9913 3.04823 -46.3661 
2121148 -35.0114 6.08217 161.124 -0.86265 -0.0435236 0.503925 -36.6675 8.07509 159.966 -0.85301 0.0316543 0.520984 -2.89626 0.189599 71.4532 3.05311 -47.4869 
2184135 -35.021 4.26878 160.653 -0.864875 -0.0457476 0.499898 -36.7637 6.73803 159.338 -0.853223 0.029319 0.520561 -2.95487 0.175522 71.9168 3.05541 -48.4362 
2248449 -35.0603 2.65115 160.328 -0.867051 -0.0450297 0.49618 -36.6378 5.69921 158.814 -0.853758 0.0316063 0.519651 -3.01175 0.16001 72.3581 3.05599 -49.2046 
2342486 -34.9691 0.335257 160.243 -0.868402 -0.0405745 0.494197 -36.7054 3.40789 158.565 -0.855093 0.0368892 0.51708 -3.09821 0.136741 72.7502 3.05398 -49.7792 
2444751 -34.944 -2.88124 160.286 -0.868973 -0.0270627 0.49412 -36.7183 2.6301 158.468 -0.853083 0.07221 0.516826 3.11057 0.123814 72.312 3.05484 -49.2919 
2551100 -35.0755 -5.58177 160.85 -0.865484 -0.0328543 0.499858 -36.4129 -2.12679 159.117 -0.852426 0.0338799 0.521649 3.0195 0.107727 71.0802 3.05484 -47.698 
2658339 -35.067 -8.32616 161.932 -0.860287 -0.0335322 0.508707 -36.0906 -4.43016 159.97 -0.845928 0.0328073 0.532348 2.92183 0.072105 69.5371 3.06661 -45.3676 
2763427 -35.0732 -10.8571 163.369 -0.855703 -0.0328548 0.516423 -35.7558 -6.859 161.396 -0.839864 0.0348647 0.541623 2.83191 0.0163744 68.3115 3.09793 -42.8546 
2870750 -35.0657 -13.156 165.239 -0.852286 -0.0316263 0.522119 -35.7543 -8.63287 163.049 -0.834824 0.0385652 0.549034 2.7509 -0.0537196 67.6273 3.14447 -40.2749 
2977320 -35.0527 -15.2729 167.299 -0.850809 -0.0311595 0.524551 -35.7245 -10.4139 164.965 -0.832546 0.0436935 0.552165 2.67736 -0.129559 67.5511 3.20134 -37.9428 
3085413 -35.0418 -17.0386 169.671 -0.850952 -0.0326526 0.524228 -35.7989 -11.823 167.218 -0.831208 0.0456011 0.554173 2.61819 -0.195919 67.802 3.25794 -35.5664 
3171955 -35.0576 -18.2081 171.87 -0.852315 -0.0355141 0.521821 -35.6545 -12.7664 169.243 -0.830456 0.0451511 0.555153 2.5817 -0.241307 68.2036 3.30132 -33.5534 
3235610 -35.0504 -18.8083 173.584 -0.853952 -0.0387813 0.518904 -35.61 -13.642 170.731 -0.831663 0.0355768 0.554085 2.56705 -0.265151 68.6338 3.32803 -32.1262 
3307937 -35.0462 -19.352 175.47 -0.855674 -0.0399498 0.515971 -35.6664 -14.4961 172.565 -0.833593 0.0244937 0.551845 2.5524 -0.290431 69.0783 3.35389 -30.5594 
3384967 -35.0358 -19.7695 177.625 -0.857643 -0.0398939 0.512695 -35.5039 -15.1902 174.615 -0.835159 0.0212302 0.54951 2.54091 -0.315711 69.5879 3.37888 -28.7972 
3453588 -35.0248 -19.9055 179.436 -0.859288 -0.0379743 0.510081 -35.4664 -15.3531 176.536 -0.836389 0.0203039 0.547596 2.5366 -0.333809 70.0213 3.39554 -27.351 
3518016 -35.021 -19.8996 181.244 -0.861055 -0.0351262 0.507297 -35.5491 -15.6573 178.225 -0.836784 0.021749 0.547073 2.53603 -0.349608 70.4801 3.40962 -25.9413 
3580467 -35.0127 -19.7043 183.038 -0.86269 -0.0312152 0.504769 -35.5179 -15.5164 179.917 -0.838183 0.0234951 0.544722 2.54062 -0.362536 70.9293 3.42053 -24.5618 
3645674 -35.0165 -19.3497 184.805 -0.864489 -0.0266734 0.501944 -35.3737 -15.3843 181.719 -0.839604 0.0267086 0.542453 2.54981 -0.372877 71.404 3.42915 -23.2378 
3709174 -35.0275 -18.8799 186.519 -0.866163 -0.0216784 0.499292 -35.5756 -15.1501 183.29 -0.840278 0.0297161 0.541158 2.56159 -0.381496 71.858 3.43576 -21.9551 
3773427 -35.0074 -18.2074 188.078 -0.867454 -0.0144143 0.497309 -35.5519 -14.9059 184.969 -0.841067 0.0323556 0.539874 2.57624 -0.39155 72.2676 3.4415 -20.8121 
3836544 -35.0031 -17.3877 189.692 -0.868597 -0.00471083 0.495496 -35.5298 -14.5712 186.539 -0.842016 0.0369321 0.538051 2.59204 -0.402754 72.6597 3.44581 -19.5961 
3900624 -35.0017 -16.4587 191.228 -0.869374 0.0069811 0.494105 -35.5161 -14.1446 188.096 -0.842252 0.0436242 0.537261 2.60784 -0.415106 72.9979 3.44869 -18.4118 
3963714 -34.9921 -15.4339 192.552 -0.869724 0.0197126 0.493144 -35.5088 -13.621 189.537 -0.842138 0.0515487 0.536677 2.62479 -0.426884 73.2757 3.44983 -17.3815 
4028065 -34.9937 -14.2162 193.902 -0.87069 0.0284903 0.491007 -35.3936 -13.0068 190.973 -0.841818 0.0619205 0.536146 2.65237 -0.43263 73.6487 3.45127 -16.3798 
4116240 -34.9654 -12.3679 195.475 -0.872609 0.0319746 0.487371 -35.3789 -11.9048 192.643 -0.843174 0.0682949 0.533302 2.70609 -0.430619 74.1647 3.45501 -15.2479 
4197439 -34.9478 -10.3741 196.837 -0.874538 0.0311966 0.483952 -35.3612 -10.6429 194.203 -0.845183 0.0691474 0.529883 2.77073 -0.423724 74.5996 3.46075 -14.243 
4280434 -34.9374 -8.43793 197.888 -0.875659 0.0315922 0.481895 -35.2265 -9.23933 195.547 -0.848246 0.0662893 0.525357 2.83393 -0.417404 74.8441 3.46621 -13.4223 
4381664 -34.9417 -5.87014 198.931 -0.876436 0.0308018 0.480532 -35.3031 -7.82019 196.679 -0.852676 0.0487352 0.520148 2.92269 -0.40735 74.9536 3.4754 -12.5952 
4490936 -34.9217 -2.91875 199.587 -0.875841 0.027474 0.481818 -35.4971 -6.45952 197.37 -0.856872 0.0239778 0.514888 3.03128 -0.39471 74.6838 3.48948 -12.0094 
4706253 -35.4278 3.10996 199.57 -0.872664 0.033157 0.487195 -36.2535 -1.02984 197.591 -0.857051 0.0638096 0.511118 -3.11258 -0.389539 72.3851 3.4958 -10.2346 
4854789 -35.1764 6.67236 198.655 -0.852884 0.0304982 0.52121 -35.0208 2.8789 197.232 -0.84048 0.0778165 0.536064 -2.95429 -0.32634 67.3098 3.4708 -6.80561 
5065079 -35.1275 11.7542 196.003 -0.841966 0.0183316 0.53922 -35.1784 7.5407 195.316 -0.833506 0.0634952 0.548828 -2.75579 -0.0600396 65.3255 3.26799 -7.30091 
5229205 -34.9875 15.2385 192.766 -0.841558 0.0227042 0.539689 -35.8081 11.4071 192.378 -0.836572 0.082182 0.541638 -2.64777 0.0979593 65.5842 3.1347 -10.4854 
5371689 -34.9849 17.446 189.544 -0.841718 0.0207441 0.539519 -36.2208 14.132 188.873 -0.837592 0.0903889 0.538618 -2.57021 0.211144 66.0859 3.03904 -13.9525 
5477558 -34.9642 18.6063 186.715 -0.841717 0.0203391 0.539536 -36.3521 14.4671 186.405 -0.838987 0.0709727 0.53953 -2.52942 0.260267 66.1986 2.99824 -16.8021 
5558959 -34.9439 19.2516 184.576 -0.84186 0.0198826 0.53933 -36.5058 15.3038 184.148 -0.838851 0.0702492 0.539792 -2.50644 0.286696 66.2716 2.9767 -18.9643 
5624179 -34.931 19.5363 182.76 -0.841374 0.019993 0.540084 -36.6381 15.5108 182.361 -0.839285 0.0665713 0.539531 -2.49523 0.29474 66.1541 2.97124 -20.6677 
5687005 -34.9381 19.7302 180.954 -0.840952 0.0181048 0.540806 -36.6526 15.5001 180.8 -0.839722 0.0631407 0.539386 -2.48489 0.303645 66.0637 2.96693 -22.3917 
5750206 -34.9493 19.7674 179.136 -0.840483 0.0145023 0.541644 -36.6707 15.4841 179.127 -0.839917 0.0599613 0.539352 -2.478 0.311689 65.9986 2.96492 -24.1649 
5813530 -34.9645 19.6664 177.472 -0.840051 0.00968453 0.542421 -36.6873 15.5923 177.455 -0.840462 0.0554208 0.538872 -2.47484 0.318296 65.9716 2.96492 -25.8286 
5876524 -34.9846 19.4654 175.688 -0.839825 0.00449603 0.542839 -36.7066 15.5653 175.67 -0.840671 0.0530955 0.538816 -2.47541 0.32318 66.0081 2.96607 -27.6717 
5945975 -34.9848 19.0869 173.922 -0.839716 -0.000653395 0.543025 -36.7284 15.5363 173.772 -0.840753 0.0506567 0.539005 -2.48317 0.323754 66.1017 2.9698 -29.5592 
6046127 -35.0081 18.0785 171.399 -0.842531 -0.00373909 0.538634 -36.8688 15.2524 170.989 -0.840846 0.0488246 0.539056 -2.52195 0.309678 66.8574 2.9767 -32.7644 
6155801 -35.0193 16.5409 168.784 -0.845719 -0.00942642 0.533546 -36.7532 14.7502 168.366 -0.84393 0.0471833 0.534375 -2.57567 0.289282 67.7385 2.98991 -36.1982 
6265514 -35.0037 14.5755 166.435 -0.849238 -0.0172814 0.527728 -37.0912 14.1051 165.739 -0.846063 0.0481559 0.530954 -2.63944 0.265725 68.664 3.00686 -39.4287 
6371748 -34.9779 12.4128 164.462 -0.853361 -0.0240646 0.520765 -36.958 12.6376 163.693 -0.84861 0.0439799 0.527068 -2.7081 0.241307 69.5768 3.02295 -42.2751 
6461160 -34.9895 10.3139 163.038 -0.856948 -0.0312227 0.514456 -37.1631 11.0606 161.972 -0.85016 0.039991 0.524997 -2.77044 0.22206 70.3054 3.03616 -44.4071 
6530351 -35.0605 8.54732 162.076 -0.860132 -0.0367865 0.508743 -36.9176 9.82857 161.022 -0.851746 0.0379443 0.522507 -2.82272 0.207697 70.9166 3.0445 -45.9518 
6594712 -35.0043 6.8272 161.384 -0.861691 -0.0419218 0.505698 -36.788 8.51639 160.173 -0.85253 0.0326546 0.521561 -2.87328 0.195631 71.2627 3.05082 -47.0345 
6660714 -35.053 5.06264 160.815 -0.864391 -0.0444878 0.500848 -36.8868 7.19043 159.537 -0.852469 0.0291262 0.522023 -2.92959 0.181555 71.7866 3.05398 -48.1155 
6724843 -35.0344 3.27855 160.455 -0.866155 -0.0452813 0.49772 -36.7588 5.93567 158.908 -0.852989 0.0303121 0.52102 -2.98963 0.166617 72.1771 3.05512 -48.8998 
6846819 -35.0621 0.318199 160.151 -0.869092 -0.0441117 0.492679 -36.6987 3.19219 158.466 -0.855573 0.0357635 0.516384 -3.09419 0.140763 72.8867 3.05484 -49.957 
6952336 -34.9777 -3.06678 160.267 -0.869024 -0.0285113 0.493948 -36.8021 1.9518 158.394 -0.854876 0.0606574 0.515209 3.10597 0.124675 72.2962 3.05455 -49.2871 
7059113 -35.0818 -5.88249 160.93 -0.864973 -0.0331538 0.500722 -36.6452 -2.21528 159.103 -0.851256 0.0310253 0.523789 3.00887 0.105428 70.9166 3.05484 -47.4837 
7165033 -35.069 -8.45753 162.003 -0.859967 -0.033213 0.509267 -36.0922 -4.54303 159.968 -0.845558 0.0329483 0.532828 2.91666 0.0695195 69.4498 3.06748 -45.2247 
7271343 -35.0729 -11.0134 163.48 -0.855411 -0.0328918 0.516904 -35.8761 -6.7507 161.384 -0.83912 0.0350281 0.542709 2.82646 0.0129272 68.2401 3.09994 -42.6768 
7378638 -34.9988 -13.2992 165.31 -0.851436 -0.0320102 0.523481 -35.639 -8.85244 163.163 -0.834701 0.0386957 0.549273 2.74602 -0.0577414 67.4876 3.14734 -40.0923 
7485560 -35.0548 -15.4355 167.475 -0.850781 -0.0316254 0.524567 -35.7266 -10.4156 165.071 -0.83218 0.0442039 0.552757 2.67219 -0.133581 67.5464 3.20479 -37.7412 
7591867 -35.0476 -17.1721 169.85 -0.850944 -0.0326631 0.524239 -35.7985 -11.8215 167.44 -0.83097 0.0460963 0.554279 2.6133 -0.200515 67.802 3.26167 -35.3679 
7676586 -35.0872 -18.2469 172.072 -0.852627 -0.0355136 0.521313 -35.767 -12.7578 169.461 -0.830074 0.0446887 0.555894 2.58055 -0.242456 68.256 3.30246 -33.3819 
7739632 -35.0442 -18.8187 173.648 -0.853932 -0.0386213 0.51895 -35.6052 -13.6233 170.957 -0.83189 0.0342209 0.553758 2.56648 -0.2663 68.637 3.32889 -32.0659 
7802434 -35.0476 -19.3217 175.406 -0.855593 -0.0394726 0.516143 -35.5555 -14.3891 172.454 -0.833849 0.0248426 0.55135 2.55269 -0.290143 69.0609 3.35302 -30.6118 
7866737 -35.0272 -19.6821 177.159 -0.857103 -0.0397346 0.513611 -35.6321 -14.875 174.042 -0.834664 0.0215051 0.550352 2.54292 -0.311114 69.4625 3.37399 -29.1687 
7931033 -35.0303 -19.8824 178.826 -0.858726 -0.0386021 0.510979 -35.5935 -15.2618 175.856 -0.835767 0.02034 0.548565 2.53718 -0.32835 69.8721 3.39037 -27.832 
7995062 -35.0184 -19.9163 180.625 -0.860411 -0.036192 0.508314 -35.5619 -15.4434 177.547 -0.836643 0.0207815 0.547342 2.53574 -0.344438 70.315 3.40502 -26.416 
8060476 -35.0132 -19.7829 182.409 -0.862115 -0.0327628 0.505652 -35.4148 -15.4127 179.353 -0.838172 0.0228884 0.54486 2.5389 -0.357939 70.769 3.4168 -25.0428 
8125544 -35.0189 -19.4924 184.194 -0.863923 -0.0284607 0.50282 -35.4957 -15.3954 181.046 -0.839339 0.0257496 0.542964 2.54637 -0.369143 71.2452 3.42628 -23.6998 
8188561 -35.0012 -19.0379 185.926 -0.865478 -0.0235221 0.500395 -35.5799 -15.1498 182.843 -0.840378 0.028372 0.541196 2.55786 -0.37891 71.6913 3.43403 -22.398 
8251762 -34.9537 -18.4818 187.538 -0.8665 -0.0181651 0.498846 -35.5547 -14.7979 184.416 -0.841668 0.0311027 0.53906 2.57107 -0.387241 72.0358 3.43978 -21.1439 
8315012 -35.0069 -17.7006 189.133 -0.868291 -0.0088861 0.495976 -35.646 -14.5711 185.983 -0.842232 0.0350949 0.537981 2.58687 -0.39787 72.5343 3.44438 -20.0231 
8379206 -35.0073 -16.7871 190.706 -0.869215 0.002625 0.494427 -35.6302 -14.1341 187.543 -0.842699 0.040675 0.536858 2.60267 -0.41051 72.8978 3.44782 -18.8262 
8442473 -34.9917 -15.734 192.164 -0.869619 0.015959 0.493465 -35.5072 -13.7213 188.99 -0.842837 0.0487044 0.535786 2.61991 -0.423437 73.1931 3.44955 -17.6848 
8506738 -34.9478 -14.6461 193.47 -0.86993 0.0255178 0.492515 -35.3862 -13.0959 190.542 -0.842998 0.0582013 0.534796 2.64232 -0.430906 73.4487 3.4507 -16.6465 
8577367 -34.976 -13.0899 194.899 -0.871816 0.0312035 0.488839 -35.384 -12.2454 191.976 -0.842901 0.0669732 0.533945 2.68454 -0.431481 73.9662 3.45299 -15.6575 
8664071 -34.9277 -11.2751 196.295 -0.873352 0.032847 0.48598 -35.477 -11.1041 193.651 -0.84468 0.0689343 0.530738 2.73941 -0.428033 74.3679 3.4573 -14.6018 
8743740 -34.9724 -9.35336 197.497 -0.875113 0.0347918 0.482667 -35.4587 -9.8335 194.99 -0.847033 0.0681883 0.527123 2.79917 -0.423437 74.7631 3.4619 -13.7271 
8843156 -34.9277 -6.85961 198.551 -0.876367 0.0289279 0.480774 -35.4325 -8.35738 196.223 -0.850578 0.0570173 0.522584 2.89138 -0.409648 74.9425 3.47339 -12.9064 
8950153 -34.9177 -4.06965 199.394 -0.87627 0.027484 0.481035 -35.6206 -6.99357 197.027 -0.855263 0.032249 0.517209 2.99049 -0.398732 74.8298 3.48488 -12.1984 
9127619 -34.7069 -0.129353 199.984 -0.871133 0.0356426 0.489752 -36.1003 -2.55798 197.644 -0.858655 0.0483679 0.510093 3.1189 -0.39155 73.671 3.49522 -11.1522 
9284461 -35.0534 4.9948 199.284 -0.860916 0.0392764 0.507228 -35.4873 1.43135 197.496 -0.847687 0.0769056 0.524695 -3.04105 -0.381208 69.5927 3.49695 -8.21373 
9563750 -35.1215 11.541 196.139 -0.84179 0.0179542 0.539507 -35.1762 7.41854 195.431 -0.833407 0.0649612 0.548787 -2.76182 -0.0703813 65.281 3.2769 -7.1501 
9763856 -34.9823 15.8278 192.119 -0.841486 0.0224954 0.539811 -36.0588 12.2276 191.467 -0.836285 0.0869395 0.541261 -2.62767 0.127548 65.7001 3.10942 -11.1808 
9906233 -34.9685 17.8848 188.619 -0.841524 0.0211395 0.539806 -36.3344 14.09 188.198 -0.83804 0.0807606 0.539618 -2.55527 0.228667 66.0922 3.0241 -14.8574 
10025432 -34.9509 19.053 185.472 -0.841922 0.0194529 0.539248 -36.4897 14.9878 185.051 -0.838862 0.0708559 0.539654 -2.51304 0.280663 66.2859 2.98187 -18.0943 
10095934 -34.9248 19.4255 183.548 -0.841567 0.0202005 0.539775 -36.3989 15.4204 183.259 -0.83967 0.067281 0.538906 -2.50012 0.29158 66.2081 2.97296 -19.9326 
10162911 -35.0142 19.6727 181.685 -0.841969 0.0186805 0.539203 -36.5266 15.3923 181.371 -0.84037 0.0645621 0.538133 -2.48891 0.300198 66.2351 2.96808 -21.7805 
10226061 -34.9338 19.7555 179.907 -0.840574 0.0159327 0.541462 -36.7755 15.4885 179.686 -0.839932 0.0609374 0.539326 -2.48058 0.308816 66.0113 2.9655 -23.4045 
10292150 -34.9494 19.7187 178.091 -0.840104 0.0115215 0.542304 -36.7964 15.4863 177.898 -0.839972 0.0559397 0.539707 -2.47541 0.316285 65.9621 2.96463 -25.1952 
10358190 -34.9565 19.5568 176.295 -0.839666 0.00610612 0.543069 -36.8103 15.3543 176.231 -0.840423 0.0532346 0.539297 -2.47398 0.322892 65.9605 2.96492 -27.0208 
10428453 -34.9859 19.2507 174.388 -0.839504 0.000287651 0.543353 -36.9527 15.4363 174.211 -0.839877 0.0503406 0.540347 -2.47771 0.325765 66.024 2.96808 -29.0147 
10542796 -34.9944 18.11 171.504 -0.842547 -0.00322778 0.538613 -36.8739 15.3701 171.09 -0.840341 0.0484895 0.539914 -2.52166 0.310252 66.8638 2.97555 -32.6644 
10666602 -34.9977 16.4373 168.647 -0.845809 -0.00968523 0.533398 -37.0936 14.6184 168.033 -0.843566 0.0478157 0.534964 -2.5794 0.28842 67.7829 2.9902 -36.3839 
10782180 -34.9917 14.2541 166.101 -0.849774 -0.0186069 0.526819 -36.8503 13.7579 165.439 -0.847821 0.0489002 0.527902 -2.6495 0.262565 68.7989 3.00916 -39.8955 
10902083 -34.9577 11.8264 164.015 -0.854558 -0.0245348 0.518776 -37.0688 12.2963 163.148 -0.848839 0.0428713 0.526857 -2.72792 0.234126 69.8086 3.02611 -42.9466 
10994673 -35.0085 9.56018 162.528 -0.858619 -0.0318415 0.511625 -37.1489 10.3903 161.449 -0.851257 0.0384599 0.52322 -2.79514 0.214304 70.6039 3.03875 -45.1993 
11078536 -35.0524 7.32296 161.54 -0.861552 -0.0410202 0.506009 -36.6692 8.83638 160.513 -0.853448 0.0354043 0.51991 -2.85806 0.199653 71.2198 3.04909 -46.8027 
11144130 -35.0407 5.54156 160.946 -0.863631 -0.0445322 0.502154 -36.8876 7.40313 159.647 -0.85262 0.0305752 0.521497 -2.91321 0.186439 71.6485 3.05311 -47.8472 
11213879 -35.0658 3.63097 160.501 -0.866069 -0.0454137 0.497857 -36.7564 6.16327 159.022 -0.853485 0.0301592 0.520175 -2.97727 0.169777 72.1454 3.05512 -48.7998 
11345751 -35.057 0.310235 160.141 -0.86899 -0.0451162 0.492769 -36.8108 3.29645 158.468 -0.855709 0.0363617 0.516003 -3.09304 0.141912 72.8756 3.05512 -49.9586 
11462062 -34.9794 -3.2706 160.289 -0.868677 -0.0293103 0.494511 -36.9125 1.71366 158.29 -0.854772 0.0617574 0.515177 3.09936 0.123526 72.1946 3.05484 -49.1823 
11580872 -35.1047 -6.32358 161.067 -0.864373 -0.0334043 0.50174 -36.5272 -2.53912 159.112 -0.851364 0.030044 0.523695 2.99365 0.101119 70.7071 3.0557 -47.1741 
11702748 -35.0038 -9.27048 162.464 -0.85786 -0.0336966 0.512778 -36.096 -5.32486 160.513 -0.843098 0.0346756 0.536538 2.88822 0.0554433 68.9291 3.07466 -44.3357 
11826360 -35.0828 -12.1848 164.313 -0.853473 -0.0323672 0.520132 -35.754 -7.7474 162.168 -0.837528 0.0367088 0.545209 2.7848 -0.0198217 67.8115 3.12062 -41.4195 
11948024 -35.0103 -14.6404 166.614 -0.850416 -0.0317629 0.525151 -35.7347 -9.85698 164.289 -0.833261 0.0418254 0.551247 2.6992 -0.103417 67.3845 3.18066 -38.5699 
12062923 -34.9731 -16.6351 169.118 -0.849922 -0.0323747 0.525914 -35.6931 -11.384 166.66 -0.83207 0.0449379 0.552736 2.63111 -0.17897 67.5575 3.24242 -35.9839 
12160872 -35.0013 -18.0752 171.497 -0.850936 -0.0336846 0.524189 -35.6607 -12.3283 169.013 -0.830832 0.0453761 0.554663 2.58199 -0.237573 67.9194 3.29442 -33.7201 
12229415 -35.0059 -18.7465 173.355 -0.852987 -0.0384066 0.520518 -35.6163 -13.333 170.612 -0.831703 0.0380137 0.553897 2.56734 -0.261704 68.4306 3.32344 -32.204 
12298433 -35.0563 -19.2767 175.206 -0.855366 -0.0392947 0.516532 -35.6754 -14.1789 172.332 -0.833489 0.0257191 0.551933 2.55355 -0.287271 68.9958 3.34986 -30.7594 
12369348 -35.0405 -19.6699 177.1 -0.857081 -0.0395359 0.513663 -35.6302 -14.7648 174.154 -0.83492 0.0219794 0.549976 2.54292 -0.310252 69.4466 3.37285 -29.2116 
12436540 -35.0416 -19.8963 179.038 -0.858998 -0.0384575 0.510533 -35.5863 -15.263 175.975 -0.836395 0.0207953 0.547705 2.53689 -0.329787 69.9308 3.39181 -27.6654 
12501705 -35.0568 -19.93 180.827 -0.860776 -0.0362334 0.507693 -35.5506 -15.3252 177.784 -0.837764 0.0207145 0.545525 2.53574 -0.344438 70.3769 3.40531 -26.2557 
12568930 -35.0233 -19.7664 182.634 -0.862395 -0.032675 0.505181 -35.5198 -15.2976 179.584 -0.838796 0.0229743 0.543888 2.53976 -0.358514 70.8309 3.41766 -24.8698 
12635078 -35.0177 -19.4745 184.401 -0.864116 -0.0286267 0.502478 -35.5982 -15.2738 181.389 -0.84008 0.0254642 0.541882 2.54752 -0.36943 71.2929 3.42714 -23.5347 
12703569 -34.9499 -18.9766 186.165 -0.865161 -0.0235737 0.50094 -35.6817 -15.1466 183.188 -0.841008 0.028824 0.540214 2.55987 -0.37891 71.6548 3.43432 -22.1472 
12773327 -35.0176 -18.2994 187.945 -0.867438 -0.0161466 0.497283 -35.6548 -14.7966 184.983 -0.842188 0.032414 0.538176 2.57538 -0.388965 72.239 3.44064 -20.9074 
12848568 -35.0105 -17.2613 189.931 -0.86884 -0.00402472 0.495077 -35.5168 -14.3412 186.777 -0.843508 0.0368461 0.535751 2.59549 -0.402754 72.7232 3.44581 -19.4183 
12916581 -35.0012 -16.2776 191.453 -0.869495 0.00869113 0.493865 -35.4991 -13.9221 188.56 -0.843892 0.0449937 0.534678 2.61158 -0.416255 73.0518 3.44869 -18.242 
12981138 -34.9949 -15.1452 192.878 -0.869906 0.0220775 0.492723 -35.4931 -13.4026 189.891 -0.843782 0.0530369 0.533969 2.63083 -0.428321 73.3566 3.44983 -17.1339 
13063616 -34.9938 -13.5907 194.479 -0.871257 0.0305238 0.489877 -35.3842 -12.3501 191.648 -0.843122 0.0652513 0.533629 2.66961 -0.431768 73.8186 3.45127 -15.9528 
13148938 -34.9708 -11.6895 195.994 -0.873309 0.0324363 0.486085 -35.4782 -11.2135 193.319 -0.844783 0.0677123 0.530772 2.72677 -0.428321 74.3298 3.45587 -14.8622 
13249118 -34.9507 -9.3007 197.47 -0.875102 0.032897 0.48282 -35.4515 -9.70784 194.999 -0.848002 0.0666724 0.525832 2.80348 -0.421139 74.7425 3.46247 -13.7398 
13369061 -34.9331 -6.27966 198.772 -0.876509 0.0278868 0.480578 -35.5266 -7.96779 196.574 -0.852605 0.0519094 0.520061 2.91264 -0.406488 74.9489 3.47569 -12.727 
13487552 -34.9188 -3.22748 199.576 -0.875973 0.0270548 0.481601 -35.7176 -6.57294 197.267 -0.857113 0.023476 0.514539 3.02094 -0.39471 74.7235 3.48775 -12.019 
13747514 -35.4327 3.77279 199.444 -0.870057 0.0355821 0.491666 -36.379 -0.387985 197.462 -0.856845 0.066257 0.511171 -3.08845 -0.386666 71.6628 3.49551 -9.7282 
13988986 -35.154 9.4345 197.413 -0.843904 0.0193434 0.536145 -34.9098 5.54644 196.376 -0.833662 0.0653135 0.548414 -2.83306 -0.174661 65.5652 3.35877 -6.31666 
14199843 -34.9895 14.5522 193.68 -0.841758 0.0215302 0.539425 -35.7874 10.2795 193.279 -0.835559 0.0740872 0.544289 -2.67018 0.0703813 65.5557 3.15854 -9.60755 
14369531 -34.9696 17.3192 189.803 -0.841279 0.0213432 0.54018 -36.2068 13.6983 189.553 -0.837478 0.0910042 0.538722 -2.57452 0.202239 65.9573 3.04679 -13.6001 
14485713 -34.9362 18.6422 186.729 -0.841523 0.0201858 0.539844 -36.5736 14.2527 186.739 -0.83836 0.0706427 0.540508 -2.52798 0.262853 66.1827 2.99623 -16.7815 
14572169 -34.9372 19.3166 184.307 -0.841983 0.0188001 0.539176 -36.4984 15.1 184.487 -0.838832 0.0691544 0.539944 -2.50328 0.292729 66.3288 2.97239 -19.2818 
14641096 -34.9373 19.6129 182.496 -0.84153 0.0193328 0.539865 -36.4034 15.4024 182.597 -0.840045 0.0672553 0.538178 -2.49207 0.299049 66.1938 2.96808 -20.9598 
14709586 -34.946 19.7654 180.536 -0.84089 0.0167323 0.540947 -36.6436 15.3875 180.926 -0.840354 0.063586 0.53816 -2.48173 0.307667 66.0636 2.96521 -22.8108 
14778072 -34.9718 19.754 178.593 -0.840341 0.0119723 0.541926 -36.7827 15.493 179.017 -0.840017 0.058492 0.539271 -2.47484 0.315998 65.989 2.96435 -24.7047 
14846911 -34.976 19.6532 176.782 -0.839831 0.00738952 0.542798 -36.9156 15.4962 177.117 -0.840159 0.0523976 0.539806 -2.47196 0.322318 65.9525 2.96435 -26.5097 
14916098 -34.9928 19.3335 174.847 -0.839632 0.00126845 0.543154 -36.8186 15.4724 175.339 -0.840865 0.0499194 0.538905 -2.47599 0.326052 66.0255 2.96693 -28.5464 
15026708 -35.0144 18.3798 172.03 -0.842402 -0.00177072 0.538847 -36.9676 15.4089 172.324 -0.840703 0.0477351 0.539328 -2.51304 0.313412 66.7748 2.97268 -32.0389 
15144261 -35.0222 16.869 169.23 -0.845268 -0.00796929 0.534284 -36.8609 15.0017 169.468 -0.843308 0.0472194 0.535343 -2.56504 0.293878 67.6035 2.98618 -35.6187 
15259091 -35.005 14.8469 166.678 -0.848604 -0.0167438 0.528764 -37.3254 14.4534 166.491 -0.844453 0.0486132 0.533365 -2.62996 0.26946 68.5195 3.00485 -39.0541 
15372032 -35.0002 12.6227 164.589 -0.853029 -0.0239204 0.521316 -37.0702 12.859 164.021 -0.8485 0.0449645 0.527284 -2.70092 0.243606 69.5038 3.02209 -42.0719 
15480403 -34.9965 9.96731 162.825 -0.858265 -0.0287215 0.512402 -37.277 11.2885 162.08 -0.850156 0.0396216 0.524885 -2.78566 0.21574 70.5086 3.03588 -44.7992 
15559495 -35.0035 8.07852 161.847 -0.86082 -0.0342895 0.507753 -37.028 9.81147 160.916 -0.852017 0.0392693 0.521986 -2.84168 0.200515 71.0151 3.0445 -46.301 
15633447 -35.0247 5.94475 161.044 -0.86304 -0.0431967 0.503286 -37.0176 8.59784 159.947 -0.852317 0.0348645 0.521865 -2.90143 0.188162 71.5199 3.05283 -47.6266 
15713810 -35.0355 3.83892 160.535 -0.865638 -0.0441872 0.498717 -36.8747 6.83258 159.232 -0.853619 0.0306354 0.519798 -2.97182 0.16949 72.0485 3.05541 -48.6839 
15809198 -35.0564 1.22087 160.197 -0.868356 -0.0442624 0.493963 -36.7261 4.77507 158.528 -0.855167 0.033837 0.517164 -3.06259 0.147944 72.6835 3.05512 -49.6919 
15924903 -34.9004 -2.20601 160.189 -0.869626 -0.0235407 0.49315 -37.0284 2.61269 158.16 -0.855788 0.048548 0.515061 3.13039 0.125825 72.5502 3.05369 -49.5967 
16037616 -35.0822 -5.21549 160.702 -0.866212 -0.0330693 0.498581 -36.6825 0.607417 158.628 -0.853157 0.0620993 0.517836 3.03329 0.112323 71.3056 3.05398 -48.025 
16151506 -35.0554 -7.95981 161.751 -0.860789 -0.0339739 0.507826 -36.4039 -3.74487 159.458 -0.850098 0.0289028 0.525909 2.93533 0.0807231 69.7038 3.06202 -45.6882 
16265532 -35.0586 -10.7666 163.284 -0.85551 -0.0336612 0.516691 -35.8705 -5.86167 160.841 -0.841961 0.0337698 0.538503 2.83565 0.0235562 68.2687 3.09276 -42.9085 
16379077 -35.0552 -13.1871 165.15 -0.851767 -0.0321703 0.522932 -35.8661 -8.18692 162.499 -0.836286 0.0367777 0.547024 2.74976 -0.0496978 67.4924 3.14073 -40.2511 
16493344 -35.0457 -15.4298 167.462 -0.850258 -0.0320801 0.525387 -35.7356 -9.84767 164.507 -0.832883 0.0414783 0.55174 2.67219 -0.129559 67.4114 3.20106 -37.6476 
16607969 -35.0458 -17.2378 169.958 -0.85053 -0.0328994 0.524896 -35.8049 -11.4881 166.881 -0.831567 0.0445994 0.553472 2.61043 -0.19994 67.694 3.26052 -35.1615 
16693550 -35.0558 -18.4548 172.304 -0.851989 -0.0354858 0.522356 -35.7747 -12.3234 169.01 -0.830572 0.0446578 0.555046 2.57193 -0.249351 68.1385 3.30735 -33.0343 
16762905 -35.0367 -18.9769 174.04 -0.853786 -0.0386578 0.519187 -35.7337 -13.335 170.604 -0.831082 0.0380498 0.554866 2.56073 -0.271184 68.61 3.33291 -31.6341 
16826854 -35.0344 -19.4502 175.95 -0.855703 -0.0397369 0.515939 -35.7934 -14.3088 172.106 -0.832886 0.0268499 0.55275 2.54867 -0.295314 69.099 3.35791 -30.0895 
16900956 -35.0252 -19.7885 177.87 -0.857542 -0.0396339 0.512884 -35.6286 -14.8737 174.048 -0.835037 0.0213575 0.549628 2.53976 -0.317147 69.5736 3.37974 -28.5417 
16967978 -35.0108 -19.9347 179.662 -0.859198 -0.0381548 0.510218 -35.5858 -15.149 175.975 -0.836639 0.0205375 0.547349 2.53574 -0.33467 70.0086 3.3964 -27.1145 
17031247 -35.0108 -19.9096 181.468 -0.86103 -0.0355803 0.507309 -35.5531 -15.3261 177.669 -0.837633 0.0204824 0.545897 2.53631 -0.349321 70.4785 3.4099 -25.7175 
17096159 -35.0131 -19.6969 183.391 -0.862909 -0.0316146 0.50437 -35.6354 -15.2953 179.359 -0.838652 0.021888 0.544283 2.54177 -0.362536 70.9801 3.42139 -24.2522 
17167521 -35.0121 -19.2721 185.275 -0.864763 -0.0264896 0.501481 -35.5959 -15.2691 181.394 -0.840322 0.0249591 0.54141 2.55269 -0.373165 71.4786 3.43001 -22.8394 
17234673 -35.0065 -18.7588 186.876 -0.866274 -0.0212004 0.49912 -35.6815 -15.0277 183.078 -0.841362 0.0277069 0.53976 2.56533 -0.381783 71.9088 3.43633 -21.6583 
17300761 -35.007 -18.0011 188.649 -0.867838 -0.013111 0.496674 -35.6518 -14.7933 184.769 -0.842794 0.0314018 0.537234 2.58199 -0.392125 72.3787 3.44208 -20.3502 
17367073 -35.0109 -17.1144 190.245 -0.868948 -0.00246088 0.494896 -35.7461 -14.4527 186.332 -0.843231 0.0351551 0.536282 2.59836 -0.403903 72.7693 3.44581 -19.1532 
17432596 -34.9925 -16.0872 191.746 -0.869443 0.0110028 0.493912 -35.6186 -14.0231 187.891 -0.843713 0.0417113 0.535132 2.61474 -0.417979 73.0788 3.4484 -17.9864 
17497428 -34.995 -14.9317 193.153 -0.869885 0.0242555 0.492658 -35.6077 -13.494 189.446 -0.843843 0.0493814 0.534314 2.63485 -0.429182 73.3884 3.44897 -16.8958 
17609824 -34.953 -12.6466 195.274 -0.87224 0.0304869 0.488127 -35.4923 -12.2488 191.875 -0.843399 0.066817 0.532979 2.6992 -0.429182 74.0631 3.45386 -15.3654 
17707263 -34.9415 -10.376 196.883 -0.874543 0.029876 0.484027 -35.4614 -10.975 193.784 -0.846398 0.0673704 0.528114 2.77245 -0.421713 74.5854 3.46046 -14.1843 
17815414 -34.9263 -7.79123 198.212 -0.875992 0.0290985 0.481448 -35.5533 -9.32701 195.45 -0.849058 0.062833 0.524484 2.85949 -0.411659 74.8759 3.46851 -13.1461 
17926646 -34.9426 -4.90472 199.216 -0.876613 0.0265745 0.480461 -35.6331 -7.6953 196.69 -0.85339 0.0467417 0.519112 2.96262 -0.399019 74.914 3.48028 -12.3603 
18094563 -35.0054 -0.622736 199.893 -0.874526 0.0340043 0.483785 -36.1574 -5.29525 197.5 -0.85964 0.0179546 0.510567 3.10453 -0.389539 74.3059 3.49235 -11.6316 
18212829 -35.2154 3.28466 199.621 -0.869944 0.034227 0.491961 -36.131 -1.14095 197.498 -0.85817 0.0636206 0.509305 -3.10626 -0.387241 71.858 3.49407 -9.79646 
18393700 -35.1072 7.28592 198.481 -0.849309 0.0279405 0.527156 -35.0156 2.99198 197.239 -0.841223 0.0776532 0.534978 -2.92442 -0.300485 66.5034 3.45443 -6.28332 
18618323 -35.0647 12.8443 195.245 -0.841378 0.0191372 0.540108 -35.1855 7.83385 195.2 -0.833455 0.0676355 0.548348 -2.7216 -0.0112036 65.2572 3.22892 -7.92639 
18792803 -34.9648 16.1976 191.66 -0.841283 0.0226322 0.540121 -36.0459 11.8965 191.817 -0.836668 0.0875272 0.540639 -2.61503 0.145359 65.7382 3.09419 -11.6475 
18930655 -34.9886 18.0287 188.384 -0.841972 0.0193893 0.539173 -36.4439 13.9827 188.423 -0.837793 0.080771 0.539859 -2.54895 0.240733 66.2335 3.01491 -15.1971 
19038904 -34.9241 19.0503 185.351 -0.841941 0.0186632 0.539247 -36.5786 14.3766 185.85 -0.839162 0.0667018 0.53977 -2.51276 0.284398 66.3335 2.979 -18.2626 
19106232 -34.9307 19.4409 183.56 -0.841909 0.0192161 0.539277 -36.6127 15.1075 183.824 -0.839403 0.0662 0.53942 -2.49926 0.295602 66.3034 2.9698 -19.9993 
19169976 -34.9424 19.7076 181.71 -0.841388 0.0189711 0.540099 -36.3989 15.3066 182.382 -0.840626 0.064911 0.537638 -2.48776 0.302209 66.1557 2.96636 -21.7075 
19235383 -34.9622 19.8314 179.752 -0.840741 0.0156652 0.54121 -36.7584 15.4079 180.7 -0.840301 0.0605457 0.538608 -2.47742 0.311114 66.0271 2.96406 -23.5601 
19300762 -34.9828 19.7644 177.94 -0.840127 0.0104374 0.54229 -36.8934 15.4054 178.797 -0.840205 0.0550752 0.539489 -2.47196 0.318871 65.9541 2.96406 -25.3317 
19376067 -34.9765 19.557 176.006 -0.839631 0.00497585 0.543134 -36.9107 15.2938 176.794 -0.840728 0.0491959 0.539167 -2.47225 0.324616 65.9557 2.96492 -27.305 
19484827 -35.0051 18.8398 173.125 -0.841835 0.00142309 0.539733 -37.0603 15.1385 173.887 -0.840163 0.0452071 0.540368 -2.49926 0.318009 66.5717 2.96779 -30.7419 
19598379 -35.0106 17.5247 170.228 -0.844338 -0.0046967 0.53579 -36.8581 15.1366 170.788 -0.842089 0.0486271 0.537 -2.54436 0.302496 67.3241 2.97871 -34.3503 
19712329 -35.0247 15.8009 167.713 -0.847214 -0.012861 0.531096 -37.0909 14.7119 167.819 -0.844336 0.0491098 0.533594 -2.5998 0.281525 68.1417 2.99537 -37.646 
19824685 -35.0244 13.6817 165.489 -0.851096 -0.0213492 0.524576 -37.3088 13.759 165.205 -0.846799 0.0473759 0.529641 -2.66673 0.257107 69.0942 3.01347 -40.7734 
19936323 -34.9977 11.1178 163.51 -0.856086 -0.0275885 0.516097 -37.1706 12.1913 163.163 -0.849694 0.0419707 0.52567 -2.74832 0.228955 70.115 3.02984 -43.7309 
20033900 -35.017 8.68001 162.116 -0.860075 -0.0336798 0.509055 -37.2573 10.3925 161.344 -0.851741 0.0377036 0.522636 -2.82243 0.207122 70.8817 3.04162 -45.8867 
20105200 -35.0155 6.71295 161.281 -0.86235 -0.0397547 0.504749 -37.0141 9.25981 160.611 -0.852987 0.0376247 0.520454 -2.88018 0.193046 71.3564 3.04909 -47.2154 
20178458 -35.022 4.7697 160.717 -0.864821 -0.0414705 0.500364 -36.9983 7.71039 159.651 -0.85329 0.0333386 0.520208 -2.94366 0.176097 71.8453 3.05254 -48.287 
20248596 -35.0555 2.82844 160.344 -0.86688 -0.0451916 0.496464 -36.8684 6.48176 159.022 -0.854009 0.0317145 0.519284 -3.00543 0.16317 72.3232 3.05455 -49.1522 
20355456 -34.9917 0.214935 160.198 -0.868704 -0.0408293 0.493646 -36.9385 4.08448 158.44 -0.855317 0.0354146 0.516879 -3.10195 0.137603 72.8153 3.05254 -49.8824 
20468036 -35.0171 -3.22316 160.269 -0.869012 -0.0278454 0.494007 -36.9225 2.61707 158.162 -0.855369 0.0602605 0.51437 3.09908 0.123814 72.2406 3.05283 -49.2315 
20578163 -35.0928 -6.04353 160.953 -0.864783 -0.0342646 0.500975 -36.646 -1.10688 158.781 -0.853699 0.0428217 0.518856 3.00456 0.106865 70.8563 3.05369 -47.4043 
20692536 -35.0668 -8.90662 162.188 -0.858986 -0.0345807 0.510829 -36.303 -4.19172 159.771 -0.847755 0.0301334 0.529389 2.9023 0.0672213 69.1863 3.06776 -44.812 
20804362 -35.0633 -11.6397 163.878 -0.853852 -0.0333327 0.519447 -35.9814 -6.52335 161.174 -0.840467 0.0337338 0.540806 2.80434 0.00172362 67.875 3.10568 -41.9433 
20913140 -35.057 -13.8639 165.761 -0.850945 -0.0319912 0.524279 -35.749 -8.62311 162.945 -0.835545 0.0371884 0.548225 2.72591 -0.0709559 67.3559 3.15538 -39.4668 
21021952 -35.0246 -15.9264 168.068 -0.849948 -0.0323722 0.52587 -35.7278 -10.2975 164.85 -0.832532 0.0428395 0.552188 2.65524 -0.146795 67.4035 3.21485 -36.9792 
21130979 -35.0493 -17.6476 170.577 -0.850582 -0.0335824 0.524769 -35.8026 -11.5907 167.213 -0.831194 0.0446217 0.554077 2.59635 -0.214591 67.7321 3.27345 -34.5202 
21208177 -35.0634 -18.5603 172.464 -0.851848 -0.0348249 0.52263 -35.6575 -12.6602 169.129 -0.83046 0.0453951 0.555147 2.56676 -0.253947 68.1099 3.31022 -32.8343 
21274230 -35.0415 -19.0521 174.234 -0.853797 -0.0382025 0.519202 -35.7435 -13.2405 170.481 -0.830361 0.0395519 0.555793 2.55728 -0.274918 68.6148 3.3355 -31.4357 
21340524 -35.0289 -19.5303 176.29 -0.855903 -0.0395232 0.515624 -35.6823 -14.1924 172.214 -0.832888 0.0268466 0.552628 2.54579 -0.299911 69.1545 3.36193 -29.7894 
21403691 -35.0258 -19.785 177.791 -0.857378 -0.0393611 0.51318 -35.6334 -14.8815 173.93 -0.83467 0.0218712 0.550342 2.53919 -0.31686 69.5339 3.37888 -28.5877 
21467635 -35.0111 -19.9543 179.722 -0.859223 -0.0384354 0.510155 -35.5988 -15.0443 175.517 -0.836008 0.0199635 0.548334 2.53545 -0.33467 70.0118 3.39669 -27.0542 
21534225 -35.0168 -19.91 181.536 -0.861087 -0.0355488 0.507213 -35.5618 -15.332 177.328 -0.837132 0.0201406 0.54651 2.53631 -0.349321 70.488 3.4099 -25.6556 
21598373 -35.0128 -19.7054 183.325 -0.862809 -0.0317409 0.504533 -35.5259 -15.4067 179.136 -0.838521 0.0214052 0.544416 2.54148 -0.361961 70.9547 3.42082 -24.2951 
21662239 -35.0155 -19.3589 184.946 -0.864462 -0.027366 0.501953 -35.6088 -15.2718 180.715 -0.839795 0.0232852 0.542426 2.55039 -0.371441 71.3929 3.42858 -23.0886 
21728241 -35.0108 -18.7889 186.787 -0.866212 -0.021609 0.499209 -35.6954 -15.0349 182.399 -0.840721 0.0265229 0.540762 2.56475 -0.380921 71.8866 3.43576 -21.7234 
21792314 -35.0125 -18.094 188.456 -0.867713 -0.0143823 0.496857 -35.7759 -14.794 184.312 -0.842024 0.0299823 0.538485 2.58027 -0.390401 72.3311 3.44122 -20.493 
21856540 -35.0128 -17.2929 189.944 -0.868805 -0.00506727 0.495128 -35.7492 -14.4482 185.997 -0.843329 0.0336891 0.536323 2.59578 -0.400743 72.7026 3.44495 -19.3818 
21921121 -34.9957 -16.2676 191.48 -0.869424 0.00801749 0.494001 -35.6239 -14.1193 187.333 -0.843658 0.0384237 0.535465 2.61273 -0.414532 73.0312 3.44782 -18.1991 
21986995 -34.9956 -15.1482 192.903 -0.869754 0.0221759 0.492988 -35.6116 -13.594 189.001 -0.843801 0.0468225 0.534505 2.63054 -0.427459 73.3233 3.44869 -17.0831 
22087603 -34.9665 -13.2251 194.78 -0.871559 0.0298699 0.48938 -35.4895 -12.6576 191.217 -0.843793 0.0608275 0.533024 2.68196 -0.42947 73.8964 3.45185 -15.7194 
22178341 -34.9667 -11.1963 196.41 -0.873845 0.0319986 0.485151 -35.4723 -11.5548 193 -0.845276 0.0674407 0.530053 2.74315 -0.426597 74.4472 3.45759 -14.5399 
22278253 -34.9216 -8.73838 197.792 -0.875629 0.0282616 0.482157 -35.5629 -10.0523 194.674 -0.847877 0.0665556 0.525956 2.82847 -0.415106 74.8044 3.4665 -13.4779 
22386854 -34.9431 -6.03065 198.893 -0.876547 0.0283571 0.480481 -35.5272 -8.33207 196.249 -0.852395 0.0541094 0.519998 2.92068 -0.405052 74.9521 3.4754 -12.6222 
22498541 -34.9467 -2.85435 199.657 -0.876003 0.0270397 0.481547 -35.6063 -7.09077 197.05 -0.856609 0.0307041 0.515068 3.03444 -0.392125 74.7012 3.48804 -11.9555 
22671529 -35.3187 2.35636 199.745 -0.874451 0.0290451 0.484243 -36.4221 -2.74117 197.555 -0.859811 0.0431846 0.508782 -3.13757 -0.38839 72.9629 3.4935 -10.6013 
22793237 -35.1214 5.19863 199.213 -0.860957 0.0409697 0.507024 -35.8679 0.331245 197.496 -0.852995 0.0741575 0.516528 -3.0353 -0.380059 69.5387 3.49494 -8.21055 
23024661 -35.0955 10.6466 196.805 -0.841824 0.018683 0.539428 -34.8025 5.54184 196.478 -0.833057 0.0663223 0.549234 -2.79112 -0.116057 65.254 3.31281 -6.55479 
23214494 -34.9694 14.8564 193.351 -0.841567 0.0217052 0.539716 -35.6668 9.8315 193.622 -0.835333 0.0754398 0.544494 -2.65984 0.0844576 65.5652 3.14676 -9.92188 
23370668 -34.9691 17.3325 189.783 -0.841276 0.0209945 0.540199 -36.1926 13.1766 190.23 -0.837194 0.0890758 0.539504 -2.57366 0.203962 65.9668 3.04564 -13.6287 
23485528 -34.945 18.5918 186.886 -0.841747 0.0195132 0.539519 -36.3364 14.039 187.418 -0.838632 0.0719644 0.539865 -2.52942 0.263427 66.243 2.99595 -16.6767 
23572868 -34.9287 19.2592 184.603 -0.84214 0.0181949 0.538952 -36.3605 14.6925 185.183 -0.840042 0.0671366 0.538303 -2.50529 0.293303 66.3859 2.97182 -19.0405 
23640267 -34.932 19.6144 182.49 -0.841551 0.0195007 0.539826 -36.5034 15.201 183.382 -0.839915 0.0670232 0.538549 -2.49236 0.299049 66.2018 2.96779 -20.9725 
23704387 -34.952 19.7822 180.822 -0.841047 0.0175104 0.540678 -36.5216 15.4083 181.707 -0.840482 0.0638248 0.538033 -2.48231 0.306518 66.0827 2.96521 -22.5346 
23770727 -34.9776 19.8048 178.866 -0.840334 0.0127088 0.541921 -36.6518 15.4056 179.921 -0.840765 0.058698 0.538298 -2.47369 0.315423 65.9652 2.96435 -24.4046 
23843590 -34.9828 19.6959 176.782 -0.839632 0.00704667 0.54311 -36.9004 15.2979 177.909 -0.840404 0.0520145 0.53933 -2.46938 0.323467 65.9017 2.96435 -26.4652 
23950922 -35.0238 19.1296 174.096 -0.841748 0.00402603 0.539855 -36.812 15.1692 175.127 -0.841293 0.0458755 0.538653 -2.49121 0.319158 66.4701 2.9655 -29.6545 
24059556 -35.0138 18.1666 171.411 -0.843744 -0.000526223 0.536745 -36.8549 15.3791 171.997 -0.841242 0.0501411 0.538292 -2.52511 0.309391 67.086 2.97153 -32.92 
24170104 -35.0279 16.546 168.666 -0.846144 -0.00938488 0.532871 -36.9843 15.1933 169.124 -0.842849 0.0494365 0.535766 -2.57624 0.291293 67.8369 2.98733 -36.3934 
24279883 -35.0282 14.5266 166.309 -0.84951 -0.0185639 0.527246 -37.206 14.5634 166.612 -0.845337 0.049292 0.531892 -2.63973 0.268024 68.7386 3.00571 -39.6145 
24389970 -34.9999 12.222 164.252 -0.853945 -0.0253162 0.519748 -37.1812 12.9764 164.132 -0.848616 0.0444713 0.527177 -2.71327 0.241595 69.707 3.02266 -42.5974 
24496558 -35.0012 9.72787 162.677 -0.858739 -0.0299092 0.51154 -37.0426 11.1719 162.097 -0.851168 0.0405359 0.523162 -2.79227 0.216315 70.6182 3.03502 -45.0501 
24575673 -35.0009 7.8354 161.738 -0.861543 -0.0333838 0.506585 -37.1402 9.93338 161.025 -0.852 0.0382965 0.522134 -2.85116 0.199366 71.1452 3.0422 -46.5296 
24668390 -35.0164 5.24885 160.834 -0.864047 -0.0431828 0.501555 -36.7731 8.13777 159.98 -0.853843 0.036724 0.519268 -2.92499 0.183566 71.7167 3.05168 -48.0393 
24737125 -35.0416 3.44272 160.439 -0.866372 -0.0424706 0.49759 -36.8721 6.81118 159.237 -0.853906 0.0329365 0.51925 -2.9879 0.166042 72.1835 3.05283 -48.9125 
24848745 -35.026 0.404284 160.168 -0.868939 -0.0408604 0.49323 -36.9485 4.63996 158.423 -0.855196 0.0356672 0.517115 -3.09563 0.139901 72.8375 3.05168 -49.911 
24956928 -35.0104 -2.99882 160.227 -0.869316 -0.0265563 0.493543 -37.1416 2.70256 158.051 -0.855944 0.0503663 0.514647 3.10568 0.124675 72.3327 3.05225 -49.3506 
25066261 -35.1009 -5.5941 160.802 -0.865693 -0.034164 0.499408 -36.6765 0.595302 158.638 -0.853802 0.063402 0.516709 3.02094 0.112323 71.1294 3.05225 -47.7726 
25178291 -35.0639 -8.60583 162.03 -0.859557 -0.0349967 0.50984 -36.5203 -3.73098 159.452 -0.849574 0.0272222 0.526681 2.9135 0.0744031 69.3482 3.06403 -45.104 
25289645 -35.0595 -11.1342 163.509 -0.854628 -0.0339368 0.518131 -35.8681 -6.08828 160.845 -0.841842 0.0341444 0.538735 2.82272 0.0178108 68.0496 3.09534 -42.4831 
25400821 -35.0486 -13.6275 165.511 -0.85097 -0.0323436 0.524218 -35.7543 -8.06624 162.389 -0.836642 0.0356573 0.546448 2.73424 -0.0611887 67.3352 3.1482 -39.7224 
25508047 -35.0281 -15.6986 167.766 -0.849857 -0.0322881 0.526023 -35.7419 -9.84378 164.277 -0.83249 0.0404059 0.552498 2.66271 -0.137028 67.3416 3.20652 -37.2554 
25621319 -35.0463 -17.5493 170.411 -0.850396 -0.0334672 0.525078 -35.8098 -11.4846 166.763 -0.831181 0.043893 0.554219 2.59951 -0.209995 67.6781 3.26914 -34.6551 
25704375 -35.0725 -18.5227 172.26 -0.851555 -0.0345403 0.523126 -35.7815 -12.2146 168.781 -0.830318 0.0443056 0.555419 2.56705 -0.251075 68.0258 3.30677 -32.9692 
25769507 -35.038 -19.0368 174.136 -0.85352 -0.0377615 0.519691 -35.7545 -13.0364 170.026 -0.830124 0.0402978 0.556136 2.55671 -0.274344 68.5513 3.33406 -31.4833 
25832869 -35.0387 -19.4321 175.795 -0.855363 -0.0391637 0.516547 -35.6948 -14.1183 171.757 -0.832309 0.0295669 0.553524 2.5478 -0.294165 69.0132 3.35561 -30.1736 
25897238 -35.026 -19.763 177.722 -0.857251 -0.0391673 0.513408 -35.6466 -14.6866 173.473 -0.834202 0.0236035 0.5509 2.53947 -0.315998 69.5038 3.37773 -28.6337 
25963476 -35.0126 -19.9175 179.373 -0.858866 -0.038382 0.510761 -35.6037 -15.055 175.291 -0.835767 0.0204654 0.548684 2.53603 -0.331798 69.9229 3.39353 -27.3304 
26027389 -35.0153 -19.9355 181.323 -0.860881 -0.0360587 0.507526 -35.5687 -15.2273 176.989 -0.837005 0.0199018 0.546638 2.53574 -0.347885 70.434 3.40875 -25.8191 
26092491 -35.0082 -19.7781 182.954 -0.862437 -0.0330648 0.505084 -35.5367 -15.3036 178.571 -0.83826 0.0206869 0.544799 2.54005 -0.359088 70.85 3.41881 -24.5681 
26156646 -35.0137 -19.4362 184.725 -0.864257 -0.0285259 0.502242 -35.6132 -15.3873 180.49 -0.839419 0.0230601 0.542917 2.54895 -0.369717 71.3326 3.42771 -23.2489 
26220711 -35.0084 -18.8689 186.586 -0.866024 -0.0225398 0.499494 -35.6948 -15.2592 182.071 -0.840831 0.0256636 0.540664 2.56303 -0.379772 71.8326 3.43518 -21.871 
26284051 -35.0153 -18.2683 188.139 -0.8675 -0.0166032 0.497159 -35.6694 -14.9055 183.753 -0.841998 0.0285248 0.538768 2.57711 -0.387815 72.2533 3.44035 -20.728 
26348355 -35.0132 -17.4182 189.748 -0.868727 -0.00717932 0.495238 -35.6452 -14.5593 185.326 -0.843175 0.0318675 0.536615 2.59434 -0.398157 72.6597 3.44438 -19.531 
26414548 -35.0031 -16.5 191.169 -0.869455 0.00441105 0.493993 -35.7369 -14.2224 187.002 -0.843747 0.0363476 0.535523 2.60985 -0.410797 72.9852 3.44754 -18.4531 
26479754 -34.9917 -15.3107 192.721 -0.869721 0.0199393 0.493142 -35.6103 -13.803 188.562 -0.844125 0.0440039 0.534342 2.62824 -0.425448 73.282 3.44869 -17.2228 
26580541 -34.9796 -13.5058 194.545 -0.871115 0.0310057 0.4901 -35.6038 -12.8569 190.662 -0.843841 0.0564432 0.533511 2.67162 -0.431481 73.8027 3.4507 -15.8798 
26688077 -34.9378 -10.843 196.596 -0.874244 0.0290894 0.484615 -35.4745 -11.5617 192.998 -0.845041 0.0681832 0.530274 2.75837 -0.422863 74.5092 3.45989 -14.4034 
26785549 -34.9596 -8.81958 197.821 -0.875293 0.0340654 0.482391 -35.6742 -10.1476 194.673 -0.847718 0.0646186 0.526495 2.81784 -0.419703 74.7917 3.46247 -13.4366 
26900779 -34.943 -5.59516 199.041 -0.876599 0.0278007 0.480419 -35.5365 -8.48238 196.128 -0.85134 0.0579487 0.521347 2.93677 -0.402754 74.9457 3.47712 -12.5016 
27097704 -35.0119 -0.623395 199.908 -0.874586 0.0336118 0.483704 -36.0377 -6.03798 197.401 -0.85932 0.0137046 0.511289 3.10511 -0.389252 74.3123 3.49264 -11.6221 
27214871 -35.2855 3.19695 199.61 -0.870964 0.0337493 0.490186 -36.4366 -2.04414 197.54 -0.859593 0.052209 0.508167 -3.10942 -0.388103 72.0644 3.49465 -9.96315 
27390479 -35.1022 7.18179 198.541 -0.849627 0.0293585 0.526567 -35.3094 2.2999 197.312 -0.844493 0.0795316 0.529592 -2.93045 -0.312263 66.5637 3.46334 -6.2865 
27606709 -35.0551 12.4103 195.618 -0.840902 0.0189745 0.540854 -35.0681 7.29327 195.537 -0.832696 0.0669481 0.549579 -2.73453 -0.0341852 65.1302 3.24817 -7.48824 
27786095 -34.9595 16.1129 191.808 -0.841415 0.0224778 0.539922 -35.8131 11.5049 192.372 -0.836225 0.0836619 0.54196 -2.61819 0.143061 65.7684 3.09592 -11.5316 
27926524 -34.9891 18.046 188.401 -0.841926 0.0195273 0.539239 -36.1972 13.2617 189.22 -0.837974 0.0769916 0.540209 -2.54838 0.240733 66.2192 3.01491 -15.167 
28037629 -34.9325 18.9999 185.628 -0.842042 0.0187469 0.539086 -36.4596 14.2762 186.409 -0.839048 0.0673171 0.539874 -2.51477 0.282387 66.3494 2.98043 -17.9991 
28103660 -34.9315 19.4744 183.563 -0.842148 0.018501 0.538929 -36.4839 14.7933 184.728 -0.839539 0.0667982 0.539039 -2.49782 0.299623 66.3764 2.96664 -20.0565 
28168910 -34.9452 19.7099 181.734 -0.841583 0.0181489 0.539822 -36.5075 15.1986 183.046 -0.839902 0.0662944 0.538691 -2.48719 0.305082 66.2176 2.96435 -21.7376 
28235496 -34.9533 19.8123 179.894 -0.840798 0.0150323 0.54114 -36.5229 15.2903 181.267 -0.84072 0.0632009 0.537686 -2.47771 0.312838 66.0636 2.96291 -23.4537 
28301153 -34.9703 19.7793 178.088 -0.840095 0.0102832 0.542342 -36.7749 15.4076 179.357 -0.840235 0.0566514 0.53908 -2.47139 0.320307 65.9621 2.96291 -25.1936 
28388489 -34.9929 19.5128 175.758 -0.840262 0.00492246 0.542158 -36.9049 15.1891 177.133 -0.840733 0.0494366 0.539038 -2.47512 0.324903 66.1002 2.96348 -27.6701 
28497433 -35.011 18.823 172.991 -0.842729 0.00292368 0.538331 -36.9402 15.1467 174.117 -0.840784 0.045171 0.539399 -2.50356 0.317147 66.759 2.96521 -31.0229 
28609953 -35.0158 17.4921 170.115 -0.844708 -0.00481385 0.535206 -36.9734 15.2259 170.785 -0.841877 0.0508337 0.537182 -2.54608 0.303358 67.4146 2.97727 -34.5376 
28721296 -35.0128 15.6147 167.496 -0.847474 -0.0142537 0.530646 -36.9768 14.8339 168.261 -0.84422 0.0494777 0.533583 -2.60497 0.281813 68.2401 2.99537 -37.9603 
28831375 -35.0196 13.5601 165.391 -0.851355 -0.0221404 0.524122 -37.1956 13.9908 165.534 -0.846927 0.0476147 0.529514 -2.67018 0.257682 69.1688 3.0129 -40.9416 
28942796 -34.9927 10.9882 163.412 -0.856365 -0.0279479 0.515615 -37.0603 12.5324 163.49 -0.849705 0.0424521 0.525413 -2.75234 0.228955 70.1784 3.02927 -43.8896 
29047056 -34.9975 8.3866 162.004 -0.860998 -0.0310386 0.507661 -37.3845 10.7301 161.43 -0.850493 0.0375318 0.52458 -2.83594 0.203675 71.0293 3.03875 -46.1391 
29113172 -35.0107 6.58543 161.217 -0.863021 -0.0368008 0.503826 -37.2547 9.47633 160.584 -0.851496 0.0379614 0.522992 -2.88851 0.19046 71.4485 3.04622 -47.3646 
29201703 -35.0206 4.23823 160.576 -0.865257 -0.0436562 0.499424 -36.8902 7.77638 159.537 -0.853244 0.0380989 0.520078 -2.95889 0.175235 71.9707 3.05225 -48.5616 
29268801 -35.0517 2.28067 160.261 -0.867677 -0.041876 0.495361 -36.9853 6.57821 158.906 -0.853778 0.0328264 0.519618 -3.02898 0.155988 72.4724 3.05225 -49.3951 
29383673 -34.9374 -0.229245 160.221 -0.868519 -0.0392228 0.494101 -37.0504 3.93225 158.225 -0.855376 0.0389462 0.516539 -3.11947 0.133868 72.8248 3.05053 -49.9173 
29492734 -35.0743 -3.69956 160.32 -0.868765 -0.0295092 0.494345 -37.0358 2.58349 158.163 -0.855178 0.0636839 0.514397 3.08414 0.123239 72.0961 3.05168 -49.0442 
29605893 -35.0946 -6.63629 161.165 -0.863653 -0.0349498 0.502873 -36.645 -1.09776 158.782 -0.853807 0.0418404 0.518762 2.98417 0.10313 70.5166 3.05311 -46.9154 
29735913 -35.0532 -9.9519 162.746 -0.856807 -0.0348921 0.514455 -36.3081 -4.64526 159.983 -0.846159 0.0315701 0.531896 2.86553 0.0491233 68.5989 3.07667 -43.7436 
29847673 -35.0366 -12.3854 164.533 -0.852228 -0.0333478 0.522107 -35.9832 -6.96307 161.391 -0.839221 0.0336841 0.542747 2.77791 -0.0183853 67.5369 3.11832 -40.967 
29960986 -35.0531 -14.673 166.547 -0.85015 -0.0324451 0.52554 -35.7527 -9.05924 163.38 -0.833808 0.0374069 0.550763 2.69805 -0.096523 67.2511 3.17434 -38.5143 
30071954 -35.0343 -16.7221 169.16 -0.849845 -0.0325918 0.526024 -35.8326 -10.7296 165.41 -0.831784 0.0427621 0.553402 2.62738 -0.176384 67.4686 3.23926 -35.8394 
30178143 -35.0688 -18.298 171.771 -0.851121 -0.0343952 0.523842 -35.9098 -11.7898 167.879 -0.830433 0.0438123 0.555311 2.57423 -0.240446 67.8972 3.29672 -33.3788 
30242536 -35.0519 -18.8159 173.22 -0.852515 -0.0370631 0.521387 -35.6533 -12.7412 169.462 -0.830297 0.0430888 0.555574 2.56159 -0.261991 68.2766 3.32056 -32.1882 
30308499 -35.0397 -19.2923 175.186 -0.854727 -0.0395052 0.517573 -35.6152 -13.5351 170.722 -0.831297 0.0360872 0.554677 2.55211 -0.284973 68.8449 3.34699 -30.653 
30373666 -35.0194 -19.6286 176.83 -0.856274 -0.0400052 0.51497 -35.5581 -14.275 172.67 -0.833483 0.0252277 0.551824 2.54378 -0.304794 69.2577 3.36739 -29.3306 
30438957 -35.0212 -19.8827 178.764 -0.85827 -0.0394076 0.511684 -35.6279 -14.759 174.157 -0.835159 0.0213556 0.549629 2.53746 -0.324616 69.7593 3.38721 -27.7987 
30503860 -35.013 -19.9613 180.68 -0.860155 -0.0376363 0.508642 -35.5877 -15.0209 176.082 -0.836493 0.0190786 0.547509 2.53574 -0.341565 70.2483 3.40358 -26.2985 
30568706 -35.005 -19.845 182.33 -0.861751 -0.0346051 0.50615 -35.5462 -15.4273 178.009 -0.837756 0.0203518 0.545657 2.53861 -0.353918 70.6706 3.4145 -25.0301 
30638004 -35.0118 -19.5487 184.237 -0.863681 -0.0301457 0.503137 -35.6341 -15.29 179.47 -0.838648 0.021644 0.544289 2.54637 -0.365983 71.1833 3.42484 -23.5966 
30704322 -35.0077 -19.1156 185.848 -0.865244 -0.0253563 0.50071 -35.5953 -15.1476 181.503 -0.840434 0.0242218 0.541309 2.55728 -0.374888 71.6136 3.43174 -22.398 
30769481 -35.0212 -18.4621 187.696 -0.867106 -0.0188477 0.497767 -35.6836 -14.9077 182.965 -0.841468 0.0264782 0.53955 2.57308 -0.384368 72.1295 3.43834 -21.0471 
30833502 -35.0084 -17.7416 189.193 -0.868288 -0.0114622 0.495928 -35.6519 -14.5602 184.878 -0.843031 0.0306559 0.536891 2.58888 -0.392986 72.5089 3.44265 -19.9342 
30896869 -35.0116 -16.7011 190.898 -0.869422 0.000887016 0.494069 -35.7448 -14.3228 186.332 -0.84357 0.0331872 0.535973 2.60784 -0.406201 72.928 3.44639 -18.6579 
30961962 -34.9936 -15.7228 192.238 -0.869693 0.014008 0.493393 -35.7262 -13.8963 188.008 -0.844187 0.0402197 0.534445 2.62278 -0.419415 73.1836 3.44811 -17.599 
31047896 -35.0016 -14.2273 193.928 -0.87022 0.029923 0.491754 -35.715 -13.2739 189.893 -0.844118 0.050825 0.533667 2.65007 -0.431768 73.5614 3.44811 -16.2877 
31181621 -34.9397 -11.1633 196.387 -0.873873 0.029066 0.485285 -35.4785 -11.7971 192.553 -0.844791 0.0682003 0.530759 2.74803 -0.42315 74.4298 3.45816 -14.5478 
31277307 -34.951 -9.09765 197.682 -0.875322 0.0312972 0.482527 -35.5646 -10.2658 194.451 -0.847598 0.0648679 0.526609 2.81238 -0.418266 74.7663 3.46305 -13.5477 
31394595 -34.9445 -5.83749 198.973 -0.876533 0.0283447 0.480506 -35.6486 -8.60896 196.021 -0.851235 0.0590487 0.521315 2.92758 -0.403328 74.9425 3.47511 -12.5476 
31502989 -34.9513 -3.15032 199.617 -0.876174 0.0274881 0.481211 -35.8398 -7.25826 196.93 -0.855451 0.0360161 0.51662 3.02324 -0.392986 74.7552 3.48603 -12.0031 
31685064 -35.3887 2.52931 199.703 -0.874573 0.0303954 0.483941 -36.4087 -3.23707 197.464 -0.860441 0.0361986 0.508247 -3.13269 -0.387815 72.9312 3.49235 -10.5902 
31814265 -35.1138 5.37746 199.169 -0.860085 0.0413339 0.508474 -36.0748 0.102011 197.526 -0.854371 0.0744394 0.514216 -3.02812 -0.377474 69.3117 3.4935 -8.05815 
32047940 -35.0816 11.0672 196.569 -0.841281 0.0186439 0.540277 -34.8115 5.658 196.356 -0.832423 0.0655011 0.550103 -2.77705 -0.0973848 65.1604 3.29844 -6.6802 
32240618 -34.9574 15.2145 192.971 -0.841484 0.0220271 0.539833 -35.6779 10.2282 193.501 -0.835048 0.0804446 0.544232 -2.64835 0.100832 65.6128 3.1324 -10.3156 
32398648 -34.9754 17.6346 189.248 -0.841401 0.0206936 0.540015 -36.0764 13.0945 190.121 -0.837632 0.0857706 0.539477 -2.56303 0.218613 66.0398 3.03329 -14.2018 
32506208 -34.9325 18.7202 186.562 -0.841772 0.0192501 0.53949 -36.2159 13.9228 187.432 -0.839392 0.0726485 0.538512 -2.52482 0.269747 66.27 2.99078 -17.0196 
32589702 -34.9285 19.4112 183.929 -0.842207 0.0180854 0.538852 -36.2451 14.7026 185.406 -0.840161 0.0668874 0.53819 -2.49983 0.299049 66.4034 2.96722 -19.7199 
32657208 -34.9362 19.6795 182.243 -0.841635 0.0189285 0.539716 -36.3837 15.1004 183.721 -0.840163 0.0670094 0.538186 -2.48949 0.302783 66.2272 2.96521 -21.2376 
32722738 -34.9571 19.8158 180.394 -0.840956 0.0163561 0.540856 -36.524 15.3995 181.594 -0.840368 0.0644401 0.538137 -2.47943 0.309965 66.0748 2.96377 -22.9568 
32789299 -34.9815 19.8115 178.461 -0.840186 0.0110418 0.542185 -36.6523 15.295 179.921 -0.840516 0.0585864 0.538542 -2.4711 0.319158 65.9573 2.9632 -24.8079 
32882755 -34.9961 19.6241 176.129 -0.839887 0.00535634 0.542735 -36.9022 15.194 177.355 -0.840734 0.0495619 0.539157 -2.47053 0.325765 65.9906 2.96348 -27.1986 
32993206 -35.0157 18.8128 172.964 -0.84276 0.0028563 0.538281 -36.8196 15.0552 174.458 -0.841141 0.0441759 0.538942 -2.50385 0.31686 66.7637 2.9655 -31.0531 
33100350 -35.0094 17.6145 170.32 -0.844427 -0.00413085 0.535654 -36.9691 15.2507 171.447 -0.84149 0.0501273 0.537929 -2.54206 0.304507 67.3368 2.97641 -34.2614 
33214055 -35.0205 15.9648 167.913 -0.846946 -0.0127213 0.531526 -37.2109 14.9542 168.464 -0.842961 0.0488245 0.535784 -2.59405 0.285547 68.0877 2.9925 -37.3952 
33320213 -35.0135 13.8284 165.628 -0.850678 -0.0214762 0.525248 -37.3118 14.1014 165.857 -0.846195 0.0485101 0.53058 -2.66128 0.260842 69.0259 3.01117 -40.5749 
33432349 -35.0041 11.2466 163.556 -0.855955 -0.0273604 0.516326 -37.182 12.757 163.693 -0.848712 0.0427579 0.527103 -2.7443 0.230966 70.0927 3.02841 -43.6578 
33538672 -35.0043 8.8786 162.217 -0.860171 -0.0309365 0.509067 -37.2578 10.6198 161.781 -0.851506 0.0385714 0.522976 -2.81956 0.207984 70.8785 3.03818 -45.774 
33620329 -35.0015 6.65083 161.261 -0.863181 -0.0343221 0.503727 -37.2556 9.69691 160.692 -0.851631 0.0385629 0.522733 -2.88966 0.188737 71.4516 3.04478 -47.3218 
33713124 -35.0272 3.90488 160.494 -0.865644 -0.0436249 0.498755 -36.8837 7.88913 159.657 -0.853994 0.0382983 0.51886 -2.97038 0.171501 72.0485 3.05311 -48.7251 
33798661 -35.0528 1.79206 160.203 -0.868067 -0.0420602 0.494663 -36.8601 6.23559 158.93 -0.85467 0.0338646 0.51789 -3.04564 0.151679 72.5756 3.05283 -49.5665 
33909840 -34.905 -1.89157 160.116 -0.870179 -0.0221368 0.492239 -36.808 3.60073 158.253 -0.856872 0.0389789 0.514113 3.14016 0.128985 72.7121 3.05139 -49.7983 
34014492 -35.1035 -4.41186 160.467 -0.867845 -0.032241 0.495787 -37.1474 2.43614 158.17 -0.854993 0.0673447 0.514173 3.06202 0.120654 71.7898 3.05196 -48.641 
34123823 -35.087 -7.21623 161.384 -0.862495 -0.0355914 0.504813 -36.744 -1.80499 158.907 -0.853673 0.0340517 0.519705 2.96406 0.0970975 70.1784 3.05484 -46.4217 
34233368 -35.0577 -9.96121 162.744 -0.856811 -0.0349384 0.514445 -36.3027 -4.41213 159.879 -0.847255 0.0301677 0.530359 2.86524 0.0494106 68.5957 3.07638 -43.7404 
34342543 -35.0533 -12.3348 164.383 -0.852389 -0.033365 0.521842 -35.9831 -6.62305 161.282 -0.839954 0.0327853 0.541559 2.77963 -0.0157999 67.5559 3.11631 -41.1321 
34452325 -35.0479 -14.6087 166.49 -0.850102 -0.032481 0.525615 -35.8662 -8.84096 163.049 -0.83442 0.0367607 0.549811 2.70034 -0.0936503 67.2305 3.17204 -38.5635 
34561697 -35.0245 -16.5192 168.864 -0.84964 -0.0325306 0.526358 -35.7247 -10.3929 165.071 -0.832387 0.0417566 0.552704 2.63427 -0.167766 67.4003 3.2318 -36.1077 
34675380 -35.0676 -18.1587 171.455 -0.850828 -0.0346069 0.524303 -35.7994 -11.682 167.546 -0.830924 0.0434187 0.554595 2.57912 -0.232689 67.8083 3.28982 -33.6375 
34748766 -35.052 -18.9856 173.549 -0.852459 -0.0358797 0.521562 -35.7704 -12.6409 169.237 -0.830179 0.0434601 0.555684 2.55384 -0.270896 68.283 3.32688 -31.8468 
34813898 -35.0378 -19.3585 175.37 -0.854647 -0.0382477 0.517798 -35.7302 -13.5393 170.719 -0.830929 0.0363502 0.555154 2.5478 -0.290431 68.8402 3.35015 -30.4609 
34886259 -35.0198 -19.7143 177.415 -0.856726 -0.0385761 0.514328 -35.6723 -14.401 172.668 -0.833008 0.0265974 0.552514 2.53947 -0.3137 69.3831 3.37428 -28.8465 
34954751 -35.0125 -19.8934 179.234 -0.858605 -0.0376801 0.511251 -35.6232 -14.8672 174.494 -0.835045 0.0219708 0.549733 2.53545 -0.33151 69.8641 3.39209 -27.4241 
35018336 -35.0103 -19.9196 181.038 -0.860522 -0.0360821 0.508133 -35.7006 -15.1416 176.192 -0.836013 0.0202042 0.548205 2.53574 -0.345874 70.3499 3.40646 -26.035 
35081419 -35.0102 -19.8106 182.542 -0.86203 -0.0335853 0.505743 -35.6642 -15.3211 178 -0.837265 0.0207454 0.546373 2.5389 -0.356503 70.7436 3.41622 -24.8841 
35148136 -35.0157 -19.521 184.316 -0.863863 -0.0294744 0.502864 -35.7404 -15.2904 179.809 -0.838786 0.0224895 0.544024 2.54665 -0.367419 71.2246 3.4257 -23.5553 
35211844 -35.0066 -19.0573 186.044 -0.865505 -0.0246606 0.500293 -35.704 -15.2631 181.51 -0.840563 0.0244573 0.54106 2.55872 -0.376612 71.685 3.43317 -22.2694 
35276096 -35.0218 -18.3909 187.882 -0.867351 -0.0181304 0.497366 -35.679 -14.9086 182.972 -0.841967 0.0265727 0.538821 2.57481 -0.385805 72.1962 3.43949 -20.9232 
35340082 -35.0173 -17.5849 189.496 -0.868646 -0.00969068 0.495339 -35.7633 -14.675 184.659 -0.843145 0.030166 0.536905 2.59204 -0.395285 72.6089 3.4438 -19.7247 
35404639 -35.0133 -16.6048 191.045 -0.86957 0.0022669 0.493804 -35.7389 -14.3247 186.342 -0.844197 0.0333918 0.534876 2.60928 -0.408212 72.9788 3.44725 -18.5595 
35470138 -34.9893 -15.7212 192.256 -0.869756 0.0140743 0.493282 -35.7224 -14.0074 187.903 -0.844553 0.0398346 0.533972 2.62278 -0.420277 73.2011 3.44897 -17.5958 
35563669 -34.9875 -13.8046 194.35 -0.870753 0.031236 0.490728 -35.7139 -13.2704 189.894 -0.844235 0.0504538 0.533557 2.66185 -0.432917 73.7154 3.45012 -16.0004 
35675983 -34.9414 -11.1829 196.368 -0.873936 0.0292418 0.485161 -35.5957 -11.9145 192.328 -0.84429 0.0679838 0.531492 2.74717 -0.424012 74.4409 3.45874 -14.5764 
35765874 -34.9606 -9.19241 197.646 -0.875317 0.0323456 0.482467 -35.5643 -10.6263 194.015 -0.847623 0.0663287 0.526447 2.80778 -0.420277 74.7759 3.46305 -13.589 
35874448 -34.9504 -6.5707 198.731 -0.876569 0.0282482 0.480446 -35.6538 -8.97696 195.687 -0.850532 0.0616489 0.522213 2.9023 -0.406775 74.9632 3.47339 -12.7556 
35984141 -34.9615 -3.62318 199.537 -0.876469 0.0270482 0.480697 -35.8405 -7.51521 196.822 -0.855133 0.0393261 0.516892 3.00715 -0.39471 74.833 3.48488 -12.0936 
36172908 -35.5325 2.2751 199.712 -0.876623 0.0284205 0.480337 -36.3943 -3.85408 197.485 -0.860846 0.0305652 0.507917 -3.14016 -0.38839 73.3598 3.49321 -10.9109 
36315608 -35.1391 5.43185 199.147 -0.859917 0.040709 0.508808 -36.1809 0.107796 197.425 -0.855097 0.0733033 0.513279 -3.02467 -0.377186 69.2355 3.49465 -8.00576 
36559640 -35.0693 11.2763 196.449 -0.841168 0.0183303 0.540463 -34.803 5.42901 196.478 -0.83281 0.0664581 0.549593 -2.77015 -0.0853194 65.1604 3.28896 -6.7818 
36764392 -34.9538 15.577 192.517 -0.841413 0.022059 0.539942 -35.7963 10.426 193.384 -0.834838 0.0826479 0.544291 -2.636 0.11893 65.6826 3.11689 -10.7966 
36913084 -34.9702 17.7651 188.958 -0.841579 0.0198653 0.539768 -36.1874 12.9296 189.785 -0.837748 0.0783441 0.540413 -2.55815 0.227806 66.1224 3.02582 -14.5542 
37025551 -34.9053 18.9009 185.936 -0.841601 0.0194245 0.53975 -36.4531 14.051 187.299 -0.838227 0.0701633 0.540764 -2.5185 0.276642 66.2526 2.98503 -17.626 
37106373 -34.9242 19.4703 183.746 -0.842135 0.0180401 0.538965 -36.475 14.5846 185.18 -0.839535 0.0665542 0.539046 -2.49753 0.30106 66.3891 2.96578 -19.8882 
37170999 -34.9468 19.7627 181.761 -0.841499 0.0185369 0.539941 -36.7372 15.1962 183.258 -0.838916 0.0668376 0.54013 -2.48547 0.305369 66.1859 2.96406 -21.6789 
37235225 -34.9514 19.8446 180.054 -0.840689 0.0155358 0.541296 -36.6476 15.3979 181.358 -0.839361 0.0637664 0.539731 -2.47685 0.312263 66.0271 2.9632 -23.2601 
37307176 -34.9825 19.8035 177.82 -0.839808 0.00912584 0.542807 -36.765 15.1903 179.7 -0.840488 0.0570069 0.538829 -2.46823 0.322318 65.9001 2.9632 -25.4095 
37419062 -35.0379 19.3935 175.116 -0.841644 0.00606948 0.539998 -36.7858 14.9835 176.922 -0.841439 0.0470837 0.538256 -2.48346 0.321169 66.3811 2.96291 -28.5321 
37535751 -35.0255 18.5239 172.145 -0.843501 0.0014453 0.537126 -36.9526 15.3322 173.441 -0.840694 0.0472504 0.539464 -2.51391 0.313987 66.9701 2.96722 -32.0596 
37658291 -35.0255 16.9333 169.2 -0.845493 -0.00796188 0.533927 -37.0878 15.0836 170.015 -0.842387 0.0516602 0.536433 -2.56332 0.297038 67.6607 2.98302 -35.6918 
37768725 -35.0109 14.8006 166.564 -0.848757 -0.0179727 0.528477 -36.9719 14.5874 167.612 -0.845223 0.0500326 0.532114 -2.63025 0.272333 68.5814 3.00313 -39.2224 
37881260 -35.0057 12.4351 164.4 -0.853449 -0.0252989 0.520562 -37.1979 13.762 164.873 -0.847154 0.0462588 0.529187 -2.7058 0.244467 69.6133 3.02151 -42.3608 
37989898 -35.0125 9.92742 162.776 -0.858397 -0.0300403 0.512106 -37.2857 12.0779 162.83 -0.849554 0.0410032 0.525939 -2.78538 0.218326 70.5563 3.03473 -44.8866 
38084961 -34.9944 7.51558 161.6 -0.862171 -0.0321268 0.505598 -37.2575 10.3941 161.236 -0.851859 0.0372036 0.522284 -2.86351 0.195631 71.2484 3.04162 -46.7709 
38174047 -35.0206 5.45495 160.843 -0.864234 -0.0399479 0.501502 -36.8936 8.56817 160.078 -0.853501 0.0385699 0.51958 -2.92241 0.182417 71.7104 3.04967 -48.0139 
38260609 -35.032 2.65822 160.313 -0.867411 -0.0384029 0.496107 -36.8704 6.99605 159.241 -0.854472 0.0370506 0.518167 -3.02065 0.154839 72.3756 3.05139 -49.2474 
38374100 -35.0035 0.0744011 160.152 -0.868951 -0.0396426 0.493308 -37.0616 4.5917 158.427 -0.855033 0.0406701 0.516854 -3.10856 0.136741 72.8677 3.05053 -49.984 
38481448 -35.0644 -3.28859 160.234 -0.869341 -0.0276048 0.493442 -37.0214 2.59656 158.063 -0.856685 0.0499556 0.513446 3.09649 0.124388 72.2755 3.05139 -49.2808 
38593680 -35.1111 -6.28664 161.01 -0.864508 -0.0358191 0.501341 -36.7881 0.795848 158.533 -0.854334 0.0653166 0.515564 2.99824 0.108876 70.7674 3.05196 -47.2662 
38708709 -35.0728 -9.01038 162.215 -0.858709 -0.035368 0.511242 -36.6315 -3.83642 159.454 -0.849435 0.0263767 0.526947 2.89942 0.0698068 69.1101 3.06547 -44.7151 
38819745 -35.0602 -11.8776 163.999 -0.853155 -0.034295 0.520529 -35.9827 -5.97394 160.844 -0.841712 0.0336583 0.538747 2.79687 0.00114908 67.7019 3.1054 -41.6639 
38929365 -35.0516 -14.0548 165.905 -0.850284 -0.0321982 0.525338 -35.8683 -8.0625 162.384 -0.836381 0.0350676 0.547072 2.71873 -0.073254 67.2051 3.15596 -39.1827 
39040365 -35.0205 -16.0747 168.225 -0.849485 -0.0328204 0.526591 -35.7386 -9.94934 164.501 -0.832366 0.0404145 0.55274 2.64979 -0.148519 67.2924 3.21571 -36.7125 
39155297 -35.062 -17.9243 171.014 -0.850459 -0.0342187 0.524926 -35.8075 -11.4712 166.876 -0.831288 0.0427864 0.554006 2.58659 -0.222348 67.7004 3.28006 -34.017 
39234194 -35.062 -18.8357 173.049 -0.851806 -0.0345758 0.522715 -35.7822 -12.3184 168.779 -0.830054 0.0434686 0.555927 2.55613 -0.264864 68.1163 3.31913 -32.2199 
39299811 -35.0436 -19.2254 174.729 -0.853942 -0.0382963 0.518957 -35.7445 -13.116 170.368 -0.830581 0.0378333 0.555598 2.55125 -0.281525 68.6513 3.34125 -30.9531 
39367735 -35.0327 -19.6013 176.658 -0.856005 -0.0393503 0.515468 -35.7005 -13.89 171.856 -0.831932 0.0293453 0.554136 2.54321 -0.303358 69.1831 3.3648 -29.4386 
39433657 -35.0231 -19.8221 178.313 -0.857695 -0.0388271 0.51269 -35.6435 -14.5598 173.696 -0.834435 0.0226137 0.550563 2.53775 -0.321169 69.6197 3.38261 -28.1368 
39501942 -35.0117 -19.9372 180.383 -0.859761 -0.0374485 0.509322 -35.7113 -15.0442 175.628 -0.835763 0.020096 0.548572 2.53574 -0.339267 70.153 3.40071 -26.5176 
39567599 -35.0094 -19.8543 182.327 -0.861761 -0.0348614 0.506115 -35.6759 -15.106 177.324 -0.837248 0.0196473 0.546403 2.53861 -0.353343 70.6674 3.41421 -25.0269 
39639177 -35.0168 -19.5305 184.369 -0.863868 -0.0299362 0.502828 -35.634 -15.1774 179.252 -0.839135 0.0208811 0.543461 2.54694 -0.366557 71.2214 3.42542 -23.4982 
39704787 -35.012 -19.0866 185.977 -0.865415 -0.0250945 0.500428 -35.6004 -15.2642 180.948 -0.840417 0.0231237 0.541339 2.55815 -0.375463 71.6548 3.43231 -22.306 
39779221 -35.0232 -18.4215 187.808 -0.867228 -0.0185785 0.497564 -35.7948 -15.0229 182.858 -0.841466 0.0263562 0.539554 2.57423 -0.384656 72.1612 3.43863 -20.9645 
39847110 -35.0153 -17.5118 189.66 -0.868707 -0.00911918 0.495242 -35.766 -14.5617 184.764 -0.842899 0.0303018 0.537265 2.59377 -0.395572 72.6327 3.4438 -19.5866 
39910852 -35.018 -16.6477 190.991 -0.869548 0.00117607 0.493847 -35.8521 -14.2131 186.45 -0.844074 0.0335224 0.535115 2.60928 -0.406201 72.9582 3.44639 -18.5912 
39974095 -34.9933 -15.6684 192.322 -0.869774 0.0140535 0.49325 -35.837 -13.8908 187.899 -0.844416 0.0391111 0.534234 2.62451 -0.419128 73.2042 3.44811 -17.5339 
40070375 -34.9866 -13.7744 194.382 -0.870701 0.0310919 0.490829 -35.7136 -13.0389 190.114 -0.844356 0.0502012 0.533321 2.663 -0.432055 73.7043 3.44955 -15.9607 
40183323 -34.9457 -11.24 196.337 -0.873844 0.0293954 0.485316 -35.7089 -11.8017 192.435 -0.844165 0.0679924 0.531734 2.74516 -0.423724 74.4202 3.45788 -14.5907 
40272606 -34.9466 -9.07472 197.677 -0.875473 0.0295555 0.482363 -35.6858 -10.518 194.001 -0.846754 0.0665006 0.527776 2.81554 -0.41683 74.779 3.4642 -13.562 
40379382 -34.9489 -6.24256 198.858 -0.876535 0.0284692 0.480495 -35.6543 -8.96296 195.575 -0.850625 0.0598169 0.522264 2.91321 -0.405052 74.9521 3.47368 -12.6413 
40488782 -34.9606 -3.29668 199.611 -0.876288 0.0273346 0.481012 -35.7317 -7.55103 196.819 -0.854829 0.0433648 0.517023 3.01835 -0.392699 74.7822 3.48488 -12.0126 
40676758 -35.5301 2.32818 199.707 -0.876445 0.0289474 0.480631 -36.3917 -3.94631 197.488 -0.860936 0.0284858 0.507853 -3.13872 -0.387528 73.3138 3.49206 -10.876 
40823470 -35.1437 5.49137 199.128 -0.8597 0.0406891 0.509176 -36.2839 0.00398259 197.44 -0.855829 0.0722825 0.512094 -3.02209 -0.375176 69.1704 3.49321 -7.96607 
41059588 -35.0618 11.3075 196.433 -0.84085 0.0184619 0.540954 -34.6854 5.2096 196.597 -0.832937 0.0665716 0.549348 -2.76872 -0.0864685 65.0842 3.2904 -6.73576 
41246562 -34.9505 15.2188 192.976 -0.841253 0.0220152 0.540194 -35.7918 10.0995 193.612 -0.834462 0.0824229 0.544782 -2.64777 0.0999702 65.5588 3.13355 -10.2679 
41408635 -34.9707 17.8317 188.892 -0.841511 0.0200642 0.539867 -36.3047 12.8093 189.999 -0.836654 0.0797433 0.541828 -2.55585 0.229529 66.1049 3.02439 -14.6002 
41517683 -34.9199 18.8263 186.257 -0.841823 0.0190644 0.539417 -36.3371 13.9352 187.415 -0.838368 0.0711308 0.540495 -2.52109 0.275205 66.3018 2.98618 -17.3482 
41601115 -34.9269 19.4227 183.961 -0.842239 0.0181024 0.5388 -36.472 14.4805 185.293 -0.839524 0.0660728 0.539303 -2.49954 0.299623 66.4129 2.96664 -19.6945 
41666532 -34.9352 19.7339 181.837 -0.841454 0.0187947 0.540002 -36.7253 14.9949 183.604 -0.83939 0.0654713 0.539562 -2.4869 0.30422 66.1827 2.96463 -21.6043 
41731510 -34.9574 19.8414 180.129 -0.840709 0.0157338 0.541258 -36.5187 15.1842 181.932 -0.840121 0.0645759 0.538496 -2.47714 0.311401 66.0224 2.96377 -23.1791 
41815015 -34.9859 19.8272 178.048 -0.839847 0.00986082 0.542734 -36.6485 15.0868 179.598 -0.84097 0.056 0.538007 -2.46823 0.321169 65.8906 2.96348 -25.1682 
41925048 -35.0353 19.3712 174.941 -0.842055 0.00694835 0.539348 -36.7923 14.9976 176.69 -0.841027 0.0449165 0.539165 -2.48633 0.32002 66.4701 2.96205 -28.7782 
42036613 -35.0131 18.4985 172.071 -0.84352 0.00144618 0.537096 -36.8342 15.2241 173.67 -0.84095 0.0477246 0.539087 -2.51506 0.313987 66.9876 2.96693 -32.1532 
42144065 -35.0213 16.9772 169.25 -0.845425 -0.00792504 0.534035 -37.0908 15.2073 170.669 -0.841405 0.0523221 0.537746 -2.56188 0.298187 67.648 2.98216 -35.6298 
42252858 -35.0164 15.2198 167.022 -0.848004 -0.016615 0.529729 -37.2053 14.5949 167.818 -0.843846 0.0495 0.534189 -2.61646 0.278078 68.3973 2.99911 -38.5889 
42363931 -35.0085 12.9094 164.799 -0.852439 -0.0246126 0.522247 -37.194 13.874 165.427 -0.847056 0.0478501 0.529265 -2.69 0.251075 69.418 3.01778 -41.7766 
42476384 -35.016 10.2789 162.952 -0.857804 -0.0295694 0.513125 -37.2893 12.1972 163.154 -0.848935 0.041158 0.526783 -2.77417 0.22206 70.4483 3.033 -44.6024 
42585020 -34.9864 7.75094 161.69 -0.861796 -0.0321029 0.506238 -37.2547 10.2837 161.239 -0.85198 0.0370797 0.522289 -2.85576 0.198217 71.1833 3.04076 -46.6153 
42676219 -35.0093 5.05723 160.763 -0.865312 -0.0338893 0.500086 -37.1263 8.79199 160.065 -0.85287 0.0381213 0.520684 -2.94424 0.173799 71.866 3.04593 -48.2505 
42754089 -35.0391 2.97371 160.336 -0.867387 -0.0374458 0.496223 -37.1076 7.30478 159.332 -0.853397 0.0397952 0.519667 -3.01117 0.159148 72.3501 3.04823 -49.1871 
42852465 -35.0443 0.370329 160.127 -0.869054 -0.0431943 0.492827 -36.9598 5.14624 158.519 -0.854798 0.0415379 0.517194 -3.09362 0.144497 72.874 3.05024 -49.9793 
42958691 -35.0388 -2.87902 160.163 -0.869757 -0.025776 0.492806 -37.1364 3.03456 158.159 -0.856747 0.0389875 0.514356 3.10913 0.126112 72.4295 3.05082 -49.484 
43068837 -35.1178 -5.71348 160.809 -0.865661 -0.0355714 0.499365 -37.0334 1.8154 158.401 -0.854005 0.0749498 0.514809 3.01864 0.114621 71.1135 3.0511 -47.7425 
43180487 -35.0654 -8.32426 161.866 -0.860032 -0.0356201 0.508995 -36.7325 -3.07083 159.253 -0.85219 0.0271879 0.522439 2.92413 0.0824467 69.4879 3.05943 -45.3819 
43289520 -35.0564 -11.143 163.473 -0.854414 -0.0349369 0.518418 -36.2038 -5.08516 160.299 -0.844174 0.032053 0.535034 2.8233 0.0229817 67.9893 3.09161 -42.4656 
43396947 -35.0473 -13.3034 165.191 -0.850901 -0.0330181 0.524288 -35.9786 -7.62025 161.948 -0.837858 0.0340055 0.544798 2.74545 -0.0453888 67.2702 3.13613 -40.0161 
43506326 -35.025 -15.5969 167.61 -0.849419 -0.0324281 0.526722 -35.6299 -9.50032 163.725 -0.833818 0.0380169 0.550747 2.66559 -0.129846 67.2082 3.19991 -37.3142 
43620402 -35.0514 -17.2349 169.882 -0.849863 -0.0334372 0.525942 -35.7066 -11.0386 166.088 -0.831897 0.0421468 0.553298 2.60985 -0.19362 67.4988 3.2542 -35.0726 
43713823 -35.0776 -18.6375 172.46 -0.851364 -0.0350938 0.5234 -35.9036 -12.0069 168.108 -0.830433 0.0438123 0.555311 2.56303 -0.252511 67.9671 3.30792 -32.7025 
43777997 -35.0433 -19.1217 174.22 -0.853218 -0.0380721 0.520162 -35.7651 -12.7316 169.462 -0.830276 0.041872 0.555729 2.55326 -0.274631 68.4655 3.33378 -31.3134 
43843327 -35.0364 -19.5063 176.027 -0.855285 -0.0395922 0.516642 -35.7192 -13.6108 171.064 -0.831497 0.0330232 0.554397 2.54551 -0.295314 68.991 3.35676 -29.9133 
43908472 -35.0212 -19.7795 177.838 -0.857116 -0.0395642 0.513601 -35.5545 -14.5016 172.675 -0.833487 0.025597 0.551936 2.53919 -0.315136 69.4704 3.37715 -28.4877 
43975279 -35.0078 -19.9251 179.491 -0.858752 -0.0387144 0.510927 -35.6172 -14.8443 174.831 -0.83527 0.0204929 0.54941 2.53603 -0.330936 69.8959 3.39295 -27.1891 
44038566 -35.012 -19.9507 181.3 -0.86069 -0.0371199 0.507774 -35.6921 -15.1266 176.533 -0.8365 0.0195666 0.547496 2.53631 -0.345012 70.3817 3.40703 -25.7937 
44102711 -35.0018 -19.7673 183.075 -0.862373 -0.0334651 0.505166 -35.6551 -15.1943 178.343 -0.838002 0.0200907 0.545179 2.54091 -0.357939 70.8373 3.41823 -24.438 
44165863 -35.0192 -19.4158 184.847 -0.864285 -0.0288405 0.502175 -35.7391 -15.1703 179.7 -0.839264 0.0212419 0.543331 2.5501 -0.368281 71.3341 3.42685 -23.1283 
44229136 -35.0143 -18.8883 186.577 -0.865969 -0.0233246 0.499553 -35.7059 -15.1425 181.505 -0.840546 0.0234845 0.541209 2.56332 -0.377761 71.8088 3.43403 -21.8551 
44294826 -35.0197 -18.2273 188.244 -0.867532 -0.0170589 0.497089 -35.6765 -14.9078 183.085 -0.842094 0.0268115 0.538694 2.57912 -0.385805 72.2565 3.43921 -20.6264 
44358570 -35.0186 -17.4074 189.845 -0.868826 -0.00839146 0.495047 -35.8783 -14.6758 184.657 -0.842773 0.0300596 0.53727 2.59635 -0.395572 72.6692 3.44351 -19.4389 
44421281 -35.0126 -16.3823 191.378 -0.869675 0.0041183 0.493608 -35.853 -14.3187 186.339 -0.843934 0.0325549 0.535384 2.61416 -0.408786 73.0312 3.44667 -18.2832 
44486729 -34.999 -15.2987 192.805 -0.869876 0.0187095 0.492915 -35.7244 -13.8822 187.9 -0.84453 0.0383705 0.534011 2.63025 -0.42315 73.2963 3.44811 -17.1466 
44593280 -34.9605 -13.1313 194.903 -0.871358 0.0317003 0.489622 -35.7098 -13.0482 190.23 -0.844628 0.0515262 0.532799 2.68253 -0.430619 73.8789 3.45098 -15.5893 
44704191 -34.9405 -10.7485 196.666 -0.874253 0.0290312 0.484601 -35.5868 -11.6856 192.78 -0.84505 0.0686679 0.530139 2.76153 -0.421426 74.5092 3.45903 -14.3335 
44810242 -34.9317 -8.38858 198.004 -0.875967 0.0265979 0.481637 -35.5553 -10.0367 194.574 -0.848838 0.0645516 0.524678 2.84254 -0.411372 74.8457 3.46736 -13.3048 
44921938 -34.9643 -5.28348 199.169 -0.876763 0.0268335 0.480174 -35.7518 -8.56152 196.03 -0.85214 0.0537605 0.520493 2.94912 -0.399019 74.9505 3.47712 -12.3984 
