10103 20.7392 -6.91122 186.582 -0.578869 -0.0589045 0.81329 19.1862 -4.76833 184.389 -0.558076 0.0171475 0.829544 20.6143 0.413636 184.797 -0.593786 0.0793459 0.800702 1.46302 -2.51816 67.6763 5.53287 -25.9189 -8.16343 -14.0575 0 1.30595 -1.24048 -5.24716 0 1 0.074248 1 
190800 20.6262 -3.42915 185.645 -0.567706 0.0114313 0.823152 19.4373 -3.07304 183.735 -0.552181 0.0372386 0.832858 21.2756 1.14311 185.098 -0.592693 0.0828416 0.801157 1.41473 -2.59975 67.6421 5.55606 -25.3805 -7.99387 -13.8987 0 1.26558 -1.19679 -5.14551 0 1 0.0854887 1 
393761 20.9992 -0.760774 185.251 -0.560992 0.0539056 0.826064 19.9929 -0.305107 183.268 -0.544434 0.0751582 0.835325 22.0005 1.97256 185.426 -0.591293 0.0864431 0.801811 1.34908 -2.65768 68.5486 5.62105 -25.3639 -7.98864 -13.608 0 1.15245 -1.19564 -5.15781 0 1 0.0800889 1 
617172 21.6983 1.03138 185.331 -0.555392 0.0698647 0.828649 20.1826 1.66699 183.31 -0.543388 0.0796973 0.835532 23.0769 3.40468 185.983 -0.589736 0.0920391 0.802335 1.25033 -2.72198 69.8565 5.7212 -25.3769 -7.99274 -13.2001 0 0.97814 -1.19808 -5.2202 0 1 0.0763728 1 
864054 22.958 3.72033 185.777 -0.551148 0.079266 0.830634 21.5991 7.24193 183.699 -0.535453 0.155956 0.830021 24.3024 5.51597 186.766 -0.588916 0.099262 0.802076 1.13797 -2.79282 70.7071 5.80651 -24.8751 -7.83469 -12.7742 0 0.829658 -1.15099 -5.24539 0 1 0.0818446 1 
1064032 23.8245 5.59911 186.365 -0.549901 0.0943373 0.829885 22.7945 8.57375 184.307 -0.533062 0.160646 0.830577 24.8613 7.1151 187.366 -0.589603 0.101923 0.801237 1.08444 -2.84047 71.0181 5.83744 -24.3336 -7.66414 -12.5057 0 0.775827 -1.11166 -5.21628 0 1 0.0777873 1 
1256156 24.4944 7.2211 186.934 -0.551918 0.106477 0.827073 23.8847 9.5642 185.04 -0.530807 0.166305 0.83098 24.9068 8.83631 187.872 -0.591589 0.109546 0.798763 1.04406 -2.87861 71.9302 5.89095 -24.3849 -7.6803 -12.2345 0 0.682699 -1.1345 -5.24304 0 1 0.0573858 1 
1408474 24.7163 8.33114 187.319 -0.55375 0.117891 0.824296 24.4418 10.5616 185.459 -0.531587 0.16931 0.82979 24.5346 10.2746 188.188 -0.594087 0.118561 0.795615 1.05315 -2.91386 72.6677 5.89587 -24.2794 -7.64707 -11.969 0 0.674135 -1.15889 -5.19024 0 1 0.0696263 1 
1537451 24.699 9.27955 187.629 -0.555754 0.127007 0.821588 24.6765 11.3975 185.9 -0.533543 0.177256 0.826983 23.9913 11.4605 188.392 -0.596566 0.127055 0.792443 1.06271 -2.92652 73.3358 5.92041 -24.3219 -7.66045 -11.772 0 0.631413 -1.21825 -5.21093 0 1 0.0700424 1 
1668478 24.3437 10.5371 187.935 -0.560059 0.135543 0.817289 24.4911 12.5874 186.351 -0.538781 0.182536 0.822341 23.29 12.6219 188.544 -0.59911 0.13647 0.788951 1.08288 -2.93618 73.9326 5.9397 -24.3916 -7.6824 -11.606 0 0.597838 -1.28693 -5.22768 0 1 0.0858449 1 
1811726 23.7753 11.9038 188.242 -0.566172 0.142107 0.811945 23.9942 14.2002 186.816 -0.547123 0.18989 0.815096 22.4342 13.84 188.67 -0.601623 0.147306 0.78508 1.10884 -2.95323 74.6816 5.94949 -24.6489 -7.76344 -11.4511 0 0.580807 -1.34916 -5.21505 0 1 0.0237603 1 
1994631 22.8415 13.5828 188.489 -0.574525 0.150843 0.804467 23.1732 16.0438 187.284 -0.556922 0.195979 0.807052 21.2914 15.3648 188.815 -0.604414 0.162685 0.779883 1.14958 -2.96557 75.1495 5.96347 -24.7272 -7.7881 -11.3284 0 0.556473 -1.44439 -5.2179 0 1 0.0143576 1 
2183296 21.7296 15.2651 188.671 -0.584267 0.158154 0.796002 22.0242 18.1809 187.541 -0.568125 0.205278 0.79684 20.1358 16.8288 188.969 -0.606782 0.178656 0.774531 1.1899 -2.97902 75.809 5.97164 -24.9752 -7.86619 -11.1988 0 0.542243 -1.52879 -5.20871 0 1 0.0118962 1 
2329559 20.8655 16.5754 188.813 -0.591537 0.162977 0.789634 21.1918 19.6663 187.686 -0.576599 0.212725 0.788738 19.3424 17.6683 189.176 -0.608638 0.185837 0.771378 1.21577 -2.97765 76.4082 5.98216 -25.1388 -7.91772 -11.0616 0 0.523937 -1.59213 -5.22941 0 1 0.0857889 1 
2466626 20.0761 17.5297 188.985 -0.597932 0.165302 0.784316 20.2484 20.8324 187.837 -0.584677 0.218367 0.781303 18.7619 18.2543 189.465 -0.610243 0.189875 0.769123 1.23747 -2.97997 77.0456 5.98024 -25.2136 -7.94128 -10.8844 0 0.527289 -1.62654 -5.22201 0 1 0.0570074 1 
2598730 19.4418 18.1926 189.234 -0.603378 0.167121 0.779747 19.5339 21.8045 188.102 -0.592969 0.22157 0.774072 18.3165 18.6556 189.817 -0.611677 0.192159 0.767415 1.25579 -2.97827 77.715 5.97586 -25.2315 -7.94694 -10.6792 0 0.534912 -1.65081 -5.21736 0 1 0.0411292 1 
2729496 18.9183 18.739 189.566 -0.608527 0.168712 0.775391 18.712 22.3463 188.602 -0.600875 0.223695 0.767361 17.9502 18.9373 190.258 -0.612989 0.193038 0.766146 1.27049 -2.97392 78.4474 5.97135 -25.1975 -7.93621 -10.4378 0 0.542755 -1.66855 -5.21709 0 1 0.0332478 1 
2865833 18.4258 19.177 189.977 -0.613914 0.169845 0.770884 18.0086 22.7906 189.105 -0.609378 0.224463 0.760456 17.6402 19.1072 190.797 -0.61437 0.192693 0.765126 1.28343 -2.96769 79.2108 5.96578 -25.0933 -7.90341 -10.1646 0 0.552457 -1.68137 -5.21821 0 1 0.0319984 1 
2998285 18.0375 19.424 190.409 -0.618992 0.170053 0.766767 17.4057 23.0262 189.602 -0.616385 0.223829 0.754926 17.3778 19.252 191.367 -0.615603 0.192999 0.764058 1.29646 -2.96091 79.9859 5.95732 -24.9744 -7.86594 -9.88299 0 0.567166 -1.68935 -5.21531 0 1 0.0312932 1 
3130308 17.6621 19.518 190.926 -0.624269 0.169575 0.762583 16.8145 23.0519 190.335 -0.624123 0.222556 0.748813 17.1368 19.4235 191.953 -0.616667 0.194565 0.762802 1.31131 -2.95528 80.6588 5.94524 -24.8115 -7.81465 -9.61976 0 0.588208 -1.69416 -5.20407 0 1 0.0321693 1 
3257225 17.3295 19.6315 191.514 -0.629576 0.17157 0.757759 16.3215 22.9578 191.061 -0.630275 0.222314 0.743751 16.9291 19.6135 192.497 -0.617469 0.197252 0.761461 1.32348 -2.95241 81.2057 5.93335 -24.6557 -7.76557 -9.39841 0 0.608887 -1.69466 -5.1884 0 1 0.0322748 1 
3389642 17.0368 19.7702 192.096 -0.634424 0.175738 0.752743 15.8198 22.8409 191.786 -0.63548 0.224528 0.738721 16.7078 19.86 193.023 -0.618037 0.201191 0.759969 1.33482 -2.95223 81.6861 5.92187 -24.5138 -7.72089 -9.20244 0 0.628873 -1.69441 -5.16872 0 1 0.0342917 1 
3519874 16.7784 19.9161 192.635 -0.638408 0.181908 0.747894 15.5275 22.8207 192.39 -0.639478 0.228236 0.734119 16.4883 20.1463 193.497 -0.6184 0.206006 0.758382 1.34473 -2.95533 82.045 5.9118 -24.3633 -7.67349 -9.04199 0 0.64641 -1.69411 -5.14579 0 1 0.0378409 1 
3653311 16.5225 20.1027 193.154 -0.641862 0.189492 0.743038 15.3322 22.889 192.874 -0.642156 0.234173 0.729919 16.275 20.4618 193.94 -0.618558 0.211604 0.75671 1.35662 -2.95965 82.2721 5.90089 -24.184 -7.617 -8.91398 0 0.665397 -1.69582 -5.11928 0 1 0.043485 1 
3787022 16.299 20.3454 193.583 -0.644456 0.197723 0.738635 15.0127 23.0455 193.244 -0.643758 0.242079 0.725766 16.0755 20.8033 194.32 -0.618525 0.217715 0.755002 1.36755 -2.96523 82.4163 5.89194 -23.9963 -7.55789 -8.80944 0 0.680973 -1.69928 -5.09399 0 1 0.0486309 1 
3912989 16.0893 20.6557 193.975 -0.646318 0.206508 0.734593 14.9029 23.1906 193.602 -0.643905 0.251498 0.722527 15.8958 21.1579 194.624 -0.618268 0.224 0.753371 1.37741 -2.97126 82.4327 5.88582 -23.788 -7.49227 -8.73865 0 0.691619 -1.70578 -5.07285 0 1 0.0531187 1 
4038282 15.9156 20.9364 194.29 -0.647348 0.214539 0.731378 14.7919 23.3457 193.847 -0.644031 0.259462 0.71958 15.7398 21.4773 194.876 -0.617913 0.229361 0.752049 1.38635 -2.97678 82.3464 5.88178 -23.5403 -7.41428 -8.68785 0 0.698655 -1.71431 -5.0562 0 1 0.0562319 1 
4169764 15.774 21.2153 194.568 -0.647696 0.221617 0.728955 14.6793 23.5242 194.082 -0.643995 0.264893 0.717569 15.6039 21.7404 195.104 -0.617576 0.233535 0.751041 1.3936 -2.98123 82.1518 5.88071 -23.2257 -7.31519 -8.65004 0 0.700514 -1.72508 -5.04659 0 1 0.0564563 1 
4297414 15.6401 21.4482 194.797 -0.647959 0.225971 0.727384 14.5759 23.4177 194.314 -0.644488 0.264997 0.717204 15.4934 21.9366 195.297 -0.617258 0.236386 0.75041 1.40026 -2.98521 81.9368 5.87986 -22.9211 -7.21923 -8.62181 0 0.701998 -1.73518 -5.03819 0 1 0.0566079 1 
4426923 15.5335 21.6638 195.006 -0.647757 0.229087 0.726587 14.3665 23.2155 194.661 -0.645329 0.263633 0.716891 15.4148 22.0665 195.468 -0.617042 0.238274 0.74999 1.40414 -2.9894 81.6943 5.8809 -22.6111 -7.1216 -8.60056 0 0.700187 -1.74374 -5.03271 0 1 0.0559977 1 
4560179 15.412 21.8621 195.225 -0.647801 0.23138 0.725822 14.3528 23.6928 194.891 -0.644372 0.273082 0.714129 15.345 22.1534 195.611 -0.616893 0.239476 0.749729 1.40847 -2.99257 81.3988 5.88204 -22.3082 -7.02621 -8.59824 0 0.698208 -1.75326 -5.02917 0 1 0.0535399 1 
4689705 15.3319 22.0394 195.377 -0.647149 0.234186 0.725503 14.3015 24.8402 194.779 -0.640756 0.293252 0.709523 15.2854 22.2124 195.722 -0.616804 0.240105 0.749602 1.41167 -2.99243 81.1001 5.88473 -21.9897 -6.92589 -8.59201 0 0.693516 -1.76352 -5.0341 0 1 0.0506582 1 
4825826 15.3051 22.1383 195.516 -0.645742 0.236197 0.726105 14.2833 25.1249 194.776 -0.639243 0.298615 0.708599 15.2354 22.253 195.818 -0.616838 0.240335 0.7495 1.41519 -2.99051 80.7794 5.88708 -21.6486 -6.81847 -8.5856 0 0.689426 -1.77373 -5.04153 0 1 0.0480859 1 
4961991 15.2489 22.2492 195.644 -0.644613 0.238157 0.726468 14.1602 25.2215 194.883 -0.638041 0.300472 0.708893 15.1914 22.2613 195.905 -0.616956 0.240268 0.749424 1.41895 -2.98812 80.4671 5.88858 -21.3224 -6.71571 -8.5812 0 0.686826 -1.78289 -5.04829 0 1 0.0442194 1 
5089552 15.1948 22.2827 195.729 -0.64389 0.237757 0.72724 14.1487 25.3215 194.875 -0.636953 0.301721 0.70933 15.1547 22.2521 195.974 -0.617103 0.240023 0.749382 1.42369 -2.98505 80.2231 5.88789 -21.0488 -6.62953 -8.57185 0 0.688011 -1.78994 -5.05245 0 1 0.0419262 1 
5222853 15.1551 22.3179 195.812 -0.643061 0.237317 0.728116 14.1429 25.326 194.981 -0.636214 0.301628 0.709937 15.126 22.2293 196.035 -0.617283 0.239609 0.749366 1.4268 -2.98201 79.9886 5.88858 -20.7794 -6.54469 -8.56086 0 0.686817 -1.79656 -5.05895 0 1 0.039496 1 
5349226 15.1188 22.3144 195.866 -0.642568 0.235738 0.729063 14.024 25.4463 195.081 -0.635463 0.300937 0.710929 15.0847 22.195 196.101 -0.617477 0.23913 0.749359 1.43045 -2.97815 79.8296 5.88855 -20.5447 -6.47078 -8.53705 0 0.686878 -1.80284 -5.0656 0 1 0.0382563 1 
5482753 15.073 22.2832 195.931 -0.64226 0.234065 0.729874 14.018 25.4631 195.179 -0.634699 0.299526 0.712312 15.0413 22.1593 196.161 -0.617705 0.238586 0.749344 1.4353 -2.974 79.6764 5.88693 -20.3274 -6.40234 -8.51687 0 0.68969 -1.80847 -5.07001 0 1 0.0369136 1 
5616240 15.0409 22.245 196.005 -0.641828 0.23248 0.73076 13.9096 25.3752 195.288 -0.634785 0.29723 0.713121 15.0078 22.1231 196.211 -0.617926 0.238014 0.749344 1.4392 -2.97025 79.525 5.88568 -20.1255 -6.33875 -8.50097 0 0.691874 -1.81309 -5.07436 0 1 0.035118 1 
5748825 15.0289 22.1976 196.059 -0.641346 0.231107 0.731618 13.9129 25.2864 195.396 -0.634875 0.295179 0.713922 14.9777 22.0876 196.232 -0.618027 0.237482 0.74943 1.44184 -2.96697 79.3986 5.88518 -19.963 -6.28755 -8.48958 0 0.692738 -1.81681 -5.07919 0 1 0.0341527 1 
5876466 14.9718 22.1855 196.088 -0.641066 0.229893 0.732246 13.7999 25.3043 195.5 -0.634601 0.293502 0.714829 14.9523 22.0561 196.182 -0.617745 0.237016 0.749809 1.44455 -2.96404 79.2094 5.88406 -19.843 -6.24977 -8.51137 0 0.694687 -1.81958 -5.08234 0 1 0.0326779 1 
6000160 14.9481 22.1617 196.076 -0.640641 0.229043 0.732883 13.8 25.2005 195.499 -0.634464 0.292666 0.715344 14.941 22.0372 196.054 -0.61713 0.236575 0.750455 1.44666 -2.9619 78.9915 5.88404 -19.7958 -6.2349 -8.56514 0 0.694711 -1.82322 -5.08604 0 1 0.0319114 1 
6141236 14.9399 22.1375 195.992 -0.639682 0.228229 0.733974 13.7988 25.1068 195.493 -0.634186 0.290749 0.716381 14.9167 22.0445 195.827 -0.616065 0.235913 0.751537 1.44973 -2.9599 78.6413 5.885 -19.7831 -6.23088 -8.67141 0 0.693041 -1.83025 -5.09119 0 1 0.031461 1 
6280949 14.9022 22.1437 195.821 -0.638567 0.227528 0.735162 13.7918 25.0128 195.483 -0.633293 0.288855 0.717901 14.9061 22.068 195.511 -0.61479 0.235232 0.752794 1.45386 -2.95851 78.1979 5.88507 -19.8193 -6.24229 -8.82246 0 0.692921 -1.83754 -5.09374 0 1 0.0294093 1 
6409113 14.8598 22.1651 195.601 -0.637327 0.227305 0.736306 13.7804 25.0152 195.248 -0.632291 0.287809 0.719147 14.9024 22.1247 195.131 -0.613501 0.23451 0.75407 1.45763 -2.95854 77.7301 5.88537 -19.9089 -6.27051 -8.99803 0 0.692399 -1.84463 -5.0942 0 1 0.0264793 1 
6540677 14.8773 22.1769 195.277 -0.634827 0.22788 0.738286 13.7589 24.999 194.899 -0.630329 0.288373 0.720697 14.896 22.2104 194.656 -0.612122 0.233635 0.755461 1.46089 -2.95939 77.1416 5.88752 -20.0195 -6.30536 -9.21825 0 0.688662 -1.85404 -5.09646 0 1 0.0225401 1 
6673998 14.8759 22.2129 194.827 -0.631977 0.228489 0.740539 13.8328 25.0937 194.421 -0.626886 0.288754 0.723583 14.8917 22.318 194.108 -0.610793 0.232625 0.756847 1.46505 -2.96068 76.5097 5.88867 -20.1461 -6.34522 -9.45712 0 0.686665 -1.86329 -5.09621 0 1 0.0183891 1 
6811726 14.8811 22.2849 194.262 -0.628861 0.230082 0.742695 13.9049 25.0594 193.727 -0.623338 0.290223 0.726065 14.8757 22.4644 193.462 -0.609556 0.231285 0.758254 1.46842 -2.96316 75.8937 5.89114 -20.3704 -6.41588 -9.72182 0 0.682355 -1.87346 -5.09621 0 1 0.0149593 1 
6948093 14.8681 22.429 193.666 -0.626137 0.23181 0.744457 13.9788 25.2476 193.143 -0.620168 0.292159 0.728047 14.8397 22.6295 192.822 -0.608882 0.22976 0.759258 1.46937 -2.96632 75.4025 5.89627 -20.634 -6.49888 -9.95952 0 0.673434 -1.88404 -5.09963 0 1 0.0127297 1 
7081838 14.8379 22.5577 193.032 -0.623567 0.233046 0.746227 13.9389 25.4318 192.448 -0.616873 0.293975 0.730032 14.7653 22.8131 192.185 -0.608649 0.228135 0.759935 1.4721 -2.96885 74.9479 5.90098 -20.8911 -6.57988 -10.1837 0 0.665229 -1.89699 -5.10343 0 1 0.0111619 1 
7213377 14.8056 22.7108 192.376 -0.62076 0.234762 0.748027 14.0233 25.52 191.871 -0.614668 0.294663 0.731576 14.6982 23.0169 191.563 -0.608871 0.226522 0.760239 1.47512 -2.97178 74.4815 5.90547 -21.1149 -6.65037 -10.4011 0 0.657412 -1.91006 -5.10616 0 1 0.0105637 1 
7348578 14.7519 22.9154 191.753 -0.618321 0.236919 0.749366 14.1031 25.601 191.18 -0.6121 0.29573 0.733348 14.6398 23.2435 190.919 -0.609325 0.224855 0.76037 1.47754 -2.97558 74.0066 5.91098 -21.3488 -6.72403 -10.6243 0 0.64783 -1.92386 -5.10911 0 1 0.0117538 1 
7485679 14.6887 23.1164 191.089 -0.6161 0.23824 0.750775 14.0712 25.789 190.491 -0.609661 0.29715 0.734744 14.5927 23.4618 190.268 -0.609927 0.223266 0.760356 1.47905 -2.97947 73.5592 5.91701 -21.5994 -6.80298 -10.8442 0 0.637331 -1.93698 -5.11285 0 1 0.0128782 1 
7616644 14.6462 23.335 190.48 -0.614004 0.239743 0.752012 14.0447 26.0923 189.913 -0.607837 0.298546 0.735657 14.5404 23.6833 189.653 -0.610503 0.222214 0.760202 1.47907 -2.98348 73.176 5.92445 -21.8585 -6.88458 -11.0465 0 0.624383 -1.94997 -5.11882 0 1 0.0137722 1 
7753996 14.6023 23.5708 189.842 -0.611703 0.24107 0.753461 14.0124 26.3941 189.219 -0.605517 0.299724 0.737184 14.4789 23.944 189.017 -0.611065 0.222135 0.759774 1.47947 -2.98827 72.7494 5.93245 -22.117 -6.966 -11.2622 0 0.610457 -1.96458 -5.1244 0 1 0.0146876 1 
7874595 14.5754 23.8827 188.988 -0.610104 0.242263 0.754375 13.9883 26.5951 188.754 -0.603683 0.300518 0.738362 14.4424 24.1809 188.469 -0.611612 0.2228 0.759138 1.47914 -2.99025 72.679 5.93778 -22.1236 -6.96805 -11.2865 0 0.60118 -1.97329 -5.13023 0 1 0.012917 1 
8006129 14.5434 24.1033 188.576 -0.608457 0.242692 0.755567 13.9689 26.6916 188.294 -0.602208 0.300572 0.739445 14.4263 24.4371 187.888 -0.612189 0.223958 0.758332 1.47866 -2.99549 72.2639 5.94498 -22.3856 -7.05057 -11.4997 0 0.588652 -1.98498 -5.13365 0 1 0.0140829 1 
8139587 14.5184 24.3291 188.084 -0.606397 0.243669 0.756907 13.9457 27.0009 187.83 -0.600626 0.301717 0.740247 14.444 24.6911 187.312 -0.61285 0.2255 0.757341 1.47793 -3.00106 71.8205 5.9516 -22.6352 -7.12919 -11.718 0 0.577135 -1.99523 -5.13546 0 1 0.0171908 1 
8269223 14.4922 24.5744 187.572 -0.604509 0.245194 0.757924 13.9214 27.3055 187.254 -0.599046 0.302984 0.741045 14.4555 24.9049 186.772 -0.613484 0.227189 0.756321 1.47652 -3.00581 71.4804 5.95799 -22.915 -7.21734 -11.9133 0 0.566013 -2.00389 -5.13831 0 1 0.0191866 1 
8401014 14.5094 24.7864 187.04 -0.602394 0.246046 0.75933 14.0022 27.4984 186.674 -0.596608 0.304404 0.74244 14.4437 25.0933 186.251 -0.61423 0.228849 0.755215 1.47524 -3.00924 71.186 5.965 -23.2021 -7.30774 -12.0964 0 0.553813 -2.01386 -5.14455 0 1 0.0194914 1 
8534504 14.5028 24.9873 186.526 -0.600602 0.246526 0.760593 13.9748 27.6913 186.099 -0.594536 0.305689 0.7436 14.4196 25.264 185.733 -0.615186 0.230495 0.753935 1.47456 -3.01183 70.9172 5.97157 -23.4893 -7.3982 -12.2715 0 0.542373 -2.02413 -5.15148 0 1 0.0205349 1 
8669529 14.4976 25.191 185.977 -0.59903 0.246524 0.761832 14.0612 27.89 185.521 -0.592703 0.306483 0.744777 14.3954 25.4099 185.224 -0.616352 0.231839 0.752569 1.47321 -3.01367 70.7034 5.97849 -23.8207 -7.50259 -12.4432 0 0.53032 -2.03383 -5.16033 0 1 0.0219977 1 
8799788 14.472 25.3594 185.488 -0.598051 0.245831 0.762825 13.9344 28.1 184.949 -0.591953 0.305788 0.745648 14.3608 25.5002 184.743 -0.617626 0.232327 0.751373 1.472 -3.01389 70.5422 5.9848 -24.1636 -7.61057 -12.602 0 0.519342 -2.0427 -5.17092 0 1 0.0239877 1 
8930454 14.4195 25.4823 185.005 -0.597305 0.243709 0.764089 13.9239 28.209 184.491 -0.59144 0.30448 0.746541 14.2937 25.548 184.239 -0.618984 0.232235 0.750284 1.4722 -3.01202 70.3842 5.99075 -24.5238 -7.72403 -12.7652 0 0.508986 -2.05341 -5.18454 0 1 0.0265699 1 
9060763 14.329 25.5559 184.521 -0.597626 0.240892 0.764732 13.8076 28.3167 183.926 -0.591658 0.302785 0.747087 14.1855 25.5763 183.733 -0.620429 0.231826 0.749216 1.47448 -3.00889 70.3491 5.99444 -24.9687 -7.86416 -12.9164 0 0.502569 -2.06379 -5.1964 0 1 0.0290207 1 
9190218 14.2681 25.6051 184.022 -0.597408 0.237716 0.765895 13.5817 28.4312 183.473 -0.591992 0.300601 0.747651 14.0342 25.584 183.219 -0.622099 0.230954 0.748099 1.47696 -3.00441 70.2996 5.99953 -25.4249 -8.00785 -13.0757 0 0.493703 -2.07698 -5.21306 0 1 0.0325515 1 
9323163 14.1373 25.6577 183.51 -0.598181 0.233485 0.766592 13.4742 28.5596 183.019 -0.593042 0.297066 0.748265 13.8346 25.5707 182.689 -0.624053 0.229565 0.746899 1.48069 -2.99874 70.3368 6.00391 -25.9614 -8.17681 -13.2329 0 0.486081 -2.09109 -5.23055 0 1 0.0366874 1 
9457373 13.9575 25.6643 182.989 -0.599824 0.228112 0.766927 13.2598 28.5773 182.459 -0.594575 0.292906 0.748661 13.5525 25.5476 182.144 -0.62617 0.227817 0.745661 1.48779 -2.99132 70.48 6.00652 -26.5757 -8.37031 -13.3813 0 0.481544 -2.10797 -5.248 0 1 0.0396602 1 
9591574 13.7207 25.6424 182.488 -0.602073 0.222953 0.766681 13.051 28.7026 182.016 -0.596737 0.289566 0.748181 13.1791 25.6399 181.559 -0.628437 0.228312 0.7436 1.50152 -2.98555 70.6908 6.00456 -27.2243 -8.57458 -13.5192 0 0.484959 -2.12847 -5.25464 0 1 0.0417054 1 
9730123 13.354 25.7402 181.902 -0.604764 0.221153 0.765083 12.5133 28.7166 181.468 -0.599499 0.285364 0.747735 12.6403 25.9343 180.896 -0.630939 0.2329 0.74005 1.52106 -2.9837 70.9235 6.00158 -27.9144 -8.79193 -13.6633 0 0.490136 -2.1573 -5.25269 0 1 0.0458149 1 
9858729 12.9293 25.9348 181.355 -0.607307 0.222331 0.762724 11.8912 28.4542 181.043 -0.604628 0.275151 0.747387 11.9709 26.3903 180.251 -0.633529 0.239976 0.735563 1.54216 -2.98588 71.1119 6.00135 -28.5417 -8.98952 -13.8015 0 0.490542 -2.19361 -5.24848 0 1 0.0558534 1 
9990711 12.2878 26.2677 180.729 -0.610809 0.225285 0.759052 11.2596 28.4066 180.497 -0.609152 0.265441 0.747261 11.1266 27.007 179.602 -0.636523 0.249351 0.729837 1.56749 -2.99254 71.3014 6.00198 -29.1477 -9.18037 -13.9327 0 0.489451 -2.2388 -5.23797 0 1 0.0637389 1 
10126871 11.5084 26.6546 180.109 -0.614312 0.228736 0.755182 10.5291 28.2555 179.964 -0.614893 0.254709 0.746203 10.1374 27.7815 178.969 -0.639546 0.26086 0.723141 1.59579 -3.006 71.3443 6.0054 -29.6156 -9.32774 -14.0665 0 0.483489 -2.29402 -5.22051 0 1 0.0760412 1 
10260122 10.6118 27.1561 179.556 -0.617901 0.235266 0.750232 9.56327 28.6474 179.451 -0.620227 0.257279 0.740918 9.12288 28.6469 178.41 -0.642136 0.273743 0.716049 1.62179 -3.02694 71.3084 6.01238 -29.9929 -9.44659 -14.1967 0 0.471349 -2.3514 -5.19621 0 1 0.081106 1 
10396622 9.64302 27.8781 179.035 -0.621792 0.244793 0.743943 8.71138 28.9437 178.936 -0.62566 0.258274 0.736052 8.0766 29.6038 177.91 -0.644278 0.288156 0.708429 1.64527 -3.05411 71.2794 6.02339 -30.3145 -9.54787 -14.3071 0 0.452179 -2.41145 -5.16809 0 1 0.0880117 1 
10531883 8.69547 28.6969 178.551 -0.62585 0.255421 0.736934 7.74525 29.551 178.423 -0.631255 0.261672 0.73001 7.10044 30.584 177.515 -0.645986 0.302622 0.700801 1.66301 -3.08596 71.2631 6.03808 -30.5236 -9.61373 -14.3781 0 0.426612 -2.46789 -5.13822 0 1 0.0883011 1 
10662385 7.69821 29.637 178.079 -0.629894 0.269172 0.728546 6.7726 30.3287 178.031 -0.636332 0.271124 0.722176 6.19617 31.4514 177.286 -0.647575 0.314157 0.694228 1.67694 -3.11745 71.3378 6.05295 -30.6044 -9.63917 -14.38 0 0.400724 -2.51802 -5.10931 0 1 0.0871542 1 
10927534 6.40705 31.0027 177.564 -0.636115 0.28731 0.716108 5.44109 32.3645 177.333 -0.641108 0.299619 0.706386 5.07761 32.3966 177.249 -0.650076 0.324311 0.687185 1.68977 -3.14159 71.6232 6.05998 -30.5875 -9.63386 -14.2848 0 0.388492 -2.55258 -5.07951 0 0 0.542656 1 
12416752 3.88959 38.1092 180.088 -0.649252 0.400941 0.646311 2.00325 36.3128 178.135 -0.648994 0.36434 0.667818 2.52056 33.2183 179.941 -0.660801 0.321723 0.678113 1.84139 -3.13772 68.9269 6.04386 -26.1206 -8.22695 -13.7272 0 0.416547 -2.78842 -5.05819 0 1 0.0561064 1 
12720177 2.14856 34.9555 182.076 -0.685749 0.250705 0.683297 -0.165991 36.2655 178.855 -0.655326 0.380493 0.652448 2.47597 33.5168 179.324 -0.658546 0.328421 0.677094 1.97799 -3.10442 70.6782 5.88598 -29.6243 -9.33049 -14.2791 0 0.691346 -2.75138 -4.84135 0 1 0.0729248 1 
12869150 1.38459 33.453 180.213 -0.683472 0.27664 0.675527 0.106941 35.4612 177.938 -0.648973 0.403891 0.644656 2.45296 33.7171 178.843 -0.657101 0.332199 0.676655 1.90065 -3.13062 70.4223 5.93468 -29.7051 -9.35592 -14.3851 0 0.606575 -2.70153 -4.88053 0 1 0.0471124 1 
13006210 1.80726 33.8476 179.409 -0.677909 0.295157 0.673292 0.760381 35.9069 177.15 -0.636936 0.426191 0.64222 2.47597 33.9088 178.333 -0.655455 0.336278 0.676237 1.91037 -3.13037 70.1069 5.92607 -29.9087 -9.42006 -14.5486 0 0.621558 -2.70348 -4.86598 0 1 0.0238199 1 
13151993 2.13879 34.0366 178.689 -0.671758 0.310398 0.672603 1.23204 36.0091 176.462 -0.628643 0.437552 0.642866 2.54371 34.012 177.767 -0.653945 0.338878 0.676401 1.91487 -3.13097 69.7388 5.92204 -30.1102 -9.48352 -14.728 0 0.628576 -2.7043 -4.85792 0 1 0.0133598 1 
13289200 2.34639 34.128 177.971 -0.666764 0.320357 0.672902 1.60891 36.0331 175.999 -0.621777 0.445972 0.643744 2.63379 33.9073 177.317 -0.653558 0.336966 0.677729 1.92023 -3.12501 69.3198 5.91642 -30.2077 -9.51423 -14.8907 0 0.638359 -2.70383 -4.8585 0 1 0.0138605 1 
13430002 2.53029 34.0523 177.115 -0.665687 0.318716 0.674745 1.99704 35.9691 175.422 -0.616089 0.451469 0.645341 2.76132 33.684 176.914 -0.65368 0.333429 0.679358 1.9265 -3.11533 69.0246 5.90895 -29.9365 -9.42881 -14.8982 0 0.651368 -2.70174 -4.86234 0 1 0.0236595 1 
13566977 2.74971 33.876 176.51 -0.662342 0.319621 0.677603 2.07499 35.8324 175.183 -0.612554 0.453532 0.647315 2.94345 33.3446 176.598 -0.654142 0.329039 0.681051 1.9267 -3.10256 68.9314 5.90654 -29.8226 -9.39293 -14.8917 0 0.655562 -2.69789 -4.88037 0 1 0.0376009 1 
13705198 3.05077 33.5849 176.265 -0.650601 0.336325 0.680885 2.17458 35.6042 175.067 -0.61108 0.453834 0.648513 3.1959 32.8833 176.364 -0.65487 0.324016 0.682758 1.93005 -3.08847 68.7969 5.90257 -29.7718 -9.37695 -14.9181 0 0.662461 -2.69683 -4.898 0 1 0.0300035 1 
13838070 3.41642 33.1097 176.111 -0.629087 0.374315 0.681277 2.16904 35.3963 175.057 -0.610187 0.452196 0.65039 3.49592 32.3359 176.203 -0.655706 0.318412 0.68459 1.91564 -3.07199 68.9277 5.91721 -30.1156 -9.48524 -14.9852 0 0.636988 -2.69722 -4.95215 0 1 0.0492109 1 
13980550 3.92294 32.3523 175.998 -0.620675 0.3829 0.684215 2.08213 35.0251 175.037 -0.612247 0.44399 0.654221 3.85841 31.6531 176.096 -0.656806 0.311249 0.686826 1.8933 -3.05107 68.7517 5.94787 -30.2856 -9.53876 -15.0941 0 0.58363 -2.7117 -5.04193 0 1 0.0783725 1 
14114215 3.97007 31.946 175.897 -0.624494 0.367726 0.689046 1.72409 34.4423 175.008 -0.620709 0.422105 0.660518 4.22802 30.9162 176.044 -0.658085 0.303828 0.688922 1.88436 -3.01958 68.4962 5.94733 -30.2496 -9.52743 -15.1633 0 0.584569 -2.6952 -5.0958 0 1 0.0722737 1 
14255002 3.79591 31.4686 175.873 -0.629766 0.343575 0.696671 1.48439 33.6752 175.086 -0.629481 0.396591 0.668036 4.61693 30.1608 175.984 -0.659142 0.297646 0.690608 1.87397 -2.98857 68.0758 5.93801 -30.3056 -9.54507 -15.3133 0 0.600776 -2.6609 -5.13356 0 1 0.0944337 1 
14385186 3.79046 30.6343 175.961 -0.632084 0.322328 0.70468 1.42323 32.7539 175.046 -0.633417 0.375561 0.676337 4.99803 29.4614 175.925 -0.659897 0.292641 0.692024 1.84867 -2.9703 67.8087 5.93699 -30.6797 -9.6629 -15.5153 0 0.602567 -2.61508 -5.16357 0 1 0.0950821 1 
14522936 4.04639 29.6428 175.925 -0.63289 0.30603 0.711193 1.77826 31.7998 174.886 -0.634218 0.358249 0.685097 5.41935 28.6979 175.847 -0.660613 0.287632 0.69344 1.81778 -2.96067 67.9108 5.9356 -31.2637 -9.84683 -15.667 0 0.60498 -2.55891 -5.17792 0 1 0.0920689 1 
14674484 4.44911 28.8896 175.699 -0.633011 0.296397 0.715154 2.42741 31.5072 174.514 -0.631916 0.353417 0.68963 5.88147 27.8576 175.737 -0.661118 0.282367 0.69512 1.78914 -2.95263 69.4145 5.91421 -32.4632 -10.2246 -15.5713 0 0.642215 -2.47181 -5.15468 0 1 0.0554465 1 
14871082 4.91628 28.1847 175.459 -0.631136 0.294049 0.717776 2.88194 30.336 174.128 -0.631349 0.334811 0.699396 6.52611 26.748 175.527 -0.661347 0.275219 0.697763 1.7419 -2.93552 70.5114 5.89377 -33.6541 -10.5997 -15.6009 0 0.677785 -2.35402 -5.14889 0 1 0.0720099 1 
15038165 5.2927 26.5213 175.63 -0.633561 0.272222 0.72422 3.62382 28.8791 174.238 -0.636768 0.312809 0.70469 7.12484 25.7857 175.277 -0.66135 0.267978 0.700574 1.71077 -2.94067 70.6093 5.87506 -34.3584 -10.8215 -15.7918 0 0.710351 -2.26727 -5.10736 0 1 0.0979946 1 
15178164 5.77279 25.6804 175.307 -0.633589 0.263833 0.727295 4.59215 28.4033 173.887 -0.632635 0.316107 0.706862 7.63895 24.7949 175.05 -0.661684 0.254953 0.705105 1.67467 -2.93611 70.8689 5.87297 -34.9234 -10.9995 -15.8881 0 0.713981 -2.20081 -5.11166 0 1 0.0919237 1 
15350175 6.76461 24.9648 175.01 -0.631695 0.256359 0.731602 5.88261 27.7418 173.624 -0.626724 0.316228 0.712053 8.21284 23.6246 174.74 -0.66141 0.235514 0.712089 1.63841 -2.91601 72.2057 5.8599 -36.49 -11.4929 -15.9604 0 0.736732 -2.11496 -5.1239 0 1 0.0651333 1 
15544562 7.70769 24.033 174.628 -0.629777 0.245109 0.737091 7.10564 26.8172 173.265 -0.625233 0.308101 0.716947 8.80383 22.3687 174.327 -0.659495 0.209594 0.721898 1.59679 -2.88829 72.2488 5.86876 -37.5022 -11.8117 -16.2656 0 0.721321 -2.05792 -5.18756 0 1 0.0603625 1 
15730930 8.20854 22.8946 174.243 -0.629468 0.223412 0.744216 8.21014 25.9941 172.567 -0.623495 0.299736 0.721968 9.28486 21.2452 173.883 -0.655513 0.180734 0.733238 1.55792 -2.8563 71.7093 5.89368 -37.988 -11.9647 -16.5886 0 0.677948 -2.03364 -5.2866 0 1 0.0538965 1 
15912106 8.6924 22.0582 173.698 -0.629058 0.201489 0.750791 8.75783 25.4237 171.969 -0.62207 0.287858 0.727962 9.61172 20.2561 173.456 -0.649669 0.150278 0.745216 1.53329 -2.81833 71.1187 5.90673 -38.0929 -11.9978 -16.8076 0 0.655231 -2.01349 -5.37541 0 1 0.0361561 1 
16095415 9.19238 21.0792 173.217 -0.627966 0.177173 0.757805 9.38323 23.2744 171.895 -0.625741 0.231808 0.744739 9.79339 19.3315 173.038 -0.641605 0.117729 0.757946 1.51885 -2.78058 70.8059 5.91551 -38.2322 -12.0416 -16.95 0 0.639943 -2.00364 -5.45641 0 1 0.0207807 1 
16250055 9.68879 19.7605 172.91 -0.625551 0.145361 0.766522 9.86005 21.3851 171.734 -0.625999 0.183252 0.757816 9.83158 18.8253 172.655 -0.633018 0.0951768 0.768264 1.52128 -2.77285 70.7113 5.91404 -38.4514 -12.1107 -17.0488 0 0.642503 -2.0053 -5.46729 0 1 0.060447 1 
16376608 10.0326 18.9124 172.644 -0.62322 0.124558 0.772063 10.0851 20.5635 171.602 -0.624973 0.163536 0.763339 9.80768 18.4485 172.353 -0.62555 0.0775907 0.776316 1.52222 -2.76889 70.6449 5.92763 -38.6131 -12.1616 -17.1207 0 0.618849 -2.03061 -5.49784 0 1 0.0331955 1 
16510598 10.2963 18.2537 172.385 -0.62109 0.104214 0.77678 10.3099 20.051 171.474 -0.624363 0.146569 0.767188 9.68272 18.0553 172.026 -0.617219 0.0588702 0.784586 1.52427 -2.76018 70.5614 5.94309 -38.8386 -12.2326 -17.218 0 0.591939 -2.06109 -5.53992 0 1 0.0293821 1 
16645738 10.264 17.8238 172.106 -0.620747 0.0848707 0.779404 10.3135 19.7432 171.24 -0.62439 0.1309 0.769901 9.48137 17.6528 171.712 -0.608735 0.0397708 0.792376 1.52803 -2.74833 70.4845 5.96005 -39.0836 -12.3098 -17.3194 0 0.562428 -2.09713 -5.59006 0 1 0.0410128 1 
16785296 10.0488 17.5152 171.823 -0.621171 0.0646018 0.781008 9.99337 19.6482 171.015 -0.625904 0.115902 0.771263 9.19811 17.248 171.416 -0.599938 0.0195556 0.799808 1.53313 -2.7336 70.4342 5.98039 -39.3316 -12.3879 -17.4133 0 0.527029 -2.14141 -5.65108 0 1 0.0570854 1 
16921184 9.80485 17.2462 171.546 -0.620915 0.0427467 0.782712 9.56223 19.5027 170.792 -0.627334 0.0941985 0.772966 8.84919 16.8459 171.147 -0.591099 -0.00124052 0.806598 1.54039 -2.71517 70.3805 6.00328 -39.5971 -12.4715 -17.5139 0 0.48718 -2.19391 -5.72301 0 1 0.076633 1 
17070803 9.45105 16.8701 171.26 -0.619483 0.0128485 0.784905 9.12868 19.0904 170.573 -0.628058 0.0651983 0.775391 8.38618 16.4194 170.899 -0.581475 -0.0242827 0.813202 1.55475 -2.68879 69.2688 6.04811 -39.1051 -12.3166 -17.7091 0 0.409155 -2.29692 -5.84695 0 1 0.0597918 1 
17265838 8.81888 16.3396 170.928 -0.615219 -0.0211796 0.788071 8.54029 18.203 170.229 -0.623357 0.0147709 0.781642 7.65389 15.8991 170.658 -0.568605 -0.0560441 0.8207 1.60615 -2.66184 68.574 6.03094 -38.6706 -12.1797 -17.791 0 0.439041 -2.35649 -5.86398 0 1 0.0986199 1 
17554883 7.807 15.6817 170.588 -0.597943 -0.0818177 0.797352 7.63463 17.8172 169.947 -0.609021 -0.0415092 0.792022 6.46492 15.293 170.515 -0.549487 -0.102088 0.829242 1.68562 -2.60292 65.7613 6.11655 -36.647 -11.5423 -18.0396 0 0.290032 -2.64382 -6.11553 0 1 0.0932678 1 
17979907 6.05219 15.1579 170.521 -0.571273 -0.147322 0.80743 4.708 17.3893 170.046 -0.593043 -0.0946888 0.799476 4.73055 14.6854 170.87 -0.519903 -0.167031 0.837736 1.86925 -2.54497 63.4566 6.09391 -34.5259 -10.8743 -18.0974 0 0.329441 -2.92402 -6.177 0 1 0.0941431 1 
18318281 4.11521 14.7347 171.002 -0.548622 -0.199704 0.811869 1.72422 16.5497 170.326 -0.582357 -0.139339 0.800838 3.48768 14.3513 171.729 -0.496007 -0.214035 0.841526 1.89058 -2.50166 62.3986 6.17954 -32.9132 -10.3664 -17.9227 0 0.180396 -3.1102 -6.40143 0 1 0.0967457 1 
18594148 3.16953 14.3603 171.757 -0.523199 -0.244988 0.816238 0.547705 16.0096 170.994 -0.56182 -0.188155 0.805539 2.6984 13.9629 172.711 -0.477763 -0.247386 0.842937 1.9085 -2.46959 61.5708 6.23239 -31.2444 -9.84076 -17.6578 0 0.0884149 -3.23337 -6.54921 0 1 0.0951404 1 
18860103 2.47267 13.8841 172.713 -0.502826 -0.278587 0.818264 -0.0578302 15.1691 172.01 -0.542028 -0.226758 0.809057 2.08374 13.1525 173.904 -0.459896 -0.280354 0.842554 1.95083 -2.42918 60.7769 6.24687 -29.4645 -9.28016 -17.3473 0 0.0632142 -3.33225 -6.64476 0 1 0.0774403 1 
19186849 1.86702 12.4628 174.236 -0.482395 -0.32026 0.815309 -0.85091 13.593 173.436 -0.524682 -0.269345 0.807477 1.7515 10.566 175.507 -0.433117 -0.330664 0.838493 2.04081 -2.34344 61.3259 6.19103 -28.8296 -9.08019 -16.9744 0 0.1604 -3.39167 -6.69679 0 1 0.0959783 1 
20718892 3.62135 -1.43417 179.407 -0.378436 -0.494117 0.78271 0.163244 -0.884275 177.304 -0.428733 -0.450709 0.782942 3.3139 -3.71136 180.624 -0.341865 -0.48013 0.807839 2.39489 -1.82301 58.9177 5.81439 -23.0399 -7.25666 -15.9094 0 0.815946 -3.35241 -6.94707 0 1 0.0982931 1 
21107337 2.97579 -4.50649 180.747 -0.368092 -0.512013 0.776113 0.103491 -4.31093 178.834 -0.403851 -0.485209 0.775528 2.7469 -5.65506 181.894 -0.344599 -0.486295 0.802975 2.46859 -1.73692 58.0089 5.74834 -20.3872 -6.42115 -15.3601 0 0.9309 -3.36572 -6.98196 0 1 0.0909202 1 
21299381 2.62106 -5.51417 181.395 -0.368313 -0.514428 0.774409 -0.100588 -5.47459 179.681 -0.403458 -0.489563 0.77298 2.51108 -6.46552 182.424 -0.346389 -0.488328 0.800968 2.49082 -1.69917 57.5842 5.69386 -19.2506 -6.06318 -15.1359 0 1.02574 -3.30958 -6.95283 0 1 0.0804738 1 
21495310 2.40398 -6.45324 182.033 -0.369806 -0.516201 0.772515 -0.294973 -6.32186 180.405 -0.40467 -0.492346 0.770518 2.28051 -7.32579 182.961 -0.348488 -0.490494 0.798731 2.51785 -1.66281 57.2149 5.66254 -18.2247 -5.74007 -14.9291 0 1.08024 -3.30214 -6.96161 0 1 0.0787001 1 
21681697 2.19614 -7.27635 182.617 -0.371097 -0.518121 0.770609 -0.493954 -7.16465 181.128 -0.405388 -0.49561 0.768067 2.05794 -8.2079 183.49 -0.350791 -0.492669 0.796381 2.54055 -1.6256 56.9213 5.61886 -17.322 -5.45575 -14.7372 0 1.15627 -3.2656 -6.95034 0 1 0.0788553 1 
21877654 2.0107 -8.19048 183.19 -0.372948 -0.520415 0.768165 -0.697732 -7.89714 181.846 -0.405739 -0.498741 0.765853 1.8386 -9.18151 184.028 -0.353637 -0.494949 0.793704 2.56451 -1.58009 56.6562 5.56834 -16.4706 -5.18758 -14.5526 0 1.24421 -3.21937 -6.94163 0 1 0.0835585 1 
22058163 1.81972 -9.04888 183.68 -0.375555 -0.5227 0.765339 -0.893111 -8.75516 182.346 -0.407076 -0.501155 0.763502 1.63691 -10.1148 184.527 -0.356772 -0.49683 0.791122 2.58759 -1.52956 56.4356 5.51501 -15.6958 -4.94357 -14.378 0 1.33703 -3.16672 -6.93675 0 1 0.0895745 1 
22246512 1.60153 -9.97392 184.169 -0.379858 -0.524281 0.762127 -1.07596 -9.60933 182.854 -0.409761 -0.503984 0.760201 1.4538 -11.0645 185.049 -0.360078 -0.498779 0.788393 2.62768 -1.4545 55.5525 5.45138 -14.4212 -4.54212 -14.2547 0 1.44778 -3.12575 -6.95665 0 1 0.0886231 1 
22458990 1.40772 -11.0711 184.767 -0.384609 -0.523771 0.760092 -1.17695 -10.9943 183.377 -0.408503 -0.509563 0.757196 1.24211 -12.174 185.688 -0.36379 -0.501097 0.785213 2.63725 -1.38957 55.8384 5.34165 -13.867 -4.36755 -13.9901 0 1.63876 -2.95142 -6.87868 0 1 0.0955214 1 
22604156 1.24562 -11.8212 185.092 -0.388336 -0.524822 0.757467 -1.51318 -11.8119 183.766 -0.418962 -0.505014 0.754583 1.12196 -12.8767 186.119 -0.366341 -0.502425 0.783175 2.65768 -1.32495 54.7946 5.26207 -12.4473 -3.92042 -13.8717 0 1.77728 -2.84847 -6.85262 0 1 0.0657354 1 
22786067 1.12841 -12.7353 185.73 -0.396137 -0.521787 0.755522 -1.78336 -12.7943 184.391 -0.423992 -0.505797 0.751237 0.985312 -13.6797 186.668 -0.369357 -0.503886 0.780816 2.66372 -1.28304 55.1039 5.21809 -12.0072 -3.7818 -13.6357 0 1.85383 -2.78243 -6.84902 0 1 0.0909239 1 
22971893 0.93016 -13.5895 186.302 -0.399601 -0.522446 0.753239 -2.04019 -13.5764 185.003 -0.430755 -0.50414 0.748439 0.834889 -14.4825 187.267 -0.372239 -0.505168 0.778616 2.67057 -1.23543 54.8235 5.1658 -11.0905 -3.49309 -13.4353 0 1.94483 -2.70335 -6.84088 0 1 0.0878193 1 
23138679 0.798373 -14.3663 186.83 -0.399758 -0.52433 0.751845 -2.02723 -14.4275 185.495 -0.430493 -0.507003 0.746699 0.697965 -15.1667 187.821 -0.374899 -0.506124 0.776717 2.69107 -1.20323 54.8578 5.17334 -10.4337 -3.2862 -13.2176 0 1.93171 -2.75214 -6.91004 0 1 0.0902632 1 
23266963 0.561169 -14.886 187.263 -0.398699 -0.529289 0.748927 -2.01532 -14.7394 185.852 -0.430978 -0.508269 0.745523 0.574923 -15.6678 188.245 -0.377008 -0.506691 0.775325 2.68376 -1.17847 54.6798 5.12236 -9.69128 -3.05237 -13.0398 0 2.02043 -2.65071 -6.86442 0 1 0.0770644 1 
23396676 0.496155 -15.4437 187.72 -0.399416 -0.531498 0.746978 -2.31689 -14.9405 186.44 -0.433676 -0.509105 0.743378 0.455987 -16.162 188.676 -0.379118 -0.507336 0.773873 2.67834 -1.15492 54.6072 5.08001 -9.0574 -2.85272 -12.8631 0 2.09415 -2.56755 -6.83169 0 1 0.077549 1 
23530124 0.394343 -15.9781 188.174 -0.402511 -0.531867 0.745052 -2.38201 -15.3885 186.912 -0.437613 -0.507481 0.742264 0.329818 -16.6714 189.118 -0.38101 -0.508141 0.772415 2.67929 -1.12447 54.5271 5.04734 -8.40512 -2.64728 -12.6828 0 2.15101 -2.51235 -6.82782 0 1 0.0772086 1 
23656459 0.280511 -16.4195 188.614 -0.405128 -0.531871 0.743629 -2.45979 -15.8251 187.495 -0.440075 -0.506688 0.741285 0.210819 -17.1589 189.527 -0.382592 -0.509034 0.771043 2.68191 -1.09331 54.479 5.01829 -7.8071 -2.45893 -12.5097 0 2.20158 -2.46634 -6.8315 0 1 0.079491 1 
23804595 0.148491 -16.983 189.114 -0.413292 -0.524886 0.7441 -2.53991 -16.2526 188.082 -0.442284 -0.506885 0.739847 0.0723934 -17.7324 189.992 -0.384422 -0.5101 0.769427 2.67559 -1.05604 54.3997 4.96206 -7.13545 -2.24738 -12.3231 0 2.29944 -2.35747 -6.7985 0 1 0.087504 1 
23992384 0.0287544 -17.6533 189.739 -0.418158 -0.523827 0.742125 -2.70044 -16.814 188.677 -0.4477 -0.504814 0.737999 -0.103115 -18.4536 190.551 -0.386827 -0.511364 0.76738 2.67532 -1.01065 54.3354 4.90671 -6.45456 -2.03293 -12.1289 0 2.39579 -2.26067 -6.78116 0 1 0.0945207 1 
24185396 -0.253436 -18.3828 190.363 -0.421923 -0.524985 0.73917 -2.84588 -17.4898 189.393 -0.454471 -0.502043 0.735653 -0.305764 -19.2249 191.134 -0.389172 -0.512774 0.76525 2.67854 -0.956216 54.0447 4.84261 -5.61676 -1.76906 -11.9566 0 2.50735 -2.1547 -6.76434 0 1 0.0978097 1 
24376269 -0.330961 -19.1988 190.935 -0.426338 -0.524954 0.736654 -2.75092 -18.4151 189.783 -0.450993 -0.50917 0.733044 -0.522807 -19.9733 191.665 -0.391733 -0.513892 0.763191 2.70703 -0.875115 53.3007 4.78438 -4.39126 -1.38308 -11.8049 0 2.60871 -2.10293 -6.80414 0 1 0.0780506 1 
24567445 -0.510837 -20.0143 191.463 -0.428713 -0.5262 0.734383 -2.74804 -19.3666 190.28 -0.449499 -0.513246 0.731087 -0.79841 -20.7337 192.185 -0.395245 -0.514308 0.761098 2.68649 -0.844054 52.9759 4.70787 -3.59317 -1.13171 -11.6558 0 2.74187 -1.93402 -6.72504 0 1 0.087495 1 
24745796 -0.732259 -20.7354 191.893 -0.430678 -0.526974 0.732677 -2.94032 -20.028 190.76 -0.451467 -0.512814 0.730115 -1.09023 -21.445 192.665 -0.39907 -0.514236 0.759147 2.70096 -0.801153 53.3087 4.68245 -3.0774 -0.969261 -11.3886 0 2.78611 -1.91496 -6.75547 0 1 0.0989104 1 
24909133 -1.03912 -21.3019 192.274 -0.432551 -0.529472 0.729766 -3.13216 -20.3616 191.225 -0.453929 -0.511643 0.72949 -1.37002 -22.0815 193.092 -0.402629 -0.514052 0.757391 2.6979 -0.739291 52.1709 4.60134 -1.6584 -0.522332 -11.3 0 2.92729 -1.76846 -6.72196 0 1 0.0747353 1 
25064963 -1.30427 -21.9511 192.691 -0.434898 -0.530706 0.727471 -3.44875 -20.9991 191.715 -0.454532 -0.513915 0.727493 -1.64662 -22.7013 193.512 -0.40618 -0.513831 0.755642 2.69071 -0.723623 52.6342 4.57591 -1.42718 -0.449504 -11.0813 0 2.97155 -1.71168 -6.70497 0 1 0.0995788 1 
25216822 -1.61357 -22.4953 193.087 -0.438442 -0.530207 0.725706 -3.92745 -21.2642 192.185 -0.462301 -0.508554 0.726293 -1.90511 -23.2887 193.903 -0.409376 -0.51364 0.754046 2.69337 -0.682522 52.5224 4.53954 -0.829388 -0.261224 -10.9282 0 3.03485 -1.65302 -6.71321 0 1 0.0987344 1 
25352608 -1.87276 -23.0102 193.482 -0.441861 -0.531099 0.722975 -4.29686 -21.5234 192.656 -0.46982 -0.503682 0.724985 -2.11717 -23.8078 194.251 -0.411911 -0.51362 0.752678 2.6896 -0.651226 52.3707 4.506 -0.295173 -0.0929678 -10.8077 0 3.09322 -1.58807 -6.70931 0 1 0.098478 1 
25494035 -2.14923 -23.5075 193.882 -0.445118 -0.531858 0.720415 -4.58211 -21.7612 193.016 -0.474504 -0.50135 0.723366 -2.30959 -24.3466 194.627 -0.414083 -0.513827 0.751344 2.6848 -0.614883 52.1763 4.46931 0.265449 0.083606 -10.6924 0 3.15708 -1.51587 -6.7087 0 1 0.0983126 1 
25655440 -2.3137 -24.1412 194.28 -0.447043 -0.531467 0.719511 -4.43671 -23.0453 193.438 -0.463852 -0.517735 0.718793 -2.50611 -24.9568 195.053 -0.416227 -0.514075 0.749988 2.6702 -0.584344 51.7047 4.42211 1.37665 0.433592 -10.4909 0 3.23924 -1.40828 -6.6797 0 1 0.0985305 1 
25789542 -2.51088 -24.6945 194.641 -0.449018 -0.532894 0.717222 -4.63534 -23.3828 193.789 -0.465701 -0.516545 0.718527 -2.65142 -25.4299 195.406 -0.417794 -0.514315 0.748951 2.65852 -0.567911 51.3849 4.39378 2.0887 0.657858 -10.3674 0 3.28854 -1.33866 -6.659 0 1 0.0979144 1 
25928189 -2.65748 -25.1816 195.009 -0.450549 -0.533139 0.716079 -4.7122 -23.6198 194.026 -0.468907 -0.514407 0.717878 -2.7772 -25.9186 195.771 -0.419184 -0.514658 0.747938 2.64517 -0.551568 51.0801 4.36703 2.80525 0.883542 -10.2377 0 3.33511 -1.26886 -6.64087 0 1 0.0979592 1 
26059687 -2.80468 -25.635 195.342 -0.452104 -0.53317 0.715074 -4.90173 -23.9579 194.49 -0.471619 -0.512748 0.717361 -2.88155 -26.387 196.119 -0.420238 -0.515134 0.747019 2.63259 -0.534804 50.7676 4.34284 3.50857 1.10506 -10.1146 0 3.37721 -1.20486 -6.62795 0 1 0.0961897 1 
26185024 -2.95147 -26.0304 195.665 -0.453349 -0.533175 0.714283 -4.9924 -24.1848 194.834 -0.473223 -0.511303 0.717329 -2.96832 -26.8401 196.44 -0.420907 -0.515717 0.746239 2.62062 -0.518155 50.4704 4.32107 4.17107 1.31372 -9.99953 0 3.4151 -1.14613 -6.61904 0 1 0.0962742 1 
26318560 -3.05083 -26.4716 196.031 -0.454017 -0.533651 0.713502 -5.18319 -24.4255 195.176 -0.476063 -0.508523 0.717509 -3.0354 -27.3051 196.759 -0.421129 -0.516474 0.74559 2.60595 -0.50313 50.109 4.29953 4.86215 1.53139 -9.89571 0 3.45259 -1.08312 -6.6077 0 1 0.0970513 1 
26449441 -3.16676 -26.9297 196.383 -0.454847 -0.534598 0.712264 -5.3715 -24.7752 195.635 -0.478906 -0.505625 0.717564 -3.04222 -27.7402 197.016 -0.420491 -0.517572 0.745189 2.59177 -0.48804 49.7238 4.28222 5.51677 1.73757 -9.81083 0 3.48272 -1.0283 -6.60383 0 1 0.0961098 1 
26581984 -3.21581 -27.3798 196.694 -0.453973 -0.53623 0.711594 -5.45964 -25.1112 195.986 -0.480633 -0.504438 0.717175 -2.98317 -28.1228 197.19 -0.418454 -0.519514 0.744984 2.57844 -0.472407 49.26 4.26831 6.1618 1.94072 -9.75376 0 3.50693 -0.980881 -6.60683 0 1 0.091458 1 
26721239 -3.21164 -27.7695 196.9 -0.451765 -0.53813 0.711565 -5.36769 -25.63 196.227 -0.477543 -0.507703 0.717008 -2.86274 -28.4362 197.259 -0.415029 -0.522426 0.744864 2.56783 -0.455685 48.7666 4.25817 6.74836 2.12547 -9.72444 0 3.52457 -0.944782 -6.6183 0 1 0.0869781 1 
26854874 -3.16582 -28.0624 197.033 -0.448745 -0.539967 0.712083 -5.18031 -26.0387 196.345 -0.472979 -0.511044 0.717684 -2.67656 -28.6568 197.224 -0.410657 -0.525816 0.744902 2.56047 -0.440866 48.2959 4.25358 7.22386 2.27523 -9.7229 0 3.53256 -0.923983 -6.6361 0 1 0.0825161 1 
26990816 -3.02901 -28.3348 197.055 -0.443416 -0.543486 0.712745 -4.89389 -26.4431 196.457 -0.467063 -0.514719 0.718847 -2.47038 -28.7702 197.097 -0.406073 -0.528954 0.745193 2.55386 -0.430998 47.7699 4.25201 7.61212 2.39752 -9.76628 0 3.53529 -0.909742 -6.65055 0 1 0.0749 1 
27134815 -2.8236 -28.5541 196.999 -0.436628 -0.547373 0.71396 -4.62699 -26.8295 196.569 -0.459047 -0.520321 0.720053 -2.22373 -28.7766 196.876 -0.401436 -0.531746 0.745718 2.54945 -0.424359 47.2109 4.25408 7.90488 2.48973 -9.85013 0 3.5317 -0.90567 -6.66569 0 1 0.0650725 1 
27271606 -2.59073 -28.6484 196.835 -0.42966 -0.550151 0.716049 -4.26232 -27.1048 196.452 -0.449926 -0.52652 0.721267 -1.96538 -28.6842 196.597 -0.397091 -0.534349 0.746183 2.5484 -0.420174 46.7023 4.25962 8.08931 2.54782 -9.95225 0 3.52205 -0.913483 -6.68262 0 1 0.0539245 1 
27404681 -2.3654 -28.6571 196.603 -0.422257 -0.553007 0.71825 -3.90037 -27.1639 196.324 -0.440809 -0.53197 0.722945 -1.70237 -28.5346 196.265 -0.393092 -0.536902 0.746469 2.55176 -0.413631 46.2333 4.26535 8.19644 2.58156 -10.0662 0 3.51208 -0.929309 -6.70398 0 1 0.0451146 1 
27543110 -2.06601 -28.7055 196.32 -0.413661 -0.55598 0.720951 -3.43701 -27.2279 196.078 -0.430712 -0.537145 0.725216 -1.45914 -28.3298 195.906 -0.389634 -0.539217 0.746613 2.5557 -0.413839 45.7172 4.27455 8.25601 2.60032 -10.21 0 3.49607 -0.95217 -6.71963 0 1 0.0313268 1 
27680893 -1.74434 -28.5538 196.002 -0.405873 -0.557493 0.724203 -2.97611 -27.1885 195.824 -0.4205 -0.541449 0.727945 -1.24085 -28.097 195.568 -0.38727 -0.540877 0.746642 2.55819 -0.416048 45.293 4.28221 8.25081 2.59868 -10.3453 0 3.48273 -0.969847 -6.72913 0 1 0.0232464 1 
27821401 -1.47802 -28.3075 195.677 -0.398976 -0.557853 0.727749 -2.61895 -27.0526 195.455 -0.411398 -0.544663 0.730772 -1.048 -27.8394 195.259 -0.385729 -0.54193 0.746676 2.56302 -0.417712 44.9134 4.28986 8.2414 2.59572 -10.4678 0 3.46941 -0.991565 -6.73955 0 1 0.0166741 1 
27958580 -1.22654 -28.0932 195.382 -0.392857 -0.558211 0.730796 -2.25035 -26.9266 195.195 -0.403411 -0.546419 0.733806 -0.896285 -27.5901 194.982 -0.384882 -0.542529 0.746678 2.56715 -0.42128 44.5724 4.29654 8.22003 2.58899 -10.5819 0 3.45779 -1.01038 -6.74496 0 1 0.011531 1 
28099455 -1.00431 -27.8488 195.112 -0.387628 -0.557836 0.733869 -1.98096 -26.7019 194.823 -0.397022 -0.547344 0.736706 -0.738695 -27.3283 194.716 -0.383912 -0.543358 0.746575 2.57171 -0.425659 44.2465 4.3039 8.18674 2.5785 -10.6951 0 3.44497 -1.03113 -6.75016 0 1 0.0111866 1 
28229909 -0.814383 -27.5866 194.865 -0.383004 -0.55712 0.736835 -1.81069 -26.4766 194.678 -0.391743 -0.547685 0.739231 -0.5989 -27.0352 194.465 -0.383214 -0.543883 0.746551 2.57692 -0.43045 43.9197 4.31103 8.16591 2.57194 -10.8045 0 3.43258 -1.0526 -6.75422 0 1 0.0145375 1 
28363667 -0.655403 -27.2858 194.6 -0.378796 -0.555658 0.740106 -1.53892 -26.2668 194.299 -0.385609 -0.546999 0.742935 -0.45592 -26.6918 194.224 -0.383112 -0.543746 0.746703 2.58292 -0.436185 43.5492 4.31863 8.17939 2.57619 -10.917 0 3.41935 -1.07627 -6.75746 0 1 0.0122768 1 
28496685 -0.500569 -26.9417 194.345 -0.374728 -0.553636 0.743684 -1.24665 -26.0551 194.039 -0.381563 -0.546126 0.745677 -0.336362 -26.2888 193.998 -0.383737 -0.542738 0.747116 2.58932 -0.445265 43.1617 4.32724 8.19462 2.58098 -11.0342 0 3.40437 -1.10239 -6.75664 0 1 0.00984018 1 
28628353 -0.380439 -26.5801 194.115 -0.371735 -0.550935 0.747184 -1.18238 -25.7392 193.774 -0.377153 -0.544745 0.748886 -0.239078 -25.8424 193.779 -0.385267 -0.54069 0.747812 2.59611 -0.457323 42.7785 4.33647 8.19463 2.58099 -11.1549 0 3.3883 -1.13028 -6.75172 0 1 0.0151839 1 
28765024 -0.232061 -26.1999 193.869 -0.368059 -0.548224 0.750988 -1.00329 -25.3174 193.501 -0.373236 -0.542626 0.752443 -0.164232 -25.3415 193.57 -0.387947 -0.537345 0.748837 2.60204 -0.474159 42.3588 4.34644 8.19118 2.5799 -11.2882 0 3.37095 -1.15796 -6.73977 0 1 0.0205959 1 
28903768 -0.0864513 -25.7578 193.617 -0.364956 -0.544188 0.755425 -0.827348 -25.0118 193.227 -0.368832 -0.539997 0.756467 -0.0838982 -24.7788 193.363 -0.39193 -0.532614 0.750142 2.60558 -0.49899 41.9027 4.35855 8.15862 2.56964 -11.4421 0 3.34986 -1.1852 -6.71764 0 1 0.0308357 1 
29034572 -0.0193516 -25.2538 193.423 -0.364349 -0.538039 0.760107 -0.635545 -24.6129 192.837 -0.366398 -0.535797 0.760703 -0.0198709 -24.2212 193.18 -0.396675 -0.527174 0.75149 2.60631 -0.530987 41.5324 4.37162 8.04244 2.53305 -11.5953 0 3.32711 -1.20922 -6.6847 0 1 0.048276 1 
29173427 0.0351002 -24.7065 193.211 -0.36567 -0.528831 0.765914 -0.530376 -24.1319 192.546 -0.366682 -0.528182 0.76583 0.0232104 -23.6082 192.997 -0.40257 -0.520361 0.753101 2.60505 -0.574726 41.2367 4.38719 7.82758 2.46538 -11.7561 0 3.30002 -1.23411 -6.63566 0 1 0.0773157 1 
29330481 0.105822 -24.0611 192.945 -0.369209 -0.517613 0.771856 -0.510572 -23.5761 192.136 -0.370054 -0.517164 0.771608 0.0681691 -22.9276 192.802 -0.410112 -0.511682 0.754976 2.6094 -0.62444 42.1272 4.42067 6.82538 2.14973 -11.7913 0 3.24174 -1.29997 -6.60741 0 1 0.0572227 1 
29520199 0.186045 -23.2332 192.615 -0.375029 -0.506315 0.77653 -0.265701 -23.0986 191.661 -0.361442 -0.521661 0.772771 0.092315 -22.0669 192.581 -0.420561 -0.499439 0.757423 2.61051 -0.683044 42.792 4.45396 6.01181 1.89348 -11.8382 0 3.18379 -1.35984 -6.56336 0 1 0.0637312 1 
29713291 0.242539 -22.3563 192.272 -0.371927 -0.498829 0.782841 -0.827605 -21.7183 191.329 -0.387493 -0.491961 0.7795 0.112487 -21.1929 192.382 -0.432252 -0.485844 0.75968 2.60333 -0.761236 43.9324 4.50097 4.70759 1.48271 -11.8898 0 3.10198 -1.42916 -6.50907 0 1 0.0876413 1 
29910667 0.191036 -21.5011 192.061 -0.390368 -0.4823 0.784219 -1.22452 -20.9981 191.181 -0.406124 -0.47456 0.780819 0.111808 -20.3244 192.188 -0.444578 -0.471503 0.761601 2.60896 -0.824158 44.5338 4.55507 3.88241 1.22281 -11.9602 0 3.00782 -1.53313 -6.49372 0 1 0.0872272 1 
30097296 0.146825 -20.7072 191.883 -0.402088 -0.469695 0.785947 -1.25851 -20.3042 191.043 -0.415628 -0.465752 0.78111 0.0907371 -19.4989 192.009 -0.456675 -0.457247 0.763134 2.60865 -0.896512 45.166 4.61379 2.98971 0.94164 -12.0423 0 2.90561 -1.63479 -6.46999 0 1 0.0917331 1 
30276450 0.149949 -19.9694 191.701 -0.411695 -0.458993 0.787295 -1.20042 -19.5084 190.775 -0.423298 -0.456146 0.782702 0.0856562 -18.7016 191.839 -0.468266 -0.443603 0.764162 2.6023 -0.969041 45.796 4.66673 2.16997 0.683454 -12.1021 0 2.81347 -1.71588 -6.43589 0 1 0.0921734 1 
30460412 0.112585 -19.1376 191.535 -0.423811 -0.446139 0.788254 -1.11271 -18.6323 190.615 -0.434185 -0.442788 0.784445 0.0452459 -17.9373 191.661 -0.479752 -0.429817 0.764915 2.59201 -1.03819 46.5572 4.70932 1.33127 0.419297 -12.1265 0 2.73934 -1.7721 -6.38967 0 1 0.0851102 1 
30635675 0.063435 -18.3718 191.363 -0.435829 -0.432906 0.789079 -1.3435 -17.885 190.576 -0.446562 -0.427626 0.785899 0.00659367 -17.2397 191.479 -0.49013 -0.417073 0.765391 2.58577 -1.09272 47.2715 4.74417 0.611394 0.192565 -12.1282 0 2.67868 -1.82191 -6.35543 0 1 0.0858752 1 
30825226 0.0177473 -17.5511 191.216 -0.447426 -0.420724 0.789178 -1.55265 -17.046 190.54 -0.461414 -0.410321 0.786575 0.0169666 -16.5078 191.261 -0.500609 -0.403452 0.765909 2.57512 -1.14819 48.043 4.7774 -0.259247 -0.0816526 -12.1594 0 2.62084 -1.86121 -6.31672 0 1 0.0849878 1 
31016575 -0.0058963 -16.7456 191.061 -0.457603 -0.408882 0.789567 -1.78108 -16.2959 190.513 -0.474046 -0.39545 0.786697 0.0889124 -15.7814 191.015 -0.510266 -0.389963 0.766523 2.56474 -1.19705 48.7616 4.81145 -1.15409 -0.363494 -12.215 0 2.56157 -1.9024 -6.29095 0 1 0.0935657 1 
31217877 0.00766048 -16.0039 190.854 -0.466928 -0.397399 0.78997 -2.01624 -15.5462 190.268 -0.486185 -0.381325 0.786229 0.223047 -15.0946 190.738 -0.518843 -0.376691 0.767402 2.52309 -1.26982 49.7208 4.81173 -2.41606 -0.760965 -12.3103 0 2.56109 -1.8304 -6.16478 0 1 0.0782742 1 
31450068 0.0647429 -15.0987 190.559 -0.485434 -0.367192 0.793425 -2.4932 -14.617 190.013 -0.508773 -0.350952 0.786062 0.505348 -14.2759 190.395 -0.52787 -0.361023 0.768776 2.52672 -1.31044 50.1868 4.88081 -3.1666 -0.997353 -12.3999 0 2.44086 -1.95694 -6.2143 0 1 0.0998419 1 
31662253 0.263731 -14.4128 190.254 -0.494531 -0.350531 0.795341 -2.61977 -13.983 189.778 -0.52044 -0.336236 0.784837 0.845867 -13.5362 190.079 -0.535399 -0.346752 0.770137 2.49928 -1.37171 51.0124 4.92132 -4.27174 -1.34543 -12.488 0 2.37035 -1.9797 -6.17816 0 1 0.0984389 1 
31882897 0.517945 -13.6655 189.933 -0.502454 -0.336173 0.796573 -2.65297 -13.3461 189.425 -0.530262 -0.322087 0.784223 1.22404 -12.8126 189.754 -0.542727 -0.331661 0.771653 2.46666 -1.43224 51.6852 4.96634 -5.36057 -1.68837 -12.619 0 2.292 -2.00126 -6.15117 0 1 0.0993384 1 
32097653 0.729156 -13.0189 189.603 -0.511515 -0.320522 0.797257 -2.48699 -12.6935 188.953 -0.537615 -0.309722 0.784133 1.63966 -12.1475 189.437 -0.549761 -0.316637 0.772984 2.42803 -1.49449 52.3071 5.01498 -6.54627 -2.06182 -12.7966 0 2.20734 -2.01869 -6.12747 0 1 0.0979681 1 
32307193 1.1946 -12.3859 189.278 -0.517414 -0.308885 0.798044 -1.91799 -12.0381 188.447 -0.540301 -0.297075 0.787164 2.06434 -11.5666 189.117 -0.55638 -0.302028 0.774093 2.39528 -1.5471 52.6296 5.05169 -7.47198 -2.35338 -12.9866 0 2.14343 -2.0256 -6.0998 0 1 0.0964482 1 
32517491 1.57603 -11.8383 188.927 -0.523923 -0.296094 0.798644 -1.25464 -11.3626 187.827 -0.541247 -0.286844 0.790379 2.52488 -11.0821 188.783 -0.562767 -0.287392 0.775048 2.36325 -1.59793 53.0318 5.08399 -8.40352 -2.64678 -13.1533 0 2.08721 -2.02607 -6.06757 0 1 0.0990691 1 
32741606 2.21118 -11.3296 188.597 -0.528106 -0.282731 0.800729 -0.782233 -10.641 187.429 -0.545579 -0.269081 0.793625 3.07559 -10.6576 188.437 -0.568879 -0.272567 0.77594 2.31976 -1.65731 53.5827 5.07432 -9.47892 -2.98549 -13.3185 0 2.10405 -1.93354 -5.94737 0 1 0.0853827 1 
32956150 2.81918 -10.867 188.207 -0.532854 -0.26793 0.80267 -0.308315 -10.0367 186.927 -0.550042 -0.251091 0.796375 3.59306 -10.3282 188.14 -0.573749 -0.260151 0.776617 2.29927 -1.68697 54.0772 5.11157 -10.1515 -3.19732 -13.3746 0 2.03922 -1.96271 -5.96058 0 1 0.0945042 1 
33140922 3.2371 -10.6135 187.922 -0.533681 -0.264336 0.803312 0.0343063 -9.66435 186.674 -0.551708 -0.243498 0.797608 3.84248 -10.1855 187.986 -0.575988 -0.254237 0.776918 2.28027 -1.70864 54.4962 5.12636 -10.5661 -3.32791 -13.3732 0 2.01348 -1.95537 -5.94859 0 1 0.0917605 1 
33338000 3.56513 -10.3734 187.71 -0.535641 -0.260617 0.803223 0.487444 -9.38375 186.539 -0.552992 -0.237499 0.798523 4.13377 -10.0383 187.83 -0.578375 -0.247698 0.777257 2.26183 -1.7295 54.9407 5.14362 -11.0012 -3.46495 -13.3702 0 1.98344 -1.95333 -5.94233 0 1 0.0927256 1 
