3.14016 3.14016 43.0084 0.00143635 -0.0047625 -21.6624 6.74145 185.414 -0.689853 0.0543389 0.721857 -20.2512 6.05861 189.484 -0.657743 0.113085 0.744705 
3.14016 3.14016 43.0084 0.00143635 -0.0047625 -21.6624 6.74145 185.414 -0.689853 0.0543389 0.721857 -20.2512 6.05861 189.484 -0.657743 0.113085 0.744705 
3.14016 3.14016 43.0084 0.00143635 -0.0047625 -21.6624 6.74145 185.414 -0.689853 0.0543389 0.721857 -20.2512 6.05861 189.484 -0.657743 0.113085 0.744705 
3.14016 3.14016 43.0084 0.00143635 -0.0047625 -21.6636 6.74146 185.412 -0.68973 0.0543376 0.721978 -20.2512 6.05861 189.484 -0.657743 0.113085 0.744705 
3.14016 3.14016 43.0084 0.00143635 -0.0047625 -21.6624 6.74258 185.413 -0.689858 0.054217 0.721861 -20.2512 6.05861 189.484 -0.657743 0.113085 0.744705 
3.14016 3.14016 43.0084 0.00143635 -0.0047625 -21.6636 6.74146 185.412 -0.68973 0.0543376 0.721978 -20.2512 6.05861 189.484 -0.657743 0.113085 0.744705 
3.14016 3.14016 43.01 0.00143635 -0.0047625 -21.6624 6.74258 185.413 -0.689858 0.054217 0.721861 -20.252 6.0589 189.485 -0.657757 0.113088 0.744692 
3.14016 3.14016 43.01 0.00143635 -0.0047625 -21.6635 6.74259 185.412 -0.689735 0.0542157 0.721981 -20.252 6.0589 189.485 -0.657757 0.113088 0.744692 
3.14016 3.14016 43.01 0.00143635 -0.0047625 -21.6624 6.74258 185.413 -0.689858 0.054217 0.721861 -20.252 6.0589 189.485 -0.657757 0.113088 0.744692 
3.14016 3.14016 43.01 0.00143635 -0.0047625 -21.5509 6.7378 185.412 -0.689858 0.054217 0.721861 -20.252 6.0589 189.485 -0.657757 0.113088 0.744692 
3.14016 3.14016 43.01 0.00143635 -0.0047625 -21.5509 6.7378 185.412 -0.689858 0.054217 0.721861 -20.252 6.0589 189.485 -0.657757 0.113088 0.744692 
3.14016 3.14016 43.01 0.00143635 -0.0047625 -21.6624 6.74258 185.413 -0.689858 0.054217 0.721861 -20.252 6.0589 189.485 -0.657757 0.113088 0.744692 
3.14016 3.14016 43.01 0.00143635 -0.0047625 -21.552 6.73898 185.412 -0.689741 0.0540899 0.721863 -20.252 6.0589 189.485 -0.657757 0.113088 0.744692 
3.14016 3.14016 43.0116 0.00143635 -0.00635 -21.552 6.73898 185.412 -0.689741 0.0540899 0.721863 -20.2527 6.05919 189.485 -0.657771 0.113092 0.744679 
3.14016 3.14016 43.0116 0.00143635 -0.00635 -21.552 6.73894 185.411 -0.68974 0.0540938 0.721985 -20.2527 6.05919 189.485 -0.657771 0.113092 0.744679 
3.14016 3.14016 43.0116 0.00143635 -0.00635 -21.552 6.73894 185.411 -0.68974 0.0540938 0.721985 -20.2527 6.05919 189.485 -0.657771 0.113092 0.744679 
3.14016 3.14016 43.0116 0.00143635 -0.00635 -21.552 6.73894 185.411 -0.68974 0.0540938 0.721985 -20.2527 6.05919 189.485 -0.657771 0.113092 0.744679 
3.14016 3.14016 43.0116 0.00143635 -0.00635 -21.5508 6.73893 185.412 -0.689863 0.0540951 0.721865 -20.2527 6.05919 189.485 -0.657771 0.113092 0.744679 
3.14016 3.14016 43.0116 0.00143635 -0.00635 -21.5531 6.73899 185.411 -0.689618 0.0540886 0.721984 -20.2527 6.05919 189.485 -0.657771 0.113092 0.744679 
3.14016 3.14016 43.0116 0.00143635 -0.00635 -21.552 6.73894 185.411 -0.68974 0.0540938 0.721985 -20.2527 6.05919 189.485 -0.657771 0.113092 0.744679 
3.14016 3.14016 43.0116 0.00143635 -0.00635 -21.5531 6.73899 185.411 -0.689618 0.0540886 0.721984 -20.2527 6.05919 189.485 -0.657771 0.113092 0.744679 
3.14016 3.14016 43.0116 0.00143635 -0.00635 -21.5531 6.73899 185.411 -0.689618 0.0540886 0.721984 -20.2527 6.05919 189.485 -0.657771 0.113092 0.744679 
3.14016 3.14016 43.0116 0.00143635 -0.00635 -21.5531 6.73896 185.41 -0.689617 0.0540924 0.722106 -20.2527 6.05919 189.485 -0.657771 0.113092 0.744679 
3.14016 3.14016 43.0116 0.00143635 -0.00635 -21.552 6.73894 185.411 -0.68974 0.0540938 0.721985 -20.2527 6.05919 189.485 -0.657771 0.113092 0.744679 
3.14016 3.14016 43.0116 0.00143635 -0.00635 -21.5531 6.73896 185.41 -0.689617 0.0540924 0.722106 -20.2527 6.05919 189.485 -0.657771 0.113092 0.744679 
3.14016 3.14016 43.0116 0.00143635 -0.00635 -21.5531 6.73896 185.41 -0.689617 0.0540924 0.722106 -20.2527 6.05919 189.485 -0.657771 0.113092 0.744679 
3.14016 3.14016 43.0116 0.00143635 -0.00635 -21.5531 6.73896 185.41 -0.689617 0.0540924 0.722106 -20.2527 6.05919 189.485 -0.657771 0.113092 0.744679 
3.14016 3.14016 43.0116 0.00143635 -0.00635 -21.5531 6.74009 185.41 -0.689622 0.0539705 0.72211 -20.2527 6.05919 189.485 -0.657771 0.113092 0.744679 
3.14016 3.14016 43.0116 0.00143635 -0.00635 -21.5531 6.74009 185.41 -0.689622 0.0539705 0.72211 -20.2527 6.05919 189.485 -0.657771 0.113092 0.744679 
3.14016 3.14016 43.0116 0.00143635 -0.00635 -21.5531 6.73896 185.41 -0.689617 0.0540924 0.722106 -20.2527 6.05919 189.485 -0.657771 0.113092 0.744679 
