3.13987 3.13987 43.0211 0.00172362 -0.0206375 -21.6228 4.53644 185.264 -0.705313 0.0164754 0.708587 -20.2529 6.06716 189.477 -0.65782 0.11313 0.74463 
3.13987 3.13987 43.0211 0.00172362 -0.0206375 -21.6217 4.53634 185.264 -0.705435 0.0164852 0.708588 -20.2529 6.06716 189.477 -0.65782 0.11313 0.74463 
3.13987 3.13987 43.0211 0.00172362 -0.0206375 -21.6217 4.53634 185.264 -0.705435 0.0164852 0.708588 -20.2529 6.06716 189.477 -0.65782 0.11313 0.74463 
3.13987 3.13987 43.0211 0.00172362 -0.0206375 -21.6217 4.53638 185.265 -0.705436 0.0164814 0.708466 -20.2529 6.06716 189.477 -0.65782 0.11313 0.74463 
3.13987 3.13987 43.0211 0.00172362 -0.0206375 -21.6217 4.53638 185.265 -0.705436 0.0164814 0.708466 -20.2529 6.06716 189.477 -0.65782 0.11313 0.74463 
3.13987 3.13987 43.0211 0.00172362 -0.0206375 -21.6205 4.53742 185.265 -0.705568 0.0163695 0.708471 -20.2529 6.06716 189.477 -0.65782 0.11313 0.74463 
3.13987 3.13987 43.0211 0.00172362 -0.0206375 -21.6205 4.53742 185.265 -0.705568 0.0163695 0.708471 -20.2529 6.06716 189.477 -0.65782 0.11313 0.74463 
3.13987 3.13987 43.0211 0.00172362 -0.0206375 -21.6205 4.53742 185.265 -0.705568 0.0163695 0.708471 -20.2529 6.06716 189.477 -0.65782 0.11313 0.74463 
3.13987 3.13987 43.0211 0.00172362 -0.0206375 -21.6216 4.53751 185.265 -0.705446 0.0163597 0.70847 -20.2529 6.06716 189.477 -0.65782 0.11313 0.74463 
3.13987 3.13987 43.0211 0.00172362 -0.0206375 -21.6216 4.53751 185.265 -0.705446 0.0163597 0.70847 -20.2529 6.06716 189.477 -0.65782 0.11313 0.74463 
3.13987 3.13987 43.0211 0.00172362 -0.0206375 -21.6305 4.42631 185.268 -0.705446 0.0163597 0.70847 -20.2529 6.06716 189.477 -0.65782 0.11313 0.74463 
3.13987 3.13987 43.0211 0.00172362 -0.0206375 -21.6305 4.42631 185.268 -0.705446 0.0163597 0.70847 -20.2529 6.06716 189.477 -0.65782 0.11313 0.74463 
3.13987 3.13987 43.0211 0.00172362 -0.0206375 -21.6293 4.42738 185.27 -0.705579 0.016244 0.708353 -20.2529 6.06716 189.477 -0.65782 0.11313 0.74463 
3.13987 3.13987 43.0211 0.00172362 -0.0206375 -21.6293 4.42738 185.27 -0.705579 0.016244 0.708353 -20.2529 6.06716 189.477 -0.65782 0.11313 0.74463 
3.13987 3.13987 43.0211 0.00172362 -0.0206375 -21.6294 4.42622 185.268 -0.705568 0.0163695 0.708471 -20.2529 6.06716 189.477 -0.65782 0.11313 0.74463 
3.13987 3.13987 43.0211 0.00172362 -0.0206375 -21.6294 4.42622 185.268 -0.705568 0.0163695 0.708471 -20.2529 6.06716 189.477 -0.65782 0.11313 0.74463 
3.13987 3.13987 43.0211 0.00172362 -0.0206375 -21.6293 4.42735 185.268 -0.705578 0.0162479 0.708475 -20.2529 6.06716 189.477 -0.65782 0.11313 0.74463 
3.13987 3.13987 43.0211 0.00172362 -0.0206375 -21.6293 4.42735 185.268 -0.705578 0.0162479 0.708475 -20.2529 6.06716 189.477 -0.65782 0.11313 0.74463 
3.13987 3.13987 43.0211 0.00172362 -0.0206375 -21.6293 4.42735 185.268 -0.705578 0.0162479 0.708475 -20.2529 6.06716 189.477 -0.65782 0.11313 0.74463 
3.13987 3.13987 43.0211 0.00172362 -0.0206375 -21.6293 4.42738 185.27 -0.705579 0.016244 0.708353 -20.2529 6.06716 189.477 -0.65782 0.11313 0.74463 
3.13987 3.13987 43.0211 0.00172362 -0.0206375 -21.6304 4.42744 185.268 -0.705456 0.0162381 0.708474 -20.2529 6.06716 189.477 -0.65782 0.11313 0.74463 
3.13987 3.13987 43.0211 0.00172362 -0.0206375 -21.6293 4.42738 185.27 -0.705579 0.016244 0.708353 -20.5602 5.80753 187.953 -0.675639 0.0874318 0.73203 
3.13987 3.13987 43.0211 0.00172362 -0.0206375 -21.6304 4.42744 185.268 -0.705456 0.0162381 0.708474 -20.4872 6.55338 186.302 -0.685898 0.0757547 0.723744 
3.13987 3.13987 43.0211 0.00172362 -0.0206375 -21.6293 4.42738 185.27 -0.705579 0.016244 0.708353 -20.1432 6.88976 185.497 -0.685612 0.0709551 0.724501 
3.13987 3.13987 43.0211 0.00172362 -0.0206375 -21.6292 4.42851 185.269 -0.705589 0.0161224 0.708357 -20.0809 6.84271 185.404 -0.68562 0.0686522 0.724716 
3.13987 3.13987 43.0211 0.00172362 -0.0206375 -21.6292 4.42851 185.269 -0.705589 0.0161224 0.708357 -20.0796 6.84139 185.402 -0.685623 0.0685996 0.724718 
3.13987 3.13987 43.0211 0.00172362 -0.0206375 -21.6292 4.42851 185.269 -0.705589 0.0161224 0.708357 -20.0797 6.84063 185.402 -0.685618 0.068679 0.724715 
3.13987 3.13987 43.0211 0.00172362 -0.0206375 -21.6292 4.42851 185.269 -0.705589 0.0161224 0.708357 -20.0796 6.84139 185.402 -0.685624 0.0685975 0.724717 
3.13987 3.13987 43.0211 0.00172362 -0.0206375 -21.6292 4.42848 185.268 -0.705587 0.0161263 0.708479 -20.0799 6.8414 185.402 -0.685574 0.0685948 0.724764 
3.13987 3.13987 43.0211 0.00172362 -0.0206375 -21.6303 4.42857 185.268 -0.705466 0.0161165 0.708478 -20.0797 6.84158 185.402 -0.685583 0.0685754 0.724757 
3.13987 3.13987 43.0211 0.00172362 -0.0206375 -21.6303 4.4297 185.268 -0.705475 0.0159949 0.708482 -20.0795 6.84319 185.402 -0.68563 0.0682838 0.72474 
3.13987 3.13987 43.0211 0.00172362 -0.0206375 -21.6303 4.4297 185.268 -0.705475 0.0159949 0.708482 -20.3573 6.61454 185.372 -0.659803 0.130103 0.74009 
3.13987 3.13987 43.0211 0.00172362 -0.0206375 -21.6303 4.4297 185.268 -0.705475 0.0159949 0.708482 -848.82 103.009 183.91 -0.850009 -0.459989 0.2567 
3.13987 3.13987 43.0211 0.00172362 -0.0206375 -21.5179 4.42066 185.267 -0.705597 0.0160047 0.708483 -3932.63 -3026.53 249.044 0.117714 0.99296 -0.01315 
3.13987 3.13987 43.0211 0.00172362 -0.0206375 -21.6303 4.4297 185.268 -0.705475 0.0159949 0.708482 4.90471e+008 -4.13941e+007 -1.72376e+006 -0.459168 0.858706 -0.227573 
