2.97067 3.13987 46.3739 0.214879 -1.02711 -24.4799 5.07477 186.212 -0.715436 -0.0646736 0.695587 -21.8763 7.00761 190.891 -0.695056 0.0101512 0.718884 
2.83536 -3.02927 48.6662 0.126686 -2.47333 -23.9674 7.29672 186.896 -0.711955 -0.0752539 0.698083 -19.9115 5.46196 191.222 -0.674744 -0.139453 0.724757 
2.79486 -2.98733 49.9458 0.0833085 -3.72586 -23.937 9.15761 186.657 -0.71831 -0.0598667 0.693023 -19.3367 6.64192 191.112 -0.675718 -0.131058 0.725416 
2.75292 -2.90661 52.0556 0.00574541 -5.99123 -23.844 10.3169 186.434 -0.722966 -0.0534512 0.688719 -18.2295 7.72299 190.743 -0.675385 -0.126118 0.726601 
2.69891 -2.76354 55.3067 6.14386 -10.2775 -23.058 11.3303 185.469 -0.731664 -0.0490885 0.679884 -16.0526 8.68672 189.424 -0.675486 -0.122534 0.727121 
2.62767 -2.57509 59.3057 5.95282 -15.4242 -21.2967 12.3024 183.808 -0.738128 -0.0472047 0.672935 -13.0999 8.72615 187.936 -0.680265 -0.13028 0.721295 
2.51793 -2.38291 64.0142 5.75691 -21.082 -17.6241 12.2832 182.548 -0.738318 -0.054311 0.672186 -9.20198 7.76183 186.518 -0.686959 -0.143479 0.712391 
0.305369 -3.06633 82.2561 0.317721 -46.6741 22.9524 24.1415 171.881 -0.601727 -0.0996287 0.792396 24.8917 9.6365 173.265 -0.56119 -0.311869 0.766684 
0.0364834 -3.13987 82.3816 0.475146 -50.7651 24.4274 23.8565 167.292 -0.554497 -0.201391 0.807442 27.57 8.09296 169.135 -0.512897 -0.389317 0.765094 
-0.0270034 3.13958 82.6276 0.548113 -46.7995 25.1292 22.9465 170.655 -0.536094 -0.240009 0.80932 20.2838 19.1697 173.479 -0.592716 -0.245288 0.767151 
0.479742 3.14016 82.426 0.533174 -43.3197 14.595 33.5171 174.139 -0.552748 -0.246332 0.796029 9.79704 31.5866 175.514 -0.656011 -0.175122 0.734154 
0.763278 3.09534 82.5705 0.460782 -41.0924 8.338 40.1136 175.133 -0.614671 -0.176617 0.768613 3.62143 37.2875 176.485 -0.715384 -0.0696285 0.695254 
1.29387 -3.03071 82.5927 0.187301 -40.3987 3.44599 36.6944 176.439 -0.677015 -0.105223 0.728324 2.40266 23.8004 179.939 -0.681841 -0.213221 0.699736 
1.94224 -2.86696 82.5578 6.18207 -39.4367 -11.3666 30.0915 177.656 -0.780669 -0.019334 0.624526 -10.2158 19.9376 179.981 -0.776089 -0.122232 0.618664 
2.20911 -2.81468 82.526 6.10824 -38.8144 -19.5614 26.2615 177.78 -0.818341 -0.0143389 0.57447 -17.2077 18.837 180.02 -0.807251 -0.101727 0.581375 
2.34585 -2.79514 82.5784 6.06486 -38.1524 -23.7343 24.0551 177.81 -0.836397 -0.0103956 0.547922 -20.6041 17.4343 180.061 -0.824972 -0.0857447 0.558631 
2.43692 -2.92987 82.6054 6.16742 -36.1886 -29.2997 24.1801 178.669 -0.860436 0.0163953 0.509354 -26.6027 17.3417 180.87 -0.850686 -0.0702242 0.520963 
2.51103 -3.04995 82.399 6.2444 -35.5457 -34.0803 25.6216 178.119 -0.879412 0.0612281 0.472108 -30.9424 16.8291 180.579 -0.871236 -0.0461412 0.488691 
2.46909 -2.90086 82.2308 6.07865 -37.892 -30.2934 25.4872 176.775 -0.867264 0.0778486 0.491717 -25.5019 17.868 179.117 -0.853894 -0.0205872 0.52004 
2.43519 -2.87788 82.2689 6.01459 -38.3651 -28.0987 26.1516 176.409 -0.859118 0.103236 0.501198 -23.204 19.4917 178.948 -0.84817 0.017512 0.529434 
2.41911 -2.87673 82.272 5.98701 -38.4746 -26.9949 26.5937 176.348 -0.854843 0.122466 0.504201 -22.1898 20.4283 178.94 -0.84547 0.0409146 0.532454 
2.40158 -2.87845 82.2768 5.96546 -38.6064 -25.9933 27.257 176.29 -0.850546 0.1424 0.506326 -21.2429 21.3039 178.905 -0.842432 0.0614366 0.535289 
2.37918 -2.87874 82.3085 5.94018 -38.7731 -24.8788 28.1095 176.229 -0.84539 0.165452 0.507732 -20.0236 22.2357 178.873 -0.837977 0.0838721 0.539221 
2.34729 -2.88305 82.253 5.92008 -39.0319 -23.7875 28.55 176.171 -0.839766 0.184861 0.51047 -18.6123 23.2537 178.787 -0.832357 0.105106 0.544183 
2.30477 -2.8931 82.2514 5.9083 -39.497 -22.3545 29.5986 175.86 -0.832123 0.208481 0.513784 -17.0561 24.3034 178.531 -0.82598 0.123486 0.550008 
2.24732 -2.91264 82.2085 5.89824 -40.2479 -20.1605 31.0156 175.272 -0.82061 0.236079 0.520469 -15.0495 25.5788 178.047 -0.817419 0.146889 0.557 
2.20825 -2.92643 82.1895 5.88819 -40.8781 -17.9658 32.3361 174.595 -0.809815 0.261683 0.525028 -13.5906 26.3158 177.578 -0.810988 0.164848 0.561358 
2.18326 -2.93562 82.2196 5.87612 -41.3226 -16.3367 33.2777 174.057 -0.800064 0.28303 0.528879 -12.4965 26.7936 177.229 -0.805717 0.180816 0.564026 
2.17579 -2.93792 82.2387 5.86865 -41.5084 -15.6879 33.7096 173.795 -0.795604 0.292668 0.530354 -12.06 26.9523 177.073 -0.803389 0.188285 0.564902 
2.17234 -2.93792 82.2498 5.85946 -41.6481 -15.1536 33.8346 173.663 -0.792216 0.300252 0.531173 -11.6962 27.0492 176.951 -0.801237 0.195503 0.565507 
2.17349 -2.9382 82.2561 5.84969 -41.7354 -14.7244 33.9822 173.533 -0.789523 0.305907 0.53194 -11.4715 27.178 176.857 -0.7994 0.203597 0.565251 
2.17694 -2.93677 82.2641 5.83878 -41.7941 -14.4068 34.1336 173.405 -0.786825 0.311681 0.53258 -11.2821 27.261 176.786 -0.797616 0.211365 0.564919 
2.18297 -2.93418 82.2689 5.82585 -41.8211 -14.0914 34.1759 173.394 -0.784247 0.317574 0.532974 -11.1181 27.3312 176.738 -0.795696 0.219948 0.564349 
2.1913 -2.93102 82.2689 5.81177 -41.8386 -13.7764 34.3185 173.381 -0.78113 0.324665 0.533323 -10.9968 27.3987 176.689 -0.793732 0.229082 0.563481 
2.20222 -2.92671 82.2673 5.79569 -41.8703 -13.5803 34.3454 173.263 -0.777867 0.332353 0.533408 -10.9024 27.45 176.616 -0.791593 0.239001 0.562369 
2.2117 -2.92327 82.2752 5.7819 -41.9417 -13.2714 34.3689 173.259 -0.774599 0.340269 0.532997 -10.8273 27.4996 176.508 -0.789659 0.247659 0.561341 
2.22118 -2.92068 82.2895 5.76868 -42.0513 -13.0761 34.2935 173.258 -0.771609 0.34735 0.53286 -10.7709 27.5718 176.357 -0.787683 0.256495 0.560147 
2.22951 -2.91867 82.2974 5.75633 -42.1688 -12.8738 34.3316 173.146 -0.769015 0.353825 0.53238 -10.7014 27.6495 176.201 -0.785643 0.265012 0.559047 
2.2387 -2.91752 82.299 5.74369 -42.3386 -12.7826 34.3826 173.144 -0.766318 0.359811 0.532036 -10.6536 27.761 175.985 -0.783415 0.274424 0.557632 
2.24674 -2.91695 82.2911 5.73249 -42.5069 -12.5838 34.4161 172.917 -0.763472 0.366406 0.531794 -10.6072 27.8725 175.773 -0.781272 0.283073 0.556313 
2.2545 -2.91695 82.2911 5.72186 -42.653 -12.3871 34.3484 172.807 -0.76078 0.37227 0.531455 -10.5666 27.9953 175.583 -0.779081 0.291675 0.55494 
2.26369 -2.91551 82.2831 5.70951 -42.7672 -12.296 34.397 172.694 -0.75821 0.37814 0.531116 -10.5239 28.08 175.421 -0.776686 0.300522 0.553575 
2.27346 -2.9135 82.2736 5.69629 -42.8927 -12.0981 34.4375 172.577 -0.755134 0.384363 0.531006 -10.5078 28.1301 175.231 -0.774344 0.309504 0.551904 
2.28007 -2.91522 82.2847 5.68566 -43.0562 -11.899 34.4789 172.351 -0.752326 0.3901 0.530669 -10.4226 28.3056 175.021 -0.771407 0.319289 0.550442 
2.28495 -2.91723 82.2689 5.67647 -43.2372 -11.7 34.5172 172.239 -0.749366 0.39656 0.530185 -10.3185 28.4739 174.803 -0.768571 0.328093 0.54923 
2.28696 -2.92154 82.2323 5.66958 -43.4927 -11.5046 34.5522 172.125 -0.746023 0.403373 0.529808 -10.1781 28.7019 174.516 -0.765611 0.336775 0.548108 
2.28782 -2.92671 82.2165 5.66326 -43.7912 -11.3106 34.7908 171.781 -0.741769 0.411491 0.52938 -10.0111 28.9548 174.19 -0.762439 0.34561 0.547029 
2.28926 -2.93131 82.2038 5.6555 -44.1277 -10.8966 35.0032 171.442 -0.737202 0.421404 0.528157 -9.81921 29.1991 173.824 -0.75885 0.355084 0.545951 
2.29127 -2.9382 82.1911 5.64803 -44.4119 -10.4838 35.3206 171.103 -0.731997 0.432014 0.526661 -9.6425 29.5223 173.497 -0.754762 0.366074 0.544357 
2.29587 -2.94309 82.2069 5.63884 -44.6961 -10.085 35.8143 170.652 -0.724401 0.447264 0.524379 -9.50113 29.7846 173.163 -0.75064 0.376878 0.542681 
2.30133 -2.94797 82.2149 5.62878 -44.9596 -9.78418 36.0461 170.307 -0.71965 0.455605 0.523938 -9.35708 30.0506 172.843 -0.746118 0.388304 0.540859 
2.30592 -2.95199 82.2054 5.62103 -45.1437 -9.69987 36.2018 170.078 -0.715976 0.461553 0.523707 -9.25368 30.2615 172.612 -0.742481 0.397279 0.539343 
2.31224 -2.95573 82.2308 5.61212 -45.3549 -9.29636 36.5139 169.739 -0.709769 0.472731 0.522181 -9.16982 30.4669 172.345 -0.738528 0.406907 0.537589 
2.31799 -2.9856 82.1847 5.60006 -46.6503 -8.42497 37.3512 168.634 -0.691298 0.506085 0.515658 -8.80214 31.6216 170.874 -0.725223 0.438128 0.531127 
2.25938 -3.12292 82.1895 5.6328 -49.6014 -5.29472 41.5398 164.248 -0.637497 0.588171 0.497534 -7.12607 36.3717 167.674 -0.690934 0.509064 0.513287 
2.29558 3.12292 82.3451 5.67216 -49.3887 -4.31999 42.5548 163.593 -0.617096 0.615427 0.490206 -1.65369 43.9839 164.753 -0.590336 0.659931 0.464751 
2.34298 3.04478 82.4911 5.79396 -48.3806 -9.03088 43.954 163.873 -0.657907 0.584868 0.474419 -6.39101 45.35 164.973 -0.632279 0.633004 0.446686 
2.37918 2.98991 82.5514 5.85228 -47.6393 -11.7166 45.0594 164.129 -0.676662 0.57563 0.458924 -8.78072 46.1947 165.176 -0.644159 0.63076 0.432668 
2.40819 2.94022 82.5959 5.90054 -46.9471 -14.0513 45.9469 164.481 -0.685575 0.576168 0.444962 -10.6614 46.9161 165.391 -0.650952 0.632406 0.41991 
2.42514 2.89741 82.6086 5.93932 -46.3725 -15.7612 46.5748 164.681 -0.690882 0.577183 0.43534 -11.9429 47.4919 165.583 -0.654347 0.635206 0.410298 
2.4372 2.85691 82.6229 5.97552 -45.8391 -16.9407 47.0511 164.982 -0.693643 0.580322 0.426722 -13.0223 48.0278 165.766 -0.656609 0.638383 0.401661 
2.44525 2.82617 82.6118 6.00425 -45.4184 -17.8009 47.6122 165.151 -0.694394 0.584403 0.419638 -13.8852 48.39 165.931 -0.659112 0.639691 0.395433 
2.45099 2.80663 82.5927 6.02349 -45.1834 -18.4434 47.8545 165.306 -0.696092 0.585788 0.41485 -14.505 48.5831 166.009 -0.661393 0.639773 0.391472 
2.45789 2.79773 82.5752 6.0324 -45.1009 -18.9767 48.0959 165.334 -0.697688 0.586364 0.411674 -14.9232 48.6118 166.024 -0.662909 0.639564 0.389242 
2.46478 2.79026 82.5625 6.03987 -45.0644 -19.3019 48.1094 165.358 -0.698683 0.586458 0.409483 -15.3059 48.6143 166.007 -0.664276 0.639326 0.387298 
2.47168 2.78452 82.553 6.04561 -45.0628 -19.6249 48.232 165.372 -0.699417 0.586804 0.407893 -15.6462 48.5888 165.969 -0.665465 0.639067 0.38568 
2.47771 2.78021 82.5117 6.05107 -45.0628 -20.0665 48.1397 165.395 -0.70041 0.586796 0.406317 -15.9813 48.5344 165.942 -0.667163 0.63806 0.384412 
2.48518 2.77504 82.4879 6.05739 -45.0628 -20.3966 48.1462 165.303 -0.701019 0.587255 0.404599 -16.3768 48.4621 165.91 -0.669065 0.636973 0.382908 
2.49092 2.76757 82.4911 6.06515 -45.0628 -20.7217 48.1651 165.318 -0.70203 0.586766 0.403282 -16.7325 48.4475 165.86 -0.670482 0.636485 0.381235 
2.49581 2.75924 82.4959 6.07348 -45.0628 -21.0445 48.0788 165.223 -0.703939 0.585225 0.402254 -17.0681 48.4542 165.804 -0.671721 0.636192 0.37954 
2.49897 2.75119 82.4974 6.08152 -45.0628 -21.3661 47.9949 165.241 -0.705845 0.583802 0.401099 -17.3468 48.4817 165.748 -0.672779 0.635956 0.378059 
2.49954 2.74315 82.4974 6.08956 -45.0628 -21.689 48.0123 165.146 -0.707234 0.583081 0.399672 -17.5522 48.5509 165.689 -0.673614 0.635824 0.376792 
2.49839 2.73568 82.4974 6.09703 -45.0628 -21.9063 48.0185 165.049 -0.707981 0.58307 0.398337 -17.6963 48.6436 165.631 -0.674248 0.635772 0.375744 
2.49868 2.73051 82.4959 6.1022 -45.0628 -22.1236 48.027 165.061 -0.708598 0.583183 0.397241 -17.8267 48.6881 165.593 -0.674779 0.635682 0.374942 
2.49811 2.72677 82.4847 6.10651 -45.0628 -22.2281 48.1422 165.067 -0.708846 0.583288 0.396386 -17.9271 48.7237 165.565 -0.675462 0.635264 0.37442 
2.49753 2.72476 82.4594 6.10996 -45.0628 -22.3386 48.1413 164.963 -0.709088 0.583519 0.395648 -18.0289 48.7273 165.549 -0.676523 0.634289 0.374157 
2.49466 2.72275 82.4276 6.11398 -45.0644 -22.4456 48.251 164.969 -0.709066 0.584223 0.394771 -18.095 48.7617 165.527 -0.677753 0.633035 0.374054 
2.49207 2.72361 82.4022 6.11657 -45.0675 -22.555 48.3561 164.864 -0.708919 0.58504 0.393766 -18.1707 48.7373 165.525 -0.679629 0.630835 0.374368 
2.48978 2.72361 82.3752 6.11887 -45.0723 -22.5539 48.3539 164.87 -0.709038 0.58527 0.393149 -18.2188 48.7364 165.516 -0.680883 0.629382 0.374534 
2.48776 2.72448 82.3546 6.12088 -45.0882 -22.5515 48.3562 164.872 -0.709295 0.585029 0.392916 -18.2821 48.7114 165.503 -0.682434 0.627534 0.374812 
2.48518 2.72735 82.3355 6.12174 -45.1358 -22.6595 48.3617 164.761 -0.709803 0.584562 0.392936 -18.3226 48.661 165.473 -0.684271 0.62515 0.375447 
2.47886 2.73338 82.3165 6.12059 -45.2326 -22.6535 48.3695 164.762 -0.710451 0.583731 0.392848 -18.2372 48.622 165.411 -0.686182 0.622189 0.376875 
2.45875 2.75837 82.2752 6.1091 -45.5533 -22.7457 48.2943 164.647 -0.713169 0.579963 0.393731 -17.7096 48.4444 165.257 -0.690298 0.614069 0.382632 
2.43232 2.79514 82.2181 6.08956 -46.0502 -22.3873 48.0214 164.271 -0.71767 0.570667 0.398964 -16.8602 48.0929 165.034 -0.694732 0.603351 0.391555 
2.41078 2.82646 82.1879 6.0729 -46.536 -21.8159 47.4291 164.107 -0.722352 0.559491 0.406335 -16.1401 47.7092 164.801 -0.698344 0.593836 0.399593 
2.38435 2.85317 82.1577 6.06342 -46.971 -21.3562 46.943 163.835 -0.726645 0.549012 0.413069 -15.4954 47.3233 164.596 -0.703341 0.582156 0.407929 
2.36079 2.87443 82.1434 6.05653 -47.3456 -21.0067 46.4619 163.572 -0.731068 0.53851 0.41895 -14.8956 47.0231 164.409 -0.707013 0.572623 0.415014 
2.31655 2.89914 82.1403 6.05078 -47.8044 -20.5454 45.9838 163.303 -0.735523 0.527171 0.425346 -13.7806 46.6643 164.182 -0.710591 0.560091 0.425862 
2.23726 2.92355 82.1593 6.05509 -48.1997 -19.1744 45.9465 163.085 -0.739708 0.512649 0.435749 -11.9927 46.239 164.037 -0.715356 0.541056 0.44218 
2.16085 2.9405 82.1323 6.06543 -48.4362 -17.6892 46.128 163.08 -0.742883 0.498825 0.446363 -10.3893 45.933 163.965 -0.71933 0.523906 0.456165 
2.09277 2.95573 82.1482 6.0752 -48.7442 -16.2145 46.3027 162.959 -0.745061 0.48534 0.457444 -8.97897 45.6642 163.804 -0.722614 0.508289 0.468478 
2.04479 2.97067 82.1434 6.07807 -49.0903 -15.0804 46.3729 162.858 -0.747097 0.472661 0.467153 -7.88499 45.4001 163.606 -0.72425 0.4971 0.477863 
1.99883 2.99106 82.1196 6.0775 -49.5967 -13.8563 46.2029 162.644 -0.747985 0.460933 0.477553 -6.80874 44.9987 163.307 -0.726263 0.484245 0.487902 
1.93506 3.02697 82.0926 6.0775 -50.4206 -12.0828 45.6362 162.285 -0.750157 0.440976 0.492626 -5.50236 44.2225 162.857 -0.731674 0.460157 0.502901 
1.76758 3.1347 82.1482 6.05797 -53.54 -5.93371 41.9249 160.546 -0.74823 0.363091 0.555179 -1.4967 41.9077 160.898 -0.738197 0.40241 0.541416 
1.2864 -3.14102 82.1768 0.0376325 -58.2946 1.2223 40.2951 157.4 -0.742405 0.18479 0.64385 4.33158 26.2365 161.897 -0.731815 -0.0338621 0.680662 
1.25882 3.14159 82.1942 0.0600396 -58.4216 1.2921 40.1588 157.084 -0.74023 0.150224 0.655186 2.68579 41.9245 157.453 -0.758352 0.209543 0.617247 
1.25882 3.14159 82.1942 0.0600396 -58.4216 1.40117 40.1506 157.08 -0.739967 0.150591 0.655538 2.68579 41.9245 157.453 -0.758352 0.209543 0.617247 
0.96207 3.04191 82.4895 0.411946 -56.2848 -1.20475 41.8079 158.648 -0.73236 0.0142935 0.680803 -1.09472 40.8643 159.943 -0.752751 0.00980994 0.658232 
0.816136 2.98101 82.5165 0.585458 -54.9434 -4.5153 44.1545 159.857 -0.716375 -0.074722 0.693597 -3.17473 41.3141 161.141 -0.733975 -0.0750027 0.675022 
0.760406 2.9563 82.507 0.652679 -54.383 -6.02428 44.8641 160.374 -0.707792 -0.106474 0.698298 -4.17501 41.6138 161.612 -0.725207 -0.105462 0.680406 
0.735413 2.94424 82.5022 0.68629 -54.0575 -6.73128 45.2903 160.683 -0.702289 -0.124102 0.700996 -4.80554 41.7597 161.885 -0.720823 -0.120675 0.682533 
0.720188 2.93763 82.507 0.707835 -53.9448 -7.41041 45.5107 160.796 -0.700563 -0.132358 0.70124 -5.24049 41.8143 161.975 -0.717692 -0.131195 0.683891 
0.729955 2.94567 82.3482 0.713293 -54.002 -7.79164 45.5275 160.893 -0.695917 -0.144217 0.70352 -5.73886 41.5562 161.978 -0.716097 -0.141112 0.683588 
0.763853 2.96406 82.3736 0.701802 -54.1734 -7.49784 44.5849 160.756 -0.684778 -0.165151 0.709679 -6.28024 41.1227 161.9 -0.717484 -0.146652 0.680963 
0.843714 2.99796 82.5371 0.667904 -52.4304 -7.73493 44.1372 162.232 -0.684054 -0.170945 0.709123 -7.45311 40.4595 163.741 -0.725148 -0.147708 0.672564 
0.95575 3.0557 82.5816 0.61993 -50.5365 -7.88971 42.2244 164.627 -0.674762 -0.196945 0.71119 -9.25765 39.3294 165.879 -0.734346 -0.155376 0.660753 
1.24417 -3.14044 82.5229 0.713868 -40.7718 -18.4728 35.5916 175.384 -0.643392 -0.337561 0.687102 -11.7764 23.8929 179.566 -0.543932 -0.480062 0.688244 
1.60527 2.74171 82.353 1.02958 -37.4761 -49.0481 28.013 172.695 -0.795448 -0.341279 0.500719 -46.5742 29.2645 172.585 -0.82366 -0.30005 0.481201 
1.60671 2.55297 82.2006 0.885081 -49.0998 -48.5895 40.7064 157.903 -0.899461 -0.0748302 0.430623 -43.6476 42.2308 158.516 -0.904554 -0.0280824 0.425434 
1.50271 2.557 82.1625 0.8463 -50.9984 -45.4957 44.8109 156.119 -0.90035 -0.0195272 0.434734 -39.6161 46.4019 156.859 -0.896436 0.0162937 0.442874 
1.41481 2.56619 82.1561 0.828202 -52.4002 -42.5607 47.1852 155.08 -0.8929 -0.00320979 0.45013 -36.2402 48.4648 155.879 -0.886139 0.0336387 0.462197 
1.38551 2.59147 82.1323 0.792005 -53.5654 -40.1024 48.6907 154.098 -0.886226 0.0126916 0.462983 -33.4226 49.2598 155.172 -0.87808 0.0474135 0.47616 
1.36798 2.60842 82.1339 0.774195 -54.1941 -38.6622 49.2214 153.774 -0.882419 0.0200885 0.469911 -31.8951 49.4599 154.845 -0.872987 0.0504807 0.485124 
1.35477 2.62795 82.153 0.75466 -54.7926 -36.9062 49.6499 153.315 -0.877244 0.0245787 0.479481 -30.4042 49.528 154.564 -0.867879 0.0524461 0.493999 
1.34098 2.64634 82.153 0.736275 -55.4276 -35.6035 49.7919 153.105 -0.872549 0.0267259 0.487787 -28.9571 49.5634 154.233 -0.862847 0.0542003 0.50255 
1.31771 2.66616 82.1244 0.716453 -56.2642 -33.8576 50.0078 152.657 -0.867304 0.0300983 0.496903 -27.1155 49.6125 153.76 -0.856308 0.0563392 0.513384 
1.29214 2.68454 82.1196 0.698068 -56.969 -32.3331 50.4619 152.194 -0.861219 0.0328596 0.507128 -25.2719 49.6128 153.41 -0.849656 0.0582428 0.524111 
1.26255 2.70494 82.1276 0.675948 -57.6135 -30.1564 50.7612 151.821 -0.853686 0.0375799 0.519351 -23.1035 49.5731 153.164 -0.841937 0.0615182 0.536057 
1.23728 2.72275 82.1371 0.65153 -58.1676 -27.8632 51.039 151.57 -0.846562 0.0444763 0.530288 -20.9858 49.5684 152.953 -0.834886 0.0683189 0.546167 
1.16948 2.74401 82.1498 0.608439 -58.9661 -23.7017 51.7852 151.317 -0.833296 0.0645668 0.54904 -16.4806 49.6738 152.729 -0.820132 0.0884482 0.565297 
0.837394 2.71988 82.1784 0.620217 -59.9678 -12.7882 54.2246 151.059 -0.792401 0.099981 0.60168 -6.11786 49.6837 152.778 -0.778843 0.105031 0.618363 
0.472273 2.64433 82.1419 0.683704 -61.0537 -3.49195 55.3139 150.709 -0.752879 0.119212 0.647279 2.09229 49.9992 152.262 -0.745151 0.115295 0.656854 
0.352481 2.64203 82.1323 0.675373 -62.5427 1.19696 54.4357 149.816 -0.732834 0.128809 0.667999 5.93978 48.0031 151.323 -0.729378 0.113867 0.674568 
0.648083 3.10367 82.1244 0.355067 -67.5116 12.7173 38.2762 149.007 -0.65868 -0.0164819 0.75216 11.0239 34.4781 150.502 -0.701727 -0.00829507 0.712398 
1.01177 -3.08155 82.3673 0.239584 -67.0116 10.8544 35.4574 149.518 -0.64252 -0.100175 0.759652 9.38217 23.9216 153.953 -0.648545 -0.208292 0.732123 
1.40475 -3.00198 82.4879 0.0876176 -65.9606 3.64292 34.7087 150.697 -0.696692 -0.0538309 0.715305 1.61319 23.0015 154.147 -0.708325 -0.163755 0.68663 
1.68168 -2.94826 82.553 6.28003 -64.8795 -3.5758 33.4584 151.79 -0.741291 -0.0263643 0.670596 -4.69112 21.7503 154.794 -0.748511 -0.13701 0.648814 
1.84198 -2.92585 82.5657 6.2444 -64.154 -9.2745 32.1763 152.538 -0.770253 -0.0159348 0.637491 -9.11391 21.1787 155.33 -0.770111 -0.128131 0.62491 
1.98418 -2.91522 82.5737 6.22113 -63.4 -14.2479 30.9023 152.908 -0.793676 -0.0111196 0.608166 -13.4697 21.0306 155.882 -0.789257 -0.118224 0.602575 
2.06318 -2.92183 82.5768 6.21625 -62.8682 -17.4808 30.2268 153.16 -0.809345 -0.00697104 0.587325 -16.3291 21.2251 156.208 -0.801684 -0.109259 0.587678 
2.12638 -2.93964 82.5864 6.2174 -62.2379 -20.2965 29.6088 153.369 -0.821393 0.000938317 0.570354 -18.9217 21.5955 156.565 -0.813668 -0.0966419 0.573241 
2.1551 -2.98417 82.5609 6.23837 -61.7823 -22.5206 29.7964 153.656 -0.832897 0.0159072 0.553151 -21.207 22.5198 156.741 -0.824867 -0.0805599 0.559558 
2.01578 3.13125 82.4975 0.170352 -60.533 -26.5029 34.0083 152.659 -0.852919 0.0702393 0.517202 -24.4788 34.1837 153.817 -0.859244 0.0669126 0.507172 
1.76355 3.04995 82.507 0.398444 -58.8915 -29.384 34.6705 154.228 -0.843919 -0.0543009 0.53365 -25.5163 36.2978 154.655 -0.847311 -0.0360147 0.529874 
1.68341 3.02726 82.4847 0.448142 -58.4565 -29.3048 35.7972 154.665 -0.83568 -0.078171 0.543478 -25.3995 37.7384 154.889 -0.84224 -0.0491036 0.536861 
1.62107 3.00887 82.4594 0.481178 -58.2422 -28.9676 36.9843 154.897 -0.830465 -0.0863633 0.550276 -25.1264 39.018 154.969 -0.838357 -0.0538504 0.542454 
1.55615 2.98474 82.434 0.51364 -58.0676 -28.6165 38.2269 154.915 -0.826504 -0.0892902 0.555698 -24.755 40.5569 154.986 -0.835053 -0.0527915 0.547631 
1.46566 2.93993 82.4213 0.561902 -57.9549 -28.1165 40.075 154.805 -0.823642 -0.0863242 0.560457 -24.2724 42.6537 154.833 -0.831495 -0.0464578 0.553587 
1.3111 2.85145 82.4339 0.650381 -57.7024 -27.8901 42.9639 154.344 -0.822639 -0.0750218 0.563505 -23.2723 45.1081 154.68 -0.825035 -0.037785 0.563817 
1.04825 2.71298 82.4213 0.79258 -57.2675 -27.5756 47.8712 153.583 -0.821691 -0.0537898 0.567337 -21.4479 47.3325 154.546 -0.814263 -0.0333907 0.579535 
0.673937 2.53516 82.407 0.976433 -57.0039 -26.3696 53.9695 152.489 -0.815348 -0.0336711 0.577862 -20.4982 51.6637 153.848 -0.808849 -0.0242961 0.587515 
0.332947 2.27662 82.3546 1.09249 -56.8611 -23.3718 61.8666 150.075 -0.823332 0.0685172 0.563337 -18.166 58.9747 151.909 -0.823255 0.0935271 0.559914 
0.281525 2.3763 82.0545 0.951153 -61.7664 -13.0015 62.4306 146.871 -0.79453 0.141273 0.590495 -7.46197 56.4695 148.911 -0.785113 0.123388 0.606938 
0.27578 2.47024 82.0704 0.913521 -63.3603 -9.60937 59.9778 146.408 -0.775578 0.111635 0.621272 -4.62835 53.1239 148.665 -0.766197 0.0739355 0.638339 
0.533462 2.70092 82.1307 0.747478 -64.8891 -5.60411 54.3345 147.008 -0.742094 0.0292578 0.669566 -2.66778 48.5952 148.882 -0.74845 0.0235334 0.662773 
0.84515 2.88994 82.1339 0.559029 -65.4241 -3.93386 48.5079 148.545 -0.721027 -0.0317891 0.692037 -3.18434 44.4336 149.442 -0.754775 0.0145286 0.655823 
1.10283 3.05311 82.1133 0.395572 -66.2702 -3.21306 42.7838 149.147 -0.71709 -0.0546048 0.694796 -5.32858 41.9667 149.454 -0.772053 0.0153732 0.635372 
1.15454 3.07437 82.1371 0.387241 -66.3559 -3.91616 41.5498 149.117 -0.719684 -0.0630382 0.69143 -6.89799 41.8814 149.35 -0.777652 0.00621673 0.628665 
1.19763 3.09017 82.1752 0.387241 -66.3654 -5.26806 40.8464 149.198 -0.722284 -0.0771204 0.687267 -8.49234 41.7657 149.29 -0.782348 -0.00583753 0.622814 
1.22636 3.09821 82.2498 0.387241 -66.3543 -6.48391 40.5282 149.265 -0.725483 -0.0851931 0.682919 -9.53554 41.7096 149.235 -0.785554 -0.0123852 0.618669 
1.25221 3.1008 82.353 0.387528 -66.2146 -7.66075 40.5894 149.221 -0.730975 -0.0864984 0.676915 -10.4492 41.7487 149.266 -0.788773 -0.0153425 0.614493 
1.2818 3.09189 82.4101 0.394423 -65.8431 -9.05568 40.5352 149.414 -0.737235 -0.0855963 0.670117 -11.6833 42.0171 149.388 -0.793413 -0.0153919 0.608489 
1.30651 3.06776 82.453 0.40735 -65.4241 -10.3338 40.6014 149.604 -0.743561 -0.0861648 0.663123 -12.9131 42.6097 149.426 -0.798851 -0.00868899 0.601466 
1.32288 3.03588 82.4863 0.42315 -65.0018 -12.0017 41.2811 149.801 -0.752869 -0.0787466 0.653465 -13.9607 43.3732 149.426 -0.804097 0.00221646 0.594494 
1.31197 2.9767 82.5022 0.464517 -64.5081 -14.1482 42.5459 149.706 -0.768024 -0.0608912 0.637555 -15.1234 44.6444 149.32 -0.809017 0.0153514 0.587585 
1.22521 2.87012 82.4975 0.558454 -64.054 -16.8394 44.4 149.379 -0.782277 -0.0446779 0.621199 -16.0788 46.4761 148.952 -0.811025 0.0258199 0.584442 
1.02527 2.72993 82.4816 0.700079 -63.8604 -19.4293 48.4952 148.326 -0.797532 -0.0200506 0.602876 -16.1519 48.5707 148.267 -0.808074 0.0289225 0.588371 
0.800336 2.60526 82.345 0.829638 -63.9127 -20.6291 54.3161 146.294 -0.810292 0.0255255 0.585445 -16.2062 51.2788 147.425 -0.806969 0.0336414 0.589635 
0.563912 2.48489 82.3847 0.951728 -63.8731 -20.8311 57.7333 144.954 -0.809717 0.0389496 0.585499 -16.1263 54.347 146.744 -0.806658 0.0386793 0.589752 
0.362536 2.37717 82.4816 1.01723 -62.7237 -19.3688 60.789 145.159 -0.807374 0.0649158 0.586356 -13.8997 56.7397 147.409 -0.803473 0.0730939 0.590837 
0.290431 2.37085 82.28 0.955462 -62.8523 -13.4778 62.0843 145.639 -0.794811 0.128411 0.593107 -8.02599 56.7809 147.684 -0.787664 0.125003 0.603291 
0.280663 2.4237 82.226 0.917255 -63.6111 -9.9806 60.8247 145.569 -0.78012 0.127436 0.612514 -5.26318 54.9113 147.744 -0.774555 0.11021 0.622831 
0.280089 2.47254 82.2196 0.900019 -63.7937 -8.66025 59.5964 145.917 -0.771789 0.110531 0.62615 -4.02844 53.1743 148.237 -0.765364 0.0826688 0.638267 
0.537771 2.68368 82.2133 0.74202 -64.0366 -5.43098 54.7856 147.698 -0.745359 0.0424602 0.665274 -2.64944 49.2524 149.492 -0.752323 0.041849 0.657463 
0.895136 2.89339 82.1609 0.533174 -64.7763 -4.27607 48.9249 149.051 -0.729102 -0.0131178 0.684205 -3.69068 44.6577 149.937 -0.760897 0.0311527 0.648125 
1.24819 3.11689 82.2006 0.374601 -65.8797 -6.41604 40.0652 149.822 -0.722662 -0.0939331 0.684753 -9.88511 41.3891 149.793 -0.786959 -0.0168653 0.616774 
1.30105 3.1189 82.299 0.375176 -65.7717 -7.95104 39.5291 149.927 -0.728536 -0.101009 0.677472 -11.7017 41.4391 149.645 -0.793599 -0.0212757 0.608069 
1.34127 3.10827 82.3784 0.38523 -65.6114 -10.0984 39.5193 149.94 -0.738095 -0.102046 0.666865 -13.374 41.5755 149.498 -0.799431 -0.0238653 0.600284 
1.38752 3.08557 82.4181 0.399019 -65.3209 -12.4271 39.9064 149.85 -0.750232 -0.0971774 0.654022 -15.3052 41.8537 149.345 -0.807086 -0.0211543 0.590055 
1.42199 3.05771 82.4657 0.416255 -64.9113 -15.0853 40.1829 149.784 -0.763426 -0.0908576 0.639313 -16.9758 42.1915 149.323 -0.813903 -0.0164109 0.580769 
1.43865 3.02094 82.4705 0.437513 -64.6017 -17.0703 40.7437 149.797 -0.775389 -0.0818486 0.626214 -18.2491 42.876 149.177 -0.819839 -0.00615882 0.572561 
1.41423 2.96664 82.3911 0.479168 -64.5747 -18.8216 41.7077 149.57 -0.786743 -0.0700531 0.613142 -19.1224 44.1902 148.697 -0.823333 0.00515492 0.567535 
1.3292 2.8796 82.3085 0.558167 -64.8335 -20.8744 43.5085 148.542 -0.798509 -0.0534892 0.599555 -19.6824 46.0877 147.801 -0.824032 0.0149933 0.566344 
1.18413 2.77274 82.2434 0.664744 -65.3685 -23.0729 46.889 146.818 -0.811764 -0.0282699 0.583267 -19.7002 47.701 146.626 -0.821505 0.0184032 0.569904 
1.06003 2.6969 82.2053 0.741733 -65.8574 -23.9617 50.5424 145.025 -0.820432 -0.00260484 0.571677 -19.493 48.8671 145.698 -0.819434 0.0205973 0.572804 
0.924724 2.62939 82.1736 0.814125 -66.3321 -24.4021 53.0683 143.743 -0.822286 0.0118096 0.568918 -19.167 50.1797 144.857 -0.817038 0.0214081 0.576186 
0.607865 2.48173 82.1958 0.963793 -66.8258 -23.4896 57.1783 141.767 -0.818754 0.0275773 0.573506 -18.2684 54.0738 143.538 -0.813608 0.0300396 0.580637 
0.352194 2.32459 82.4705 1.02671 -65.1383 -19.9458 61.9464 142.006 -0.814568 0.0882682 0.573234 -14.5298 58.4303 144.26 -0.8116 0.108004 0.574144 
0.291005 2.32345 82.253 0.942535 -65.3621 -12.708 64.0186 142.152 -0.798251 0.180765 0.5745 -7.54702 58.6699 144.469 -0.790863 0.174912 0.586465 
0.287271 2.37688 82.2244 0.913521 -65.6177 -10.0515 63.0351 142.462 -0.787657 0.179328 0.589327 -5.50966 56.7883 145.028 -0.78068 0.152691 0.60599 
0.342714 2.50012 82.1736 0.862674 -66.4956 -8.32393 59.949 143.249 -0.772681 0.121832 0.622869 -3.81908 53.3457 145.542 -0.766535 0.0926069 0.63549 
0.643199 2.76441 82.1561 0.633719 -68.5673 -2.89031 53.3669 143.87 -0.739965 0.0618117 0.669726 -0.358467 47.3706 145.543 -0.747341 0.0590577 0.661811 
1.05716 3.1143 82.1942 0.345299 -69.8611 0.189613 40.9794 146.067 -0.709549 -0.0431567 0.703385 -2.09927 39.9117 146.777 -0.760633 0.0092091 0.649116 
1.23641 -3.13786 82.1942 0.301347 -70.6453 -0.814443 39.5887 145.889 -0.705428 -0.0700417 0.705294 -0.885994 26.5717 149.723 -0.688548 -0.22289 0.690088 
1.53316 3.14073 82.4578 0.32318 -69.5071 -15.1219 38.1545 145.692 -0.77279 -0.0790368 0.629637 -16.8685 39.3567 145.262 -0.818347 -0.0182255 0.574435 
1.63141 3.12867 82.2752 0.343289 -68.1593 -18.036 37.664 146.235 -0.785843 -0.0831821 0.612817 -20.2787 37.552 146.321 -0.828121 -0.0375484 0.559291 
1.67852 3.10109 82.2943 0.37575 -67.2116 -21.2794 36.354 146.983 -0.791789 -0.105295 0.601619 -22.6421 36.874 146.928 -0.834363 -0.0481364 0.54911 
1.7015 3.07207 82.2863 0.403615 -66.6909 -24.203 36.3118 147.269 -0.802054 -0.11047 0.586876 -24.197 36.7662 147.124 -0.838982 -0.0508636 0.541776 
1.70725 3.05599 82.2736 0.413957 -66.5162 -25.1645 36.3457 147.334 -0.806592 -0.109492 0.580912 -24.705 36.9687 147.122 -0.841311 -0.0471866 0.538488 
1.70811 3.03502 82.2704 0.424586 -66.3496 -26.1088 36.5648 147.29 -0.812082 -0.104837 0.573985 -25.1187 37.4736 147.063 -0.844082 -0.0387507 0.534812 
1.68025 3.0037 82.2323 0.448717 -66.3003 -27.1312 37.1716 147.132 -0.819266 -0.0937952 0.565776 -25.3478 38.6653 146.79 -0.845549 -0.0297417 0.533068 
1.58487 2.94941 82.0752 0.507607 -66.5226 -27.8873 38.8124 146.6 -0.826414 -0.0762667 0.557847 -25.3028 41.3561 146.078 -0.843771 -0.0223778 0.536237 
1.03963 2.67621 81.9434 0.824467 -67.3068 -28.6768 48.8834 142.933 -0.829563 -0.0383813 0.557164 -22.972 47.8675 144.059 -0.820811 -0.0298191 0.570421 
0.640901 2.50069 81.9355 1.01952 -68.0403 -27.7338 55.1466 140.462 -0.820036 -0.0275616 0.571613 -22.0991 52.113 142.448 -0.813089 -0.0313723 0.581294 
0.439811 2.40331 82.0879 1.09737 -67.8688 -26.4278 57.8561 139.961 -0.815729 -0.0140882 0.578097 -20.7912 54.7264 142.166 -0.811408 -0.0124169 0.584349 
0.371728 2.37056 82.091 1.10714 -67.7704 -25.2535 59.2038 139.886 -0.814955 0.00364898 0.579477 -19.3391 55.5392 142.2 -0.809845 0.00588968 0.586614 
0.340416 2.35763 82.0164 1.10513 -67.845 -24.2132 59.8888 139.74 -0.814954 0.0208716 0.579051 -18.2846 55.8606 142.144 -0.808316 0.0176477 0.588484 
0.321743 2.35706 81.9672 1.09623 -68.1911 -23.0745 60.4756 139.477 -0.81419 0.035765 0.579422 -17.1453 55.8945 141.921 -0.805456 0.0250559 0.592126 
0.313412 2.36223 81.9402 1.08416 -68.5848 -21.7576 60.6751 139.188 -0.810644 0.0433383 0.583904 -16.127 55.8333 141.663 -0.802668 0.0304369 0.595649 
0.310252 2.36481 81.9498 1.07841 -68.7403 -21.2196 60.6227 139.048 -0.808672 0.0460233 0.586362 -15.6699 55.8002 141.568 -0.801421 0.0328859 0.597196 
0.307954 2.3651 81.9514 1.07497 -68.7737 -20.8881 60.6994 139.032 -0.807835 0.048221 0.587381 -15.3958 55.8198 141.555 -0.800893 0.0353585 0.597763 
0.30738 2.3651 81.9513 1.07238 -68.7848 -20.6637 60.7775 139.024 -0.807478 0.0507821 0.587662 -15.2318 55.8534 141.548 -0.800712 0.0374141 0.59788 
0.306805 2.36481 81.9466 1.07152 -68.7895 -20.4439 60.744 138.909 -0.807261 0.0529749 0.587712 -15.1671 55.8708 141.543 -0.800657 0.0383217 0.597897 
0.305656 2.3628 81.9418 1.07123 -68.8023 -20.4397 60.8452 138.905 -0.807213 0.0540758 0.587798 -15.1328 55.9356 141.509 -0.800916 0.0401502 0.59743 
0.303932 2.36079 81.9307 1.07123 -68.8261 -20.3287 60.828 138.904 -0.807156 0.0554167 0.587755 -15.095 55.9898 141.468 -0.801097 0.0417343 0.597078 
0.303358 2.35993 81.9307 1.07123 -68.8451 -20.2128 60.9256 138.9 -0.807114 0.0563919 0.587724 -15.0843 56.0148 141.44 -0.801198 0.0424177 0.596894 
0.302496 2.35935 81.9402 1.07123 -68.8705 -20.212 60.9165 138.901 -0.807196 0.0573684 0.587571 -15.0609 56.0262 141.412 -0.801193 0.0428605 0.596869 
0.302496 2.35907 81.9434 1.07095 -68.8911 -20.0973 61.0129 138.787 -0.807168 0.058092 0.587304 -15.0478 56.041 141.387 -0.801243 0.0433237 0.596769 
0.302496 2.35964 81.9434 1.07037 -68.9277 -20.0976 61.0072 138.786 -0.807141 0.0587053 0.587406 -15.0097 56.0288 141.359 -0.801094 0.0433179 0.596969 
0.302496 2.35964 81.9498 1.07037 -68.9531 -20.093 61.1141 138.784 -0.807121 0.059189 0.587268 -15.0097 56.0288 141.334 -0.801094 0.0433179 0.596969 
0.302783 2.35993 81.9482 1.07008 -68.9642 -20.092 61.1096 138.785 -0.807224 0.059678 0.587131 -15.0004 56.0258 141.325 -0.801062 0.0433228 0.597011 
0.302209 2.36022 81.9498 1.0698 -68.9705 -20.0934 61.1037 138.673 -0.807212 0.0599257 0.587246 -14.9618 56.0134 141.327 -0.800901 0.0433042 0.597228 
0.302209 2.36022 81.9514 1.0698 -68.9753 -20.0946 61.1015 138.673 -0.80708 0.0601642 0.587237 -14.9618 56.0134 141.322 -0.800901 0.0433042 0.597228 
0.302209 2.36022 81.9561 1.0698 -68.9816 -19.982 61.0956 138.672 -0.807197 0.0602913 0.587234 -14.9618 56.0134 141.316 -0.800901 0.0433042 0.597228 
0.301634 2.36022 81.9625 1.0698 -68.988 -19.9821 61.0933 138.672 -0.807186 0.0605351 0.587226 -14.9422 56.0071 141.314 -0.800815 0.0432884 0.597345 
0.301634 2.36022 81.9641 1.0698 -69.0023 -19.9822 61.0922 138.672 -0.807181 0.060657 0.587222 -14.9422 56.0071 141.299 -0.800815 0.0432884 0.597345 
0.301634 2.36022 81.9641 1.0698 -69.007 -19.9822 61.091 138.672 -0.807176 0.0607789 0.587218 -14.9422 56.0071 141.295 -0.800815 0.0432884 0.597345 
0.301634 2.36022 81.9672 1.0698 -69.0118 -19.9834 61.0911 138.672 -0.807054 0.0607737 0.587217 -14.9422 56.0071 141.29 -0.800815 0.0432884 0.597345 
0.301347 2.35993 81.9593 1.06865 -69.0451 -19.9834 61.0899 138.672 -0.807049 0.0608956 0.587213 -14.871 56.0315 141.254 -0.800784 0.0444338 0.597303 
0.299911 2.35792 81.9625 1.06606 -69.0928 -19.9837 61.0843 138.672 -0.807023 0.0615051 0.587193 -14.6977 56.1266 141.187 -0.800878 0.0480975 0.596893 
0.298762 2.35533 81.9656 1.06463 -69.1134 -19.867 61.1739 138.669 -0.807068 0.0633349 0.587013 -14.6041 56.2284 141.137 -0.801178 0.0513178 0.596222 
0.297325 2.35246 81.9609 1.06434 -69.1293 -19.753 61.2544 138.554 -0.806965 0.0657728 0.586934 -14.568 56.3205 141.089 -0.801543 0.053845 0.595507 
0.2979 2.35476 81.9307 1.06118 -69.3023 -19.6364 61.3407 138.552 -0.806996 0.0679644 0.586621 -14.3867 56.2894 140.945 -0.800985 0.0545222 0.596196 
0.31686 2.39153 81.8561 1.03733 -70.4294 -18.7106 60.8999 138.03 -0.80121 0.0612723 0.595196 -13.3354 55.4998 140.226 -0.79494 0.0442199 0.605075 
0.378336 2.453 81.8783 0.992808 -71.3661 -17.0377 59.99 137.498 -0.793866 0.0534734 0.605622 -12.3799 54.448 139.792 -0.788921 0.0315951 0.613682 
0.436939 2.49035 81.9037 0.960346 -71.8074 -16.4714 58.9759 137.335 -0.788037 0.0392042 0.614316 -12.2588 53.9186 139.55 -0.788041 0.0285503 0.61496 
0.459633 2.50615 81.9133 0.948281 -71.9741 -16.194 58.377 137.423 -0.78482 0.0305341 0.618831 -12.2229 53.6121 139.489 -0.787311 0.0257383 0.616018 
0.47572 2.51419 81.9196 0.940812 -72.09 -16.1012 58.1765 137.416 -0.783832 0.0276043 0.620257 -12.2681 53.4577 139.408 -0.787323 0.0248853 0.616038 
0.500138 2.52626 81.9006 0.931619 -72.3154 -16.0233 57.7849 137.407 -0.782247 0.0212572 0.622639 -12.4729 53.1984 139.236 -0.787576 0.022294 0.615814 
0.530014 2.54407 81.8847 0.923001 -72.7885 -16.2025 57.0068 137.178 -0.779322 0.00879023 0.626546 -12.8372 52.7346 138.869 -0.787351 0.0150222 0.616322 
0.540069 2.55499 81.8767 0.923575 -73.1314 -16.4618 56.6464 136.952 -0.777728 -0.000133506 0.628644 -13.0877 52.3559 138.633 -0.786052 0.00590984 0.618132 
0.503586 2.54005 81.9625 0.96207 -73.2155 -17.3834 56.3659 136.744 -0.776872 -0.0145683 0.629461 -14.0477 52.3217 138.516 -0.78472 -0.0124936 0.619725 
0.508756 2.54321 82.0085 0.968102 -73.1615 -17.7229 56.3166 136.752 -0.776849 -0.0197062 0.62938 -14.4999 52.1316 138.589 -0.784487 -0.0197004 0.619832 
0.524556 2.55125 82.1165 0.972124 -72.7281 -18.291 56.1985 136.877 -0.776596 -0.028033 0.629276 -15.1418 51.7989 139.059 -0.784335 -0.0291926 0.619651 
0.529153 2.55556 82.1355 0.974997 -72.517 -18.7495 56.0611 137.108 -0.776009 -0.0344004 0.629717 -15.3908 51.6058 139.308 -0.783634 -0.0348274 0.620245 
0.534324 2.55872 82.1498 0.977008 -72.3106 -19.1003 55.8016 137.342 -0.775519 -0.040157 0.630017 -15.6273 51.4628 139.535 -0.783348 -0.0389024 0.620365 
0.554145 2.56791 82.1466 0.972411 -72.0201 -19.4433 55.6723 137.799 -0.775086 -0.0471442 0.62999 -15.9326 51.1947 139.86 -0.783526 -0.0426783 0.619891 
0.568221 2.57596 82.1768 0.966953 -71.928 -19.589 55.3069 138.131 -0.773044 -0.0541333 0.632022 -16.0154 50.9802 140 -0.783267 -0.0448676 0.620065 
0.569945 2.57912 82.1958 0.966953 -71.9042 -19.6072 55.1217 138.24 -0.77197 -0.0578152 0.632982 -16.0316 50.8699 140.061 -0.782545 -0.0473429 0.620792 
0.570232 2.58228 82.2053 0.966953 -71.8788 -19.6145 55.0309 138.353 -0.771557 -0.0596568 0.63328 -16.0005 50.7633 140.129 -0.78162 -0.0497894 0.621764 
0.569083 2.584 82.2149 0.968102 -71.8661 -19.6223 54.9286 138.354 -0.77123 -0.0606399 0.633552 -15.9989 50.69 140.171 -0.780877 -0.0519958 0.622517 
0.568221 2.58572 82.2276 0.968964 -71.8582 -19.623 54.939 138.463 -0.771015 -0.0613739 0.633818 -15.9919 50.6206 140.207 -0.780182 -0.053982 0.62322 
0.567934 2.5863 82.2054 0.969251 -71.8566 -19.625 54.947 138.462 -0.770806 -0.0622337 0.633965 -15.9896 50.5975 140.218 -0.779949 -0.0546439 0.623453 
0.567072 2.58544 82.1482 0.970113 -71.8566 -19.742 54.8483 138.466 -0.77072 -0.0630922 0.633991 -16.0161 50.6146 140.21 -0.780052 -0.0546355 0.623325 
0.565349 2.58429 82.0831 0.971837 -71.8582 -19.744 54.8552 138.465 -0.770506 -0.0638302 0.634134 -16.0617 50.6296 140.201 -0.780081 -0.0550624 0.623251 
0.562476 2.58314 82.0434 0.974422 -71.8741 -19.7438 54.8597 138.465 -0.770526 -0.0643178 0.63415 -16.1132 50.6332 140.182 -0.779904 -0.0561416 0.623376 
0.559029 2.58572 81.9783 0.975859 -72.1249 -19.7505 54.7574 138.468 -0.770324 -0.0653034 0.634179 -16.0386 50.5313 139.983 -0.77854 -0.0591921 0.624798 
0.559029 2.60037 81.918 0.972124 -72.6472 -19.8674 54.661 138.472 -0.770249 -0.0664057 0.634214 -15.657 50.1003 139.665 -0.774103 -0.0675648 0.629444 
0.556443 2.61445 81.8847 0.969251 -73.1631 -19.879 54.5468 138.138 -0.769915 -0.067263 0.634604 -15.2413 49.6787 139.355 -0.769362 -0.0761274 0.634261 
0.544953 2.6291 81.8752 0.970401 -73.6917 -19.4836 54.3292 137.436 -0.766301 -0.0721842 0.638384 -14.7241 49.1848 139.079 -0.762777 -0.0881152 0.640631 
0.508469 2.63686 81.8958 0.982179 -74.1331 -18.9987 53.915 136.948 -0.76107 -0.0796879 0.643816 -13.9965 48.746 138.912 -0.753884 -0.102867 0.648905 
0.479455 2.63801 81.9164 0.994531 -74.2934 -18.6262 53.6485 136.788 -0.754831 -0.0894211 0.649674 -13.6257 48.4783 138.904 -0.748043 -0.113237 0.653918 
0.47256 2.64548 81.964 0.998266 -74.2886 -18.4514 53.3653 136.766 -0.751167 -0.0959477 0.653016 -13.4732 48.1554 139.04 -0.743874 -0.121777 0.657131 
0.470837 2.65639 82.0291 1.00028 -74.2442 -18.0552 53.0922 136.963 -0.747071 -0.103832 0.656519 -13.3561 47.7557 139.236 -0.739268 -0.131539 0.660439 
0.472273 2.66875 82.0593 1.002 -74.1664 -17.9082 52.6426 137.267 -0.741038 -0.115298 0.661458 -13.3048 47.3237 139.467 -0.734484 -0.142071 0.663588 
0.396146 2.65323 81.9926 1.05802 -74.2077 -17.9709 51.6877 137.663 -0.727364 -0.143443 0.670994 -13.6655 46.7055 139.59 -0.720892 -0.173265 0.67104 
0.288707 2.61503 82.0053 1.14046 -74.7141 -19.4372 51.4376 137.093 -0.716821 -0.172222 0.675701 -14.5566 45.957 139.134 -0.705614 -0.208557 0.67721 
0.286696 2.62508 82.0974 1.14477 -74.4474 -19.8049 51.2877 137.094 -0.71427 -0.178531 0.676728 -14.5159 45.5471 139.535 -0.699784 -0.218864 0.680001 
0.28526 2.63571 82.1768 1.14822 -73.9457 -19.7867 50.8633 137.513 -0.706239 -0.1918 0.681457 -14.4403 45.1384 140.174 -0.693829 -0.228871 0.682803 
0.283249 2.64289 82.253 1.15023 -73.2726 -19.4826 50.1449 138.362 -0.69397 -0.209442 0.688843 -14.3384 44.8584 140.944 -0.689646 -0.235415 0.684813 
0.246478 2.64145 82.3562 1.15713 -70.5517 -18.6083 49.4742 141.431 -0.680353 -0.227125 0.696703 -13.4735 44.4399 143.827 -0.683055 -0.24089 0.689498 
0.224358 2.59492 82.3339 1.06405 -66.2321 -14.3056 50.9285 146.118 -0.696343 -0.169828 0.697256 -9.24436 46.7582 147.697 -0.717666 -0.142833 0.681582 
0.268885 2.29386 82.0577 1.25911 -82.1404 -27.973 58.3233 125.814 -0.807979 -0.0463912 0.587344 -25.1314 54.2935 127.415 -0.812437 -0.0570779 0.580249 
-1.73828 1.64692 81.8879 2.00745 -85.2726 -25.3512 27.8352 131.105 -0.763629 -0.224587 0.605224 -16.8238 24.9464 131.466 -0.743068 -0.262776 0.615467 
-1.6972 1.85778 81.9037 1.79458 -87.3617 -17.7461 23.8699 130.516 -0.73528 -0.231862 0.63677 -8.35175 22.1685 130.685 -0.711389 -0.26222 0.652048 
-1.6182 1.96982 81.9402 1.67594 -87.6506 -14.2366 22.7331 130.594 -0.721278 -0.233679 0.651938 -3.93439 22.0418 130.736 -0.693147 -0.250952 0.675699 
-1.51219 2.08128 81.9799 1.56333 -87.6887 -10.4825 22.2548 130.865 -0.706256 -0.23466 0.6678 0.110861 22.3042 130.874 -0.674192 -0.242936 0.697458 
-1.36913 2.19992 82.0974 1.44583 -87.6046 -6.01501 22.2627 131.277 -0.681701 -0.242806 0.690134 4.0478 22.9471 131.056 -0.658324 -0.235033 0.715101 
-1.19332 2.32115 82.1387 1.33466 -87.484 -1.48523 22.7947 131.656 -0.649814 -0.259884 0.714258 7.65214 23.9759 131.267 -0.643948 -0.230964 0.729374 
-0.53892 2.55355 82.3085 0.899445 -85.4234 11.3191 32.1124 131.936 -0.631717 -0.128599 0.764344 16.6874 31.6434 132.406 -0.64164 -0.0493225 0.765419 
0.262853 2.30908 82.0101 1.24647 -74.3617 -27.1146 57.8977 134.193 -0.808736 -0.0354863 0.587127 -23.9932 54.0372 135.468 -0.807414 -0.0586964 0.587058 
-1.54494 1.60125 81.918 2.01233 -81.0736 -29.1507 37.1666 132.76 -0.788708 -0.170573 0.590595 -20.1628 31.7565 134.594 -0.767985 -0.212258 0.604273 
-1.82991 1.83106 81.9434 1.73914 -85.9425 -15.6566 21.3168 132.61 -0.751378 -0.187423 0.632727 -7.47102 19.3007 132.397 -0.736364 -0.218214 0.64043 
-1.77878 1.91868 81.9339 1.63917 -86.4552 -12.9283 19.6796 132.417 -0.740261 -0.192913 0.643891 -3.90148 18.6277 132.219 -0.724159 -0.207488 0.65768 
-1.7107 1.99308 81.945 1.55701 -86.7219 -10.7741 18.9626 132.224 -0.734768 -0.1864 0.652171 -0.91689 18.6113 132.101 -0.711449 -0.198267 0.674189 
-1.6383 2.05686 81.9847 1.48318 -86.7981 -8.84964 18.6589 132.241 -0.726746 -0.186578 0.661003 1.61347 18.8534 132.079 -0.701035 -0.187452 0.688049 
-1.54839 2.11948 82.0879 1.4128 -86.7283 -6.04764 18.7611 132.418 -0.714853 -0.185806 0.674035 3.93359 19.5777 132.129 -0.691724 -0.175837 0.700428 
-1.41883 2.1913 82.1799 1.3427 -86.5616 -2.96309 19.1841 132.776 -0.69608 -0.19634 0.690525 6.2958 21.0658 132.208 -0.681382 -0.166761 0.712678 
-1.266 2.26628 82.2323 1.27318 -86.3648 -0.0464961 20.7786 132.981 -0.677756 -0.200362 0.707424 8.6225 22.9859 132.314 -0.672354 -0.157501 0.72328 
-1.10341 2.34269 82.2514 1.2097 -86.1838 2.6053 23.302 132.948 -0.662615 -0.195617 0.722858 10.711 25.0976 132.454 -0.661579 -0.152054 0.734297 
-0.111461 2.64461 82.3863 0.68629 -83.439 13.7098 37.8442 132.646 -0.652252 -0.00752329 0.757909 15.5939 36.3553 132.789 -0.677642 0.0529378 0.733484 
0.264576 2.29817 82.1926 1.12782 -69.7055 -19.9619 59.7823 138.666 -0.804001 0.0451775 0.592809 -17.6122 56.912 139.948 -0.811358 0.0461821 0.582722 
-0.95575 1.74948 82.0641 1.88392 -71.7883 -34.8421 49.8052 137.725 -0.79726 -0.151956 0.584236 -25.7948 44.5454 141.225 -0.780186 -0.165377 0.603291 
-1.83193 1.71185 81.9005 1.78251 -82.396 -17.9533 25.5676 135.44 -0.7794 -0.118711 0.615098 -10.1148 22.9338 135.145 -0.766706 -0.154824 0.62305 
-1.81842 1.76499 81.8863 1.72449 -83.2374 -16.3938 24.5049 134.932 -0.772352 -0.121553 0.623414 -8.14537 22.0172 134.63 -0.760445 -0.152857 0.631156 
-1.78165 1.83939 81.9355 1.63888 -84.1073 -13.758 22.9155 134.29 -0.763308 -0.121211 0.634538 -5.19185 21.1658 134.119 -0.750813 -0.144449 0.644527 
-1.72966 1.90518 81.9879 1.56677 -84.4709 -11.52 22.0237 134.096 -0.755851 -0.12038 0.643588 -2.56818 20.8688 133.961 -0.73987 -0.137425 0.658564 
-1.66617 1.96694 82.0164 1.49984 -84.4852 -9.82073 21.4098 134.139 -0.749132 -0.122137 0.651019 -0.11863 20.9362 134.054 -0.72842 -0.129977 0.672689 
-1.58889 2.03474 82.1228 1.42343 -84.4486 -7.35815 21.2214 134.342 -0.738243 -0.124541 0.66282 2.54523 21.0947 134.157 -0.716399 -0.119438 0.687391 
-1.49151 2.11087 82.2133 1.33983 -84.2708 -4.37649 21.0488 134.728 -0.722946 -0.130435 0.678347 5.40195 21.3993 134.362 -0.703852 -0.10908 0.701921 
-1.37689 2.18929 82.2673 1.25853 -84.0232 -1.23944 21.3644 135 -0.709953 -0.129809 0.692104 8.14475 21.9087 134.611 -0.692933 -0.100576 0.713952 
-1.2795 2.25278 82.3117 1.19849 -83.8756 1.33732 21.8536 135.387 -0.696022 -0.132899 0.705603 10.1888 22.3166 134.776 -0.685062 -0.0975895 0.721919 
-1.19074 2.31339 82.326 1.14305 -83.7978 3.79932 22.3473 135.45 -0.682149 -0.137117 0.718161 12.0382 22.4496 134.91 -0.677649 -0.0970854 0.728949 
-1.12754 2.36223 82.2673 1.10599 -83.8136 5.50891 22.6467 135.565 -0.672324 -0.140803 0.726717 13.3096 22.3085 134.974 -0.670336 -0.103351 0.734826 
-1.06434 2.4171 82.1784 1.07382 -83.9454 7.26119 22.3655 135.467 -0.658429 -0.15526 0.736426 14.5034 21.983 134.954 -0.659657 -0.118283 0.742201 
-1.04107 2.43807 82.1657 1.05917 -84.0216 8.18496 22.2978 135.304 -0.650489 -0.164976 0.741287 15.0094 21.7876 134.921 -0.655491 -0.122551 0.745193 
-1.02182 2.45559 82.1625 1.04739 -84.0391 8.91723 22.2028 135.273 -0.645802 -0.170337 0.744214 15.4344 21.6356 134.936 -0.651694 -0.126529 0.747854 
-1.00861 2.47053 82.1609 1.04078 -84.0454 9.31902 22.1106 135.246 -0.641552 -0.174462 0.746985 15.7097 21.4356 134.965 -0.648068 -0.132704 0.749931 
-1.00286 2.48116 82.1799 1.03848 -84.0502 9.72567 22.024 135.226 -0.637825 -0.179199 0.749048 15.8503 21.2024 134.991 -0.645237 -0.139272 0.751181 
-1.00056 2.49236 82.2482 1.0382 -83.8994 9.92955 22.0481 135.325 -0.635631 -0.182436 0.750104 15.9513 20.8586 135.18 -0.642018 -0.148192 0.752231 
-1.00717 2.50242 82.3038 1.04538 -83.5517 10.132 21.9573 135.431 -0.633791 -0.1853 0.750907 15.882 20.365 135.574 -0.638226 -0.162397 0.752525 
-1.03619 2.5119 82.3085 1.07382 -83.3517 9.99522 21.9316 135.767 -0.631179 -0.192858 0.75124 15.3753 19.4451 135.85 -0.631351 -0.19331 0.751018 
-1.05256 2.51218 82.3165 1.08703 -83.2914 9.63099 21.8095 136.002 -0.628736 -0.2014 0.751119 15.1083 19.0689 135.936 -0.629248 -0.204655 0.749776 
-1.06664 2.51304 82.3244 1.10025 -83.2263 9.2763 21.777 136.123 -0.626943 -0.207965 0.750819 14.8455 18.7364 136.026 -0.626756 -0.216048 0.748666 
-1.07956 2.51534 82.3244 1.11317 -83.1786 9.13055 21.6431 136.136 -0.624281 -0.217018 0.750345 14.6257 18.4013 136.099 -0.623482 -0.228208 0.747791 
-1.09077 2.5162 82.3308 1.12438 -83.112 8.97875 21.3955 136.26 -0.621344 -0.225455 0.750336 14.4274 18.1514 136.185 -0.620898 -0.237777 0.746959 
-1.18758 2.48978 82.2212 1.17235 -83.1469 8.35813 20.8948 136.412 -0.617486 -0.240582 0.74882 13.1876 16.5171 136.231 -0.621525 -0.262146 0.738232 
-1.02039 1.88737 82.4165 1.68456 -76.2556 -22.1138 36.0483 138.225 -0.763514 -0.171713 0.62247 -12.6628 42.8673 138.789 -0.746735 -0.115449 0.655026 
-0.320594 2.37515 81.9593 1.12007 -76.8445 -6.32949 51.2511 136.92 -0.727038 -0.0196154 0.686343 1.06184 44.5317 137.703 -0.709028 -0.038628 0.704122 
-0.452739 2.40819 81.8767 1.07985 -79.1543 -1.19196 47.9441 135.656 -0.707033 -0.0166227 0.706908 6.69451 40.8242 136.651 -0.682969 -0.0437393 0.729136 
-0.509331 2.453 81.8688 1.02699 -80.7021 3.00697 45.1844 134.884 -0.69144 -0.0183851 0.722055 10.651 37.6652 135.964 -0.665392 -0.0476285 0.744973 
-1.15914 2.32574 82.1069 1.02958 -82.1198 10.004 28.7495 135.868 -0.677046 -0.0107285 0.735817 14.7149 21.5294 136.57 -0.681968 -0.0253896 0.730941 
-1.28094 2.34212 81.9117 1.07468 -80.7545 5.95711 15.3192 139.435 -0.678391 -0.146759 0.71977 13.1612 17.5699 138.297 -0.68083 -0.0897397 0.726923 
-1.13587 2.3809 81.9291 1.03963 -82.958 8.35113 19.8887 136.649 -0.66456 -0.129959 0.735811 14.7925 20.3994 135.932 -0.672974 -0.0761289 0.735738 
-1.14822 2.37085 82.099 1.04193 -82.9945 8.84033 20.8577 135.925 -0.664915 -0.118646 0.737409 14.6455 20.3955 135.878 -0.674897 -0.0710159 0.734487 
-1.22176 2.33494 82.1879 1.03791 -79.7004 8.58584 21.2224 139.313 -0.678393 -0.0724356 0.731081 14.1852 19.2495 139.18 -0.682641 -0.0490591 0.729105 
