1110 20.0345 -2.77137 212.956 -0.00219291 -0.00263136 0.999994 27.1942 -1.86948 209.232 0.0353095 0.119338 0.99217 1.82101 -2.24272 15.043 5.2447 49.9681 20.2184 -2.71141 212.882 -0.00127392 -5.06049e-005 0.999999 
88227 22.4806 -1.31805 211.189 0.00879941 0.0316938 0.999459 27.1953 -1.86722 209.232 0.0351855 0.119095 0.992176 1.84026 -2.22376 14.6318 5.27659 49.7221 22.5745 -1.30406 211.15 0.00913575 0.0331199 0.99941 
177402 22.97 -0.174449 210.243 0.00862313 0.0388617 0.999207 26.8184 -0.60945 208.526 0.0279869 0.102832 0.994155 1.89369 -2.1755 13.7905 5.31365 49.9523 23.0927 -0.157592 210.191 0.00900792 0.0406344 0.999133 
262698 22.8579 1.04446 209.747 0.00763986 0.0387162 0.999221 25.5799 0.904646 208.27 0.018088 0.0847612 0.996196 1.95861 -2.11833 12.7332 5.35272 50.5635 22.9082 1.05819 209.728 0.00776188 0.0394073 0.999193 
350415 22.5126 2.26041 209.513 0.00613172 0.0363846 0.999319 24.189 2.28239 208.137 0.0126012 0.06969 0.997402 2.01865 -2.06145 11.7759 5.39121 51.2429 22.5497 2.27606 209.495 0.00620858 0.0369676 0.999297 
438193 21.6764 3.32216 209.33 0.00477579 0.0319087 0.999479 22.8827 3.55574 208.12 0.0100363 0.0539792 0.998348 2.07496 -2.00256 10.925 5.4343 51.9557 21.6996 3.3365 209.309 0.00484713 0.0323556 0.999465 
526058 20.9714 4.40787 209.17 0.00453103 0.0267818 0.999631 21.6906 4.58562 208.219 0.00712198 0.0405854 0.999007 2.11201 -1.95574 10.4773 5.48256 52.47 20.992 4.42953 209.129 0.00463107 0.0273587 0.999615 
612646 20.2495 5.51625 209.119 0.00409712 0.0208511 0.999774 20.7237 5.59426 208.43 0.00410347 0.0295091 0.999499 2.14045 -1.91724 10.3154 5.53341 52.8653 20.2547 5.52474 209.102 0.00412589 0.021018 0.999771 
699950 19.5995 6.52472 209.171 0.00289452 0.0159073 0.999869 19.8772 6.56781 208.754 0.000260296 0.0223405 0.999678 2.15999 -1.89283 10.3392 5.58196 53.113 19.6014 6.53142 209.159 0.00289603 0.0160037 0.999868 
788242 18.9489 7.52994 209.302 0.00170682 0.0115824 0.999931 19.0283 7.52095 209.079 -0.00332067 0.0173666 0.999811 2.17406 -1.8753 10.3948 5.63338 53.3321 18.9482 7.53456 209.294 0.00168714 0.0116418 0.999931 
875908 18.3461 8.46457 209.369 0.000552143 0.00865074 0.999962 18.397 8.34933 209.405 -0.00640454 0.0136066 0.999794 2.18297 -1.86467 10.4519 5.6825 53.5003 18.343 8.46854 209.359 0.000484811 0.00872068 0.999962 
962628 17.7239 9.38734 209.512 -0.000334967 0.00622986 0.999981 17.7531 9.28498 209.504 -0.00826661 0.0098387 0.999887 2.189 -1.85663 10.4948 5.73507 53.667 17.7229 9.38889 209.508 -0.000372982 0.00624603 0.99998 
1049786 17.1338 10.2519 209.632 -0.00080282 0.00470189 0.999989 17.1014 10.1 209.719 -0.0092654 0.00728163 0.999825 2.19159 -1.85175 10.5107 5.78621 53.8131 17.1323 10.2524 209.629 -0.000841327 0.00470832 0.999989 
1137379 16.5347 11.1848 209.72 -0.00190647 0.00453338 0.999988 16.4462 10.906 209.821 -0.0100128 0.00545717 0.999868 2.19101 -1.85175 10.5488 5.84108 53.9099 16.5326 11.1838 209.718 -0.00194098 0.00453058 0.999988 
1225284 15.8163 11.9668 209.814 -0.002141 0.00253601 0.999994 15.7921 11.7085 210.035 -0.0107553 0.00424292 0.999899 2.19504 -1.84629 10.5631 5.89393 53.9925 15.814 11.9658 209.812 -0.00221062 0.00253993 0.999994 
1312427 15.101 12.8026 209.868 -0.00217 0.00157867 0.999996 15.0216 12.6214 210.138 -0.0110106 0.00302215 0.999804 2.19504 -1.84342 10.5837 5.95024 54.0385 15.0997 12.8025 209.868 -0.00220407 0.00157966 0.999996 
1399698 14.4053 13.5603 209.905 -0.00153892 0.000728693 0.999999 14.2491 13.4216 210.13 -0.0112658 0.00168175 0.999833 2.19389 -1.83997 10.5901 6.00396 54.0687 14.4038 13.5603 209.905 -0.0015752 0.000728174 0.999998 
1487144 13.6711 14.2963 209.933 -0.00131445 0.000308513 0.999999 13.4746 14.1079 210.124 -0.0113969 0.000584394 0.999856 2.19245 -1.83796 10.5964 6.05768 54.0972 13.6695 14.296 209.932 -0.00135067 0.000306068 0.999999 
1575166 12.8402 15.027 209.958 -0.00094585 -0.000301577 1 12.6989 14.7965 210.229 -0.0112839 -0.000515016 0.999876 2.19159 -1.83537 10.6059 6.11484 54.1099 12.8391 15.0264 209.958 -0.000981547 -0.000305125 0.999999 
1662490 12.0243 15.7824 209.966 -0.00118086 0.000297281 0.999999 11.8105 15.485 210.225 -0.0111719 -0.00173647 0.999899 2.18699 -1.83652 10.6218 6.17201 54.1195 12.0229 15.7815 209.966 -0.00121418 0.000288097 0.999999 
1749581 11.1248 16.3254 210.005 -0.000370852 -0.00111178 0.999999 10.9222 16.0573 210.223 -0.0111791 -0.00247113 0.999792 2.18929 -1.83135 10.6282 6.22573 54.129 11.1236 16.3247 210.005 -0.000405701 -0.00111793 0.999999 
1837862 10.2549 16.8966 210.014 5.99191e-005 -0.00117151 0.999999 10.0306 16.6319 210.221 -0.010821 -0.00345055 0.999807 2.18728 -1.82963 10.6282 6.27974 54.1385 10.2536 16.8959 210.015 2.6007e-005 -0.00118002 0.999999 
1924996 9.28476 17.4445 210.017 8.83368e-006 -0.0012126 0.999999 9.14124 17.2065 210.218 -0.010707 -0.00442792 0.999826 2.18613 -1.82877 10.6202 0.0534324 54.148 9.28384 17.4439 210.017 -2.3601e-005 -0.00122342 0.999999 
2012925 8.3346 17.9113 210.023 -9.52784e-005 -0.00109305 0.999999 8.13818 17.6727 210.331 -0.0103488 -0.00540734 0.999841 2.18498 -1.82819 10.5932 0.107439 54.1766 8.33353 17.9108 210.023 -0.000125422 -0.00110657 0.999999 
2099371 7.305 18.3497 210.035 -7.46007e-005 -0.00104178 0.999999 7.24695 18.0195 210.333 -0.0102308 -0.00589654 0.99985 2.18383 -1.82733 10.571 0.164893 54.1988 7.30445 18.3488 210.035 -0.000103707 -0.00105616 0.999999 
2187471 6.29989 18.7098 210.043 -0.000438656 -0.00110937 0.999999 6.23825 18.4835 210.333 -0.00938443 -0.00688008 0.999861 2.18326 -1.82733 10.5535 0.219188 54.2163 6.29918 18.7087 210.044 -0.000488276 -0.0011417 0.999999 
2274816 5.2388 19.0475 210.049 -0.000507116 -0.00106296 0.999999 5.22994 18.7198 210.339 -0.00877815 -0.00737339 0.999865 2.18153 -1.82704 10.544 0.276642 54.2258 5.23844 19.0467 210.05 -0.000529458 -0.00108006 0.999999 
2362710 4.20348 19.3232 210.051 -0.000894436 -0.00107431 0.999999 4.22484 19.0699 210.342 -0.008418 -0.00810874 0.999875 2.17981 -1.82762 10.5424 0.33151 54.2274 4.20323 19.3225 210.051 -0.000914327 -0.00109266 0.999999 
2449374 3.12097 19.5332 210.056 -0.00072969 -0.00120576 0.999999 3.21881 19.3061 210.347 -0.00805584 -0.00859999 0.999882 2.17866 -1.82675 10.5393 0.38839 54.2274 3.12096 19.5327 210.056 -0.000748607 -0.0012244 0.999999 
2537520 2.06864 19.6779 210.056 -0.00080762 -0.00132349 0.999999 2.09998 19.5376 210.354 -0.00756659 -0.00848206 0.999874 2.1778 -1.82647 10.5313 0.442684 54.2274 2.06808 19.6774 210.056 -0.000841531 -0.00135821 0.999999 
2624734 0.978331 19.7953 210.052 -0.000905209 -0.00139541 0.999999 0.982515 19.6598 210.362 -0.00732348 -0.00860616 0.999874 2.17694 -1.82618 10.5154 0.500713 54.229 0.978117 19.795 210.052 -0.00092108 -0.00141244 0.999999 
2712621 -0.0918975 19.8266 210.045 -0.000758872 -0.00131267 0.999999 -0.137155 19.7831 210.259 -0.00696132 -0.00909742 0.999881 2.17608 -1.82532 10.4916 0.555582 54.2353 -0.0923941 19.8265 210.045 -0.000788719 -0.00134853 0.999999 
2799203 -1.21825 19.8149 210.035 -0.000811834 -0.00109249 0.999999 -1.2578 19.7949 210.27 -0.00647509 -0.00934562 0.999881 2.17435 -1.82503 10.4662 0.613323 54.2465 -1.21853 19.8149 210.035 -0.000825352 -0.001111 0.999999 
2887014 -2.26619 19.7202 210.031 -0.000614994 -0.001065 0.999999 -2.26775 19.6929 210.282 -0.00598785 -0.00947178 0.999878 2.17406 -1.82388 10.4392 0.667043 54.2576 -2.26652 19.7203 210.031 -0.000640107 -0.0011018 0.999999 
2974659 -3.39181 19.5479 210.029 -0.000664773 -0.00131946 0.999999 -3.38818 19.593 210.295 -0.00562368 -0.00971895 0.99988 2.17435 -1.82331 10.417 0.724497 54.2655 -3.39193 19.5481 210.03 -0.000676174 -0.00133745 0.999999 
3062805 -4.44571 19.3269 210.029 -0.00142306 -0.00061929 0.999999 -4.50952 19.3815 210.31 -0.00525951 -0.00996612 0.999881 2.17464 -1.82245 10.398 0.779078 54.2703 -4.44601 19.3273 210.029 -0.00144392 -0.000655143 0.999999 
3149194 -5.53303 19.0525 210.028 -0.00122023 -0.000627321 0.999999 -5.52018 19.0564 210.327 -0.00489433 -0.0100912 0.99988 2.17406 -1.8213 10.3853 0.836532 54.2703 -5.53313 19.0526 210.029 -0.00122946 -0.000645873 0.999999 
3236844 -6.54158 18.7333 210.03 -0.0010077 -0.000685778 0.999999 -6.6447 18.7356 210.344 -0.00428805 -0.0105846 0.999883 2.17378 -1.82015 10.3742 0.890539 54.2703 -6.54194 18.7333 210.031 -0.00101567 -0.000705147 0.999999 
3323600 -7.57677 18.3403 210.03 -0.000722052 -0.000630663 1 -7.65535 18.4116 210.361 -0.00392388 -0.0108317 0.999885 2.17349 -1.81871 10.3583 0.947132 54.2703 -7.57706 18.3405 210.03 -0.000729816 -0.000650253 1 
3412943 -8.54928 17.9063 210.027 -0.000585404 -0.000752187 1 -8.57921 17.9616 210.267 -0.00110846 -0.00987906 0.999838 2.17349 -1.81785 10.344 1.00114 54.2703 -8.54945 17.9064 210.028 -0.000587177 -0.000769495 1 
3498890 -9.55339 17.403 210.022 0.000545043 -0.00124981 0.999999 -9.60904 17.5148 210.285 0.00121993 -0.00891987 0.999918 2.17292 -1.81727 10.3297 1.05831 54.2703 -9.5536 17.4033 210.022 0.000547531 -0.00126466 0.999999 
3586620 -10.4676 16.8823 210.018 0.000661604 -0.00118978 0.999999 -10.5191 16.9554 210.305 0.00257064 -0.00795484 0.999886 2.17234 -1.81699 10.3154 1.11174 54.2719 -10.4678 16.8825 210.018 0.00066675 -0.00120278 0.999999 
3673508 -11.4102 16.2715 210.013 0.000688865 -0.00110471 0.999999 -11.4338 16.3869 210.325 0.00441763 -0.0060176 0.999829 2.17177 -1.81699 10.2884 1.16862 54.283 -11.4103 16.2717 210.013 0.000697832 -0.00111393 0.999999 
3762859 -12.2594 15.6427 210.01 0.000726318 -0.000973828 0.999999 -12.2366 15.7025 210.234 0.0060227 -0.00395385 0.999895 2.17148 -1.81699 10.2519 1.22205 54.3052 -12.2595 15.6432 210.011 0.000749544 -0.000984626 0.999999 
3848961 -13.1201 14.9153 210.011 0.000773008 -0.000962702 0.999999 -13.0431 15.1229 210.252 0.00824613 -0.00091891 0.999935 2.17177 -1.81727 10.2027 1.27864 54.3417 -13.1201 14.9158 210.011 0.000789234 -0.000962394 0.999999 
3936160 -13.8993 14.1924 210.01 0.000739644 -0.000963225 0.999999 -13.845 14.4271 210.274 0.00986206 0.00260694 0.99985 2.17177 -1.81814 10.1567 1.33207 54.3766 -13.8992 14.1928 210.01 0.000758708 -0.000956433 0.999999 
4023653 -14.6163 13.3571 210.021 0.00130796 -0.00158811 0.999998 -14.5261 13.7372 210.294 0.0104955 0.00540877 0.999788 2.17521 -1.81871 10.1138 1.38579 54.4084 -14.6162 13.3579 210.021 0.00132524 -0.00157494 0.999998 
4112317 -15.3751 12.5842 210.011 0.00102313 0.00200298 0.999997 -15.3174 12.9354 210.205 0.0107629 0.00809405 0.999855 2.17177 -1.82043 10.0725 1.44181 54.4433 -15.3751 12.5855 210.012 0.00106528 0.00205857 0.999997 
4198853 -16.0635 11.6989 210.01 0.000809715 0.00153166 0.999998 -15.989 12.1451 210.227 0.0102878 0.00968471 0.999828 2.17234 -1.82331 10.0567 1.49697 54.4592 -16.0634 11.6998 210.01 0.000828459 0.00155811 0.999998 
4286062 -16.6693 10.8187 210.006 0.000543529 0.000977063 0.999999 -16.5466 11.2456 210.25 0.00944338 0.0109123 0.999812 2.17292 -1.82618 10.0297 1.54954 54.4798 -16.6692 10.8195 210.006 0.00055997 0.00100536 0.999999 
4373814 -17.2254 9.90806 210.007 0.000421675 0.000671789 1 -17.218 10.3494 210.274 0.00884112 0.0118938 0.999799 2.17349 -1.82848 10.0043 1.6024 54.502 -17.2255 9.90885 210.007 0.000436374 0.000700458 1 
4461646 -17.7611 8.92372 210.004 0.000273534 0.00042587 1 -17.7721 9.45439 210.298 0.00762655 0.0126364 0.999796 2.17378 -1.83078 9.98045 1.65813 54.5179 -17.7611 8.92465 210.004 0.000285525 0.000454552 1 
4548852 -18.2272 7.9194 210.01 0.000365706 0.000676319 1 -18.2178 8.44811 210.21 0.00653103 0.0130117 0.9998 2.17435 -1.83164 9.9614 1.71386 54.5338 -18.2273 7.9203 210.01 0.000375154 0.000702278 1 
4635934 -18.6373 6.94633 210.004 3.38756e-005 0.000903944 1 -18.6612 7.44288 210.234 0.00531445 0.0135102 0.999802 2.17378 -1.83307 9.92965 1.76729 54.556 -18.6373 6.94716 210.004 4.16883e-005 0.000928571 1 
4724253 -18.9713 5.95249 210.005 -6.13241e-006 0.00126639 0.999999 -19.1044 6.32831 210.261 0.00397379 0.0137656 0.99981 2.17435 -1.83365 9.90108 1.82015 54.5751 -18.9715 5.9531 210.005 -7.18411e-007 0.00128928 0.999999 
4811542 -19.2604 4.87233 210.013 0.000110942 0.0016886 0.999999 -19.435 5.32667 210.284 0.00263113 0.0137769 0.999823 2.1755 -1.83365 9.88202 1.87645 54.5894 -19.2607 4.87307 210.013 0.000113785 0.00170935 0.999999 
4898910 -19.4969 3.76078 210.016 0.000114099 0.00144102 0.999999 -19.6594 4.20805 210.196 0.00165666 0.0140292 0.999828 2.17665 -1.83537 9.86139 1.93276 54.6068 -19.4972 3.76149 210.016 0.000114995 0.00146296 0.999999 
4985876 -19.653 2.74493 210.019 6.19657e-005 0.00235912 0.999997 -19.8828 3.09504 210.22 0.000679175 0.0139154 0.99984 2.17751 -1.83422 9.84075 1.98533 54.6179 -19.6534 2.74547 210.019 6.18756e-005 0.00237711 0.999997 
5073581 -19.7867 1.67454 210.014 -0.000153774 0.00198349 0.999998 -20.1027 1.98313 210.244 -0.000665498 0.0136827 0.999858 2.17751 -1.83623 9.82964 2.03905 54.6227 -19.7878 1.6757 210.014 -0.000158033 0.00202327 0.999998 
5161230 -19.8433 0.567623 210.022 -0.000186853 0.00243874 0.999997 -20.2132 0.873702 210.267 -0.00176907 0.0130817 0.999881 2.17837 -1.83595 9.82329 2.09507 54.6275 -19.8439 0.568073 210.022 -0.00019012 0.00245417 0.999997 
5248928 -19.8536 -0.491043 210.025 -0.000349283 0.00242846 0.999997 -20.211 -0.240056 210.291 -0.00299289 0.0128455 0.999775 2.17866 -1.83681 9.81694 2.14821 54.6306 -19.8542 -0.490688 210.025 -0.000354183 0.00244347 0.999997 
5335741 -19.7921 -1.6104 210.022 -0.000393021 0.00228315 0.999997 -20.2154 -1.46646 210.203 -0.00372826 0.0124856 0.99979 2.17952 -1.83796 9.80741 2.20394 54.6322 -19.7928 -1.61022 210.022 -0.000398898 0.00229777 0.999997 
5423895 -19.6804 -2.6726 210.019 -0.000470654 0.0021369 0.999998 -20.1027 -2.58003 210.224 -0.00482982 0.0121287 0.999808 2.1801 -1.83911 9.80106 2.25709 54.6322 -19.6817 -2.67234 210.02 -0.000485782 0.0021654 0.999998 
5511109 -19.5034 -3.7784 210.016 -0.000619917 0.00203178 0.999998 -19.9912 -3.69247 210.245 -0.00581032 0.0116488 0.999827 2.18067 -1.84026 9.78995 2.31282 54.6338 -19.5042 -3.77832 210.016 -0.000628542 0.00204544 0.999998 
5599047 -19.2831 -4.82552 210.01 -0.000724394 0.00160761 0.999998 -19.768 -4.80578 210.153 -0.0069149 0.0109258 0.999852 2.18096 -1.84227 9.77884 2.36567 54.637 -19.2838 -4.82554 210.011 -0.000734527 0.00162089 0.999998 
5685602 -18.9677 -5.91098 210.009 -0.000626363 0.00148617 0.999999 -19.5462 -5.80527 210.17 -0.00765329 0.0101997 0.999873 2.1824 -1.84342 9.76931 2.4214 54.6386 -18.9686 -5.91088 210.009 -0.00063772 0.00149849 0.999999 
5773973 -18.6164 -6.92747 210.009 -0.000510388 0.00116343 0.999999 -19.2136 -6.91613 210.19 -0.00839389 0.00934915 0.999775 2.18354 -1.84514 9.7582 2.47426 54.6449 -18.6182 -6.92766 210.009 -0.000535365 0.00118628 0.999999 
5861272 -18.1858 -7.97423 210.012 -0.000344592 0.000987065 0.999999 -18.7695 -8.02683 210.208 -0.0091343 0.00837899 0.999802 2.18498 -1.84658 9.75185 2.52999 54.6481 -18.1866 -7.97437 210.012 -0.000358601 0.000997471 0.999999 
5949078 -17.7328 -8.94127 210.011 -0.000341721 0.000777396 1 -18.3267 -9.02704 210.223 -0.00962957 0.0075288 0.999823 2.18584 -1.84801 9.74074 2.58285 54.6529 -17.7347 -8.94149 210.012 -0.000370381 0.000795928 1 
6035584 -17.2125 -9.93496 210.006 -0.000574857 0.000626548 1 -17.8816 -10.0295 210.127 -0.010491 0.00668171 0.999849 2.18613 -1.84916 9.72804 2.63887 54.656 -17.2135 -9.93517 210.006 -0.000589943 0.00063467 1 
6125684 -16.6575 -10.8456 210.005 -0.000585986 0.000483457 1 -17.3284 -11.0284 210.141 -0.0108663 0.00558642 0.999874 2.18699 -1.85031 9.71851 2.69173 54.6608 -16.6593 -10.8462 210.005 -0.000616457 0.000496543 1 
6210253 -16.0539 -11.7301 210.007 -0.000615793 0.000338541 1 -16.6637 -11.9166 210.152 -0.0111194 0.00449009 0.999898 2.18785 -1.85146 9.70899 2.74487 54.6671 -16.0548 -11.7305 210.007 -0.00063085 0.00034358 1 
6300385 -15.366 -12.6256 210.007 -0.000589712 0.000179702 1 -15.9968 -12.8071 210.164 -0.0116159 0.00363751 0.999798 2.18872 -1.85261 9.70105 2.80089 54.6703 -15.3678 -12.6263 210.007 -0.000621176 0.000187808 1 
6385553 -14.6322 -13.4791 210.007 -0.000630502 9.48787e-005 1 -15.331 -13.6953 210.175 -0.0119911 0.00254221 0.999823 2.18958 -1.85347 9.6947 2.85691 54.6719 -14.6331 -13.4795 210.007 -0.000646482 9.75189e-005 1 
6472848 -13.9073 -14.2407 210.007 -0.000783559 2.13245e-005 1 -14.5569 -14.5855 210.073 -0.0121233 0.00132282 0.999848 2.19015 -1.85405 9.68835 2.90948 54.6735 -13.9081 -14.2412 210.007 -0.000799008 2.22978e-005 1 
6560182 -13.1296 -14.9529 210.001 -0.000821089 3.73573e-005 1 -13.7808 -15.3653 210.081 -0.0122523 0.000469553 0.999866 2.19159 -1.85462 9.67724 2.96176 54.6735 -13.1305 -14.9535 210.001 -0.000836459 3.71441e-005 1 
6649130 -12.2604 -15.6689 210.001 -0.000717741 -4.62967e-006 1 -12.8945 -16.0322 210.085 -0.0121393 -0.000629856 0.999887 2.19302 -1.85548 9.67089 3.01749 54.6751 -12.2612 -15.6694 210.001 -0.00073292 -6.24535e-006 1 
6735636 -11.3175 -16.3679 209.995 0.000308109 -0.000707612 1 -12.0091 -16.8141 210.092 -0.0120233 -0.00136314 0.9999 2.19446 -1.85979 9.65977 3.0738 54.6799 -11.3185 -16.3686 209.995 0.000290917 -0.00070921 1 
6822750 -10.4533 -16.9316 209.997 -0.000587831 -0.000323708 1 -11.0091 -17.3703 210.094 -0.0120336 -0.00246392 0.9998 2.19532 -1.85778 9.64708 3.12665 54.6846 -10.454 -16.9323 209.997 -0.000602701 -0.000327293 1 
6910175 -9.54218 -17.4624 210.001 -0.000644145 -0.000293659 1 -10.1274 -18.0405 210.098 -0.0114293 -0.00320132 0.999809 2.19647 -1.85807 9.6439 3.17923 54.6878 -9.54295 -17.4632 210.001 -0.000657639 -0.000298179 1 
6998873 -8.53736 -17.9766 210.001 -0.000554152 -0.000382108 1 -9.12759 -18.4851 210.097 -0.0113163 -0.00430073 0.999829 2.19762 -1.85893 9.63755 3.23524 54.6894 -8.53813 -17.9773 210.001 -0.000567687 -0.000387901 1 
7085898 -7.47836 -18.4454 209.999 0.0004156 -0.000706975 1 -8.12784 -18.9332 210.096 -0.0112003 -0.00503401 0.999842 2.19906 -1.86238 9.63438 3.29126 54.6894 -7.4792 -18.4461 209.999 0.000400126 -0.000713437 1 
7172631 -6.50862 -18.8071 210.002 -0.000515129 -0.000448402 1 -7.01988 -19.3821 210.094 -0.010718 -0.00577038 0.999852 2.19992 -1.86008 9.62961 3.34441 54.6894 -6.50927 -18.8079 210.002 -0.000527829 -0.000455877 1 
7260824 -5.50251 -19.1365 209.998 -0.000497806 -0.000663485 1 -5.90989 -19.7217 210.09 -0.0103559 -0.00626164 0.999858 2.20049 -1.86094 9.62167 3.39726 54.691 -5.50301 -19.1373 209.999 -0.000509821 -0.000671207 1 
7348117 -4.41516 -19.4253 209.994 -0.000560084 -0.000871 0.999999 -4.80121 -19.9452 210.083 -0.00975362 -0.00724312 0.999872 2.20107 -1.86151 9.61215 3.45357 54.6925 -4.41564 -19.426 209.994 -0.000570926 -0.000879566 0.999999 
7435889 -3.32684 -19.7051 209.98 0.000290867 -0.00181547 0.999998 -3.69483 -20.1721 210.077 -0.00890423 -0.00786054 0.999875 2.19906 -1.86525 9.60739 3.5093 54.6925 -3.3273 -19.7057 209.98 0.00028045 -0.00182348 0.999998 
7522629 -2.25653 -19.783 209.996 -0.000272101 -0.000858793 1 -2.69575 -20.2875 210.069 -0.00842001 -0.00835282 0.99988 2.20365 -1.86295 9.6058 3.56216 54.6925 -2.25708 -19.7837 209.996 -0.000281577 -0.000868646 1 
7610586 -1.18032 -19.8645 209.998 2.59965e-005 -0.000748022 1 -1.47457 -20.4049 210.059 -0.00781373 -0.00884613 0.999884 2.20538 -1.8641 9.60263 3.6153 54.6925 -1.18068 -19.8653 209.998 1.67494e-005 -0.000758702 1 
7698028 -0.0508099 -19.8905 210 0.000216053 -0.000661531 1 -0.365258 -20.4131 210.049 -0.00708237 -0.00897435 0.999879 2.20681 -1.86496 9.60104 3.67132 54.6925 -0.0511978 -19.8912 210 0.000207533 -0.000672423 1 
7785646 1.01791 -19.8705 209.997 0.000354657 -0.000779984 1 0.746367 -20.4168 210.038 -0.00659916 -0.00958868 0.999887 2.20739 -1.86582 9.59786 3.72475 54.6925 1.01758 -19.8712 209.997 0.000346537 -0.000791499 1 
7872493 2.12944 -19.7869 209.997 0.000337075 -0.00087751 1 1.85548 -20.3123 210.025 -0.00574675 -0.00983996 0.999883 2.20796 -1.86611 9.59628 3.78077 54.6925 2.12911 -19.7876 209.997 0.000330248 -0.000889001 1 
7959909 3.18498 -19.6333 210 0.000340193 -0.000749068 1 2.96685 -20.2089 210.012 -0.00513745 -0.00996715 0.99988 2.2094 -1.8664 9.59628 3.83392 54.6925 3.18472 -19.634 210 0.000334075 -0.000760853 1 
8047676 4.28174 -19.4203 209.999 0.000141991 -0.000833719 1 4.08028 -19.9928 209.996 -0.00465122 -0.0102153 0.99988 2.21026 -1.86611 9.5931 3.89022 54.6925 4.2815 -19.421 209.999 0.000136738 -0.000845573 1 
8135283 5.31024 -19.1724 209.997 7.46525e-005 -0.00103088 0.999999 5.19351 -19.664 209.979 -0.00404393 -0.0105866 0.999881 2.21055 -1.86611 9.59151 3.94365 54.6925 5.31011 -19.173 209.997 7.0266e-005 -0.00104281 0.999999 
8222170 6.36895 -18.8477 209.965 -0.0001507 -0.00119642 0.999999 6.19511 -19.3365 209.963 -0.00343464 -0.0107138 0.999877 2.21112 -1.86554 9.59151 3.99967 54.6925 6.36874 -18.8484 209.964 -0.000154044 -0.00120812 0.999999 
8309960 7.35271 -18.4786 209.976 -0.000458669 -0.00133581 0.999999 7.31169 -19.0077 210.057 -0.00306946 -0.0108389 0.999876 2.21198 -1.86467 9.59151 4.05282 54.6925 7.3526 -18.48 209.977 -0.000465137 -0.0013596 0.999999 
8398030 8.3877 -18.0175 209.987 -0.000529622 -0.00129604 0.999999 8.31535 -18.5687 210.038 -0.00258223 -0.0109651 0.999874 2.21342 -1.86467 9.59151 4.10941 54.6925 8.38763 -18.0181 209.987 -0.000531638 -0.00130789 0.999999 
8486813 9.3244 -17.5424 209.993 -0.000815017 -0.00149193 0.999999 9.31879 -18.0168 210.017 -0.00197394 -0.0112143 0.999873 2.21428 -1.86381 9.59151 4.16255 54.6925 9.32447 -17.5435 209.993 -0.000816959 -0.00151551 0.999999 
8572294 10.3075 -16.9685 209.995 -0.000709087 -0.00139972 0.999999 10.3245 -17.4673 209.997 -0.00160776 -0.0112174 0.999869 2.21572 -1.86439 9.59151 4.21915 54.6925 10.3075 -16.9691 209.995 -0.000709833 -0.00141179 0.999999 
8660909 11.1788 -16.4087 209.997 -0.000991119 -0.00181601 0.999998 11.2172 -16.8052 209.975 -0.000997455 -0.0112226 0.999863 2.21601 -1.86324 9.59151 4.272 54.6925 11.179 -16.4096 209.996 -0.000990409 -0.00183871 0.999998 
8746622 12.0819 -15.7483 209.999 -0.00105222 -0.00193531 0.999998 12.11 -16.142 209.953 -0.000388159 -0.0113497 0.99986 2.21687 -1.86295 9.59628 4.32831 54.691 12.0819 -15.7488 209.999 -0.00105115 -0.00194669 0.999998 
8836366 12.9123 -15.0765 210 -0.000852011 -0.00187802 0.999998 13.0061 -15.4766 210.042 -2.29839e-005 -0.0114749 0.999859 2.21744 -1.86353 9.60421 4.38174 54.6878 12.9125 -15.0775 210 -0.000849611 -0.00190138 0.999998 
8921884 13.7385 -14.3219 210.003 -0.000776379 -0.00182134 0.999998 13.7927 -14.7031 210.019 0.000100082 -0.0113539 0.999855 2.2183 -1.86381 9.61374 4.43776 54.6799 13.7386 -14.3224 210.003 -0.000775157 -0.00183301 0.999998 
9009138 14.4917 -13.5684 210.001 -0.000578588 -0.00175376 0.999998 14.5747 -13.9307 209.996 0.000712393 -0.0111149 0.999844 2.21859 -1.86439 9.62485 4.49119 54.6703 14.4919 -13.5692 210.001 -0.000575131 -0.00177672 0.999998 
9096479 15.3057 -12.7592 209.979 0.00103276 -0.00123467 0.999999 15.2472 -13.0436 209.972 0.00120063 -0.011119 0.99984 2.21572 -1.86898 9.63596 4.54807 54.6608 15.3056 -12.7596 209.979 0.00103337 -0.00124661 0.999999 
9185598 15.9137 -11.8959 209.994 -4.51135e-005 -0.00150816 0.999999 15.9208 -12.1576 209.948 0.00156782 -0.0110001 0.999834 2.21888 -1.86611 9.64708 4.60122 54.6529 15.9137 -11.8962 209.994 -4.29502e-005 -0.00151967 0.999999 
9271901 16.5593 -10.9679 209.992 6.93072e-005 -0.00126579 0.999999 16.5955 -11.2716 209.924 0.00181295 -0.0108801 0.999829 2.21974 -1.86697 9.6566 4.65752 54.6465 16.5593 -10.9683 209.992 7.16767e-005 -0.00127749 0.999999 
9359065 17.1152 -10.0513 209.994 6.19583e-005 -0.00111415 0.999999 17.1586 -10.3801 210.013 0.00217812 -0.0110052 0.999828 2.22089 -1.86755 9.66295 4.71095 54.6433 17.1152 -10.0517 209.994 6.48128e-005 -0.00112625 0.999999 
9446573 17.7108 -9.07709 209.981 0.00118588 -0.000276263 0.999999 17.6099 -9.38292 209.989 0.00254732 -0.0106422 0.999817 2.21888 -1.87157 9.67724 4.76754 54.6354 17.7106 -9.07746 209.98 0.00118799 -0.000288848 0.999999 
9534945 18.1054 -8.09754 209.997 0.000112769 -0.000870174 1 18.0633 -8.26958 209.962 0.00279043 -0.0107663 0.999817 2.22233 -1.8687 9.682 4.82069 54.6322 18.1053 -8.09775 209.997 0.000116363 -0.000882229 1 
9621693 18.5457 -7.05843 209.995 0.00036442 -0.000778825 1 18.5148 -7.3851 209.94 0.00303857 -0.0102802 0.999805 2.22204 -1.86956 9.68994 4.87757 54.629 18.5456 -7.05882 209.994 0.000368003 -0.00079023 1 
9709083 18.8906 -6.06507 209.994 0.000308967 -0.000799242 1 18.8566 -6.27195 209.915 0.00328269 -0.0102822 0.999803 2.22233 -1.86956 9.70423 4.93071 54.6195 18.8905 -6.06532 209.994 0.000312864 -0.00081051 1 
9796209 19.1842 -5.04673 209.995 0.000313646 -0.000776242 1 19.0857 -5.26838 210.005 0.00364988 -0.0101633 0.999797 2.22261 -1.86985 9.71534 4.98415 54.6116 19.184 -5.047 209.995 0.00031794 -0.000787293 1 
9885125 19.4362 -3.96488 209.996 0.000348783 -0.000859154 1 19.3138 -4.26703 209.981 0.00401827 -0.0100419 0.999913 2.22261 -1.86985 9.72645 5.04045 54.6036 19.4359 -3.96525 209.996 0.000353395 -0.000869817 1 
9971789 19.6398 -2.86077 209.993 0.000538399 -0.000767431 1 19.544 -3.1518 209.957 0.00426139 -0.010166 0.999913 2.22204 -1.87042 9.73915 5.09733 54.5957 19.6396 -2.86113 209.993 0.000542968 -0.000778202 1 
10058889 19.7616 -1.814 209.996 0.000513682 -0.000791447 1 19.6613 -2.0413 209.934 0.00463159 -0.00968093 0.9999 2.22204 -1.87042 9.75503 5.15076 54.5878 19.7615 -1.81429 209.996 0.000518618 -0.000801473 1 
10146589 19.8236 -0.755915 209.995 0.000436367 -0.000721042 1 19.6683 -0.924189 209.912 0.0048747 -0.00980503 0.9999 2.22233 -1.87071 9.7709 5.2042 54.5767 19.8234 -0.756146 209.995 0.000441576 -0.000731218 1 
10234376 19.8216 0.374369 209.995 0.000271187 -0.000647943 1 19.6754 0.0790446 209.892 0.00499777 -0.00968401 0.999896 2.2229 -1.87099 9.78836 5.26108 54.5655 19.8213 0.373984 209.995 0.000276623 -0.000658015 1 
10321597 19.7576 1.53194 209.988 0.00019717 0.000388446 1 19.5718 1.19702 209.983 0.0052429 -0.00956403 0.999891 2.22348 -1.87444 9.79948 5.31796 54.5592 19.7573 1.53148 209.988 0.000202817 0.000376898 1 
10408850 19.6422 2.56919 209.995 0.000321806 -0.00052352 1 19.4671 2.31394 209.962 0.00548702 -0.00956609 0.999889 2.22319 -1.87214 9.80424 5.37225 54.5576 19.6419 2.56884 209.995 0.000327515 -0.000533599 1 
10498683 19.4721 3.60186 209.998 0.000299781 -0.000611485 1 19.2499 3.31906 209.944 0.00573214 -0.0094461 0.999884 2.22319 -1.87214 9.81694 5.42539 54.5513 19.4715 3.60107 209.997 0.000311532 -0.000631022 1 
10583249 19.246 4.69425 209.994 0.000456842 -0.000591249 1 18.9219 4.43672 209.925 0.00597727 -0.00932612 0.999879 2.22233 -1.87243 9.82964 5.48227 54.5433 19.2456 4.69388 209.994 0.00046261 -0.00060086 1 
10671551 18.9587 5.71317 209.995 0.000390297 -0.000676558 1 18.592 5.44166 209.909 0.00634546 -0.00908512 0.999871 2.22233 -1.87243 9.84551 5.53599 54.5338 18.9582 5.71278 209.995 0.00039643 -0.000685748 1 
10758737 18.6077 6.79164 209.991 0.000409002 -0.000431415 1 18.2643 6.44999 209.892 0.00646651 -0.00920819 0.999872 2.22146 -1.87329 9.86297 5.59345 54.5243 18.6072 6.79116 209.991 0.000414967 -0.000441164 1 
10846782 18.2157 7.77896 209.993 0.000425616 -0.00032222 1 17.8226 7.45808 209.988 0.00695676 -0.00896822 0.999862 2.22089 -1.87387 9.87568 5.64717 54.5195 18.2147 7.77792 209.993 0.00043814 -0.000341567 1 
10933250 17.7467 8.78985 209.993 0.00051447 -0.000342684 1 17.3834 8.46962 209.973 0.00707581 -0.00933538 0.999869 2.22032 -1.87415 9.8852 5.70376 54.5147 17.7462 8.78941 209.993 0.000520648 -0.000352874 1 
11022386 17.2604 9.74001 209.989 0.000593805 -9.013e-005 1 16.8292 9.36371 209.961 0.00744501 -0.00897234 0.999858 2.21888 -1.87502 9.89949 5.75805 54.5068 17.2599 9.7395 209.989 0.00060011 -0.000100385 1 
11108581 16.6733 10.6866 209.993 0.000497818 -0.000204286 1 16.271 10.1803 209.951 0.00814902 -0.0122761 0.999794 2.21888 -1.8753 9.91219 5.81436 54.5036 16.6728 10.6859 209.993 0.000504522 -0.000218635 1 
11197168 16.0634 11.5781 209.988 0.000322301 6.98517e-005 1 15.6033 10.9672 209.942 0.00863726 -0.0122802 0.999789 2.2183 -1.87703 9.92171 5.86865 54.5005 16.0623 11.5765 209.988 0.000336961 3.92238e-005 1 
11282880 15.3645 12.4549 209.992 2.43405e-005 -0.000145662 1 14.9343 11.7529 209.933 0.00924857 -0.0121633 0.999781 2.21859 -1.8776 9.94235 5.92525 54.4909 15.364 12.4539 209.992 3.26177e-005 -0.000160918 1 
11372105 14.6724 13.2647 209.991 -0.000154764 -7.40823e-005 1 14.2686 12.6535 210.034 0.00973681 -0.0121674 0.999776 2.21773 -1.87875 9.95981 5.97925 54.4846 14.6714 13.263 209.991 -0.000136974 -0.000105624 1 
11458372 13.908 14.0678 209.99 4.92662e-005 -0.00027087 1 13.5999 13.322 209.916 0.010107 -0.0116823 0.999763 2.21658 -1.87875 9.97093 6.03613 54.4798 13.9076 14.0668 209.99 5.85418e-005 -0.000285697 1 
11547008 13.1341 14.7842 209.989 0.000101831 -0.000435313 1 12.8204 14.1086 210.02 0.0107203 -0.0113213 0.99975 2.21601 -1.87904 9.98204 6.08985 54.4735 13.1333 14.7824 209.989 0.000121838 -0.000463557 1 
11633057 12.2882 15.4975 209.993 0.000466144 -0.000619743 1 11.9262 14.7835 210.015 0.0114547 -0.0110834 0.999738 2.21486 -1.87875 9.98839 6.14673 54.4735 12.2878 15.4966 209.993 0.000476591 -0.000633045 1 
11721789 11.4653 16.1204 210.002 0.000952018 -0.000918505 0.999999 11.1481 15.4551 210.008 0.011704 -0.0105949 0.999848 2.21371 -1.8776 9.9995 6.20016 54.4719 11.465 16.1196 210.002 0.000962257 -0.00093029 0.999999 
11808404 10.5434 16.7568 210.002 0.00105601 -0.000721652 0.999999 10.2553 16.0184 210.006 0.0121943 -0.0103549 0.999838 2.21198 -1.87846 10.009 6.25733 54.4719 10.5431 16.7559 210.002 0.00106676 -0.000733563 0.999999 
11897318 9.65422 17.2839 210.013 0.001613 -0.00099098 0.999998 9.36261 16.4667 210.006 0.0125655 -0.0097478 0.999822 2.21112 -1.87703 10.0186 0.027578 54.4719 9.65371 17.2821 210.013 0.00163412 -0.00101141 0.999998 
11982775 8.65875 17.7955 210.012 0.00151611 -0.00102761 0.999998 8.46863 17.0311 210.004 0.0131768 -0.00963091 0.999814 2.21055 -1.87789 10.0344 0.0841703 54.4639 8.65857 17.7946 210.012 0.00152757 -0.00103791 0.999998 
12071219 7.69284 18.2089 210.02 0.00167202 -0.00144513 0.999998 7.46547 17.4791 210.005 0.013427 -0.00890071 0.999797 2.21084 -1.87731 10.0551 0.137603 54.4528 7.69262 18.208 210.02 0.00168367 -0.00145387 0.999998 
12158368 6.63333 18.6142 210.02 0.00151255 -0.00138772 0.999998 6.57188 17.8158 210.007 0.0137982 -0.00829358 0.999782 2.21026 -1.87875 10.0662 0.19477 54.4513 6.63329 18.6133 210.02 0.00152494 -0.00139604 0.999998 
12245426 5.61831 18.945 210.017 0.00148589 -0.00129522 0.999998 5.45939 18.2648 210.009 0.0138042 -0.00756133 0.999767 2.2094 -1.8799 10.0741 0.248776 54.4497 5.61817 18.9442 210.017 0.00149845 -0.00130282 0.999998 
12332733 4.55667 19.3024 209.999 0.000779945 -0.000317818 1 4.45528 18.5978 210.013 0.0140574 -0.00646501 0.999743 2.2048 -1.88392 10.0852 0.305369 54.4497 4.55658 19.3016 209.999 0.000794177 -0.000325954 1 
12421376 3.49934 19.4793 210.011 0.00128539 -0.000817936 0.999999 3.3407 18.9329 210.016 0.0141887 -0.00548729 0.999845 2.20624 -1.88277 10.0916 0.359376 54.4497 3.49919 19.4786 210.011 0.00129884 -0.000823604 0.999999 
12508108 2.39099 19.6328 210.011 0.00120777 -0.000936131 0.999999 2.33458 19.1533 209.91 0.0144408 -0.00451301 0.999823 2.20624 -1.88392 10.1011 0.415393 54.4497 2.39095 19.6322 210.01 0.00122157 -0.000940333 0.999999 
12595367 1.33602 19.7439 210.005 0.00108849 -0.000793575 0.999999 1.33183 19.3748 209.915 0.0144499 -0.00341463 0.999801 2.20509 -1.88536 10.109 0.468826 54.4497 1.33603 19.7434 210.004 0.00110241 -0.000796394 0.999999 
12683079 0.276084 19.7892 210.001 0.000954359 -0.000796586 0.999999 0.216351 19.5995 209.922 0.014579 -0.00256137 0.999783 2.20452 -1.88679 10.1186 0.521971 54.4497 0.27603 19.7889 210.001 0.000968427 -0.000797997 0.999999 
12769801 -0.839599 19.7833 209.996 0.000834955 -0.000714019 0.999999 -0.896447 19.5986 209.933 0.0142218 -0.0014599 0.999765 2.20365 -1.88823 10.1265 0.577989 54.4497 -0.839651 19.7831 209.996 0.000848512 -0.000713747 0.999999 
12858107 -1.96563 19.7193 209.988 0.000628248 -0.00055601 1 -2.00925 19.5989 209.943 0.0138649 -0.000478069 0.999871 2.2025 -1.88995 10.1329 0.634581 54.4497 -1.96567 19.7191 209.988 0.000641271 -0.000554186 1 
12945239 -3.01894 19.5934 209.985 0.000565744 -0.000494882 1 -3.12521 19.4888 209.956 0.0137499 0.000377256 0.999855 2.20193 -1.8911 10.1392 0.687726 54.4497 -3.01905 19.5933 209.985 0.000578107 -0.000491484 1 
13033135 -4.06684 19.4001 209.985 0.000498185 -0.00058658 1 -4.12953 19.3822 209.968 0.0136308 0.000744412 0.999849 2.20193 -1.89225 10.1487 0.740871 54.4497 -4.0669 19.4 209.985 0.000509622 -0.000581823 1 
13119726 -5.16351 19.136 209.986 0.000424442 -0.000664583 1 -5.24301 19.1616 209.984 0.0131486 0.00148078 0.99984 2.20193 -1.8934 10.1583 0.797176 54.4497 -5.16359 19.136 209.986 0.000434685 -0.000658407 1 
13207974 -6.23631 18.8238 209.985 0.000319987 -0.000572537 1 -6.24806 18.8273 210 0.0129116 0.00233713 0.999825 2.20136 -1.89455 10.1646 0.853194 54.4497 -6.2363 18.8238 209.985 0.000329377 -0.000565159 1 
13295200 -7.23738 18.4671 209.983 0.000216496 -0.00054003 1 -7.25306 18.4942 209.905 0.0125494 0.00282839 0.999819 2.20107 -1.8957 10.171 0.906339 54.4497 -7.23737 18.4671 209.983 0.000225138 -0.000532096 1 
13383252 -8.21433 18.0669 209.981 0.000214265 -0.000407922 1 -8.25695 18.1645 209.921 0.0121862 0.0031976 0.999815 2.20049 -1.89627 10.1773 0.959484 54.4497 -8.21436 18.067 209.981 0.000222569 -0.000400164 1 
13469595 -9.20827 17.5644 209.988 0.000485269 -0.000457696 1 -9.26383 17.6093 209.942 0.0119471 0.00380987 0.999806 2.20136 -1.89627 10.1821 1.01521 54.4544 -9.20832 17.5645 209.988 0.000493813 -0.000450234 1 
13558209 -10.2358 17.072 209.965 -0.000748342 3.36948e-005 1 -10.2675 17.1656 209.961 0.0114639 0.0044242 0.999798 2.19733 -1.90087 10.171 1.07209 54.4719 -10.2358 17.0721 209.965 -0.00073843 4.12558e-005 1 
13645113 -11.0882 16.4657 209.99 0.000431348 0.00010568 1 -11.1616 16.6106 209.981 0.0111018 0.00491546 0.999792 2.20049 -1.898 10.163 1.12466 54.4862 -11.0882 16.4659 209.99 0.000441132 0.000111933 1 
13732924 -11.9613 15.8511 209.993 0.000347984 0.000185305 1 -12.0555 15.9451 210.003 0.0106165 0.0052857 0.99979 2.20021 -1.89915 10.1598 1.1781 54.4989 -11.9614 15.8515 209.993 0.000369852 0.000197928 1 
13819479 -12.84 15.1586 209.996 0.000303121 0.000307384 1 -12.9506 15.2762 210.024 0.0102576 0.00602344 0.999901 2.19992 -1.9003 10.1535 1.23412 54.5132 -12.8401 15.1588 209.996 0.000314494 0.000313591 1 
13908104 -13.6232 14.4401 209.998 0.00046453 0.000259792 1 -13.7295 14.6109 210.044 0.00940518 0.00627473 0.999904 2.20078 -1.90116 10.1487 1.28697 54.5211 -13.6233 14.4403 209.998 0.000475544 0.000266093 1 
13995002 -14.4092 13.6447 210.003 0.000562416 0.000169308 1 -14.5138 13.8329 210.067 0.00904202 0.00664394 0.999901 2.20136 -1.90231 10.1471 1.3427 54.5306 -14.4093 13.645 210.003 0.000573592 0.000176075 1 
14083336 -15.1246 12.8432 210.002 0.000520383 7.06779e-005 1 -15.2982 13.0548 210.09 0.00867885 0.00701316 0.999897 2.20164 -1.90403 10.1424 1.39614 54.5386 -15.1249 12.8438 210.002 0.000543162 8.55756e-005 1 
14169398 -15.8213 11.9722 210.004 0.00056349 6.54415e-005 1 -15.8582 12.2738 210.111 0.00819463 0.00750544 0.999892 2.20193 -1.90547 10.136 1.45187 54.5481 -15.8213 11.9726 210.004 0.000574701 7.36065e-005 1 
14258440 -16.4426 11.1194 210.004 0.000461804 9.88926e-005 1 -16.5295 11.3855 210.136 0.00758534 0.00763263 0.999895 2.20164 -1.90719 10.1281 1.50472 54.5576 -16.4426 11.1197 210.004 0.000472715 0.000107416 1 
14345463 -17.0552 10.1597 210.002 0.000354684 -0.000179775 1 -17.0881 10.494 210.159 0.00685599 0.00800493 0.999895 2.20164 -1.90978 10.1281 1.56132 54.5608 -17.0552 10.1602 210.002 0.000365225 -0.000170029 1 
14433310 -17.5752 9.23742 209.997 0.000290434 -0.000265169 1 -17.7617 9.60349 210.071 0.00636876 0.00813109 0.999898 2.20164 -1.91179 10.1217 1.61417 54.5671 -17.5755 9.2384 209.997 0.000310651 -0.000244517 1 
14519753 -18.068 8.22954 209.995 0.000281236 -0.000285027 1 -18.2097 8.60057 210.095 0.00563841 0.00838134 0.9999 2.20193 -1.9138 10.1106 1.67019 54.5783 -18.0682 8.2301 209.995 0.000290408 -0.00027401 1 
14606914 -18.4873 7.26492 209.997 0.000155645 -0.000197888 1 -18.661 7.59881 210.12 0.00527323 0.00850647 0.999901 2.20164 -1.91552 10.0979 1.72305 54.5925 -18.4877 7.26603 209.997 0.000173613 -0.000175228 1 
14695135 -18.873 6.20286 209.999 6.8284e-005 -0.000224902 1 -19.0019 6.59385 210.143 0.00503213 0.00887466 0.999896 2.20164 -1.91782 10.0852 1.77964 54.6068 -18.8731 6.20348 209.999 7.72382e-005 -0.000212747 1 
14782345 -19.1753 5.18227 210.003 9.39281e-005 -0.00018347 1 -19.3382 5.59225 210.166 0.00429977 0.00888083 0.999903 2.20193 -1.91954 10.0741 1.83307 54.6179 -19.1755 5.18293 210.003 0.000101589 -0.000171302 1 
14870437 -19.4107 4.1565 210.011 0.000240361 -6.62238e-005 1 -19.5638 4.47699 210.19 0.00356841 0.00900905 0.999908 2.20279 -1.92069 10.063 1.88593 54.629 -19.4109 4.15702 210.012 0.000246429 -5.41349e-005 1 
14956532 -19.5972 3.05101 210.021 0.000510517 3.52617e-005 1 -19.7907 3.47674 210.212 0.00307816 0.00876908 0.999918 2.20394 -1.92155 10.0582 1.94224 54.6338 -19.5974 3.0517 210.022 0.000515211 4.66903e-005 1 
15044462 -19.7483 1.94057 210.026 0.000465781 -6.14672e-006 1 -20.0152 2.36033 210.236 0.00222575 0.00902036 0.999921 2.20365 -1.92328 10.0567 1.99883 54.6354 -19.7486 1.94127 210.027 0.000469237 5.78346e-006 1 
15131737 -19.8189 0.891856 210.033 0.000640415 0.000147786 1 -20.1325 1.24422 210.148 0.0017365 0.00890244 0.999928 2.20423 -1.92385 10.0567 2.05197 54.6354 -19.8193 0.892452 210.033 0.000642729 0.000159153 1 
15219104 -19.8561 -0.212742 210.037 0.000517455 0.000328343 1 -20.1338 0.129351 210.171 0.000879868 0.00878519 0.999817 2.20365 -1.92443 10.0551 2.10828 54.637 -19.8564 -0.212168 210.037 0.000518601 0.000339109 1 
15306416 -19.8185 -1.26502 210.04 0.000505989 0.000618865 1 -20.1384 -0.986642 210.193 0.000391627 0.00878931 0.999822 2.20394 -1.92443 10.0503 2.16171 54.637 -19.8189 -1.26455 210.041 0.000506445 0.000629025 1 
15394559 -19.7243 -2.37877 210.039 0.000308412 0.000983062 0.999999 -20.0314 -2.10131 210.214 -9.86241e-005 0.00854934 0.999831 2.20394 -1.92414 10.0392 2.21859 54.637 -19.7247 -2.37831 210.04 0.000308549 0.00099209 0.999999 
15481752 -19.5699 -3.42764 210.035 0.000181767 0.000961448 1 -19.9233 -3.21598 210.235 -0.000710936 0.0083104 0.999842 2.20423 -1.92586 10.0265 2.27174 54.6386 -19.5704 -3.42727 210.036 0.000181397 0.00097007 1 
15568980 -19.3604 -4.52246 210.034 -0.000124991 0.00115689 0.999999 -19.7036 -4.33159 210.254 -0.00132325 0.00807146 0.999853 2.20394 -1.92615 10.0138 2.32833 54.6386 -19.3608 -4.52213 210.034 -0.000125583 0.00116472 0.999999 
15656202 -19.0878 -5.54776 210.029 -0.000156491 0.00113578 0.999999 -19.4861 -5.4494 210.163 -0.0018135 0.00783149 0.999862 2.20452 -1.92759 10.0043 2.38147 54.6386 -19.0884 -5.54755 210.029 -0.000157531 0.00114323 0.999999 
15744385 -18.7704 -6.6275 210.021 -0.000414013 0.000551448 1 -19.1527 -6.45437 210.179 -0.00254787 0.00759358 0.999874 2.20337 -1.93161 9.99474 2.43778 54.6418 -18.7709 -6.62716 210.022 -0.000415285 0.000559582 1 
15831733 -18.3263 -7.61005 210.032 7.21387e-005 0.00117106 0.999999 -18.8214 -7.56979 210.198 -0.00316119 0.00723259 0.999887 2.2071 -1.93046 9.9868 2.49121 54.6433 -18.3269 -7.6099 210.032 6.90609e-005 0.0011775 0.999999 
15919326 -17.8933 -8.58478 210.028 -2.85134e-005 0.000984255 1 -18.3775 -8.57228 210.213 -0.00377651 0.00662753 0.999905 2.20739 -1.93276 9.9741 2.54464 54.6449 -17.8939 -8.58466 210.028 -3.20241e-005 0.000989991 1 
16006112 -17.3831 -9.59532 210.029 -7.00654e-005 0.000753288 1 -17.9348 -9.57931 210.229 -0.00426576 0.0065096 0.999913 2.20739 -1.93506 9.96775 2.60152 54.6449 -17.3839 -9.59517 210.029 -7.40257e-005 0.000759419 1 
16094299 -16.8199 -10.5698 210.029 -0.000121984 0.000527384 1 -17.3806 -10.4756 210.129 -0.00475702 0.00614759 0.999925 2.20739 -1.93735 9.95981 2.65812 54.6449 -16.8207 -10.5695 210.029 -0.000126363 0.000533483 1 
16181594 -16.2263 -11.4484 210.025 -9.30009e-005 0.000494198 1 -16.7146 -11.4811 210.142 -0.00524928 0.00566354 0.999939 2.20825 -1.93908 9.9487 2.71126 54.6449 -16.227 -11.4484 210.025 -9.79816e-005 0.000499676 1 
16269382 -15.5972 -12.2999 210.022 -0.000177392 0.000429928 1 -16.1584 -12.2647 210.154 -0.00574074 0.00542116 0.999827 2.20854 -1.94051 9.93917 2.76469 54.6449 -15.5981 -12.2997 210.022 -0.000182849 0.000435375 1 
16355962 -14.882 -13.1636 210.021 -0.000204216 0.000322692 1 -15.3799 -13.1607 210.164 -0.00623199 0.00505915 0.999839 2.20882 -1.94224 9.93124 2.82129 54.6449 -14.8828 -13.1635 210.022 -0.000210324 0.000328016 1 
16444586 -14.1645 -13.9397 210.019 -0.000311162 0.000263484 1 -14.7121 -13.9476 210.172 -0.00672023 0.00506327 0.999843 2.20911 -1.94367 9.92012 2.87472 54.6449 -14.1654 -13.9396 210.019 -0.000317754 0.0002693 1 
16531524 -13.3545 -14.7159 210.019 -0.000312444 0.000213973 1 -13.9338 -14.7308 210.18 -0.00709044 0.00457818 0.999857 2.20969 -1.9454 9.9106 2.93131 54.6449 -13.3555 -14.7158 210.02 -0.000319538 0.000219356 1 
16619435 -12.5588 -15.4057 210.021 -0.000398436 0.000185579 1 -13.1535 -15.4002 210.186 -0.00758471 0.00385005 0.999876 2.20997 -1.94655 9.90266 2.98474 54.6449 -12.5607 -15.4055 210.021 -0.000414014 0.000194629 1 
16705797 -11.658 -16.0899 210.02 -0.00041982 0.000168226 1 -12.2649 -16.0739 210.19 -0.00770978 0.00348495 0.999884 2.21084 -1.94827 9.88996 3.04191 54.6449 -11.659 -16.0898 210.021 -0.000427569 0.000172418 1 
16793250 -10.7738 -16.6808 210.02 -0.000352659 0.000264091 1 -11.3752 -16.7487 210.083 -0.00807999 0.00299986 0.999897 2.21198 -1.94971 9.88361 3.09563 54.6449 -10.7749 -16.6808 210.021 -0.00036138 0.000267615 1 
16881908 -9.82378 -17.2695 210.015 -0.000447193 0.000100701 1 -10.3719 -17.3095 210.084 -0.00845119 0.00239274 0.999913 2.21198 -1.95143 9.87409 3.15251 54.6449 -9.82472 -17.2695 210.015 -0.000456407 0.000103806 1 
16969357 -8.88671 -17.7748 210.014 -0.000456587 1.10612e-005 1 -9.48013 -17.8716 210.086 -0.00882039 0.0020297 0.999924 2.21227 -1.95315 9.86774 3.20652 54.6449 -8.8888 -17.775 210.014 -0.00047754 1.79155e-005 1 
17055757 -7.87069 -18.2461 210.012 -0.000559683 1.43407e-005 1 -8.47923 -18.3196 210.086 -0.00882763 0.00129504 0.999816 2.21285 -1.9543 9.8598 3.2634 54.6449 -7.87174 -18.2462 210.012 -0.000569559 1.6353e-005 1 
17144978 -6.88142 -18.6403 210.011 -0.000557645 -2.14749e-005 1 -7.4761 -18.7711 210.085 -0.00907476 0.000930972 0.999826 2.21342 -1.95603 9.85345 3.3174 54.6449 -6.88246 -18.6405 210.011 -0.000568216 -1.96474e-005 1 
17231232 -5.82248 -19.0022 210.012 -0.000607273 -9.02688e-005 1 -6.3604 -19.1074 210.081 -0.00932592 7.87337e-005 0.999845 2.21371 -1.95746 9.84869 3.37428 54.6449 -5.82341 -19.0024 210.012 -0.000618487 -8.96199e-005 1 
17319499 -4.8045 -19.2997 210.012 -0.000583939 -0.000303097 1 -5.35863 -19.4472 210.078 -0.00932894 -0.000287393 0.999852 2.21342 -1.95947 9.84551 3.42829 54.6449 -4.80632 -19.3002 210.012 -0.000606721 -0.000301689 1 
17405838 -3.7068 -19.5439 210.007 -0.000711006 -0.000433175 1 -4.24203 -19.6741 210.071 -0.00957808 -0.000895547 0.999867 2.21371 -1.96091 9.8344 3.48546 54.6449 -3.70773 -19.5441 210.007 -0.000722843 -0.000432932 1 
17492976 -2.65666 -19.717 210.006 -0.000653331 -0.000547671 1 -3.12885 -19.9022 210.065 -0.00946004 -0.00138474 0.999875 2.214 -1.96321 9.82805 3.53946 54.6449 -2.65748 -19.7173 210.006 -0.000665324 -0.000547745 1 
17581052 -1.52709 -19.8165 210.003 -0.000709663 -0.000425681 1 -2.00908 -20.0198 210.056 -0.0099513 -0.00174676 0.999887 2.21543 -1.96493 9.81694 3.59663 54.6449 -1.52794 -19.8168 210.003 -0.000723068 -0.000426221 1 
17668355 -0.466609 -19.8542 210.003 -0.000812443 -0.000305016 1 -1.00453 -20.0238 210.046 -0.00995532 -0.00223493 0.999897 2.21658 -1.96637 9.81059 3.65035 54.6449 -0.467563 -19.8545 210.004 -0.000826088 -0.000306419 1 
17755703 0.662844 -19.8504 210.007 -0.000687574 -0.000369035 1 0.112735 -20.0253 210.147 -0.00996035 -0.00284514 0.999909 2.21687 -1.96924 9.809 3.7078 54.6449 0.661845 -19.8506 210.007 -0.000702145 -0.000371242 1 
17842866 1.7237 -19.7827 210.014 -0.00062143 -0.000357027 1 1.30298 -20.0387 210.135 -0.00592934 -0.00251296 0.999863 2.21744 -1.97154 9.80582 3.76181 54.6449 1.72296 -19.7832 210.014 -0.000626967 -0.000358005 1 
17931189 2.81155 -19.6717 210.016 -0.000346608 -0.00029974 1 2.39935 -19.8248 210.119 -0.00360899 -0.00253011 0.999962 2.2183 -1.97441 9.7963 3.81926 54.6449 2.81019 -19.6724 210.017 -0.00034755 -0.000300429 1 
18018275 3.87737 -19.482 210.021 -3.56685e-005 -0.000208285 1 3.61982 -19.6141 210.103 -0.0026305 -0.00229425 0.999948 2.21888 -1.977 9.79154 3.87385 54.6449 3.87718 -19.482 210.021 -3.54698e-005 -0.000208343 1 
18105527 4.97653 -19.2271 210.021 7.42302e-005 -0.000186346 1 4.62504 -19.3983 210.089 -0.00250945 -0.00241732 0.999949 2.21917 -1.97815 9.78836 3.93101 54.6418 4.9758 -19.2275 210.021 7.36696e-005 -0.000186792 1 
18192769 6.00385 -18.9448 210.015 0.000200697 -0.00041149 1 5.74163 -19.0751 210.071 -0.00226332 -0.0021753 0.999942 2.21859 -1.97901 9.77884 3.98531 54.6402 6.0035 -18.9449 210.015 0.000200004 -0.000410579 1 
18280998 7.06634 -18.5737 210.01 0.000234033 -0.000443321 1 6.85917 -18.6359 210.052 -0.00202121 -0.00242144 0.999944 2.21859 -1.9793 9.77407 4.04219 54.637 7.06618 -18.5735 210.01 0.000233303 -0.000442981 1 
18368222 8.05156 -18.1656 210.007 0.000237263 -0.000467011 1 7.86396 -18.1968 210.033 -0.00165603 -0.00254657 0.999943 2.21859 -1.9793 9.7709 4.09591 54.6354 8.05142 -18.1654 210.008 0.000236876 -0.000467035 1 
18455370 9.01149 -17.6865 210.007 0.000102499 -0.000308524 1 8.87101 -17.7589 210.014 -0.00153397 -0.0025476 0.999942 2.21945 -1.97901 9.76931 4.14963 54.6338 9.01139 -17.6864 210.007 0.000102161 -0.000309082 1 
18543211 10.0001 -17.1315 210.007 4.60842e-006 -0.000191317 1 9.87556 -17.2105 209.994 -0.00104472 -0.00242967 0.999935 2.22003 -1.97872 9.7709 4.20651 54.6322 9.99998 -17.1315 210.007 5.09711e-006 -0.000192096 1 
18631428 10.9077 -16.5729 210.006 -4.35075e-005 -0.000259173 1 10.8878 -16.5472 210.082 -0.00116678 -0.00242864 0.999936 2.21974 -1.97786 9.77566 4.26022 54.6275 10.9078 -16.5726 210.006 -4.36074e-005 -0.000260034 1 
18718532 11.8258 -15.9212 210.005 -0.000151267 -0.000167201 1 11.7842 -15.9967 210.063 -0.00104472 -0.00242967 0.999935 2.22003 -1.97728 9.7836 4.31682 54.6179 11.8258 -15.9212 210.006 -0.000151254 -0.000168489 1 
18806594 12.6615 -15.2764 210.002 -0.000159549 -0.00029895 1 12.5742 -15.2199 210.039 -0.00129086 -0.0026717 0.999942 2.21945 -1.97642 9.78995 4.37025 54.61 12.6615 -15.276 210.002 -0.000160566 -0.00030229 1 
18892898 13.5019 -14.5331 210 -0.000267296 -0.000361064 1 13.3621 -14.5569 210.019 -0.00141292 -0.00267067 0.999943 2.21945 -1.97556 9.79471 4.42684 54.6036 13.5017 -14.5331 210 -0.000268252 -0.000362699 1 
18981502 14.2583 -13.7939 209.998 -0.000254885 -0.000425944 1 14.1476 -13.7823 209.996 -0.0011688 -0.00267273 0.999941 2.21917 -1.97527 9.79948 4.48027 54.5989 14.2581 -13.7938 209.998 -0.000255574 -0.000427563 1 
19068328 15.0203 -12.9695 209.994 -0.000277805 -0.000582242 1 14.8257 -12.8952 209.971 -0.00129086 -0.0026717 0.999942 2.21859 -1.97412 9.80741 4.53715 54.5909 15.02 -12.9693 209.994 -0.000278804 -0.000583716 1 
19156708 15.6912 -12.1503 209.991 -0.000170121 -0.000547951 1 15.4984 -12.1174 209.949 -0.000926685 -0.00291887 0.999943 2.2183 -1.9747 9.81218 4.59059 54.5862 15.6908 -12.1499 209.991 -0.000171597 -0.000551836 1 
19242718 16.3544 -11.2494 209.991 -5.56541e-005 -0.00063373 1 16.1788 -11.2281 210.037 -0.00117081 -0.00291681 0.999946 2.21773 -1.9747 9.81535 4.64718 54.583 16.3542 -11.2493 209.991 -5.70032e-005 -0.000635587 1 
19331741 16.9266 -10.3565 209.991 -3.59269e-005 -0.000535548 1 16.7443 -10.3377 210.014 -0.00117282 -0.0031609 0.999951 2.21773 -1.97527 9.8217 4.70061 54.5767 16.9259 -10.3562 209.991 -3.88124e-005 -0.000540167 1 
19418169 17.4814 -9.37409 209.991 -3.69684e-005 -0.000524885 1 17.2001 -9.33715 209.989 -0.00129488 -0.00315987 0.999952 2.21773 -1.97556 9.82488 4.75749 54.5735 17.481 -9.37398 209.991 -3.87152e-005 -0.000527355 1 
19507346 17.9452 -8.41117 209.99 -0.000180078 -0.000388302 1 17.656 -8.33316 209.965 -0.00141995 -0.00352496 0.99996 2.2183 -1.97614 9.83123 4.81121 54.5671 17.9444 -8.41096 209.99 -0.000183694 -0.000394649 1 
19592714 18.3895 -7.38415 209.988 -0.000118577 -0.000370586 1 18.1073 -7.3314 209.941 -0.00105478 -0.00365009 0.999959 2.21802 -1.97671 9.83599 4.8678 54.5624 18.3891 -7.38401 209.988 -0.000119982 -0.000374069 1 
19682370 18.756 -6.38742 209.989 -6.84615e-005 -0.000400004 1 18.4516 -6.32539 210.029 -0.00105679 -0.00389418 0.999964 2.21773 -1.977 9.83916 4.92152 54.5608 18.7556 -6.38725 209.989 -7.00013e-005 -0.0004038 1 
19768412 19.089 -5.32072 209.989 7.75328e-005 -0.000421233 1 18.7924 -5.3227 210.006 -0.000813672 -0.00401828 0.999964 2.21716 -1.97757 9.84075 4.97811 54.5592 19.0885 -5.32065 209.989 7.60924e-005 -0.000425168 1 
19857584 19.344 -4.28965 209.991 0.000103535 -0.000408026 1 19.0216 -4.31907 209.984 -0.000570557 -0.00414238 0.999964 2.21687 -1.97786 9.8471 5.03183 54.556 19.3431 -4.28948 209.991 0.000101268 -0.000416222 1 
19942207 19.5569 -3.19409 209.995 9.18704e-005 -0.000412897 1 19.2552 -3.20385 209.961 -0.000694829 -0.0042658 0.999845 2.21629 -1.97757 9.86298 5.08843 54.5497 19.5565 -3.19402 209.995 9.05546e-005 -0.000417179 1 
20029529 19.718 -2.15155 209.994 0.000344808 -0.000417129 1 19.2612 -2.1972 209.941 -0.000452719 -0.00451194 0.999848 2.21486 -1.97757 9.87409 5.14215 54.5449 19.7173 -2.15152 209.994 0.000343511 -0.000421677 1 
20117646 19.8091 -1.03627 209.997 0.000325476 -0.000366463 1 19.3843 -1.08113 210.03 -0.000573774 -0.00438887 0.999847 2.21428 -1.97757 9.88996 5.19874 54.5354 19.8085 -1.03624 209.997 0.000324054 -0.000370902 1 
20204855 19.8311 0.0156579 209.999 0.000260757 -0.000382848 1 19.2807 0.0380412 210.009 -0.000453724 -0.00463398 0.99985 2.214 -1.97728 9.90266 5.25188 54.5274 19.8295 0.015904 209.999 0.000258404 -0.000392212 1 
20292006 19.7768 1.14056 210.003 0.00010813 -0.000436093 1 19.2879 1.04468 209.989 -0.000333675 -0.00487909 0.999854 2.21428 -1.97728 9.9106 5.30848 54.5243 19.7761 1.14055 210.003 0.00010727 -0.000441014 1 
20379381 19.6611 2.19804 210.003 -8.82159e-005 -0.000604411 1 19.1832 2.16159 209.968 -8.95542e-005 -0.00488115 0.999852 2.21486 -1.97671 9.91695 5.36191 54.5195 19.6604 2.19811 210.003 -8.8535e-005 -0.00060908 1 
20467520 19.4949 3.31364 210.002 -0.000159756 -0.000577958 1 18.9694 3.16896 209.95 -0.00021262 -0.00500217 0.999855 2.21457 -1.977 9.93124 5.41879 54.5084 19.4941 3.31358 210.002 -0.00016016 -0.000582811 1 
20554733 19.2892 4.34302 209.999 -0.000132074 -0.000659528 1 18.7533 4.17635 209.932 -9.15647e-005 -0.00512524 0.999856 2.214 -1.97642 9.94394 5.47193 54.4989 19.2876 4.34294 209.999 -0.000132673 -0.000669254 1 
20641949 19.0194 5.42663 210 -1.92196e-005 -0.000604682 1 18.4299 5.29731 210.025 -0.000213625 -0.00512421 0.999858 2.21285 -1.97642 9.95981 5.52853 54.4893 19.0185 5.42663 210 -1.97428e-005 -0.000609528 1 
20729277 18.7047 6.44644 210.001 4.51179e-005 -0.000490367 1 18.1022 6.30791 210.008 -9.45804e-005 -0.00549136 0.999864 2.2117 -1.97671 9.97728 5.58253 54.4782 18.7038 6.44645 210.001 4.46668e-005 -0.000495755 1 
20818477 18.3384 7.43769 210 0.000125542 -0.000422461 1 17.6631 7.2033 209.995 -9.35752e-005 -0.00536932 0.999861 2.21055 -1.97671 9.99315 5.63596 54.4671 18.3374 7.43759 210 0.000125024 -0.000427752 1 
20904692 17.8874 8.47275 210.001 6.84999e-005 -0.000312367 1 17.2317 8.20229 209.98 -0.000817894 -0.00438681 0.999849 2.2094 -1.97671 10.0186 5.69284 54.4497 17.8853 8.47256 210.001 6.59719e-005 -0.000321068 1 
20991910 17.3956 9.46981 210 0.00026348 -0.000203915 1 16.6887 9.20332 209.964 -0.00154201 -0.00352394 0.999961 2.20768 -1.97614 10.0328 5.74915 54.4417 17.3945 9.46968 209.999 0.000261166 -0.000207307 1 
21079109 16.8656 10.3883 210.004 0.000313251 -0.000180319 1 16.1391 10.0996 209.952 -0.00166307 -0.00340086 0.99996 2.20653 -1.97527 10.0487 5.80258 54.437 16.8645 10.3881 210.004 0.000310753 -0.000183599 1 
21167388 16.2529 11.3161 210.005 0.000356705 -0.000159546 1 15.5909 10.8866 209.942 -0.00203025 -0.00351982 0.999966 2.20566 -1.9747 10.0582 5.8586 54.4338 16.2519 11.3157 210.005 0.000353738 -0.000163004 1 
21254555 15.6116 12.1582 210.006 0.000172902 -0.000284818 1 14.9274 11.7873 209.932 -0.00191141 -0.00376734 0.999848 2.20538 -1.97384 10.0789 5.91146 54.4211 15.6105 12.1579 210.006 0.00017032 -0.000288402 1 
21342587 14.9244 12.981 210.006 2.3513e-005 -0.000230114 1 14.2653 12.5753 209.923 -0.00203448 -0.00388835 0.999851 2.20452 -1.97384 10.0995 5.96518 54.4084 14.9234 12.9807 210.006 2.09186e-005 -0.000233979 1 
21429083 14.1656 13.8033 210.006 -5.43285e-005 -0.000135792 1 13.6033 13.3643 209.914 -0.00215855 -0.00413141 0.999857 2.20337 -1.97384 10.117 6.02148 54.3989 14.1647 13.8028 210.006 -5.70407e-005 -0.000140183 1 
21518469 13.3964 14.5335 210.006 -0.000202082 -0.000197583 1 12.8264 14.0394 209.908 -0.00203548 -0.00401039 0.999854 2.20279 -1.97355 10.1344 6.07463 54.3877 13.3955 14.533 210.005 -0.000204467 -0.000201831 1 
21604790 12.5527 15.2725 210.006 -0.000265614 -7.5937e-005 1 11.9435 14.7153 209.904 -0.00252272 -0.00388424 0.999856 2.20136 -1.97355 10.1519 6.13122 54.3798 12.5517 15.2718 210.006 -0.000268625 -8.04152e-005 1 
21693024 11.7092 15.9137 210.005 -0.000349228 -0.000246679 1 11.1723 15.3926 209.898 -0.00301196 -0.00400216 0.999863 2.20078 -1.9724 10.171 6.18436 54.3671 11.7083 15.9131 210.005 -0.000352715 -0.000251129 1 
21779124 10.7997 16.5702 209.998 -0.000341521 -0.000105896 1 10.2917 16.0673 209.893 -0.00374231 -0.00375191 0.999865 2.19848 -1.97125 10.1979 6.24124 54.3465 10.7989 16.5696 209.998 -0.000346125 -0.000110705 1 
21867472 9.90214 17.1287 209.996 -0.000438545 -0.000211021 1 9.41336 16.7398 209.889 -0.00471477 -0.00325551 0.999865 2.19705 -1.96953 10.2297 0.0112036 54.3242 9.90055 17.1276 209.995 -0.000449884 -0.000220258 1 
21954626 8.92816 17.6642 209.988 -0.000317058 -0.000276794 1 8.42388 17.1946 209.889 -0.00593538 -0.00324522 0.999877 2.1959 -1.96752 10.2392 0.0675086 54.3147 8.92732 17.6636 209.988 -0.000324818 -0.00028124 1 
22042790 7.96584 18.1235 209.986 -0.000338006 -0.000370624 1 7.53696 17.6519 209.889 -0.00618251 -0.00360929 0.999887 2.19475 -1.96579 10.2567 0.121228 54.3036 7.96517 18.1229 209.986 -0.000346093 -0.000375607 1 
22128913 6.92176 18.5366 209.987 -0.000385526 -0.000592207 1 6.5407 18.1101 209.89 -0.00667377 -0.0039713 0.999899 2.19446 -1.96436 10.2678 0.177533 54.2988 6.9212 18.536 209.987 -0.000394138 -0.000597303 1 
22217879 5.92417 18.8857 209.987 -0.000237293 -0.000677662 1 5.43416 18.4554 209.894 -0.00740714 -0.00408717 0.999908 2.1936 -1.96206 10.2741 0.230966 54.2973 5.9234 18.8852 209.987 -0.000247026 -0.000682886 1 
22304465 4.83736 19.1802 209.987 -0.000310585 -0.00085885 1 4.32536 18.8018 209.898 -0.00789739 -0.00432714 0.999918 2.1936 -1.9612 10.2773 0.287271 54.2973 4.83657 19.1797 209.987 -0.000320706 -0.000864041 1 
22392991 3.81317 19.4276 209.987 -9.74687e-005 -0.000839422 1 3.32477 19.1473 209.901 -0.00802146 -0.00457019 0.999924 2.19245 -1.95861 10.2821 0.340703 54.2973 3.81165 19.4269 209.987 -0.000118277 -0.000850734 1 
22478963 2.69758 19.6072 209.989 -0.000329417 -0.000976107 0.999999 2.20936 19.381 209.908 -0.0079004 -0.00469326 0.999925 2.19216 -1.95861 10.2884 0.397008 54.2973 2.69689 19.6069 209.989 -0.000339279 -0.000981689 0.999999 
22567998 1.64642 19.7261 209.987 -0.000336897 -0.00105309 0.999999 1.2067 19.6138 209.913 -0.00790141 -0.0048153 0.999928 2.19188 -1.95775 10.2884 0.450153 54.2973 1.64518 19.7258 209.987 -0.000356129 -0.00106434 0.999999 
22654316 0.523273 19.7903 209.985 -0.00048465 -0.00113697 0.999999 0.0903573 19.7337 209.922 -0.00777834 -0.00469429 0.999924 2.19159 -1.95775 10.2884 0.506458 54.2973 0.522733 19.7902 209.985 -0.000493745 -0.00114219 0.999999 
22742847 -0.545412 19.8048 209.98 -0.000706761 -0.00110427 0.999999 -1.02935 19.8525 209.819 -0.00741216 -0.00469738 0.99992 2.19073 -1.95832 10.2884 0.560178 54.2973 -0.546549 19.8049 209.979 -0.000723339 -0.00111491 0.999999 
22828786 -1.6574 19.7553 209.977 -0.00072841 -0.0010976 0.999999 -2.03046 19.8598 209.829 -0.00777734 -0.00457225 0.999922 2.19044 -1.95804 10.2805 0.616196 54.3052 -1.65783 19.7555 209.977 -0.000736904 -0.00110266 0.999999 
22915970 -2.7039 19.6506 209.979 -0.000757054 -0.000975618 0.999999 -3.152 19.7622 209.842 -0.00729312 -0.00506453 0.999926 2.19044 -1.95861 10.2583 0.669341 54.3274 -2.70442 19.6507 209.979 -0.000764582 -0.000981148 0.999999 
23004778 -3.81514 19.4632 209.982 -0.00073752 -0.001024 0.999999 -4.26969 19.4425 209.86 -0.00742141 -0.00567612 0.999818 2.19101 -1.9589 10.2408 0.725933 54.3449 -3.81566 19.4632 209.981 -0.000744896 -0.00102985 0.999999 
23092285 -4.84747 19.2186 209.986 -0.000622855 -0.0011528 0.999999 -5.27937 19.2358 209.874 -0.00706227 -0.0065335 0.999831 2.19216 -1.9589 10.2233 0.779078 54.3623 -4.84845 19.2185 209.985 -0.000636361 -0.00116513 0.999999 
23178768 -5.93633 18.9105 209.988 -0.000735689 -0.0011916 0.999999 -6.28887 18.914 209.891 -0.00682217 -0.00702373 0.999838 2.19245 -1.96005 10.2059 0.835958 54.3798 -5.93669 18.9105 209.988 -0.000741823 -0.001198 0.999999 
23265987 -6.93524 18.5628 209.991 -0.000674283 -0.00127598 0.999999 -7.4109 18.4816 209.91 -0.00658207 -0.00751396 0.999846 2.19302 -1.96005 10.1932 0.889103 54.3925 -6.93572 18.5627 209.99 -0.000680011 -0.00128247 0.999999 
23354174 -7.97776 18.1374 209.995 -0.000602853 -0.00125374 0.999999 -8.3097 18.0473 209.928 -0.00634197 -0.00800418 0.999853 2.1936 -1.96034 10.1725 0.945982 54.4132 -7.97808 18.1373 209.995 -0.000608158 -0.00126036 0.999999 
23442062 -8.93108 17.69 209.998 -0.000519136 -0.00124892 0.999999 -9.32241 17.6117 209.946 -0.00585574 -0.00825238 0.999853 2.19389 -1.96005 10.1598 0.999128 54.4258 -8.93144 17.6899 209.998 -0.000523893 -0.0012555 0.999999 
23528590 -9.91129 17.1581 210.002 -0.000389199 -0.00122862 0.999999 -10.221 17.0692 209.966 -0.00574071 -0.00910771 0.999869 2.19446 -1.95976 10.144 1.05543 54.4417 -9.91156 17.158 210.002 -0.000393783 -0.00123565 0.999999 
23615826 -10.817 16.6176 210.004 -0.000391634 -0.00114803 0.999999 -11.2346 16.5197 209.987 -0.00525247 -0.00911182 0.999864 2.19417 -1.95947 10.1329 1.10887 54.4528 -10.8173 16.6175 210.004 -0.0003957 -0.00115497 0.999999 
23704136 -11.7419 15.9972 210.007 -0.000390258 -0.000962258 0.999999 -12.1364 15.8634 210.008 -0.00489132 -0.00972512 0.999872 2.19389 -1.95919 10.1154 1.16546 54.4703 -11.7422 15.9971 210.007 -0.000393906 -0.000969661 0.999999 
23791223 -12.5805 15.3584 210.009 -0.000436654 -0.000851265 1 -12.9266 15.2039 210.029 -0.00452815 -0.0100943 0.999876 2.19389 -1.95947 10.0963 1.21889 54.4862 -12.5807 15.3583 210.009 -0.000439881 -0.000858846 1 
23879226 -13.3784 14.6704 210.01 -0.000344919 -0.000694905 1 -13.7188 14.4316 210.052 -0.00404192 -0.0103425 0.999876 2.19446 -1.95919 10.0741 1.27232 54.502 -13.3786 14.6702 210.01 -0.000347736 -0.000702471 1 
23965602 -14.1709 13.8831 210.009 -0.000126514 -0.000649928 1 -14.5099 13.6627 210.075 -0.00368077 -0.0109558 0.999885 2.1959 -1.9589 10.0535 1.32863 54.5132 -14.1711 13.883 210.009 -0.000129152 -0.000657607 1 
24053086 -14.8947 13.109 210.009 -0.000133801 -0.000555366 1 -15.1916 12.8895 210.097 -0.00307248 -0.0112051 0.999884 2.19618 -1.9589 10.036 1.38235 54.5243 -14.8949 13.1088 210.009 -0.000135952 -0.00056317 1 
24141036 -15.6069 12.2312 210.01 -1.83926e-006 -0.000722532 1 -15.8754 12.0047 210.121 -0.00234213 -0.0114553 0.999881 2.19705 -1.9589 10.0313 1.43894 54.5259 -15.6071 12.231 210.01 -3.53483e-006 -0.000730252 1 
24228542 -16.2378 11.3817 210.009 1.27139e-005 -0.000726602 1 -16.5559 11.121 210.146 -0.00197896 -0.0118245 0.999885 2.19733 -1.9589 10.0201 1.49237 54.5306 -16.2381 11.3815 210.009 1.12638e-005 -0.000734516 1 
24315410 -16.859 10.4526 210.007 -6.13829e-005 -0.000704721 1 -17.1292 10.2342 210.057 -0.00124962 -0.0121968 0.999885 2.19733 -1.95919 10.0058 1.54896 54.5386 -16.8592 10.4525 210.007 -6.22534e-005 -0.00071294 1 
24403619 -17.423 9.48516 210.009 -5.50847e-005 -0.000697573 1 -17.5861 9.23478 210.081 -0.0010065 -0.0123209 0.999885 2.19762 -1.95919 9.99315 1.60556 54.5481 -17.4231 9.48495 210.009 -5.58098e-005 -0.000705878 1 
24490947 -17.9107 8.54247 210.007 -0.000138272 -0.000699055 1 -18.0488 8.23538 210.106 -0.000153086 -0.0124502 0.999879 2.19762 -1.95947 9.97886 1.65928 54.556 -17.9108 8.54221 210.007 -0.000138307 -0.000707551 1 
24578489 -18.3336 7.57327 210.007 -4.57029e-005 -0.000786367 1 -18.5092 7.2371 210.13 0.000455204 -0.0126994 0.999878 2.1982 -1.95947 9.97093 1.71242 54.5592 -18.3337 7.57298 210.007 -4.5371e-005 -0.000794956 1 
24665287 -18.7345 6.53236 210.004 -6.71982e-005 -0.000832763 1 -18.8557 6.239 210.153 0.000818369 -0.0130686 0.999882 2.1982 -1.95947 9.9614 1.76873 54.5608 -18.7345 6.53211 210.004 -6.65922e-005 -0.000841654 1 
24754010 -19.0596 5.51445 210.003 -9.76081e-005 -0.00104292 0.999999 -19.2067 5.2364 210.176 0.0016738 -0.0129538 0.999871 2.1982 -1.96034 9.95346 1.82245 54.564 -19.0598 5.51389 210.003 -9.49042e-005 -0.00106069 0.999999 
24841087 -19.3352 4.43319 210.005 -4.92619e-005 -0.00103238 0.999999 -19.4436 4.12015 210.089 0.00203998 -0.0129569 0.999868 2.19877 -1.96034 9.93759 1.87875 54.5751 -19.3352 4.43289 210.005 -4.76991e-005 -0.00104136 0.999999 
24929075 -19.5343 3.39176 210.007 6.6203e-005 -0.000979585 1 -19.6828 3.00841 210.113 0.00277033 -0.0132071 0.999865 2.19963 -1.96005 9.9233 1.93218 54.5846 -19.5345 3.39114 210.007 7.03493e-005 -0.000998187 0.999999 
25015532 -19.6916 2.27 210.009 0.00012927 -0.000955558 1 -19.8093 1.89458 210.136 0.00337962 -0.0133343 0.999862 2.20021 -1.95976 9.90901 1.98935 54.5941 -19.6916 2.26964 210.009 0.000131839 -0.000965134 1 
25103261 -19.7965 1.22128 210.008 -2.05113e-006 -0.000929417 1 -19.8242 0.777535 210.158 0.00399093 -0.0132174 0.999853 2.19992 -1.95947 9.89314 2.04278 54.6036 -19.7964 1.2204 210.009 4.44508e-006 -0.000949008 1 
25190842 -19.835 0.0982489 210.007 8.26215e-005 -0.000823674 1 -19.9507 -0.338566 210.182 0.00460224 -0.0131005 0.999845 2.20021 -1.95804 9.88679 2.09937 54.6036 -19.835 0.0978119 210.007 8.62971e-005 -0.000833328 1 
25279731 -19.8094 -0.966306 210.008 0.000197834 -0.00081855 1 -19.8539 -1.45541 210.203 0.00521254 -0.0131057 0.999839 2.20049 -1.95718 9.88361 2.15281 54.6036 -19.8093 -0.967214 210.008 0.000205928 -0.000837594 1 
25365441 -19.7352 -2.08164 210.006 0.000149102 -0.000481262 1 -19.756 -2.57675 210.112 0.00558073 -0.0128647 0.999831 2.20049 -1.9543 9.87726 2.2094 54.6036 -19.7351 -2.08211 210.006 0.00015339 -0.000490642 1 
25453960 -19.5999 -3.12241 210.006 0.000153457 -0.000306429 1 -19.6593 -3.6936 210.133 0.00619103 -0.0128698 0.999825 2.20078 -1.95258 9.87091 2.26226 54.6052 -19.5998 -3.12341 210.006 0.000162948 -0.000325249 1 
25540762 -19.4115 -4.21847 210.002 -3.85694e-005 -4.83522e-005 1 -19.45 -4.70206 210.151 0.00680334 -0.0126309 0.999814 2.20049 -1.94999 9.86139 2.31856 54.6068 -19.4115 -4.21893 210.002 -3.31695e-005 -5.7831e-005 1 
25629246 -19.1622 -5.24993 210.003 -0.000112554 0.000111244 1 -19.1301 -5.82306 210.17 0.00741565 -0.0123919 0.999803 2.20078 -1.94827 9.85186 2.37199 54.6116 -19.1618 -5.25099 210.003 -0.000100552 9.2252e-005 1 
25715304 -18.8516 -6.33188 210.001 -0.000283935 5.37563e-005 1 -18.8058 -6.83136 210.187 0.00766078 -0.0122719 0.999799 2.20021 -1.94712 9.84234 2.42859 54.6148 -18.8514 -6.33237 210.001 -0.000277433 4.42273e-005 1 
25803084 -18.4662 -7.32607 210.004 -0.000120053 0.000246479 1 -18.3742 -7.95216 210.204 0.00827208 -0.012155 0.99979 2.20164 -1.94568 9.83599 2.48173 54.6164 -18.466 -7.32665 210.004 -0.000113125 0.000236967 1 
25890612 -18.0055 -8.35274 210.006 9.73604e-005 0.000284439 1 -17.9406 -8.96479 210.22 0.00876435 -0.011671 0.999776 2.20279 -1.94511 9.83281 2.53775 54.6164 -18.0054 -8.35328 210.007 0.000104531 0.000275357 1 
25978215 -17.5249 -9.31562 210.009 0.000213172 0.000187849 1 -17.5084 -9.86687 210.122 0.00937766 -0.01131 0.999763 2.20308 -1.94482 9.82964 2.59147 54.6179 -17.5248 -9.31609 210.009 0.000220741 0.00017915 1 
26064870 -16.9729 -10.2812 210.008 0.000233716 0.000219319 1 -16.9597 -10.8782 210.136 0.00950173 -0.011067 0.999757 2.20365 -1.94396 9.82011 2.6472 54.6211 -16.9728 -10.2817 210.008 0.000241584 0.000210706 1 
26152113 -16.4004 -11.1819 210.009 0.000257565 7.69774e-006 1 -16.302 -11.7811 210.147 0.0099952 -0.0105805 0.999864 2.20365 -1.94425 9.80582 2.70063 54.6306 -16.4002 -11.1825 210.009 0.000266146 -5.78354e-007 1 
26239428 -15.7348 -12.0915 210.011 0.000402452 -6.73792e-005 1 -15.6411 -12.5736 210.156 0.0102443 -0.00997234 0.99985 2.20423 -1.94425 9.7963 2.75694 54.6354 -15.7346 -12.092 210.011 0.000411332 -7.51702e-005 1 
26328040 -15.0714 -12.9263 210.006 0.000444702 -0.000277806 1 -14.9822 -13.4788 210.167 0.0106166 -0.00924317 0.999832 2.20394 -1.94425 9.78519 2.81037 54.637 -15.0712 -12.9268 210.006 0.000454084 -0.000284954 1 
26414852 -14.3217 -13.7626 210.002 0.000488979 -0.00040797 1 -14.2065 -14.1583 210.173 0.0106196 -0.00887705 0.999824 2.20394 -1.94396 9.77249 2.86667 54.6386 -14.3215 -13.763 210.002 0.000498628 -0.000414781 1 
26502017 -13.5716 -14.5017 210.001 0.000497431 -0.000396077 1 -13.4351 -14.9529 210.181 0.0109918 -0.00814788 0.999806 2.20452 -1.9431 9.75661 2.91953 54.6449 -13.5714 -14.5021 210.001 0.000507839 -0.000402414 1 
26589561 -12.7863 -15.2035 210.002 0.000535496 -0.000467081 1 -12.6605 -15.6347 210.187 0.0111189 -0.0075387 0.999793 2.2048 -1.94252 9.74074 2.97239 54.6529 -12.7861 -15.2039 210.002 0.000546414 -0.000472917 1 
26677625 -11.9 -15.8929 210.003 0.000604858 -0.000311265 1 -11.7754 -16.3141 210.191 0.011365 -0.00729667 0.999786 2.20595 -1.94138 9.72804 3.0287 54.6576 -11.8998 -15.8933 210.003 0.000616291 -0.000317002 1 
26764794 -11.0273 -16.5035 210.005 0.000678537 -0.000248675 1 -10.8872 -16.8864 210.194 0.011371 -0.00656442 0.999771 2.20681 -1.94051 9.71375 3.08213 54.664 -11.027 -16.5039 210.005 0.000690282 -0.000253844 1 
26852048 -10.0671 -17.0977 210.006 0.000824278 -0.00017768 1 -10.0023 -17.4553 210.195 0.0117414 -0.00619897 0.999883 2.20768 -1.93994 9.70264 3.13872 54.6671 -10.067 -17.098 210.006 0.000836499 -0.000182527 1 
26939690 -9.14557 -17.6147 210.008 0.000848985 -0.000180136 1 -9.00134 -18.0285 210.196 0.0116254 -0.00546569 0.999869 2.20796 -1.93879 9.69152 3.19187 54.6719 -9.14533 -17.6151 210.008 0.00086123 -0.000184277 1 
27027687 -8.13243 -18.1178 210.004 0.000892813 -0.000286179 1 -8.00188 -18.3752 210.193 0.0118725 -0.00510162 0.99986 2.20796 -1.93793 9.67565 3.24874 54.6751 -8.1322 -18.118 210.004 0.00090561 -0.000289804 1 
27115192 -7.15552 -18.5233 210.008 0.000890804 -0.000214987 1 -7.00111 -18.8368 210.193 0.0118786 -0.00436936 0.999845 2.20882 -1.93649 9.65819 3.30189 54.6846 -7.15526 -18.5236 210.008 0.000904112 -0.000217952 1 
27201851 -6.09576 -18.9038 210.008 0.000894683 -0.000232159 1 -5.8957 -19.181 210.188 0.012733 -0.00437657 0.999837 2.2094 -1.93506 9.63755 3.35848 54.6925 -6.09542 -18.9041 210.008 0.000909616 -0.000234963 1 
27290324 -5.08925 -19.1926 210.009 0.000856273 -9.82886e-005 1 -4.79051 -19.4146 210.182 0.0137105 -0.00426276 0.999825 2.21055 -1.93304 9.62168 3.41105 54.6973 -5.08842 -19.1931 210.009 0.000889643 -0.000103704 1 
27377445 -3.98998 -19.4671 210.007 0.000974749 -0.000277588 0.999999 -3.80376 -19.6495 210.177 0.0154223 -0.00391103 0.999801 2.21055 -1.93161 9.59786 3.46793 54.7068 -3.98965 -19.4673 210.008 0.000994399 -0.000279367 0.999999 
27465518 -2.94221 -19.6591 210.007 0.00107979 -0.000319145 0.999999 -2.59039 -19.8875 210.17 0.016769 -0.00343418 0.999779 2.21112 -1.9296 9.57564 3.52136 54.7148 -2.94158 -19.6593 210.007 0.00110207 -0.000320001 0.999999 
27551948 -1.83093 -19.7904 210.006 0.00111667 -0.000228526 0.999999 -1.48567 -19.9025 210.159 0.0179947 -0.00283426 0.999755 2.21227 -1.92672 9.555 3.57738 54.7195 -1.83028 -19.7905 210.007 0.00114185 -0.000228432 0.999999 
27639993 -0.770062 -19.8512 210.006 0.00115706 -0.000106304 0.999999 -0.382072 -19.922 210.037 0.0192223 -0.00199025 0.999726 2.21371 -1.92356 9.53278 3.63053 54.7259 -0.768422 -19.8512 210.006 0.0012139 -0.000103453 0.999999 
27727252 0.364271 -19.8507 210.006 0.00136801 4.01114e-005 0.999999 0.72263 -19.9392 210.026 0.0204499 -0.00114624 0.999697 2.21543 -1.9204 9.5042 3.68712 54.7386 0.365001 -19.8508 210.006 0.00140068 4.31707e-005 0.999999 
27815172 1.43059 -19.8146 210.003 0.00157842 -5.32681e-005 0.999999 1.83278 -19.8461 210.013 0.0211903 -0.000176079 0.999671 2.21601 -1.91667 9.47404 3.74055 54.7513 1.43235 -19.8145 210.003 0.00164973 -4.25182e-005 0.999999 
27901794 2.54853 -19.6868 210.003 0.00178724 0.000201785 0.999998 2.94384 -19.6424 209.998 0.0219317 0.000916129 0.999642 2.21802 -1.91207 9.45023 3.79657 54.7608 2.54945 -19.6866 210.003 0.00182695 0.000209253 0.999998 
27990480 3.59389 -19.5282 210.003 0.00194637 0.000207149 0.999998 4.05718 -19.4388 209.983 0.022429 0.00201039 0.999615 2.21917 -1.90633 9.42165 3.84943 54.7735 3.59591 -19.5275 210.002 0.00203097 0.000228265 0.999998 
28077184 4.69807 -19.2804 209.995 0.0021434 0.000410577 0.999998 5.17482 -19.1237 209.965 0.0225613 0.00311015 0.999714 2.22118 -1.89943 9.39784 3.90573 54.7751 4.69938 -19.2798 209.995 0.00219171 0.000423698 0.999998 
28165692 5.74051 -19.0069 209.988 0.00243118 0.000406556 0.999997 6.182 -18.8076 209.949 0.0225704 0.00420853 0.999693 2.22175 -1.89283 9.38196 3.95945 54.7751 5.74298 -19.0055 209.988 0.00253003 0.000437178 0.999997 
28251702 6.80981 -18.6563 209.989 0.00270426 0.000443445 0.999996 7.19464 -18.3799 209.93 0.0220912 0.00531103 0.999676 2.22233 -1.88507 9.37879 4.01547 54.7751 6.81098 -18.6553 209.988 0.0027565 0.000461993 0.999996 
28339584 7.81036 -18.2647 209.988 0.00310444 0.000522112 0.999995 8.20161 -17.9522 209.912 0.0222223 0.00640838 0.999653 2.22261 -1.87846 9.37879 4.0689 54.7751 7.81266 -18.2624 209.987 0.00321255 0.00056304 0.999995 
28427042 8.84872 -17.8041 209.993 0.00362104 0.000472243 0.999993 9.10806 -17.4098 210.004 0.0213769 0.00751396 0.999639 2.22204 -1.87099 9.38514 4.12549 54.7751 8.84959 -17.8026 209.992 0.00367409 0.000495566 0.999993 
28515490 9.77691 -17.2899 210.001 0.0038602 0.000817164 0.999992 10.1239 -16.8717 209.983 0.0206546 0.00874056 0.999622 2.22233 -1.86582 9.42324 4.17835 54.756 9.77894 -17.2871 210.001 0.00396361 0.000866615 0.999992 
28601530 10.7435 -16.7061 210.002 0.00408873 0.00100815 0.999991 10.9197 -16.219 209.963 0.0196872 0.00984717 0.99961 2.2206 -1.86324 9.49309 4.23495 54.7164 10.7442 -16.7045 210.002 0.00413516 0.0010324 0.999991 
28688865 11.6128 -16.0907 210.003 0.00395137 0.00127278 0.999991 11.8259 -15.573 209.94 0.0188481 0.0115654 0.999707 2.21917 -1.86209 9.58834 4.28866 54.6608 11.6135 -16.0891 210.003 0.00399406 0.00129818 0.999991 
28777066 12.4976 -15.4096 210.002 0.00375844 0.00141398 0.999992 12.4005 -14.8102 209.919 0.0177616 0.0130391 0.999688 2.21629 -1.86381 9.70105 4.34554 54.5973 12.4976 -15.4081 210.002 0.00379559 0.00143994 0.999992 
28865307 13.3055 -14.7258 209.96 0.00367067 0.00142112 0.999992 13.2028 -14.0505 209.896 0.0161879 0.0146391 0.999672 2.21313 -1.86496 9.7963 4.39955 54.5544 13.3054 -14.7225 209.958 0.00373451 0.00147926 0.999992 
28951324 14.1052 -13.9522 209.981 0.00337881 0.00153572 0.999993 13.888 -13.283 209.874 0.0152184 0.0155016 0.999665 2.20997 -1.86726 9.91378 4.45643 54.4878 14.1049 -13.9506 209.981 0.00340813 0.00156695 0.999993 
29039126 14.825 -13.1778 210.001 0.00316017 0.00163531 0.999994 14.574 -12.4039 209.85 0.014249 0.0163641 0.999658 2.20681 -1.86898 10.0233 4.51044 54.4147 14.8247 -13.176 210 0.0031878 0.00167061 0.999994 
29127488 15.5116 -12.3626 209.992 0.00302908 0.0018257 0.999994 15.2655 -11.4178 209.824 0.0127953 0.0177189 0.999645 2.20337 -1.87128 10.1249 4.56473 54.337 15.511 -12.3579 209.987 0.00307829 0.00190778 0.999993 
29215799 16.1746 -11.4672 209.927 0.00258306 0.00185874 0.999995 15.9697 -10.5298 209.799 0.00986485 0.0176216 0.999676 2.19877 -1.87301 10.2821 4.62161 54.2322 16.1737 -11.4615 209.916 0.00262247 0.00195691 0.999995 
29301622 16.7471 -10.57 209.859 0.00202565 0.00209872 0.999996 16.4624 -9.74027 209.891 0.00570576 0.0165582 0.999738 2.19417 -1.87415 10.4519 4.67562 54.1734 16.7464 -10.5671 209.86 0.00203649 0.00215283 0.999996 
29388774 17.3118 -9.59749 209.927 0.00156684 0.00233678 0.999996 17.0621 -8.95282 209.981 0.00203591 0.0156127 0.999793 2.18872 -1.87358 10.6139 4.73279 54.1639 17.3111 -9.59503 209.93 0.00156738 0.00239604 0.999996 
29477492 17.7715 -8.64253 210.017 0.000840651 0.00274372 0.999996 17.5443 -8.05504 210.07 -0.000899566 0.0149051 0.999836 2.18383 -1.87099 10.7869 4.7865 54.121 17.7708 -8.64003 210.019 0.000831323 0.00280724 0.999996 
29564277 18.2277 -7.61848 210.07 0.000143104 0.00296237 0.999996 18.0334 -7.15162 210.16 -0.00457364 0.0135911 0.999776 2.17636 -1.86467 10.9917 4.84396 54.0353 18.2272 -7.61624 210.072 0.000115744 0.00303072 0.999995 
29652241 18.6014 -6.62987 210.119 -0.000560538 0.00304411 0.999995 18.4087 -6.23251 210.25 -0.00801545 0.0106909 0.999867 2.16889 -1.85002 11.1758 4.89825 53.9274 18.6009 -6.62765 210.122 -0.000611389 0.00310282 0.999995 
29738715 18.9498 -5.5867 210.206 -0.0017109 0.00275282 0.999995 18.7844 -5.40455 210.343 -0.0115986 0.00559259 0.999881 2.16028 -1.83566 11.3616 4.95542 53.7734 18.9495 -5.58589 210.21 -0.00178731 0.00277696 0.999995 
29826793 19.22 -4.594 210.212 -0.00293325 0.00166733 0.999994 19.0398 -4.67234 210.328 -0.0144657 -0.00134497 0.999802 2.15482 -1.81555 11.4489 5.00885 53.6464 19.219 -4.59685 210.218 -0.00313202 0.00160758 0.999994 
29913850 19.4574 -3.56674 210.195 -0.0040587 -6.75367e-005 0.999992 19.2824 -3.84206 210.311 -0.0158548 -0.00682796 0.999802 2.15367 -1.79085 11.3632 5.06372 53.6067 19.4568 -3.56981 210.198 -0.00417787 -0.000136873 0.999991 
30001498 19.6044 -2.57459 210.141 -0.00542506 -0.00175768 0.999984 19.505 -2.82239 210.178 -0.0150187 -0.00891228 0.999712 2.15769 -1.76298 11.1663 5.11543 53.6035 19.6042 -2.57739 210.142 -0.00554749 -0.0018388 0.999983 
30088183 19.6757 -1.52796 210.099 -0.00711045 -0.00382053 0.999967 19.7265 -1.796 210.155 -0.0139413 -0.0114844 0.999752 2.16746 -1.71357 10.7901 5.16743 53.6861 19.6769 -1.53188 210.102 -0.00725946 -0.00394483 0.999966 
30176570 19.9173 -1.02074 209.992 -0.0100052 -0.0166498 0.999811 20.5099 -1.92172 209.615 -0.00325599 -0.0599549 0.99816 2.19934 -1.60498 9.59469 5.19098 54.1734 19.9344 -1.04685 209.977 -0.0100836 -0.0181014 0.999785 
30263687 19.9546 -0.0894541 209.817 -0.00423102 -0.0306836 0.99952 20.0308 -1.74142 209.421 0.023919 -0.0916114 0.995462 2.20107 -1.67364 9.67406 5.25763 54.256 19.9534 -0.107244 209.812 -0.00407531 -0.0314168 0.999498 
30351352 19.8526 1.08449 209.821 -0.000595986 -0.0281861 0.999603 19.8917 -0.522895 209.51 0.0280801 -0.0903039 0.995395 2.19848 -1.73684 9.85663 5.31939 54.256 19.8517 1.06896 209.817 -0.000458484 -0.0288736 0.999583 
30438216 19.6884 2.38642 209.847 0.00088946 -0.0217077 0.999764 19.67 0.780603 209.593 0.0292187 -0.0860321 0.995788 2.19791 -1.79027 9.9741 5.38144 54.2623 19.6881 2.38252 209.847 0.000927688 -0.0218875 0.99976 
30526253 19.4694 3.58869 209.883 0.00109732 -0.0157447 0.999875 19.4006 2.27146 209.659 0.0237903 -0.0658069 0.997519 2.19791 -1.82647 10.0376 5.43803 54.2766 19.4691 3.58492 209.882 0.00114342 -0.0159123 0.999873 
30613677 19.1979 4.81076 209.908 0.00108668 -0.0107901 0.999941 19.1096 3.62125 209.739 0.0204746 -0.0544113 0.998182 2.19733 -1.8529 10.0646 5.49693 54.2957 19.1977 4.80957 209.908 0.00110256 -0.0108381 0.999941 
30701344 18.8876 5.91746 209.929 0.000899057 -0.00744123 0.999972 18.6874 4.77855 209.715 0.0189591 -0.0464531 0.998651 2.19676 -1.87013 10.0773 5.55208 54.3147 18.8874 5.91565 209.928 0.000925655 -0.00750754 0.999971 
30788028 18.5081 7.02949 209.949 0.000685027 -0.00511924 0.999987 18.3735 5.95081 209.803 0.0179175 -0.0399684 0.9989 2.1959 -1.88249 10.0884 5.60954 54.3322 18.508 7.02873 209.949 0.000696795 -0.00514466 0.999987 
30876155 18.0892 8.03905 209.962 0.000433733 -0.00372934 0.999993 17.9404 7.03186 209.784 0.0174658 -0.0358101 0.999066 2.19561 -1.89053 10.0963 5.66354 54.3433 18.089 8.03776 209.962 0.000455881 -0.00377275 0.999993 
30963531 17.6006 9.07555 209.974 0.000373427 -0.0026766 0.999996 17.3958 8.12286 209.877 0.0171302 -0.032385 0.999247 2.19475 -1.89685 10.0963 5.72071 54.3592 17.6004 9.07493 209.974 0.000384011 -0.00269621 0.999996 
31051871 17.095 10.0231 209.981 0.000407961 -0.00199801 0.999998 16.9495 9.10946 209.861 0.018005 -0.030071 0.999314 2.19331 -1.90116 10.0995 5.77472 54.3671 17.0948 10.0219 209.981 0.000430247 -0.00203567 0.999998 
31138034 16.4965 10.9766 209.986 0.000319074 -0.00159878 0.999999 16.3907 9.99565 209.849 0.0188694 -0.0288578 0.999282 2.19274 -1.90489 10.1059 5.83131 54.3703 16.4964 10.9759 209.986 0.000330821 -0.00161732 0.999999 
31225313 15.886 11.8495 209.988 0.000307911 -0.00124611 0.999999 15.7336 10.9818 209.835 0.0184035 -0.0262884 0.999358 2.19188 -1.90805 10.1075 5.88503 54.3751 15.8857 11.8482 209.987 0.000331021 -0.00128121 0.999999 
31313466 15.1731 12.7226 209.991 0.000141284 -0.0011092 0.999999 15.0623 11.7606 209.937 0.0193902 -0.0251958 0.999449 2.19245 -1.91092 10.1075 5.94162 54.3798 15.173 12.722 209.991 0.000153377 -0.0011259 0.999999 
31401325 14.4683 13.5245 209.992 0.00017287 -0.000878008 1 14.3931 12.6466 209.926 0.0201337 -0.0238595 0.999415 2.19159 -1.91351 10.1059 5.99563 54.3846 14.4682 13.5231 209.992 0.000198394 -0.000911232 1 
31487999 13.6773 14.3187 209.995 7.88171e-005 -0.000722092 1 13.6192 13.4173 209.917 0.0200279 -0.0220254 0.999502 2.19101 -1.91638 10.109 6.05222 54.3877 13.6772 14.318 209.995 9.17905e-005 -0.000738068 1 
31575916 12.889 15.0383 209.994 -1.36365e-005 -0.000452277 1 12.8476 14.1869 209.91 0.0196778 -0.0200697 0.999467 2.18986 -1.91954 10.109 6.10623 54.3909 12.8889 15.0377 209.994 -3.78627e-007 -0.000468064 1 
31662568 12.064 15.704 209.997 -5.43605e-005 -0.000432491 1 11.9533 14.8526 209.904 0.0204214 -0.018853 0.999558 2.189 -1.92184 10.1154 6.15995 54.3925 12.0639 15.7033 209.996 -4.00442e-005 -0.000448096 1 
31751267 11.1532 16.3557 209.997 4.70895e-005 -0.000532137 1 11.1764 15.5186 209.899 0.0205525 -0.0177557 0.999535 2.18843 -1.92328 10.1186 6.21683 54.3941 11.1532 16.3541 209.996 7.66276e-005 -0.000562585 1 
31837804 10.2143 16.9587 209.999 0.000144644 -0.000568797 1 10.3026 16.0691 210.007 0.0191041 -0.0159103 0.999635 2.18699 -1.92529 10.1265 6.27371 54.3941 10.2143 16.9579 209.999 0.000159042 -0.000583327 1 
31924959 9.29639 17.4866 209.999 0.000375889 -0.000558043 1 9.30262 16.6231 210.006 0.0191151 -0.0145678 0.999608 2.18498 -1.92701 10.1313 0.0448142 54.3941 9.2964 17.4857 209.999 0.0003912 -0.000572732 1 
32012251 8.29654 17.9856 210.003 0.000492736 -0.000561571 1 8.4097 17.1784 210.004 0.0196124 -0.0134736 0.999582 2.18297 -1.92931 10.1408 0.101981 54.3941 8.29667 17.9846 210.003 0.000509691 -0.000576578 1 
32100917 7.33032 18.4007 210.001 0.000826099 -0.000605066 0.999999 7.40627 17.7324 210.002 0.0199909 -0.0121318 0.999674 2.18125 -1.93075 10.1424 0.155988 54.3941 7.33042 18.3998 210.001 0.000844173 -0.000619638 0.999999 
32187662 6.28241 18.777 210.004 0.00114154 -0.000736603 0.999999 6.40305 18.1725 210.003 0.0202481 -0.0105473 0.99964 2.1801 -1.9319 10.1487 0.212868 54.3941 6.28258 18.7762 210.004 0.00116029 -0.000749634 0.999999 
32274846 5.264 19.0811 210.006 0.00118568 -0.000772503 0.999999 5.39872 18.6104 209.893 0.0205052 -0.00896279 0.999606 2.17895 -1.93448 10.1551 0.266875 54.3941 5.26419 19.0804 210.006 0.00120553 -0.000784185 0.999999 
32362395 4.2288 19.3383 210.001 0.00143267 -0.000787015 0.999999 4.30539 19.0444 209.894 0.0184505 -0.00662409 0.999703 2.17722 -1.93649 10.163 0.321456 54.3941 4.22891 19.3379 210.001 0.00145111 -0.00079616 0.999999 
32450330 3.1266 19.5552 209.994 0.00137706 -0.000652358 0.999999 3.18733 19.3705 209.897 0.0189561 -0.00467312 0.999781 2.17493 -1.94051 10.1694 0.378623 54.3941 3.1267 19.5549 209.993 0.00139777 -0.000660036 0.999999 
32537486 2.07854 19.6965 209.99 0.00165689 -0.000654019 0.999998 2.18569 19.5897 209.903 0.0188451 -0.00332963 0.999756 2.17378 -1.94224 10.1757 0.432342 54.3941 2.07871 19.6963 209.989 0.00167762 -0.000659799 0.999998 
32624842 0.971254 19.7901 209.982 0.00178847 -0.000523614 0.999998 1.07127 19.8052 209.91 0.0188601 -0.001499 0.99972 2.17263 -1.94482 10.1725 0.488648 54.3973 0.971402 19.7901 209.982 0.00180959 -0.000527205 0.999998 
32712592 -0.0952299 19.8239 209.978 0.00171354 -0.000408489 0.999998 -0.0428887 19.9149 209.918 0.0187481 -0.000277544 0.999697 2.17177 -1.94827 10.1678 0.542367 54.402 -0.0951711 19.8241 209.978 0.00173514 -0.000410709 0.999998 
32800281 -1.21514 19.7978 209.977 0.00172615 -0.000314996 0.999998 -1.15709 20.0211 209.926 0.0186403 0.00131244 0.999789 2.17148 -1.95086 10.1614 0.598672 54.4084 -1.21509 19.7982 209.977 0.00174759 -0.000315174 0.999998 
32887924 -2.31649 19.7348 209.971 0.00155877 -3.30193e-005 0.999999 -2.26988 20.0203 209.937 0.0182832 0.00241391 0.99977 2.16861 -1.9566 10.1551 0.65469 54.4163 -2.31648 19.7354 209.971 0.00158218 -3.2325e-005 0.999999 
32974649 -3.37947 19.561 209.982 0.00160987 -0.000249401 0.999999 -3.27423 19.9103 209.949 0.0181672 0.00314719 0.999757 2.17234 -1.95545 10.1456 0.707548 54.4258 -3.37935 19.5615 209.982 0.00163033 -0.000247511 0.999999 
33062595 -4.424 19.3496 209.99 0.00146373 -0.000298883 0.999999 -4.38772 19.6874 209.965 0.017687 0.00412764 0.999743 2.17406 -1.95689 10.1297 0.760406 54.4417 -4.424 19.3507 209.99 0.00150214 -0.000293189 0.999999 
33150781 -5.51256 19.0648 210.002 0.00123463 -0.000344853 0.999999 -5.39051 19.3531 209.981 0.0172058 0.00498605 0.99973 2.17636 -1.95832 10.1011 0.816136 54.4703 -5.51243 19.0652 210.002 0.00125278 -0.000341515 0.999999 
33239326 -6.53223 18.7399 210.018 0.000928496 -0.000291887 1 -6.50398 19.1325 209.997 0.0167236 0.00572242 0.999721 2.17866 -1.95976 10.0535 0.869281 54.5179 -6.53219 18.7409 210.018 0.000963794 -0.000285227 0.999999 
33325266 -7.57991 18.3443 210.03 0.000894439 -0.000189359 1 -7.50881 18.6889 210.015 0.0163624 0.00633572 0.999712 2.18038 -1.96034 10.0154 0.925299 54.556 -7.57986 18.3447 210.03 0.000911477 -0.000185882 1 
33414079 -8.55543 17.9153 210.035 0.0008135 -0.000113112 1 -8.51364 18.2441 210.034 0.0160023 0.00707106 0.999701 2.18153 -1.96148 9.98204 0.978731 54.5846 -8.55533 17.9161 210.035 0.000847308 -0.000105153 1 
33500639 -9.55412 17.4097 210.034 0.000800665 1.7973e-005 1 -9.40778 17.6879 210.053 0.0156423 0.00768676 0.999815 2.18268 -1.96235 9.94394 1.03504 54.61 -9.55396 17.41 210.034 0.000817593 2.22424e-005 1 
33589223 -10.4705 16.8655 210.034 0.000691352 -6.37236e-005 1 -10.2985 17.1306 210.072 0.014916 0.00842519 0.999807 2.18469 -1.96292 9.91378 1.08818 54.6275 -10.4703 16.8662 210.034 0.000723394 -5.33844e-005 1 
33675080 -11.4087 16.2505 210.028 0.000764046 6.6855e-005 1 -11.302 16.5765 210.093 0.0143097 0.00891851 0.999804 2.18556 -1.9635 9.8852 1.14477 54.6402 -11.4086 16.2508 210.028 0.000779684 7.25185e-005 1 
33764109 -12.2573 15.6179 210.022 0.000766828 7.2705e-005 1 -12.1764 15.9279 210.115 0.0117344 0.0074756 0.999858 2.1867 -1.96407 9.86298 1.19792 54.6465 -12.2571 15.6185 210.023 0.000792547 8.22917e-005 1 
33849446 -13.0759 14.9432 210.018 0.00076033 0.00014325 1 -13.0576 15.1598 210.139 0.00977639 0.00688185 0.999889 2.18757 -1.96464 9.83599 1.25135 54.6576 -13.0759 14.9435 210.018 0.000771181 0.000147723 1 
33939391 -13.894 14.1803 210.016 0.000664432 9.00907e-005 1 -13.9306 14.4086 210.163 0.00694769 0.00446227 0.999842 2.189 -1.96493 9.809 1.30737 54.6687 -13.8941 14.1807 210.016 0.000680079 9.54952e-005 1 
34025041 -14.6758 13.3663 210.012 0.000574465 2.66102e-005 1 -14.6986 13.5404 210.188 0.00473453 0.00252811 0.999902 2.19015 -1.96522 9.78519 1.36396 54.6751 -14.6759 13.3665 210.012 0.000579838 2.78058e-005 1 
34113328 -15.3647 12.5541 210.008 0.000469383 -0.000129992 1 -15.3665 12.6635 210.212 0.003749 0.00143796 0.999933 2.19188 -1.96493 9.76296 1.41711 54.6799 -15.3647 12.5541 210.009 0.000473679 -0.000129459 1 
34199461 -16.0097 11.7073 210.008 0.000360422 -0.000329287 1 -16.139 11.7977 210.126 0.00189678 -0.000989856 0.999877 2.19331 -1.96493 9.74391 1.47025 54.6878 -16.0099 11.7073 210.008 0.000362637 -0.000330655 1 
34289447 -16.6486 10.781 210.007 0.000295978 -0.000390881 1 -16.6927 10.8217 210.151 0.000533011 -0.00354143 0.999941 2.19389 -1.96493 9.72645 1.52684 54.6957 -16.6488 10.7809 210.007 0.000297341 -0.000398089 1 
34375082 -17.2024 9.87401 210.009 0.000223399 -0.000470729 1 -17.3602 9.84111 210.178 -0.000582821 -0.00548725 0.999868 2.19446 -1.96464 9.70899 1.58028 54.7052 -17.2026 9.87393 210.009 0.00022279 -0.000476173 1 
34463014 -17.7391 8.87874 210.009 0.000103749 -0.000570339 1 -17.8068 8.86429 210.201 -0.00145835 -0.00804293 0.999927 2.19504 -1.96436 9.68518 1.63716 54.7164 -17.7391 8.87867 210.009 0.000102156 -0.000578295 1 
34549459 -18.1888 7.91567 210.009 2.66573e-005 -0.000673835 1 -18.3682 7.77911 210.229 -0.00209298 -0.0108472 0.999867 2.19561 -1.9635 9.66771 1.69059 54.7227 -18.189 7.91546 210.009 2.42853e-005 -0.000684465 1 
34639372 -18.6164 6.88503 210.012 -5.96793e-005 -0.000552474 1 -18.712 6.68196 210.144 -0.00223233 -0.0128012 0.999785 2.19504 -1.96263 9.64866 1.74718 54.7354 -18.6166 6.88449 210.012 -6.47907e-005 -0.00057823 1 
34725288 -18.9615 5.88139 210.014 -0.000139065 -0.000615155 1 -19.0547 5.58584 210.169 -0.00236947 -0.0146308 0.999822 2.19504 -1.96148 9.63438 1.80061 54.7434 -18.9616 5.88098 210.014 -0.00014185 -0.000629926 1 
34813047 -19.2674 4.8079 210.017 -0.000200555 -0.000593165 1 -19.4021 4.48182 210.194 -0.00201133 -0.0156102 0.999838 2.19475 -1.96005 9.62326 1.85692 54.7497 -19.2675 4.80746 210.018 -0.000202926 -0.000608915 1 
34899607 -19.4911 3.77338 210.019 -0.000213034 -0.000799526 1 -19.6389 3.38029 210.219 -0.00153536 -0.0169592 0.999738 2.19532 -1.95861 9.61691 1.90978 54.7497 -19.4912 3.77287 210.019 -0.000214903 -0.000816045 1 
34987794 -19.6722 2.66372 210.018 -0.000227222 -0.0010047 0.999999 -19.7687 2.27109 210.131 -0.000687971 -0.0178207 0.999746 2.19561 -1.95746 9.60898 1.96608 54.7497 -19.6723 2.66322 210.018 -0.000228186 -0.00102166 0.999999 
35074005 -19.7838 1.53312 210.019 -0.000154601 -0.00134309 0.999999 -19.8963 1.16294 210.154 3.8359e-005 -0.0185592 0.999754 2.19647 -1.95631 9.6058 2.02267 54.7497 -19.7839 1.53268 210.019 -0.000154903 -0.00136 0.999999 
35161243 -19.8385 0.469197 210.021 -0.000115032 -0.0014876 0.999999 -19.9134 0.0481878 210.176 0.000891775 -0.0186884 0.999748 2.19647 -1.95516 9.60263 2.07611 54.7497 -19.8386 0.468712 210.021 -0.000114521 -0.0015042 0.999999 
35248710 -19.8388 -0.591918 210.018 -0.000101347 -0.00169591 0.999999 -19.9317 -1.06315 210.198 0.00186424 -0.0191848 0.999748 2.19647 -1.9543 9.59151 2.12925 54.7497 -19.8388 -0.592455 210.018 -9.98611e-005 -0.00171284 0.999999 
35336730 -19.7793 -1.72287 210.021 -0.000105459 -0.00157617 0.999999 -19.836 -2.17204 210.219 0.00258956 -0.0200453 0.999758 2.1959 -1.95229 9.58993 2.18642 54.7497 -19.7793 -1.72338 210.021 -0.000103336 -0.00159372 0.999999 
35424545 -19.6511 -2.84179 210.024 7.73577e-005 -0.00205437 0.999998 -19.7458 -3.39924 210.131 0.00368509 -0.0204207 0.999754 2.1959 -1.95287 9.58993 2.24244 54.7497 -19.6512 -2.8424 210.024 8.02252e-005 -0.00207166 0.999998 
35511179 -19.4782 -3.87261 210.023 -0.000129373 -0.00118234 0.999999 -19.5388 -4.40428 210.148 0.0045385 -0.0205499 0.999748 2.19532 -1.94683 9.59628 2.29587 54.7434 -19.4782 -3.87317 210.023 -0.000125506 -0.00119959 0.999999 
35600634 -19.2506 -4.89664 210.022 -0.000237385 -0.000764594 1 -19.2211 -5.5264 210.167 0.00539594 -0.020191 0.999733 2.19475 -1.94339 9.6058 2.34901 54.7338 -19.2504 -4.89796 210.023 -0.000228013 -0.000797845 1 
35686823 -18.9473 -5.97237 210.021 -0.000301203 -0.000545486 1 -19.0163 -6.53028 210.185 0.00649247 -0.0204443 0.999727 2.19446 -1.94051 9.61374 2.40532 54.7243 -18.9474 -5.97291 210.021 -0.000295652 -0.000561939 1 
35775041 -18.6053 -6.98071 210.019 -0.000404293 -0.000299282 1 -18.587 -7.65782 210.091 0.00722986 -0.0198403 0.999708 2.19389 -1.93793 9.62485 2.45904 54.7132 -18.6053 -6.98135 210.019 -0.000398165 -0.000314923 1 
35861309 -18.175 -8.01214 210.017 -0.000272197 -0.000365149 1 -18.1579 -8.66586 210.107 0.00820634 -0.0198485 0.999698 2.19475 -1.93592 9.63438 2.51477 54.7037 -18.175 -8.01272 210.017 -0.000265635 -0.000380007 1 
35948732 -17.7165 -8.97531 210.015 -0.000213636 -0.000359442 1 -17.7289 -9.67845 210.123 0.00918684 -0.0193686 0.999679 2.19504 -1.93419 9.6439 2.5682 54.6941 -17.7164 -8.9764 210.015 -0.00019959 -0.000387398 1 
36035517 -17.1787 -9.96882 210.013 -0.000128349 -0.000408809 1 -17.185 -10.5793 210.135 0.00992222 -0.0190086 0.999665 2.19504 -1.93304 9.65501 2.62479 54.683 -17.1787 -9.96931 210.013 -0.000121043 -0.000422042 1 
36123967 -16.6235 -10.9289 210.011 -0.000224558 -0.000527806 1 -16.5316 -11.5949 210.149 0.0107817 -0.0184056 0.999644 2.19245 -1.93419 9.66295 2.68081 54.6751 -16.6234 -10.9295 210.011 -0.00021665 -0.000540788 1 
36210987 -15.9804 -11.7983 210.012 -2.74861e-005 -0.0004418 1 -15.9914 -12.3886 210.046 0.0118864 -0.0178023 0.999744 2.19532 -1.93017 9.66771 2.73453 54.6703 -15.9804 -11.7987 210.012 -1.91171e-005 -0.000453585 1 
36300208 -15.3283 -12.6344 210.011 7.04018e-005 -0.00050552 1 -15.3359 -13.2937 210.057 0.0126248 -0.0170762 0.999722 2.19561 -1.92902 9.67089 2.78768 54.6671 -15.3283 -12.6354 210.011 8.82943e-005 -0.000527886 1 
36385612 -14.5826 -13.4846 210.011 0.00024259 -0.000592905 1 -14.5679 -14.0894 210.066 0.0133642 -0.0162281 0.999698 2.19618 -1.92787 9.67406 2.84427 54.664 -14.5826 -13.485 210.011 0.000251586 -0.000603118 1 
36474949 -13.8425 -14.248 210.009 0.000300967 -0.000613805 1 -13.799 -14.7723 210.071 0.0141026 -0.015502 0.999676 2.19618 -1.92672 9.67724 2.8977 54.6592 -13.8425 -14.2484 210.009 0.000310351 -0.000623401 1 
36561103 -13.0287 -15.0021 210.006 0.000211888 -0.000508753 1 -12.9151 -15.4573 210.076 0.0144758 -0.0146508 0.999656 2.1959 -1.925 9.68518 2.95372 54.6513 -13.0286 -15.0024 210.006 0.000221479 -0.00051771 1 
36649084 -12.2132 -15.6782 210.004 0.000182 -0.00045147 1 -12.1463 -16.1402 210.081 0.0152154 -0.0139223 0.999756 2.19561 -1.92385 9.6947 3.00715 54.6418 -12.2131 -15.6789 210.004 0.000201779 -0.000468126 1 
36735498 -11.3025 -16.3423 210.002 0.000298216 -0.00045531 1 -11.2649 -16.717 210.084 0.0159579 -0.012708 0.999725 2.19618 -1.92242 9.69787 3.06374 54.637 -11.3025 -16.3426 210.002 0.000308478 -0.000462782 1 
36825077 -10.4088 -16.9131 210.003 0.000462663 -0.000429802 1 -10.2673 -17.2914 210.085 0.016209 -0.0118558 0.999706 2.19733 -1.92069 9.69946 3.11689 54.6354 -10.4087 -16.9133 210.003 0.000472958 -0.000436642 1 
36911029 -9.43199 -17.4723 210.002 0.000565296 -0.00040679 1 -9.38585 -17.8636 210.088 0.0169474 -0.0111297 0.999684 2.19791 -1.91926 9.70105 3.17348 54.6322 -9.43196 -17.4726 210.002 0.000576003 -0.000413124 1 
36998945 -8.48631 -17.95 210.002 0.000561657 -0.00035819 1 -8.38851 -18.3287 210.087 0.0173226 -0.0100344 0.999659 2.1982 -1.91753 9.70264 3.22691 54.6306 -8.48624 -17.9502 210.002 0.000572663 -0.000363845 1 
37085518 -7.46369 -18.3993 210.003 0.000575996 -0.000333707 1 -7.39024 -18.6799 210.083 0.0176971 -0.0091808 0.99976 2.19848 -1.91581 9.70105 3.28322 54.6306 -7.46364 -18.3994 210.003 0.000587366 -0.000338834 1 
37174962 -6.47235 -18.7737 210.003 0.000609468 -0.000318863 1 -6.28017 -19.1481 210.081 0.0179522 -0.0078404 0.999732 2.19848 -1.91466 9.70264 3.33665 54.629 -6.47212 -18.7742 210.003 0.00063252 -0.000327454 1 
37260849 -5.40593 -19.1056 210.002 0.000599515 -0.000268377 1 -5.27985 -19.3888 210.076 0.0182044 -0.00686612 0.99971 2.19906 -1.91236 9.69946 3.39295 54.629 -5.40584 -19.1058 210.003 0.000611471 -0.000272073 1 
37348124 -4.37272 -19.3751 210.002 0.000509723 -0.000261443 1 -4.17019 -19.6305 210.07 0.0187007 -0.00589389 0.999686 2.19877 -1.91064 9.69946 3.44696 54.6275 -4.37258 -19.3753 210.002 0.000522223 -0.000264497 1 
37435403 -3.34379 -19.5862 210.002 0.00038833 -0.000268892 1 -3.05507 -19.7606 210.06 0.0187099 -0.00491515 0.999789 2.19848 -1.90863 9.69787 3.50011 54.6275 -3.34358 -19.5863 210.002 0.000401161 -0.000271291 1 
37525110 -2.23357 -19.7465 210.003 0.000364743 -0.000261458 1 -2.05269 -19.8897 210.053 0.01884 -0.00393984 0.999768 2.19848 -1.9069 9.69787 3.5567 54.6275 -2.23344 -19.7466 210.003 0.000377834 -0.000263192 1 
37610787 -1.11043 -19.844 210.003 0.000348411 -0.000260056 1 -0.938696 -20.0187 210.044 0.0189691 -0.00308657 0.99975 2.19848 -1.90518 9.69787 3.61358 54.6275 -1.1103 -19.8441 210.003 0.000361761 -0.000261187 1 
37697975 -0.0466536 -19.8633 210.003 0.000468612 -0.000160006 1 0.177339 -20.0383 210.034 0.0189782 -0.00198819 0.999728 2.19963 -1.90317 9.69787 3.66701 54.6259 -0.0464807 -19.8635 210.003 0.000482092 -0.000160456 1 
37785925 1.02224 -19.8322 210.002 0.000660221 -9.81045e-005 1 1.2977 -19.9463 210.021 0.018621 -0.000886726 0.99971 2.20021 -1.90202 9.69629 3.72073 54.6259 1.02246 -19.8323 210.002 0.000673398 -9.78417e-005 1 
37872542 2.14141 -19.7377 210.003 0.000681264 -2.90389e-005 1 2.30302 -19.8557 210.009 0.0186321 0.000455739 0.999683 2.20078 -1.90001 9.69629 3.77732 54.6259 2.14154 -19.7378 210.003 0.000694701 -2.78439e-005 1 
37960309 3.25318 -19.5803 210.002 0.000722361 3.84383e-005 1 3.42432 -19.6488 209.993 0.0182732 0.00119348 0.999795 2.20136 -1.898 9.6947 3.83392 54.6259 3.25332 -19.5804 210.002 0.000735776 4.01391e-005 1 
38047692 4.29226 -19.3813 210.001 0.000733986 4.96831e-005 1 4.54332 -19.4452 209.978 0.0181601 0.00229289 0.999774 2.20136 -1.89627 9.69311 3.88735 54.6259 4.29247 -19.3814 210.001 0.000747536 5.22584e-005 1 
38135184 5.32465 -19.1201 210.001 0.000753234 0.000106977 1 5.55504 -19.1235 210.073 0.0178 0.00302823 0.999763 2.20164 -1.89455 9.6947 3.94107 54.6243 5.32485 -19.1201 210.001 0.000766657 0.000110069 1 
38222185 6.40159 -18.7945 210.001 0.000757865 8.46682e-005 1 6.56428 -18.6958 210.055 0.017687 0.00412764 0.999743 2.20107 -1.8934 9.69629 3.99795 54.6227 6.40173 -18.7945 210.001 0.000771223 8.86655e-005 1 
38311341 7.40184 -18.4223 210.001 0.000899031 0.000184057 1 7.57806 -18.2671 210.036 0.0170847 0.00510913 0.999729 2.20107 -1.89283 9.69946 4.05167 54.6195 7.40199 -18.4221 210.001 0.000911704 0.000188661 1 
38397752 8.43043 -17.9764 209.999 0.000895997 0.000212636 1 8.58959 -17.836 210.018 0.0167246 0.00584447 0.999718 2.20078 -1.89168 9.70423 4.10826 54.6148 8.43056 -17.9763 209.999 0.000908382 0.000217756 1 
38485932 9.37823 -17.5016 209.997 0.000971912 0.000283977 0.999999 9.60088 -17.2967 209.997 0.0164895 0.0069449 0.999699 2.20049 -1.8911 9.70899 4.16169 54.61 9.37841 -17.5014 209.997 0.00098396 0.000289836 0.999999 
38572158 10.3591 -16.9416 209.996 0.00107651 0.000374748 0.999999 10.5051 -16.7543 209.976 0.0157654 0.00780778 0.999811 2.20021 -1.89053 9.71058 4.21857 54.6084 10.3593 -16.9415 209.996 0.00108785 0.000381158 0.999999 
38661058 11.2473 -16.3578 209.994 0.00116188 0.00053374 0.999999 11.4091 -16.1002 209.954 0.0151621 0.00866722 0.9998 2.20049 -1.88967 9.71375 4.272 54.6052 11.2474 -16.3576 209.994 0.00117269 0.00054064 0.999999 
38747691 12.1627 -15.6874 209.992 0.00119664 0.000645557 0.999999 12.3143 -15.4428 210.044 0.0145578 0.00940462 0.999792 2.20021 -1.88938 9.72169 4.32917 54.5973 12.1629 -15.6872 209.992 0.0012068 0.000652777 0.999999 
38835924 12.9764 -15.0196 209.991 0.000976609 0.00053824 0.999999 13.1076 -14.6751 210.021 0.0139536 0.010142 0.999783 2.19963 -1.88794 9.73756 4.3826 54.5862 12.9765 -15.0192 209.991 0.000995882 0.000553295 0.999999 
38922026 13.8056 -14.2643 209.994 0.000829315 0.000444815 1 13.7904 -13.9076 209.999 0.0132283 0.0110025 0.999773 2.19848 -1.88794 9.75979 4.43948 54.5751 13.8055 -14.264 209.994 0.000838512 0.000453025 1 
39011078 14.5457 -13.5101 209.992 0.000792762 0.000447867 1 14.5849 -13.141 209.976 0.0125029 0.011863 0.999764 2.19762 -1.88823 9.77566 4.49291 54.564 14.5457 -13.5099 209.992 0.000801249 0.000456459 1 
39097586 15.28 -12.6757 209.994 0.000695587 0.000379945 1 15.271 -12.2585 209.952 0.0115305 0.0123594 0.999763 2.19647 -1.88881 9.79789 4.54922 54.5528 15.28 -12.6754 209.993 0.000703227 0.000388625 1 
39185846 15.9335 -11.8444 209.999 0.000663881 0.000403117 1 15.8422 -11.4889 209.931 0.0108041 0.0130978 0.999756 2.19532 -1.89053 9.8217 4.60265 54.5449 15.9334 -11.8439 209.999 0.000677549 0.000420518 1 
39271915 16.5626 -10.9393 209.997 0.000321023 3.34113e-005 1 16.4187 -10.4917 210.018 0.00983168 0.0135942 0.999756 2.1936 -1.89168 9.8725 4.65896 54.5132 16.5625 -10.939 209.997 0.000327334 4.23905e-005 1 
39360875 17.1327 -10.035 210 0.000361504 6.12643e-005 1 16.8838 -9.60504 209.996 0.00861309 0.0138486 0.999763 2.19188 -1.89455 9.89631 4.71296 54.502 17.1325 -10.0348 210 0.000366794 7.0105e-005 1 
39447392 17.6691 -9.05389 210.004 0.000415966 0.000188024 1 17.3453 -8.60791 209.971 0.00788374 0.0142209 0.999763 2.19101 -1.89627 9.9106 4.76927 54.4973 17.6689 -9.0536 210.004 0.000420673 0.000196869 1 
39536276 18.124 -8.08026 210.007 0.000416263 0.000391757 1 17.8102 -7.61421 209.947 0.00679123 0.0149624 0.999759 2.19073 -1.89828 9.92965 4.82328 54.4893 18.1236 -8.0797 210.007 0.000424123 0.000409606 1 
39621837 18.5419 -7.04017 210.011 0.000403346 0.000638477 1 18.1613 -6.61387 209.924 0.00593782 0.0150916 0.999765 2.19044 -1.90058 9.9487 4.87958 54.483 18.5417 -7.03991 210.011 0.000406656 0.000647111 1 
39711452 18.8925 -6.03646 210.009 0.000372155 0.000653119 1 18.5157 -5.61249 210.012 0.00484128 0.015345 0.999771 2.18929 -1.90231 9.96775 4.9333 54.4703 18.8922 -6.03619 210.009 0.000374838 0.000662012 1 
39797278 19.2034 -4.95315 210.006 0.000326283 0.000702392 1 18.7563 -4.61009 209.99 0.0038648 0.0153532 0.99978 2.18814 -1.9046 9.98998 4.99018 54.4544 19.2031 -4.95292 210.006 0.000328413 0.000711436 1 
39885184 19.4366 -3.92547 210.006 0.000279973 0.000769762 1 18.9978 -3.4961 209.966 0.00288832 0.0153614 0.99979 2.18728 -1.90633 10.0074 5.04332 54.4449 19.436 -3.92493 210.006 0.000283075 0.000788184 1 
39971833 19.635 -2.81644 210.008 0.000294789 0.000833584 1 19.1256 -2.49615 209.945 0.00203692 0.0157347 0.999791 2.18556 -1.90863 10.0217 5.1002 54.4385 19.6346 -2.81621 210.008 0.000295846 0.000843488 1 
