3.13987 3.13987 43.0306 0.00172362 -0.0269875 -20.0036 5.14389 185.973 -0.699981 0.0081706 0.714074 -20.2572 6.06888 189.479 -0.657904 0.113151 0.744553 
3.13987 3.13987 43.0306 0.00172362 -0.0269875 -20.0035 5.14394 185.974 -0.699983 0.00816541 0.713952 -20.2572 6.06888 189.479 -0.657904 0.113151 0.744553 
3.13987 3.13987 43.0306 0.00172362 -0.0269875 -20.0168 5.03321 185.979 -0.700104 0.00818118 0.713954 -20.2572 6.06888 189.479 -0.657904 0.113151 0.744553 
3.13987 3.13987 43.0306 0.00172362 -0.0269875 -20.0023 5.14492 185.974 -0.70012 0.00806024 0.713959 -20.2572 6.06888 189.479 -0.657904 0.113151 0.744553 
3.13987 3.13987 43.0306 0.00172362 -0.0269875 -20.0166 5.03438 185.98 -0.700122 0.00805505 0.713837 -20.2572 6.06888 189.479 -0.657904 0.113151 0.744553 
3.13987 3.13987 43.0306 0.00172362 -0.0269875 -20.0166 5.03438 185.98 -0.700122 0.00805505 0.713837 -20.2572 6.06888 189.479 -0.657904 0.113151 0.744553 
3.13987 3.13987 43.0306 0.00172362 -0.0269875 -20.0165 5.0355 185.98 -0.700138 0.00793411 0.713843 -20.2572 6.06888 189.479 -0.657904 0.113151 0.744553 
3.13987 3.13987 43.0306 0.00172362 -0.0269875 -20.0153 5.03536 185.98 -0.700259 0.00794988 0.713844 -20.2572 6.06888 189.479 -0.657904 0.113151 0.744553 
3.13987 3.13987 43.0306 0.00172362 -0.0269875 -20.0153 5.03536 185.98 -0.700259 0.00794988 0.713844 -20.2572 6.06888 189.479 -0.657904 0.113151 0.744553 
3.13987 3.13987 43.0306 0.00172362 -0.0269875 -20.0153 5.03536 185.98 -0.700259 0.00794988 0.713844 -20.2572 6.06888 189.479 -0.657904 0.113151 0.744553 
3.13987 3.13987 43.0306 0.00172362 -0.0269875 -20.0153 5.03541 185.981 -0.700261 0.00794469 0.713722 -20.2572 6.06888 189.479 -0.657904 0.113151 0.744553 
3.13987 3.13987 43.0306 0.00172362 -0.0269875 -20.0153 5.03541 185.981 -0.700261 0.00794469 0.713722 -20.2572 6.06888 189.479 -0.657904 0.113151 0.744553 
3.13987 3.13987 43.0306 0.00172362 -0.0269875 -20.0153 5.03536 185.98 -0.700259 0.00794988 0.713844 -20.2572 6.06888 189.479 -0.657904 0.113151 0.744553 
3.13987 3.13987 43.0306 0.00172362 -0.0269875 -20.0153 5.03536 185.98 -0.700259 0.00794988 0.713844 -20.2572 6.06888 189.479 -0.657904 0.113151 0.744553 
3.13987 3.13987 43.0306 0.00172362 -0.0269875 -20.0153 5.03541 185.981 -0.700261 0.00794469 0.713722 -19.9562 5.95338 188.264 -0.673975 0.0832981 0.734043 
3.13987 3.13987 43.0306 0.00172362 -0.0269875 -20.0152 5.03653 185.981 -0.700276 0.00782375 0.713728 -19.7418 6.10362 187.655 -0.680183 0.0692348 0.729765 
3.13987 3.13987 43.0306 0.00172362 -0.0269875 -20.0163 5.03663 185.98 -0.700153 0.00781318 0.713848 -19.563 6.35097 187.092 -0.680056 0.0661818 0.730167 
3.13987 3.13987 43.0306 0.00172362 -0.0269875 -20.0153 5.03536 185.98 -0.700259 0.00794988 0.713844 -19.4039 6.61421 186.75 -0.678682 0.0645881 0.731586 
3.13987 3.13987 43.0306 0.00172362 -0.0269875 -20.0152 5.03653 185.981 -0.700276 0.00782375 0.713728 -19.2709 6.85189 186.588 -0.680914 0.063897 0.729571 
3.13987 3.13987 43.0306 0.00172362 -0.0269875 -20.0152 5.03648 185.98 -0.700274 0.00782894 0.713849 -19.1737 7.04421 186.493 -0.682304 0.0631704 0.728335 
3.13987 3.13987 43.0306 0.00172362 -0.0269875 -20.0152 5.03648 185.98 -0.700274 0.00782894 0.713849 -19.0532 7.18457 186.421 -0.683091 0.0623997 0.727662 
3.13987 3.13987 43.0306 0.00172362 -0.0269875 -20.0152 5.03648 185.98 -0.700274 0.00782894 0.713849 -18.9486 7.27628 186.362 -0.683612 0.0616327 0.727238 
3.13987 3.13987 43.0306 0.00172362 -0.0269875 -20.0163 5.03663 185.98 -0.700153 0.00781318 0.713848 -18.8618 7.32662 186.313 -0.683789 0.0609103 0.727133 
3.13987 3.13987 43.0306 0.00172362 -0.0269875 -20.0152 5.03648 185.98 -0.700274 0.00782894 0.713849 -18.7927 7.35218 186.273 -0.683841 0.0602659 0.727138 
3.13987 3.13987 43.0306 0.00172362 -0.0269875 -20.0163 5.03663 185.98 -0.700153 0.00781318 0.713848 -18.7404 7.36094 186.242 -0.683828 0.0597191 0.727195 
3.13987 3.13987 43.0306 0.00172362 -0.0269875 -20.0163 5.03663 185.98 -0.700153 0.00781318 0.713848 -18.7023 7.36127 186.219 -0.683804 0.0592707 0.727254 
3.13987 3.13987 43.0306 0.00172362 -0.0269875 -20.0163 5.03663 185.98 -0.700153 0.00781318 0.713848 -18.6759 7.35851 186.191 -0.683769 0.0589095 0.727317 
3.13987 3.13987 43.0306 0.00172362 -0.0269875 -20.0163 5.03663 185.98 -0.700153 0.00781318 0.713848 -18.6581 7.35541 186.185 -0.683755 0.0586211 0.727353 
3.13987 3.13987 43.0306 0.00172362 -0.0269875 -20.0173 5.03785 185.978 -0.700046 0.00768166 0.713974 -18.6467 7.35307 186.18 -0.683745 0.0579986 0.727412 
3.13987 3.13987 43.0306 0.00172362 -0.0269875 -20.0163 5.03658 185.978 -0.700151 0.00781837 0.71397 -18.6393 7.3515 186.177 -0.683721 0.05791 0.727442 
3.13987 3.13987 43.0306 0.00172362 -0.0269875 -20.0173 5.03785 185.978 -0.700046 0.00768166 0.713974 -18.635 7.35038 186.176 -0.683692 0.0578738 0.727472 
3.13987 3.13987 43.0306 0.00172362 -0.0269875 -20.0175 5.03668 185.977 -0.700028 0.00780779 0.714091 -18.6324 7.34972 186.175 -0.683671 0.0578502 0.727494 
3.13987 3.13987 43.0306 0.00172362 -0.0269875 -20.0186 5.03682 185.977 -0.699907 0.00779202 0.714089 -18.6311 7.34934 186.174 -0.68363 0.0578351 0.727533 
3.13987 3.13987 43.0306 0.00172362 -0.0269875 -20.0186 5.03682 185.977 -0.699907 0.00779202 0.714089 -18.6305 7.34904 186.173 -0.683583 0.0578301 0.727578 
3.13987 3.13987 43.0306 0.00172362 -0.0269875 -19.9091 5.02251 185.975 -0.699784 0.00778145 0.71421 -18.6162 7.34712 186.172 -0.683523 0.0578208 0.727635 
3.13987 3.13987 43.0306 0.00172362 -0.0269875 -19.9091 5.02246 185.974 -0.699782 0.00778663 0.714332 -18.5847 7.34294 186.171 -0.683456 0.057815 0.727698 
3.13987 3.13987 43.0306 0.00172362 -0.0269875 -19.9102 5.02261 185.974 -0.699661 0.00777087 0.71433 -18.5642 7.3403 186.17 -0.683402 0.0578066 0.72775 
3.13987 3.13987 43.0306 0.00172362 -0.0269875 -19.9102 5.02256 185.973 -0.699659 0.00777606 0.714452 -18.5522 7.33865 186.17 -0.683351 0.0578059 0.727798 
3.13987 3.13987 43.0306 0.00172362 -0.0269875 -19.9101 5.02373 185.974 -0.699677 0.00764993 0.714336 -18.545 7.33778 186.169 -0.683325 0.0577982 0.727823 
3.13987 3.13987 43.0306 0.00172362 -0.0269875 -19.9101 5.02373 185.974 -0.699677 0.00764993 0.714336 -18.5406 7.33735 186.169 -0.683312 0.0577882 0.727836 
3.13987 3.13987 43.0306 0.00172362 -0.0269875 -19.9102 5.02261 185.974 -0.699661 0.00777087 0.71433 -18.5379 7.33701 186.169 -0.683313 0.0577868 0.727835 
3.13987 3.13987 43.0306 0.00172362 -0.0269875 -19.9101 5.02373 185.974 -0.699677 0.00764993 0.714336 -18.5363 7.33673 186.169 -0.683309 0.0577911 0.727838 
3.13987 3.13987 43.0306 0.00172362 -0.0269875 -19.9101 5.02373 185.974 -0.699677 0.00764993 0.714336 -18.5355 7.33671 186.169 -0.683302 0.0577843 0.727845 
3.13987 3.13987 43.0306 0.00172362 -0.0269875 -19.9101 5.02373 185.974 -0.699677 0.00764993 0.714336 -18.535 7.3367 186.169 -0.683295 0.0577798 0.727852 
3.13987 3.13987 43.0306 0.00172362 -0.0269875 -19.9102 5.02261 185.974 -0.699661 0.00777087 0.71433 -18.5347 7.33649 186.169 -0.683279 0.0577904 0.727867 
3.13987 3.13987 43.0306 0.00172362 -0.0269875 -19.9101 5.02368 185.973 -0.699674 0.00765512 0.714458 -18.5345 7.33658 186.169 -0.683267 0.0577823 0.727879 
3.13987 3.13987 43.0306 0.00172362 -0.0269875 -19.9114 5.0227 185.973 -0.699538 0.00776029 0.714451 -18.5346 7.33662 186.169 -0.683243 0.0577784 0.727901 
3.13987 3.13987 43.0306 0.00172362 -0.0269875 -19.9101 5.02368 185.973 -0.699674 0.00765512 0.714458 -18.5346 7.3365 186.168 -0.68323 0.057785 0.727913 
3.13987 3.13987 43.0306 0.00172362 -0.0269875 -19.9101 5.02368 185.973 -0.699674 0.00765512 0.714458 -18.5347 7.33663 186.168 -0.683225 0.057777 0.727919 
3.13987 3.13987 43.0306 0.00172362 -0.0269875 -19.9102 5.02256 185.973 -0.699659 0.00777606 0.714452 -18.5347 7.3367 186.168 -0.683216 0.0577715 0.727928 
3.13987 3.13987 43.0306 0.00172362 -0.0269875 -19.9101 5.02368 185.973 -0.699674 0.00765512 0.714458 -18.5347 7.33654 186.168 -0.683218 0.0577818 0.727925 
3.13987 3.13987 43.0306 0.00172362 -0.0269875 -19.9114 5.0227 185.973 -0.699538 0.00776029 0.714451 -18.5345 7.3366 186.168 -0.683225 0.0577775 0.727919 
3.13987 3.13987 43.0306 0.00172362 -0.0269875 -19.9101 5.02368 185.973 -0.699674 0.00765512 0.714458 -18.5347 7.33676 186.168 -0.683211 0.0577672 0.727932 
3.13987 3.13987 43.0306 0.00172362 -0.0269875 -19.9114 5.0227 185.973 -0.699538 0.00776029 0.714451 -18.5348 7.33674 186.168 -0.683204 0.0577692 0.727939 
3.13987 3.13987 43.0306 0.00172362 -0.0269875 -19.9112 5.02383 185.973 -0.699553 0.00763935 0.714456 -18.535 7.33688 186.168 -0.683187 0.0577598 0.727955 
3.13987 3.13987 43.0306 0.00172362 -0.0269875 -19.9112 5.02383 185.973 -0.699553 0.00763935 0.714456 -18.535 7.33698 186.168 -0.683185 0.0577534 0.727958 
3.13987 3.13987 43.0306 0.00172362 -0.0269875 -19.9112 5.02383 185.973 -0.699553 0.00763935 0.714456 -18.5351 7.33696 186.168 -0.683183 0.057755 0.727959 
3.13987 3.13987 43.0306 0.00172362 -0.0269875 -19.9114 5.0227 185.973 -0.699538 0.00776029 0.714451 -18.5351 7.33687 186.168 -0.683182 0.0577612 0.727961 
3.13987 3.13987 43.0306 0.00172362 -0.0269875 -19.9112 5.02383 185.973 -0.699553 0.00763935 0.714456 -18.5351 7.33692 186.168 -0.683178 0.0577582 0.727964 
3.13987 3.13987 43.0306 0.00172362 -0.0269875 -19.9112 5.02378 185.972 -0.699551 0.00764454 0.714578 -18.5352 7.33695 186.168 -0.683168 0.0577551 0.727973 
3.13987 3.13987 43.0306 0.00172362 -0.0269875 -19.9112 5.02378 185.972 -0.699551 0.00764454 0.714578 -18.5352 7.33699 186.168 -0.683158 0.0577519 0.727983 
3.13987 3.13987 43.0306 0.00172362 -0.0269875 -19.9125 5.0228 185.972 -0.699415 0.00774971 0.714572 -18.5353 7.33682 186.168 -0.683144 0.0577628 0.727996 
3.13987 3.13987 43.0306 0.00172362 -0.0269875 -19.9125 5.0228 185.972 -0.699415 0.00774971 0.714572 -18.5355 7.3368 186.168 -0.683125 0.0577648 0.728013 
3.13987 3.13987 43.0306 0.00172362 -0.0269875 -19.9124 5.02393 185.972 -0.69943 0.00762878 0.714577 -18.5356 7.33692 186.167 -0.683113 0.0577564 0.728026 
3.13987 3.13987 43.0306 0.00172362 -0.0269875 -19.9124 5.02393 185.972 -0.69943 0.00762878 0.714577 -18.5357 7.33687 186.167 -0.683099 0.0577603 0.728038 
3.13987 3.13987 43.0306 0.00172362 -0.0269875 -19.9112 5.02383 185.973 -0.699553 0.00763935 0.714456 -18.5357 7.33698 186.168 -0.683107 0.0577532 0.728031 
3.13987 3.13987 43.0306 0.00172362 -0.0269875 -19.9112 5.02383 185.973 -0.699553 0.00763935 0.714456 -18.5355 7.33704 186.168 -0.683129 0.0577489 0.728011 
3.13987 3.13987 43.0306 0.00172362 -0.0269875 -19.9112 5.02383 185.973 -0.699553 0.00763935 0.714456 -18.5353 7.33708 186.168 -0.683149 0.0577471 0.727992 
3.13987 3.13987 43.0306 0.00172362 -0.0269875 -19.9112 5.02383 185.973 -0.699553 0.00763935 0.714456 -18.5352 7.33716 186.168 -0.683166 0.0577419 0.727976 
3.13987 3.13987 43.0306 0.00172362 -0.0269875 -19.9112 5.02383 185.973 -0.699553 0.00763935 0.714456 -18.535 7.33733 186.168 -0.683185 0.057732 0.72796 
3.13987 3.13987 43.0306 0.00172362 -0.0269875 -19.9101 5.02373 185.974 -0.699677 0.00764993 0.714336 -18.5347 7.33736 186.168 -0.683224 0.0577303 0.727924 
3.13987 3.13987 43.0306 0.00172362 -0.0269875 -19.9089 5.02358 185.974 -0.699798 0.0076657 0.714337 -18.5343 7.33743 186.169 -0.68327 0.0577271 0.72788 
3.13987 3.13987 43.0306 0.00172362 -0.0269875 -19.9099 5.02486 185.974 -0.699692 0.007529 0.714341 -18.5339 7.33751 186.169 -0.683315 0.0577244 0.727838 
3.13987 3.13987 43.0306 0.00172362 -0.0269875 -19.9089 5.02363 185.975 -0.6998 0.00766051 0.714215 -18.5336 7.33767 186.169 -0.683338 0.0577204 0.727817 
3.13987 3.13987 43.0306 0.00172362 -0.0269875 -19.9088 5.02476 185.975 -0.699815 0.00753957 0.714221 -18.5334 7.33779 186.17 -0.683366 0.0577217 0.727791 
3.13987 3.13987 43.0306 0.00172362 -0.0269875 -19.9076 5.02466 185.976 -0.699938 0.00755015 0.7141 -18.5329 7.33787 186.17 -0.683422 0.0577252 0.727738 
3.13987 3.13987 43.0306 0.00172362 -0.0269875 -19.9076 5.02466 185.976 -0.699938 0.00755015 0.7141 -18.5326 7.33789 186.17 -0.683458 0.0577286 0.727703 
3.13987 3.13987 43.0306 0.00172362 -0.0269875 -19.9076 5.02466 185.976 -0.699938 0.00755015 0.7141 -18.5324 7.3379 186.17 -0.683479 0.0577287 0.727684 
3.13987 3.13987 43.0306 0.00172362 -0.0269875 -19.9076 5.02466 185.976 -0.699938 0.00755015 0.7141 -18.5323 7.3379 186.17 -0.68349 0.0577355 0.727673 
3.13987 3.13987 43.0306 0.00172362 -0.0269875 -19.9076 5.02466 185.976 -0.699938 0.00755015 0.7141 -18.5323 7.33791 186.171 -0.683494 0.0577423 0.727668 
3.13987 3.13987 43.0306 0.00172362 -0.0269875 -19.9076 5.02466 185.976 -0.699938 0.00755015 0.7141 -18.5323 7.33791 186.17 -0.683495 0.0577494 0.727667 
3.13987 3.13987 43.0306 0.00172362 -0.0269875 -19.9076 5.02466 185.976 -0.699938 0.00755015 0.7141 -18.5323 7.33791 186.17 -0.683494 0.0577572 0.727668 
3.13987 3.13987 43.0306 0.00172362 -0.0269875 -19.9076 5.02466 185.976 -0.699938 0.00755015 0.7141 -18.5323 7.3379 186.17 -0.683491 0.0577646 0.727669 
3.13987 3.13987 43.0306 0.00172362 -0.0269875 -19.9076 5.02466 185.976 -0.699938 0.00755015 0.7141 -18.5324 7.3379 186.17 -0.683488 0.0577721 0.727672 
3.13987 3.13987 43.0306 0.00172362 -0.0269875 -19.9076 5.02466 185.976 -0.699938 0.00755015 0.7141 -18.5324 7.3379 186.17 -0.683484 0.0577797 0.727675 
3.13987 3.13987 43.0306 0.00172362 -0.0269875 -19.9076 5.02466 185.976 -0.699938 0.00755015 0.7141 -18.5324 7.3379 186.17 -0.68348 0.0577872 0.727678 
3.13987 3.13987 43.0306 0.00172362 -0.0269875 -19.9076 5.02466 185.976 -0.699938 0.00755015 0.7141 -18.5325 7.33789 186.17 -0.683476 0.0577948 0.727681 
3.13987 3.13987 43.0306 0.00172362 -0.0269875 -19.9076 5.02466 185.976 -0.699938 0.00755015 0.7141 -18.5325 7.33789 186.17 -0.683472 0.0578024 0.727685 
3.13987 3.13987 43.0306 0.00172362 -0.0269875 -19.9076 5.02466 185.976 -0.699938 0.00755015 0.7141 -18.5326 7.33789 186.17 -0.683468 0.05781 0.727688 
3.13987 3.13987 43.0306 0.00172362 -0.0269875 -19.9076 5.02466 185.976 -0.699938 0.00755015 0.7141 -18.5326 7.33788 186.17 -0.683463 0.0578176 0.727692 
3.13987 3.13987 43.0306 0.00172362 -0.0269875 -19.9076 5.02466 185.976 -0.699938 0.00755015 0.7141 -18.5327 7.33788 186.17 -0.683459 0.0578251 0.727695 
3.13987 3.13987 43.0306 0.00172362 -0.0269875 -19.9076 5.02466 185.976 -0.699938 0.00755015 0.7141 -18.5327 7.33788 186.17 -0.683454 0.0578327 0.727699 
3.13987 3.13987 43.0306 0.00172362 -0.0269875 -19.9076 5.02466 185.976 -0.699938 0.00755015 0.7141 -18.5327 7.33787 186.17 -0.68345 0.0578403 0.727703 
3.13987 3.13987 43.0306 0.00172362 -0.0269875 -19.9076 5.02466 185.976 -0.699938 0.00755015 0.7141 -18.5328 7.33787 186.17 -0.683445 0.0578479 0.727706 
3.13987 3.13987 43.0306 0.00172362 -0.0269875 -19.9076 5.02466 185.976 -0.699938 0.00755015 0.7141 -18.5328 7.33787 186.17 -0.683441 0.0578555 0.72771 
3.13987 3.13987 43.0306 0.00172362 -0.0269875 -19.9076 5.02466 185.976 -0.699938 0.00755015 0.7141 -18.5329 7.33786 186.17 -0.683436 0.0578631 0.727713 
3.13987 3.13987 43.0306 0.00172362 -0.0269875 -19.9075 5.02578 185.976 -0.699954 0.00742921 0.714106 -18.5926 6.90716 186.198 -0.465125 0.732202 0.497533 
3.13987 3.13987 43.0306 0.00172362 -0.0269875 -19.9075 5.02578 185.976 -0.699954 0.00742921 0.714106 -18.6971 6.15342 186.246 -0.223242 0.944567 0.240742 
3.13987 3.13987 43.0306 0.00172362 -0.0269875 -19.9076 5.02466 185.976 -0.699938 0.00755015 0.7141 -18.2795 6.84309 186.623 -0.451894 0.773899 0.443703 
3.13987 3.13987 43.0306 0.00172362 -0.0269875 -19.9076 5.02466 185.976 -0.699938 0.00755015 0.7141 -18.2981 8.40152 186.215 -0.267114 -0.923637 0.274854 
3.13987 3.13987 43.0306 0.00172362 -0.0269875 -19.9076 5.02466 185.976 -0.699938 0.00755015 0.7141 -18.3133 9.96809 186.082 -0.112493 -0.986578 0.11836 
3.13987 3.13987 43.0306 0.00172362 -0.0269875 -19.9076 5.02466 185.976 -0.699938 0.00755015 0.7141 -18.3341 11.5212 185.489 -0.0701984 -0.99444 0.0784915 
3.13987 3.13987 43.0306 0.00172362 -0.0269875 -19.9076 5.02466 185.976 -0.699938 0.00755015 0.7141 -19.8075 2.59646 185.575 -0.050387 0.996401 0.0681681 
3.13987 3.13987 43.0306 0.00172362 -0.0269875 -19.9076 5.02466 185.976 -0.699938 0.00755015 0.7141 -20.6088 -1.65448 188.268 -0.0234274 0.999327 0.0282433 
3.13987 3.13987 43.0306 0.00172362 -0.0269875 -19.9075 5.02578 185.976 -0.699954 0.00742921 0.714106 -6.99674 -25.808 207.174 -0.0262869 0.999627 -0.00738158 
3.13987 3.13987 43.0306 0.00172362 -0.0269875 -19.9076 5.02466 185.976 -0.699938 0.00755015 0.7141 -1.25275 -51.0249 219.171 -0.020137 0.999751 -0.00962226 
3.13987 3.13987 43.0306 0.00172362 -0.0269875 -19.9075 5.02578 185.976 -0.699954 0.00742921 0.714106 -13.6878 -55.6377 187.988 -0.00977955 0.999944 0.00416024 
3.13987 3.13987 43.0306 0.00172362 -0.0269875 -19.9076 5.02466 185.976 -0.699938 0.00755015 0.7141 46.0269 -160.269 259.804 -0.0209549 0.999733 -0.0097535 
3.13987 3.13987 43.0306 0.00172362 -0.0269875 -19.9075 5.02578 185.976 -0.699954 0.00742921 0.714106 -73.542 -264.171 168.619 0.00653772 0.999975 0.00285216 
3.13987 3.13987 43.0306 0.00172362 -0.0269875 -19.9075 5.02578 185.976 -0.699954 0.00742921 0.714106 -174.581 -336.212 93.8547 0.0182632 0.999801 0.00801086 
3.13987 3.13987 43.0306 0.00172362 -0.0269875 -19.9075 5.02578 185.976 -0.699954 0.00742921 0.714106 -618.607 -922.647 -614.766 0.0275261 0.999354 0.0231121 
3.13987 3.13987 43.0306 0.00172362 -0.0269875 -19.9076 5.02466 185.976 -0.699938 0.00755015 0.7141 -1491.07 -1406.73 -2558.94 0.045686 0.997627 0.0515104 
