2.89195 -2.92758 47.7312 6.16454 -3.09721 -21.4012 7.85352 185.501 -0.681857 -0.00655815 0.731476 -17.6222 6.88213 189.891 -0.668196 -0.0370481 0.743062 
2.71126 -2.76872 54.0622 5.97983 -8.56774 -20.2428 12.86 185.484 -0.710882 0.0511917 0.701385 -14.1755 11.0505 190.073 -0.677839 -0.00377354 0.7352 
2.66243 -2.71155 56.6974 5.89164 -10.7823 -19.0659 15.0181 185.496 -0.719062 0.0785434 0.69047 -12.8584 12.0459 190.194 -0.687025 0.01491 0.726481 
2.63255 -2.63973 58.7167 5.81062 -12.6397 -18.4411 15.8496 185.507 -0.722015 0.0946258 0.685229 -11.7773 11.9492 190.133 -0.693217 0.0162585 0.720545 
2.57711 -2.53057 61.4504 5.69342 -15.1987 -17.505 15.9937 185.534 -0.725785 0.0992708 0.680605 -9.85341 11.4566 190.032 -0.699811 0.0149982 0.71417 
2.52913 -2.45358 63.2141 5.62246 -16.972 -15.4872 15.7974 185.424 -0.727508 0.0994028 0.678787 -8.24897 10.7392 189.871 -0.701457 0.00601881 0.712686 
2.48374 -2.39957 64.5476 5.56788 -18.3071 -13.8438 15.2186 185.411 -0.72671 0.09453 0.680277 -6.68702 10.1327 189.757 -0.700801 0.00272721 0.713351 
2.44065 -2.37142 65.8208 5.53427 -19.5294 -12.6618 14.6476 185.497 -0.724126 0.091114 0.683654 -5.44043 9.81459 189.655 -0.7015 0.00319243 0.712662 
2.39182 -2.35476 67.1209 5.51962 -20.7851 -11.4535 14.3915 185.37 -0.72322 0.0890374 0.684809 -4.19546 9.55514 189.488 -0.701949 -0.000728285 0.712226 
2.34355 -2.35074 68.2068 5.52106 -21.8154 -10.2321 14.1786 185.471 -0.723452 0.0830754 0.685368 -3.06075 9.39846 189.328 -0.701557 -0.00626029 0.712586 
2.21716 -2.36079 70.5658 5.53915 -23.9062 -7.60266 13.8668 185.406 -0.719801 0.0691669 0.690654 -0.132244 8.75002 188.994 -0.698421 -0.016908 0.715487 
1.98964 -2.44726 74.76 5.61241 -26.97 -2.69435 14.7219 185.945 -0.714851 0.0663339 0.696063 4.12957 8.31801 188.847 -0.702055 -0.0133202 0.711998 
1.94683 -2.45904 75.3585 5.62246 -27.4796 -1.1405 15.0504 186.006 -0.712012 0.0726486 0.698274 5.02176 8.04171 188.773 -0.701549 -0.0144895 0.712474 
1.9138 -2.46335 76.0141 5.62648 -27.8971 -0.158029 14.9093 186.091 -0.710065 0.071909 0.700474 5.69036 7.61646 188.843 -0.702448 -0.0174621 0.711521 
1.8934 -2.46478 76.9063 5.60781 -27.7987 0.493774 14.6781 186.303 -0.70888 0.07068 0.701721 6.07708 7.11703 189.607 -0.707208 -0.00655232 0.706975 
1.88565 -2.46507 77.4143 5.59948 -27.6622 0.945462 14.5154 186.759 -0.70942 0.0757985 0.700588 6.1661 6.88451 190.123 -0.710348 -0.00207632 0.703848 
1.87818 -2.46564 77.7921 5.59833 -27.5161 1.18186 14.356 187.336 -0.710661 0.0818982 0.698698 6.24541 6.72727 190.552 -0.712438 -0.00212801 0.701732 
1.87272 -2.46564 78.0874 5.59718 -27.4034 1.30477 14.2373 187.798 -0.711825 0.0837291 0.697187 6.30052 6.59248 190.886 -0.714093 -0.00235374 0.700047 
1.86841 -2.46564 78.3747 5.59517 -27.2971 1.42373 14.1354 188.254 -0.712565 0.083735 0.696462 6.33078 6.47182 191.207 -0.715844 -0.00185393 0.698258 
1.86812 -2.4622 78.716 5.59058 -27.1875 1.54256 14.0289 188.599 -0.713423 0.0838639 0.695613 6.25557 6.26884 191.572 -0.718391 -0.00233889 0.695636 
1.87933 -2.44956 79.4256 5.58052 -27.0605 1.45185 13.8404 189.187 -0.715943 0.0825427 0.69324 5.77924 5.84352 192.226 -0.724996 -0.00685853 0.688719 
1.91035 -2.42772 80.1829 5.55438 -26.8478 1.03543 13.3683 189.92 -0.720705 0.0775771 0.688809 4.89726 5.36535 192.862 -0.732821 -0.00583828 0.680396 
1.92816 -2.41882 80.186 5.54346 -26.6827 0.615065 12.969 190.534 -0.724702 0.076382 0.684739 4.47358 5.30145 193.026 -0.734845 -0.00428598 0.678221 
1.94109 -2.4125 80.194 5.53427 -26.5573 0.408363 12.8724 190.893 -0.726534 0.0768807 0.682789 4.17157 5.26142 193.151 -0.736326 -0.00206493 0.676623 
1.95603 -2.40359 80.2178 5.52106 -26.2763 0.301083 12.8691 191.01 -0.726857 0.0780989 0.682266 3.83983 5.15389 193.434 -0.737975 0.00101394 0.674827 
1.97269 -2.39498 80.2337 5.50612 -25.9794 0.195571 12.8521 191.132 -0.727371 0.0807782 0.681331 3.44883 5.09293 193.729 -0.739944 0.00574892 0.672644 
1.99136 -2.38435 80.2559 5.48831 -25.6683 0.0886064 12.7138 191.482 -0.727935 0.0852871 0.680217 3.03562 5.00163 194.044 -0.741979 0.0111523 0.67033 
2.01003 -2.37286 80.2956 5.46877 -25.1254 -0.126756 12.688 191.828 -0.728361 0.0901608 0.679213 2.62895 4.89088 194.592 -0.743957 0.017143 0.668008 
2.02698 -2.36022 80.2813 5.44694 -24.665 -0.348044 12.5432 192.4 -0.728358 0.0966086 0.678275 2.27657 4.71472 195.06 -0.745647 0.0237136 0.665919 
2.04135 -2.34786 80.2607 5.42539 -24.3538 -0.576441 12.1888 192.869 -0.728672 0.101234 0.677277 1.98557 4.51224 195.38 -0.747 0.0301297 0.664141 
2.06433 -2.32402 80.2448 5.39696 -24.176 -0.800985 11.7286 193.349 -0.729875 0.105252 0.67533 1.47212 4.0752 195.576 -0.749482 0.0322961 0.661237 
2.6811 -2.13672 80.2686 5.14818 -22.3631 -19.5183 11.4825 193.499 -0.808412 0.127608 0.574608 -18.5473 6.37719 195.172 -0.829841 0.098563 0.549226 
2.77274 -2.22089 80.0733 5.24556 -23.3029 -24.2243 12.7754 191.771 -0.827235 0.134625 0.545404 -22.552 7.01459 193.586 -0.846338 0.0864193 0.525589 
2.7127 -2.33178 80.086 5.4096 -23.5315 -24.7219 13.2398 191.235 -0.833882 0.0971716 0.543247 -21.5736 7.98706 193.666 -0.845198 0.0488183 0.532219 
2.65639 -2.26398 80.2511 5.39954 -22.3266 -24.1632 13.2014 192.437 -0.832999 0.0911058 0.54575 -19.7939 10.2124 193.359 -0.824616 0.0310943 0.564838 
2.04278 -2.36223 80.0448 5.61183 -25.908 -6.22771 13.138 191.716 -0.758329 0.0195617 0.651497 -5.80821 11.5364 193.182 -0.751471 -0.0211327 0.659428 
2.0244 -2.37745 80.1956 5.63137 -25.5857 -6.02087 13.0922 191.371 -0.75746 0.0104007 0.652755 -5.03237 12.744 192.155 -0.748157 -0.0279473 0.662933 
1.49524 -2.63054 80.4273 5.78477 -27.2066 12.623 15.176 189.974 -0.672287 0.0980102 0.73379 14.2467 14.3916 190.618 -0.677489 0.0212194 0.735227 
1.75063 -2.59089 75.7887 5.94191 -25.8016 -2.77921 25.3838 185.559 -0.72266 0.0126996 0.691013 -0.0178799 24.9366 186.71 -0.71742 -0.0213592 0.696313 
1.60067 -2.399 82.6705 5.83849 -25.6413 8.85436 7.33544 193.894 -0.667737 -0.1715 0.724341 13.8533 11.7601 185.278 -0.63042 -0.171891 0.756984 
