3778 19.9716 -2.75193 212.959 -0.00243924 -0.00226547 0.999994 24.674 -1.56114 210.648 -0.0221683 0.116594 0.992803 1.82417 -2.24215 15.0033 5.24355 49.9999 20.1002 -2.69651 212.91 -0.00279905 0.000101875 0.999996 
91572 21.6087 -1.78535 212.064 -0.00845906 0.0331413 0.999415 24.6713 -1.66706 210.649 -0.0223109 0.115991 0.992938 1.84026 -2.23181 14.6033 5.24844 50.2618 21.6741 -1.76539 212.035 -0.00872908 0.0344824 0.999367 
177959 22.2258 -1.15238 211.493 -0.0132609 0.0481382 0.998753 24.4817 -1.82671 210.634 -0.0276433 0.0860625 0.995772 1.86381 -2.21945 14.046 5.25964 50.5936 22.265 -1.14892 211.477 -0.0134992 0.0486691 0.998724 
266970 22.4444 -0.587573 211.12 -0.0151049 0.0536461 0.998446 24.2416 -1.39999 210.399 -0.0248026 0.0765696 0.996652 1.88593 -2.21026 13.4206 5.27573 50.981 22.4717 -0.587252 211.109 -0.0152399 0.053943 0.998428 
353590 22.3968 0.0414674 210.874 -0.0163991 0.0561166 0.99829 24.0028 -0.81585 210.276 -0.0210933 0.0743632 0.996893 1.91351 -2.19906 12.7951 5.2944 51.354 22.4187 0.0407823 210.867 -0.0164581 0.0563442 0.998276 
441764 22.2333 0.69759 210.719 -0.0163419 0.0572609 0.998225 23.546 0.106798 210.039 -0.0167651 0.0723785 0.997123 1.94051 -2.18728 12.1696 5.31566 51.7525 22.2682 0.698866 210.705 -0.0163622 0.0576528 0.998203 
528061 21.9842 1.43864 210.589 -0.0164273 0.0580672 0.998178 22.8126 0.723638 210.035 -0.0196928 0.0690679 0.997344 1.96752 -2.17521 11.5521 5.34151 52.1573 21.9966 1.4377 210.584 -0.0164544 0.0582286 0.998168 
616641 21.7056 2.17982 210.479 -0.0162157 0.0588499 0.998135 22.2823 1.63074 209.912 -0.0193136 0.0694205 0.997332 1.98935 -2.16545 10.9774 5.37081 52.5526 21.7152 2.17983 210.474 -0.0162355 0.0590076 0.998126 
703449 21.3945 3.00311 210.37 -0.0163731 0.0594482 0.998097 21.7485 2.5357 209.79 -0.0185596 0.0700037 0.997312 2.00831 -2.1551 10.4742 5.40586 52.9161 21.4017 3.00359 210.363 -0.0163813 0.0596056 0.998088 
791889 21.0441 3.79885 210.267 -0.0160761 0.0596523 0.99809 21.2281 3.46166 209.778 -0.0191005 0.0685578 0.997346 2.02468 -2.14448 9.98998 5.44148 53.2892 21.0541 3.80126 210.254 -0.016104 0.0599349 0.998072 
877967 20.6383 4.64561 210.03 -0.0155823 0.0595289 0.998105 20.692 4.27204 209.657 -0.0185332 0.0673183 0.997485 2.03962 -2.1327 9.50102 5.48141 53.6829 20.6416 4.64667 210.022 -0.0155929 0.0596601 0.998097 
967444 20.2202 5.47021 209.916 -0.0150045 0.0591071 0.998139 20.1564 5.09253 209.646 -0.0178749 0.0652205 0.997639 2.05111 -2.12149 9.07558 5.52249 54.0623 20.2219 5.4711 209.908 -0.0150131 0.059221 0.998132 
1053471 19.7284 6.33779 209.794 -0.014387 0.0582589 0.998198 19.6286 6.03351 209.633 -0.0176178 0.0621604 0.997817 2.06145 -2.10972 8.66283 5.56817 54.4433 19.7291 6.33904 209.786 -0.0143981 0.0583503 0.998192 
1141212 19.2276 7.13789 209.664 -0.0134108 0.0569308 0.998288 19.0894 6.74918 209.737 -0.016855 0.0595703 0.997979 2.0695 -2.09765 8.28341 5.61298 54.8005 19.2274 7.13823 209.657 -0.0134222 0.0570069 0.998284 
1227935 18.661 7.98439 209.548 -0.0125585 0.0554627 0.998382 18.5507 7.57774 209.726 -0.0158616 0.0566055 0.998146 2.07611 -2.08587 7.93575 5.66326 55.1323 18.6604 7.98427 209.541 -0.0125677 0.0555218 0.998378 
1316029 18.096 8.76644 209.431 -0.0115889 0.053476 0.998502 18.0092 8.29814 209.718 -0.0150034 0.0532792 0.998321 2.08128 -2.07323 7.64524 5.71267 55.4212 18.0951 8.76553 209.426 -0.0115977 0.0535184 0.9985 
1403327 17.4547 9.58495 209.372 -0.0106533 0.0514974 0.998616 17.3605 9.1374 209.819 -0.0140261 0.0498288 0.998619 2.08587 -2.06117 7.36266 5.76696 55.7038 17.4535 9.5838 209.371 -0.0106607 0.0515229 0.998615 
1490621 16.8254 10.3386 209.357 -0.00996598 0.0492923 0.998735 16.8134 9.85914 209.811 -0.0125624 0.0463583 0.99879 2.08961 -2.04968 7.14994 5.81924 55.9165 16.8245 10.3369 209.356 -0.00996681 0.0493031 0.998734 
1578112 16.1209 11.1306 209.348 -0.00952791 0.047095 0.998845 16.1632 10.694 209.802 -0.0115778 0.0431496 0.998961 2.09334 -2.03876 6.9642 5.87584 56.1023 16.1203 11.129 209.346 -0.0095241 0.0470939 0.998845 
1665051 15.4182 11.8514 209.349 -0.00873072 0.0451252 0.998943 15.5114 11.4196 209.796 -0.0108475 0.0397034 0.999018 2.09593 -2.02928 6.78005 5.9307 56.2864 15.4178 11.8496 209.348 -0.00872655 0.0451099 0.998944 
1753296 14.6357 12.5713 209.374 -0.0082059 0.0427201 0.999053 14.8594 12.1382 209.901 -0.0099584 0.0372309 0.999177 2.09966 -2.01894 6.61654 5.98902 56.4467 14.636 12.5693 209.375 -0.00819785 0.0427006 0.999054 
1840434 13.874 13.2524 209.395 -0.00777541 0.0408828 0.999134 14.0925 12.8646 209.895 -0.0088474 0.0341396 0.999345 2.10167 -2.01118 6.48954 6.0459 56.5658 13.8743 13.2506 209.395 -0.00776256 0.0408533 0.999135 
1927737 13.0891 13.8885 209.413 -0.00721322 0.0389259 0.999216 13.3269 13.4678 209.893 -0.00830367 0.0322879 0.999373 2.10368 -2.00314 6.38159 6.10249 56.661 13.0896 13.8865 209.413 -0.00719951 0.0388961 0.999217 
2014982 12.2335 14.5343 209.439 -0.00658465 0.036788 0.999301 12.4477 14.0832 209.891 -0.00754686 0.0295736 0.999416 2.10541 -1.99452 6.30221 6.16339 56.7357 12.2339 14.5321 209.439 -0.00656904 0.0367535 0.999303 
2103315 11.3983 15.1733 209.456 -0.00626713 0.0355548 0.999348 11.5761 14.688 209.89 -0.00760421 0.027988 0.999447 2.10311 -1.9905 6.25935 6.22401 56.7769 11.3986 15.1711 209.457 -0.00625386 0.0355198 0.999349 
2190350 10.5051 15.677 209.484 -0.00564488 0.0327432 0.999448 10.7113 15.2927 209.889 -0.00839345 0.026429 0.999486 2.10742 -1.9793 6.24506 6.28146 56.7865 10.5055 15.6753 209.484 -0.00563701 0.0327135 0.999449 
2278250 9.62257 16.1629 209.51 -0.00531686 0.0308554 0.99951 9.73658 15.7907 209.892 -0.00979702 0.0247703 0.999535 2.10885 -1.97183 6.23554 0.0554433 56.7944 9.62262 16.1613 209.51 -0.00531662 0.0308272 0.999511 
2364739 8.66985 16.6366 209.538 -0.00499401 0.0291579 0.999562 8.75843 16.2866 209.894 -0.0108258 0.0233422 0.999575 2.10972 -1.96464 6.23236 0.11577 56.7976 8.66982 16.6351 209.538 -0.00499897 0.0291318 0.999563 
2453625 7.71395 17.1118 209.563 -0.00508808 0.028574 0.999579 7.77868 16.672 210.01 -0.0119722 0.0220406 0.999613 2.10598 -1.96235 6.22284 0.177246 56.7976 7.71384 17.1101 209.564 -0.00509747 0.0285463 0.999579 
2540176 6.75785 17.4051 209.611 -0.0039915 0.0266164 0.999638 6.78955 17.0567 209.903 -0.0123999 0.0203463 0.999651 2.10972 -1.95143 6.21173 0.233551 56.7976 6.75763 17.4037 209.611 -0.00400505 0.02659 0.999638 
2628456 5.80958 17.7052 209.638 -0.00374921 0.0255562 0.999666 5.79594 17.4393 209.908 -0.0122 0.0191178 0.999672 2.11029 -1.9454 6.21173 0.290143 56.7976 5.80854 17.703 209.638 -0.00377392 0.0255051 0.999668 
2714661 4.78287 17.9698 209.665 -0.00356398 0.0245906 0.999691 4.80989 17.7132 210.026 -0.0131024 0.0178072 0.999708 2.11058 -1.93965 6.21331 0.349608 56.7944 4.78273 17.9688 209.666 -0.00358 0.0245654 0.999692 
2803202 3.81615 18.1756 209.688 -0.00332594 0.0237598 0.999712 3.70216 17.8755 209.925 -0.0136389 0.0164833 0.99974 2.11029 -1.93419 6.23236 0.405626 56.7611 3.81544 18.1744 209.688 -0.00334408 0.0237344 0.999713 
2890060 2.78076 18.3377 209.701 -0.00315989 0.0227983 0.999735 2.71129 18.1451 209.933 -0.014168 0.0154011 0.999645 2.11058 -1.92845 6.26729 0.464229 56.715 2.7803 18.3369 209.702 -0.00317977 0.0227744 0.999736 
2977516 1.80612 18.4451 209.715 -0.00294339 0.0220378 0.999753 1.61269 18.3048 209.943 -0.0155407 0.0145961 0.999677 2.11058 -1.92299 6.31015 0.519098 56.6626 1.80419 18.4438 209.716 -0.00299273 0.0219942 0.999754 
3064500 0.757031 18.488 209.728 -0.00317531 0.021286 0.999768 0.502143 18.3578 209.844 -0.0162079 0.0130327 0.999715 2.11144 -1.91811 6.33396 0.576552 56.6341 0.756001 18.4874 209.728 -0.00320121 0.0212629 0.999769 
3155056 -0.228809 18.4836 209.742 -0.00331284 0.0205901 0.999783 -0.496183 18.296 209.857 -0.0172367 0.0116047 0.999754 2.11201 -1.91351 6.36889 0.630559 56.5991 -0.231062 18.482 209.742 -0.00336944 0.0205428 0.999783 
3240577 -1.268 18.4185 209.755 -0.00338295 0.0194699 0.999805 -1.61074 18.234 209.873 -0.0177614 0.0106443 0.999657 2.11288 -1.90891 6.43715 0.687152 56.5309 -1.2693 18.4178 209.755 -0.00341499 0.0194497 0.999805 
3328851 -2.24239 18.3337 209.757 -0.00386981 0.018695 0.999818 -2.72514 18.1766 209.888 -0.0183023 0.00919849 0.999691 2.11259 -1.90575 6.50859 0.740009 56.4594 -2.24406 18.333 209.757 -0.00390171 0.0186742 0.999818 
3415402 -3.20749 18.1821 209.758 -0.004479 0.0178568 0.999831 -3.84607 18.0055 209.793 -0.0187212 0.0077482 0.999724 2.11316 -1.90288 6.56256 0.791718 56.4055 -3.20955 18.1813 209.757 -0.00450994 0.0178354 0.999831 
3505245 -4.20874 17.9656 209.76 -0.00495975 0.017012 0.999843 -4.74196 17.719 209.81 -0.0196383 0.00606941 0.999645 2.11403 -1.89972 6.61813 0.846012 56.3499 -4.21228 17.9637 209.76 -0.00502342 0.0169668 0.999843 
3590502 -5.19377 17.6935 209.765 -0.00537359 0.0163022 0.999853 -5.86655 17.4465 209.717 -0.0200969 0.00352141 0.999699 2.1146 -1.89627 6.66575 0.900306 56.307 -5.19577 17.6926 209.764 -0.005405 0.0162754 0.999853 
3678831 -6.10156 17.3911 209.78 -0.00540882 0.0156861 0.999862 -6.6918 16.9364 209.737 -0.0174839 0.00147227 0.999707 2.11489 -1.89254 6.72449 0.951441 56.2626 -6.10518 17.3881 209.779 -0.00545503 0.0156267 0.999863 
3764503 -7.0384 17.0313 209.802 -0.00509067 0.0152925 0.99987 -7.49146 16.6351 209.641 -0.0169005 0.000718266 0.999714 2.1146 -1.88794 6.79592 1.00602 56.2134 -7.03972 17.03 209.801 -0.00511298 0.0152631 0.99987 
3854127 -7.91501 16.64 209.826 -0.00495781 0.0147104 0.99988 -8.50797 16.2277 209.661 -0.0172752 0.00048765 0.999723 2.11489 -1.88421 6.87371 1.05773 56.1689 -7.91662 16.6387 209.825 -0.0049816 0.0146833 0.99988 
3939762 -8.7969 16.1776 209.86 -0.00422151 0.0149058 0.99988 -9.31545 15.7101 209.569 -0.0167183 -0.000998155 0.999745 2.11517 -1.87789 6.94674 1.1126 56.1261 -8.79828 16.1761 209.858 -0.00424577 0.0148757 0.99988 
4027102 -9.61521 15.687 209.892 -0.00372121 0.0146965 0.999885 -10.1611 15.2658 209.586 -0.0114818 0.00186923 0.999871 2.11604 -1.87301 7.02929 1.16431 56.088 -9.61659 15.6857 209.891 -0.00373308 0.0146749 0.999885 
4114330 -10.4791 15.1121 209.915 -0.003533 0.0142256 0.999893 -10.8067 14.8963 209.598 -0.00332502 0.00780565 0.999903 2.11719 -1.87042 7.1039 1.21975 56.0594 -10.4798 15.1114 209.914 -0.00352471 0.01422 0.999893 
4201464 -11.2364 14.5331 209.949 -0.00226173 0.0152634 0.999881 -11.4319 14.4291 209.725 0.0023421 0.0124869 0.999867 2.11833 -1.86439 7.16264 1.27318 56.0292 -11.2368 14.5327 209.948 -0.0022425 0.0152673 0.999881 
4289736 -12.0614 13.9085 209.964 -0.00231786 0.0155272 0.999877 -12.1356 13.9717 209.742 0.004313 0.0163233 0.99977 2.1169 -1.86381 7.22138 1.33035 56.0118 -12.0615 13.9086 209.963 -0.0022952 0.0155395 0.999877 
4376938 -12.7555 13.1714 210.014 -0.00108696 0.016016 0.999871 -12.8471 13.2991 209.764 0.00625302 0.0193058 0.999689 2.12178 -1.85893 7.27218 1.38464 56.0022 -12.7556 13.1716 210.014 -0.001063 0.0160345 0.999871 
4464550 -13.4322 12.4443 210.047 0.000831345 0.0162048 0.999868 -13.546 12.6295 209.785 0.00683801 0.0219714 0.999631 2.12408 -1.85692 7.3198 1.43865 55.9959 -13.4323 12.4447 210.046 0.000839209 0.0162304 0.999868 
4551510 -14.1139 11.6337 210.075 0.000969997 0.0165283 0.999863 -14.2421 11.8481 209.809 0.0066911 0.0246635 0.999582 2.12638 -1.85577 7.37378 1.49611 55.9848 -14.1141 11.6342 210.075 0.000987493 0.0165572 0.999862 
4639726 -14.8092 10.8187 210.073 0.000206743 0.0159259 0.999873 -14.8363 11.1725 209.829 0.0080168 0.0275463 0.99951 2.12552 -1.85922 7.43569 1.55385 55.9641 -14.8091 10.8195 210.072 0.000234924 0.0159604 0.999873 
4726817 -15.3362 9.93721 210.109 0.00124096 0.0162205 0.999868 -15.4245 10.2869 209.853 0.00782578 0.0290188 0.999485 2.13069 -1.85721 7.50713 1.60843 55.9356 -15.3363 9.93794 210.109 0.00126164 0.0162573 0.999867 
4814448 -15.8662 9.06841 210.119 0.00138164 0.0157609 0.999875 -15.8983 9.60228 209.873 0.0081918 0.0324227 0.999293 2.1327 -1.85922 7.58491 1.66272 55.8991 -15.8662 9.06953 210.118 0.0014024 0.0158044 0.999874 
4901365 -16.3702 8.09867 210.116 0.00152428 0.0151659 0.999884 -16.3823 8.59885 210.009 0.00850635 0.0343653 0.999252 2.13528 -1.8618 7.65159 1.72075 55.853 -16.3701 8.09967 210.116 0.00154472 0.015213 0.999883 
4989617 -16.8065 7.15005 210.107 0.00166269 0.01438 0.999895 -16.8525 7.82516 210.03 0.00805372 0.0353588 0.999239 2.13729 -1.86525 7.72303 1.77619 55.799 -16.8065 7.15138 210.107 0.00168053 0.0144287 0.999894 
5076637 -17.2064 6.13946 210.103 0.00164539 0.0139239 0.999902 -17.0962 6.91905 210.05 0.00679575 0.037725 0.999209 2.13873 -1.86841 7.78176 1.8348 55.7578 -17.2061 6.14095 210.103 0.00165955 0.0139761 0.999901 
5166246 -17.5335 5.15727 210.097 0.00162271 0.0133824 0.999909 -17.5715 5.81621 210.077 0.00558916 0.0381353 0.999215 2.13988 -1.87186 7.8405 1.89053 55.7149 -17.5334 5.15981 210.097 0.00164424 0.0134865 0.999908 
5251893 -17.8337 4.10601 210.09 0.00165427 0.0125322 0.99992 -17.8231 4.81465 210.1 0.00475587 0.0387739 0.999091 2.14045 -1.87645 7.91988 1.94913 55.6578 -17.8336 4.10728 210.09 0.00166264 0.0125847 0.999919 
5341567 -18.0571 3.09806 210.083 0.0015329 0.0116502 0.999931 -18.069 3.81626 210.122 0.00330092 0.0390711 0.999103 2.14074 -1.88105 7.9675 2.00429 55.626 -18.0569 3.10045 210.084 0.00154311 0.0117548 0.99993 
5427381 -18.2446 2.03968 210.07 0.00140266 0.010813 0.999941 -18.2093 2.70917 210.145 0.00206346 0.0386276 0.999127 2.14017 -1.88593 8.02783 2.06203 55.5784 -18.2444 2.04082 210.071 0.0014054 0.0108638 0.99994 
5516255 -18.3543 1.04432 210.058 0.0013421 0.0101983 0.999947 -18.3489 1.59761 210.056 0.000590852 0.038437 0.999148 2.13988 -1.88995 8.07704 2.11575 55.5387 -18.354 1.04623 210.059 0.00134203 0.0102975 0.999946 
5601414 -18.4142 -0.0041916 210.051 0.00124477 0.00956676 0.999953 -18.4862 0.606626 210.077 -0.000542277 0.0375012 0.99918 2.13931 -1.89426 8.1199 2.17205 55.5101 -18.4142 -0.00320221 210.051 0.00124301 0.00961424 0.999953 
5690777 -18.4042 -0.998335 210.043 0.00130665 0.00888675 0.99996 -18.5103 -0.500146 210.098 -0.00228531 0.0365876 0.999218 2.13931 -1.89828 8.15483 2.22491 55.4847 -18.4043 -0.996677 210.044 0.0012976 0.00897808 0.999959 
5776362 -18.3282 -2.04621 210.032 0.00138568 0.00827063 0.999965 -18.5339 -1.4964 210.118 -0.00365799 0.0357827 0.99925 2.13959 -1.90231 8.17864 2.28064 55.4625 -18.3284 -2.04536 210.032 0.00137899 0.00831487 0.999964 
5864709 -18.1936 -3.04136 210.021 0.00149762 0.00717585 0.999973 -18.4457 -2.49105 210.136 -0.00505273 0.0343679 0.999294 2.14017 -1.9069 8.18816 2.33321 55.453 -18.1941 -3.03963 210.022 0.00148393 0.00726649 0.999972 
5950914 -17.9955 -4.06884 210.014 0.00171952 0.00670186 0.999976 -18.2468 -3.60934 210.155 -0.00678253 0.0338202 0.999326 2.14074 -1.91064 8.20404 2.38866 55.4371 -17.9958 -4.06814 210.014 0.00170864 0.00674418 0.999976 
6038577 -17.766 -5.02482 210.004 0.00191401 0.00608077 0.99998 -18.0558 -4.72044 210.062 -0.00781574 0.0322701 0.999368 2.14074 -1.91466 8.21356 2.44065 55.4276 -17.7664 -5.02436 210.004 0.0019016 0.00612095 0.999979 
6126436 -17.472 -6.01721 209.996 0.00204007 0.00544908 0.999983 -17.737 -5.6119 210.187 -0.00944562 0.0311082 0.99941 2.14045 -1.91868 8.21515 2.49552 55.426 -17.4723 -6.0166 209.997 0.00202561 0.00548803 0.999983 
6214714 -17.1234 -6.9501 209.991 0.00245564 0.00484169 0.999985 -17.42 -6.5156 210.088 -0.0111666 0.0308044 0.999436 2.14103 -1.9227 8.21674 2.5478 55.4244 -17.124 -6.9489 209.992 0.00242184 0.00492011 0.999985 
6300700 -16.7096 -7.90889 209.985 0.00276454 0.00439167 0.999987 -17.1076 -7.52065 210.105 -0.012676 0.0296357 0.999355 2.14132 -1.92672 8.21674 2.60296 55.4244 -16.7101 -7.90832 209.985 0.00274535 0.0044298 0.999986 
6388034 -16.2733 -8.79642 209.978 0.00313739 0.00391747 0.999987 -16.6798 -8.42053 210.117 -0.014175 0.0287132 0.999391 2.14132 -1.93075 8.21674 2.65524 55.4244 -16.2738 -8.79587 209.978 0.00311603 0.00395494 0.999987 
6476290 -15.7479 -9.6975 209.974 0.00361308 0.00365833 0.999987 -16.1336 -9.32357 210.128 -0.0164104 0.0276955 0.999437 2.14218 -1.93448 8.21515 2.71011 55.4244 -15.7484 -9.69695 209.974 0.00358808 0.00369462 0.999987 
6564677 -15.2149 -10.5303 209.958 0.003987 0.00320601 0.999987 -15.7061 -10.1072 210.137 -0.0174392 0.0262674 0.999477 2.14218 -1.9385 8.20245 2.7624 55.4244 -15.216 -10.5292 209.958 0.00393385 0.00327575 0.999987 
6650708 -14.5837 -11.3907 209.944 0.00462652 0.00278535 0.999985 -15.0554 -11.0174 210.036 -0.0190618 0.025347 0.999392 2.14275 -1.9431 8.19134 2.81841 55.4244 -14.5842 -11.3901 209.944 0.00459678 0.00281956 0.999985 
6737845 -13.9527 -12.1674 209.937 0.00531848 0.00244039 0.999983 -14.5152 -11.8051 210.045 -0.0202125 0.0239234 0.999433 2.14304 -1.9477 8.18816 2.87098 55.4276 -13.9534 -12.1668 209.937 0.00528639 0.00247379 0.999983 
6826201 -13.2283 -12.9544 209.925 0.0062698 0.00193757 0.999978 -13.7472 -12.5978 210.162 -0.0217337 0.0223911 0.999481 2.14361 -1.95315 8.1707 2.92671 55.4355 -13.2289 -12.9539 209.925 0.00623408 0.00197002 0.999979 
6914439 -12.5243 -13.6579 209.916 0.00703207 0.0014721 0.999974 -13.0991 -13.3905 210.059 -0.0226464 0.0208342 0.999399 2.14333 -1.95832 8.15165 2.979 55.4498 -12.5258 -13.6572 209.916 0.0069557 0.00153477 0.999975 
7001734 -11.779 -14.3174 209.909 0.0076219 0.0011895 0.99997 -12.3328 -14.0714 210.063 -0.0236884 0.0190402 0.999446 2.14333 -1.96321 8.12149 3.03128 55.4736 -11.7798 -14.3171 209.909 0.00758082 0.00121879 0.999971 
7088066 -10.9501 -14.9582 209.902 0.00835247 0.000868917 0.999965 -11.5717 -14.8649 210.069 -0.024604 0.0173638 0.999489 2.1439 -1.96838 8.07386 3.08586 55.5117 -10.9509 -14.9581 209.902 0.00830819 0.000896839 0.999965 
7176231 -10.0888 -15.5584 209.891 0.00912057 0.000736875 0.999958 -10.6949 -15.5453 210.072 -0.0255432 0.0150751 0.999422 2.14448 -1.97355 8.03735 3.14073 55.5355 -10.0896 -15.5584 209.891 0.00907273 0.000762515 0.999959 
7263487 -9.24562 -16.0659 209.884 0.00952312 0.000995239 0.999954 -9.81766 -16.1208 210.073 -0.0260885 0.0135073 0.999459 2.14563 -1.97757 8.0056 3.19215 55.5546 -9.24642 -16.066 209.884 0.00947277 0.00101939 0.999955 
7351618 -8.38714 -16.5438 209.872 0.00971266 0.00109954 0.999952 -8.93183 -16.5839 210.071 -0.0271261 0.0118353 0.999504 2.14563 -1.98159 7.96909 3.24415 55.5752 -8.3879 -16.5439 209.872 0.00965939 0.00112238 0.999953 
7437945 -7.4424 -16.9707 209.869 0.00981633 0.00134594 0.999951 -8.04943 -17.0479 210.07 -0.0277948 0.0102696 0.999419 2.14706 -1.98533 7.90717 3.29844 55.6228 -7.44327 -16.9709 209.87 0.00976044 0.00136713 0.999951 
7525840 -6.55245 -17.3182 209.865 0.00903247 0.00155473 0.999958 -7.05625 -17.5092 210.179 -0.0282358 0.00820946 0.999464 2.14792 -1.98676 7.83098 3.34958 55.6768 -6.55405 -17.3189 209.866 0.00892139 0.00158916 0.999959 
7613448 -5.56206 -17.643 209.857 0.00915114 0.00182954 0.999956 -6.06052 -17.8646 210.173 -0.0286635 0.00651524 0.999502 2.14965 -1.99079 7.76748 3.40416 55.7149 -5.56279 -17.6434 209.857 0.00909308 0.00184414 0.999957 
7701268 -4.62122 -17.8847 209.853 0.00861818 0.00214045 0.999961 -5.06604 -18.2233 210.168 -0.028956 0.00518248 0.999531 2.15166 -1.9928 7.69763 3.45529 55.7578 -4.62271 -17.8858 209.854 0.00850127 0.00216445 0.999962 
7787848 -3.61392 -18.0991 209.838 0.00830866 0.00226131 0.999963 -4.0715 -18.4591 210.273 -0.0286753 0.00284945 0.99945 2.15309 -1.99596 7.61984 3.50959 55.7975 -3.61462 -18.0997 209.838 0.00825018 0.00226873 0.999963 
7875899 -2.66796 -18.2563 209.82 0.0079987 0.00228207 0.999965 -3.07631 -18.7039 210.266 -0.0286107 0.00125944 0.999479 2.15396 -1.99883 7.55157 3.56043 55.8276 -2.66925 -18.2579 209.822 0.00787933 0.00229229 0.999966 
7963186 -1.65053 -18.3637 209.8 0.00738727 0.0024702 0.99997 -1.96421 -18.8356 210.255 -0.0286901 -0.000935975 0.999522 2.15539 -2.00113 7.48966 3.61473 55.8435 -1.651 -18.3645 209.801 0.007329 0.00247046 0.99997 
8051850 -0.681904 -18.3958 209.788 0.00711627 0.00283819 0.999971 -1.00714 -18.9719 210.245 -0.0240931 -0.00220005 0.999613 2.15798 -2.004 7.42775 3.66529 55.8657 -0.682893 -18.3978 209.79 0.00701158 0.00283179 0.999971 
8137788 0.346544 -18.3908 209.775 0.0069051 0.00296133 0.999972 0.245729 -18.9059 210.226 -0.0144536 -0.00254611 0.999747 2.1597 -2.00659 7.36584 3.71958 55.8864 0.346427 -18.3917 209.776 0.00687193 0.00295266 0.999972 
8225955 1.28673 -18.3344 209.763 0.00661416 0.00297542 0.999974 1.41769 -18.8369 210.208 -0.00810755 -0.00277231 0.999918 2.16114 -2.00774 7.31345 3.76957 55.9006 1.28714 -18.3361 209.765 0.00657044 0.0029543 0.999974 
8313046 2.29276 -18.233 209.753 0.0065932 0.00289046 0.999974 2.38511 -18.6521 210.081 -0.00346784 -0.00281904 0.999863 2.162 -2.00917 7.26424 3.82329 55.9149 2.29299 -18.2337 209.753 0.00658129 0.00287812 0.999974 
8400611 3.23215 -18.0952 209.747 0.00658228 0.00277752 0.999974 3.48134 -18.4686 210.064 -0.000538805 -0.00292326 0.999952 2.16229 -2.01003 7.22931 3.87413 55.9276 3.23313 -18.0964 209.747 0.00656754 0.00275206 0.999975 
8487352 4.21508 -17.8802 209.747 0.00637127 0.00273738 0.999976 4.47692 -18.1687 210.046 0.00165245 -0.00312514 0.999929 2.16344 -2.01003 7.19121 3.92785 55.9467 4.21561 -17.8807 209.747 0.00636918 0.00272467 0.999976 
8575387 5.13563 -17.6244 209.749 0.00634144 0.00273176 0.999976 5.4705 -17.9872 210.03 0.00362622 -0.00258634 0.999895 2.16458 -2.01032 7.15153 3.9787 55.9705 5.13679 -17.6255 209.75 0.00634361 0.0027088 0.999976 
8662896 6.10623 -17.2828 209.756 0.00627595 0.00282778 0.999976 6.35946 -17.5785 210.012 0.00572196 -0.00205197 0.999859 2.1666 -2.01032 7.10549 4.03328 56.0022 6.10672 -17.2833 209.756 0.00628099 0.00281718 0.999976 
8750376 7.0025 -16.9253 209.761 0.0064248 0.00258178 0.999976 7.36451 -17.1741 209.992 0.00732978 -0.00149985 0.999829 2.16746 -2.01032 7.04358 4.08499 56.0467 7.00317 -16.9257 209.761 0.00643195 0.00257303 0.999976 
8837245 7.91669 -16.5098 209.767 0.00633854 0.00242316 0.999977 8.37022 -16.6604 210.08 0.00944465 -0.000475285 0.999906 2.16803 -2.00946 7.00548 4.13928 56.0737 7.91749 -16.51 209.767 0.00634896 0.0024167 0.999977 
8925369 8.76311 -16.0772 209.77 0.00629644 0.0021323 0.999978 9.27061 -16.2499 210.062 0.0103118 -0.00014046 0.999889 2.16803 -2.00831 6.96896 4.19099 56.0975 8.76396 -16.0775 209.77 0.00630762 0.00212742 0.999978 
9013017 9.63078 -15.5589 209.773 0.00619943 0.0019059 0.999979 10.0634 -15.7272 210.042 0.0111921 0.000560267 0.999865 2.16861 -2.00687 6.92769 4.24586 56.1245 9.6315 -15.5591 209.774 0.00621155 0.0019029 0.999979 
9101037 10.4085 -15.0168 209.778 0.00577071 0.00174053 0.999982 10.8647 -15.0943 210.02 0.0115889 0.00140072 0.999844 2.17004 -2.00458 6.89753 4.29728 56.1419 10.41 -15.0171 209.778 0.00579607 0.00173811 0.999982 
9187289 11.2327 -14.4135 209.783 0.00581833 0.00161951 0.999982 11.6662 -14.4557 209.998 0.0119637 0.00163134 0.999835 2.17004 -2.00343 6.87212 4.35301 56.161 11.2333 -14.4135 209.783 0.00583101 0.0016192 0.999982 
9274470 11.9639 -13.793 209.794 0.00553086 0.00149346 0.999984 12.4675 -13.8205 209.976 0.0123517 0.00222785 0.999819 2.1709 -2.00142 6.85466 4.4053 56.1784 11.9646 -13.793 209.794 0.00554397 0.0014944 0.999984 
9362704 12.7118 -13.108 209.801 0.00543344 0.0013301 0.999984 13.1594 -13.1892 209.956 0.0125266 0.00368702 0.999789 2.1709 -1.99969 6.83879 4.46103 56.1943 12.7125 -13.1081 209.802 0.00544624 0.00133347 0.999984 
9450601 13.38 -12.4041 209.81 0.00514833 0.00123708 0.999986 13.8602 -12.4341 209.933 0.0121651 0.00382231 0.999791 2.17177 -1.99768 6.82609 4.51417 56.207 13.3812 -12.4041 209.81 0.00517253 0.00124485 0.999986 
9537320 14.052 -11.6167 209.814 0.00497876 0.00121677 0.999987 14.4484 -11.6785 210.023 0.0120696 0.00455855 0.999778 2.17263 -1.99596 6.8118 4.57076 56.2134 14.0525 -11.6167 209.814 0.00499059 0.00122169 0.999987 
9624380 14.6567 -10.8346 209.82 0.00485705 0.0013471 0.999987 15.0428 -10.809 209.999 0.0115905 0.00482024 0.999779 2.1732 -1.99481 6.81021 4.62477 56.2134 14.6572 -10.8346 209.82 0.00486796 0.00135224 0.999987 
9712610 15.2405 -9.99072 209.825 0.00465579 0.00128276 0.999988 15.5238 -10.0505 209.978 0.0108821 0.00545905 0.999898 2.17349 -1.99308 6.81021 4.68136 56.2134 15.2409 -9.99079 209.825 0.00466555 0.00128879 0.999988 
9799884 15.7481 -9.16162 209.83 0.00447204 0.00118136 0.999989 16.1221 -9.07287 209.952 0.0104163 0.00608664 0.999891 2.17378 -1.99136 6.80863 4.73508 56.215 15.7491 -9.16144 209.83 0.00449015 0.0011952 0.999989 
9888206 16.2033 -8.30154 209.836 0.00421671 0.00115252 0.99999 16.4948 -8.19427 210.042 0.00994157 0.0064703 0.99989 2.17464 -1.98964 6.80863 4.78852 56.215 16.2036 -8.30139 209.837 0.00422531 0.0011599 0.99999 
9974339 16.6503 -7.35534 209.843 0.00408535 0.00112795 0.999991 16.9813 -7.31631 210.02 0.00907887 0.00625744 0.999904 2.17493 -1.9882 6.80863 4.84626 56.215 16.6508 -7.35529 209.843 0.00409284 0.00113505 0.999991 
10062483 17.0424 -6.39375 209.848 0.00399219 0.00112645 0.999991 17.062 -6.40426 210.002 0.00387034 0.0041242 0.999886 2.17493 -1.98705 6.80863 4.90371 56.215 17.0424 -6.39375 209.848 0.00399275 0.00113079 0.999991 
10149751 17.385 -5.46641 209.847 0.00415082 0.00120837 0.999991 17.3266 -5.51596 209.982 0.00287684 0.00367184 0.999907 2.17349 -1.98676 6.80863 4.95887 56.215 17.385 -5.46647 209.847 0.0041498 0.00121193 0.999991 
10237198 17.702 -4.45138 209.847 0.00434886 0.0014868 0.999989 17.5905 -4.51937 209.96 0.00238451 0.00356763 0.999915 2.17177 -1.98705 6.8118 5.01805 56.215 17.7019 -4.45145 209.847 0.00434693 0.00148979 0.999989 
10324199 17.9457 -3.48232 209.851 0.00447284 0.0016751 0.999989 17.8505 -3.63666 210.052 0.0020318 0.00394685 0.999912 2.17004 -1.98705 6.81815 5.07378 56.215 17.9456 -3.48249 209.851 0.00447033 0.0016782 0.999989 
10412504 18.1506 -2.42718 209.849 0.00468847 0.00207143 0.999987 17.9997 -2.63249 210.031 0.00189217 0.00346342 0.999922 2.16803 -1.98763 6.81974 5.13353 56.2134 18.1504 -2.4274 209.849 0.00468553 0.00207343 0.999987 
10499567 18.2792 -1.42979 209.852 0.00462683 0.00238704 0.999986 18.0424 -1.5139 210.009 0.00163497 0.0031064 0.999932 2.1666 -1.98791 6.83561 5.18926 56.2039 18.2789 -1.42987 209.852 0.00462367 0.00238822 0.999986 
10587253 18.4314 -0.37664 209.845 0.00531539 0.00363433 0.999979 18.0802 -0.626426 209.991 0.00104271 0.00361647 0.99993 2.16085 -1.99136 6.85308 5.24872 56.1959 18.431 -0.376892 209.845 0.00531084 0.00363459 0.999979 
10674124 18.406 0.631573 209.859 0.0048192 0.00286006 0.999984 18.0094 0.380077 209.973 0.000559193 0.00375619 0.999933 2.16114 -1.9882 6.87847 5.30503 56.1848 18.4056 0.631325 209.86 0.00481478 0.00286125 0.999984 
10762550 18.3988 1.63122 209.867 0.00500662 0.00293707 0.999983 17.9369 1.39451 210.066 0.000419565 0.00327276 0.999944 2.1574 -1.98791 6.91023 5.36162 56.1737 18.3983 1.63099 209.867 0.00500195 0.00293758 0.999983 
10849524 18.3152 2.68366 209.87 0.00497181 0.00294892 0.999983 17.8643 2.50707 210.046 0.000568017 0.00400013 0.999928 2.15453 -1.98734 6.94991 5.4208 56.1467 18.3147 2.6835 209.87 0.00496744 0.00295011 0.999983 
10937548 18.1911 3.64835 209.867 0.00518156 0.00249364 0.999983 17.5744 3.41214 210.032 -0.000778192 0.003927 0.999946 2.15108 -1.98533 6.99119 5.47624 56.1134 18.1905 3.64813 209.867 0.00517574 0.00249508 0.999983 
11023967 18.0024 4.66887 209.868 0.00550559 0.00219631 0.999982 17.3761 4.32297 210.017 3.59725e-005 0.00279821 0.999958 2.14735 -1.9836 7.0277 5.53513 56.088 18.0018 4.66854 209.868 0.00550033 0.00219688 0.999982 
11112376 17.7708 5.59911 209.871 0.00579752 0.00137805 0.999982 16.9753 5.34149 210.002 -0.000935468 0.0029557 0.999966 2.14419 -1.98044 7.08485 5.59 56.0467 17.7694 5.59868 209.871 0.00578494 0.00138088 0.999982 
11199518 17.4894 6.57328 209.872 0.0062909 0.000943938 0.99998 16.5666 6.36256 209.988 -0.00106186 0.00283817 0.99997 2.13959 -1.97815 7.14041 5.64803 56.0086 17.4886 6.57308 209.872 0.00628409 0.000945692 0.99998 
11287339 17.166 7.48358 209.877 0.00680369 0.000446708 0.999977 16.2701 7.27244 209.975 -0.00169531 0.0022482 0.999867 2.13557 -1.97556 7.19915 5.7029 55.9705 17.1643 7.48305 209.877 0.00678778 0.00044864 0.999977 
11373895 16.7662 8.41545 209.885 0.00749773 -0.000194744 0.999972 15.744 8.07104 209.966 -0.00205243 0.00250545 0.999866 2.13184 -1.97211 7.25312 5.76064 55.9372 16.7652 8.41512 209.886 0.00748898 -0.00019207 0.999972 
11461151 16.3477 9.28803 209.897 0.00785631 -0.000339999 0.999969 15.3323 8.98177 209.842 -0.00243602 0.0020309 0.99988 2.1281 -1.97039 7.31821 5.81493 55.9022 16.3457 9.28749 209.897 0.00783734 -0.000335262 0.999969 
11549409 15.868 10.1818 209.921 0.00822735 -0.000717985 0.999966 14.7974 9.78977 209.833 -0.00185258 0.0012769 0.999887 2.12379 -1.96809 7.41505 5.8721 55.8546 15.8669 10.1814 209.921 0.00821791 -0.000715704 0.999966 
11638030 15.355 11.022 209.941 0.0085017 -0.000794341 0.999964 14.2714 10.5929 209.824 -0.00222735 0.00104629 0.999896 2.11977 -1.96666 7.50078 5.92697 55.8133 15.3528 11.0212 209.941 0.00848136 -0.000789811 0.999964 
11723814 14.7644 11.8535 209.959 0.0088177 -0.000867491 0.999961 13.7455 11.396 209.815 -0.00260212 0.000815669 0.999905 2.11632 -1.96493 7.57539 5.98327 55.78 14.7633 11.853 209.959 0.00880656 -0.000865244 0.999961 
11810905 14.1591 12.6135 209.972 0.00889654 -0.000735505 0.99996 13.107 12.2089 209.808 -0.00287697 -2.92226e-005 0.999925 2.11345 -1.96407 7.64206 6.03613 55.7466 14.1567 12.6127 209.972 0.00887309 -0.000733278 0.99996 
11899240 13.4617 13.3739 209.991 0.00887934 -0.00064776 0.99996 12.5662 12.9146 209.801 -0.00208486 -0.00176784 0.999948 2.11144 -1.96321 7.7008 6.09158 55.726 13.4606 13.3734 209.991 0.00886822 -0.000649063 0.99996 
11987364 12.7588 14.0865 210.012 0.00865715 -0.000324187 0.999962 11.9144 13.5113 209.91 -0.00164694 -0.00312957 0.999847 2.10857 -1.9635 7.76589 6.1453 55.7038 12.7578 14.0859 210.012 0.00864648 -0.000327893 0.999963 
12073572 11.9669 14.7713 210.023 0.00848737 -0.000559458 0.999964 11.1463 14.1113 209.908 -0.000846012 -0.00462425 0.999866 2.10742 -1.96263 7.84209 6.20103 55.6593 11.9659 14.7706 210.023 0.00847775 -0.000564893 0.999964 
12160783 11.1813 15.3964 210.033 0.00840462 -0.000365583 0.999965 10.3817 14.7123 209.906 -0.000415439 -0.00622759 0.999891 2.10512 -1.96263 7.89447 6.25475 55.6339 11.1794 15.3949 210.032 0.00838607 -0.000382012 0.999965 
12249426 10.3071 16.0071 210.041 0.00815711 -0.000429631 0.999967 9.60962 15.1972 210.017 0.000529531 -0.00711687 0.999897 2.1034 -1.96263 7.96274 0.0281525 55.5943 10.3062 16.0062 210.04 0.00814932 -0.000439126 0.999967 
12338577 9.43827 16.5412 210.043 0.00784007 -0.00031882 0.999969 8.84383 15.7971 210.015 0.0010865 -0.00860268 0.999918 2.10196 -1.96321 8.00719 0.0818722 55.5657 9.43663 16.5396 210.043 0.00782679 -0.000342762 0.999969 
12423972 8.53683 17.034 210.042 0.007538 -0.000320569 0.999972 7.95924 16.1688 210.019 0.00155678 -0.00910831 0.999922 2.10024 -1.96378 8.05958 0.136166 55.5276 8.53604 17.0331 210.042 0.00753246 -0.000333462 0.999972 
12512026 7.56782 17.4926 210.041 0.00733161 -0.000463741 0.999973 6.96396 16.662 210.023 0.00236946 -0.0102394 0.999812 2.0988 -1.96407 8.11673 0.192759 55.4847 7.56697 17.4917 210.041 0.00732758 -0.000478338 0.999973 
12598981 6.57157 17.8985 210.039 0.00704992 -0.000393505 0.999975 6.07828 17.0349 210.026 0.00295731 -0.0108715 0.999817 2.09708 -1.96493 8.15483 0.249351 55.4561 6.57085 17.8974 210.038 0.0070472 -0.000409277 0.999975 
12686245 5.61158 18.2167 210.031 0.00682826 -0.000511136 0.999977 5.19478 17.4055 210.03 0.00331002 -0.0112507 0.99982 2.09621 -1.96551 8.18816 0.302209 55.4244 5.61097 18.2158 210.03 0.00682648 -0.000527125 0.999977 
12773912 4.5499 18.5324 210.021 0.00528716 -0.000260485 0.999986 4.19231 17.6687 210.037 0.00402868 -0.0116432 0.999819 2.0942 -1.9701 8.21515 0.358801 55.399 4.54936 18.5313 210.021 0.00528839 -0.000278324 0.999986 
12860791 3.58438 18.7325 210.017 0.00601304 -0.000307551 0.999982 3.19088 17.9297 210.044 0.00463417 -0.0117874 0.999814 2.09277 -1.96838 8.23261 0.411659 55.3815 3.58378 18.7315 210.017 0.00601429 -0.000324868 0.999982 
12948630 2.58642 18.8841 210.015 0.0058865 -0.000333809 0.999983 2.19161 18.1871 210.051 0.00500894 -0.0115568 0.999805 2.09219 -1.96895 8.24055 0.464229 55.3736 2.58583 18.8833 210.015 0.0058883 -0.000350308 0.999983 
13036185 1.51887 18.984 210.015 0.00564346 -0.00036645 0.999984 1.18712 18.3319 210.061 0.0055101 -0.0112086 0.999793 2.09219 -1.96982 8.24055 0.519673 55.3736 1.51837 18.9832 210.015 0.00564601 -0.000381972 0.999984 
13123808 0.450785 19.0157 210.016 0.00538134 -0.000544723 0.999985 0.291137 18.3577 210.07 0.005904 -0.0104878 0.999896 2.09305 -1.97068 8.24055 0.574541 55.3736 0.450524 19.0149 210.016 0.00538437 -0.000558463 0.999985 
13210658 -0.565606 18.986 210.014 0.00512891 -0.000793774 0.999987 -0.713309 18.5037 210.079 0.00640075 -0.0102616 0.999886 2.09449 -1.97154 8.23579 0.626537 55.3736 -0.565828 18.9854 210.014 0.00513261 -0.000806451 0.999987 
13298671 -1.58862 18.8886 210.007 0.00496975 -0.00111497 0.999987 -1.72477 18.4243 210.093 0.00678434 -0.00978708 0.999872 2.09708 -1.97211 8.22309 0.678821 55.3736 -1.58901 18.8876 210.008 0.0049775 -0.00113703 0.999987 
13386009 -2.66846 18.745 209.999 0.00449347 -0.00138091 0.999989 -2.73965 18.3485 209.995 0.00738983 -0.00993124 0.999867 2.09851 -1.97384 8.21198 0.734551 55.3736 -2.66856 18.7445 209.999 0.00449856 -0.00139166 0.999989 
13473460 -3.66965 18.552 209.986 0.00412509 -0.00158271 0.99999 -3.75363 18.1642 210.123 0.00775578 -0.00994456 0.999863 2.09995 -1.97527 8.19293 0.786835 55.3736 -3.66976 18.5516 209.987 0.00413081 -0.00159298 0.99999 
13560747 -4.72661 18.298 209.974 0.00339914 -0.0018178 0.999993 -4.77434 17.8642 210.029 0.00812172 -0.00995788 0.999859 2.10081 -1.97786 8.16911 0.842565 55.3783 -4.72669 18.2976 209.974 0.00340598 -0.00182775 0.999993 
13649247 -5.71383 18.006 209.964 0.0027999 -0.00199606 0.999994 -5.6862 17.4507 210.048 0.00848767 -0.0099712 0.999855 2.1011 -1.98016 8.1453 0.89571 55.3863 -5.71386 18.0049 209.965 0.00281551 -0.00201551 0.999994 
13736138 -6.73639 17.6481 209.956 0.00211156 -0.00232981 0.999995 -6.70679 17.1505 210.066 0.00898442 -0.00974502 0.999845 2.10081 -1.98303 8.12942 0.951728 55.3879 -6.73638 17.6475 209.956 0.0021208 -0.00233905 0.999995 
13823838 -7.68522 17.2584 209.946 0.00143826 -0.00265583 0.999995 -7.61759 16.7347 210.085 0.00923721 -0.00950997 0.999837 2.10024 -1.9859 8.11038 1.00487 55.3911 -7.6851 17.2573 209.946 0.001459 -0.00267327 0.999995 
13910502 -8.63902 16.7905 209.933 0.00131812 -0.0027231 0.999995 -8.52836 16.32 210.104 0.00948558 -0.00939688 0.999832 2.09995 -1.98705 8.08656 1.0606 55.3942 -8.63891 16.79 209.934 0.0013288 -0.00273149 0.999995 
13998986 -9.53142 16.3019 209.922 0.000817357 -0.00292298 0.999995 -9.44682 15.7906 210.014 0.00998233 -0.0091707 0.999822 2.09909 -1.98935 8.05799 1.11375 55.4037 -9.53133 16.3008 209.923 0.000841287 -0.00293908 0.999995 
14086012 -10.4229 15.7266 209.917 0.000702214 -0.0030521 0.999995 -10.1345 15.3678 210.03 0.0102307 -0.00905761 0.999816 2.09937 -1.9905 8.02306 1.16919 55.4228 -10.4226 15.7263 209.917 0.000714405 -0.00305967 0.999995 
14173848 -11.2435 15.1319 209.913 0.000910179 -0.00293549 0.999995 -11.0558 14.7245 210.053 0.0107451 -0.00834357 0.999797 2.09937 -1.9905 7.99766 1.22291 55.4355 -11.243 15.131 209.913 0.000934679 -0.00294884 0.999995 
14260421 -12.0839 14.4544 209.906 0.00077306 -0.00316586 0.999995 -11.862 14.0815 210.075 0.0108759 -0.00810407 0.99979 2.09937 -1.99194 7.96909 1.2795 55.4482 -12.0836 14.454 209.907 0.000785539 -0.00317194 0.999995 
14348259 -12.8177 13.7825 209.898 0.00126933 -0.00250139 0.999996 -12.5566 13.4356 210.096 0.0110023 -0.00798654 0.999787 2.09909 -1.99021 7.93892 1.33322 55.4593 -12.8172 13.7817 209.898 0.00129249 -0.00251405 0.999996 
14435807 -13.5745 13.0253 209.889 0.00115609 -0.00224293 0.999997 -13.3703 12.6812 210.12 0.0114991 -0.00776037 0.999776 2.09823 -1.9905 7.89765 1.39039 55.4784 -13.5743 13.0249 209.889 0.00116826 -0.00224923 0.999997 
14524697 -14.2165 12.2791 209.88 0.00153252 -0.00137855 0.999998 -13.9563 11.9175 210.142 0.0115123 -0.00739447 0.999769 2.09851 -1.9882 7.85479 1.44354 55.4974 -14.216 12.2783 209.88 0.00155621 -0.00139107 0.999998 
14610181 -14.8727 11.4524 209.869 0.00166629 -0.000815111 0.999998 -14.6592 11.0451 210.166 0.0116534 -0.00690871 0.99988 2.09794 -1.98705 7.82304 1.50041 55.5053 -14.8725 11.452 209.869 0.00167712 -0.00082147 0.999998 
14698108 -15.4387 10.6447 209.854 0.00186307 -1.72514e-005 0.999998 -15.2486 10.2825 210.188 0.0120282 -0.00667809 0.999871 2.09765 -1.98504 7.79129 1.55385 55.5085 -15.4385 10.6443 209.854 0.0018737 -2.39937e-005 0.999998 
14785431 -15.9887 9.76769 209.839 0.00196876 0.000907002 0.999998 -15.7361 9.28622 210.101 0.0124206 -0.0059596 0.999853 2.09708 -1.98274 7.75954 1.61015 55.5117 -15.9885 9.7672 209.839 0.00197933 0.000900163 0.999998 
14873815 -16.4656 8.90927 209.826 0.00190815 0.00140706 0.999997 -16.2095 8.51719 210.122 0.0123162 -0.0054673 0.999845 2.09679 -1.98159 7.73096 1.66301 55.5165 -16.4651 8.90846 209.827 0.00192977 0.00139389 0.999997 
14960097 -16.9155 7.97199 209.815 0.00189533 0.0022461 0.999996 -16.6944 7.52523 210.146 0.0125779 -0.00498831 0.999832 2.09679 -1.9793 7.69921 1.71932 55.5228 -16.9153 7.97155 209.815 0.00190564 0.00223899 0.999996 
15047178 -17.3019 7.05572 209.804 0.00174792 0.00246182 0.999995 -17.0659 6.64423 210.168 0.0130702 -0.0048841 0.999824 2.09679 -1.97872 7.67381 1.77246 55.5244 -17.3017 7.05531 209.804 0.00175875 0.00245461 0.999995 
15135493 -17.6625 6.0612 209.79 0.00150796 0.00259549 0.999995 -17.4395 5.6449 210.08 0.0132142 -0.0042787 0.999811 2.0965 -1.97843 7.64683 1.82905 55.5244 -17.6623 6.0608 209.79 0.00151915 0.00258871 0.999995 
15223187 -17.961 5.12102 209.787 0.0012835 0.00268325 0.999996 -17.7002 4.64365 210.102 0.0133583 -0.0036733 0.999798 2.09507 -1.97843 7.63412 1.8822 55.526 -17.9605 5.12003 209.787 0.00130692 0.00267053 0.999996 
15309937 -18.2163 4.106 209.779 0.00107306 0.00269102 0.999996 -17.9619 3.64698 210.124 0.0136066 -0.00356021 0.999793 2.0942 -1.97843 7.61508 1.93822 55.526 -18.2161 4.10554 209.779 0.00108531 0.0026846 0.999996 
15397243 -18.4082 3.13191 209.768 0.000796449 0.00260207 0.999996 -18.1091 2.63827 210.034 0.0133892 -0.00281953 0.999781 2.09305 -1.97872 7.59285 1.99136 55.526 -18.408 3.13141 209.768 0.000808939 0.00259638 0.999996 
15484435 -18.5505 2.15577 209.769 0.000705356 0.00240097 0.999997 -18.2589 1.52244 210.057 0.0131628 -0.00232278 0.999774 2.09191 -1.9793 7.58491 2.04393 55.5276 -18.5503 2.15511 209.769 0.000717873 0.0023959 0.999997 
15574801 -18.6364 1.10746 209.767 0.000667187 0.0022448 0.999997 -18.2941 0.516393 210.076 0.0130497 -0.00207441 0.999771 2.09162 -1.97958 7.57221 2.09966 55.5292 -18.6361 1.10685 209.767 0.000679641 0.00224015 0.999997 
15661179 -18.6721 0.114454 209.764 0.000577274 0.00202953 0.999998 -18.3261 -0.492073 210.095 0.0125809 -0.00156645 0.999889 2.09047 -1.98016 7.5611 2.15252 55.5292 -18.6718 0.113807 209.765 0.000589513 0.00202555 0.999998 
15747726 -18.6369 -0.912383 209.758 0.000480568 0.00202029 0.999998 -18.2504 -1.61384 210.115 0.0121018 -0.00130476 0.99989 2.09076 -1.97987 7.53888 2.20681 55.5323 -18.6366 -0.913126 209.758 0.00049232 0.00201664 0.999998 
15834453 -18.5575 -1.89068 209.753 0.000191624 0.00180277 0.999998 -18.1732 -2.62729 210.022 0.0117491 -0.000925538 0.999887 2.09018 -1.98016 7.50395 2.25881 55.5466 -18.5572 -1.89148 209.753 0.00020344 0.00179974 0.999998 
15922463 -18.4062 -2.90149 209.753 0.000167724 0.00183642 0.999998 -18.0928 -3.52248 210.038 0.0116227 -0.00104307 0.999891 2.09133 -1.97958 7.48173 2.31253 55.5577 -18.406 -2.90216 209.753 0.000179204 0.00183334 0.999998 
16010412 -18.1714 -3.87756 209.752 0.000575749 0.00181514 0.999998 -17.9005 -4.53908 210.055 0.0110304 -0.000532999 0.999888 2.09621 -1.97901 7.45791 2.36366 55.5688 -18.1712 -3.87821 209.753 0.000585493 0.00181293 0.999998 
16096966 -17.9423 -4.86816 209.751 0.000243619 0.00160848 0.999999 -17.715 -5.5543 210.072 0.0111656 -0.000171537 0.99988 2.09449 -1.9793 7.43093 2.41824 55.5816 -17.9421 -4.86886 209.751 0.000254078 0.00160677 0.999999 
16184672 -17.635 -5.80186 209.748 5.82145e-006 0.00153392 0.999999 -17.4062 -6.46565 209.975 0.0103294 0.000347409 0.99988 2.09621 -1.97872 7.38489 2.46995 55.6069 -17.6347 -5.80321 209.749 2.5329e-005 0.00153193 0.999999 
16272377 -17.2536 -6.77823 209.758 -0.000180263 0.00123165 0.999999 -16.9856 -7.37662 209.987 0.00960634 0.000617981 0.999883 2.09823 -1.97872 7.32932 2.52482 55.653 -17.2534 -6.77883 209.758 -0.000171097 0.00123138 0.999999 
16359843 -16.8414 -7.66608 209.764 -0.000376779 0.00120519 0.999999 -16.565 -8.28759 209.999 0.00888328 0.000888553 0.999887 2.10081 -1.97786 7.2817 2.57624 55.6895 -16.8412 -7.66669 209.764 -0.000368192 0.00120534 0.999999 
16446837 -16.3503 -8.59993 209.767 -0.000377479 0.000841645 1 -16.1433 -9.20087 210.011 0.00804705 0.0014075 0.999887 2.1034 -1.97815 7.2309 2.6314 55.7244 -16.3502 -8.60052 209.767 -0.000369702 0.000842795 1 
16535013 -15.8429 -9.44013 209.773 -0.000533387 0.000712711 1 -15.6133 -10.1124 210.022 0.00755471 0.00130329 0.999895 2.10598 -1.97757 7.18169 2.68311 55.7609 -15.8425 -9.44136 209.773 -0.000518358 0.000715311 1 
16622293 -15.2528 -10.3039 209.781 -0.000675016 0.000543118 1 -14.9644 -10.9178 210.03 0.00670084 0.00133437 0.999905 2.10885 -1.977 7.12771 2.73826 55.8038 -15.2526 -10.3045 209.781 -0.000668094 0.000544784 1 
16710036 -14.6562 -11.0879 209.782 -0.000667492 0.00039775 1 -14.4315 -11.7177 210.039 0.00633049 0.00122572 0.999911 2.11144 -1.97671 7.08803 2.79026 55.8276 -14.656 -11.0891 209.782 -0.000654292 0.000401318 1 
16796713 -13.985 -11.8853 209.784 -0.000662879 0.000384724 1 -13.7831 -12.409 209.932 0.00582491 0.000755607 0.999927 2.11374 -1.97614 7.05945 2.8457 55.8467 -13.9848 -11.8858 209.784 -0.000656758 0.000386011 1 
16884439 -13.2995 -12.6042 209.796 -0.000525244 0.000348722 1 -13.0283 -13.2182 209.939 0.00558095 0.000764486 0.999929 2.11661 -1.97585 7.03246 2.89827 55.8736 -13.2992 -12.6054 209.796 -0.000513642 0.000351385 1 
16972262 -12.5288 -13.316 209.805 -0.000410803 0.000366357 1 -12.2694 -13.9136 209.943 0.00532816 0.00052943 0.999937 2.12035 -1.97527 6.99913 2.95372 55.9022 -12.5286 -13.3165 209.805 -0.000405258 0.00036737 1 
17059877 -11.7706 -13.966 209.813 -0.000174954 0.000224357 1 -11.5076 -14.4985 209.945 0.00520177 0.000411903 0.999941 2.12236 -1.97556 6.97531 3.00686 55.9229 -11.7703 -13.9665 209.813 -0.000169732 0.000225301 1 
17146604 -10.9391 -14.5981 209.818 2.06806e-005 0.000179673 1 -10.6394 -15.1979 209.948 0.00519295 0.000167968 0.999945 2.12465 -1.97556 6.95309 3.06259 55.9403 -10.9389 -14.5986 209.819 2.57603e-005 0.000180288 1 
17233889 -10.12 -15.1555 209.825 0.000283303 0.000103379 1 -9.87584 -15.6713 209.947 0.00531052 4.15612e-005 0.999946 2.12667 -1.97585 6.93245 3.11545 55.9578 -10.1195 -15.1565 209.825 0.000293353 0.000104225 1 
17322202 -9.21849 -15.6983 209.841 0.000602186 -0.000119042 1 -8.89207 -16.2632 209.947 0.00530169 -0.000202373 0.999951 2.12868 -1.97642 6.89911 3.17147 55.9911 -9.21819 -15.6988 209.841 0.000606966 -0.000118726 1 
17409295 -8.34477 -16.1549 209.85 0.000778777 -0.000417457 1 -7.90422 -16.7424 209.944 0.00528846 -0.000568275 0.999958 2.13069 -1.97671 6.85149 3.22404 56.0308 -8.34399 -16.1559 209.851 0.000788306 -0.000417 1 
17497111 -7.45573 -16.567 209.865 0.00110999 -0.000673701 0.999999 -6.91683 -17.1088 209.94 0.00575726 -0.00107623 0.99984 2.13241 -1.97728 6.81339 3.27632 56.0689 -7.45521 -16.5675 209.865 0.00111506 -0.000673952 0.999999 
17584969 -6.50922 -16.9344 209.878 0.00078765 -0.00068051 0.999999 -6.04224 -17.4745 209.937 0.00636275 -0.0012204 0.999836 2.13442 -1.97556 6.77846 3.33148 56.1038 -6.50824 -16.9354 209.878 0.000800062 -0.0006814 0.999999 
17671248 -5.5879 -17.2455 209.892 0.000622509 -0.000917665 0.999999 -5.05372 -17.841 209.932 0.00671105 -0.00172159 0.999841 2.13557 -1.97441 6.73719 3.38434 56.1451 -5.58736 -17.2461 209.892 0.000629707 -0.000918563 0.999999 
17760144 -4.61007 -17.505 209.903 0.00010933 -0.000937582 1 -4.05819 -17.9821 209.922 0.00717251 -0.00247115 0.99985 2.13758 -1.97183 6.70703 3.43978 56.1753 -4.60893 -17.5058 209.903 0.000125725 -0.000941098 1 
17846452 -3.60446 -17.7179 209.912 -0.000260345 -0.00103157 0.999999 -3.06823 -18.246 209.915 0.00780006 -0.00200548 0.999833 2.13931 -1.96953 6.68004 3.49608 56.2023 -3.6039 -17.7184 209.912 -0.000249854 -0.00103284 0.999999 
17934301 -2.64452 -17.8639 209.918 -0.00078946 -0.00105163 0.999999 -2.06656 -18.2802 209.904 0.0080352 -0.00225829 0.999835 2.14103 -1.96666 6.66416 3.54952 56.2181 -2.64319 -17.8647 209.918 -0.000765535 -0.00105494 0.999999 
18021635 -1.69864 -17.9772 209.921 -0.0013284 -0.00128995 0.999998 -1.06274 -18.3178 209.892 0.00803961 -0.00213632 0.999833 2.14103 -1.96378 6.65305 3.60266 56.2293 -1.69793 -17.9776 209.921 -0.00131539 -0.00129099 0.999998 
18109341 -0.682186 -18.0425 209.923 -0.00176955 -0.00142737 0.999997 0.0548865 -18.3596 209.88 0.00780006 -0.00200548 0.999833 2.14132 -1.9612 6.65305 3.65925 56.234 -0.681355 -18.0429 209.923 -0.00175612 -0.00142791 0.999997 
18196546 0.353519 -18.0477 209.933 -0.00138246 -0.0012555 0.999998 0.945908 -18.3966 209.87 0.00793969 -0.00152205 0.999822 2.14247 -1.9612 6.66575 3.71527 56.2356 0.354182 -18.048 209.933 -0.00136956 -0.00125576 0.999998 
18283820 1.28696 -17.9886 209.943 -0.00282244 -0.00148321 0.999995 2.06425 -18.328 209.965 0.00820278 -0.00104073 0.999932 2.14361 -1.95516 6.67527 3.76842 56.2372 1.2879 -17.989 209.943 -0.00280642 -0.00148212 0.999995 
18371777 2.24949 -17.8991 209.949 -0.00295153 -0.0016605 0.999994 3.07719 -18.145 209.949 0.00809403 -0.000670385 0.999926 2.14361 -1.95344 6.68321 3.82185 56.2372 2.2505 -17.8994 209.949 -0.00293562 -0.00165857 0.999994 
18459183 3.24538 -17.7364 209.957 -0.00336089 -0.00181935 0.999993 3.97745 -17.9578 209.935 0.00810727 -0.000304483 0.999919 2.14476 -1.95057 6.69274 3.87758 56.2372 3.2463 -17.7367 209.957 -0.00334407 -0.00181659 0.999993 
18546693 4.2002 -17.543 209.964 -0.00323225 -0.00190597 0.999993 4.9956 -17.6621 209.917 0.00787213 -5.16691e-005 0.999917 2.14476 -1.94971 6.70385 3.93101 56.2372 4.2012 -17.5432 209.964 -0.00321644 -0.00190271 0.999993 
18633704 5.19634 -17.2711 209.974 -0.00326803 -0.00193623 0.999993 5.90322 -17.3658 209.9 0.00752824 0.000571486 0.999909 2.14563 -1.94827 6.71972 3.9876 56.2372 5.19724 -17.2712 209.974 -0.00325277 -0.00193215 0.999993 
18721703 6.12712 -16.9599 209.983 -0.00323244 -0.00194354 0.999993 6.80865 -17.0671 209.884 0.0074195 0.000941827 0.999904 2.14649 -1.94712 6.73401 4.04132 56.2372 6.128 -16.96 209.983 -0.00321748 -0.00193909 0.999993 
18808819 7.09685 -16.5816 209.991 -0.00313437 -0.00201195 0.999993 7.72515 -16.655 209.976 0.00670084 0.00133437 0.999905 2.14677 -1.94626 6.74671 4.09849 56.2372 7.09765 -16.5816 209.991 -0.00312093 -0.00200694 0.999993 
18896156 8.07379 -16.1495 209.996 -0.00206582 -0.00151786 0.999997 8.63411 -16.1331 209.955 0.00708002 0.00168695 0.999894 2.1462 -1.94942 6.75782 4.15595 56.2372 8.07446 -16.1495 209.996 -0.00205404 -0.00151365 0.999997 
18983283 8.91628 -15.6933 210.003 -0.00284352 -0.00220811 0.999994 9.42981 -15.7177 209.938 0.00721083 0.00192644 0.999887 2.14677 -1.94482 6.76735 4.20995 56.2372 8.91693 -15.6933 210.003 -0.00283 -0.00220243 0.999994 
19071614 9.76479 -15.1919 210.007 -0.00264221 -0.00231587 0.999994 10.3476 -15.0787 209.914 0.00708002 0.00168695 0.999894 2.14649 -1.94425 6.77688 4.26425 56.2372 9.76552 -15.1917 210.007 -0.00262934 -0.00231057 0.999994 
19157866 10.6201 -14.6102 210.013 -0.002539 -0.00239733 0.999994 11.1495 -14.5541 209.895 0.00697569 0.00217926 0.999885 2.14677 -1.94339 6.78957 4.32113 56.2372 10.6208 -14.6102 210.013 -0.00252653 -0.00239138 0.999994 
19246467 11.4044 -14.02 210.021 -0.00232924 -0.00241506 0.999994 11.959 -13.917 209.984 0.0066318 0.00280241 0.999878 2.14649 -1.9431 6.80227 4.37513 56.2372 11.4051 -14.0199 210.021 -0.00231782 -0.00240842 0.999994 
19333233 12.1942 -13.3557 210.029 -0.00225729 -0.00257575 0.999994 12.6513 -13.2698 209.852 0.00661416 0.00231454 0.999887 2.14591 -1.94224 6.81974 4.4323 56.2372 12.1948 -13.3555 210.029 -0.00224607 -0.00256972 0.999994 
19421318 12.9121 -12.6807 210.036 -0.00203599 -0.00257078 0.999995 13.3545 -12.5161 209.941 0.00614388 0.00282017 0.999883 2.14534 -1.94224 6.83402 4.48659 56.2372 12.9132 -12.6803 210.036 -0.00201599 -0.00255778 0.999995 
19508201 13.6265 -11.9326 210.042 -0.00183059 -0.00263955 0.999995 13.9414 -11.7591 209.919 0.00603513 0.00319051 0.999877 2.14448 -1.94195 6.84831 4.54376 56.2372 13.6269 -11.9324 210.042 -0.00182118 -0.00263265 0.999995 
19597357 14.2606 -11.1895 210.052 -0.00170935 -0.00269137 0.999995 14.646 -10.8993 209.894 0.00570007 0.0040576 0.999865 2.14361 -1.94166 6.86736 4.59777 56.2372 14.2615 -11.1889 210.051 -0.00169219 -0.00267587 0.999995 
19683557 14.8915 -10.3595 210.058 -0.00148171 -0.00266149 0.999995 15.1252 -10.1317 209.985 0.00532971 0.00394895 0.999872 2.14275 -1.94166 6.88165 4.65522 56.2372 14.8918 -10.3592 210.058 -0.00147399 -0.002654 0.999995 
19771166 15.4406 -9.54589 210.064 -0.00130848 -0.00272317 0.999995 15.7186 -9.26106 209.962 0.00496818 0.00408424 0.999873 2.14189 -1.94138 6.89435 4.70952 56.2372 15.4412 -9.54533 210.064 -0.00129438 -0.00270805 0.999995 
19857745 15.9788 -8.6544 210.069 -0.00105748 -0.00275758 0.999996 16.1953 -8.49556 209.941 0.0047198 0.00397115 0.999879 2.14045 -1.94138 6.90705 4.76726 56.2372 15.9791 -8.65423 210.069 -0.00105128 -0.00275023 0.999996 
19946929 16.4427 -7.77141 210.076 -0.000864396 -0.00269858 0.999996 16.5675 -7.50064 209.918 0.00458459 0.00360969 0.999887 2.13931 -1.94166 6.92292 4.82241 56.2372 16.4428 -7.77094 210.076 -0.000853769 -0.00268599 0.999996 
20033278 16.8853 -6.82129 210.083 -0.000671412 -0.00263958 0.999996 16.8257 -6.72841 210.011 0.0039835 0.00387582 0.999889 2.13729 -1.94224 6.94515 4.88073 56.2324 16.8853 -6.8212 210.083 -0.000666795 -0.00263289 0.999996 
20121062 17.2594 -5.89154 210.086 -0.000432847 -0.00246134 0.999997 17.2035 -5.73596 209.988 0.0032472 0.00378049 0.9999 2.135 -1.94339 6.9642 4.93646 56.2245 17.2594 -5.8914 210.086 -0.000429453 -0.00245518 0.999997 
20207598 17.6106 -4.89854 210.088 -0.000161856 -0.00233502 0.999997 17.4663 -4.73933 209.966 0.00287684 0.00367184 0.999907 2.13126 -1.94482 6.98801 4.99564 56.2134 17.6105 -4.8984 210.088 -0.000159264 -0.00232932 0.999997 
20297070 17.8892 -3.94581 210.091 5.6464e-005 -0.00221095 0.999998 17.6108 -3.73839 209.945 0.00323838 0.00353656 0.999905 2.12753 -1.94626 7.015 5.05137 56.2007 17.8889 -3.94564 210.091 5.91086e-005 -0.00220565 0.999998 
20383112 18.1317 -2.92398 210.097 0.000292035 -0.0019766 0.999998 17.8696 -2.85442 209.925 0.00287243 0.00354988 0.999909 2.12322 -1.94827 7.04358 5.11026 56.1896 18.1314 -2.92393 210.096 0.000294054 -0.00197163 0.999998 
20470909 18.2907 -1.94115 210.106 0.000356899 -0.00175623 0.999998 18.0176 -1.85369 210.016 0.00299883 0.0036674 0.999905 2.12063 -1.94971 7.07056 5.16541 56.1816 18.2905 -1.94109 210.106 0.000358963 -0.00175146 0.999998 
20557570 18.4057 -0.866102 210.109 0.000371431 -0.000571686 1 18.0551 -0.84886 209.996 0.00287243 0.00354988 0.999909 2.11776 -1.95488 7.08961 5.22402 56.1705 18.4054 -0.866101 210.109 0.000373348 -0.000568309 1 
20647018 18.4514 0.125418 210.109 0.000597121 -0.000946402 0.999999 18.0926 0.155975 209.976 0.00274604 0.00343235 0.999913 2.11489 -1.95402 7.10708 5.27975 56.161 18.451 0.125429 210.109 0.00059879 -0.000942655 0.999999 
20733106 18.4461 1.17626 210.115 0.00062426 -0.000632875 1 18.1265 1.15753 209.957 0.00299883 0.0036674 0.999905 2.11173 -1.95603 7.13248 5.33778 56.1499 18.4458 1.17624 210.115 0.000626168 -0.000629169 1 
20820021 18.3883 2.17434 210.118 0.000489446 -0.000315705 1 18.0535 2.16298 209.938 0.00276369 0.00392022 0.999903 2.10857 -1.95832 7.16899 5.39293 56.1277 18.388 2.17432 210.117 0.000491339 -0.00031199 1 
20907251 18.2593 3.21243 210.126 0.000465901 -0.0002956 1 17.8604 3.06453 209.924 0.00300324 0.00378937 0.999903 2.10598 -1.95919 7.19915 5.45067 56.1165 18.2589 3.21227 210.125 0.000468106 -0.000291913 1 
20995964 18.092 4.2022 210.134 0.00029092 -5.22394e-005 1 17.7864 4.07343 209.905 0.00287684 0.00367184 0.999907 2.10253 -1.96148 7.24043 5.50612 56.0975 18.0917 4.20207 210.134 0.000293308 -4.87032e-005 1 
21082779 17.8502 5.21185 210.146 0.000279707 -0.000504504 1 17.4853 4.98118 209.891 0.00274163 0.00331038 0.999915 2.09995 -1.96091 7.28964 5.56386 56.0784 17.8498 5.21161 210.145 0.000282113 -0.000500682 1 
21170088 17.5665 6.15824 210.155 0.000443706 -0.000755098 1 17.183 5.88784 209.878 0.0027328 0.00306645 0.99992 2.09736 -1.96062 7.3198 5.61873 56.0721 17.5661 6.15794 210.155 0.00044607 -0.000751051 1 
21257323 17.23 7.08534 210.165 0.000681921 -0.00121224 0.999999 16.8871 6.90595 209.862 0.00248002 0.00283139 0.999927 2.09507 -1.95947 7.35631 5.6736 56.0626 17.2296 7.08514 210.165 0.000683889 -0.00120771 0.999999 
21345599 16.8153 8.05265 210.173 0.000896928 -0.00159944 0.999998 16.4719 7.81104 209.85 0.00261523 0.00319285 0.999919 2.09277 -1.95861 7.39759 5.73191 56.0483 16.8149 8.05237 210.172 0.000898905 -0.00159383 0.999998 
21432839 16.3789 8.93967 210.185 0.00117279 -0.00185852 0.999998 16.0626 8.72046 209.837 0.0021229 0.00308864 0.999927 2.09018 -1.95804 7.4341 5.78678 56.0435 16.3785 8.93941 210.185 0.00117395 -0.00185237 0.999998 
21519988 15.8482 9.84757 210.192 0.00149957 -0.00212807 0.999997 15.5443 9.6383 209.938 0.00149975 0.00274494 0.999941 2.08932 -1.9566 7.45791 5.84424 56.0419 15.8478 9.84732 210.192 0.00149959 -0.00212186 0.999997 
21608274 15.3049 10.6744 210.194 0.0018201 -0.00219996 0.999996 15.0139 10.4427 209.929 0.0016085 0.0023746 0.999947 2.08817 -1.95574 7.47379 5.89824 56.0403 15.3045 10.6741 210.194 0.00181987 -0.00219401 0.999996 
21695445 14.6922 11.5189 210.196 0.00215298 -0.00240238 0.999995 14.3729 11.2489 209.921 0.00160409 0.00225263 0.999949 2.08616 -1.95488 7.5103 5.9557 56.0245 14.6918 11.5185 210.195 0.00215233 -0.00239604 0.999995 
21782410 14.0265 12.335 210.202 0.00235095 -0.00240283 0.999994 13.8409 11.9474 209.914 0.00144681 0.00128133 0.99997 2.08415 -1.95488 7.54205 6.01344 56.0165 14.0262 12.3344 210.202 0.00234983 -0.00239754 0.999994 
21869785 13.351 13.0683 210.208 0.00244181 -0.00235176 0.999994 13.2004 12.7637 210.019 0.00153202 0.000298823 0.999865 2.08271 -1.95516 7.56904 6.06773 56.0118 13.3508 13.0679 210.208 0.00244071 -0.00234778 0.999994 
21957568 12.6248 13.771 210.207 0.00244981 -0.00219145 0.999995 12.4417 13.4636 210.015 0.00176716 4.60095e-005 0.999867 2.08185 -1.95574 7.58491 6.12231 56.0038 12.6243 13.77 210.206 0.00244811 -0.00218467 0.999995 
22044221 11.8278 14.4646 210.203 0.00252801 -0.00199112 0.999995 11.7973 14.0489 210.012 0.001266 -0.000302134 0.99988 2.08041 -1.95631 7.5992 6.17977 55.9959 11.8278 14.464 210.203 0.00252637 -0.00198846 0.999995 
22132958 11.0349 15.0804 210.201 0.00255407 -0.00183162 0.999995 10.9207 14.6414 210.011 0.0017451 -0.000563827 0.999879 2.07927 -1.95689 7.61349 6.23435 55.9895 11.0347 15.0797 210.201 0.00255309 -0.00182955 0.999995 
22219629 10.1588 15.6885 210.198 0.00243765 -0.00170942 0.999996 10.1619 15.3425 210.007 0.00197583 -0.000938608 0.999883 2.07812 -1.95804 7.63571 0.00890539 55.9752 10.1589 15.688 210.198 0.00243717 -0.00170804 0.999996 
22307886 9.29291 16.2191 210.193 0.00239449 -0.00164069 0.999996 9.28067 15.7119 210.01 0.00208899 -0.00118698 0.999887 2.07697 -1.9589 7.65794 0.0640614 55.9594 9.29298 16.2177 210.193 0.00239399 -0.00163878 0.999996 
22394185 8.3413 16.7244 210.195 0.00201105 -0.00200572 0.999996 11.8286 18.941 204.125 -0.0269903 -0.021283 0.99928 2.07898 -1.95947 7.68651 0.121228 55.9657 8.34675 16.7277 210.188 0.00197121 -0.00203158 0.999996 
22483066 7.34512 16.9873 210.484 0.00216467 -0.00346848 0.999992 7.32044 16.7547 210.237 -0.00994833 0.0273405 0.999488 2.10426 -1.94827 7.61508 0.16633 56.3864 7.34509 16.9871 210.484 0.00215322 -0.00343452 0.999992 
22569587 6.38934 17.4009 210.461 0.0022457 -0.00318946 0.999992 6.13314 17.0358 210.581 -0.0129068 0.0265933 0.999538 2.10139 -1.94856 7.69604 0.224358 56.315 6.38905 17.4005 210.461 0.00223034 -0.00315356 0.999993 
22656829 5.45079 17.7483 210.425 0.00235798 -0.00302042 0.999993 5.25126 17.4199 210.585 -0.012729 0.0247549 0.999571 2.09851 -1.94856 7.79446 0.280376 56.2165 5.45034 17.7477 210.425 0.00232382 -0.00294504 0.999993 
22743959 4.46921 18.0418 210.376 0.0025628 -0.00317333 0.999992 4.25314 17.7091 210.591 -0.0124777 0.0215704 0.999629 2.09708 -1.9477 7.93734 0.336969 56.0721 4.4689 18.0415 210.377 0.00254269 -0.00313285 0.999992 
22833177 3.51785 18.2675 210.327 0.00255661 -0.00320256 0.999992 3.37176 17.9851 210.485 -0.0129319 0.0191444 0.99968 2.09621 -1.94741 8.07386 0.390401 55.9245 3.51761 18.2672 210.327 0.00253288 -0.00315966 0.999992 
22919528 2.49373 18.4478 210.281 0.00253859 -0.00302923 0.999992 2.37889 18.2628 210.492 -0.0132465 0.0172018 0.999721 2.09564 -1.94683 8.20086 0.446993 55.7847 2.49354 18.4476 210.282 0.00251108 -0.00298457 0.999992 
23006578 1.52414 18.5619 210.234 0.00254531 -0.00272121 0.999993 1.26479 18.2132 210.507 -0.0138197 0.0148999 0.99965 2.09535 -1.94568 8.32945 0.500138 55.6371 1.52367 18.5614 210.235 0.00251362 -0.00267618 0.999993 
23093898 0.486515 18.626 210.197 0.00232864 -0.00232275 0.999995 0.266533 18.2791 210.518 -0.0144223 0.0117465 0.999718 2.09478 -1.94511 8.45169 0.556443 55.4958 0.486087 18.6255 210.198 0.00229416 -0.00228142 0.999995 
23182595 -0.47746 18.6247 210.163 0.00223371 -0.00189017 0.999996 -0.621981 18.5462 210.412 -0.0141093 0.0102696 0.999742 2.09535 -1.94339 8.57234 0.608439 55.353 -0.477706 18.6245 210.164 0.00219678 -0.00185 0.999996 
23269304 -1.52531 18.5401 210.132 0.00202472 -0.00167465 0.999997 -1.74509 18.4993 210.427 -0.0137141 0.00769048 0.999787 2.09937 -1.94138 8.6787 0.663308 55.2148 -1.52566 18.54 210.134 0.00198705 -0.00163894 0.999997 
23357272 -2.5091 18.4044 210.108 0.00178336 -0.00135225 0.999997 -2.6397 18.4372 210.439 -0.0139022 0.00586541 0.999824 2.10311 -1.93936 8.7549 0.715304 55.0989 -2.5094 18.4044 210.111 0.00170584 -0.00128826 0.999998 
23444146 -3.4954 18.2211 210.084 0.00140988 -0.00100734 0.999998 -3.53134 18.2372 210.453 -0.0148428 0.00687667 0.999816 2.10656 -1.93735 8.85809 0.768449 54.9545 -3.49543 18.2211 210.086 0.00136479 -0.000971561 0.999999 
23533129 -4.52591 17.973 210.072 0.000965092 -0.000616318 0.999999 -4.65996 18.0732 210.359 -0.0144343 0.0046635 0.999853 2.10972 -1.93534 8.96604 0.825042 54.818 -4.52611 17.9732 210.073 0.000920776 -0.000586452 0.999999 
23619744 -5.53886 17.6675 210.061 0.000490065 -0.000417058 1 -5.57645 17.6883 210.378 -0.0135702 0.00157647 0.999779 2.11288 -1.93362 9.07716 0.881347 54.6783 -5.53888 17.6675 210.063 0.000449964 -0.000395617 1 
23706726 -6.49093 17.3197 210.068 -6.89285e-005 -0.00014157 1 -6.49068 17.4014 210.283 -0.0126605 -0.000288558 0.999804 2.11517 -1.93247 9.1105 0.935353 54.6164 -6.49087 17.3199 210.069 -0.000102648 -0.000127307 1 
23793648 -7.47011 16.9081 210.056 -0.000448413 -0.000168305 1 -7.28247 17.0941 210.298 -0.0127781 -0.000162151 0.999803 2.11747 -1.93103 9.23432 0.992808 54.4703 -7.46962 16.9084 210.057 -0.000484685 -0.000153364 1 
23882824 -8.38433 16.4782 210.039 -0.000899042 -0.000313181 1 -8.31693 16.473 210.323 -0.0120903 -0.00140846 0.999819 2.11862 -1.92988 9.44705 1.04854 54.2433 -8.38403 16.4781 210.041 -0.000934201 -0.000301069 1 
23969074 -9.26181 16.002 210.029 -0.00123052 -0.000657427 0.999999 -9.12976 16.0866 210.34 -0.0103797 -0.00476817 0.999862 2.11977 -1.92902 9.65025 1.10341 54.021 -9.26129 16.002 210.031 -0.00125735 -0.000655092 0.999999 
24056852 -10.1584 15.4439 210.019 -0.0013221 -0.000806723 0.999999 -10.1859 15.3729 210.255 -0.00794162 -0.00827649 0.999899 2.12035 -1.9273 9.78201 1.16172 53.8559 -10.1583 15.4436 210.02 -0.0013379 -0.000818893 0.999999 
24144930 -10.9709 14.8722 210.01 -0.00138054 -0.00129194 0.999998 -10.8953 14.8529 210.273 -0.00579448 -0.00969804 0.999901 2.12063 -1.92672 9.85345 1.21602 53.7527 -10.97 14.8719 210.013 -0.0013984 -0.00133457 0.999998 
24232208 -11.7885 14.215 210.005 -0.00124388 -0.00141133 0.999998 -11.715 14.2162 210.184 -0.00435276 -0.0103611 0.999896 2.12121 -1.92414 9.88361 1.27376 53.6877 -11.7882 14.2149 210.006 -0.00124974 -0.00144036 0.999998 
24320484 -12.5377 13.5629 209.997 -0.00123681 -0.00189814 0.999997 -12.5294 13.4732 210.209 -0.00377963 -0.0113614 0.999786 2.12035 -1.92328 9.90108 1.32863 53.6416 -12.5375 13.5627 209.998 -0.00124179 -0.00193135 0.999997 
24406741 -13.264 12.847 209.998 -0.00106109 -0.00147539 0.999998 -13.2354 12.8301 210.117 -0.00257157 -0.0117694 0.999901 2.11977 -1.91868 9.89949 1.38579 53.613 -13.2638 12.8469 209.999 -0.00106241 -0.00151122 0.999998 
24494767 -13.9267 12.1245 209.999 -0.000974643 -0.00167163 0.999998 -13.9413 11.9658 210.143 -0.00209835 -0.0121554 0.999781 2.1192 -1.91667 9.89473 1.4398 53.6003 -13.9265 12.1238 210.001 -0.000975197 -0.00174126 0.999998 
24581216 -14.5758 11.3286 210.006 -0.000845109 -0.00121863 0.999999 -14.5362 11.2091 210.165 -0.00113574 -0.0125568 0.999777 2.11862 -1.91179 9.89631 1.49726 53.5781 -14.5757 11.3282 210.007 -0.000842661 -0.00125404 0.999999 
24669886 -15.1582 10.5413 210.007 -0.000780714 -0.00108308 0.999999 -15.1297 10.3374 210.077 -0.000900596 -0.0128096 0.999779 2.11747 -1.90834 9.90584 1.55184 53.548 -15.1581 10.5407 210.007 -0.000778166 -0.00111771 0.999999 
24756537 -15.7259 9.68784 210.012 -0.000766334 -0.000503828 1 -15.6076 9.56968 210.096 -0.000519938 -0.0124547 0.999889 2.11575 -1.90288 9.94394 1.60987 53.4988 -15.7257 9.68745 210.013 -0.000762961 -0.000538447 1 
24843983 -16.224 8.83307 210.019 -0.000751749 -0.000255154 1 -15.9565 9.12546 210.109 -0.000724195 -0.0113481 0.999871 2.11489 -1.89828 9.9995 1.66617 53.4321 -16.2235 8.8339 210.02 -0.000749561 -0.000287474 1 
24930660 -16.7134 7.9021 210.021 -0.00069949 6.48118e-005 1 -16.7009 7.66784 210.145 0.00172288 -0.00789307 0.999897 2.11316 -1.89311 10.1043 1.72678 53.3146 -16.7135 7.90125 210.022 -0.000688404 4.00811e-005 1 
25019499 -17.0959 7.02092 210.03 -0.000494472 0.000248357 1 -17.091 6.65434 210.057 0.00363201 -0.00576426 0.999833 2.11288 -1.88995 10.1408 1.77907 53.2701 -17.0959 7.01963 210.03 -0.000477517 0.000230052 1 
25106061 -17.453 6.05266 210.036 -0.000253844 0.00026903 1 -17.4626 5.76991 210.078 0.00413906 -0.00529181 0.99994 2.11288 -1.88823 10.1456 1.83451 53.2559 -17.4531 6.05169 210.037 -0.000237038 0.000253276 1 
25193746 -17.7538 5.11859 210.036 -3.71776e-005 0.000134133 1 -17.7235 4.88829 210.098 0.00474015 -0.00555795 0.999938 2.11173 -1.88766 10.1408 1.88737 53.2495 -17.7538 5.11782 210.036 -2.05847e-005 0.000119339 1 
25280562 -18.0149 4.11031 210.035 0.000145106 4.70301e-005 1 -17.9841 3.89044 210.12 0.00487095 -0.00531845 0.999932 2.11087 -1.88708 10.1297 1.94339 53.2463 -18.0149 4.10963 210.036 0.000160296 3.40168e-005 1 
25369338 -18.2162 3.1513 210.034 0.000329979 -0.000133829 1 -18.1385 2.77601 210.031 0.00499735 -0.00520092 0.999928 2.10943 -1.88708 10.1233 1.99624 53.2463 -18.2158 3.1493 210.035 0.000357742 -0.00015682 1 
25456028 -18.3586 2.13291 210.039 0.000527535 -0.000205429 1 -18.2853 1.77515 210.052 0.00487978 -0.00507452 0.999927 2.10914 -1.88651 10.1186 2.05111 53.2463 -18.3584 2.13193 210.039 0.00053975 -0.000216083 1 
25544126 -18.4472 1.16042 210.033 0.000674842 -0.000327463 1 -18.3249 0.7738 210.072 0.0052369 -0.00533177 0.999928 2.10828 -1.88651 10.1059 2.1034 53.2463 -18.4466 1.15855 210.034 0.000698513 -0.000348176 1 
25630444 -18.4865 0.120649 210.028 0.000813839 -0.000454535 1 -18.359 -0.231159 210.091 0.00499735 -0.00520092 0.999928 2.10713 -1.88651 10.0932 2.15913 53.2463 -18.4862 0.119776 210.028 0.000824102 -0.00046413 1 
25721568 -18.4693 -0.848723 210.025 0.000834077 -0.000451983 1 -18.3977 -1.23359 209.999 0.00510609 -0.00557126 0.999934 2.10627 -1.88593 10.0789 2.21112 53.2463 -18.4688 -0.850621 210.025 0.000853793 -0.00047211 1 
25806054 -18.3952 -1.87801 210.02 0.00104053 -0.000652646 0.999999 -18.3252 -2.34842 210.02 0.00496647 -0.00605469 0.999945 2.10569 -1.88622 10.0709 2.26599 53.2463 -18.395 -1.87903 210.021 0.00104906 -0.000663144 0.999999 
25893811 -18.2607 -2.82987 210.026 0.00101366 -0.000547425 0.999999 -18.1397 -3.36364 210.037 0.00510168 -0.00569323 0.999936 2.10627 -1.88478 10.0614 2.31684 53.2463 -18.2603 -2.831 210.026 0.00102225 -0.000557153 0.999999 
25980427 -18.0636 -3.83823 210.027 0.00116397 -0.000622546 0.999999 -17.9509 -4.25934 210.053 0.00532652 -0.00619231 0.999821 2.10713 -1.8845 10.0503 2.37085 53.2463 -18.0633 -3.83908 210.027 0.0011722 -0.000632827 0.999999 
26069843 -17.8178 -4.7799 210.029 0.00123897 -0.000593 0.999999 -17.7679 -5.27554 209.957 0.00558078 -0.00595492 0.999936 2.10885 -1.88363 10.0344 2.42169 53.2479 -17.8177 -4.78085 210.029 0.00124716 -0.000602557 0.999999 
26158359 -17.5322 -5.7157 210.052 0.0014377 -0.000729107 0.999999 -17.4717 -6.28795 209.974 0.00581003 -0.00633204 0.999818 2.10972 -1.88392 10.0154 2.47311 53.2606 -17.532 -5.71675 210.052 0.00144545 -0.000738818 0.999999 
26244085 -17.1721 -6.67119 210.051 0.00155364 -0.000745762 0.999999 -17.0619 -7.30793 209.989 0.00581003 -0.00633204 0.999818 2.11173 -1.88363 9.98998 2.52626 53.2733 -17.1718 -6.67234 210.051 0.00156075 -0.000755194 0.999998 
26330803 -16.7977 -7.60879 210.028 0.00210334 -0.00119907 0.999997 -16.7652 -8.21214 210.001 0.00642142 -0.0063519 0.999933 2.11058 -1.88679 9.95664 2.57969 53.2955 -16.7976 -7.60975 210.028 0.00211009 -0.0012072 0.999997 
26417647 -16.3183 -8.47921 210.057 0.00175235 -0.000816837 0.999998 -16.2335 -9.01548 210.01 0.00618628 -0.00609909 0.999931 2.11575 -1.88392 9.9106 2.63025 53.3352 -16.3181 -8.48012 210.057 0.00175896 -0.000825175 0.999998 
26505794 -15.7963 -9.36253 210.059 0.00169266 -0.00071062 0.999998 -15.7083 -9.81185 210.131 0.00678737 -0.00636522 0.999929 2.11891 -1.88306 9.86933 2.6834 53.3543 -15.7961 -9.36331 210.06 0.00169995 -0.000719478 0.999998 
26593136 -15.264 -10.1904 210.055 0.00176814 -0.000726093 0.999998 -15.1837 -10.6183 210.028 0.00716655 -0.00601264 0.999917 2.12035 -1.88277 9.8471 2.73539 53.3606 -15.2638 -10.1911 210.055 0.00177573 -0.000734221 0.999998 
26680538 -14.6907 -10.9763 210.056 0.00176836 -0.000667098 0.999998 -14.547 -11.5405 210.038 0.0071886 -0.0054028 0.999906 2.12236 -1.88191 9.82805 2.78653 53.3654 -14.6904 -10.9773 210.056 0.00177595 -0.000674343 0.999998 
26768460 -14.0376 -11.7871 210.053 0.00186293 -0.00065675 0.999998 -13.9065 -12.2338 210.043 0.00767653 -0.00542056 0.9999 2.12379 -1.88162 9.809 2.84168 53.3702 -14.0373 -11.7878 210.053 0.00187091 -0.00066403 0.999998 
26855612 -13.3304 -12.5603 210.051 0.00186366 -0.000602154 0.999998 -13.2627 -12.9307 210.049 0.00781175 -0.0050591 0.999891 2.1258 -1.88076 9.78995 2.89713 53.3717 -13.3303 -12.561 210.052 0.00187183 -0.000609027 0.999998 
26942817 -12.6191 -13.2557 210.047 0.00185155 -0.000554988 0.999998 -12.5085 -13.6305 210.053 0.00806454 -0.00482404 0.999884 2.12781 -1.8799 9.76931 2.9497 53.3717 -12.6189 -13.2564 210.047 0.00186012 -0.000561658 0.999998 
27031431 -11.8778 -13.9167 210.037 0.00192123 -0.000556567 0.999998 -11.7555 -14.3325 210.057 0.00844813 -0.00434949 0.99987 2.12896 -1.87961 9.74709 3.00255 53.3717 -11.8775 -13.9175 210.037 0.00193015 -0.000562443 0.999998 
27117393 -11.0608 -14.5608 210.029 0.0018118 -0.000528135 0.999998 -10.8834 -14.9237 210.058 0.00845254 -0.00422752 0.999868 2.13069 -1.87846 9.7201 3.05771 53.3717 -11.0605 -14.5615 210.029 0.00182102 -0.000534018 0.999998 
27205984 -10.2548 -15.1365 210.017 0.00187602 -0.000551136 0.999998 -10.0136 -15.5183 210.059 0.00871415 -0.00374853 0.999855 2.13155 -1.87818 9.69629 3.11057 53.3717 -10.2543 -15.1372 210.017 0.00188544 -0.000556194 0.999998 
27292855 -9.36677 -15.6928 210.009 0.00184245 -0.000546307 0.999998 -9.03353 -16.1169 210.059 0.00909774 -0.00327398 0.999842 2.13299 -1.87731 9.67089 3.1663 53.3717 -9.36613 -15.6936 210.009 0.00185255 -0.000550689 0.999998 
27381015 -8.51211 -16.1649 210.001 0.00181322 -0.000531497 0.999998 -8.26897 -16.5937 210.058 0.00910657 -0.00303005 0.999837 2.13442 -1.87617 9.6566 3.21801 53.3606 -8.51114 -16.1664 210.002 0.00183391 -0.000539744 0.999998 
27467481 -7.58224 -16.6158 209.996 0.00178628 -0.000525021 0.999998 -7.28095 -16.9702 209.942 0.00936376 -0.00267303 0.999827 2.13586 -1.87473 9.64708 3.27288 53.3463 -7.58163 -16.6165 209.996 0.00179729 -0.000528694 0.999998 
27556066 -6.63279 -17.011 210.009 0.00141412 -0.000608341 0.999999 -6.40195 -17.3395 209.938 0.00949457 -0.00243353 0.999821 2.13729 -1.87099 9.65184 3.32774 53.3273 -6.6323 -17.0116 210.009 0.0014269 -0.000611637 0.999999 
27642745 -5.68898 -17.3446 210.024 0.00122306 -0.000622823 0.999999 -5.51564 -17.6008 209.933 0.00927266 -0.00181482 0.999812 2.13873 -1.8664 9.69788 3.3806 53.2606 -5.68856 -17.3451 210.024 0.00123707 -0.00062502 0.999999 
27731329 -4.74649 -17.6273 210.035 0.0010002 -0.000683424 0.999999 -4.62934 -17.8621 209.926 0.00905224 -0.00119377 0.999925 2.13959 -1.8618 9.75344 3.43375 53.1908 -4.74575 -17.6283 210.035 0.0010301 -0.000685145 0.999999 
27817079 -3.71136 -17.8733 210.05 0.000523993 -0.000934146 0.999999 -3.62959 -18.0124 209.917 0.00906106 -0.000949835 0.99992 2.14045 -1.85519 9.80265 3.49149 53.1209 -3.71112 -17.8736 210.05 0.000542182 -0.000933656 0.999999 
27905380 -2.72937 -18.0531 210.065 0.00018614 -0.00111843 0.999999 -2.63161 -18.1762 209.796 0.009114 0.000513772 0.999891 2.14103 -1.84773 9.8979 3.54607 53.0066 -2.72908 -18.0534 210.065 0.000207545 -0.00111351 0.999999 
27992500 -1.68436 -18.1944 210.09 -0.000167132 -0.00140633 0.999999 -1.51651 -18.2213 209.672 0.00900085 0.000762146 0.999888 2.14017 -1.83882 10.017 3.60467 52.8876 -1.68385 -18.1945 210.089 -0.000142137 -0.00139891 0.999999 
28081677 -0.696817 -18.2747 210.109 -0.000481584 -0.00172803 0.999998 -0.507769 -18.1543 209.658 0.00890975 0.00162036 0.999873 2.13873 -1.82905 10.1471 3.66012 52.7574 -0.695437 -18.2739 210.107 -0.000423638 -0.00170379 0.999998 
28167146 0.341399 -18.3012 210.125 -0.000882621 -0.00198799 0.999998 0.374111 -18.3047 209.54 -0.00254035 0.00252321 0.999872 2.13672 -1.819 10.2837 3.71843 52.6336 0.341413 -18.3013 210.124 -0.000889762 -0.00197242 0.999998 
28257393 1.33362 -18.2751 210.136 -0.00113347 -0.00177162 0.999998 1.21822 -18.2158 209.529 -0.00891576 0.00189797 0.999839 2.13413 -1.81842 10.3361 3.77474 52.6336 1.33281 -18.2749 210.133 -0.00118769 -0.00175062 0.999998 
28342532 2.38078 -18.1951 210.148 -0.00127931 -0.00138456 0.999998 2.25737 -18.1284 209.626 -0.0121314 0.00079372 0.999899 2.13097 -1.82187 10.3519 3.83449 52.6844 2.38031 -18.195 210.147 -0.0013121 -0.00137958 0.999998 
28431520 3.36817 -18.0616 210.161 -0.00125475 -0.00101638 0.999999 3.15528 -18.0381 209.615 -0.012299 -0.000423844 0.999802 2.1281 -1.82704 10.3361 3.89079 52.7653 3.36708 -18.0616 210.159 -0.00131202 -0.00101497 0.999999 
28516945 4.39736 -17.8526 210.184 -0.00130565 -0.00081572 0.999999 4.2787 -17.9549 209.711 -0.0125826 -0.00151267 0.999827 2.12638 -1.83193 10.2884 3.94911 52.8749 4.39702 -17.853 210.183 -0.00133127 -0.000817868 0.999999 
28604176 5.35211 -17.6137 210.19 -0.00116512 -0.000661866 0.999999 5.29025 -17.7514 209.807 -0.012396 -0.00310712 0.999855 2.12437 -1.83853 10.1916 4.00398 53.0146 5.35193 -17.6141 210.19 -0.00118708 -0.000667077 0.999999 
28692472 6.34011 -17.2685 210.2 -0.000980415 -0.00037329 0.999999 6.18895 -17.5483 209.904 -0.0120698 -0.00421815 0.999872 2.1258 -1.84543 10.0773 4.05971 53.167 6.33981 -17.269 210.2 -0.000998848 -0.000379707 0.999999 
28780995 7.26661 -16.8889 210.205 -0.000825818 -0.000205231 1 7.20345 -17.2357 210.109 -0.0116216 -0.00533361 0.999888 2.12724 -1.85175 9.9614 4.11285 53.3035 7.26644 -16.8899 210.205 -0.000856986 -0.00021957 1 
28866885 8.21007 -16.434 210.197 -0.000519605 0.00024511 1 8.32515 -16.8196 210.087 -0.0105634 -0.00647127 0.999897 2.12954 -1.8595 9.82964 4.16772 53.4432 8.21019 -16.4345 210.197 -0.000531846 0.000237396 1 
28955680 9.07457 -15.9583 210.185 -0.000178085 0.000777531 1 9.23396 -16.2785 210.29 -0.00987716 -0.00771991 0.99979 2.13155 -1.86726 9.70581 4.21943 53.5702 9.07473 -15.9587 210.185 -0.000188141 0.000769375 1 
29042410 9.95388 -15.3989 210.171 0.00022451 0.00140728 0.999999 10.1187 -15.8595 210.271 -0.00733171 -0.00829868 0.999893 2.13442 -1.87645 9.53595 4.27344 53.7401 9.95405 -15.3994 210.171 0.000217874 0.00139928 0.999999 
29130867 10.7484 -14.82 210.161 0.000418327 0.00184292 0.999998 10.993 -15.2281 210.248 -0.00279192 -0.00773114 0.999827 2.13816 -1.88306 9.39307 4.324 53.8766 10.7486 -14.8204 210.161 0.000415877 0.00183527 0.999998 
29216700 11.517 -14.209 210.127 0.000585464 0.00224895 0.999997 11.8764 -14.6017 210.336 0.000921947 -0.00639839 0.999878 2.14074 -1.88852 9.28671 4.37542 53.9528 11.5174 -14.2094 210.127 0.000586073 0.00224204 0.999997 
29304005 12.2888 -13.5246 210.105 0.000596487 0.0025042 0.999997 12.6622 -13.8599 210.199 0.00327637 -0.00550467 0.999955 2.14361 -1.89168 9.22163 4.42971 53.9925 12.2892 -13.525 210.105 0.000599128 0.0024975 0.999997 
29391989 13.0197 -12.7986 210.076 0.000555286 0.00249248 0.999997 13.3449 -13.1054 210.288 0.00500176 -0.00507896 0.999926 2.14649 -1.89369 9.14701 4.48401 54.0274 13.0201 -12.7989 210.076 0.000559584 0.00248565 0.999997 
29479325 13.6746 -12.0839 210.049 0.000499795 0.00229272 0.999997 14.0248 -12.3608 210.154 0.00674921 -0.0040434 0.999885 2.1485 -1.89398 9.10574 4.53572 54.029 13.675 -12.0843 210.05 0.000505902 0.00228661 0.999997 
29566512 14.3251 -11.276 210.041 0.000387549 0.00212228 0.999998 14.6072 -11.6037 210.133 0.00712839 -0.00369082 0.999874 2.15223 -1.89369 9.07716 4.5903 54.029 14.3254 -11.2765 210.041 0.000394714 0.00211593 0.999998 
29653670 14.9087 -10.4688 210.03 0.000329379 0.0020808 0.999998 15.3086 -10.7404 210.108 0.00714604 -0.00320295 0.999864 2.15568 -1.89369 9.05176 4.64287 54.0274 14.9093 -10.4692 210.031 0.000337257 0.00207439 0.999998 
29741806 15.4804 -9.58057 210.029 0.000269045 0.00182792 0.999998 15.7786 -9.87657 210.085 0.00804844 -0.00189239 0.999828 2.15913 -1.89254 9.047 4.69831 54.0052 15.4809 -9.58107 210.029 0.000278802 0.00182273 0.999998 
29829221 15.9762 -8.73089 210.019 0.000259825 0.00151372 0.999999 16.2621 -8.89138 210.061 0.00793528 -0.00164401 0.999825 2.16114 -1.89024 9.08034 4.75146 53.9448 15.9766 -8.73114 210.019 0.000269961 0.00150893 0.999999 
29916592 16.4255 -7.85727 210.012 0.000224103 0.0012365 0.999999 16.6311 -8.01598 210.038 0.00771044 -0.00114494 0.99994 2.16315 -1.88708 9.15336 4.8046 53.848 16.4258 -7.85754 210.012 0.000234564 0.00123256 0.999999 
30004349 16.8577 -6.90466 210.002 0.000216265 0.000983307 0.999999 16.8961 -7.02283 210.016 0.00710936 -0.000878803 0.999942 2.16401 -1.88363 9.24544 4.86206 53.7337 16.8578 -6.90484 210.002 0.000226184 0.000980117 0.999999 
30093030 17.2294 -5.98552 209.999 0.000257602 0.000692277 1 17.1619 -6.03417 209.882 0.00627313 -0.000359857 0.999942 2.162 -1.87933 9.37085 4.91836 53.6051 17.2292 -5.98555 209.999 0.000265933 0.000690545 1 
30179396 17.5734 -5.00073 209.997 0.000388785 0.000184049 1 17.427 -5.03875 209.86 0.00566322 -0.000337659 0.999949 2.15798 -1.87358 9.50738 4.97869 53.4686 17.5732 -5.00075 209.997 0.000395616 0.000183261 1 
30267627 17.8499 -4.04741 209.999 0.000402008 -1.98355e-005 1 17.6892 -4.04987 209.615 0.00506214 -7.1527e-005 0.999952 2.15396 -1.8687 9.6693 5.03614 53.3194 17.8494 -4.04728 209.999 0.000413685 -1.99113e-005 1 
30353890 18.0858 -3.04649 210.021 0.000453595 -0.000190352 1 17.8472 -2.83289 209.59 0.00484024 0.000547188 0.999942 2.14879 -1.8641 9.82646 5.0959 53.2035 18.0855 -3.04619 210.021 0.000458841 -0.000189363 1 
30442484 18.2612 -2.10641 210.052 0.000501581 -0.00031918 1 18.0092 -1.8212 209.57 0.00332645 -0.000743508 0.999863 2.14275 -1.86008 9.97251 5.15191 53.1114 18.2606 -2.10578 210.051 0.000508241 -0.000319565 1 
30529332 18.3789 -1.09663 210.082 0.000483969 -0.000262523 1 18.163 -0.910784 209.662 0.00239316 -0.00290784 0.999916 2.13816 -1.85864 10.0598 5.20994 53.0812 18.3786 -1.09642 210.082 0.00048597 -0.000265298 1 
30618158 18.4368 -0.136275 210.11 0.000375494 -0.000122492 1 18.3159 0.102345 209.641 0.0018523 -0.00435369 0.99995 2.13413 -1.85835 10.1297 5.26452 53.0669 18.4365 -0.135817 210.109 0.000378461 -0.000131592 1 
30703927 18.4349 0.88961 210.128 2.27469e-006 0.000332084 1 18.236 1.0088 209.737 0.0020639 -0.00521867 0.999842 2.13126 -1.86065 10.1821 5.32169 53.0669 18.4347 0.889733 210.128 4.34887e-006 0.000326091 1 
30791717 18.3939 1.84674 210.14 -0.000535409 0.000894057 0.999999 18.2698 1.91345 209.72 0.00189339 -0.00655587 0.99987 2.12753 -1.8641 10.236 5.37598 53.0669 18.3936 1.84693 210.139 -0.000530093 0.000877564 0.999999 
30878838 18.2776 2.87192 210.131 -0.00123641 0.00154791 0.999998 18.0823 2.93206 209.814 0.0021197 -0.00705262 0.999876 2.12437 -1.86956 10.2567 5.43344 53.0876 18.2774 2.87198 210.131 -0.0012323 0.00153803 0.999998 
30967356 18.1129 3.83691 210.145 -0.00152469 0.00175859 0.999997 18.0011 3.83286 209.909 0.00247682 -0.00730987 0.999877 2.12178 -1.87387 10.2233 5.48745 53.1654 18.1127 3.8369 210.144 -0.00151436 0.00173762 0.999997 
31053331 17.8766 4.85124 210.153 -0.00192873 0.0020675 0.999996 17.8097 4.84375 209.892 0.00296916 -0.00720567 0.999869 2.11977 -1.87961 10.1551 5.54433 53.2733 17.8765 4.85123 210.152 -0.0019224 0.00205695 0.999996 
31140920 17.5954 5.80217 210.161 -0.00211783 0.0021527 0.999995 17.5003 5.64232 209.993 0.00344385 -0.00758933 0.999871 2.11833 -1.88392 10.0757 5.59833 53.3813 17.5953 5.80184 210.161 -0.00210408 0.00213165 0.999996 
31228859 17.2506 6.79686 210.165 -0.00227143 0.00222628 0.999995 17.1957 6.54329 210.091 0.00383186 -0.00699281 0.999854 2.11517 -1.88881 9.98363 5.65665 53.5035 17.2506 6.79665 210.165 -0.0022637 0.00221635 0.999995 
31316082 16.8668 7.71958 210.157 -0.00235881 0.00227703 0.999995 16.7778 7.55779 210.188 0.00483859 -0.00617455 0.999827 2.11288 -1.8934 9.87885 5.71152 53.6178 16.8667 7.71936 210.157 -0.00234131 0.00225917 0.999995 
31403194 16.4008 8.66433 210.155 -0.00212477 0.00213735 0.999995 16.47 8.46341 210.285 0.00557637 -0.00607689 0.999938 2.11173 -1.89627 9.75661 5.76868 53.7401 16.4009 8.66417 210.156 -0.00211627 0.00212942 0.999995 
31490988 15.8923 9.54089 210.153 -0.0023079 0.00218686 0.999995 16.1536 9.26121 210.275 0.00665508 -0.00660705 0.999813 2.11288 -1.90058 9.64708 5.8224 53.8496 15.8925 9.54069 210.153 -0.00229892 0.00217909 0.999995 
31578729 15.2967 10.4472 210.142 -0.00234972 0.00215254 0.999995 15.6149 10.0556 210.377 0.00778969 -0.00566893 0.999903 2.11403 -1.90403 9.53278 5.88014 53.9496 15.2969 10.4469 210.142 -0.00234067 0.00214619 0.999995 
31666448 14.6764 11.2847 210.121 -0.00245442 0.00215434 0.999995 15.0808 10.851 210.48 0.00843048 -0.00483736 0.99988 2.11489 -1.90776 9.42165 5.93588 54.0385 14.6766 11.2844 210.121 -0.00244542 0.00214901 0.999995 
31753171 13.9861 12.1298 210.086 -0.00250265 0.0021626 0.999995 14.3283 11.6341 210.362 0.00827916 -0.00226717 0.999832 2.11403 -1.9115 9.31052 5.99534 54.1195 13.9864 12.1295 210.087 -0.00249409 0.00215924 0.999995 
31840357 13.2958 12.8997 210.055 -0.00252375 0.00211732 0.999995 13.6889 12.4208 210.354 0.00810727 -0.000304483 0.999919 2.11173 -1.91408 9.25496 6.05279 54.1528 13.296 12.8993 210.055 -0.00251507 0.00211535 0.999995 
31928524 12.5179 13.672 210.023 -0.00257189 0.00204812 0.999995 12.9321 13.1105 210.35 0.00813815 0.000549288 0.999902 2.10943 -1.91638 9.21686 6.1137 54.1687 12.5182 13.6716 210.024 -0.00256272 0.00204681 0.999995 
32015813 11.7535 14.3581 209.991 -0.00263011 0.00199114 0.999995 12.1787 13.8011 210.346 0.00779868 0.00129441 0.999892 2.10627 -1.91897 9.18511 6.17144 54.1814 11.7542 14.3573 209.992 -0.00261102 0.00198971 0.999995 
32102954 10.9067 15.0318 209.956 -0.00264051 0.00192115 0.999995 11.3079 14.4926 210.343 0.00808235 0.00238324 0.999868 2.1034 -1.92127 9.15812 6.23205 54.183 10.9071 15.0313 209.957 -0.00262986 0.00192149 0.999995 
32190234 10.084 15.6177 209.922 -0.0026633 0.00187038 0.999995 10.4407 15.1886 210.34 0.00798242 0.00299751 0.999858 2.10024 -1.92385 9.13431 0.00574541 54.183 10.0843 15.6173 209.923 -0.00265179 0.00187147 0.999995 
32278364 9.18127 16.1809 209.896 -0.00256207 0.00182415 0.999995 9.57051 15.7695 210.34 0.00777376 0.00398213 0.999841 2.09765 -1.92558 9.1105 0.0652105 54.183 9.18172 16.1805 209.897 -0.00255033 0.00182642 0.999995 
32365705 8.29161 16.6676 209.872 -0.00252304 0.00179083 0.999995 8.69504 16.2402 210.23 0.00755185 0.00460085 0.999832 2.09535 -1.92759 9.09145 0.121803 54.1798 8.29211 16.6671 209.872 -0.00251098 0.00179402 0.999995 
32453106 7.33828 17.1196 209.857 -0.00249243 0.00173643 0.999995 7.71177 16.7204 210.232 0.00707275 0.00486254 0.999833 2.09334 -1.92931 9.08669 0.180406 54.1718 7.33876 17.1192 209.858 -0.00248041 0.00174022 0.999995 
32540102 6.4194 17.5022 209.84 -0.00248643 0.00166992 0.999996 6.72548 17.0857 210.237 0.0064849 0.00549457 0.999828 2.09047 -1.93132 9.10415 0.236424 54.1417 6.41982 17.5017 209.841 -0.00247408 0.001675 0.999996 
32628566 5.44213 17.8506 209.822 -0.00239042 0.00163877 0.999996 5.63063 17.5688 210.241 0.00601021 0.00587823 0.999826 2.08702 -1.93304 9.12796 0.295027 54.102 5.44241 17.8502 209.823 -0.00237772 0.00164498 0.999996 
32715639 4.50766 18.1204 209.804 -0.00235697 0.00158571 0.999996 4.64657 17.9328 210.246 0.00518281 0.00664111 0.999822 2.08501 -1.93448 9.16448 0.349034 54.0433 4.50787 18.1201 209.805 -0.00234477 0.00159356 0.999996 
32803300 3.54701 18.3527 209.781 -0.00247437 0.00150504 0.999996 3.65376 18.1844 210.142 0.00471694 0.00726871 0.999816 2.08185 -1.93764 9.20734 0.404477 53.9845 3.54717 18.3524 209.782 -0.00246115 0.00151518 0.999996 
32890168 2.55179 18.4889 209.789 -0.00220402 0.00146979 0.999996 2.55067 18.4435 210.039 0.00411586 0.00753484 0.999818 2.08616 -1.93391 9.2502 0.455611 53.9178 2.55177 18.4889 209.79 -0.00219391 0.00147892 0.999996 
32978283 1.58576 18.6057 209.765 -0.00230766 0.00137791 0.999996 1.56029 18.696 210.045 0.0035339 0.00829117 0.999932 2.0853 -1.93563 9.29941 0.508469 53.8464 1.58572 18.6059 209.766 -0.00229754 0.00138896 0.999996 
33065385 0.599207 18.6172 209.777 -0.00208964 0.0012897 0.999997 0.454351 18.8447 209.945 0.00280494 0.00843745 0.999816 2.09305 -1.93017 9.32958 0.555869 53.7908 0.59904 18.6175 209.777 -0.00208281 0.0012986 0.999997 
33152833 -0.352985 18.5911 209.782 -0.00206726 0.00114279 0.999997 -0.433513 18.8747 209.955 0.00232584 0.00869914 0.999817 2.0988 -1.9273 9.3518 0.602981 53.7543 -0.353064 18.5913 209.782 -0.00206182 0.00115091 0.999997 
33239959 -1.36843 18.5074 209.789 -0.00205785 0.00096812 0.999997 -1.44402 18.6961 209.97 0.00217297 0.00784981 0.999835 2.10483 -1.92443 9.35974 0.653541 53.7337 -1.3685 18.5075 209.789 -0.00205336 0.000974592 0.999997 
33328260 -2.33852 18.3831 209.795 -0.00207172 0.000795944 0.999998 -2.33954 18.5144 209.985 0.00164975 0.00689183 0.99986 2.10914 -1.9227 9.36609 0.703239 53.7194 -2.33853 18.3832 209.795 -0.00206811 0.00080127 0.999998 
33415510 -3.37766 18.205 209.799 -0.00213973 0.000585558 0.999998 -3.35118 18.3359 210 0.00161887 0.00603806 0.999877 2.11173 -1.92242 9.38038 0.758395 53.7035 -3.37765 18.2051 209.799 -0.00213621 0.000590362 0.999998 
33503230 -4.33411 17.9868 209.803 -0.0021453 0.00042655 0.999998 -4.36821 18.0436 209.907 0.00158799 0.00518429 0.999893 2.11403 -1.92184 9.38672 0.809816 53.694 -4.33413 17.9869 209.803 -0.00214197 0.000430722 0.999998 
33589829 -5.34096 17.7065 209.805 -0.00217062 0.000270031 0.999998 -5.26797 17.7447 209.923 0.00108683 0.00483614 0.999906 2.11517 -1.92213 9.3899 0.865547 53.6908 -5.34091 17.7065 209.805 -0.00216771 0.000274069 0.999998 
33678094 -6.26728 17.3943 209.807 -0.00217448 0.000143462 0.999998 -6.28515 17.4445 209.941 0.00121763 0.00507564 0.9999 2.11604 -1.92242 9.39149 0.91783 53.6892 -6.26726 17.3944 209.807 -0.00216848 0.000152231 0.999998 
33765259 -7.23556 17.0042 209.806 -0.0022381 -9.54777e-005 0.999997 -7.18856 17.1389 209.958 0.00110889 0.00544598 0.999894 2.11747 -1.92356 9.39149 0.973273 53.6892 -7.23554 17.0043 209.806 -0.002235 -9.03117e-005 0.999997 
33853714 -8.12735 16.5822 209.808 -0.00225841 -0.000324817 0.999997 -8.09471 16.7263 209.977 0.00086051 0.00533289 0.999899 2.11948 -1.92414 9.39149 1.02527 53.6892 -8.12737 16.5825 209.809 -0.00225255 -0.000313979 0.999997 
33939710 -9.057 16.0815 209.808 -0.00229632 -0.00060588 0.999997 -9.00081 16.3149 209.996 0.000607723 0.00509783 0.999907 2.12121 -1.92558 9.39149 1.08129 53.6892 -9.05698 16.0816 209.808 -0.00229348 -0.000600057 0.999997 
34027051 -9.90632 15.5686 209.805 -0.00232189 -0.000845045 0.999997 -9.80559 15.6798 210.018 0.000585664 0.004488 0.999919 2.12178 -1.92759 9.39149 1.13472 53.6892 -9.90624 15.5687 209.805 -0.00231896 -0.000839151 0.999997 
34115289 -10.7833 14.9871 209.796 -0.00235921 -0.00105223 0.999997 -10.4986 15.0464 210.038 0.000541546 0.00326832 0.999943 2.12006 -1.93103 9.39149 1.19304 53.6892 -10.7831 14.9871 209.796 -0.00235619 -0.00104689 0.999997 
34203355 -11.5901 14.3779 209.79 -0.00236471 -0.00128289 0.999996 -11.4138 14.4153 210.061 0.000397506 0.00266293 0.999956 2.11891 -1.93419 9.39149 1.24877 53.6892 -11.5896 14.3778 209.79 -0.00235857 -0.0012721 0.999996 
34290718 -12.3575 13.7406 209.782 -0.00236043 -0.00145718 0.999996 -12.2177 13.7745 210.083 0.000275524 0.00266737 0.999957 2.11661 -1.93793 9.39149 1.3045 53.6892 -12.3573 13.7406 209.782 -0.00235736 -0.00145107 0.999996 
34377002 -13.1242 13.0164 209.777 -0.00230592 -0.00163598 0.999996 -12.9068 13.1274 209.992 -0.000334384 0.00268957 0.999964 2.11546 -1.9408 9.39149 1.36253 53.6892 -13.1239 13.0164 209.778 -0.00230353 -0.00162922 0.999996 
34465249 -13.8475 12.2628 209.776 -0.00223063 -0.00159894 0.999996 -13.6019 12.3732 210.015 -0.000587171 0.00245451 0.999972 2.11316 -1.94252 9.39149 1.42084 53.6892 -13.8472 12.2629 209.776 -0.00222868 -0.00159258 0.999996 
34553120 -14.4933 11.506 209.774 -0.00216758 -0.00167259 0.999996 -14.3044 11.5088 210.041 -0.000479903 0.00208184 0.999855 2.11144 -1.94482 9.39149 1.476 53.6892 -14.4929 11.506 209.775 -0.00216359 -0.00166049 0.999996 
34639678 -15.1224 10.6773 209.784 -0.00204939 -0.00149024 0.999997 -15.003 10.7537 210.064 -0.000362333 0.00195543 0.999856 2.11029 -1.94396 9.38672 1.53316 53.694 -15.1222 10.6774 209.784 -0.00204754 -0.00148512 0.999997 
34726805 -15.6713 9.85446 209.789 -0.00195904 -0.0015438 0.999997 -15.5931 9.88073 209.976 -0.000488727 0.0018379 0.99986 2.11 -1.94482 9.3772 1.58688 53.7035 -15.6712 9.85448 209.79 -0.0019575 -0.00153886 0.999997 
34815124 -16.2046 8.97022 209.797 -0.00190011 -0.0013109 0.999997 -16.068 9.00917 209.999 -0.000872319 0.00136335 0.999874 2.10857 -1.94339 9.36609 1.64376 53.7146 -16.2045 8.97026 209.798 -0.00189915 -0.00130743 0.999997 
34902332 -16.6573 8.10723 209.806 -0.00184033 -0.00117238 0.999998 -16.5442 8.13198 210.021 -0.00111187 0.0014942 0.999874 2.10799 -1.94195 9.36609 1.69691 53.7146 -16.657 8.10732 209.806 -0.00183915 -0.00116593 0.999998 
34989550 -17.0707 7.21186 209.818 -0.00181924 -0.000923456 0.999998 -17.0236 7.26058 210.044 -0.00100754 0.00100189 0.999882 2.10713 -1.93936 9.36609 1.75092 53.7146 -17.0706 7.2119 209.818 -0.00181856 -0.000921439 0.999998 
35076726 -17.4514 6.2374 209.83 -0.00179482 -0.000742916 0.999998 -17.3894 6.37937 210.065 -0.00112511 0.0011283 0.999882 2.10713 -1.93649 9.36609 1.80751 53.7146 -17.4513 6.2375 209.83 -0.00179432 -0.000741144 0.999998 
35165095 -17.7748 5.22605 209.842 -0.00175937 -0.000653825 0.999998 -17.6404 5.49057 210.085 -0.00159538 0.00163392 0.999878 2.10799 -1.93391 9.36609 1.86439 53.7146 -17.7746 5.22624 209.842 -0.00175933 -0.000651792 0.999998 
35252289 -18.0297 4.25812 209.85 -0.00175135 -0.00058478 0.999998 -18.0139 4.49578 209.997 -0.00146899 0.00175145 0.999874 2.10828 -1.93218 9.36609 1.91839 53.7146 -18.0297 4.25828 209.851 -0.00175123 -0.00058284 0.999998 
35340018 -18.2299 3.27917 209.854 -0.00174377 -0.00054801 0.999998 -18.1604 3.50059 210.018 -0.00160862 0.00126802 0.999885 2.10885 -1.93046 9.36133 1.97211 53.7146 -18.2299 3.27932 209.854 -0.00174374 -0.000546618 0.999998 
35426680 -18.3866 2.22701 209.859 -0.00171651 -0.000564562 0.999998 -18.3073 2.4952 210.039 -0.00170854 0.0018823 0.999874 2.10914 -1.9296 9.36609 2.02957 53.7099 -18.3866 2.22718 209.859 -0.0017166 -0.000562717 0.999998 
35514822 -18.4839 1.17621 209.853 -0.00155716 -0.000831586 0.999998 -18.4591 1.38739 210.062 -0.00172178 0.0015164 0.999881 2.10885 -1.93276 9.38514 2.08702 53.6892 -18.4839 1.17636 209.854 -0.00155741 -0.000829638 0.999998 
35602153 -18.5244 0.178975 209.853 -0.00164373 -0.000643918 0.999998 -18.4973 0.392807 210.081 -0.00151311 0.000531779 0.999898 2.10857 -1.9296 9.39308 2.14132 53.6702 -18.5244 0.179115 209.853 -0.00164367 -0.000643074 0.999998 
35689942 -18.5079 -0.808447 209.841 -0.00164715 -0.000658137 0.999998 -18.5367 -0.723541 209.991 -0.00176148 0.000418691 0.999903 2.10857 -1.92874 9.39149 2.19475 53.6543 -18.5079 -0.808267 209.841 -0.00164737 -0.000656626 0.999998 
35776403 -18.4403 -1.84061 209.835 -0.00167314 -0.000652057 0.999998 -18.3497 -1.7286 210.008 -0.00178796 -0.000313113 0.999917 2.10771 -1.92816 9.40419 2.25134 53.6321 -18.4403 -1.84053 209.836 -0.00167321 -0.00065185 0.999998 
35864863 -18.3127 -2.87146 209.824 -0.00148447 -0.000877853 0.999999 -18.2778 -2.73401 210.027 -0.00143083 -0.000570366 0.999918 2.10684 -1.93132 9.43594 2.30822 53.5924 -18.3127 -2.87136 209.824 -0.0014844 -0.000877684 0.999999 
35951904 -18.139 -3.83697 209.827 -0.0015866 -0.000679293 0.999999 -18.0934 -3.74569 209.932 -0.00131768 -0.00081874 0.999921 2.10684 -1.9273 9.48198 2.36137 53.5369 -18.139 -3.8369 209.828 -0.00158635 -0.000679463 0.999999 
36039676 -17.9115 -4.80181 209.831 -0.00149728 -0.000687194 0.999999 -17.9048 -4.64481 209.947 -0.00107812 -0.000949587 0.999921 2.10656 -1.92701 9.54071 2.41537 53.4781 -17.9115 -4.80159 209.831 -0.00149647 -0.000687768 0.999999 
36126445 -17.6144 -5.80796 209.836 -0.00139569 -0.000684216 0.999999 -17.4921 -5.55322 209.959 -0.000956143 -0.000954026 0.999919 2.10627 -1.92672 9.60739 2.47254 53.4114 -17.6143 -5.80777 209.836 -0.00139523 -0.000684528 0.999999 
36214126 -17.2896 -6.74396 209.837 -0.00135542 -0.000648417 0.999999 -17.1998 -6.57214 209.752 -0.00059461 -0.00108931 0.999917 2.10483 -1.92672 9.67883 2.52741 53.34 -17.2894 -6.74364 209.837 -0.00135384 -0.000649423 0.999999 
36302521 -16.8932 -7.71497 209.844 -0.00133927 -0.000649546 0.999999 -16.7912 -7.59322 209.766 -0.000468217 -0.000971784 0.999914 2.10282 -1.9273 9.73597 2.58572 53.2924 -16.8932 -7.71486 209.844 -0.00133822 -0.000649981 0.999999 
36390052 -16.4815 -8.59892 209.853 -0.00135797 -0.000663272 0.999999 -16.2627 -8.38962 209.775 -0.000363882 -0.00146409 0.999922 2.09995 -1.92845 9.78836 2.64059 53.2527 -16.4812 -8.59853 209.853 -0.00135544 -0.000665096 0.999999 
36476458 -15.9805 -9.52104 209.863 -0.00129334 -0.00065616 0.999999 -15.7486 -9.29822 209.675 0.000711893 -0.00211389 0.999921 2.09794 -1.92902 9.86774 2.69891 53.186 -15.9803 -9.52082 209.863 -0.00129042 -0.000658037 0.999999 
36565046 -15.4718 -10.3522 209.888 -0.00128584 -0.00065221 0.999999 -15.2517 -10.3077 209.688 0.00334255 -0.00367516 0.999919 2.09564 -1.92874 9.936 2.7532 53.1479 -15.4712 -10.352 209.887 -0.00127204 -0.000660175 0.999999 
36652041 -14.8821 -11.1961 209.909 -0.00129194 -0.000603578 0.999999 -14.6238 -11.1022 209.807 0.00489743 -0.00458665 0.999918 2.09449 -1.92586 10.0154 2.80951 53.0876 -14.8818 -11.196 209.909 -0.00128247 -0.000608881 0.999999 
36740967 -14.2961 -11.9589 209.926 -0.00130996 -0.000541726 0.999999 -13.8872 -11.913 209.814 0.00661399 -0.00440487 0.999893 2.09219 -1.92328 10.1202 2.86294 52.9987 -14.2951 -11.9589 209.926 -0.00128442 -0.000552647 0.999999 
36826261 -13.6309 -12.7293 209.943 -0.00132634 -0.000494843 0.999999 -13.2636 -12.7276 209.822 0.00848342 -0.00337375 0.999851 2.09018 -1.91954 10.2091 2.91896 52.9241 -13.6304 -12.7293 209.942 -0.00130987 -0.00049921 0.999999 
36914227 -12.9509 -13.42 209.959 -0.00127371 -0.000450241 0.999999 -12.5106 -13.4307 209.826 0.00887143 -0.00277724 0.999835 2.08989 -1.91552 10.271 2.97095 52.8749 -12.9497 -13.42 209.958 -0.0012398 -0.000457257 0.999999 
37001882 -12.1886 -14.1184 209.973 -0.00120679 -0.000430371 0.999999 -11.8677 -14.0262 209.829 0.00953575 -0.0013335 0.999921 2.08903 -1.91179 10.3218 3.02668 52.8368 -12.1881 -14.1183 209.972 -0.00118875 -0.000431861 0.999999 
37090205 -11.4279 -14.7347 209.985 -0.00112868 -0.000403405 0.999999 -11.1103 -14.7328 209.833 0.00944907 -0.000353318 0.999904 2.08932 -1.90805 10.3503 3.07868 52.8177 -11.4269 -14.7347 209.984 -0.0010939 -0.000403686 0.999999 
37176220 -10.5998 -15.3393 209.998 -0.00101572 -0.000401694 0.999999 -10.2372 -15.3264 209.834 0.00934032 1.70238e-005 0.999898 2.08875 -1.90518 10.371 3.13355 52.8114 -10.5992 -15.3394 209.998 -0.000998646 -0.000401111 0.999999 
37263457 -9.7835 -15.8704 210.013 -0.000978088 -0.000402355 0.999999 -9.36117 -15.8095 209.832 0.00935797 0.000504893 0.999889 2.08817 -1.90173 10.3884 3.18555 52.8082 -9.78281 -15.8703 210.013 -0.00096093 -0.000400964 0.999999 
37351755 -8.89445 -16.3769 210.028 -0.000907056 -0.000382215 1 -8.48305 -16.2973 209.831 0.0091493 0.00148951 0.999872 2.08846 -1.89828 10.4027 3.23955 52.8082 -8.89378 -16.3768 210.028 -0.000890483 -0.000379476 1 
37440181 -8.02626 -16.8149 210.04 -0.000838481 -0.000367493 1 -7.60068 -16.6678 209.827 0.00891857 0.00186429 0.999868 2.08817 -1.89541 10.4154 3.29126 52.8082 -8.02476 -16.8146 210.04 -0.000806154 -0.000360682 1 
37526043 -7.1217 -17.233 210.044 -0.000570899 -0.000389602 1 -6.5977 -17.0427 209.822 0.00771199 0.00227459 0.999875 2.08386 -1.8957 10.4297 3.3467 52.8082 -7.12071 -17.2327 210.043 -0.000555588 -0.000385161 1 
37613458 -6.177 -17.5712 210.087 -0.000686111 -0.000311211 1 -5.65895 -17.5819 209.822 0.000550205 -0.00320715 0.999944 2.08673 -1.89082 10.4789 3.39784 52.8066 -6.17611 -17.5712 210.087 -0.000684523 -0.000314723 1 
37701595 -5.17887 -17.8749 210.098 -0.000682585 -0.000325164 1 -5.09721 -17.7141 209.93 -0.000172861 -0.00293658 0.999948 2.08875 -1.88938 10.5107 3.45213 52.786 -5.17873 -17.8747 210.098 -0.000682281 -0.000328361 1 
37788882 -4.22606 -18.1194 210.107 -0.000742586 -0.00035246 1 -3.86736 -17.9924 209.92 -0.00135297 -0.00179448 0.99994 2.08846 -1.88823 10.5551 3.5047 52.7542 -4.22548 -18.1193 210.107 -0.000743983 -0.000354431 1 
37876056 -3.26041 -18.3118 210.111 -0.000733624 -0.000350122 1 -2.8619 -18.1418 209.911 -0.00195847 -0.00165031 0.999945 2.08817 -1.88823 10.5932 3.55727 52.7272 -3.25975 -18.3115 210.111 -0.000736001 -0.000352063 1 
37963250 -2.21395 -18.46 210.112 -0.00083463 -0.000386165 1 -1.85451 -18.1786 210.011 -0.00219361 -0.0013975 0.999943 2.08817 -1.88708 10.6297 3.61358 52.6923 -2.21334 -18.4596 210.112 -0.000837155 -0.00038781 1 
38051694 -1.22417 -18.5493 210.107 -0.00075005 -0.000321822 1 -0.847915 -18.328 210.002 -0.00292108 -0.0012489 0.999949 2.08702 -1.88852 10.679 3.6673 52.6478 -1.22355 -18.549 210.107 -0.000753896 -0.000323585 1 
38138792 -0.179516 -18.5857 210.106 -0.000855993 -0.000367784 1 0.162669 -18.3671 209.99 -0.00364415 -0.000978324 0.999952 2.08587 -1.88823 10.7155 3.7236 52.6145 -0.178939 -18.5854 210.106 -0.000860798 -0.000369329 1 
38226116 0.803358 -18.5602 210.111 -0.000916265 -0.000385194 1 1.1717 -18.2921 209.976 -0.00376613 -0.000973884 0.999954 2.08645 -1.88823 10.7282 3.7756 52.6097 0.803957 -18.5598 210.111 -0.000920936 -0.000386686 1 
38313181 1.8516 -18.4777 210.116 -0.0009631 -0.000429691 0.999999 2.17858 -18.2137 209.963 -0.00365739 -0.00134423 0.999959 2.08645 -1.88852 10.7377 3.83162 52.6097 1.85212 -18.4773 210.116 -0.000967434 -0.000431597 0.999999 
38401596 2.82825 -18.3482 210.122 -0.00104903 -0.000521777 0.999999 3.18534 -18.1386 209.949 -0.0035354 -0.00134867 0.999958 2.08616 -1.88823 10.7488 3.88419 52.6082 2.82878 -18.3479 210.121 -0.00105293 -0.000523517 0.999999 
38488646 3.85076 -18.1562 210.126 -0.00104415 -0.000561648 0.999999 4.1981 -17.8348 209.931 -0.00319152 -0.00197182 0.999966 2.08559 -1.88909 10.7615 3.93992 52.6082 3.85129 -18.1557 210.126 -0.00104759 -0.000564157 0.999999 
38576100 4.79962 -17.9215 210.132 -0.0010692 -0.0006142 0.999999 5.21122 -17.6472 209.916 -0.00331939 -0.00209168 0.999847 2.08559 -1.88938 10.7758 3.99191 52.6066 4.8002 -17.9211 210.132 -0.00107268 -0.000616798 0.999999 
38663089 5.78755 -17.6175 210.133 -0.00105544 -0.000635178 0.999999 6.22408 -17.3446 210.01 -0.00284029 -0.00235337 0.999847 2.08645 -1.88995 10.7806 4.0465 52.6066 5.78812 -17.6171 210.133 -0.00105816 -0.000637927 0.999999 
38751279 6.70222 -17.2793 210.128 -0.000975056 -0.000585016 0.999999 7.13383 -16.9264 209.991 -0.00297992 -0.0028368 0.999858 2.0876 -1.89139 10.7806 4.09792 52.6066 6.70335 -17.2783 210.128 -0.00098083 -0.000591726 0.999999 
38838261 7.64375 -16.8666 210.126 -0.000922914 -0.000494698 0.999999 8.03539 -16.5148 209.971 -0.00223772 -0.00261717 0.999967 2.09047 -1.89225 10.7806 4.15135 52.6066 7.64419 -16.8662 210.126 -0.000924745 -0.000497541 0.999999 
38926036 8.52308 -16.424 210.123 -0.000854776 -0.000378226 1 8.94684 -15.9874 209.951 -0.00212604 -0.00286788 0.999848 2.09305 -1.8934 10.7806 4.20277 52.6066 8.52351 -16.4236 210.123 -0.000856447 -0.000381308 1 
39012679 9.40931 -15.9215 210.124 -0.000809504 -0.00028542 1 9.85701 -15.4633 209.929 -0.00187619 -0.00275246 0.999965 2.09478 -1.89455 10.7869 4.25649 52.6066 9.40973 -15.921 210.124 -0.000810866 -0.000288334 1 
39100810 10.216 -15.4033 210.125 -0.000762858 -0.000128042 1 10.7661 -14.938 209.908 -0.00151025 -0.00276578 0.999961 2.09708 -1.89599 10.7933 4.30676 52.6066 10.2165 -15.4029 210.125 -0.00076382 -0.000131009 1 
39188300 11.046 -14.8053 210.127 -0.000730626 4.76806e-005 1 11.4587 -14.2898 209.999 -0.0012707 -0.00289662 0.99996 2.09966 -1.89742 10.8012 4.36048 52.6066 11.0464 -14.8049 210.127 -0.000731326 4.44732e-005 1 
39275829 11.7973 -14.2005 210.125 -0.000712389 0.000178595 1 12.2592 -13.6478 209.977 -0.00078718 -0.00303635 0.999957 2.10225 -1.89857 10.798 4.41104 52.6097 11.7977 -14.2001 210.125 -0.000712537 0.000175206 1 
39362664 12.5631 -13.517 210.12 -0.000691737 0.000310242 1 12.9514 -13.0041 209.956 -0.000660787 -0.00291882 0.999953 2.10426 -1.90001 10.798 4.46534 52.6097 12.5634 -13.5166 210.12 -0.000691745 0.000306871 1 
39450392 13.2501 -12.8294 210.12 -0.000678756 0.000420025 1 13.6465 -12.2499 209.933 -0.000408 -0.00268377 0.999946 2.10742 -1.90087 10.7758 4.51618 52.632 13.2508 -12.8288 210.119 -0.000678142 0.000413846 1 
39538186 13.9332 -12.0717 210.119 -0.00066893 0.000523539 1 14.3408 -11.4878 209.91 -6.41144e-005 -0.00330692 0.999953 2.11 -1.90202 10.7567 4.5699 52.6542 13.9336 -12.0714 210.119 -0.000668206 0.000519723 1 
39626213 14.5425 -11.3173 210.123 -0.000689568 0.000566442 1 14.928 -10.7287 210 -5.0879e-005 -0.00294102 0.999946 2.11288 -1.90231 10.7409 4.62075 52.6732 14.5428 -11.3169 210.123 -0.000688778 0.000563065 1 
39712441 15.137 -10.4844 210.128 -0.000731642 0.000664703 1 15.5156 -9.85896 209.977 0.000201908 -0.00270596 0.999939 2.11776 -1.90231 10.7107 4.67361 52.7034 15.1374 -10.484 210.128 -0.000730409 0.000661567 1 
39799816 15.6664 -9.65993 210.135 -0.000772127 0.000889808 0.999999 15.9925 -9.09242 210.068 7.99262e-005 -0.00270152 0.99994 2.12236 -1.90288 10.6726 4.72417 52.7415 15.6672 -9.65914 210.135 -0.000769711 0.000883115 0.999999 
39887056 16.1725 -8.73749 210.144 -0.000863102 0.000985093 0.999999 16.4686 -8.21863 210.045 0.000332713 -0.00246647 0.999933 2.12896 -1.90231 10.6297 4.77731 52.7828 16.1729 -8.73706 210.144 -0.000861223 0.000981868 0.999999 
39977055 16.6103 -7.84481 210.143 -0.000912437 0.00108635 0.999999 16.8356 -7.33519 210.024 0.000319478 -0.00283237 0.99994 2.13356 -1.90288 10.5901 4.82873 52.8177 16.6106 -7.84432 210.143 -0.000910425 0.00108247 0.999999 
