3.13987 3.13987 43.0147 0.00172362 -0.003175 -20.924 6.11816 185.127 -0.693883 0.0373669 0.719099 -20.25 6.06601 189.489 -0.657765 0.113116 0.744681 
3.13987 3.13987 43.0147 0.00172362 -0.003175 -20.9239 6.11933 185.128 -0.693889 0.0372409 0.718981 -20.25 6.06601 189.489 -0.657765 0.113116 0.744681 
3.13987 3.13987 43.0147 0.00172362 -0.003175 -20.9228 6.11929 185.128 -0.694011 0.0372454 0.718982 -20.25 6.06601 189.489 -0.657765 0.113116 0.744681 
3.13987 3.13987 43.0147 0.00172362 -0.003175 -20.9239 6.11933 185.128 -0.693889 0.0372409 0.718981 -20.25 6.06601 189.489 -0.657765 0.113116 0.744681 
3.13987 3.13987 43.0147 0.00172362 -0.003175 -20.9228 6.12042 185.128 -0.694015 0.0371235 0.718986 -20.25 6.06601 189.489 -0.657765 0.113116 0.744681 
3.13987 3.13987 43.0147 0.00172362 -0.003175 -20.9228 6.11929 185.128 -0.694011 0.0372454 0.718982 -20.25 6.06601 189.489 -0.657765 0.113116 0.744681 
3.13987 3.13987 43.0147 0.00172362 -0.003175 -20.9228 6.12042 185.128 -0.694015 0.0371235 0.718986 -20.25 6.06601 189.489 -0.657765 0.113116 0.744681 
3.13987 3.13987 43.0147 0.00172362 -0.003175 -20.9228 6.12042 185.128 -0.694015 0.0371235 0.718986 -20.25 6.06601 189.489 -0.657765 0.113116 0.744681 
3.13987 3.13987 43.0147 0.00172362 -0.003175 -20.9228 6.12042 185.128 -0.694015 0.0371235 0.718986 -20.25 6.06601 189.489 -0.657765 0.113116 0.744681 
3.13987 3.13987 43.0147 0.00172362 -0.003175 -20.9216 6.12159 185.13 -0.694144 0.036998 0.718748 -20.25 6.06601 189.489 -0.657765 0.113116 0.744681 
3.13987 3.13987 43.0147 0.00172362 -0.003175 -20.9228 6.12046 185.129 -0.694017 0.0371194 0.718864 -20.25 6.06601 189.489 -0.657765 0.113116 0.744681 
3.13987 3.13987 43.0147 0.00172362 -0.003175 -20.9228 6.12046 185.129 -0.694017 0.0371194 0.718864 -20.25 6.06601 189.489 -0.657765 0.113116 0.744681 
3.13987 3.13987 43.0147 0.00172362 -0.003175 -20.9216 6.12155 185.129 -0.694143 0.037002 0.71887 -20.25 6.06601 189.489 -0.657765 0.113116 0.744681 
3.13987 3.13987 43.0147 0.00172362 -0.003175 -20.9216 6.12155 185.129 -0.694143 0.037002 0.71887 -20.2917 6.21099 188.712 -0.664209 0.104014 0.740276 
3.13987 3.13987 43.0147 0.00172362 -0.003175 -20.9216 6.12155 185.129 -0.694143 0.037002 0.71887 -20.2855 6.56719 187.574 -0.673589 0.0909188 0.733493 
3.13987 3.13987 43.0147 0.00172362 -0.003175 -20.9216 6.12155 185.129 -0.694143 0.037002 0.71887 -20.2112 6.9109 186.602 -0.676774 0.0869677 0.731036 
3.13987 3.13987 43.0147 0.00172362 -0.003175 -21.0331 6.12561 185.13 -0.694143 0.037002 0.71887 -20.1177 7.24565 186.12 -0.677163 0.0859819 0.730792 
3.13987 3.13987 43.0147 0.00172362 -0.003175 -20.9216 6.12155 185.129 -0.694143 0.037002 0.71887 -20.0199 7.5483 185.951 -0.675227 0.0858927 0.732592 
3.13987 3.13987 43.0147 0.00172362 -0.003175 -21.0331 6.12678 185.131 -0.694149 0.036876 0.718752 -19.9365 7.8018 185.858 -0.675713 0.0864124 0.732083 
3.13987 3.13987 43.0163 0.00172362 -0.0047625 -21.0331 6.12678 185.131 -0.694149 0.036876 0.718752 -19.9016 7.99805 185.783 -0.676653 0.0869114 0.731155 
3.13987 3.13987 43.0163 0.00172362 -0.0047625 -21.0331 6.12565 185.131 -0.694144 0.036998 0.718748 -19.8212 8.13765 185.716 -0.677335 0.0871577 0.730494 
3.13987 3.13987 43.0163 0.00172362 -0.0047625 -21.0331 6.12678 185.131 -0.694149 0.036876 0.718752 -19.7478 8.22827 185.655 -0.67762 0.0871375 0.730232 
3.13987 3.13987 43.0163 0.00172362 -0.0047625 -21.0319 6.12674 185.131 -0.694271 0.0368805 0.718753 -19.6779 8.28115 185.603 -0.677729 0.0869603 0.730152 
3.13987 3.13987 43.0163 0.00172362 -0.0047625 -21.0331 6.12678 185.131 -0.694149 0.036876 0.718752 -19.6316 8.30901 185.563 -0.677749 0.0867359 0.73016 
3.13987 3.13987 43.0163 0.00172362 -0.0047625 -21.0331 6.12561 185.13 -0.694143 0.037002 0.71887 -19.595 8.32053 185.531 -0.677706 0.0865125 0.730226 
3.13987 3.13987 43.0163 0.00172362 -0.0047625 -21.0331 6.12565 185.131 -0.694144 0.036998 0.718748 -19.569 8.32416 185.508 -0.677665 0.0862682 0.730293 
3.13987 3.13987 43.0163 0.00172362 -0.0047625 -21.0331 6.12565 185.131 -0.694144 0.036998 0.718748 -19.5509 8.32413 185.481 -0.677634 0.0860902 0.730343 
3.13987 3.13987 43.0163 0.00172362 -0.0047625 -21.0331 6.12675 185.13 -0.694147 0.03688 0.718874 -19.5388 8.32357 185.475 -0.677604 0.0858915 0.730394 
3.13987 3.13987 43.0163 0.00172362 -0.0047625 -21.0331 6.12561 185.13 -0.694143 0.037002 0.71887 -19.5312 8.3229 185.47 -0.677596 0.0854008 0.730459 
3.13987 3.13987 43.0163 0.00172362 -0.0047625 -21.0331 6.12565 185.131 -0.694144 0.036998 0.718748 -19.5273 8.28942 185.469 -0.677593 0.0854009 0.730462 
3.13987 3.13987 43.0163 0.00172362 -0.0047625 -21.0331 6.12675 185.13 -0.694147 0.03688 0.718874 -19.5238 8.30216 185.467 -0.677581 0.0853806 0.730475 
3.13987 3.13987 43.0163 0.00172362 -0.0047625 -21.0331 6.12561 185.13 -0.694143 0.037002 0.71887 -19.5223 8.29237 185.466 -0.677564 0.0853762 0.730492 
3.13987 3.13987 43.0163 0.00172362 -0.0047625 -21.0331 6.12675 185.13 -0.694147 0.03688 0.718874 -19.5208 8.30411 185.465 -0.677555 0.085346 0.730503 
3.13987 3.13987 43.0163 0.00172362 -0.0047625 -21.0331 6.12675 185.13 -0.694147 0.03688 0.718874 -19.5198 8.31116 185.465 -0.67755 0.0853253 0.73051 
3.13987 3.13987 43.0163 0.00172362 -0.0047625 -21.0371 6.01416 185.135 -0.694144 0.036998 0.718748 -19.5195 8.30865 185.465 -0.677547 0.0853153 0.730514 
3.13987 3.13987 43.0163 0.00172362 -0.0047625 -21.036 6.01526 185.135 -0.694271 0.0368805 0.718753 -19.5195 8.29806 185.465 -0.677575 0.0853139 0.730488 
3.13987 3.13987 43.0163 0.00172362 -0.0047625 -21.0331 6.12678 185.131 -0.694149 0.036876 0.718752 -19.5197 8.2877 185.466 -0.677588 0.0853072 0.730477 
3.13987 3.13987 43.0163 0.00172362 -0.0047625 -21.0331 6.12678 185.131 -0.694149 0.036876 0.718752 -19.5192 8.30135 185.465 -0.677593 0.0853034 0.730474 
3.13987 3.13987 43.0163 0.00172362 -0.0047625 -21.0331 6.12675 185.13 -0.694147 0.03688 0.718874 -19.5189 8.30939 185.465 -0.677578 0.0853001 0.730487 
3.13987 3.13987 43.0163 0.00172362 -0.0047625 -21.0331 6.12678 185.131 -0.694149 0.036876 0.718752 -19.5187 8.31433 185.464 -0.677564 0.0852978 0.730501 
3.13987 3.13987 43.0163 0.00172362 -0.0047625 -21.0331 6.12678 185.131 -0.694149 0.036876 0.718752 -19.5186 8.3173 185.464 -0.677577 0.0852977 0.730488 
3.13987 3.13987 43.0163 0.00172362 -0.0047625 -21.0331 6.12678 185.131 -0.694149 0.036876 0.718752 -19.5184 8.31907 185.465 -0.677594 0.0852973 0.730473 
3.13987 3.13987 43.0163 0.00172362 -0.0047625 -21.033 6.12792 185.131 -0.694153 0.0367541 0.718756 -19.5184 8.32016 185.465 -0.677596 0.0852975 0.730471 
3.13987 3.13987 43.0163 0.00172362 -0.0047625 -21.0319 6.12788 185.131 -0.694275 0.0367585 0.718757 -19.5183 8.32119 185.465 -0.677603 0.0852533 0.73047 
3.13987 3.13987 43.0163 0.00172362 -0.0047625 -21.033 6.12792 185.131 -0.694153 0.0367541 0.718756 -19.5182 8.3218 185.465 -0.677614 0.0852265 0.730462 
3.13987 3.13987 43.0163 0.00172362 -0.0047625 -21.036 6.01526 185.135 -0.694271 0.0368805 0.718753 -19.5191 8.29709 185.465 -0.677611 0.085246 0.730463 
3.13987 3.13987 43.0163 0.00172362 -0.0047625 -21.036 6.01526 185.135 -0.694271 0.0368805 0.718753 -19.5201 8.26725 185.466 -0.677614 0.0852667 0.730458 
3.13987 3.13987 43.0163 0.00172362 -0.0047625 -21.036 6.01526 185.135 -0.694271 0.0368805 0.718753 -19.5205 8.25008 185.467 -0.677631 0.085278 0.730441 
3.13987 3.13987 43.0163 0.00172362 -0.0047625 -21.0371 6.0153 185.135 -0.694149 0.036876 0.718752 -19.5209 8.24094 185.467 -0.677628 0.0852856 0.730443 
3.13987 3.13987 43.0163 0.00172362 -0.0047625 -21.0371 6.0153 185.135 -0.694149 0.036876 0.718752 -19.5213 8.23406 185.467 -0.677616 0.0852904 0.730453 
3.13987 3.13987 43.0163 0.00172362 -0.0047625 -21.0371 6.01413 185.134 -0.694143 0.037002 0.71887 -19.5216 8.22994 185.467 -0.67759 0.0852922 0.730478 
3.13987 3.13987 43.0163 0.00172362 -0.0047625 -21.0371 6.01413 185.134 -0.694143 0.037002 0.71887 -19.5217 8.22711 185.467 -0.677568 0.0853365 0.730492 
3.13987 3.13987 43.0163 0.00172362 -0.0047625 -21.0371 6.01526 185.133 -0.694147 0.03688 0.718874 -19.5218 8.22566 185.467 -0.677557 0.0853292 0.730503 
3.13987 3.13987 43.0163 0.00172362 -0.0047625 -21.0382 6.0153 185.134 -0.694025 0.0368756 0.718872 -19.5217 8.2367 185.467 -0.677536 0.0853086 0.730525 
3.13987 3.13987 43.0163 0.00172362 -0.0047625 -21.0371 6.01526 185.133 -0.694147 0.03688 0.718874 -19.5219 8.23152 185.467 -0.677532 0.0853031 0.730529 
3.13987 3.13987 43.0163 0.00172362 -0.0047625 -21.0382 6.01643 185.133 -0.69403 0.0367537 0.718877 -19.5223 8.22842 185.467 -0.677517 0.0853004 0.730544 
3.13987 3.13987 43.0163 0.00172362 -0.0047625 -20.9255 6.01233 185.132 -0.694152 0.0367581 0.718878 -19.4982 8.22599 185.466 -0.677526 0.0852635 0.73054 
3.13987 3.13987 43.0163 0.00172362 -0.0047625 -21.0382 6.01643 185.133 -0.69403 0.0367537 0.718877 -19.497 8.22606 185.466 -0.677515 0.0852324 0.730554 
3.13987 3.13987 43.0163 0.00172362 -0.0047625 -20.9267 6.0112 185.131 -0.694024 0.0368796 0.718994 -19.4703 8.22385 185.466 -0.677493 0.0852526 0.730572 
3.13987 3.13987 43.0163 0.00172362 -0.0047625 -20.9267 6.01233 185.131 -0.694028 0.0367577 0.718999 -19.4527 8.22249 185.466 -0.677471 0.08526 0.730591 
3.13987 3.13987 43.0163 0.00172362 -0.0047625 -20.9267 6.01233 185.131 -0.694028 0.0367577 0.718999 -19.4416 8.22178 185.466 -0.677471 0.0852522 0.730593 
3.13987 3.13987 43.0163 0.00172362 -0.0047625 -20.9267 6.01233 185.131 -0.694028 0.0367577 0.718999 -19.4349 8.22139 185.465 -0.677455 0.0852417 0.730608 
3.13987 3.13987 43.0163 0.00172362 -0.0047625 -20.9267 6.01233 185.131 -0.694028 0.0367577 0.718999 -19.4309 8.22124 185.465 -0.677455 0.0852268 0.73061 
3.13987 3.13987 43.0163 0.00172362 -0.0047625 -20.9267 6.01237 185.132 -0.69403 0.0367537 0.718877 -19.4285 8.22124 185.465 -0.677462 0.0852103 0.730605 
3.13987 3.13987 43.0163 0.00172362 -0.0047625 -20.9267 6.01233 185.131 -0.694028 0.0367577 0.718999 -19.4271 8.22117 185.465 -0.677456 0.0852057 0.730611 
3.13987 3.13987 43.0163 0.00172362 -0.0047625 -20.9267 6.0112 185.131 -0.694024 0.0368796 0.718994 -19.4263 8.22112 185.465 -0.677455 0.085205 0.730613 
3.13987 3.13987 43.0163 0.00172362 -0.0047625 -20.9267 6.0112 185.131 -0.694024 0.0368796 0.718994 -19.4259 8.22109 185.465 -0.677438 0.085204 0.730629 
3.13987 3.13987 43.0163 0.00172362 -0.0047625 -20.9267 6.01233 185.131 -0.694028 0.0367577 0.718999 -19.4255 8.22112 185.465 -0.677438 0.0851972 0.730629 
3.13987 3.13987 43.0163 0.00172362 -0.0047625 -20.9278 6.01238 185.131 -0.693906 0.0367532 0.718997 -19.4254 8.22117 185.465 -0.677431 0.0851898 0.730637 
3.13987 3.13987 43.0163 0.00172362 -0.0047625 -20.9278 6.01238 185.131 -0.693906 0.0367532 0.718997 -19.4255 8.22119 185.465 -0.677419 0.0851878 0.730648 
3.13987 3.13987 43.0163 0.00172362 -0.0047625 -20.9278 6.01234 185.13 -0.693905 0.0367573 0.719119 -19.4257 8.22117 185.465 -0.6774 0.0851911 0.730665 
3.13987 3.13987 43.0163 0.00172362 -0.0047625 -20.9278 6.01234 185.13 -0.693905 0.0367573 0.719119 -19.4258 8.22128 185.465 -0.677384 0.085179 0.730681 
3.13987 3.13987 43.0163 0.00172362 -0.0047625 -20.9278 6.01234 185.13 -0.693905 0.0367573 0.719119 -19.4259 8.22122 185.465 -0.677359 0.0851834 0.730704 
3.13987 3.13987 43.0163 0.00172362 -0.0047625 -20.9278 6.01238 185.131 -0.693906 0.0367532 0.718997 -19.4259 8.22123 185.464 -0.677342 0.0851812 0.73072 
3.13987 3.13987 43.0163 0.00172362 -0.0047625 -20.929 6.01238 185.13 -0.693783 0.0367528 0.719118 -19.4261 8.22127 185.464 -0.677327 0.0851769 0.730735 
3.13987 3.13987 43.0163 0.00172362 -0.0047625 -20.929 6.01238 185.13 -0.693783 0.0367528 0.719118 -19.4263 8.22136 185.464 -0.677309 0.0851681 0.730753 
3.13987 3.13987 43.0163 0.00172362 -0.0047625 -20.929 6.01238 185.13 -0.693783 0.0367528 0.719118 -19.4266 8.22148 185.464 -0.677283 0.0851557 0.730777 
3.13987 3.13987 43.0163 0.00172362 -0.0047625 -20.929 6.01234 185.129 -0.693782 0.0367568 0.71924 -19.4268 8.22134 185.464 -0.677251 0.0851688 0.730806 
3.13987 3.13987 43.0163 0.00172362 -0.0047625 -20.9301 6.01352 185.129 -0.693664 0.0366305 0.719243 -19.4269 8.22135 185.463 -0.677236 0.0851673 0.73082 
3.13987 3.13987 43.0163 0.00172362 -0.0047625 -20.9301 6.01352 185.129 -0.693664 0.0366305 0.719243 -19.427 8.22151 185.463 -0.67722 0.0851495 0.730837 
3.13987 3.13987 43.0163 0.00172362 -0.0047625 -20.9301 6.01235 185.128 -0.693658 0.0367564 0.719361 -19.4272 8.22148 185.463 -0.677199 0.0851523 0.730856 
3.13987 3.13987 43.0163 0.00172362 -0.0047625 -20.9301 6.01348 185.128 -0.693663 0.0366345 0.719365 -19.4275 8.22161 185.463 -0.677162 0.0851384 0.730892 
3.13987 3.13987 43.0163 0.00172362 -0.0047625 -20.9312 6.01239 185.128 -0.693536 0.0367519 0.71936 -19.4277 8.22171 185.463 -0.677132 0.0851252 0.730921 
3.13987 3.13987 43.0163 0.00172362 -0.0047625 -20.9301 6.01348 185.128 -0.693663 0.0366345 0.719365 -19.4279 8.22181 185.463 -0.677111 0.0851125 0.730942 
3.13987 3.13987 43.0163 0.00172362 -0.0047625 -20.9301 6.01235 185.128 -0.693658 0.0367564 0.719361 -19.4279 8.2218 185.463 -0.677112 0.0851155 0.730941 
3.13987 3.13987 43.0163 0.00172362 -0.0047625 -20.9301 6.01235 185.128 -0.693658 0.0367564 0.719361 -19.4279 8.22167 185.463 -0.677106 0.08514 0.730944 
3.13987 3.13987 43.0163 0.00172362 -0.0047625 -20.9312 6.01239 185.128 -0.693536 0.0367519 0.71936 -19.4278 8.22165 185.463 -0.677112 0.0851524 0.730937 
3.13987 3.13987 43.0163 0.00172362 -0.0047625 -20.9301 6.01235 185.128 -0.693658 0.0367564 0.719361 -19.428 8.22169 185.463 -0.677103 0.0851608 0.730944 
3.13987 3.13987 43.0163 0.00172362 -0.0047625 -20.9312 6.01352 185.128 -0.693541 0.03663 0.719364 -19.4281 8.22177 185.463 -0.677101 0.0851645 0.730946 
3.13987 3.13987 43.0163 0.00172362 -0.0047625 -20.9312 6.01352 185.128 -0.693541 0.03663 0.719364 -19.4259 8.22135 185.464 -0.677216 0.0851529 0.73084 
3.13987 3.13987 43.0163 0.00172362 -0.0047625 -20.9312 6.01239 185.128 -0.693536 0.0367519 0.71936 -19.4235 8.22098 185.465 -0.677348 0.085142 0.73072 
3.13987 3.13987 43.0163 0.00172362 -0.0047625 -20.9312 6.01348 185.127 -0.693539 0.036634 0.719486 -19.4211 8.21967 185.465 -0.677475 0.085155 0.730599 
3.13987 3.13987 43.0163 0.00172362 -0.0047625 -20.9324 6.01239 185.127 -0.693413 0.0367515 0.71948 -19.4182 8.22239 185.496 -0.678135 0.0851456 0.729988 
3.13987 3.13987 43.0163 0.00172362 -0.0047625 -20.9324 6.01239 185.127 -0.693413 0.0367515 0.71948 -19.4108 8.224 185.527 -0.679035 0.085134 0.729153 
3.13987 3.13987 43.0163 0.00172362 -0.0047625 -20.9324 6.01239 185.127 -0.693413 0.0367515 0.71948 -19.4049 8.22425 185.558 -0.679863 0.0851612 0.728377 
3.13987 3.13987 43.0163 0.00172362 -0.0047625 -20.9324 6.01353 185.127 -0.693417 0.0366296 0.719484 -19.3427 8.21534 185.617 -0.683956 0.0851648 0.724535 
3.13987 3.13987 43.0163 0.00172362 -0.0047625 -20.9324 6.01353 185.127 -0.693417 0.0366296 0.719484 -19.2868 8.21827 185.631 -0.686961 0.0848106 0.721728 
3.13987 3.13987 43.0163 0.00172362 -0.0047625 -20.9324 6.01239 185.127 -0.693413 0.0367515 0.71948 -19.2296 8.20565 185.741 -0.691617 0.0850414 0.71724 
3.13987 3.13987 43.0163 0.00172362 -0.0047625 -20.9324 6.01235 185.126 -0.693412 0.0367555 0.719602 -19.0932 8.19577 186.317 -0.707987 0.0857287 0.701003 
3.13987 3.13987 43.0163 0.00172362 -0.0047625 -20.9336 6.01236 185.124 -0.693288 0.0367551 0.719723 -18.643 8.26782 187.191 -0.742866 0.0830159 0.664273 
3.13987 3.13987 43.0163 0.00172362 -0.0047625 -20.9347 6.0124 185.124 -0.693166 0.0367507 0.719722 -17.559 8.26085 189.69 -0.821957 0.0809862 0.563762 
3.13987 3.13987 43.0163 0.00172362 -0.0047625 -20.9347 6.0135 185.123 -0.693169 0.0366327 0.719848 -15.9479 8.19653 192.661 -0.898938 0.0765991 0.431328 
3.13987 3.13987 43.0163 0.00172362 -0.0047625 -20.9347 6.0124 185.124 -0.693166 0.0367507 0.719722 -13.7207 8.10473 195.916 -0.954535 0.0690248 0.289999 
3.13987 3.13987 43.0179 0.00172362 -0.00635 -20.8266 6.00835 185.12 -0.692796 0.0367494 0.720084 -69.3232 -20.58 154.584 -0.842886 0.0602988 0.534702 
3.13987 3.13987 43.0179 0.00172362 -0.00635 -20.8266 6.00835 185.12 -0.692796 0.0367494 0.720084 -69.2122 -20.3399 154.579 -0.843597 0.0505581 0.534591 
3.13987 3.13987 43.0179 0.00172362 -0.00635 -20.8266 6.00722 185.12 -0.692792 0.0368713 0.72008 -68.4716 -20.5801 154.581 -0.84478 0.0600188 0.531737 
3.13987 3.13987 43.0179 0.00172362 -0.00635 -20.8266 6.00835 185.12 -0.692796 0.0367494 0.720084 -67.9426 -20.4448 154.582 -0.846196 0.0544196 0.530085 
3.13987 3.13987 43.0179 0.00172362 -0.00635 -20.8266 6.00835 185.12 -0.692796 0.0367494 0.720084 -67.7101 -19.7782 154.583 -0.847618 0.027615 0.529888 
3.13987 3.13987 43.0179 0.00172362 -0.00635 -20.8266 6.00835 185.12 -0.692796 0.0367494 0.720084 -67.5896 -19.433 154.583 -0.848114 0.0137384 0.529636 
3.13987 3.13987 43.0179 0.00172362 -0.00635 -20.8266 6.00835 185.12 -0.692796 0.0367494 0.720084 -67.5555 -19.4005 154.583 -0.848201 0.0124306 0.529529 
3.13987 3.13987 43.0179 0.00172362 -0.00635 -20.8266 6.00831 185.119 -0.692795 0.0367534 0.720206 -67.4996 -19.2666 154.614 -0.848297 0.00705157 0.529474 
3.13987 3.13987 43.0179 0.00172362 -0.00635 -20.8277 6.00835 185.119 -0.692673 0.0367489 0.720205 -67.3585 -19.3768 154.666 -0.848455 0.0114738 0.529144 
3.13987 3.13987 43.0179 0.00172362 -0.00635 -20.8277 6.00835 185.119 -0.692673 0.0367489 0.720205 -66.614 -19.1694 154.705 -0.850003 0.00318125 0.526768 
3.13987 3.13987 43.0179 0.00172362 -0.00635 -20.8277 6.00835 185.119 -0.692673 0.0367489 0.720205 -66.0544 -19.1839 154.757 -0.851065 0.00377426 0.525046 
3.13987 3.13987 43.0179 0.00172362 -0.00635 -20.8277 6.00832 185.118 -0.692672 0.0367529 0.720327 -65.58 -19.3094 154.804 -0.851928 0.00876572 0.523586 
3.13987 3.13987 43.0179 0.00172362 -0.00635 -20.8277 6.00832 185.118 -0.692672 0.0367529 0.720327 -64.7632 -19.2935 154.842 -0.85353 0.00813398 0.52098 
3.13987 3.13987 43.0179 0.00172362 -0.00635 -20.8277 6.00832 185.118 -0.692672 0.0367529 0.720327 -64.2231 -18.9405 154.868 -0.854582 -0.00573582 0.519286 
3.13987 3.13987 43.0179 0.00172362 -0.00635 -20.83 6.00836 185.117 -0.692426 0.0367481 0.720447 -63.6449 -19.6339 154.915 -0.855471 0.0214559 0.517406 
