3.13901 3.13901 43.0005 0.00258544 0 -21.3786 6.09481 185.345 -0.695817 0.0412644 0.716984 -20.2308 6.0822 189.477 -0.657536 0.113136 0.74488 
3.13901 3.13901 43.0005 0.00258544 0 -21.3774 6.0948 185.346 -0.695941 0.0412658 0.716863 -20.4437 6.51493 188.04 -0.67062 0.097778 0.735328 
3.13901 3.13901 43.0005 0.00258544 0 -21.3774 6.0948 185.346 -0.695941 0.0412658 0.716863 -20.3118 7.76702 186.423 -0.677913 0.0932309 0.729206 
3.13901 3.13901 43.0005 0.00258544 0 -21.3774 6.0948 185.346 -0.695941 0.0412658 0.716863 -19.9331 8.34897 185.575 -0.676374 0.090964 0.73092 
3.13901 3.13901 43.0005 0.00258544 0 -21.3821 5.98333 185.35 -0.695941 0.0412658 0.716863 -19.861 8.28791 185.471 -0.676193 0.0889793 0.731331 
3.13901 3.13901 43.0005 0.00258544 0 -21.382 5.9856 185.35 -0.695951 0.041022 0.716871 -19.8623 8.22938 185.471 -0.676143 0.0888032 0.731399 
3.13901 3.13901 43.0005 0.00258544 0 -21.3832 5.98561 185.349 -0.695828 0.0410206 0.716992 -19.8631 8.2293 185.47 -0.676047 0.0887461 0.731495 
3.13901 3.13901 43.0005 0.00258544 0 -21.3843 5.98562 185.348 -0.695704 0.0410193 0.717113 -19.8639 8.22919 185.469 -0.675964 0.0887588 0.73157 
3.13901 3.13901 43.0005 0.00258544 0 -21.2762 5.98208 185.343 -0.69534 0.0408935 0.71748 -19.8161 8.22735 185.467 -0.675796 0.0887314 0.731728 
3.13901 3.13901 43.0005 0.00258544 0 -21.2762 5.98208 185.343 -0.69534 0.0408935 0.71748 -19.8161 8.22735 185.467 -0.675796 0.0887314 0.731728 
3.13901 3.13901 43.0005 0.00258544 0 -21.2762 5.98208 185.343 -0.69534 0.0408935 0.71748 -19.8161 8.22735 185.467 -0.675796 0.0887314 0.731728 
3.13901 3.13901 43.0005 0.00258544 0 -21.2773 5.98213 185.343 -0.695218 0.0408884 0.717479 -19.8161 8.22735 185.467 -0.675796 0.0887314 0.731728 
3.13901 3.13901 43.0005 0.00258544 0 -21.2773 5.98213 185.343 -0.695218 0.0408884 0.717479 -19.8161 8.22735 185.467 -0.675796 0.0887314 0.731728 
3.13901 3.13901 43.0005 0.00258544 0 -21.2774 5.98096 185.342 -0.695212 0.0410141 0.717597 -19.8161 8.22735 185.467 -0.675796 0.0887314 0.731728 
3.13901 3.13901 43.0005 0.00258544 0 -21.2773 5.98213 185.343 -0.695218 0.0408884 0.717479 -19.8161 8.22735 185.467 -0.675796 0.0887314 0.731728 
3.13901 3.13901 43.0005 0.00258544 0 -21.2773 5.98209 185.342 -0.695217 0.0408922 0.717601 -19.8161 8.22735 185.467 -0.675796 0.0887314 0.731728 
3.13901 3.13901 43.0005 0.00258544 0 -21.2774 5.98096 185.342 -0.695212 0.0410141 0.717597 -19.8161 8.22735 185.467 -0.675796 0.0887314 0.731728 
3.13901 3.13901 43.0005 0.00258544 0 -21.2774 5.98096 185.342 -0.695212 0.0410141 0.717597 -19.8161 8.22735 185.467 -0.675796 0.0887314 0.731728 
3.13901 3.13901 43.0005 0.00258544 0 -21.2785 5.98097 185.341 -0.695088 0.0410128 0.717718 -19.8161 8.22735 185.467 -0.675796 0.0887314 0.731728 
3.13901 3.13901 43.0005 0.00258544 0 -21.2785 5.9821 185.341 -0.695093 0.0408909 0.717721 -19.8161 8.22735 185.467 -0.675796 0.0887314 0.731728 
3.13901 3.13901 43.0005 0.00258544 0 -21.2785 5.9821 185.341 -0.695093 0.0408909 0.717721 -19.8161 8.22735 185.467 -0.675796 0.0887314 0.731728 
3.13901 3.13901 43.0005 0.00258544 0 -21.2785 5.98097 185.341 -0.695088 0.0410128 0.717718 -19.8161 8.22735 185.467 -0.675796 0.0887314 0.731728 
3.13901 3.13901 43.0005 0.00258544 0 -21.2785 5.98097 185.341 -0.695088 0.0410128 0.717718 -19.8161 8.22735 185.467 -0.675796 0.0887314 0.731728 
3.13901 3.13901 43.0005 0.00258544 0 -21.2796 5.98212 185.34 -0.69497 0.0408896 0.717842 -19.8161 8.22735 185.467 -0.675796 0.0887314 0.731728 
3.13901 3.13901 43.0005 0.00258544 0 -21.2796 5.98102 185.341 -0.694966 0.0410076 0.717716 -19.8161 8.22735 185.467 -0.675796 0.0887314 0.731728 
3.13901 3.13901 43.0005 0.00258544 0 -21.2797 5.98098 185.34 -0.694965 0.0410115 0.717838 -19.7888 8.22612 185.47 -0.675469 0.0887463 0.732028 
3.13901 3.13901 43.0005 0.00258544 0 -21.2797 5.98098 185.34 -0.694965 0.0410115 0.717838 -19.7708 8.2259 185.477 -0.675252 0.088707 0.732234 
3.13901 3.13901 43.0005 0.00258544 0 -21.2808 5.98213 185.339 -0.694847 0.0408883 0.717963 -19.772 8.22481 185.464 -0.675136 0.0887731 0.732332 
3.13901 3.13901 43.0005 0.00258544 0 -21.2797 5.98451 185.45 -0.694842 0.0410102 0.717959 -19.7867 8.20321 184.278 -0.674501 0.0868014 0.733154 
