2468 -64.2411 0.0261819 184.585 -0.884245 0.0222749 0.466491 -66.7421 -0.690903 182.653 -0.901856 -0.0482371 0.429436 3.06285e-015 2.44929e-016 34.0136 3.14159 19.9866 
89719 -64.3252 0.0208436 184.51 -0.884925 0.0223033 0.4652 -66.7432 -0.690923 182.653 -0.901734 -0.048235 0.429434 3.06285e-015 2.44929e-016 34.1279 3.14159 19.8342 
176932 -64.3743 0.0177203 184.379 -0.88532 0.0223195 0.464447 -66.8536 -0.693852 182.655 -0.901859 -0.0481321 0.429299 3.06285e-015 2.44929e-016 34.1946 3.14159 19.658 
264194 -64.4153 0.0151124 184.235 -0.885649 0.0223327 0.463819 -66.9673 -0.709464 182.544 -0.901734 -0.048235 0.429434 3.06285e-015 2.44929e-016 34.2502 3.14159 19.477 
352411 -64.4726 0.0114536 184.106 -0.886108 0.0223508 0.46294 -66.97 -0.626868 182.308 -0.901854 -0.0483581 0.429452 3.06285e-015 2.44929e-016 34.3279 3.14159 19.2961 
439669 -64.5552 0.000238396 184.02 -0.886763 0.022307 0.461685 -66.8613 -0.529676 182.184 -0.901858 -0.0482691 0.429194 3.06285e-015 2.44929e-016 34.4359 3.14159 19.1325 
526904 -64.615 -0.0037453 183.99 -0.887239 0.0223225 0.46077 -66.8599 -0.542513 182.078 -0.902103 -0.0484582 0.428728 3.06285e-015 2.44929e-016 34.5169 3.14159 19.0484 
614013 -64.6513 -0.00617284 184.011 -0.887527 0.0223316 0.460213 -66.8619 -0.557427 181.965 -0.901979 -0.0484241 0.428969 3.06285e-015 2.44929e-016 34.5661 3.14159 19.0373 
702265 -64.71 -0.0100979 184.147 -0.887992 0.0223457 0.459316 -66.8619 -0.558553 181.965 -0.901982 -0.0483031 0.428953 3.06285e-015 2.44929e-016 34.6454 3.14159 19.1199 
789562 -64.6946 -0.0164145 184.526 -0.887872 0.0222686 0.459551 -66.8619 -0.559678 181.965 -0.901984 -0.0481821 0.428937 0.000287271 2.44929e-016 34.6248 3.14159 19.512 
876591 -64.2023 -0.176233 185.198 -0.886235 0.0244285 0.462591 -66.9715 -0.54111 182.079 -0.902096 -0.0488212 0.428776 0.221198 0.0568796 35.2138 3.04995 19.1627 
963854 -63.6565 -0.532919 186.102 -0.885087 0.0241094 0.464801 -67.264 -1.24374 182.466 -0.904879 -0.0540478 0.422222 0.461644 0.126686 36.3949 2.95602 18.6372 
1052129 -63.4682 -0.715223 186.406 -0.884676 0.023471 0.465614 -67.6802 -1.7389 182.703 -0.906909 -0.0595698 0.417056 0.646934 0.204824 37.1394 2.87328 17.9118 
1139339 -63.441 -0.773718 186.473 -0.884647 0.0232361 0.465682 -67.5633 -1.83107 182.832 -0.907155 -0.0597749 0.416469 0.779653 0.276642 37.6982 2.80146 17.0545 
1226588 -63.224 -0.909543 186.733 -0.884153 0.0225254 0.466654 -67.3489 -1.30711 182.757 -0.90734 -0.0562042 0.416492 0.89255 0.335819 38.4237 2.73941 16.2433 
1313836 -62.6007 -1.28975 187.626 -0.883743 0.0235471 0.46738 -67.0278 -0.346284 182.841 -0.907715 -0.0486677 0.416732 1.0359 0.382932 39.6413 2.67736 15.6337 
1401962 -62.0294 -1.67468 188.457 -0.883457 0.0246809 0.467861 -66.791 -0.518252 183.428 -0.908264 -0.0456991 0.415976 1.12897 0.398444 40.4414 2.64835 15.5321 
1489234 -61.5389 -2.03049 189.225 -0.883502 0.0261371 0.467697 -66.5509 -1.17234 184.403 -0.907765 -0.0456678 0.417076 1.20711 0.406488 41.132 2.62824 15.5289 
1576471 -61.1512 -2.34915 189.87 -0.883827 0.0274513 0.467009 -66.085 -1.83133 185.274 -0.90763 -0.0462547 0.417275 1.26974 0.410797 41.7241 2.61445 15.5337 
1663750 -60.7773 -2.6232 190.493 -0.884059 0.0290429 0.466472 -65.8533 -2.27888 185.995 -0.906856 -0.0477762 0.418701 1.32518 0.414244 42.248 2.60296 15.5813 
1751957 -60.3759 -2.94981 191.039 -0.883977 0.0301773 0.466556 -65.511 -2.85625 186.613 -0.905844 -0.0485925 0.420771 1.37775 0.416543 42.6845 2.59319 15.6178 
1839096 -60.0252 -3.20086 191.548 -0.88396 0.0314068 0.466506 -65.0548 -3.4299 187.234 -0.905078 -0.0495981 0.422375 1.42314 0.419703 43.0814 2.58457 15.6639 
1926356 -59.6193 -3.45831 191.994 -0.883361 0.0325222 0.467564 -64.7223 -3.7948 187.705 -0.903558 -0.051036 0.425262 1.46422 0.421426 43.3513 2.57739 15.7385 
2013583 -59.2898 -3.68854 192.404 -0.882952 0.0335131 0.468265 -64.2683 -4.25457 188.31 -0.902784 -0.0523886 0.427035 1.4984 0.422863 43.5989 2.57165 15.8179 
2100965 -58.9195 -3.91955 192.78 -0.882144 0.0344376 0.469719 -64.0473 -4.74813 188.684 -0.901142 -0.0536715 0.430147 1.53087 0.424012 43.7752 2.56619 15.9099 
2188988 -58.5719 -4.12729 193.138 -0.881295 0.0354515 0.471234 -63.488 -5.11504 189.159 -0.900007 -0.0544697 0.432337 1.56017 0.425161 43.926 2.56102 16.0099 
2276351 -58.2929 -4.29933 193.441 -0.880726 0.0364631 0.472221 -63.2636 -5.60619 189.646 -0.898636 -0.0544418 0.435154 1.58459 0.426597 44.0879 2.55642 16.0671 
2363472 -58.0656 -4.48185 193.714 -0.880275 0.0373455 0.472993 -63.0506 -5.55999 189.949 -0.897266 -0.054277 0.438077 1.60556 0.426597 44.2339 2.55326 16.1274 
2450824 -57.7838 -4.71964 193.986 -0.879499 0.0377235 0.474403 -62.4925 -5.61967 190.278 -0.896771 -0.0539877 0.439266 1.62796 0.427172 44.3641 2.54953 16.175 
2539000 -57.5463 -4.88775 194.208 -0.878766 0.0385675 0.475692 -62.2705 -5.92228 190.522 -0.895781 -0.0535781 0.441298 1.64635 0.427172 44.4578 2.54637 16.2227 
2626132 -57.3137 -5.05292 194.428 -0.878036 0.0395306 0.476959 -62.0531 -5.98242 190.846 -0.894654 -0.0538764 0.443545 1.66473 0.427459 44.5626 2.54292 16.256 
2713399 -57.0985 -5.21131 194.614 -0.877321 0.0403795 0.478203 -61.7224 -6.0658 191.063 -0.893798 -0.0530328 0.445151 1.6814 0.427746 44.6578 2.53976 16.2703 
2800625 -56.8531 -5.36292 194.801 -0.876385 0.041345 0.479833 -61.6163 -6.14905 191.384 -0.892707 -0.0510572 0.447837 1.69949 0.429182 44.7483 2.53545 16.2735 
2888857 -56.6118 -5.53261 194.962 -0.875394 0.0419102 0.48159 -61.2887 -6.13316 191.475 -0.891843 -0.0505606 0.449612 1.71587 0.430044 44.815 2.532 16.2735 
2976114 -56.3965 -5.67586 195.119 -0.874474 0.042801 0.48318 -60.9605 -6.20802 191.688 -0.890722 -0.0506329 0.451706 1.73081 0.430619 44.8864 2.52856 16.2735 
3063403 -56.2211 -5.80373 195.245 -0.8737 0.0436577 0.484502 -60.8539 -6.31024 191.795 -0.889864 -0.0497573 0.453554 1.74258 0.430044 44.9436 2.52626 16.2735 
3150480 -56.0111 -5.95497 195.382 -0.872709 0.0444857 0.48621 -60.636 -6.39703 192.011 -0.888887 -0.0487586 0.455384 1.7558 0.42947 44.9959 2.52367 16.2735 
3238721 -55.7999 -6.12113 195.501 -0.871667 0.0450743 0.488022 -60.4202 -6.3722 192.212 -0.887906 -0.047865 0.457352 1.76786 0.428033 45.0293 2.52195 16.2735 
3326023 -55.614 -6.27292 195.598 -0.870726 0.045712 0.48964 -60.3115 -6.46479 192.322 -0.887277 -0.0480257 0.458846 1.77821 0.426022 45.0594 2.5208 16.2655 
3413126 -55.4111 -6.44704 195.687 -0.86971 0.046064 0.491409 -59.9794 -6.55635 192.434 -0.886659 -0.0478712 0.459929 1.78998 0.425161 45.1087 2.51908 16.2227 
3500352 -55.198 -6.6293 195.775 -0.86864 0.0464068 0.493266 -59.7611 -6.66575 192.54 -0.885818 -0.0460117 0.46177 1.8032 0.425448 45.1864 2.51649 16.1449 
3588612 -55.035 -6.75332 195.851 -0.867901 0.0471354 0.494496 -59.5481 -6.6799 192.732 -0.884536 -0.0409269 0.46466 1.81727 0.427746 45.315 2.51218 16.0163 
3675850 -54.82 -6.94179 195.939 -0.866765 0.0472002 0.496479 -59.3366 -6.49316 192.792 -0.883639 -0.0352184 0.466732 1.83422 0.433204 45.477 2.50615 15.8448 
3763121 -54.6148 -7.09635 196.007 -0.865671 0.0479626 0.498311 -59.0104 -6.28407 192.857 -0.883077 -0.0317011 0.468111 1.85031 0.437226 45.6579 2.5004 15.6432 
3850216 -54.4438 -7.27903 196.054 -0.864807 0.0480219 0.499802 -58.9032 -6.29556 192.954 -0.882506 -0.0286837 0.469432 1.8664 0.442971 45.8992 2.49437 15.3765 
3938567 -54.2876 -7.44997 196.105 -0.863936 0.0487828 0.501233 -58.6819 -6.31745 192.948 -0.882306 -0.0259056 0.469926 1.88162 0.446131 46.1675 2.48949 15.0812 
4025836 -54.1189 -7.59526 196.142 -0.863084 0.0498796 0.502591 -58.5743 -6.22602 192.928 -0.882098 -0.0236275 0.470363 1.89426 0.447855 46.3739 2.48547 14.8542 
4113011 -53.9782 -7.7095 196.172 -0.862306 0.0502344 0.50389 -58.5744 -6.22681 193.035 -0.882001 -0.0219725 0.47076 1.9046 0.449866 46.5311 2.48231 14.6748 
4200135 -53.8287 -7.82699 196.199 -0.861501 0.0507237 0.505216 -58.4649 -6.238 193.03 -0.881777 -0.0205573 0.471187 1.91667 0.452739 46.7422 2.47828 14.4399 
4287545 -53.6445 -7.92868 196.243 -0.860429 0.0514994 0.506962 -58.2458 -6.01552 193.108 -0.881687 -0.0186922 0.47131 1.92988 0.455611 46.9549 2.47369 14.205 
4375663 -53.5086 -8.02021 196.26 -0.859719 0.0522318 0.50809 -58.2467 -6.03076 193.105 -0.881591 -0.0170532 0.471585 1.94109 0.457622 47.1835 2.47024 13.9557 
4462987 -53.3293 -8.13009 196.3 -0.858849 0.0526918 0.509511 -58.136 -6.04403 193.102 -0.881495 -0.0154141 0.471861 1.95603 0.461644 47.4978 2.46536 13.635 
4550143 -53.073 -8.26613 196.358 -0.857739 0.0533699 0.511307 -58.0241 -6.06261 193.101 -0.881535 -0.0132042 0.471816 1.97757 0.466815 47.9931 2.45904 13.1461 
4637380 -52.6967 -8.41237 196.447 -0.856684 0.0538454 0.513023 -57.797 -6.08307 193.104 -0.881953 -0.0105805 0.471227 2.01204 0.47572 48.9012 2.45013 12.2984 
4725502 -52.2081 -8.55636 196.566 -0.855523 0.0539474 0.514946 -57.6824 -5.99536 193.098 -0.8825 -0.00790183 0.470139 2.04738 0.47888 49.8346 2.44697 11.4538 
4812837 -51.5722 -8.59605 196.703 -0.853908 0.0544935 0.517564 -57.4458 -6.21337 193.249 -0.883398 -0.00626152 0.468698 2.08329 0.47888 50.7094 2.44697 10.6505 
4900047 -50.8727 -8.54698 196.822 -0.852235 0.0562601 0.520125 -57.0989 -6.53892 193.301 -0.88402 -0.00631093 0.467478 2.12149 0.47572 51.5904 2.45013 9.80599 
4987268 -50.1466 -8.48419 196.906 -0.850626 0.0578516 0.522579 -56.6394 -7.28356 193.505 -0.883757 -0.00710575 0.46795 2.15712 0.4694 52.3969 2.45645 9.00271 
5075414 -49.5433 -8.42625 196.965 -0.849466 0.0594702 0.524282 -56.3031 -7.72183 193.549 -0.883015 -0.00693318 0.469153 2.18584 0.461931 53.062 2.46392 8.33596 
5162634 -48.9248 -8.38094 197.039 -0.847941 0.06048 0.526629 -55.8542 -8.02805 193.689 -0.882511 -0.00728085 0.47018 2.21198 0.45475 53.5637 2.47168 7.81526 
5249897 -48.4053 -8.37065 197.095 -0.846762 0.060481 0.528522 -55.2908 -8.54685 193.856 -0.88187 -0.00835239 0.471302 2.23353 0.449291 53.9574 2.47886 7.39616 
5337155 -47.9081 -8.34376 197.139 -0.845603 0.0607185 0.530348 -54.9572 -8.96309 193.894 -0.880835 -0.0105477 0.473184 2.25393 0.443833 54.3162 2.48575 7.00087 
5425387 -47.412 -8.29591 197.204 -0.844208 0.060884 0.532547 -54.6256 -9.15644 193.905 -0.880045 -0.0129162 0.474721 2.27317 0.439524 54.5876 2.4915 6.69607 
5512521 -47.0572 -8.29594 197.211 -0.843425 0.0608899 0.533785 -54.178 -9.57331 193.948 -0.879266 -0.0148326 0.475953 2.28754 0.43579 54.8432 2.49667 6.38969 
5599752 -46.7164 -8.25113 197.233 -0.84235 0.0608192 0.535488 -53.8453 -9.75994 194.071 -0.878493 -0.016354 0.477379 2.30046 0.434066 54.9829 2.49983 6.1976 
5687019 -46.3745 -8.20043 197.267 -0.841186 0.060973 0.537297 -53.6251 -9.96313 194.085 -0.877719 -0.0178755 0.478805 2.31282 0.431768 55.102 2.50299 6.03091 
5775259 -46.0627 -8.16384 197.298 -0.840026 0.0607379 0.539136 -53.1808 -10.1518 194.098 -0.877049 -0.020536 0.480013 2.32345 0.430332 55.1686 2.50558 5.91344 
5862542 -45.7826 -8.10352 197.337 -0.838939 0.0607554 0.540824 -52.9655 -10.2142 194.205 -0.875876 -0.0237291 0.481779 2.33321 0.429757 55.221 2.50701 5.82295 
5949782 -45.5157 -8.01966 197.378 -0.837796 0.0611196 0.542551 -52.7475 -10.3045 194.203 -0.875097 -0.0254926 0.483237 2.34212 0.429757 55.2528 2.50759 5.75469 
6036885 -45.279 -7.94919 197.406 -0.836762 0.0610471 0.544154 -52.5264 -10.4918 194.329 -0.874322 -0.027151 0.484558 2.35016 0.430619 55.2591 2.50759 5.70389 
6125143 -45.0918 -7.89819 197.427 -0.835949 0.0608486 0.545424 -52.3052 -10.6864 194.347 -0.873659 -0.0296014 0.485492 2.35648 0.431481 55.2607 2.50759 5.66579 
6212394 -44.9178 -7.85821 197.447 -0.83513 0.0605329 0.546712 -52.0818 -10.8748 194.368 -0.873231 -0.0327091 0.486145 2.36194 0.432342 55.2417 2.50759 5.64832 
6299537 -44.7621 -7.81767 197.473 -0.834381 0.0603982 0.547869 -51.973 -10.8436 194.363 -0.872927 -0.0358509 0.486557 2.36682 0.432917 55.2258 2.50759 5.6388 
6386833 -44.6081 -7.78105 197.499 -0.833603 0.0602118 0.549073 -51.8635 -11.0321 194.382 -0.872249 -0.0391643 0.487481 2.37142 0.433492 55.1988 2.50759 5.6388 
6475053 -44.5053 -7.76397 197.507 -0.833066 0.059904 0.549921 -51.7537 -11.1151 194.391 -0.871829 -0.041925 0.487965 2.37429 0.434066 55.1702 2.50759 5.6388 
6562383 -44.3912 -7.72384 197.526 -0.832484 0.0594569 0.55085 -51.7575 -11.0965 194.385 -0.871421 -0.0439276 0.488595 2.37774 0.436364 55.1401 2.50615 5.64198 
6649522 -44.2567 -7.64004 197.55 -0.831749 0.0594725 0.551956 -51.7567 -11.197 194.398 -0.871278 -0.0450145 0.488738 2.38234 0.439237 55.1004 2.50385 5.65468 
6736781 -44.1501 -7.5677 197.566 -0.831049 0.059531 0.553004 -51.5327 -11.2936 194.409 -0.871135 -0.0461014 0.48888 2.3855 0.441822 55.0385 2.50155 5.68484 
6824946 -44.0412 -7.49425 197.584 -0.830376 0.059237 0.554045 -51.4215 -11.3925 194.419 -0.870869 -0.0471542 0.489263 2.38894 0.445557 54.9718 2.49868 5.72135 
6912165 -43.9138 -7.39038 197.61 -0.829534 0.0594315 0.555285 -51.4264 -11.2589 194.51 -0.87048 -0.0480519 0.489871 2.39297 0.449291 54.8972 2.49523 5.7658 
6999397 -43.8052 -7.29719 197.634 -0.828861 0.0592398 0.55631 -51.2059 -11.2354 194.613 -0.870099 -0.0485866 0.490431 2.3967 0.453888 54.8289 2.4915 5.80866 
7086623 -43.6694 -7.18868 197.669 -0.827973 0.0590656 0.557648 -51.0977 -11.2331 194.606 -0.869726 -0.0486213 0.491048 2.40101 0.459059 54.7352 2.48719 5.87375 
7173792 -43.523 -7.0593 197.715 -0.826973 0.0593414 0.559101 -50.9972 -11.0193 194.67 -0.868899 -0.0460357 0.492794 2.40561 0.463942 54.6384 2.48259 5.94836 
7262044 -43.3802 -6.93346 197.766 -0.825964 0.0597698 0.560546 -50.574 -10.5329 194.888 -0.867253 -0.0332898 0.496764 2.40991 0.468251 54.5416 2.47828 6.02933 
7349318 -43.1962 -6.79518 197.839 -0.824602 0.0601409 0.562508 -50.4809 -10.2355 195.038 -0.865761 -0.0262327 0.499639 2.4148 0.473135 54.3987 2.4734 6.15632 
7436514 -42.9974 -6.65412 197.915 -0.823161 0.0604225 0.564584 -50.2717 -10.0444 195.096 -0.86461 -0.0209879 0.501893 2.41997 0.478306 54.2463 2.46823 6.2865 
7523790 -42.8138 -6.51712 197.989 -0.82169 0.0606806 0.566695 -49.948 -9.82538 195.159 -0.863782 -0.0185394 0.503534 2.42428 0.483764 54.0685 2.46277 6.44207 
7611925 -42.6775 -6.41478 198.04 -0.820411 0.0607042 0.568542 -49.8503 -9.70073 195.34 -0.862324 -0.0166943 0.506111 2.42658 0.488648 53.8796 2.45789 6.59924 
7699122 -42.5443 -6.31135 198.085 -0.819046 0.0606358 0.570514 -49.6394 -9.47807 195.404 -0.861362 -0.0148486 0.50783 2.4283 0.494106 53.6589 2.45243 6.77545 
7786383 -42.4115 -6.2317 198.135 -0.817519 0.0602871 0.572738 -49.5426 -9.24871 195.465 -0.860136 -0.0139347 0.509917 2.42887 0.499277 53.3906 2.44726 6.99611 
7873624 -42.2977 -6.12102 198.17 -0.816226 0.0602192 0.574586 -49.332 -9.12802 195.539 -0.85891 -0.0130208 0.512003 2.43002 0.505596 53.1589 2.44094 7.1755 
7961798 -42.2126 -6.01512 198.195 -0.81514 0.0601754 0.576129 -49.2326 -9.03034 195.507 -0.857822 -0.0114149 0.513753 2.4306 0.511916 52.9446 2.43462 7.3406 
8049037 -42.1313 -5.90444 198.221 -0.814089 0.0601662 0.577615 -49.1332 -8.8159 195.463 -0.856969 -0.0104663 0.515222 2.43117 0.518524 52.7318 2.42801 7.5057 
8136299 -42.0433 -5.79616 198.251 -0.812976 0.0601179 0.579185 -49.0338 -8.59793 195.42 -0.856111 -0.00989659 0.516617 2.43175 0.525131 52.5096 2.4214 7.68032 
8223482 -41.9167 -5.64372 198.3 -0.811671 0.0600277 0.581023 -49.0474 -8.36813 195.483 -0.855003 -0.00924279 0.518616 2.43347 0.534324 52.2445 2.41221 7.89305 
8311748 -41.7885 -5.486 198.339 -0.810304 0.0600974 0.58292 -48.9505 -8.14199 195.545 -0.853785 -0.00798183 0.520533 2.43606 0.544091 51.992 2.40273 8.08196 
8398875 -41.6782 -5.29677 198.352 -0.809516 0.0595461 0.584071 -48.7426 -7.81863 195.484 -0.852815 -0.00663609 0.522195 2.44008 0.557592 51.7984 2.39124 8.2042 
8486125 -41.5194 -5.06634 198.363 -0.808679 0.059651 0.585218 -48.6422 -7.59507 195.552 -0.851975 -0.00509841 0.523463 2.4464 0.572243 51.6364 2.37831 8.28516 
8573375 -41.2711 -4.73772 198.38 -0.807405 0.0593758 0.587002 -48.4326 -7.36102 195.615 -0.85087 -0.00447654 0.52522 2.45645 0.591203 51.4666 2.36194 8.34231 
8661627 -41.0096 -4.39836 198.387 -0.806344 0.0597497 0.58842 -48.2309 -7.01679 195.652 -0.849142 -0.00380525 0.528196 2.46823 0.611312 51.3094 2.3447 8.37406 
8748922 -40.653 -3.98007 198.409 -0.805108 0.0603471 0.590051 -47.9141 -6.67399 195.697 -0.847796 -0.00276817 0.530265 2.48374 0.635443 51.13 2.32373 8.40581 
8836014 -40.3058 -3.60714 198.422 -0.803855 0.0607777 0.591713 -47.6096 -6.35188 195.612 -0.845221 -0.00107513 0.534331 2.49868 0.658999 50.9316 2.30334 8.44391 
8923240 -39.94 -3.23399 198.438 -0.802537 0.0610737 0.593468 -47.0784 -5.78159 195.616 -0.843374 -0.000280686 0.53729 2.51448 0.685428 50.7125 2.28122 8.48836 
9010496 -39.5903 -2.88686 198.439 -0.801256 0.0614414 0.595159 -46.774 -5.33279 195.63 -0.84092 0.00125726 0.541132 2.52856 0.710708 50.476 2.25996 8.53916 
9098764 -39.2004 -2.50568 198.411 -0.799731 0.0621072 0.597138 -46.3591 -4.88445 195.641 -0.838348 0.00305534 0.545061 2.5435 0.739435 50.1775 2.23554 8.58996 
9186015 -38.864 -2.13825 198.396 -0.798556 0.0630227 0.598612 -45.9486 -4.32482 195.634 -0.835527 0.00478462 0.549367 2.557 0.768162 49.8981 2.21112 8.65188 
9273124 -38.5554 -1.7856 198.354 -0.797481 0.063661 0.599977 -45.5334 -3.89076 195.537 -0.833079 0.00654861 0.553055 2.56906 0.799187 49.5695 2.18527 8.72808 
9360380 -38.2152 -1.42948 198.332 -0.796232 0.064559 0.601537 -45.0045 -3.43981 195.552 -0.830755 0.00827852 0.556503 2.58199 0.831649 49.2266 2.15826 8.82174 
9448654 -37.8467 -1.08176 198.299 -0.794723 0.0648944 0.603493 -44.5955 -2.98443 195.556 -0.827552 0.00932018 0.561143 2.5952 0.868132 48.8107 2.12839 8.95191 
9535881 -37.4952 -0.733219 198.284 -0.793226 0.0659325 0.605348 -43.964 -2.42407 195.436 -0.824587 0.00982562 0.565486 2.60784 0.904041 48.4249 2.09909 9.07891 
9623145 -37.1851 -0.395291 198.235 -0.792017 0.0665558 0.606861 -43.672 -1.98301 195.323 -0.820882 0.0106246 0.571016 2.6202 0.945121 48.0042 2.06634 9.19797 
9710237 -36.8806 -0.0684656 198.186 -0.790678 0.0673339 0.608519 -43.2663 -1.53341 195.215 -0.817416 0.0107186 0.575902 2.63284 0.987062 47.5931 2.03273 9.31386 
9798504 -36.5647 0.256056 198.157 -0.789333 0.0679269 0.610197 -42.6399 -0.946774 195.199 -0.813811 0.0099676 0.580898 2.64806 1.03389 47.2137 1.99538 9.42023 
9885745 -36.2733 0.588353 198.118 -0.788121 0.0687048 0.611674 -42.2408 -0.392005 195.07 -0.80986 0.0106499 0.586441 2.66386 1.08043 46.9152 1.95746 9.48214 
9972997 -35.9261 0.904073 198.101 -0.78604 0.0695813 0.614247 -41.6154 0.0685569 195.066 -0.805915 0.0115583 0.591832 2.68397 1.13156 46.6882 1.91437 9.4996 
10060137 -35.5179 1.17219 198.142 -0.783271 0.069081 0.61783 -40.7642 0.754814 195.258 -0.80252 0.0155562 0.596449 2.70552 1.1804 46.6104 1.87157 9.4742 
10148363 -35.1471 1.48391 198.111 -0.78083 0.0687927 0.620945 -40.147 1.58195 195.201 -0.798603 0.0246378 0.601254 2.72735 1.22837 46.7533 1.82762 9.23607 
10235617 -34.8031 1.77658 198.077 -0.778123 0.0692045 0.624288 -39.6421 2.62385 195.341 -0.794877 0.0373473 0.605582 2.74631 1.26916 47.0041 1.78883 8.93445 
10322871 -34.5181 2.08769 197.998 -0.775788 0.0698579 0.627115 -39.2426 3.33749 195.308 -0.791332 0.0463107 0.609544 2.76125 1.30708 47.3407 1.75235 8.55186 
10410129 -34.2706 2.37857 197.934 -0.773608 0.0708385 0.629693 -39.0131 3.31992 194.988 -0.792056 0.0320176 0.609588 2.77159 1.33782 47.6026 1.72219 8.25817 
10498266 -34.0531 2.66428 197.849 -0.771894 0.0718922 0.631673 -38.8981 3.44621 194.98 -0.792648 0.0305481 0.608801 2.78049 1.36655 47.9217 1.69375 7.90575 
10585487 -33.9024 2.90276 197.746 -0.770923 0.0721864 0.632824 -38.8944 3.55222 194.973 -0.793276 0.0310466 0.608002 2.7871 1.39298 48.2757 1.66847 7.5184 
10672791 -33.7317 3.16742 197.652 -0.769922 0.07298 0.633951 -38.6665 3.85635 194.832 -0.794547 0.0328905 0.606291 2.79371 1.41969 48.6472 1.64233 7.12311 
10760001 -33.5512 3.44109 197.573 -0.768504 0.0737953 0.635576 -38.7802 4.26179 194.785 -0.795235 0.036672 0.605182 2.7983 1.4467 48.898 1.61619 6.83895 
10847255 -33.3359 3.71463 197.509 -0.766871 0.074821 0.637425 -38.7837 4.57156 194.747 -0.795527 0.0390558 0.604623 2.80319 1.47284 49.1139 1.59062 6.58971 
10935385 -33.1637 4.00345 197.42 -0.765545 0.0758677 0.638893 -38.6757 4.88007 194.709 -0.795827 0.0417866 0.603896 2.80635 1.50013 49.3251 1.56448 6.3246 
11022623 -33.0056 4.26092 197.314 -0.764515 0.076668 0.640031 -38.5622 5.08729 194.686 -0.796476 0.0435111 0.603058 2.80922 1.52541 49.5378 1.54006 6.04044 
11109876 -32.8533 4.53174 197.203 -0.763547 0.0777074 0.64106 -38.6807 5.38578 194.535 -0.796511 0.0453261 0.602819 2.81152 1.55097 49.7346 1.51507 5.76421 
11197127 -32.7094 4.76847 197.094 -0.762694 0.0783938 0.641991 -38.5679 5.69081 194.392 -0.797406 0.0468614 0.601515 2.81353 1.57453 49.8997 1.49237 5.5118 
11285376 -32.564 5.02577 196.987 -0.761629 0.079694 0.643094 -38.4576 5.99951 194.355 -0.797951 0.049572 0.600669 2.81468 1.59723 49.995 1.46968 5.31654 
11372499 -32.3841 5.25 196.905 -0.760074 0.0806404 0.644813 -38.2505 6.60784 194.266 -0.797576 0.0559685 0.600561 2.81583 1.6182 49.9855 1.44899 5.22288 
11459771 -32.2297 5.48004 196.806 -0.75878 0.0817507 0.646196 -38.1626 7.0712 194.184 -0.796155 0.0658431 0.601464 2.8164 1.63888 49.9855 1.42831 5.10699 
11547017 -32.1084 5.68354 196.709 -0.757859 0.082706 0.647155 -38.1805 7.47033 194.118 -0.795131 0.0705152 0.602194 2.81669 1.65726 50.0013 1.40992 4.98316 
11635260 -31.9523 5.89333 196.613 -0.756606 0.0836579 0.648498 -37.9659 7.74499 193.965 -0.794978 0.0755286 0.601901 2.81726 1.6768 49.9743 1.39039 4.88791 
11722498 -31.8149 6.07455 196.517 -0.755426 0.0841341 0.64981 -37.8801 8.31494 193.871 -0.793568 0.0858393 0.602377 2.81726 1.69461 49.9426 1.37258 4.79743 
11809642 -31.6837 6.27598 196.414 -0.754235 0.0850384 0.651075 -37.6753 8.80437 193.796 -0.79272 0.0931234 0.602395 2.81669 1.713 49.8569 1.35419 4.74345 
11896883 -31.5769 6.45518 196.309 -0.753116 0.0857331 0.652277 -37.5774 9.10318 193.747 -0.791927 0.0968963 0.602876 2.81554 1.72908 49.7489 1.33811 4.70694 
11985167 -31.4596 6.64186 196.196 -0.752225 0.0865196 0.653201 -37.4766 9.31501 193.709 -0.791208 0.098126 0.603693 2.81497 1.74632 49.6838 1.32087 4.62756 
12072389 -31.3579 6.83224 196.08 -0.75163 0.0873211 0.65378 -37.3716 9.54019 193.676 -0.790958 0.0979202 0.603965 2.81439 1.76413 49.6171 1.30306 4.54978 
12159521 -31.2076 7.02575 195.981 -0.750455 0.0880936 0.655025 -37.2731 9.74738 193.525 -0.790095 0.098079 0.605045 2.8141 1.78309 49.5044 1.2841 4.51326 
12246756 -31.0764 7.19393 195.897 -0.749467 0.0887574 0.656065 -37.0505 9.78161 193.405 -0.790124 0.0932527 0.605805 2.81382 1.79975 49.4028 1.26744 4.48469 
12335020 -30.9538 7.37018 195.794 -0.748477 0.0890736 0.657151 -36.9372 9.63257 193.419 -0.789853 0.0856955 0.607293 2.81324 1.81756 49.2758 1.24963 4.45452 
12422336 -30.8176 7.52582 195.697 -0.747434 0.0897376 0.658248 -36.7203 9.66351 193.406 -0.789179 0.082793 0.608532 2.81295 1.83394 49.1504 1.23325 4.42754 
12509572 -30.6926 7.68807 195.594 -0.746471 0.0902251 0.659273 -36.5071 9.77232 193.268 -0.788419 0.0818446 0.609636 2.81209 1.84974 49.0123 1.21745 4.41008 
12596675 -30.5793 7.86759 195.487 -0.745439 0.0911037 0.660319 -36.3018 10.1106 193.207 -0.787177 0.0815897 0.611261 2.81037 1.86611 48.8456 1.20108 4.4069 
12684887 -30.4575 8.05069 195.381 -0.744458 0.0919661 0.661305 -36.0973 10.312 193.049 -0.785712 0.082581 0.612966 2.80865 1.88249 48.6805 1.1847 4.40531 
12772162 -30.3643 8.2276 195.271 -0.743592 0.0928703 0.662152 -36.0077 10.504 192.888 -0.783891 0.0843687 0.615055 2.80635 1.89742 48.5154 1.16977 4.40531 
12859374 -30.2482 8.40231 195.169 -0.742628 0.0937987 0.663103 -35.9192 10.8157 192.825 -0.782081 0.0867614 0.617065 2.80462 1.91294 48.3535 1.15425 4.40531 
12946655 -30.1636 8.5839 195.049 -0.741762 0.0948476 0.663922 -35.6007 11.0128 192.67 -0.780877 0.0884266 0.618314 2.80175 1.92701 48.1789 1.14018 4.40531 
13034772 -30.0823 8.76364 194.938 -0.74095 0.0959512 0.66467 -35.5078 11.0932 192.526 -0.779182 0.0903172 0.620267 2.79888 1.94051 48.017 1.12668 4.40531 
13122044 -30.0146 8.93676 194.846 -0.740295 0.0970792 0.665236 -35.1883 11.4183 192.47 -0.77822 0.0916881 0.621187 2.79601 1.95287 47.882 1.11432 4.40531 
13209274 -29.931 9.09934 194.745 -0.739457 0.0981851 0.666006 -35.0943 11.62 192.425 -0.77678 0.0940105 0.622717 2.79342 1.96464 47.7328 1.10255 4.4069 
13296530 -29.8204 9.25944 194.634 -0.738551 0.0992708 0.666849 -35.0025 11.8217 192.268 -0.775189 0.094762 0.624452 2.79112 1.97757 47.5629 1.08962 4.41166 
13384768 -29.7359 9.45389 194.52 -0.737444 0.100692 0.66786 -34.6833 12.04 192.222 -0.77397 0.0957171 0.625918 2.78768 1.98992 47.374 1.07727 4.4323 
13471901 -29.6577 9.63801 194.409 -0.736447 0.102151 0.668738 -34.4753 12.1221 192.082 -0.772647 0.0976424 0.627254 2.78394 2.00084 47.201 1.06635 4.44818 
13559157 -29.5758 9.80316 194.304 -0.735356 0.103523 0.669727 -34.3817 12.3418 192.035 -0.771171 0.0980287 0.629039 2.78049 2.01032 47.0248 1.05687 4.47357 
13646459 -29.5122 9.98079 194.185 -0.734291 0.105054 0.670657 -34.2921 12.5364 191.877 -0.769347 0.0995425 0.630918 2.77618 2.01894 46.8422 1.04825 4.4958 
13733663 -29.4791 10.159 194.066 -0.733318 0.10664 0.67147 -34.1992 12.736 191.721 -0.767883 0.100518 0.632502 2.77101 2.02555 46.6565 1.04164 4.52914 
13821802 -29.4185 10.3132 193.956 -0.732237 0.107832 0.67246 -33.9906 12.8437 191.689 -0.766537 0.101249 0.634119 2.7667 2.03244 46.4707 1.03475 4.56248 
13909017 -29.331 10.4545 193.861 -0.730947 0.109011 0.673671 -33.8968 13.0568 191.644 -0.765075 0.102345 0.635686 2.76326 2.03905 46.2929 1.02814 4.60534 
13996300 -29.2616 10.5902 193.758 -0.72966 0.110373 0.674844 -33.6891 13.149 191.503 -0.763732 0.103182 0.637166 2.75952 2.04422 46.1008 1.02297 4.65296 
14083523 -29.2163 10.7167 193.663 -0.728631 0.111652 0.675745 -33.4817 13.2602 191.471 -0.762257 0.103552 0.63883 2.75579 2.04824 45.9405 1.01895 4.68789 
14171781 -29.1799 10.8618 193.571 -0.72754 0.113138 0.676672 -33.3822 13.3532 191.334 -0.761278 0.104092 0.639982 2.75119 2.05197 45.7627 1.01521 4.74504 
14259031 -29.1463 10.9865 193.472 -0.726383 0.113843 0.677796 -33.2861 13.4458 191.194 -0.759931 0.10467 0.641373 2.74602 2.05628 45.5579 1.01234 4.81648 
14346192 -29.1143 11.1249 193.396 -0.725253 0.114707 0.678859 -33.1914 13.5547 191.161 -0.758331 0.105075 0.643278 2.74056 2.06088 45.3627 1.00918 4.90537 
14433396 -29.0662 11.252 193.296 -0.723941 0.115904 0.680056 -33.0955 13.6539 191.02 -0.75697 0.104943 0.644885 2.73597 2.06404 45.1595 1.0066 4.97364 
14521665 -29.0286 11.379 193.191 -0.72268 0.116846 0.681234 -33 13.6566 191 -0.755239 0.104866 0.646852 2.73022 2.06749 44.9451 1.00459 5.05143 
14608904 -29.0519 11.5275 193.101 -0.721771 0.117839 0.682027 -32.901 13.6563 190.984 -0.753884 0.105113 0.648533 2.72333 2.06921 44.7562 1.0043 5.13715 
14696036 -29.0748 11.6698 193.01 -0.720955 0.119071 0.682676 -32.6922 13.7554 190.843 -0.75265 0.105205 0.649988 2.71701 2.07007 44.5832 1.0043 5.207 
14783284 -29.0856 11.8085 192.924 -0.720038 0.120548 0.683384 -32.7014 13.7539 190.833 -0.751665 0.105366 0.651068 2.71126 2.07036 44.4086 1.0043 5.28003 
14871531 -29.0957 11.9389 192.831 -0.719165 0.121711 0.684097 -32.602 13.8538 190.696 -0.750673 0.105164 0.652195 2.70552 2.07122 44.2403 1.0043 5.34194 
14958800 -29.0784 12.05 192.75 -0.718058 0.122991 0.68503 -32.6123 13.8533 190.684 -0.749563 0.105222 0.65341 2.70092 2.07151 44.0577 1.0043 5.41972 
15045901 -29.0479 12.1571 192.675 -0.716777 0.124173 0.686157 -32.3989 13.952 190.548 -0.748823 0.105362 0.654371 2.69632 2.07208 43.8545 1.0043 5.51815 
15133152 -28.9995 12.2188 192.617 -0.715534 0.124663 0.687365 -32.2989 13.9566 190.534 -0.747583 0.105076 0.655753 2.69316 2.07323 43.6688 1.0043 5.61181 
15221416 -28.9323 12.3139 192.571 -0.713764 0.125543 0.689043 -32.3148 14.0706 190.503 -0.746094 0.10472 0.657512 2.68857 2.07467 43.4069 1.0043 5.78009 
15308681 -28.8945 12.4162 192.524 -0.712376 0.126652 0.690275 -32.1057 13.9691 190.496 -0.744354 0.104159 0.659543 2.68397 2.07524 43.1925 1.00459 5.91503 
15395910 -28.8985 12.5163 192.461 -0.71123 0.127275 0.691341 -32.1228 14.0806 190.465 -0.742746 0.104063 0.66139 2.67794 2.07524 42.9735 1.0066 6.04679 
15483163 -28.898 12.6215 192.413 -0.709936 0.128028 0.692531 -32.019 14.0713 190.345 -0.741998 0.103704 0.662294 2.67162 2.07496 42.7322 1.00889 6.21189 
15571298 -28.8945 12.7403 192.356 -0.708411 0.129154 0.693883 -31.9228 14.0999 190.434 -0.740245 0.102416 0.66442 2.66472 2.07381 42.4528 1.01177 6.4008 
15658546 -28.9113 12.8562 192.299 -0.70724 0.130281 0.694866 -31.9411 14.0937 190.303 -0.738375 0.10151 0.666618 2.65812 2.07237 42.221 1.01464 6.5532 
15745773 -28.9448 12.9717 192.235 -0.706142 0.13132 0.695786 -31.8446 14.1033 190.284 -0.736754 0.100688 0.668561 2.65093 2.07036 41.9829 1.01837 6.70719 
15833057 -28.9939 13.0793 192.182 -0.705222 0.132263 0.69654 -31.855 14.1095 190.272 -0.73563 0.10002 0.669872 2.64375 2.06777 41.759 1.02268 6.86276 
15921156 -29.041 13.2035 192.126 -0.704198 0.133664 0.697308 -31.7488 14.0949 190.155 -0.735139 0.10023 0.670456 2.63628 2.06461 41.5225 1.02699 7.02628 
16008414 -29.0953 13.323 192.062 -0.703388 0.134951 0.697878 -31.7555 14.2038 190.136 -0.73465 0.100423 0.670919 2.6291 2.06174 41.3193 1.03101 7.15645 
16095669 -29.1375 13.4386 192.004 -0.702428 0.136157 0.698611 -31.7622 14.3159 190.115 -0.734152 0.10027 0.671551 2.62192 2.05916 41.0986 1.03504 7.30409 
16182927 -29.1995 13.557 191.947 -0.701647 0.137482 0.699135 -31.7699 14.2991 189.998 -0.733417 0.1005 0.672254 2.61445 2.05571 40.8907 1.03963 7.44538 
16270161 -29.2626 13.6647 191.897 -0.700938 0.13873 0.6996 -31.7756 14.2949 189.993 -0.732809 0.100953 0.672805 2.60784 2.05226 40.7018 1.04394 7.57555 
16358292 -29.2841 13.7794 191.851 -0.699833 0.140545 0.700344 -31.7822 14.4025 189.973 -0.73232 0.101284 0.673373 2.60095 2.04853 40.4573 1.04825 7.75494 
16445546 -29.3155 13.8759 191.805 -0.69859 0.141621 0.701366 -31.7924 14.5142 189.95 -0.731455 0.101168 0.674244 2.59405 2.04537 40.216 1.05285 7.92639 
16532831 -29.3407 13.9783 191.758 -0.697524 0.142706 0.702208 -31.8022 14.6091 189.817 -0.730716 0.101293 0.675083 2.58716 2.04307 39.989 1.05687 8.08672 
16620026 -29.3805 14.0753 191.705 -0.696888 0.143529 0.702671 -31.8123 14.7163 189.795 -0.72986 0.101662 0.67589 2.58084 2.04163 39.8318 1.06003 8.18515 
16708186 -29.4216 14.1794 191.649 -0.696241 0.144441 0.703125 -31.9295 14.7077 189.79 -0.729255 0.102374 0.67653 2.57423 2.0402 39.6731 1.06319 8.28357 
16795394 -29.4709 14.2919 191.616 -0.69572 0.145232 0.703478 -32.052 14.7972 189.659 -0.728401 0.102863 0.677321 2.56763 2.03905 39.5286 1.06606 8.39311 
16882664 -29.5104 14.4106 191.571 -0.695042 0.146192 0.703949 -32.0575 14.9062 189.641 -0.728035 0.103039 0.677664 2.56044 2.03819 39.3698 1.06893 8.50424 
16969916 -29.5256 14.5165 191.515 -0.694103 0.147344 0.704636 -32.0642 15.0162 189.622 -0.727543 0.103111 0.678143 2.55412 2.03675 39.1841 1.07181 8.62012 
17058173 -29.5509 14.6313 191.465 -0.693046 0.148608 0.70541 -32.0728 15.109 189.49 -0.726931 0.10346 0.678831 2.54665 2.03445 38.9619 1.07583 8.7757 
17145401 -29.5832 14.741 191.419 -0.692139 0.149872 0.706033 -32.0794 15.0925 189.374 -0.726319 0.103671 0.679414 2.53947 2.03187 38.7602 1.07985 8.91858 
17232536 -29.5964 14.8523 191.382 -0.691115 0.151049 0.706784 -32.0851 15.0881 189.368 -0.72571 0.104141 0.680087 2.53258 2.03043 38.5602 1.08301 9.06621 
17319783 -29.6136 14.9862 191.333 -0.690173 0.152615 0.707368 -32.0927 15.3078 189.336 -0.725343 0.104316 0.68043 2.5254 2.02899 38.3808 1.0856 9.18845 
17408046 -29.6242 15.0808 191.29 -0.689202 0.153389 0.708147 -32.1039 15.4147 189.311 -0.724363 0.104719 0.681477 2.51879 2.02813 38.1887 1.08876 9.3218 
17495299 -29.6216 15.2006 191.257 -0.688241 0.154799 0.708774 -32.1113 15.5045 189.184 -0.723883 0.105381 0.681756 2.51276 2.02641 38.0125 1.09134 9.45039 
17582425 -29.6335 15.3165 191.224 -0.687095 0.156385 0.709538 -32.1173 15.5157 189.287 -0.723149 0.105748 0.682564 2.50558 2.02497 37.8157 1.0945 9.60437 
17669693 -29.6572 15.4253 191.195 -0.68614 0.157577 0.710198 -32.1238 15.4947 189.171 -0.722546 0.106443 0.683083 2.49811 2.02267 37.6125 1.09852 9.76471 
17758010 -29.696 15.5386 191.159 -0.68536 0.158862 0.710665 -32.1326 15.5987 189.151 -0.721819 0.107157 0.683722 2.49035 2.0198 37.4267 1.10283 9.90759 
17845158 -29.7357 15.6429 191.13 -0.68461 0.160164 0.711095 -32.2541 15.816 189.117 -0.721207 0.107368 0.684305 2.48288 2.01635 37.2426 1.10743 10.0552 
17932429 -29.7607 15.7366 191.097 -0.683743 0.161182 0.7117 -32.2604 15.9082 188.989 -0.720845 0.107786 0.684616 2.4757 2.01377 37.0489 1.11174 10.2029 
18019543 -29.791 15.8367 191.061 -0.682976 0.162641 0.712103 -32.2682 16.0146 188.97 -0.720237 0.108239 0.685167 2.4688 2.01003 36.8727 1.11605 10.3346 
18107864 -29.81 15.9439 191.031 -0.682031 0.164254 0.712639 -32.2748 16.1201 188.951 -0.719754 0.108796 0.685583 2.46162 2.0063 36.6759 1.12036 10.4886 
18195053 -29.8261 16.0296 191 -0.68123 0.165331 0.713156 -32.2824 16.2209 188.932 -0.719157 0.109855 0.686054 2.4553 2.00371 36.506 1.12409 10.6156 
18282306 -29.8297 16.127 190.974 -0.680454 0.166524 0.713619 -32.289 16.3252 188.914 -0.718677 0.110532 0.686454 2.44956 2.00228 36.3647 1.12639 10.722 
18369549 -29.837 16.2209 190.943 -0.679803 0.1676 0.713987 -32.2944 16.4297 188.897 -0.718319 0.111191 0.686733 2.4441 2.00113 36.2441 1.1284 10.8077 
18457800 -29.8429 16.3291 190.911 -0.679099 0.168511 0.714443 -32.3031 16.6449 188.865 -0.71784 0.111853 0.687012 2.43778 2.00113 36.1171 1.13012 10.8998 
18544923 -29.8497 16.4461 190.876 -0.678572 0.169394 0.714734 -32.1944 16.6195 188.753 -0.717619 0.11322 0.687076 2.43175 2.0017 36.0313 1.13098 10.9569 
18632168 -29.838 16.5606 190.851 -0.677894 0.170442 0.715129 -32.3136 16.714 188.736 -0.717033 0.114747 0.687362 2.42658 2.00285 35.9392 1.13098 11.0236 
18719451 -29.8361 16.6924 190.818 -0.677313 0.171713 0.715375 -32.3199 16.8071 188.72 -0.716575 0.116634 0.687602 2.42083 2.00371 35.8599 1.13098 11.0776 
18806665 -29.8464 16.8375 190.778 -0.676878 0.173037 0.715468 -32.3271 17.0033 188.579 -0.71635 0.11776 0.687698 2.41451 2.00458 35.798 1.13098 11.1141 
18894799 -29.8599 16.9858 190.732 -0.676481 0.17426 0.715546 -32.3314 17.1091 188.675 -0.716021 0.119855 0.687666 2.4079 2.00572 35.7392 1.13098 11.1443 
18982048 -29.8276 17.1405 190.7 -0.675732 0.176002 0.715828 -32.3361 17.2968 188.539 -0.716061 0.121896 0.687274 2.40302 2.00774 35.6773 1.12897 11.1792 
19069308 -29.7785 17.2827 190.667 -0.674983 0.177321 0.716209 -32.3478 17.6112 188.493 -0.715482 0.123786 0.687512 2.39929 2.01176 35.636 1.12553 11.1919 
19156576 -29.7167 17.4214 190.638 -0.674204 0.178668 0.716607 -32.3575 17.6983 188.475 -0.714668 0.126317 0.687911 2.39641 2.01635 35.6075 1.12122 11.1935 
19244699 -29.6324 17.5732 190.612 -0.673269 0.179693 0.717231 -32.3657 17.8932 188.446 -0.71423 0.129156 0.687902 2.39354 2.02382 35.5821 1.11518 11.1935 
19331927 -29.5158 17.7315 190.59 -0.672025 0.181348 0.71798 -32.2647 18.0898 188.414 -0.713546 0.132016 0.688012 2.3921 2.03072 35.5598 1.10829 11.1935 
19419169 -29.3621 17.8773 190.578 -0.670564 0.18291 0.718949 -32.0499 18.1735 188.398 -0.712873 0.135344 0.687938 2.3921 2.03962 35.5313 1.09939 11.1935 
19506412 -29.1911 18.0192 190.563 -0.669053 0.184384 0.719979 -31.8395 18.3705 188.363 -0.711946 0.138377 0.688392 2.39297 2.04968 35.5202 1.08933 11.1728 
19594683 -29.0164 18.1727 190.535 -0.667612 0.185876 0.720933 -31.7484 18.5489 188.325 -0.710191 0.143199 0.68922 2.39383 2.06059 35.536 1.07841 11.1204 
19681801 -28.8477 18.315 190.509 -0.666433 0.18707 0.721715 -31.6613 18.9341 188.261 -0.708467 0.149578 0.68972 2.39498 2.07065 35.5725 1.06836 11.0538 
19769061 -28.6968 18.461 190.461 -0.665113 0.188564 0.722543 -31.4546 19.3283 188.204 -0.707594 0.15521 0.689339 2.39555 2.08099 35.6265 1.05802 10.9665 
19856290 -28.5709 18.5857 190.428 -0.664297 0.189397 0.723076 -31.3597 19.6063 188.162 -0.706482 0.161224 0.68903 2.39584 2.09047 35.6805 1.04854 10.8807 
19944551 -28.4219 18.7379 190.378 -0.663315 0.190645 0.723649 -31.2672 19.7763 188.129 -0.704872 0.166948 0.689247 2.39613 2.1011 35.7567 1.03791 10.7664 
20031833 -28.2362 18.8694 190.338 -0.662056 0.191748 0.72451 -31.0605 20.0439 187.975 -0.703878 0.172719 0.688971 2.39785 2.11288 35.8281 1.02613 10.6569 
20118939 -28.0522 19.0118 190.295 -0.660812 0.192945 0.725327 -30.9586 20.1389 187.957 -0.703054 0.174613 0.689207 2.399 2.12465 35.9043 1.01435 10.5442 
20206168 -27.9112 19.1367 190.247 -0.660095 0.193825 0.725746 -30.7446 20.2623 187.93 -0.702294 0.173664 0.690312 2.39986 2.135 36.017 1.00401 10.4013 
20293426 -27.735 19.2573 190.204 -0.659004 0.194776 0.726482 -30.5294 20.3859 187.792 -0.701748 0.171123 0.691505 2.4013 2.1462 36.1075 0.992808 10.2775 
20381686 -27.5583 19.367 190.176 -0.657722 0.195777 0.727374 -30.4263 20.4101 187.777 -0.700837 0.16874 0.69292 2.40245 2.15625 36.1567 0.982753 10.2013 
20469020 -27.385 19.4774 190.142 -0.656578 0.196703 0.728158 -30.2098 20.5217 187.756 -0.70035 0.169055 0.693367 2.40359 2.1666 36.2298 0.972411 10.1013 
20556060 -27.2463 19.5805 190.112 -0.655628 0.197598 0.728771 -30.2181 20.5394 187.744 -0.699448 0.167156 0.694719 2.40388 2.17493 36.2853 0.964081 10.0235 
20643339 -27.1165 19.6743 190.077 -0.654752 0.198407 0.729339 -30.1132 20.649 187.61 -0.699052 0.165912 0.695496 2.40417 2.18268 36.3393 0.956324 9.94251 
20731581 -27.0068 19.7702 190.042 -0.654033 0.199222 0.729761 -30.0051 20.655 187.605 -0.698674 0.165482 0.695919 2.40388 2.18958 36.3933 0.94943 9.86473 
20818798 -26.8973 19.8414 190.005 -0.653691 0.199573 0.729972 -29.8934 20.7711 187.59 -0.698912 0.165099 0.695848 2.40503 2.19762 36.5171 0.941386 9.72503 
20905933 -26.7797 19.9125 189.981 -0.652949 0.200159 0.730475 -29.7842 20.8971 187.571 -0.698883 0.163663 0.69616 2.40561 2.20452 36.5727 0.934492 9.65359 
20993175 -26.6571 19.964 189.959 -0.652135 0.200601 0.731081 -29.6736 20.891 187.57 -0.698777 0.164528 0.696168 2.40675 2.21112 36.6171 0.927884 9.5885 
21081460 -26.5334 20.0274 189.921 -0.65129 0.201702 0.731531 -29.5695 20.9885 187.553 -0.698193 0.16616 0.696318 2.40819 2.21629 36.6632 0.921277 9.50595 
21168671 -26.4274 20.0908 189.88 -0.650711 0.203034 0.731678 -29.4621 21.0919 187.538 -0.697967 0.167148 0.696309 2.40991 2.22032 36.7362 0.914957 9.39959 
21255935 -26.3239 20.1299 189.845 -0.650112 0.203746 0.732012 -29.4675 21.1954 187.522 -0.697613 0.167912 0.696452 2.41164 2.22491 36.7933 0.909212 9.31069 
21343054 -26.2006 20.1693 189.812 -0.649171 0.204808 0.732551 -29.3568 21.1839 187.522 -0.697518 0.169367 0.696259 2.41365 2.22893 36.8156 0.903466 9.24878 
21431317 -26.0727 20.197 189.782 -0.648047 0.205753 0.733281 -29.2548 21.3921 187.492 -0.696936 0.170982 0.696288 2.41566 2.23267 36.806 0.898296 9.21385 
21518571 -25.9674 20.2335 189.741 -0.647087 0.206874 0.733813 -29.1526 21.4692 187.364 -0.696241 0.173237 0.696477 2.4171 2.23525 36.7965 0.893986 9.17099 
21605815 -25.8831 20.2629 189.706 -0.64639 0.207854 0.73415 -29.0484 21.5576 187.348 -0.695677 0.175837 0.6965 2.41853 2.23726 36.8044 0.890252 9.12177 
21693072 -25.8056 20.2884 189.651 -0.645837 0.208847 0.734355 -28.9431 21.6531 187.333 -0.695222 0.177676 0.696377 2.42026 2.23899 36.8298 0.886517 9.03764 
21781179 -25.6991 20.2967 189.593 -0.64504 0.209822 0.734777 -28.8391 21.7515 187.315 -0.694636 0.179203 0.696663 2.42313 2.24129 36.8505 0.881921 8.94874 
21868426 -25.5701 20.2703 189.546 -0.644136 0.210327 0.735426 -28.8443 21.7287 187.203 -0.694162 0.180091 0.696789 2.42744 2.24473 36.8775 0.876463 8.85825 
21955702 -25.4428 20.2823 189.494 -0.643238 0.211522 0.735869 -28.737 21.832 187.186 -0.693934 0.181095 0.696901 2.43088 2.24761 36.914 0.870718 8.75982 
22042923 -25.3224 20.2553 189.445 -0.642544 0.212167 0.736289 -28.6317 21.8087 187.072 -0.693342 0.182243 0.697114 2.43548 2.25048 36.9695 0.865259 8.64394 
22130198 -25.1677 20.2309 189.408 -0.641289 0.21324 0.737073 -28.6339 21.8006 187.072 -0.693113 0.18311 0.697121 2.44036 2.25306 36.9727 0.859514 8.57726 
22218320 -25.065 20.2402 189.359 -0.640878 0.214302 0.737122 -28.5276 21.905 187.055 -0.692761 0.183995 0.697248 2.44381 2.25565 37.0473 0.854056 8.45185 
22305641 -24.9204 20.1946 189.342 -0.63989 0.215176 0.737726 -28.4168 21.8858 186.946 -0.692776 0.184705 0.697031 2.44956 2.25795 37.0823 0.84831 8.37724 
22392834 -24.7941 20.1753 189.308 -0.639124 0.216338 0.73805 -28.3094 21.9914 186.93 -0.692544 0.185452 0.697054 2.45444 2.25996 37.1394 0.842565 8.27405 
22480093 -24.6388 20.1289 189.284 -0.63823 0.217645 0.73844 -28.2009 21.9765 186.931 -0.692213 0.187273 0.696811 2.46134 2.26197 37.214 0.835671 8.15658 
22568362 -24.4993 20.0868 189.263 -0.637454 0.218878 0.738745 -28.2038 21.9493 186.821 -0.691993 0.188625 0.696754 2.46766 2.26369 37.287 0.829351 8.04545 
22655429 -24.3321 20.0266 189.261 -0.636523 0.220038 0.739203 -28.2102 22.0449 186.806 -0.691533 0.190238 0.696784 2.47512 2.26628 37.3696 0.821882 7.94067 
22742673 -24.1928 19.9864 189.264 -0.635651 0.221344 0.739564 -27.9909 22.1373 186.794 -0.691337 0.192631 0.696221 2.48116 2.26772 37.4252 0.815849 7.86924 
22829924 -24.0438 19.9438 189.257 -0.634668 0.222758 0.739983 -27.9951 22.1178 186.795 -0.690886 0.194728 0.696187 2.48748 2.26915 37.476 0.809529 7.78986 
22918208 -23.9025 19.9112 189.244 -0.633558 0.22425 0.740484 -27.8876 22.2159 186.782 -0.690672 0.19629 0.695856 2.49294 2.27001 37.4934 0.804071 7.7343 
23005320 -23.7741 19.8818 189.223 -0.632733 0.225881 0.740693 -27.7768 22.1977 186.785 -0.690593 0.198454 0.695447 2.49868 2.27059 37.549 0.798325 7.64064 
23092571 -23.6659 19.8592 189.209 -0.63203 0.227368 0.740839 -27.7843 22.1769 186.784 -0.689777 0.200695 0.695514 2.50356 2.27088 37.5966 0.793442 7.56444 
23179835 -23.5561 19.8082 189.206 -0.631266 0.228837 0.741038 -27.6777 22.1426 186.674 -0.689331 0.203019 0.695327 2.5096 2.27001 37.6299 0.789133 7.50411 
23268068 -23.4546 19.7599 189.198 -0.630496 0.230361 0.741222 -27.684 22.2295 186.549 -0.688983 0.204009 0.695317 2.51534 2.26858 37.6506 0.785398 7.45172 
23355325 -23.3363 19.6834 189.191 -0.629668 0.231601 0.741538 -27.5744 22.2211 186.548 -0.688758 0.205118 0.695292 2.52224 2.26772 37.6776 0.781089 7.38822 
23442586 -23.2256 19.6096 189.183 -0.62882 0.2329 0.741851 -27.4626 22.2121 186.551 -0.688783 0.206296 0.694891 2.52884 2.26628 37.6903 0.777355 7.33584 
23529687 -23.1257 19.5332 189.159 -0.628106 0.234146 0.742063 -27.4659 22.2028 186.55 -0.688434 0.207303 0.695002 2.53545 2.26456 37.7109 0.773907 7.26281 
23617961 -23.0367 19.4506 189.155 -0.627456 0.235226 0.742272 -27.4714 22.1932 186.547 -0.687839 0.208329 0.695231 2.54206 2.26226 37.7061 0.771035 7.21836 
23705215 -22.925 19.3514 189.158 -0.626544 0.236353 0.742684 -27.5873 22.0586 186.449 -0.687239 0.20913 0.695613 2.54924 2.26053 37.7045 0.767587 7.18502 
23792364 -22.8152 19.2444 189.165 -0.625612 0.237359 0.743149 -27.3586 21.9513 186.465 -0.68761 0.209197 0.695238 2.55642 2.25824 37.6966 0.764715 7.16121 
23879567 -22.7082 19.1364 189.176 -0.624747 0.238365 0.743555 -27.3597 21.9522 186.463 -0.687485 0.209094 0.695374 2.56389 2.25594 37.6871 0.761842 7.14058 
23967815 -22.6147 19.0252 189.191 -0.623943 0.23925 0.743945 -27.3577 21.8437 186.477 -0.687479 0.208868 0.695526 2.57107 2.25306 37.6649 0.759831 7.13581 
24055079 -22.5304 18.9438 189.193 -0.623103 0.24045 0.744263 -27.2453 21.7416 186.488 -0.687342 0.20816 0.695742 2.57711 2.2499 37.6331 0.758107 7.13105 
24142351 -22.4519 18.8557 189.191 -0.622333 0.241466 0.744578 -27.3592 21.6192 186.387 -0.68696 0.207641 0.696423 2.58314 2.24674 37.6014 0.756671 7.12311 
24229607 -22.3699 18.7592 189.189 -0.621537 0.242406 0.744937 -27.3572 21.5163 186.399 -0.686943 0.20681 0.696656 2.58946 2.24358 37.5664 0.755235 7.11517 
24317701 -22.275 18.6477 189.188 -0.620631 0.243221 0.745426 -27.2438 21.4208 186.409 -0.686914 0.20539 0.697089 2.59635 2.24071 37.5252 0.753511 7.11041 
24404945 -22.2147 18.5547 189.18 -0.619964 0.244094 0.745696 -27.2396 21.3182 186.423 -0.687143 0.204523 0.697082 2.6021 2.23669 37.4791 0.753224 7.10882 
24492266 -22.1666 18.4682 189.177 -0.619427 0.245001 0.745845 -27.2389 21.2216 186.431 -0.686987 0.203016 0.697772 2.60756 2.23238 37.441 0.753224 7.10724 
24579449 -22.0958 18.3591 189.185 -0.618767 0.245795 0.746132 -27.2363 21.0222 186.453 -0.686815 0.200662 0.698574 2.61416 2.22865 37.4077 0.752362 7.10724 
24667724 -22.0277 18.2248 189.204 -0.618207 0.246535 0.746352 -27.1232 20.8237 186.588 -0.686432 0.19999 0.699029 2.62192 2.22405 37.3807 0.751787 7.10724 
24754849 -21.9684 18.1036 189.216 -0.617694 0.247185 0.746561 -27.1302 20.7106 186.593 -0.685451 0.200256 0.699971 2.62881 2.21974 37.3505 0.7515 7.10724 
24842085 -21.9101 17.9652 189.232 -0.617216 0.247876 0.746727 -27.1336 20.587 186.606 -0.684863 0.201646 0.700153 2.63657 2.21457 37.3204 0.7515 7.10724 
24929312 -21.8607 17.85 189.246 -0.616801 0.248562 0.746842 -27.0231 20.3458 186.521 -0.684386 0.202428 0.700415 2.64318 2.20997 37.295 0.7515 7.10724 
25016607 -21.8081 17.7309 189.259 -0.616341 0.249324 0.746968 -26.9141 20.2456 186.643 -0.683784 0.203092 0.700692 2.65007 2.20509 37.2664 0.7515 7.10724 
25104745 -21.7533 17.5989 189.275 -0.615915 0.249842 0.747147 -27.0369 20.2276 186.637 -0.682586 0.204814 0.701441 2.65725 2.20049 37.2394 0.7515 7.10724 
25191979 -21.7022 17.4712 189.295 -0.61553 0.250491 0.747247 -26.9275 19.9875 186.664 -0.681892 0.207053 0.70151 2.66444 2.19561 37.2188 0.7515 7.10724 
25279200 -21.6398 17.3377 189.321 -0.615098 0.250865 0.747477 -26.8182 19.8717 186.676 -0.681416 0.20782 0.701651 2.67162 2.19188 37.2013 0.750926 7.10882 
25366460 -21.5777 17.2028 189.345 -0.614609 0.251456 0.74768 -26.8251 19.7498 186.686 -0.680455 0.209022 0.702224 2.67909 2.18728 37.1759 0.750638 7.11359 
25454604 -21.5056 17.0608 189.368 -0.61395 0.252035 0.748027 -26.8331 19.6311 186.692 -0.679363 0.209895 0.703085 2.68627 2.18268 37.1346 0.750638 7.13105 
25541831 -21.4334 16.9025 189.394 -0.613353 0.252317 0.748421 -26.5017 19.5136 186.703 -0.678776 0.211269 0.703146 2.69431 2.17809 37.0902 0.750638 7.14851 
25629083 -21.3461 16.7306 189.422 -0.61256 0.252413 0.749038 -26.4013 19.3808 186.709 -0.677349 0.213858 0.703901 2.70264 2.17378 37.0235 0.750638 7.18344 
25716321 -21.2439 16.5377 189.463 -0.611602 0.252448 0.749808 -26.3052 19.2379 186.717 -0.675454 0.217546 0.704508 2.71184 2.16918 36.941 0.750638 7.23741 
25804588 -21.122 16.3288 189.518 -0.610382 0.252263 0.750864 -26.1031 19.2102 186.704 -0.673183 0.22094 0.705643 2.72103 2.16487 36.8314 0.750638 7.32155 
25891692 -21.0261 16.1394 189.561 -0.60922 0.252417 0.751756 -25.8926 18.8611 186.849 -0.671045 0.224785 0.706474 2.72965 2.15855 36.6981 0.752362 7.41998 
25978970 -20.9469 15.9479 189.604 -0.608159 0.252137 0.752708 -26.0281 18.8504 186.831 -0.668476 0.225722 0.708547 2.7374 2.15195 36.5425 0.755522 7.53904 
26066197 -20.8784 15.7736 189.647 -0.607016 0.252067 0.753654 -25.9274 18.639 186.955 -0.666765 0.226444 0.710039 2.7443 2.14419 36.3599 0.759831 7.6835 
26154429 -20.8431 15.6397 189.676 -0.606011 0.252578 0.754291 -25.716 18.4196 186.969 -0.665045 0.226666 0.711474 2.74976 2.13442 36.1742 0.765576 7.82479 
26241687 -20.8119 15.4833 189.703 -0.605073 0.253042 0.754888 -25.7324 18.3163 186.964 -0.663056 0.225867 0.713534 2.75608 2.12322 35.9869 0.772184 7.95972 
26328812 -20.798 15.3339 189.727 -0.604253 0.253335 0.755446 -25.6294 18.1072 186.976 -0.661676 0.224767 0.715269 2.76153 2.11144 35.7916 0.77994 8.1026 
26416154 -20.8011 15.2031 189.738 -0.603548 0.253949 0.755804 -25.525 17.7632 186.897 -0.66032 0.224708 0.716498 2.76642 2.09851 35.6091 0.788271 8.22484 
26504463 -20.8128 15.0527 189.755 -0.60284 0.25444 0.756204 -25.5304 17.5671 187.023 -0.659186 0.223572 0.717993 2.77159 2.08357 35.4059 0.798325 8.36613 
26591629 -20.815 14.868 189.796 -0.602162 0.254408 0.756755 -25.5457 17.4653 187.02 -0.657319 0.222618 0.719828 2.77762 2.06864 35.2074 0.808667 8.5217 
26678926 -20.8162 14.7256 189.836 -0.601122 0.254932 0.757404 -25.4394 17.1414 187.049 -0.656072 0.221968 0.721259 2.78193 2.05284 34.9741 0.819583 8.71061 
26766003 -20.8144 14.5585 189.874 -0.600223 0.254971 0.758104 -25.449 16.9216 187.066 -0.65459 0.221807 0.722623 2.78681 2.03732 34.7645 0.8305 8.87412 
26854331 -20.8283 14.4183 189.906 -0.599202 0.255355 0.758783 -25.4645 16.711 187.074 -0.652472 0.220663 0.724851 2.79026 2.01923 34.5692 0.84314 9.02176 
26941496 -20.8443 14.253 189.934 -0.598383 0.255442 0.759399 -25.5857 16.4936 187.09 -0.65098 0.220033 0.7264 2.79457 2.00142 34.3835 0.855492 9.15987 
27028771 -20.8661 14.0654 189.967 -0.59753 0.255567 0.760029 -25.592 16.2819 187.107 -0.649849 0.219002 0.727758 2.79945 1.98044 34.212 0.869568 9.28688 
27116018 -20.9233 13.9156 189.995 -0.596759 0.256132 0.760444 -25.4829 16.0516 187.018 -0.649225 0.218609 0.728421 2.80233 1.95861 34.0501 0.884219 9.41229 
27204137 -20.9649 13.7545 190.026 -0.59585 0.257188 0.7608 -25.6018 15.952 187.021 -0.648209 0.217212 0.729829 2.80635 1.93391 33.9231 0.900019 9.50912 
27291400 -21.0171 13.5651 190.055 -0.595092 0.257393 0.761324 -25.6066 15.7207 186.932 -0.647338 0.216718 0.730626 2.81008 1.90776 33.8358 0.917255 9.57421 
27378684 -21.0757 13.3805 190.082 -0.594026 0.258112 0.761913 -25.5938 15.2852 186.991 -0.647814 0.215952 0.730484 2.81324 1.87789 33.7818 0.937077 9.61707 
27465900 -21.1376 13.1842 190.114 -0.593038 0.258415 0.762579 -25.9248 15.0778 187.018 -0.64777 0.213822 0.731134 2.81611 1.84686 33.7326 0.957473 9.66629 
27553116 -21.1771 12.9512 190.153 -0.591739 0.258485 0.763564 -26.0253 14.7345 186.956 -0.648375 0.213263 0.73072 2.81927 1.81239 33.6787 0.980742 9.72185 
27641251 -21.2511 12.7529 190.181 -0.590655 0.258788 0.764301 -26.2443 14.6301 186.971 -0.648598 0.21217 0.730866 2.82071 1.77619 33.6437 1.00602 9.77424 
27728505 -21.3401 12.5168 190.229 -0.589637 0.258711 0.765113 -26.5717 14.2945 187.018 -0.648716 0.211925 0.730899 2.82129 1.73397 33.6056 1.03647 9.85202 
27815717 -21.4625 12.3099 190.265 -0.589044 0.258939 0.765491 -26.7883 14.063 187.054 -0.648976 0.212599 0.730443 2.82014 1.69088 33.5691 1.06836 9.93616 
27903079 -21.5725 12.0729 190.318 -0.588274 0.259013 0.766059 -27.008 13.8188 186.976 -0.648987 0.213067 0.730258 2.8187 1.64348 33.4675 1.10398 10.0949 
27991251 -21.7016 11.8744 190.353 -0.58781 0.259927 0.766105 -27.0045 13.5777 187.124 -0.648817 0.216775 0.729398 2.81669 1.5978 33.3548 1.13874 10.2648 
28078399 -21.8636 11.6501 190.387 -0.587905 0.260615 0.765798 -27.3441 13.3427 187.151 -0.647848 0.217614 0.730019 2.8141 1.54781 33.2119 1.17752 10.4727 
28165672 -21.9933 11.4257 190.431 -0.587731 0.261027 0.765792 -27.5833 12.9811 187.3 -0.645353 0.221949 0.730782 2.81181 1.50156 33.004 1.21372 10.7506 
28252945 -22.0931 11.1661 190.487 -0.58711 0.261357 0.766156 -27.709 12.7566 187.429 -0.643294 0.223645 0.732143 2.81094 1.45359 32.7563 1.25135 11.0839 
28341157 -22.1612 10.8867 190.54 -0.585837 0.261298 0.76715 -27.7201 12.314 187.585 -0.64111 0.225222 0.733519 2.81037 1.41021 32.5071 1.28669 11.4236 
28428358 -22.3083 10.6317 190.576 -0.58579 0.261748 0.767032 -27.7176 11.8804 187.634 -0.640473 0.224256 0.734503 2.81037 1.36885 32.3404 1.32145 11.684 
28515595 -22.4031 10.3954 190.615 -0.585093 0.261964 0.767491 -27.8182 11.4793 187.797 -0.640654 0.221153 0.735283 2.81123 1.33207 32.2404 1.35276 11.8824 
28602794 -22.5023 10.1571 190.666 -0.584563 0.262139 0.767834 -28.1322 10.9744 187.866 -0.641764 0.215324 0.736061 2.81267 1.29674 32.2324 1.38407 12.011 
28690959 -22.6334 9.89968 190.704 -0.584195 0.26201 0.768158 -28.4236 10.3014 187.966 -0.644851 0.203764 0.736625 2.81324 1.25939 32.2896 1.41854 12.0809 
28778200 -22.7452 9.62748 190.762 -0.583307 0.262048 0.76882 -28.8295 9.60764 188.072 -0.647612 0.194235 0.736672 2.81439 1.22148 32.4039 1.45388 12.0999 
28865360 -22.7778 9.32946 190.811 -0.581534 0.261047 0.770501 -29.0164 9.0104 188.164 -0.650166 0.186647 0.736461 2.81554 1.18557 32.5245 1.48806 12.0999 
28952575 -22.8383 8.99819 190.87 -0.579908 0.259456 0.772262 -29.1187 8.70018 188.206 -0.650484 0.184099 0.7368 2.81583 1.14449 32.6674 1.52684 12.0952 
29040850 -22.8643 8.67779 190.929 -0.57815 0.257755 0.774148 -29.2289 8.14379 188.272 -0.649501 0.184228 0.737637 2.81583 1.10542 32.8579 1.56361 12.038 
29128082 -22.9374 8.39814 190.979 -0.576727 0.257168 0.775404 -29.3782 8.07832 188.37 -0.645362 0.192625 0.739083 2.81353 1.06434 33.1199 1.60153 11.9158 
29215351 -23.0144 8.14147 191.021 -0.575757 0.256461 0.776358 -29.278 8.02361 188.488 -0.644041 0.20029 0.738185 2.81066 1.02642 33.4104 1.63601 11.7554 
29302483 -23.1096 7.88347 191.052 -0.575151 0.25597 0.776969 -29.3784 7.67477 188.541 -0.644566 0.201896 0.737362 2.80692 0.986775 33.7501 1.67163 11.5411 
29390762 -23.1874 7.65079 191.081 -0.574463 0.255889 0.777504 -29.6911 7.3513 188.712 -0.646169 0.201918 0.735893 2.80319 0.949142 34.0597 1.70438 11.3427 
29478019 -23.2703 7.41635 191.109 -0.574025 0.255918 0.777818 -29.7734 6.89056 188.68 -0.648513 0.20209 0.733796 2.79917 0.911223 34.3724 1.73713 11.1363 
29565230 -23.328 7.19485 191.134 -0.573237 0.255385 0.778574 -30.0817 6.45317 188.754 -0.650458 0.200896 0.732491 2.79514 0.879048 34.5565 1.76499 11.0268 
29652462 -23.3904 6.97526 191.16 -0.572524 0.255322 0.77912 -30.1691 6.14259 188.808 -0.652378 0.198387 0.731482 2.79084 0.84515 34.728 1.79343 10.9315 
29740672 -23.4752 6.77256 191.18 -0.572249 0.255237 0.779349 -30.377 5.81467 188.861 -0.653347 0.197531 0.730741 2.78595 0.814413 34.8756 1.81929 10.8506 
29827851 -23.5412 6.59279 191.186 -0.571854 0.255535 0.779541 -30.472 5.48325 188.915 -0.65445 0.197263 0.7298 2.78164 0.785685 35.001 1.84284 10.7696 
29915091 -23.5987 6.43192 191.206 -0.571457 0.255751 0.779762 -30.4621 5.26378 188.948 -0.655062 0.197068 0.729338 2.77762 0.760693 35.0804 1.86324 10.7379 
30002335 -23.6704 6.27906 191.229 -0.571181 0.256019 0.779876 -30.5639 5.16555 188.968 -0.655893 0.195521 0.728932 2.77302 0.736849 35.1392 1.88249 10.7283 
30089459 -23.7505 6.12377 191.241 -0.570864 0.256406 0.779981 -30.6637 4.84344 189.015 -0.656484 0.194252 0.728735 2.76785 0.713006 35.1757 1.90173 10.7283 
30177706 -23.832 5.97999 191.243 -0.570809 0.256525 0.779982 -30.7636 4.6465 189.044 -0.657287 0.191422 0.728868 2.76297 0.692035 35.1995 1.91868 10.7283 
30265035 -23.916 5.83719 191.244 -0.57088 0.256594 0.779907 -30.861 4.31788 188.98 -0.658228 0.189284 0.728665 2.75809 0.671926 35.2185 1.93506 10.7299 
30352207 -23.9833 5.738 191.247 -0.570334 0.257423 0.780034 -30.8492 4.11773 189.012 -0.659045 0.187011 0.728356 2.75349 0.655265 35.2106 1.9477 10.7553 
30439466 -24.0643 5.63257 191.253 -0.570253 0.257862 0.779948 -30.9446 3.92484 189.045 -0.660334 0.183745 0.728058 2.74861 0.638603 35.1963 1.96034 10.7902 
30527609 -24.1315 5.52858 191.263 -0.570127 0.257963 0.780007 -31.0391 3.62676 189.091 -0.661488 0.179893 0.727959 2.7443 0.624239 35.1582 1.97154 10.8458 
30614867 -24.1949 5.43104 191.278 -0.570053 0.258049 0.780032 -31.0208 3.44293 189.124 -0.663008 0.175865 0.727517 2.74028 0.611025 35.1217 1.98188 10.9045 
30702092 -24.2456 5.34247 191.292 -0.569759 0.258154 0.780212 -31.1197 3.13322 189.169 -0.663695 0.173263 0.727496 2.73654 0.598959 35.0614 1.99107 10.9807 
30789336 -24.3065 5.26255 191.301 -0.569738 0.258458 0.780127 -31.1165 3.14566 189.167 -0.664036 0.171926 0.727675 2.73281 0.587181 35.0344 1.99998 11.0236 
30877591 -24.3627 5.20299 191.308 -0.569645 0.258774 0.78009 -31.1154 3.14808 189.168 -0.664154 0.171665 0.727588 2.72936 0.577989 34.9963 2.00659 11.0744 
30964747 -24.4225 5.14742 191.318 -0.56946 0.25903 0.78014 -31.2294 3.02818 189.181 -0.663677 0.172448 0.72785 2.72562 0.569658 34.936 2.01233 11.149 
31052003 -24.4872 5.0982 191.329 -0.569031 0.259272 0.780373 -31.235 3.02308 189.291 -0.662981 0.174566 0.727935 2.72132 0.562189 34.8344 2.01693 11.2633 
31139226 -24.5069 5.0732 191.339 -0.568206 0.259628 0.780856 -31.1335 3.01493 189.397 -0.661803 0.177224 0.728314 2.71873 0.557018 34.7248 2.01951 11.376 
31227461 -24.5545 5.05203 191.344 -0.567638 0.259987 0.781149 -30.9343 3.07889 189.486 -0.659358 0.184237 0.728847 2.71528 0.552422 34.6232 2.02152 11.4824 
31314723 -24.5951 5.0447 191.35 -0.566592 0.260307 0.781802 -30.7843 3.51288 189.615 -0.652425 0.200622 0.730695 2.71155 0.549549 34.4597 2.02152 11.6459 
31401883 -24.6798 5.03291 191.346 -0.565967 0.260547 0.782174 -30.7278 3.76645 189.663 -0.647092 0.21083 0.732632 2.70638 0.546676 34.3073 2.02152 11.7983 
31489104 -24.816 5.02171 191.328 -0.565959 0.260838 0.782083 -30.6371 3.84798 189.64 -0.645067 0.214172 0.733407 2.69977 0.543803 34.193 2.02152 11.9126 
31577347 -24.9544 5.00679 191.31 -0.566027 0.260983 0.781985 -30.6473 3.84123 189.747 -0.643882 0.216468 0.733833 2.69316 0.541218 34.0787 2.02152 12.0269 
31664604 -25.0937 4.9889 191.29 -0.565958 0.260981 0.782036 -30.6604 3.9318 189.729 -0.642696 0.218626 0.734155 2.68627 0.53892 33.9358 2.02124 12.165 
31751736 -25.2149 4.98718 191.263 -0.565784 0.260875 0.782197 -30.6703 4.02934 189.712 -0.641864 0.220036 0.734455 2.68024 0.53892 33.7898 2.01923 12.2968 
31838974 -25.3664 5.01104 191.225 -0.566023 0.261196 0.781917 -30.6847 4.12507 189.69 -0.640541 0.22164 0.735218 2.67363 0.539782 33.6945 2.01607 12.3793 
31926220 -25.4913 5.03245 191.197 -0.56584 0.261227 0.782039 -30.6989 4.21337 189.673 -0.639238 0.224042 0.735507 2.6676 0.541505 33.5501 2.01233 12.5111 
32014536 -25.5921 5.08124 191.175 -0.565349 0.261432 0.782326 -30.8269 4.41455 189.639 -0.637923 0.225993 0.736101 2.66243 0.54524 33.3945 2.00659 12.6556 
32101697 -25.6842 5.13238 191.157 -0.564785 0.261656 0.782658 -30.7265 4.52508 189.731 -0.636852 0.227786 0.736472 2.65754 0.548974 33.2373 2.00084 12.8032 
32188861 -25.7755 5.20275 191.139 -0.564108 0.261792 0.783101 -30.7397 4.61776 189.712 -0.635661 0.229718 0.736947 2.65266 0.555007 33.0579 1.99308 12.9715 
32276173 -25.8973 5.27762 191.106 -0.563808 0.261996 0.783249 -30.7596 4.82055 189.675 -0.633978 0.231707 0.73778 2.64691 0.56104 32.9024 1.98533 13.1112 
32364420 -26.0396 5.35953 191.067 -0.563594 0.262285 0.783306 -30.6633 5.02834 189.755 -0.632692 0.234941 0.737835 2.64031 0.567072 32.7404 1.97728 13.254 
32451595 -26.1831 5.44129 191.021 -0.563424 0.262545 0.783341 -30.6802 5.31804 189.601 -0.631645 0.237912 0.737805 2.63341 0.572531 32.5658 1.96953 13.4049 
32538798 -26.3157 5.53951 190.98 -0.562637 0.262862 0.783801 -30.7995 5.42514 189.698 -0.630944 0.239651 0.737816 2.62709 0.58 32.342 1.95976 13.5969 
32626114 -26.4691 5.66544 190.922 -0.562027 0.263459 0.784038 -30.9227 5.61256 189.559 -0.630244 0.241511 0.737812 2.61933 0.587756 32.1166 1.94913 13.7827 
32714243 -26.6879 5.79537 190.853 -0.56204 0.263715 0.783942 -30.9367 5.80847 189.53 -0.629193 0.244241 0.737813 2.60928 0.596661 31.8832 1.93793 13.9779 
32801495 -26.9078 5.93721 190.792 -0.562003 0.264144 0.783824 -31.0617 6.33408 189.464 -0.628882 0.246998 0.7372 2.59894 0.605279 31.6435 1.92672 14.1875 
32888754 -27.152 6.08763 190.719 -0.562043 0.264568 0.783653 -31.1973 6.75521 189.4 -0.627202 0.249092 0.737896 2.58745 0.61361 31.3784 1.91581 14.4161 
32976076 -27.405 6.2509 190.639 -0.562242 0.265192 0.783299 -31.2138 6.96413 189.366 -0.625877 0.250422 0.738449 2.57538 0.621654 31.1291 1.90489 14.624 
33064123 -27.657 6.44406 190.546 -0.562334 0.265647 0.783079 -31.3394 7.27776 189.322 -0.625052 0.252179 0.738581 2.56274 0.631421 30.8275 1.89225 14.8669 
33151372 -27.9073 6.66107 190.465 -0.562254 0.26643 0.78287 -31.4663 7.59669 189.275 -0.624092 0.253365 0.739032 2.54953 0.641476 30.51 1.87933 15.1384 
33238621 -28.151 6.85098 190.387 -0.562039 0.267065 0.782808 -31.4836 7.9108 189.228 -0.622901 0.255281 0.739386 2.53574 0.64837 30.1703 1.86927 15.4321 
33325867 -28.4395 7.05264 190.295 -0.56216 0.267584 0.782544 -31.6114 8.09657 189.086 -0.621713 0.257319 0.739724 2.51936 0.653828 29.8052 1.86065 15.748 
33413110 -28.6784 7.22463 190.218 -0.561807 0.267834 0.782712 -31.6289 8.41729 189.037 -0.620508 0.258525 0.740294 2.50385 0.65785 29.4035 1.85376 16.1004 
33501240 -28.9152 7.44173 190.136 -0.561371 0.268279 0.782872 -31.8754 8.73772 188.984 -0.618678 0.259338 0.741527 2.48719 0.663308 28.967 1.84571 16.4846 
33588478 -29.1456 7.65798 190.046 -0.561017 0.268392 0.783087 -31.8972 9.04695 188.936 -0.617007 0.261779 0.742054 2.46995 0.668192 28.5018 1.83882 16.8878 
33675746 -29.4141 7.92317 189.933 -0.561169 0.269277 0.782675 -32.0274 9.3623 188.888 -0.615686 0.26335 0.742575 2.45013 0.672213 28.0843 1.83279 17.2434 
33764021 -29.6152 8.17817 189.846 -0.560596 0.269737 0.782926 -32.1606 9.77257 188.716 -0.614368 0.265043 0.74308 2.43088 0.675661 27.5874 1.8279 17.6863 
33851215 -29.8513 8.47287 189.738 -0.56085 0.270753 0.782394 -32.4044 10.1966 188.655 -0.613047 0.266615 0.743602 2.40991 0.678246 27.1699 1.82446 18.0594 
33938352 -30.0723 8.73547 189.637 -0.561176 0.271531 0.781891 -32.5234 10.4035 188.628 -0.612706 0.267952 0.743422 2.38981 0.679683 26.7794 1.82273 18.4055 
34025619 -30.2873 9.00318 189.536 -0.561425 0.272243 0.781464 -32.6397 10.7093 188.481 -0.612975 0.268973 0.742797 2.36797 0.679683 26.3555 1.82273 18.7881 
34112961 -30.4594 9.2718 189.444 -0.561358 0.273091 0.781216 -32.8632 10.905 188.35 -0.613484 0.269731 0.742086 2.34758 0.679683 25.9412 1.82273 19.1627 
34201000 -30.5918 9.55522 189.37 -0.560727 0.273917 0.78138 -33.0882 11.2336 188.312 -0.613975 0.269675 0.741727 2.32689 0.679683 25.4649 1.82273 19.6088 
34288222 -30.6849 9.8224 189.311 -0.559779 0.274664 0.781797 -33.3152 11.4342 188.176 -0.614102 0.269899 0.741576 2.30793 0.679683 24.9934 1.82273 20.0565 
34375502 -30.7749 10.1247 189.249 -0.558596 0.275576 0.782322 -33.4322 11.6522 188.147 -0.613982 0.270038 0.74168 2.28696 0.679683 24.4664 1.82273 20.5581 
34462733 -30.8745 10.4182 189.174 -0.557774 0.276714 0.782507 -33.5554 11.9618 187.993 -0.613504 0.270668 0.741716 2.26714 0.679683 24.0155 1.82273 20.9788 
34550959 -31.0278 10.7198 189.087 -0.557721 0.27822 0.782011 -33.6755 12.287 187.95 -0.613268 0.271172 0.741771 2.24617 0.678821 23.6441 1.82359 21.3281 
34638236 -31.1502 11.004 189.017 -0.55746 0.279676 0.781677 -33.7897 12.6077 187.914 -0.61366 0.272175 0.741026 2.2275 0.678821 23.2948 1.82359 21.663 
34725430 -31.2998 11.3196 188.935 -0.557474 0.280941 0.781214 -33.9004 12.7989 187.785 -0.614307 0.273625 0.739978 2.20595 0.680257 22.8963 1.82359 22.0472 
34812596 -31.4353 11.6065 188.861 -0.557476 0.281623 0.780967 -34.1254 13.01 187.763 -0.614567 0.274299 0.739521 2.18527 0.682843 22.4804 1.82359 22.4488 
34900973 -31.5949 11.9271 188.769 -0.557562 0.282331 0.78065 -34.3468 13.2147 187.631 -0.615302 0.274085 0.73894 2.16171 0.686002 22.0121 1.82359 22.8949 
34988192 -31.6984 12.2407 188.69 -0.557314 0.28293 0.78061 -34.4533 13.6667 187.58 -0.616752 0.272859 0.738251 2.1416 0.692322 21.5644 1.8213 23.3204 
35075259 -31.7954 12.5496 188.607 -0.557155 0.28335 0.780571 -34.5667 14.0016 187.539 -0.617233 0.272334 0.738078 2.12207 0.700366 21.1152 1.81814 23.7379 
35162572 -31.9188 12.9178 188.51 -0.557273 0.284171 0.780188 -34.5786 14.4459 187.477 -0.61686 0.272146 0.738469 2.09995 0.710421 20.65 1.81383 24.1729 
35250799 -32.0486 13.319 188.411 -0.557574 0.28521 0.779594 -34.48 14.8899 187.414 -0.616369 0.272203 0.738827 2.07697 0.722486 20.1865 1.80837 24.611 
35338149 -32.1562 13.7076 188.32 -0.557893 0.285984 0.779082 -34.4976 15.0942 187.379 -0.61493 0.274034 0.739436 2.05542 0.736562 19.7309 1.80205 25.0412 
35425272 -32.2366 14.1064 188.235 -0.557863 0.286734 0.778828 -34.6264 15.5149 187.208 -0.614081 0.274597 0.739848 2.03388 0.751787 19.234 1.79487 25.5095 
35512503 -32.33 14.5676 188.141 -0.557948 0.287739 0.778396 -34.6361 15.9686 187.259 -0.613843 0.274981 0.739918 2.00888 0.769311 18.6942 1.78682 26.0255 
35600638 -32.39 15.0002 188.078 -0.557396 0.288123 0.77865 -34.4347 16.6374 187.161 -0.612855 0.274868 0.740788 1.98332 0.787122 18.037 1.77907 26.6621 
35687901 -32.5065 15.4841 187.981 -0.557694 0.289272 0.77801 -34.3486 17.1941 187.075 -0.611251 0.274708 0.742151 1.95459 0.805794 17.4544 1.7716 27.2129 
35775167 -32.6083 15.9288 187.9 -0.557672 0.290114 0.777712 -34.3694 17.6308 187.008 -0.609911 0.275344 0.743041 1.92529 0.823031 16.8448 1.76585 27.7939 
35862246 -32.7654 16.4337 187.804 -0.558276 0.291441 0.776782 -34.5076 18.1845 186.922 -0.608181 0.275082 0.74454 1.88938 0.841703 16.232 1.76154 28.3829 
35950550 -32.8661 16.8977 187.747 -0.557695 0.292167 0.776927 -34.4047 18.5235 186.873 -0.607923 0.274529 0.74498 1.85002 0.859801 15.4716 1.75982 29.1274 
36037782 -32.9546 17.4405 187.682 -0.55666 0.293415 0.777199 -34.4212 19.0877 186.676 -0.607371 0.271777 0.746447 1.79946 0.881921 14.5921 1.76068 29.9831 
36125012 -33.0884 17.9071 187.627 -0.555736 0.294572 0.777422 -34.3341 19.6533 186.587 -0.60587 0.270663 0.74806 1.74086 0.896572 13.7412 1.77102 30.8308 
36212263 -33.3676 18.2552 187.557 -0.555581 0.295545 0.777163 -34.6922 20.3265 186.49 -0.604728 0.269027 0.749498 1.67163 0.893699 12.9348 1.79487 31.6516 
36300401 -33.6189 18.4979 187.536 -0.554644 0.29593 0.777686 -35.0199 20.4309 186.371 -0.605802 0.267492 0.749217 1.60383 0.883357 12.0537 1.82302 32.5739 
36387730 -33.9484 18.7119 187.506 -0.554664 0.296363 0.777507 -35.3543 20.8814 186.202 -0.606844 0.264432 0.749505 1.53259 0.864398 11.2425 1.85606 33.447 
36474937 -34.2802 18.886 187.488 -0.554689 0.296554 0.777416 -35.8073 21.1008 186.059 -0.606674 0.262215 0.750412 1.46623 0.840841 10.4583 1.88881 34.3043 
36562166 -34.6907 19.0682 187.461 -0.5553 0.296911 0.776843 -36.033 21.1054 186.056 -0.606408 0.261299 0.7509 1.39843 0.809529 9.68518 1.92385 35.1599 
36649389 -35.0756 19.2053 187.431 -0.555223 0.29672 0.776972 -36.3725 21.1054 186.053 -0.605902 0.260661 0.751596 1.33638 0.775344 8.85491 1.95775 36.0521 
36737673 -35.57 19.3214 187.363 -0.555718 0.296307 0.776775 -36.4912 21.1146 186.045 -0.605138 0.259455 0.752611 1.27232 0.731104 7.96115 1.9951 36.9745 
36824790 -36.1185 19.3955 187.284 -0.556658 0.296317 0.776098 -36.8541 21.136 186.016 -0.602121 0.256518 0.756053 1.21458 0.676235 7.13089 2.03244 37.8063 
36912041 -36.6842 19.4286 187.2 -0.557195 0.296766 0.77554 -37.111 21.0389 185.884 -0.598355 0.253068 0.760173 1.15598 0.608727 6.20061 2.07266 38.7159 
36999329 -37.1519 19.3707 187.129 -0.557203 0.296786 0.775527 -37.4824 20.7258 185.891 -0.593746 0.250408 0.764552 1.09651 0.531738 5.29098 2.11403 39.5764 
