908 22.1097 -21.9937 214.178 0.214498 -0.214777 0.952818 24.6125 -19.4688 213.972 0.234322 -0.0149896 0.971961 -1.16172 2.56475 8.18022 6.07376 60.8282 0
94090 23.3182 -23.0288 213.546 0.211307 -0.208764 0.954865 24.5057 -19.4684 213.861 0.233584 -0.0150237 0.972104 -1.08359 2.60009 10.6599 6.03728 58.1866 0
183477 24.3403 -23.5881 213.021 0.205931 -0.19729 0.958472 24.5262 -19.9191 213.156 0.203434 0.0048895 0.979017 -1.029 2.62336 12.7967 6.01803 55.8848 0
270613 24.9204 -23.784 212.684 0.19757 -0.188564 0.961982 25.2894 -20.0536 212.786 0.193374 0.0202815 0.980887 -1.00459 2.63657 14.1826 6.01516 54.3544 0
357907 25.262 -23.7084 212.456 0.188757 -0.183336 0.964758 25.8397 -20.1339 212.531 0.182597 0.0334993 0.982503 -0.999989 2.64347 14.9954 6.02522 53.3892 0
445101 25.51 -23.3716 212.316 0.181006 -0.177232 0.967381 26.1705 -19.8081 212.363 0.175414 0.0423433 0.983494 -1.01148 2.64203 15.5145 6.04619 52.7272 0
533469 25.669 -22.8641 212.224 0.172428 -0.171319 0.970009 26.4112 -19.2499 212.062 0.168104 0.0499545 0.984368 -1.03475 2.636 15.8637 6.07578 52.2272 0
620625 25.7786 -22.2528 212.172 0.164636 -0.165819 0.972316 26.6527 -18.7494 212.106 0.160342 0.0555245 0.985336 -1.06319 2.62738 16.0574 6.10939 51.889 0
707719 25.8731 -21.534 212.139 0.157596 -0.159213 0.974584 26.7699 -18.1485 211.92 0.154649 0.0609797 0.986022 -1.09536 2.61589 16.1812 6.14644 51.6176 0
794968 25.9526 -20.7999 212.12 0.152147 -0.152054 0.976591 26.894 -17.4191 211.949 0.149981 0.0669029 0.986269 -1.12639 2.60325 16.2416 6.18207 51.4191 0
882197 25.9877 -20.0128 212.107 0.146098 -0.145092 0.978572 26.9117 -16.5935 211.857 0.145717 0.0743842 0.986471 -1.16 2.58975 16.259 6.22027 51.254 0
970478 25.9968 -19.2488 212.108 0.140374 -0.138352 0.980385 26.912 -15.7531 211.881 0.143615 0.0814721 0.986172 -1.19189 2.57653 16.2574 6.25676 51.1238 0
1057600 25.9923 -18.4854 212.099 0.134333 -0.132887 0.981986 27.033 -14.8464 211.783 0.141381 0.0908928 0.98564 -1.22262 2.56475 16.2336 0.010629 51.0064 0
1144839 25.9877 -17.7405 212.1 0.128568 -0.127454 0.983476 27.0129 -14.1371 211.709 0.139993 0.0989938 0.985099 -1.25106 2.55355 16.2209 0.0462506 50.8952 0
1232076 26.0017 -16.9522 212.095 0.123696 -0.120939 0.984923 27.1433 -13.2085 211.721 0.137029 0.107268 0.9847 -1.27835 2.54148 16.2035 0.0821594 50.7857 0
1320333 26.0059 -16.1799 212.1 0.118319 -0.115485 0.986237 27.1575 -12.2726 211.625 0.134351 0.114756 0.984128 -1.30421 2.53086 16.1955 0.118068 50.6825 0
1407604 26.005 -15.4068 212.096 0.113009 -0.110763 0.987401 27.2684 -11.5606 211.66 0.131093 0.12256 0.983661 -1.32891 2.52109 16.178 0.154264 50.5825 0
1494831 26.0048 -14.6398 212.093 0.108436 -0.105825 0.988455 27.2964 -10.6227 211.563 0.126924 0.129847 0.983267 -1.3519 2.51132 16.1511 0.189311 50.4984 0
1633079 26.9314 -10.51 211.648 0.12068 0.12881 0.984299 27.0856 -9.86226 211.487 0.122162 0.134888 0.983237 -1.36626 2.51046 16.3495 0.181555 50.4539 0
1770267 26.4649 -10.6983 211.822 0.109696 0.122228 0.986421 26.0677 -10.8602 211.812 0.0984009 0.114266 0.988453 -1.37545 2.51333 16.4622 0.176959 50.5127 0
1911050 26.0309 -10.5649 211.976 0.0957306 0.111592 0.989132 25.9845 -10.9261 211.93 0.0944863 0.111896 0.989152 -1.39154 2.5162 16.2479 0.198791 50.7905 0
2045505 25.9573 -9.92518 212.121 0.0863681 0.10635 0.990571 26.3261 -10.1644 212.405 0.0914186 0.116739 0.988857 -1.41136 2.51822 15.8209 0.24734 51.2159 0
2176569 26.0299 -8.9821 212.307 0.0743451 0.101033 0.992101 25.9813 -9.40256 212.544 0.0622087 0.0920702 0.99375 -1.43865 2.51764 15.0414 0.31686 51.7795 0
2304113 25.9704 -8.19874 212.286 0.0584592 0.0821846 0.994901 25.8309 -8.70477 212.254 0.046799 0.0658026 0.996641 -1.46307 2.51649 14.0556 0.385805 52.3669 0
2432440 25.898 -7.11088 212.178 0.0487383 0.0634617 0.996793 25.8438 -7.35177 212.123 0.0466465 0.0522065 0.997406 -1.48749 2.50672 12.9411 0.463655 53.1336 0
2554112 25.8946 -5.87499 212.088 0.0468378 0.0525327 0.99752 25.7028 -5.97165 211.989 0.0523105 0.0487951 0.997373 -1.50472 2.49868 12.168 0.534036 53.6734 0
2682557 25.8216 -4.58189 212.027 0.0477312 0.0472736 0.997741 25.4644 -4.61462 211.858 0.0565094 0.0490857 0.997123 -1.51679 2.49466 11.7188 0.600109 54.0274 0
2809054 25.8154 -3.34231 212.018 0.0479207 0.0441383 0.997875 25.6231 -3.16839 211.821 0.0552951 0.0492099 0.997139 -1.5234 2.49667 11.5187 0.658425 54.2163 0
2936245 25.8494 -2.15623 211.999 0.0481699 0.0430914 0.997909 25.6531 -1.94256 211.807 0.0535862 0.0504956 0.997171 -1.52627 2.50069 11.4108 0.711282 54.3227 0
3064647 25.8584 -0.958091 211.994 0.0472333 0.0425708 0.997976 25.5428 -0.927885 211.818 0.0526302 0.0519486 0.997169 -1.52828 2.50529 11.3886 0.763278 54.3671 0
3199908 25.8366 0.232422 212.017 0.046005 0.0417039 0.99807 25.4818 0.416596 211.795 0.0499742 0.0535753 0.99719 -1.52914 2.51218 11.4298 0.814987 54.3751 0
3327867 25.7973 1.39579 212.025 0.0455522 0.0423242 0.998065 25.4053 1.54853 211.904 0.0468598 0.0555055 0.997313 -1.52569 2.52339 11.5727 0.86095 54.3147 0
3457833 25.6553 2.56669 211.996 0.0452206 0.0449894 0.997963 24.8896 2.72192 211.909 0.0429286 0.0566522 0.997411 -1.51564 2.5435 11.9236 0.900594 54.0941 0
3590017 25.1199 3.67437 211.944 0.040629 0.0452662 0.998148 24.5561 3.31905 211.868 0.0346346 0.032962 0.998772 -1.46853 2.61301 13.919 0.906626 52.7955 0
3714455 25.326 3.69793 212.315 0.0265829 -0.00220698 0.999644 25.6213 2.60958 212.655 0.0148439 -0.0370403 0.999069 -1.3901 2.67736 16.9781 0.886517 50.6905 0
3840315 25.9543 4.44361 212.478 0.0160182 -0.0315742 0.999373 26.4582 3.55848 212.78 0.00662774 -0.0489488 0.998746 -1.345 2.6969 18.0529 0.918692 49.6903 0
3971182 26.2409 5.86418 212.465 0.0103047 -0.042034 0.999063 26.6679 5.47593 212.698 0.00472102 -0.0519777 0.998605 -1.32231 2.70322 18.5942 0.973273 49.0125 0
4094142 26.2738 7.33637 212.349 0.00743192 -0.0456756 0.998929 26.6018 7.04764 212.431 0.0044477 -0.0534397 0.998514 -1.30852 2.70437 18.9181 1.0224 48.5315 0
4218372 26.1832 8.728 212.254 0.00600871 -0.0464823 0.998901 26.1874 8.54449 212.29 0.00489402 -0.053864 0.998424 -1.29186 2.70523 19.2118 1.06175 48.1505 0
4343987 26.1061 9.94175 212.16 0.00573169 -0.0472478 0.998867 25.9684 9.77041 212.057 0.00551944 -0.0525601 0.998523 -1.26945 2.70781 19.5102 1.09105 47.825 0
4471335 26.0149 11.1794 212.076 0.00491038 -0.0447546 0.998986 25.9947 11.0955 212.031 0.00540737 -0.0500698 0.998642 -1.24273 2.70839 19.7769 1.11375 47.579 0
4599627 25.9849 12.3511 212.059 0.0046385 -0.0432827 0.999052 26.0283 12.2783 212.015 0.00331634 -0.0441533 0.998952 -1.20884 2.71069 20.0976 1.13185 47.3456 0
4723849 25.9585 13.5376 212.028 0.00330591 -0.0399944 0.999194 25.7546 13.695 211.98 0.000843183 -0.0359755 0.999288 -1.17235 2.71356 20.4183 1.14592 47.1488 0
4853769 25.8626 14.8341 212.031 0.000356169 -0.032273 0.999479 25.6209 15.0711 211.944 -0.004744 -0.0246469 0.999623 -1.12955 2.71729 20.7548 1.15454 46.9852 0
4973830 25.7707 16.0041 212.015 -0.00412043 -0.0230749 0.999725 25.5902 16.3103 211.919 -0.0106585 -0.0116981 0.999802 -1.08588 2.72246 21.0882 1.15799 46.8439 0
5102272 25.7084 17.3026 212.008 -0.0106767 -0.0105912 0.999887 25.4877 17.7802 211.875 -0.0184 0.00141236 0.999762 -1.03647 2.72936 21.4311 1.15799 46.7233 0
5227137 25.6755 18.4366 212.037 -0.015546 -0.00238606 0.999876 25.3664 19.0384 211.967 -0.0262443 0.0147523 0.999455 -0.987924 2.74114 21.7692 1.1554 46.6217 0
5362184 25.5931 19.8135 212.029 -0.0242726 0.0127928 0.999624 25.4426 20.1877 212.069 -0.0326408 0.0254654 0.999013 -0.933917 2.75521 22.1121 1.14966 46.5249 0
5491126 25.6407 20.8817 212.072 -0.0289343 0.0216468 0.999347 25.3791 21.2374 212.072 -0.0374348 0.0350382 0.998648 -0.884219 2.77532 22.3947 1.14334 46.4375 0
5620628 25.6336 21.9855 212.096 -0.0333935 0.0308162 0.998967 25.3896 22.2125 212.084 -0.0394341 0.0395272 0.998363 -0.833947 2.79974 22.6884 1.13788 46.2836 0
5749716 25.6029 23.0831 212.06 -0.036527 0.0365241 0.998665 25.395 23.1971 211.985 -0.0411697 0.0417797 0.998176 -0.784249 2.82933 23.098 1.13357 46.0057 0
5874693 25.5915 24.089 212.053 -0.0382025 0.0386494 0.998522 25.2846 24.245 211.995 -0.0421205 0.0396672 0.998289 -0.7357 2.86409 23.6171 1.12811 45.647 0
5999044 25.5657 24.9065 212.037 -0.0391055 0.0354684 0.998605 25.4485 24.8675 212.045 -0.0415394 0.0321118 0.998549 -0.694046 2.89713 24.2251 1.12265 45.2263 0
6120853 25.3798 25.3532 212.042 -0.0369882 0.0290756 0.998893 25.4671 25.2965 212.119 -0.0396625 0.0228246 0.99883 -0.678821 2.91264 24.3696 1.1307 45.1517 0
6253255 24.7898 25.6712 212.097 -0.0366232 0.0224934 0.999076 24.937 25.7038 212.091 -0.0387675 0.0207675 0.998894 -0.691461 2.90603 24.2076 1.16057 45.2898 0
6384352 23.829 25.9069 212.115 -0.0365145 0.0181505 0.999168 24.225 26.3667 212.265 -0.0392293 0.0198383 0.998999 -0.725646 2.88276 23.7901 1.20539 45.574 0
6512818 22.7942 26.0596 212.145 -0.0368153 0.0165955 0.999184 23.4968 26.6795 212.365 -0.0418215 0.0197119 0.998827 -0.770747 2.85174 23.2948 1.25422 45.901 0
6642502 21.6625 26.202 212.154 -0.0372061 0.0177227 0.99915 22.6262 26.8972 212.476 -0.0422467 0.019145 0.998894 -0.825042 2.8164 22.763 1.30823 46.2375 0
6767388 20.5301 26.3803 212.138 -0.0388845 0.0215149 0.999012 21.455 27.0933 212.372 -0.0467293 0.0221539 0.998572 -0.881921 2.78164 22.2693 1.36253 46.528 0
6895515 19.3576 26.4337 212.137 -0.0411034 0.0244661 0.998855 20.2719 27.0881 212.402 -0.0520408 0.0242585 0.998237 -0.946844 2.74746 21.7994 1.41969 46.7995 0
7020274 18.3448 26.3528 212.14 -0.0414365 0.0234308 0.998866 19.0565 26.9916 212.332 -0.0553526 0.0230945 0.998064 -1.00976 2.72189 21.3485 1.47485 47.0313 0
7151361 17.1796 26.2816 212.154 -0.0420972 0.0223476 0.998864 17.8864 26.6023 212.402 -0.0549137 0.0177633 0.998224 -1.07353 2.6992 20.8278 1.53546 47.3361 0
7282306 16.1561 26.0703 212.176 -0.0402556 0.0181053 0.999025 16.9968 26.2012 212.465 -0.0488262 0.0100365 0.998618 -1.13041 2.6834 20.3262 1.59234 47.6298 0
7407064 15.1432 25.898 212.187 -0.0368693 0.0129903 0.999236 15.9821 25.9129 212.407 -0.0403073 0.00207364 0.999101 -1.17867 2.67219 19.8642 1.64836 47.9044 0
7536978 13.9868 25.8487 212.188 -0.0337121 0.00918494 0.999389 15.0412 25.5113 212.471 -0.0286918 -0.00559537 0.999483 -1.22033 2.66243 19.4039 1.7084 48.187 0
7664865 12.8827 25.8606 212.176 -0.0306196 0.00652835 0.99951 13.9174 25.5589 212.382 -0.0167875 -0.0128182 0.99969 -1.25394 2.65409 18.9705 1.7647 48.46 0
7788514 11.7376 25.9072 212.166 -0.0281309 0.00404573 0.999596 12.9181 25.456 212.305 -0.00751442 -0.0169521 0.999769 -1.28439 2.64548 18.5815 1.82158 48.7093 0
7916732 10.5908 25.9006 212.15 -0.0240282 0.00111278 0.999711 12.0601 25.3342 212.338 -0.00122783 -0.019072 0.999714 -1.31311 2.63801 18.2037 1.8799 48.9474 0
8049313 9.43479 25.9097 212.156 -0.0210764 -0.00101691 0.999777 10.8419 25.1249 212.387 0.00677704 -0.0199996 0.999743 -1.33897 2.62939 17.8449 1.93793 49.1966 0
8174803 8.28726 25.9001 212.152 -0.0176842 -0.0026314 0.99984 9.67375 25.1293 212.414 0.0117921 -0.020146 0.999641 -1.36166 2.62077 17.4846 1.99624 49.4332 0
8294290 7.30388 25.8823 212.154 -0.0137279 -0.00455384 0.999895 8.51196 25.1204 212.329 0.015848 -0.0200723 0.999539 -1.37861 2.61359 17.2115 2.04709 49.6046 0
8420946 6.19147 25.8462 212.158 -0.00952429 -0.00617536 0.999936 7.3515 24.9973 212.367 0.0188414 -0.0184002 0.999546 -1.39499 2.60583 16.9353 2.1034 49.7856 0
8547131 5.08802 25.818 212.147 -0.00448223 -0.00728792 0.999963 6.11317 25.1124 212.383 0.0206661 -0.0173535 0.99952 -1.40648 2.60095 16.7226 2.15826 49.9094 0
8675785 4.00973 25.8008 212.141 0.000269054 -0.00779437 0.99997 4.84789 24.9864 212.31 0.0227125 -0.0153404 0.999514 -1.41308 2.59865 16.5717 2.20997 49.9888 0
8803600 2.80936 25.8093 212.138 0.00269347 -0.00815176 0.999963 3.60201 24.9734 212.226 0.0238724 -0.0136029 0.999557 -1.41682 2.59578 16.4924 2.26197 50.0253 0
8932743 1.64014 25.8469 212.123 0.00561554 -0.00752407 0.999956 2.36446 25.085 212.243 0.0256122 -0.0121814 0.999495 -1.41624 2.59693 16.4384 2.31052 50.057 0
9061711 0.464087 25.8606 212.116 0.00747498 -0.00690409 0.999948 1.12526 25.0897 212.27 0.0263319 -0.0111438 0.999497 -1.41423 2.59836 16.4257 2.35706 50.0602 0
9189982 -0.678535 25.8328 212.121 0.00808173 -0.0065344 0.999946 0.000364195 25.0816 212.296 0.0266994 -0.0099482 0.99949 -1.41222 2.59865 16.4257 2.40101 50.0602 0
9322733 -1.81772 25.8703 212.085 0.0111908 -0.00395207 0.99993 -1.25697 24.9662 212.224 0.0278926 -0.0090811 0.999497 -1.40418 2.60756 16.4305 2.44352 50.0586 0
9452992 -2.98709 25.8665 212.082 0.0119528 -0.00271412 0.999925 -2.38334 24.9548 212.25 0.0284181 -0.00753545 0.999451 -1.39527 2.61359 16.4987 2.48374 50.0253 0
9579792 -4.1023 25.8394 212.079 0.0129394 -0.00174455 0.999915 -3.53145 24.7166 212.299 0.028886 -0.00536104 0.999466 -1.38378 2.62077 16.6178 2.51994 49.9523 0
9706683 -5.24876 25.8088 212.082 0.0145282 -0.000370735 0.999894 -4.88261 24.7155 212.216 0.0294265 -0.0036823 0.999529 -1.36683 2.6314 16.7924 2.55297 49.8491 0
9838262 -6.42354 25.7551 212.096 0.0143209 0.000330147 0.999897 -5.89305 24.7072 212.24 0.0294265 -0.0036823 0.999529 -1.34529 2.64203 17.0147 2.58084 49.7237 0
9963415 -7.4441 25.6605 212.094 0.0179571 0.00165779 0.999837 -7.01906 24.6717 212.044 0.0293571 -0.00195378 0.999479 -1.31857 2.65754 17.3195 2.60296 49.5348 0
10100545 -8.60303 25.5846 212.083 0.019599 0.00186304 0.999806 -8.05354 24.7533 212.058 0.0331401 0.000247991 0.999414 -1.28554 2.67248 17.7227 2.62163 49.2855 0
10223786 -9.65449 25.5768 212.095 0.0228994 0.00211716 0.999736 -9.08887 24.7247 212.084 0.0358152 0.00242837 0.999253 -1.25164 2.68742 18.191 2.63657 48.9934 0
10346317 -10.761 25.6342 212.103 0.0233887 0.00125387 0.999726 -10.0775 24.9327 212.085 0.0358667 0.00292391 0.999325 -1.21659 2.69948 18.6847 2.64921 48.6791 0
10472136 -11.8472 25.678 212.12 0.0222655 0.000134763 0.999752 -11.1784 24.853 212.233 0.0327397 0.00114335 0.999332 -1.18269 2.70954 19.1372 2.6607 48.387 0
10600612 -12.9675 25.7028 212.133 0.0225864 6.82743e-005 0.999745 -12.369 24.8871 212.258 0.028231 -0.000971686 0.999529 -1.14391 2.72419 19.6197 2.67104 48.0727 0
10731373 -14.1041 25.7106 212.138 0.0223379 -0.000323425 0.99975 -13.6792 24.938 212.286 0.0246421 -0.00368154 0.999641 -1.10226 2.74056 20.1135 2.67937 47.7425 0
10859700 -15.2692 25.6846 212.155 0.0208145 -0.00147024 0.999782 -14.7655 24.9615 212.311 0.0208591 -0.00588331 0.999706 -1.05572 2.75895 20.6199 2.68426 47.4155 0
10985312 -16.3902 25.6634 212.168 0.0184076 -0.00359216 0.999824 -15.9737 25.0009 212.339 0.0182511 -0.00858391 0.999672 -1.00487 2.77963 21.1469 2.68512 47.0662 0
11112965 -17.6223 25.6731 212.168 0.0139478 -0.00719764 0.999877 -17.1807 25.023 212.255 0.015221 -0.0106185 0.999703 -0.94311 2.80462 21.7422 2.68024 46.6646 0
11243575 -18.7761 25.7229 212.164 0.0117316 -0.00961103 0.999885 -18.3742 25.1748 212.271 0.0122243 -0.0135235 0.999698 -0.87359 2.83881 22.409 2.66846 46.2359 0
11372421 -19.8344 25.7598 212.179 0.011118 -0.0108107 0.99988 -19.5641 25.5403 212.374 0.0115197 -0.014428 0.999806 -0.806943 2.87702 23.0948 2.65697 45.7914 0
11493685 -20.9061 25.8106 212.169 0.0101106 -0.0121656 0.999875 -20.5896 25.7476 212.266 0.0152567 -0.0150666 0.999661 -0.750926 2.91063 23.6949 2.65208 45.3882 0
11620455 -21.9405 25.8377 212.199 0.0128387 -0.0125775 0.999838 -21.564 25.6148 212.412 0.0224031 -0.0135748 0.999588 -0.699504 2.94395 24.2934 2.65151 44.977 0
11748487 -22.9436 25.79 212.224 0.019603 -0.0114267 0.999743 -22.5402 25.5617 212.326 0.0303755 -0.0111909 0.999407 -0.645497 2.97986 24.8617 2.65151 44.5643 0
11877791 -23.9355 25.7439 212.25 0.0279102 -0.00907196 0.999569 -23.5242 25.3818 212.362 0.0382818 -0.00584567 0.999173 -0.589767 3.0129 25.3205 2.65151 44.2293 0
12011645 -24.6122 25.4213 212.266 0.0355599 -0.00436152 0.999358 -24.3601 25.3018 212.274 0.0431126 -0.00178545 0.999018 -0.549549 3.03502 25.5253 2.65869 44.05 0
12144704 -25.1985 24.777 212.23 0.0390186 -0.00154898 0.999237 -25.2228 24.7861 212.232 0.0460338 0.00160295 0.998853 -0.544378 3.03674 25.503 2.68196 44.0134 0
12273695 -25.5995 23.9717 212.192 0.0407235 -4.99139e-005 0.99917 -25.6289 24.0406 212.316 0.0454904 0.00228136 0.99892 -0.562189 3.02812 25.4078 2.71356 44.0103 0
12397163 -25.8898 23.1049 212.154 0.0403019 -0.00069048 0.999187 -26.1569 23.303 212.291 0.0458397 0.00211104 0.998806 -0.593789 3.01146 25.2951 2.75062 44.0103 0
12522458 -26.2535 22.1246 212.123 0.038472 -0.00336762 0.999254 -26.6889 22.4771 212.388 0.0457028 0.000769786 0.998822 -0.645497 2.98158 25.1252 2.80175 44.042 0
12654818 -26.532 21.0451 212.171 0.0378093 -0.00563098 0.999269 -26.9079 21.1677 212.537 0.0417357 -0.0116448 0.998942 -0.736562 2.9293 24.6886 2.87673 44.242 0
12783573 -26.5938 19.8221 212.233 0.0364746 -0.0115003 0.999268 -26.8359 19.5492 212.484 0.039342 -0.0206552 0.998927 -0.890252 2.84082 23.7107 2.98934 44.7818 0
12911814 -26.4242 18.4663 212.251 0.034935 -0.0159916 0.999262 -26.3487 17.6514 212.559 0.0379506 -0.0270576 0.99887 -0.992808 2.78365 22.8265 3.07236 45.3104 0
13040188 -26.2149 17.2241 212.247 0.0341355 -0.0187524 0.999241 -26.042 16.2831 212.469 0.0377954 -0.0297648 0.99878 -1.05428 2.75119 22.1836 3.13068 45.7105 0
13165607 -25.946 16.1292 212.251 0.0356705 -0.0177332 0.999206 -25.8117 15.2332 212.456 0.0377865 -0.0286528 0.99879 -1.10312 2.72936 21.6597 3.18152 46.0343 0
13294633 -25.8394 15.0205 212.232 0.0360441 -0.0162667 0.999218 -25.6892 14.2841 212.434 0.0386219 -0.0252828 0.998798 -1.14104 2.7127 21.1961 3.23208 46.3264 0
13420259 -25.8386 13.9301 212.206 0.035382 -0.0152957 0.999257 -25.694 13.1087 212.324 0.0385375 -0.0213179 0.99889 -1.17235 2.69805 20.7818 3.28149 46.5979 0
13549768 -25.8789 12.8234 212.171 0.0341396 -0.0148541 0.999307 -25.7009 11.9542 212.325 0.0389599 -0.0183939 0.998953 -1.20309 2.68282 20.3627 3.33234 46.8709 0
13675022 -25.9148 11.7266 212.153 0.0328776 -0.0144744 0.999355 -25.6877 10.9196 212.315 0.0384198 -0.0164827 0.999018 -1.23124 2.66875 19.9642 3.38204 47.1408 0
13806428 -25.9264 10.5518 212.152 0.0316759 -0.0138736 0.999402 -25.6874 9.7689 212.315 0.0380649 -0.0139675 0.99914 -1.26112 2.65409 19.5404 3.43691 47.4408 0
13937036 -25.9219 9.4342 212.148 0.0306233 -0.0122411 0.999456 -25.6639 8.74245 212.416 0.0366991 -0.0117277 0.999191 -1.28611 2.6426 19.1483 3.48862 47.7203 0
14062208 -25.9299 8.30895 212.145 0.0291846 -0.011765 0.999505 -25.6687 7.4761 212.318 0.0354183 -0.00986284 0.999278 -1.30967 2.63083 18.7704 3.53975 47.9854 0
14188294 -25.917 7.2329 212.12 0.0277947 -0.0100139 0.999563 -25.5334 6.4382 212.306 0.033685 -0.00881869 0.999335 -1.32834 2.62249 18.4275 3.58801 48.2219 0
14313008 -25.9154 6.12024 212.126 0.0267176 -0.00925942 0.9996 -25.5112 5.50407 212.286 0.033376 -0.00583251 0.999286 -1.34529 2.61416 18.1275 3.63656 48.4457 0
14438189 -25.9533 4.95461 212.136 0.02575 -0.0103185 0.999615 -25.6169 4.47127 212.277 0.0336769 -0.0028961 0.999351 -1.36051 2.60497 17.864 3.68453 48.6426 0
14566200 -25.9472 3.8796 212.124 0.0249658 -0.00802635 0.999656 -25.3645 3.41448 212.263 0.031291 -0.00104032 0.999464 -1.36971 2.60124 17.6497 3.72992 48.7998 0
14700720 -25.9423 2.70717 212.114 0.023855 -0.00730208 0.999689 -25.4545 2.40086 212.256 0.029907 -0.000166498 0.999408 -1.37746 2.59693 17.4528 3.77732 48.9442 0
14831112 -25.962 1.56129 212.109 0.0224426 -0.00760631 0.999719 -25.4493 1.26465 212.257 0.0290237 0.000790773 0.999455 -1.3812 2.59377 17.2941 3.82099 49.0807 0
14956409 -25.997 0.480837 212.107 0.0206529 -0.00885658 0.999747 -25.5346 0.260783 212.359 0.0274119 0.00182251 0.999511 -1.38062 2.59204 17.1718 3.85977 49.2109 0
15086627 -25.9658 -0.618125 212.091 0.0190699 -0.00723797 0.999792 -25.4117 -0.897803 212.248 0.025545 0.00275825 0.999582 -1.37947 2.59319 17.0702 3.90286 49.3157 0
15213351 -25.9572 -1.70588 212.085 0.0179358 -0.00758892 0.99981 -25.396 -2.0236 212.36 0.0238117 0.0038024 0.99964 -1.3743 2.59463 17.0432 3.94078 49.3697 0
15341222 -25.959 -2.86646 212.09 0.0169563 -0.00798671 0.999824 -25.3981 -3.17283 212.251 0.0234385 0.00495166 0.999655 -1.36454 2.59808 17.075 3.9787 49.4014 0
15468784 -25.9312 -4.03736 212.097 0.0159999 -0.00802399 0.99984 -25.3799 -4.19183 212.241 0.0223578 0.00518417 0.999657 -1.35103 2.60325 17.1464 4.0149 49.4157 0
15591841 -25.9232 -5.06436 212.109 0.014703 -0.00757265 0.999863 -25.5682 -5.06207 212.445 0.0213531 0.00615385 0.999705 -1.33236 2.611 17.256 4.04362 49.4173 0
15714600 -25.9012 -6.14388 212.122 0.0131445 -0.00722397 0.999888 -25.5449 -6.08726 212.435 0.0197262 0.0070525 0.999652 -1.30909 2.61991 17.3592 4.0712 49.422 0
15842619 -25.8711 -7.19434 212.122 0.0115421 -0.00576307 0.999917 -25.5371 -7.22954 212.325 0.0182963 0.00745533 0.999768 -1.2795 2.63169 17.5116 4.09447 49.3887 0
15972916 -25.8581 -8.35403 212.142 0.0112447 -0.00411346 0.999928 -25.6123 -8.35629 212.329 0.0141195 0.00861461 0.999748 -1.24417 2.64519 17.7925 4.1163 49.2681 0
16106260 -25.8866 -9.5734 212.152 0.0100498 -0.00257096 0.999946 -25.827 -9.57019 212.233 0.0115297 0.00727994 0.99982 -1.20424 2.6607 18.1259 4.13727 49.1172 0
16227123 -25.9137 -10.5876 212.152 0.00950181 -0.00110359 0.999954 -26.0006 -10.9277 212.271 0.0143451 -0.00238499 0.99975 -1.17005 2.67621 18.4768 4.15393 48.914 0
16346869 -25.9454 -11.7711 212.156 0.00984635 -0.00262414 0.999948 -25.9277 -12.2344 212.294 0.0157283 -0.00806938 0.999801 -1.13185 2.69316 18.88 4.16973 48.6807 0
16481162 -25.9501 -12.9798 212.153 0.010339 -0.00495524 0.999934 -25.8613 -13.5404 212.429 0.0180833 -0.0126325 0.999717 -1.09192 2.71155 19.3023 4.1841 48.4156 0
16609514 -25.9458 -14.1378 212.168 0.0109129 -0.00580463 0.999924 -25.9057 -14.8636 212.455 0.0201382 -0.0153214 0.999572 -1.04911 2.73453 19.7991 4.19473 48.0854 0
16735725 -25.9277 -15.2904 212.19 0.0120103 -0.00716417 0.999902 -25.8218 -16.1058 212.466 0.0215344 -0.0160744 0.999616 -1.00631 2.7578 20.2881 4.20191 47.7393 0
16863645 -25.9348 -16.449 212.207 0.0138162 -0.00927708 0.999862 -25.8228 -17.1343 212.457 0.0225213 -0.0148201 0.999589 -0.959484 2.78279 20.7929 4.20449 47.3662 0
16988213 -25.926 -17.6004 212.184 0.0160602 -0.0106655 0.999814 -25.8315 -18.292 212.347 0.0228555 -0.0127541 0.999618 -0.912085 2.80807 21.3009 4.20478 46.963 0
17114233 -25.9107 -18.6516 212.179 0.017149 -0.0097036 0.999806 -25.794 -19.0978 212.315 0.0221058 -0.0116884 0.99965 -0.861812 2.8368 21.8169 4.20162 46.5693 0
17247549 -25.8975 -19.8517 212.163 0.0184174 -0.0102926 0.999777 -25.9027 -20.2315 212.429 0.021809 -0.00858137 0.999588 -0.800911 2.86926 22.3328 4.1953 46.1883 0
17379002 -25.9591 -20.9279 212.165 0.0191048 -0.00923591 0.999775 -25.9723 -21.0505 212.286 0.0203491 -0.0060753 0.999737 -0.739722 2.90201 22.8456 4.18582 45.8248 0
17509959 -26.0152 -22.0195 212.143 0.0192364 -0.00852537 0.999779 -26.073 -22.0792 212.278 0.0201127 -0.00358479 0.999737 -0.679395 2.93275 23.2774 4.1795 45.5549 0
17635524 -26.0162 -23.0681 212.154 0.0185561 -0.00649431 0.999807 -26.0609 -23.1136 212.269 0.0196912 -0.00169822 0.999679 -0.624814 2.9609 23.652 4.17835 45.3803 0
17759728 -25.9818 -23.9604 212.206 0.0160326 -0.00124952 0.999871 -25.7892 -23.948 212.343 0.0179035 0.00120753 0.999795 -0.570807 2.99221 24.0171 4.17548 45.1866 0
17884786 -25.7056 -24.9174 212.215 0.01472 0.00158302 0.99989 -25.5538 -25.0155 212.331 0.0173517 0.00421854 0.999749 -0.527716 3.01606 24.2981 4.18209 45.0183 0
18010854 -25.1643 -25.4565 212.24 0.0136904 0.00498793 0.999894 -25.1636 -25.7423 212.393 0.0159616 0.00621666 0.999825 -0.521684 3.02266 24.2791 4.19645 44.9612 0
18137560 -24.4736 -25.7728 212.198 0.0135202 0.00601163 0.999891 -24.643 -26.1383 212.31 0.0158007 0.00585435 0.999742 -0.538345 3.01606 24.0997 4.21972 44.9437 0
18265140 -23.6304 -25.9804 212.126 0.0137092 0.0069582 0.999882 -24.129 -26.5326 212.226 0.0163591 0.00530903 0.999784 -0.572243 3.00026 23.8727 4.25448 44.9453 0
18392190 -22.6957 -26.1447 212.101 0.013439 0.00827644 0.999875 -23.3242 -27.0636 212.15 0.0202659 0.00392068 0.999711 -0.617058 2.97957 23.6044 4.29814 45.0231 0
18522060 -21.6046 -26.3411 212.099 0.0142053 0.00825449 0.999865 -22.2808 -27.6145 212.181 0.0226701 0.00343083 0.999704 -0.679108 2.9497 23.2218 4.35502 45.2247 0
18648973 -20.4869 -26.4352 212.098 0.0153337 0.00747733 0.999854 -21.0797 -27.7474 212.166 0.024844 0.00430719 0.999565 -0.754947 2.91034 22.7519 4.42253 45.5422 0
18777451 -19.3165 -26.4602 212.105 0.0162783 0.006974 0.999843 -19.745 -27.8976 212.26 0.0248749 0.00701451 0.999536 -0.829638 2.86983 22.2121 4.49263 45.9343 0
18907007 -18.0996 -26.3958 212.131 0.015793 0.00754376 0.999847 -18.3896 -27.8061 212.219 0.0248018 0.00628961 0.999611 -0.898583 2.83306 21.5883 4.56042 46.4137 0
19032266 -16.976 -26.2721 212.16 0.0144183 0.00912742 0.999854 -17.1786 -27.9126 212.315 0.0261952 0.00552433 0.999533 -0.959197 2.80175 20.9993 4.62276 46.8567 0
19162494 -15.794 -26.2471 212.163 0.0139358 0.00973494 0.999856 -15.745 -28.0557 212.296 0.0272515 0.00505019 0.999556 -1.01177 2.77302 20.4468 4.68481 47.2631 0
19288209 -14.6261 -26.2785 212.16 0.013787 0.00916656 0.999863 -14.4985 -27.9232 212.368 0.0272206 0.00234287 0.999585 -1.05457 2.74861 19.9182 4.74198 47.6488 0
19417761 -13.4378 -26.2976 212.152 0.0141402 0.00819479 0.999866 -13.1816 -28.1568 212.362 0.0276909 0.000939564 0.999593 -1.09651 2.72419 19.4038 4.80029 48.0187 0
19547891 -12.2202 -26.3356 212.146 0.0155765 0.00640325 0.999858 -11.7335 -28.1793 212.333 0.0283889 -0.000621649 0.99949 -1.13702 2.69948 18.899 4.8589 48.3838 0
19678604 -11.0301 -26.444 212.134 0.0153692 0.00501716 0.999869 -10.6258 -28.1717 212.308 0.0298672 -0.00176179 0.999448 -1.1712 2.68196 18.4164 4.91434 48.7204 0
19801123 -9.8881 -26.4836 212.145 0.016924 0.00347764 0.999851 -9.25982 -28.0687 212.378 0.0289319 -0.00252063 0.999546 -1.21113 2.66099 17.9322 4.97036 49.0553 0
19931854 -8.72953 -26.429 212.145 0.0179829 0.00207668 0.999836 -8.22661 -27.8348 212.331 0.0288803 -0.00301616 0.999475 -1.25422 2.64002 17.4242 5.02925 49.3855 0
20061383 -7.56679 -26.3927 212.134 0.0189625 0.000926891 0.99982 -6.9565 -27.5215 212.27 0.0284312 -0.00260407 0.999443 -1.29243 2.62249 16.9702 5.08785 49.6792 0
20183591 -6.52567 -26.3254 212.127 0.0187039 0.000354727 0.999825 -5.91172 -27.2889 212.333 0.0274143 -0.00175521 0.999504 -1.32317 2.60985 16.5987 5.141 49.9221 0
20312828 -5.38314 -26.2763 212.126 0.0191106 -0.00017776 0.999817 -4.75553 -27.1851 212.294 0.0248793 -0.00136149 0.999646 -1.35075 2.59808 16.2638 5.19759 50.1428 0
20441829 -4.23837 -26.2048 212.13 0.0191843 -7.66795e-005 0.999816 -3.61503 -27.0899 212.257 0.0240326 -4.17723e-005 0.999655 -1.37402 2.58831 16.0034 5.25389 50.3269 0
20563948 -3.21178 -26.1793 212.122 0.0169197 -0.000260197 0.999857 -2.58148 -26.9769 212.221 0.0227456 0.00057801 0.999623 -1.38838 2.58486 15.7907 5.30417 50.4873 0
20690068 -2.08134 -26.1517 212.124 0.0170342 -5.70726e-005 0.999855 -1.3041 -26.7726 212.171 0.0203171 0.000826226 0.999654 -1.40188 2.5794 15.6304 5.35473 50.6047 0
20821436 -0.959994 -26.1171 212.117 0.0155695 -2.18738e-005 0.999879 -0.0350455 -26.6653 212.243 0.0178641 0.000832809 0.999711 -1.41136 2.57711 15.497 5.40414 50.7032 0
20949370 0.193566 -26.0973 212.112 0.0152167 0.000328363 0.999884 0.973343 -26.6741 212.107 0.0178065 0.00146157 0.999771 -1.41768 2.57509 15.416 5.45096 50.7555 0
21076063 1.31438 -26.1129 212.109 0.0149521 0.000339901 0.999888 1.99978 -26.5443 212.182 0.0175636 0.00148639 0.999774 -1.4194 2.57509 15.3589 5.49262 50.7984 0
21206351 2.46177 -26.0758 212.109 0.0142882 0.000469574 0.999898 3.0276 -26.4203 212.147 0.0168927 0.000932095 0.999723 -1.41969 2.57596 15.3287 5.53513 50.8254 0
21334010 3.53727 -26.0656 212.096 0.013711 0.000128979 0.999906 4.03779 -26.4143 212.121 0.0169199 0.001186 0.99982 -1.41567 2.57883 15.316 5.5719 50.8381 0
21459112 4.61178 -26.0299 212.088 0.0136748 -1.91624e-005 0.999906 5.05929 -26.4013 212.208 0.0160094 0.00188937 0.99977 -1.4105 2.5817 15.3192 5.60724 50.8397 0
21584755 5.73637 -26.0429 212.09 0.0139488 -0.00049595 0.999903 6.08887 -26.1775 212.049 0.0160699 0.00127288 0.999831 -1.3993 2.58716 15.3478 5.63855 50.8397 0
21707223 6.82977 -26.0579 212.087 0.0138821 -0.00137718 0.999903 6.98887 -26.1521 212.027 0.0160062 0.000656523 0.999772 -1.38436 2.59492 15.3875 5.66613 50.8381 0
21832003 7.8666 -26.0134 212.1 0.0158334 -0.000879343 0.999874 7.78557 -26.0046 211.994 0.0163095 1.52104e-005 0.99983 -1.37086 2.59951 15.4637 5.69055 50.8079 0
21953517 8.92895 -26.0051 212.089 0.0155334 -0.00129875 0.999879 8.57958 -25.9661 212.083 0.0159818 0.000414891 0.999797 -1.34874 2.61043 15.5859 5.71295 50.746 0
22075417 9.94185 -25.9755 212.057 0.0164922 -0.00197931 0.999862 9.27924 -25.6913 212.04 0.0159785 -0.000817953 0.999799 -1.32202 2.62278 15.697 5.73134 50.6809 0
22195924 10.9175 -25.9467 212.051 0.0165175 -0.0028593 0.999859 10.1819 -25.6593 211.906 0.0153527 -0.0033424 0.999823 -1.28209 2.64232 15.9034 5.74369 50.5984 0
22315609 11.8406 -25.9256 212.044 0.0156098 -0.00421027 0.999869 10.9893 -25.788 211.797 0.0106279 -0.0111381 0.99974 -1.23182 2.6676 16.2257 5.7503 50.4523 0
22446172 12.8746 -25.9191 211.999 0.0146926 -0.00716376 0.999866 11.973 -26.0544 211.696 0.00963689 -0.0184359 0.999764 -1.16287 2.70121 16.7178 5.75116 50.1936 0
22568567 13.9747 -26.0083 211.974 0.0145841 -0.0105949 0.999838 13.2385 -26.3793 211.704 0.0144331 -0.0219058 0.999512 -1.09048 2.73712 17.3084 5.74886 49.857 0
22696920 15.2072 -26.1825 211.951 0.0166325 -0.0134331 0.999771 14.9362 -26.7875 211.704 0.0205077 -0.0212935 0.999431 -1.02469 2.77159 17.8957 5.74944 49.4935 0
22825059 16.3254 -26.3055 211.93 0.0164476 -0.0169044 0.999722 16.2424 -27.0337 211.588 0.0218523 -0.0225421 0.999403 -0.976146 2.80491 18.3085 5.75461 49.2315 0
22957708 17.5081 -26.4224 211.9 0.0168285 -0.0190864 0.999676 17.2677 -26.9948 211.674 0.0205345 -0.0246296 0.999399 -0.937077 2.83191 18.7006 5.76437 48.9934 0
23083742 18.6253 -26.3979 211.912 0.0166731 -0.0208398 0.999644 18.3159 -26.8614 211.639 0.0176746 -0.0261933 0.999379 -0.904328 2.8549 19.0308 5.77788 48.795 0
23211146 19.6782 -26.3626 211.925 0.0159005 -0.0218535 0.999635 19.2524 -26.7029 211.715 0.0151547 -0.028036 0.999378 -0.874165 2.87472 19.361 5.79138 48.5775 0
23331352 20.6579 -26.3223 211.899 0.0143674 -0.0231827 0.999628 20.0614 -26.6602 211.693 0.0129413 -0.029287 0.999434 -0.83998 2.89626 19.7325 5.80115 48.3187 0
23460915 21.7183 -26.2616 211.894 0.0123242 -0.0248236 0.999616 21.1088 -26.5313 211.547 0.0098841 -0.0315755 0.999368 -0.798325 2.92126 20.1278 5.80976 48.0584 0
23584553 22.7476 -26.1817 211.873 0.010241 -0.0266023 0.999594 22.1701 -26.2716 211.612 0.00709409 -0.0336472 0.999275 -0.749202 2.9474 20.5326 5.81378 47.8298 0
23707250 23.7509 -26.017 211.868 0.00961356 -0.0262929 0.999608 23.1907 -26.2528 211.587 0.00599798 -0.0347684 0.999291 -0.688588 2.97268 20.9866 5.81062 47.5806 0
23838712 24.652 -25.8064 211.87 0.00713371 -0.0297518 0.999532 24.447 -26.0234 211.648 0.00611614 -0.0360136 0.999291 -0.633432 2.99824 21.3549 5.81206 47.4329 0
23957438 25.2165 -25.2388 211.892 0.00660813 -0.0301648 0.999523 25.2556 -25.6596 211.703 0.00781939 -0.0349546 0.999267 -0.636592 2.99623 21.4708 5.83935 47.4186 0
24076814 25.6504 -24.4902 211.968 0.00540389 -0.0287871 0.999571 25.9834 -25.077 211.847 0.00893705 -0.0312346 0.999356 -0.668192 2.98244 21.4787 5.87986 47.4218 0
24193166 25.9619 -23.5216 212.046 0.00519739 -0.0252757 0.999667 26.6445 -24.1343 211.959 0.00888265 -0.029373 0.999414 -0.715304 2.95918 21.385 5.92783 47.4536 0
24317364 26.1547 -22.4273 212.085 0.00510061 -0.0213449 0.999759 26.9492 -23.1138 211.95 0.0122624 -0.0215493 0.999649 -0.773046 2.92987 21.185 5.98184 47.5107 0
24442094 26.2857 -21.3787 212.109 0.00558087 -0.0173395 0.999834 27.6198 -21.9211 212.138 0.0150663 -0.00973571 0.99974 -0.828776 2.90086 20.8977 6.03383 47.6313 0
24566583 26.389 -20.3073 212.159 0.0057795 -0.0125073 0.999905 28.0212 -21.1242 212.265 0.0178576 -0.00163288 0.999715 -0.886517 2.87041 20.5532 6.08755 47.7996 0
24685655 26.4648 -19.3454 212.15 0.00660764 -0.00968828 0.999931 28.0467 -20.1869 212.063 0.0124863 -0.00737184 0.999806 -0.938226 2.84254 20.0992 6.13754 48.0409 0
24816143 26.427 -18.2418 212.14 0.00640108 -0.00850317 0.999943 28.0256 -19.2758 212.084 0.0126804 -0.00787993 0.999853 -0.995106 2.81123 19.5388 6.19442 48.3775 0
24939556 26.381 -17.2255 212.137 0.00546509 -0.00836719 0.99995 27.92 -18.1581 212.083 0.0124197 -0.00563105 0.999877 -1.0494 2.7825 18.9943 6.24986 48.7172 0
25061971 26.3988 -16.2316 212.119 0.00522662 -0.00867952 0.999949 28.0499 -16.9298 212.069 0.0119068 -0.00583531 0.999787 -1.09766 2.75751 18.4545 0.0203962 49.0633 0
25187168 26.4147 -15.102 212.1 0.00571765 -0.00859077 0.999947 28.0309 -15.9268 211.967 0.0127962 -0.00554746 0.99986 -1.14937 2.72993 17.8354 0.079574 49.4697 0
25313527 26.483 -13.9016 212.077 0.00789456 -0.00671621 0.999946 27.8045 -14.6575 211.957 0.0147845 -0.00649562 0.999787 -1.19217 2.70437 17.2528 0.135592 49.8523 0
25443017 26.4417 -12.81 212.057 0.00880745 -0.00696607 0.999937 27.6774 -13.5376 211.957 0.0168309 -0.00448254 0.999781 -1.24848 2.67708 16.621 0.198504 50.2618 0
25574618 26.3747 -11.5882 212.054 0.00946543 -0.00663716 0.999933 27.2418 -12.1708 211.828 0.0183523 -0.00279455 0.999698 -1.30335 2.65151 16.0733 0.267162 50.6111 0
25706082 26.275 -10.3883 212.081 0.00992143 -0.00543302 0.999936 26.9427 -10.8781 212.041 0.0167737 -0.00263321 0.999718 -1.34701 2.63083 15.6827 0.33151 50.881 0
25840108 26.1186 -9.15194 212.092 0.0102376 -0.00441971 0.999938 26.7605 -9.50862 212.019 0.0151951 -0.00247187 0.999739 -1.38579 2.61273 15.3399 0.396721 51.1016 0
25968973 26.0495 -8.05471 212.09 0.00926454 -0.00461623 0.999946 26.5877 -8.1493 211.997 0.012624 -0.00122003 0.999795 -1.41079 2.6021 15.2081 0.454462 51.154 0
26095549 26.1268 -6.92256 212.087 0.00944538 -0.00440695 0.999946 26.6031 -7.02326 211.995 0.0112883 -0.00108351 0.999812 -1.42802 2.59492 15.0843 0.510193 51.2286 0
26224051 26.1968 -5.79086 212.06 0.00991235 -0.00447521 0.999941 26.5016 -5.87607 211.995 0.0105809 -0.00200026 0.999799 -1.44497 2.5886 14.9414 0.567647 51.3159 0
26347563 26.2212 -4.74027 212.042 0.00996128 -0.00409209 0.999942 26.3936 -4.85028 212.005 0.00938163 -0.00174306 0.999924 -1.45905 2.58285 14.8271 0.61993 51.381 0
26471467 26.1845 -3.60377 212.043 0.00992164 -0.00455718 0.99994 26.3124 -3.46012 212.093 0.00916881 -0.00382148 0.999893 -1.47284 2.57797 14.7239 0.676235 51.462 0
26602289 26.1201 -2.41298 212.056 0.00933612 -0.00462641 0.999946 26.2229 -2.2129 211.97 0.00808488 -0.00482181 0.999897 -1.48289 2.57395 14.6652 0.730242 51.5096 0
26728521 26.1013 -1.31018 212.073 0.00937262 -0.00463894 0.999945 26.104 -1.16292 212.092 0.00833666 -0.00595866 0.999883 -1.48778 2.57222 14.6207 0.77678 51.5604 0
26851752 26.0791 -0.18543 212.082 0.00909343 -0.00501418 0.999946 26.0987 -0.160127 211.991 0.00775389 -0.00565498 0.999866 -1.48979 2.57165 14.6207 0.821882 51.5604 0
26969830 26.0324 0.903104 212.088 0.00883895 -0.0043366 0.999952 25.8701 0.881527 212.114 0.00785421 -0.00467617 0.999887 -1.49007 2.57107 14.6175 0.862961 51.562 0
27093618 26.0486 1.98112 212.08 0.00931641 -0.0034238 0.999951 25.7513 1.91308 212.125 0.00781766 -0.00503862 0.999925 -1.48634 2.57251 14.616 0.899732 51.5652 0
27217952 26.0439 3.11323 212.072 0.00961014 -0.0020254 0.999952 25.7226 2.80892 212.035 0.00854622 -0.00511309 0.999915 -1.48059 2.57423 14.6255 0.935928 51.5572 0
27340708 25.9935 4.23549 212.081 0.00936442 -0.000603068 0.999956 25.5857 3.6249 212.18 0.00832774 -0.00484663 0.999894 -1.47255 2.57653 14.6795 0.969826 51.5223 0
27461043 26.0379 5.21917 212.073 0.00990249 -0.000801401 0.999951 25.334 4.54467 212.093 0.00916554 -0.00505432 0.999895 -1.46106 2.58228 14.7747 0.998553 51.4556 0
27585666 25.985 6.30296 212.079 0.00961012 3.42673e-005 0.999954 25.187 5.33418 212.017 0.00948151 -0.00435425 0.999817 -1.44756 2.58745 14.9001 1.02728 51.3699 0
27703482 25.8664 7.2952 212.085 0.00911843 0.000640813 0.999958 24.7308 6.40361 212.031 0.00989411 -0.00512879 0.999886 -1.43463 2.59233 15.0303 1.05371 51.2794 0
27829987 25.9192 8.44665 212.064 0.0104088 0.00198345 0.999944 24.4734 7.21008 211.956 0.0101492 -0.0050328 0.99987 -1.4105 2.60296 15.17 1.07583 51.2064 0
27952280 25.8866 9.44402 212.034 0.0110485 0.00242672 0.999936 24.3315 8.11524 211.979 0.0113911 -0.00368243 0.999827 -1.38321 2.61503 15.3843 1.09278 51.0667 0
28082708 25.8415 10.5195 212.008 0.0120238 0.00255205 0.999924 24.193 9.24096 211.757 0.0141079 -0.00470504 0.999745 -1.34615 2.63197 15.6954 1.10714 50.8746 0
28209986 25.6577 11.6545 212.075 0.00994027 0.00294941 0.999946 24.2558 10.1549 211.777 0.0172131 -0.00674383 0.999755 -1.30421 2.64806 16.1828 1.11806 50.5984 0
28328898 25.7155 12.6029 212.057 0.0109522 0.0017996 0.999938 24.4639 11.1555 211.895 0.018124 -0.00622663 0.999682 -1.26112 2.66932 16.6432 1.12466 50.3063 0
28452250 25.7827 13.6522 212.061 0.011662 0.000588684 0.999932 24.6871 12.4685 211.867 0.0207166 -0.00487969 0.999731 -1.21803 2.69173 17.1544 1.13357 49.9777 0
28576692 25.7494 14.7438 212.072 0.0113926 7.76589e-005 0.999935 24.7912 13.4521 211.875 0.0205895 -0.00252241 0.999741 -1.17867 2.71184 17.6735 1.14506 49.6253 0
28706186 25.7536 15.9136 212.082 0.0109379 4.98778e-005 0.99994 24.7174 14.8059 211.852 0.0193026 -0.00190262 0.999708 -1.13529 2.73453 18.2497 1.15425 49.2284 0
28829728 25.701 17.0457 212.1 0.00955026 0.000406819 0.999954 24.7266 15.8222 211.973 0.0177151 -0.000629256 0.999739 -1.09278 2.75608 18.8324 1.16144 48.8124 0
28951187 25.7311 18.0176 212.081 0.00992304 -8.02196e-005 0.999951 24.839 16.8233 211.87 0.0164127 -0.00136313 0.999721 -1.05285 2.77934 19.3721 1.16574 48.4156 0
29072879 25.6922 19.0808 212.072 0.00966363 -2.37152e-005 0.999953 24.8423 17.9654 211.868 0.0163729 -0.00295842 0.999761 -1.00631 2.80462 19.9484 1.16804 48.0092 0
29194386 25.6065 20.1033 212.078 0.00881311 -0.000465635 0.999961 24.9332 18.8742 211.887 0.0164666 -0.00444531 0.999786 -0.956324 2.83048 20.5484 1.16747 47.5964 0
29312844 25.5682 21.1339 212.068 0.00809403 -0.00107427 0.999967 25.0417 19.9954 211.774 0.0167761 -0.00621092 0.999712 -0.894848 2.86093 21.166 1.15971 47.1741 0
29434133 25.6295 22.1436 212.049 0.00805516 -0.00219323 0.999965 25.3722 21.1007 211.768 0.01738 -0.00750582 0.999706 -0.815562 2.89914 21.7835 1.14075 46.7789 0
29557573 25.7323 23.278 212.042 0.00883076 -0.00292024 0.999957 25.7977 22.285 211.749 0.0209046 -0.00663289 0.999658 -0.710421 2.94797 22.3503 1.11001 46.4645 0
29686116 25.7661 24.4022 212.014 0.0102071 -0.00258338 0.999945 26.1262 23.6806 211.598 0.0250275 -0.00470999 0.999613 -0.601545 2.99681 22.8805 1.07755 46.1581 0
29820156 25.7025 24.9713 211.88 0.0174119 -0.00457054 0.999838 26.2741 24.8726 211.583 0.0225844 -0.00100487 0.999664 -0.569083 3.01491 23.1138 1.08445 46.0502 0
29942296 25.0866 25.4006 211.902 0.0189238 -0.00638963 0.999801 25.5823 25.6152 211.635 0.0208633 0.000160092 0.999709 -0.598098 3.00456 23.0726 1.12495 46.1169 0
30066640 23.9878 25.7964 211.992 0.0159274 -0.00548449 0.999858 24.7582 26.1574 211.712 0.0190419 0.000346253 0.999732 -0.654977 2.97756 22.8217 1.18068 46.274 0
30186989 22.974 26.0518 212.029 0.0135274 -0.00419474 0.9999 23.6331 26.5071 211.926 0.011638 0.00233615 0.999827 -0.725071 2.94452 22.4915 1.24072 46.4391 0
30303210 21.9895 26.1385 212.06 0.0106649 -0.00331711 0.999938 22.6591 26.7138 212.039 -0.00154555 0.00540504 0.999947 -0.799762 2.90948 22.1455 1.3022 46.609 0
30428739 20.9229 26.1599 212.096 0.00742619 -0.00276995 0.999969 21.6001 26.54 212.087 0.00127971 -0.000561366 0.99987 -0.869856 2.87472 21.72 1.36367 46.8487 0
30548922 19.928 26.016 212.139 0.00486127 -0.00374994 0.999981 20.667 26.4648 212.232 0.00398964 -0.00527024 0.999915 -0.929321 2.84226 21.293 1.41653 47.0868 0
30670251 18.9538 25.9342 212.133 0.0056747 -0.00544494 0.999969 19.7384 26.2271 212.166 0.00444772 -0.00679436 0.999936 -0.982466 2.81525 20.831 1.47054 47.3599 0
30790782 17.9502 25.9131 212.128 0.00663343 -0.00653247 0.999957 18.732 26.2242 212.191 0.00401967 -0.00737348 0.999881 -1.02757 2.79198 20.3706 1.52282 47.6456 0
30908533 16.8555 25.9345 212.134 0.00618781 -0.0070361 0.999956 17.4797 26.122 212.23 0.00494561 -0.00672319 0.999917 -1.06692 2.76958 19.9404 1.57424 47.9139 0
31026342 15.7985 25.9674 212.137 0.00564681 -0.00678571 0.999961 16.5976 26.2065 212.242 0.00427798 -0.00604464 0.999864 -1.1014 2.74947 19.5134 1.62193 48.1822 0
31144794 14.6922 25.9897 212.13 0.00519422 -0.00637658 0.999966 15.5868 26.1752 212.155 0.00403838 -0.00478698 0.999865 -1.1373 2.72907 19.0625 1.67335 48.4664 0
31265323 13.6059 26.0099 212.123 0.00438953 -0.00575224 0.999974 14.4701 26.1686 212.181 0.00353157 -0.00374612 0.999894 -1.17178 2.70954 18.6212 1.72362 48.741 0
31387148 12.4758 26.0146 212.115 0.00404858 -0.00517599 0.999978 13.3484 26.1498 212.095 0.00327979 -0.00260927 0.999908 -1.20769 2.69058 18.1751 1.77792 49.0172 0
31511186 11.3849 26.0153 212.112 0.00345265 -0.00453194 0.999984 12.2235 26.0289 212.133 0.00244525 -0.00116874 0.999905 -1.24158 2.67305 17.7576 1.83078 49.2824 0
31633866 10.2572 26.0186 212.103 0.00275595 -0.00374005 0.999989 10.9767 25.9159 212.06 0.00250901 -0.000552385 0.999964 -1.27433 2.65668 17.3544 1.88565 49.5332 0
31756085 9.19272 26.0099 212.118 0.0016659 -0.00313864 0.999994 9.95383 25.796 212.096 0.00264262 -0.00044398 0.999949 -1.30421 2.64174 16.9988 1.93735 49.7729 0
31889694 7.94387 26.0136 212.106 8.90856e-005 -0.00239095 0.999997 8.69396 25.5762 212.035 0.00290985 -0.000227169 0.999921 -1.33495 2.62623 16.6241 1.99567 49.9951 0
32016741 6.78289 25.9822 212.111 -0.00125937 -0.00232381 0.999997 7.54546 25.3565 212.084 0.00341993 -3.51801e-005 0.99989 -1.36166 2.61301 16.332 2.05054 50.1698 0
32150126 5.63316 25.9507 212.104 -0.0017846 -0.00187523 0.999997 6.41366 25.257 212.122 0.0033318 -0.000893165 0.999856 -1.38493 2.60239 16.0574 2.10569 50.3364 0
32277404 4.47682 25.9201 212.103 -0.00377496 -0.00200285 0.999991 5.36593 24.9049 212.069 0.00346824 -0.000772487 0.999963 -1.40159 2.59291 15.8717 2.15539 50.4269 0
32400637 3.50698 25.8788 212.096 -0.00267301 -0.00169299 0.999995 4.22905 24.7922 211.995 0.00364733 -0.00141366 0.999901 -1.41165 2.58917 15.7478 2.20193 50.5127 0
32528949 2.36958 25.8392 212.097 -0.00336126 -0.0018697 0.999993 3.0964 24.7975 212.021 0.00484942 -0.00165859 0.999898 -1.41711 2.58544 15.678 2.24847 50.5523 0
32660599 1.21599 25.817 212.081 -0.00386335 -0.00168508 0.999991 2.08211 24.785 212.046 0.00526245 -0.00121255 0.999843 -1.41653 2.58429 15.6494 2.29271 50.5619 0
32793599 0.0809934 25.8443 212.054 -0.00236416 -0.00095755 0.999997 0.827828 24.6772 211.973 0.00612746 -0.00116634 0.999941 -1.41136 2.58745 15.6669 2.33781 50.5619 0
32921290 -1.09633 25.8235 212.074 -0.00321683 -0.000862352 0.999994 -0.0634585 24.667 212.107 0.00553251 -0.00098347 0.999937 -1.40389 2.58917 15.705 2.37774 50.5635 0
33054192 -2.26839 25.8633 212.074 -0.00260924 0.000137314 0.999997 -1.39327 24.9192 212.114 0.00645235 -0.00157829 0.999852 -1.39269 2.59463 15.7637 2.41796 50.5635 0
33180406 -3.27523 25.9784 212.043 -0.000203877 0.00235707 0.999997 -2.42695 24.6613 212.049 0.00627652 0.000295725 0.999913 -1.38034 2.60353 15.8256 2.45387 50.5635 0
33306908 -4.49579 25.8497 212.091 -0.00147762 0.00204806 0.999997 -3.77437 24.6908 212.189 0.00697179 0.00109166 0.999939 -1.3677 2.60727 15.9225 2.49064 50.5492 0
33434206 -5.60889 25.9433 212.03 -0.000869209 0.00449391 0.99999 -4.89663 24.6779 212.104 0.00677768 0.00159974 0.999892 -1.34644 2.61876 16.0288 2.51965 50.4936 0
33555005 -6.64467 25.9445 212.005 0.00032346 0.00668093 0.999978 -5.92815 24.4381 212.151 0.00664733 0.00272418 0.999904 -1.3269 2.63025 16.1511 2.54838 50.4476 0
33689242 -7.90301 25.8473 212.026 -0.000512994 0.00731424 0.999973 -7.15482 24.5475 212.057 0.00693893 0.00318262 0.999851 -1.30047 2.64203 16.3495 2.57624 50.3698 0
33821054 -8.99757 25.8204 212.074 0.000143154 0.00703307 0.999975 -8.39193 24.5198 211.973 0.00715502 0.00649388 0.999879 -1.27232 2.65553 16.686 2.59808 50.1983 0
33946113 -10.0067 25.8842 212.083 0.00195889 0.00805574 0.999966 -9.39641 24.5028 211.997 0.00651459 0.00742633 0.999923 -1.24474 2.67162 17.0432 2.61847 49.992 0
34072524 -11.1038 25.9123 212.086 0.0032205 0.00867128 0.999957 -10.6306 24.5117 212.025 0.00669695 0.008018 0.999859 -1.2163 2.68799 17.4338 2.63973 49.738 0
34201170 -12.283 25.8574 212.098 0.00314864 0.00826848 0.999961 -11.748 24.5212 212.051 0.00625672 0.00731807 0.999817 -1.18786 2.70264 17.8164 2.66099 49.4855 0
34327252 -13.3778 25.8408 212.109 0.00367264 0.00811122 0.99996 -12.7795 24.3009 212.208 0.00640535 0.00755956 0.999912 -1.15914 2.71873 18.2307 2.67937 49.203 0
34454893 -14.5 25.857 212.096 0.00434503 0.00853371 0.999954 -13.7984 24.2911 212.122 0.00703359 0.0065063 0.999881 -1.12668 2.73798 18.6831 2.69546 48.8807 0
34583195 -15.6085 25.8229 212.097 0.00458451 0.00796179 0.999958 -14.9353 24.2991 212.148 0.00869702 0.0059701 0.999896 -1.09307 2.75665 19.1499 2.70868 48.5473 0
34712536 -16.8033 25.7649 212.113 0.00433639 0.00697563 0.999966 -15.9712 24.1749 212.184 0.0102273 0.00654606 0.999802 -1.05285 2.77791 19.6626 2.71873 48.1965 0
34845098 -17.9096 25.7261 212.112 0.00515495 0.00679347 0.999964 -17.0138 24.0513 212.22 0.0124889 0.00705984 0.99982 -1.01091 2.80146 20.1913 2.72562 47.825 0
34975428 -19.0526 25.6661 212.121 0.00574971 0.0061037 0.999965 -18.1483 24.1628 212.235 0.0150876 0.00728248 0.999737 -0.960633 2.82761 20.7564 2.72677 47.4393 0
35109849 -20.2468 25.5332 212.13 0.00593121 0.00409021 0.999974 -19.2947 24.1476 212.15 0.0174951 0.00802547 0.999729 -0.90203 2.85461 21.3485 2.7239 47.0456 0
35243646 -21.42 25.4566 212.153 0.0064721 0.00210053 0.999977 -20.4021 24.2677 212.165 0.0171763 0.00731313 0.999685 -0.829351 2.88707 22.0153 2.71241 46.6138 0
35374568 -22.479 25.4433 212.144 0.00802235 0.00199464 0.999966 -21.6013 24.6238 212.157 0.017188 0.00621337 0.999796 -0.73886 2.92815 22.7154 2.68972 46.1915 0
35499061 -23.5171 25.4499 212.145 0.0090089 0.00138785 0.999958 -22.7988 24.7588 212.172 0.0146226 0.00512034 0.999844 -0.634581 2.97383 23.4583 2.65754 45.7422 0
35630522 -24.4898 25.3239 212.165 0.0101949 0.000780849 0.999948 -24.1046 25.0452 212.178 0.0129583 0.000845976 0.999824 -0.544378 3.01519 24.1156 2.6314 45.2834 0
35763598 -25.1016 25.0308 212.149 0.0116943 -8.35097e-005 0.999932 -25.0054 25.0566 212.202 0.0131065 -0.00250252 0.999791 -0.502149 3.03588 24.3902 2.62824 45.0405 0
35890819 -25.5264 24.5701 212.128 0.0138626 -1.53332e-005 0.999904 -25.6088 24.6603 212.144 0.0132279 -0.00251493 0.999789 -0.514215 3.03243 24.3759 2.65524 45.0342 0
36019828 -25.8158 23.6283 212.14 0.0152347 -0.00159007 0.999883 -26.1478 23.8248 212.13 0.0135646 -0.00402664 0.999811 -0.554145 3.01203 24.2664 2.70006 45.0517 0
36138456 -26.0723 22.5133 212.158 0.0145072 -0.0049397 0.999883 -26.5788 22.8884 212.237 0.013303 -0.00658832 0.999831 -0.608727 2.98187 24.0092 2.75263 45.1596 0
36266455 -26.2132 21.5027 212.196 0.0134668 -0.00884899 0.99987 -26.9093 21.585 212.39 0.00939121 -0.0184233 0.999646 -0.686577 2.94165 23.5695 2.81353 45.3787 0
36394629 -26.3412 20.2943 212.224 0.0118577 -0.0147338 0.999821 -26.9226 20.3999 212.403 0.00930221 -0.0240919 0.999607 -0.77678 2.89569 23.0122 2.88592 45.6533 0
36528840 -26.4019 19.1509 212.218 0.00904414 -0.0214455 0.999729 -26.7546 19.1206 212.303 0.0133126 -0.0232686 0.999553 -0.868132 2.84513 22.2582 2.95659 46.047 0
36658550 -26.3293 17.965 212.217 0.00951327 -0.0229525 0.999691 -26.4225 17.8647 212.312 0.0119098 -0.0249813 0.999513 -0.957761 2.79744 21.4581 3.03272 46.5249 0
36787815 -26.0604 16.9353 212.196 0.0104339 -0.0226494 0.999689 -26.097 16.6128 212.321 0.0111991 -0.0271309 0.999502 -1.02642 2.76211 20.7929 3.09276 46.9265 0
36921717 -25.8241 15.8366 212.171 0.0118452 -0.0194032 0.999742 -25.7798 15.3263 212.22 0.0111143 -0.026756 0.999466 -1.07583 2.74028 20.2643 3.15079 47.2615 0
37041105 -25.7759 14.726 212.145 0.0122106 -0.0180907 0.999762 -25.7928 14.1792 212.22 0.0121921 -0.0246314 0.999594 -1.11059 2.72361 19.842 3.20134 47.5393 0
37170814 -25.8347 13.536 212.142 0.0121557 -0.0172778 0.999777 -25.9052 13.1471 212.211 0.0132216 -0.0217694 0.999649 -1.13989 2.70868 19.4547 3.25305 47.8012 0
37305831 -25.8906 12.3463 212.129 0.01179 -0.0157763 0.999806 -25.913 11.9951 212.214 0.0137382 -0.0191118 0.999614 -1.16661 2.69517 19.0498 3.30505 48.0822 0
37436743 -25.941 11.191 212.116 0.0112168 -0.0147526 0.999828 -26.004 11.0746 212.193 0.0136505 -0.0163798 0.999708 -1.19045 2.68253 18.6736 3.35503 48.3457 0
37568584 -25.9621 10.0705 212.111 0.0108299 -0.0130522 0.999856 -26.1223 9.92699 212.196 0.0141217 -0.0129725 0.999721 -1.21401 2.67076 18.3117 3.40674 48.6108 0
37701662 -25.9968 8.87918 212.114 0.0108657 -0.0123613 0.999865 -26.2297 8.79774 212.2 0.0134085 -0.0115444 0.999716 -1.23699 2.6584 17.991 3.46046 48.8267 0
37831963 -26.0019 7.74562 212.108 0.0102858 -0.0113663 0.999882 -26.1248 7.53746 212.211 0.0125496 -0.0103455 0.999737 -1.25796 2.64749 17.6671 3.51188 49.0506 0
37966279 -26.0021 6.59847 212.109 0.00982289 -0.0103611 0.999898 -26.2129 6.52351 212.091 0.0106795 -0.0106426 0.999811 -1.27807 2.63743 17.3734 3.56532 49.2585 0
38092826 -26.0328 5.42976 212.097 0.00915181 -0.00996069 0.999909 -26.2126 5.39473 212.093 0.0103274 -0.0104845 0.999803 -1.29415 2.6291 17.1179 3.61703 49.4348 0
38218535 -26.0396 4.31779 212.103 0.00883449 -0.00961205 0.999915 -26.1225 4.02207 212.116 0.00985711 -0.00908123 0.999795 -1.30852 2.62192 16.9099 3.66644 49.5872 0
38343460 -26.0408 3.18141 212.112 0.00813258 -0.00928315 0.999924 -26.2388 2.9143 212.23 0.0103822 -0.00875615 0.999873 -1.32087 2.61589 16.6988 3.71527 49.7522 0
38462008 -26.0379 2.08726 212.11 0.00782364 -0.0094458 0.999925 -25.9995 1.87384 212.217 0.00941079 -0.00865686 0.999885 -1.3292 2.61129 16.5511 3.75894 49.8523 0
38580864 -26.0277 1.06239 212.109 0.00729594 -0.00886926 0.999934 -25.9986 0.740452 212.22 0.00898601 -0.00800314 0.999829 -1.33495 2.60899 16.4321 3.80088 49.9459 0
38703785 -25.9974 0.0142549 212.112 0.00707326 -0.0083866 0.99994 -25.9868 -0.274485 212.21 0.00859736 -0.00820754 0.999859 -1.33868 2.60756 16.3559 3.84253 50.011 0
38822259 -25.993 -1.02221 212.104 0.00657981 -0.00777745 0.999948 -25.8659 -1.30852 212.199 0.00841543 -0.00757864 0.9998 -1.33753 2.60871 16.3178 3.88131 50.0491 0
38945406 -25.978 -2.10684 212.093 0.00608222 -0.00712758 0.999956 -25.8557 -2.32795 212.189 0.00819978 -0.00729991 0.999899 -1.33351 2.61129 16.3082 3.9201 50.0682 0
39067716 -25.954 -3.17888 212.093 0.00556739 -0.00695375 0.99996 -25.8617 -3.46177 212.191 0.00851575 -0.00659984 0.999821 -1.32604 2.61503 16.3241 3.95514 50.0793 0
39187476 -25.9322 -4.28082 212.11 0.00532517 -0.00745305 0.999958 -25.8222 -4.25859 212.159 0.00754433 -0.00650055 0.999834 -1.31398 2.6202 16.3749 3.98617 50.0793 0
39314341 -25.8764 -5.58972 212.132 0.00589896 -0.00956075 0.999937 -25.8281 -5.50528 212.171 0.00666105 -0.00554328 0.99988 -1.29731 2.62537 16.44 4.01719 50.057 0
39432675 -25.8848 -6.53399 212.132 0.00538142 -0.00955506 0.99994 -25.9031 -6.27197 212.252 0.00634224 -0.00625563 0.999837 -1.27922 2.6337 16.54 4.03931 50.0174 0
39557448 -25.9126 -7.49721 212.119 0.00425553 -0.00891621 0.999951 -25.8638 -7.06991 212.219 0.00538301 -0.00603552 0.999837 -1.25796 2.64461 16.6749 4.06316 49.9602 0
39685043 -25.9107 -8.50269 212.133 0.00372285 -0.00860625 0.999956 -25.8517 -8.10102 212.098 0.00468165 -0.00570715 0.999943 -1.23498 2.65611 16.8496 4.08758 49.8792 0
39806543 -25.9325 -9.5515 212.108 0.00276027 -0.00799844 0.999964 -25.9321 -9.12141 212.089 0.00226855 -0.00410528 0.99996 -1.20769 2.67047 17.0845 4.11171 49.7538 0
39930551 -25.9418 -10.5951 212.083 0.00204257 -0.00726922 0.999971 -26.0121 -10.1453 211.97 -0.000475542 -0.00333657 0.999946 -1.1804 2.68454 17.3639 4.13469 49.5919 0
40050265 -25.9365 -11.6191 212.078 0.00143719 -0.00627238 0.999979 -25.9253 -11.5061 211.993 -0.000584784 -0.00320334 0.999935 -1.15339 2.69948 17.7116 4.15738 49.3982 0
40176278 -25.9469 -12.7702 212.09 0.00125313 -0.00591324 0.999982 -25.81 -12.5087 212.093 0.000116146 -0.00475228 0.999953 -1.11978 2.71787 18.1354 4.17692 49.1411 0
40292880 -25.9311 -13.8239 212.115 0.00161243 -0.00569102 0.999983 -25.8228 -13.6429 212.096 0.00117287 -0.00400585 0.999853 -1.08761 2.73539 18.5593 4.19272 48.8712 0
40419991 -25.9042 -14.9178 212.129 0.00223557 -0.00542574 0.999983 -25.7163 -14.7769 212.207 0.0016131 -0.00330592 0.999895 -1.05199 2.75493 19.026 4.20651 48.5585 0
40549117 -25.8747 -16.0834 212.134 0.0027424 -0.00486089 0.999984 -25.6129 -15.9472 212.096 0.00183811 -0.00110668 0.999912 -1.00918 2.77791 19.5515 4.21627 48.1933 0
40673573 -25.8698 -17.1823 212.125 0.00269576 -0.00387257 0.999989 -25.6108 -17.0831 212.209 0.00156522 0.00102138 0.999949 -0.962931 2.8029 20.0658 4.22116 47.8346 0
40797131 -25.8604 -18.2781 212.132 0.00235269 -0.00227465 0.999995 -25.7088 -18.1085 212.201 0.00104665 0.00316199 0.999868 -0.91151 2.8299 20.5881 4.22202 47.4805 0
40924644 -25.7868 -19.3788 212.168 0.00310373 -0.000854937 0.999995 -25.5941 -19.2513 212.312 0.000603593 0.0048192 0.999956 -0.853769 2.85691 21.1199 4.21915 47.1186 0
41049728 -25.6852 -20.4792 212.185 0.00466856 0.000707968 0.999989 -25.7123 -20.3726 212.205 0.000782686 0.00417802 0.999894 -0.77994 2.88736 21.7407 4.20622 46.663 0
41173776 -25.7203 -21.5814 212.168 0.00467839 0.00123037 0.999988 -25.8689 -21.5798 212.108 0.00388453 0.000906389 0.999907 -0.671639 2.93131 22.5201 4.17433 46.128 0
41301619 -25.9137 -22.8533 212.133 0.00782287 -0.00223658 0.999967 -26.0869 -23.0823 212.157 0.0102706 -0.00504521 0.999868 -0.556443 2.98244 23.3869 4.13727 45.5597 0
41431780 -26.1082 -24.1308 212.115 0.0106783 -0.00385973 0.999936 -26.2302 -24.2056 212.161 0.0134188 -0.00425586 0.999838 -0.467964 3.03329 23.9155 4.11831 45.2914 0
41558850 -26.2134 -25.0683 212.149 0.0104764 -0.000590606 0.999945 -26.1902 -25.2682 212.151 0.0099953 0.000660571 0.999912 -0.427172 3.06058 24.0393 4.11917 45.2406 0
41682752 -25.6712 -25.559 212.133 0.00800871 0.00199456 0.999966 -25.7741 -25.772 212.191 0.00821371 0.00244202 0.999896 -0.441822 3.05512 24.0521 4.14733 45.2231 0
41810197 -24.8164 -25.838 212.136 0.00757996 0.00302333 0.999967 -24.9438 -26.3022 212.225 0.00965865 0.00217228 0.99989 -0.480891 3.0353 24.0219 4.19099 45.2184 0
41939421 -23.6704 -26.1431 212.162 0.0107853 0.0029184 0.999938 -24.0372 -26.9586 212.159 0.0133591 0.00117119 0.999782 -0.535473 3.00399 23.8917 4.24471 45.2295 0
42068060 -22.5201 -26.4125 212.184 0.015119 0.00232563 0.999883 -22.7477 -27.5865 212.421 0.0244691 -0.00416467 0.999571 -0.609301 2.96291 23.5155 4.3059 45.3692 0
42199405 -21.4239 -26.5465 212.204 0.0194341 0.00122745 0.99981 -21.3531 -28.0303 212.439 0.0380657 -0.00915694 0.999145 -0.690312 2.92183 22.9265 4.3668 45.6549 0
42326261 -20.2616 -26.6721 212.212 0.0247249 -0.000877333 0.999694 -20.5736 -27.7291 212.272 0.0303984 -0.00256101 0.999393 -0.772758 2.87788 22.1677 4.42799 46.0597 0
42450867 -19.2687 -26.6047 212.18 0.0241893 -0.0010929 0.999707 -19.5325 -27.6089 212.235 0.0282976 -0.00271248 0.999458 -0.848598 2.84025 21.3898 4.48717 46.5534 0
42577548 -18.2023 -26.4911 212.15 0.0234815 -0.001121 0.999724 -18.3991 -27.4832 212.197 0.0282212 -0.00467022 0.999534 -0.921564 2.80462 20.6691 4.55066 47.036 0
42706022 -17.1105 -26.4523 212.143 0.0232296 -0.00201482 0.999728 -17.1505 -27.3715 212.159 0.0276806 -0.00634896 0.999471 -0.979019 2.77532 20.0341 4.60782 47.4932 0
42837296 -15.9457 -26.1881 212.105 0.0204959 -0.0017118 0.999788 -15.902 -27.2621 212.12 0.0271673 -0.00777379 0.999505 -1.03992 2.74746 19.4039 4.6716 47.9457 0
42965778 -14.893 -25.9602 212.066 0.0154358 -0.0014034 0.99988 -14.7579 -27.2583 212.204 0.0250088 -0.00729649 0.999629 -1.08387 2.73022 18.8959 4.72963 48.3394 0
43093845 -13.7148 -25.9681 212.075 0.0133839 -0.00169738 0.999909 -13.486 -27.2698 212.288 0.0210504 -0.00640367 0.999632 -1.12064 2.71327 18.4291 4.78708 48.6981 0
43221242 -12.5284 -26.1117 212.088 0.0128884 -0.00239277 0.999914 -12.3445 -27.2864 212.149 0.0186247 -0.00614318 0.999785 -1.14908 2.69862 18.0148 4.83994 49.0077 0
43347495 -11.2465 -26.2922 212.118 0.0141395 -0.00281619 0.999896 -11.0954 -27.3991 212.245 0.0159139 -0.00624487 0.999735 -1.17867 2.68167 17.5941 4.89394 49.3062 0
43473344 -10.2852 -26.1776 212.087 0.0103111 -0.00330401 0.999941 -9.98556 -27.6196 212.241 0.0147723 -0.00661643 0.999799 -1.2074 2.67047 17.202 4.94594 49.5935 0
43598259 -9.08424 -26.2755 212.102 0.0109153 -0.00401512 0.999932 -8.95568 -27.4866 212.206 0.0138797 -0.00813712 0.999729 -1.23641 2.65496 16.7908 4.99966 49.8729 0
43728364 -7.97784 -26.2871 212.099 0.0100954 -0.00473807 0.999938 -7.72824 -27.5029 212.067 0.0141465 -0.00914088 0.999824 -1.26485 2.64174 16.4289 5.05367 50.1174 0
43855014 -6.79236 -26.3192 212.107 0.0104202 -0.00507844 0.999933 -6.48299 -27.3942 212.14 0.0142529 -0.00928638 0.999713 -1.29473 2.62767 16.1066 5.1117 50.3333 0
43984379 -5.66736 -26.3356 212.086 0.0099077 -0.00579256 0.999934 -5.24422 -27.3011 212.101 0.014778 -0.0089613 0.999791 -1.32173 2.61646 15.8336 5.16857 50.5111 0
44113923 -4.4122 -26.3781 212.106 0.0109944 -0.00603826 0.999921 -3.99617 -27.1985 212.174 0.0145839 -0.00845322 0.999744 -1.34931 2.60411 15.5716 5.22804 50.6968 0
44240747 -3.28007 -26.2929 212.138 0.0113409 -0.00534808 0.999921 -2.63728 -27.1395 212.133 0.0141319 -0.00568398 0.999843 -1.37574 2.59319 15.3938 5.28578 50.8318 0
44366616 -2.18075 -26.2486 212.167 0.0116321 -0.00432904 0.999923 -1.47647 -26.6989 212.172 0.014973 -0.00465883 0.999842 -1.39671 2.58486 15.27 5.33778 50.9302 0
44490184 -1.05586 -26.1693 212.159 0.011967 -0.00348954 0.999922 -0.466311 -26.7157 212.148 0.0150039 -0.00195151 0.999813 -1.41768 2.57711 15.1351 5.39178 51.0207 0
44607896 -0.0413841 -26.1566 212.131 0.0110659 -0.0029075 0.999935 0.591752 -26.374 212.2 0.0137563 -0.000957007 0.999865 -1.43147 2.57395 15.0398 5.43947 51.0778 0
44727891 1.08353 -26.0959 212.148 0.0116832 -0.00166071 0.99993 1.63747 -26.1517 212.153 0.0123601 -0.000203998 0.999821 -1.44066 2.5705 14.9858 5.48256 51.1032 0
44851245 2.18342 -26.0937 212.106 0.0122327 -0.00143209 0.999924 2.42344 -26.133 212.132 0.0126184 0.00112484 0.999804 -1.44181 2.57021 14.943 5.51933 51.1032 0
44977346 3.34465 -26.1024 212.094 0.0132066 -0.00146756 0.999912 3.46199 -26.0045 212.095 0.0107937 7.81584e-005 0.999829 -1.43607 2.57193 14.9271 5.55409 51.1032 0
45097525 4.33835 -26.1288 212.065 0.0132376 -0.00236429 0.99991 4.36637 -25.9808 212.072 0.0102593 -0.000355463 0.999886 -1.42515 2.57653 14.935 5.58368 51.1016 0
45221336 5.48786 -26.1303 212.07 0.0140227 -0.00275797 0.999898 5.25686 -25.959 212.049 0.0112185 -0.000575565 0.999885 -1.40878 2.58228 14.9843 5.61327 51.0921 0
45337696 6.40607 -26.127 212.073 0.013851 -0.00337397 0.999898 6.02949 -26.0196 212.15 0.0119925 -0.00139961 0.999828 -1.38895 2.59032 15.0779 5.63769 51.0604 0
45461239 7.43774 -26.0934 212.069 0.0137729 -0.00378894 0.999898 6.94211 -25.8885 212.005 0.0114914 -0.00270363 0.999849 -1.36281 2.60095 15.2351 5.66354 50.9873 0
45579893 8.40523 -26.0499 212.068 0.0133928 -0.0045333 0.9999 7.75279 -25.617 212.072 0.0117675 -0.00359884 0.99981 -1.33121 2.61474 15.4526 5.68652 50.8825 0
45692736 9.32137 -26.0175 212.05 0.0134193 -0.00532848 0.999896 8.76064 -25.7189 211.837 0.0102917 -0.00603642 0.999845 -1.29703 2.62996 15.6955 5.70462 50.7619 0
45816720 10.2515 -25.9702 212.006 0.011658 -0.00745389 0.999904 9.68263 -25.7477 211.825 0.00666584 -0.0126987 0.999867 -1.25681 2.65007 16.0463 5.72329 50.5889 0
45940566 11.3664 -25.9656 212.007 0.0106428 -0.0086014 0.999906 10.9881 -25.9812 211.82 0.00835973 -0.0141176 0.999725 -1.20998 2.67277 16.54 5.73852 50.3333 0
46071291 12.518 -25.9854 212.018 0.0101508 -0.00931335 0.999905 12.2881 -26.1107 211.803 0.0118446 -0.0148399 0.999717 -1.16345 2.69661 17.0893 5.75231 50.0221 0
46194707 13.6223 -25.9981 212.041 0.0103462 -0.00972448 0.999899 13.6033 -26.1381 211.885 0.0151779 -0.0134466 0.999744 -1.12007 2.71959 17.6259 5.7638 49.7014 0
46321496 14.7897 -26.007 212.064 0.0112279 -0.00930043 0.999894 14.8241 -26.1661 211.858 0.016432 -0.0119755 0.999689 -1.07755 2.74171 18.137 5.77385 49.3839 0
46447310 15.9344 -26.0388 212.073 0.012195 -0.00857448 0.999889 15.9271 -26.2766 211.955 0.0175038 -0.0110959 0.999698 -1.03417 2.76383 18.6276 5.78104 49.0458 0
46576179 17.084 -26.0467 212.063 0.0127315 -0.0081885 0.999885 17.1603 -26.3059 211.928 0.0174222 -0.00948825 0.99966 -0.987349 2.78796 19.1292 5.78707 48.6902 0
46703469 18.178 -26.056 212.056 0.0132454 -0.00779836 0.999882 18.1684 -26.2905 212.014 0.0179595 -0.00904235 0.999725 -0.940237 2.81181 19.5991 5.79167 48.368 0
46833345 19.3155 -26.067 212.049 0.0138447 -0.00734563 0.999877 19.2835 -26.3077 211.877 0.0183603 -0.00871714 0.999683 -0.885081 2.83852 20.1055 5.79253 48.0266 0
46963725 20.5229 -26.0258 212.051 0.0150451 -0.00568516 0.999871 20.5239 -26.2216 211.838 0.0187157 -0.00764234 0.999688 -0.826191 2.86466 20.6199 5.79253 47.698 0
47091251 21.7225 -25.9288 212.071 0.0165559 -0.00344402 0.999857 21.7629 -26.0352 211.788 0.02041 -0.00547122 0.999675 -0.765576 2.88994 21.1342 5.79023 47.3869 0
47218188 22.8721 -25.9021 212.042 0.0184986 -0.00171452 0.999827 22.9787 -26.0708 211.872 0.0224841 -0.00198367 0.999642 -0.69261 2.92097 21.7057 5.77788 47.0567 0
47345842 23.9996 -25.8916 212.119 0.0223812 0.00438147 0.99974 24.0856 -25.9836 211.947 0.0255295 0.00140459 0.999597 -0.619356 2.94998 22.3074 5.75805 46.7392 0
47475857 25.0032 -25.8953 212.063 0.0232455 0.00457251 0.999719 25.0567 -26.2404 211.945 0.027364 0.0061498 0.999565 -0.544378 2.98589 22.809 5.74053 46.4614 0
47603398 25.4426 -25.631 212.052 0.0214631 0.00425294 0.999761 25.9687 -26.1103 212.022 0.0274887 0.00737024 0.999562 -0.546389 2.98934 22.8741 5.76064 46.4201 0
47730831 25.8798 -24.7756 212.119 0.0197946 0.00700009 0.99978 26.5892 -25.5109 212.058 0.0279293 0.00929074 0.99948 -0.590629 2.96894 22.744 5.80746 46.4534 0
47861630 26.2487 -23.7036 212.143 0.0200266 0.0105468 0.999744 27.2374 -24.6023 212.06 0.0289837 0.0136149 0.999387 -0.654977 2.93591 22.3487 5.86492 46.6153 0
47987740 26.4576 -22.6444 212.175 0.0196983 0.0152852 0.999689 27.8578 -23.5512 212.042 0.0354345 0.0263608 0.99893 -0.735126 2.89598 21.8042 5.92553 46.8503 0
48117027 26.5849 -21.646 212.163 0.0208121 0.0185131 0.999612 27.8743 -22.6062 212.061 0.031578 0.0222135 0.999193 -0.820732 2.85461 21.0945 5.98787 47.225 0
48242626 26.5724 -20.5894 212.145 0.020806 0.0195915 0.999592 27.8589 -21.8166 211.981 0.0296835 0.0216748 0.999292 -0.904041 2.8141 20.3452 6.05021 47.6599 0
48369462 26.4473 -19.5755 212.107 0.0205493 0.0184574 0.999618 27.6253 -20.6834 211.872 0.0309709 0.0222756 0.999201 -0.97155 2.78164 19.6579 6.10738 48.1108 0
48498251 26.5129 -18.4262 212.106 0.0213731 0.0198034 0.999575 27.6402 -19.4296 211.97 0.031165 0.0217675 0.999248 -1.03848 2.7466 18.9339 6.17 48.6108 0
48623950 26.1453 -17.3186 212.079 0.0199739 0.0167898 0.99966 27.6435 -18.3069 211.857 0.0308462 0.0210551 0.999205 -1.0968 2.7193 18.2767 6.22832 49.076 0
48750640 25.847 -16.1271 212.095 0.0172777 0.01438 0.999747 27.4341 -17.0302 211.958 0.0312832 0.0205222 0.999248 -1.14449 2.69776 17.7767 0.00344725 49.4236 0
48880628 25.8022 -14.996 212.071 0.0165145 0.0119039 0.999793 27.4525 -15.7929 211.833 0.0305513 0.0193639 0.99926 -1.17724 2.6834 17.3655 0.0574541 49.7157 0
49009555 26.0523 -13.7926 212.084 0.0168089 0.0128111 0.999777 27.5859 -14.5444 211.929 0.0299409 0.0181931 0.99927 -1.21171 2.66587 16.9416 0.114046 50.0078 0
49136131 26.1232 -12.6878 212.077 0.0170947 0.0123587 0.999777 27.5754 -13.5284 211.939 0.030196 0.0182891 0.999254 -1.24589 2.6495 16.4892 0.16633 50.3079 0
49261255 26.2748 -11.6166 212.051 0.0185392 0.0127726 0.999747 27.566 -12.5092 211.838 0.0300469 0.016827 0.999283 -1.2818 2.63226 15.986 0.217751 50.6333 0
49384448 26.1936 -10.5977 212.047 0.018792 0.0119195 0.999752 27.3423 -11.3484 211.839 0.0305416 0.0156653 0.999266 -1.32145 2.61531 15.4923 0.269747 50.9651 0
49501468 26.2489 -9.58203 212.039 0.0200442 0.0120462 0.999727 26.9959 -10.3937 211.864 0.0298946 0.0141321 0.999313 -1.36138 2.59923 15.0176 0.323754 51.2937 0
49617961 26.4103 -8.59971 212.015 0.0220573 0.0135761 0.999665 26.6545 -9.45456 211.777 0.028437 0.0130604 0.999455 -1.41222 2.57998 14.4921 0.382357 51.67 0
49740207 27.4702 -7.53145 211.885 0.0307809 0.0207378 0.999311 25.6791 -8.37257 211.92 0.0240733 0.00636408 0.99962 -1.43176 2.56763 14.0175 0.431768 52.0081 0
49861270 26.5499 -7.16481 211.8 0.0307398 0.0099622 0.999478 25.2223 -7.37789 211.947 0.023356 0.0017488 0.999613 -1.4737 2.55757 13.3396 0.498989 52.6336 0
49994831 25.7157 -5.88557 211.907 0.0270446 0.00336374 0.999629 24.6928 -5.82575 212.029 0.0247944 -0.000986633 0.99961 -1.53833 2.5343 12.6443 0.60097 53.3527 0
50118556 25.1597 -4.611 212.02 0.0252883 -0.00204878 0.999678 24.6406 -4.23826 212.095 0.0238596 -0.000524898 0.999585 -1.53517 2.54177 12.6998 0.667617 53.3844 0
50242239 25.0732 -3.31655 212.067 0.0256932 -0.00352605 0.999664 24.657 -3.00308 212.192 0.02389 0.00096185 0.99968 -1.49352 2.56245 13.0713 0.704962 53.0892 0
50369180 25.2386 -1.8786 212.029 0.0252931 -0.00129807 0.999679 24.6851 -1.55262 211.934 0.0242239 -0.000562131 0.999581 -1.43779 2.58544 13.6285 0.719613 52.6685 0
50501053 25.4327 -0.577946 212.009 0.0246886 -0.0021995 0.999693 25.3605 -0.443614 211.923 0.0235549 -0.00591472 0.999646 -1.39269 2.6044 14.1556 0.736849 52.3319 0
50629310 25.5905 0.487275 211.961 0.0241787 -0.00438121 0.999698 25.7819 0.511021 211.817 0.0248423 -0.00531393 0.999556 -1.36051 2.61933 14.5715 0.759831 52.0446 0
50750521 25.7622 1.56906 211.987 0.0234314 -0.00531095 0.999711 26.1195 1.60416 211.922 0.024967 -0.00409349 0.999552 -1.33523 2.6314 14.9493 0.788271 51.8208 0
50876540 25.8876 2.70782 212.036 0.0224611 -0.00543705 0.999733 26.3636 2.81607 212.016 0.0243903 -0.00254469 0.999654 -1.3157 2.64088 15.2859 0.820732 51.6112 0
51000330 26.0584 3.83496 212.065 0.0213035 -0.00395396 0.999765 26.5006 4.03562 212.002 0.0231156 -0.00180409 0.999609 -1.30047 2.6472 15.5573 0.85147 51.4175 0
51120555 26.1414 5.0135 212.09 0.0205075 -0.00231636 0.999787 26.5139 5.14121 211.999 0.0220049 0.000531659 0.999645 -1.2887 2.6518 15.7526 0.885368 51.2826 0
51253351 26.1459 6.14844 212.076 0.0197085 -0.00119657 0.999805 26.4126 6.26771 211.999 0.0212796 0.00183897 0.999652 -1.27433 2.65812 15.978 0.91783 51.0985 0
51373412 26.0805 7.1484 212.068 0.0192449 -0.000857772 0.999814 26.4092 7.26679 211.897 0.0204933 0.0025422 0.999722 -1.25853 2.66587 16.2177 0.945695 50.9127 0
51498965 26.1036 8.29346 212.07 0.0182477 0.000292815 0.999833 26.4249 8.39282 212.006 0.0194038 0.00388674 0.999734 -1.23641 2.67593 16.5337 0.97155 50.6857 0
51614747 26.1083 9.29738 212.05 0.0176674 0.00160945 0.999843 26.3045 9.40045 211.906 0.0192612 0.00489036 0.999759 -1.21688 2.68483 16.7876 0.993382 50.492 0
51742811 26.0888 10.4223 212.083 0.0164 0.00205146 0.999863 26.3056 10.5291 212.015 0.019738 0.00595274 0.999763 -1.18873 2.69862 17.1988 1.01493 50.2142 0
51876884 26.1544 11.7532 212.105 0.0144946 0.00420165 0.999886 26.2931 11.6501 212.014 0.0214019 0.00663712 0.999655 -1.15626 2.71298 17.637 1.03504 49.8983 0
52011383 26.0669 12.8224 212.089 0.0149534 0.0038381 0.999881 26.3134 12.7378 211.902 0.0192593 0.00968865 0.999642 -1.12122 2.73194 18.0958 1.05227 49.5681 0
52134056 26.0571 13.8649 212.103 0.0143018 0.00439421 0.999888 26.239 13.9914 212 0.0171251 0.0104076 0.999742 -1.08675 2.74976 18.5418 1.06434 49.2458 0
52255299 26.0741 14.9449 212.103 0.0131813 0.00537049 0.999899 26.3616 14.9892 212.008 0.0150004 0.0112351 0.999708 -1.04997 2.76843 18.9927 1.07382 48.9029 0
52380010 26.0814 16.0641 212.081 0.0122948 0.00630783 0.999905 26.2555 16.1277 211.897 0.0145114 0.0100518 0.999716 -1.00976 2.78882 19.4356 1.08186 48.5711 0
52509276 26.0766 17.2158 212.067 0.0110869 0.00708422 0.999913 26.3773 17.2417 211.894 0.0136736 0.0102595 0.999715 -0.966666 2.81008 19.8817 1.08789 48.2362 0
52638276 26.0596 18.2956 212.028 0.0114478 0.00751367 0.999906 26.2528 18.2543 211.793 0.013968 0.0107303 0.999783 -0.918117 2.8345 20.3151 1.09019 47.9377 0
52760909 26.0653 19.3456 212.023 0.0109132 0.00797662 0.999909 26.2304 19.153 211.815 0.0142962 0.0115511 0.999692 -0.868419 2.85834 20.7548 1.09019 47.6822 0
52889169 26.0429 20.5545 212.047 0.00895342 0.00884034 0.999921 26.3624 20.3901 211.799 0.0135672 0.010405 0.999825 -0.813263 2.88276 21.2327 1.09019 47.4218 0
53010602 26.0133 21.6667 212.07 0.00712567 0.00974682 0.999927 26.2543 21.4046 211.81 0.0123683 0.0118828 0.999827 -0.759831 2.90546 21.6772 1.08789 47.1853 0
53141250 26.003 22.7972 212.066 0.00515542 0.0108263 0.999928 26.2904 22.623 211.797 0.010004 0.0139679 0.999794 -0.695195 2.93303 22.1963 1.08014 46.8979 0
53264866 25.9937 23.8487 212.061 0.00452109 0.0116551 0.999922 26.1975 23.6485 211.919 0.00745728 0.0154614 0.999825 -0.620505 2.96664 22.7424 1.06664 46.6011 0
53397252 25.8956 24.9039 212.062 0.00343195 0.0126045 0.999915 26.3362 24.8541 211.794 0.00572117 0.0164933 0.999761 -0.548113 2.99997 23.1837 1.05342 46.3518 0
53520816 25.7425 25.3391 211.96 0.00676467 0.0115828 0.99991 26.2024 25.6777 211.938 0.00517453 0.0159389 0.99983 -0.543229 3.00629 23.252 1.07095 46.328 0
53648933 24.9212 25.7027 212.044 0.00582519 0.00927895 0.99994 25.3713 26.2104 211.905 0.00382381 0.0159423 0.999738 -0.582298 2.9902 23.2123 1.11633 46.3518 0
53781728 23.7072 26.1634 212.152 0.000674019 0.00921951 0.999957 24.4533 26.8783 211.971 0.00134651 0.0157072 0.99982 -0.641188 2.95975 22.9392 1.17235 46.4645 0
53905882 22.6209 26.3983 212.198 -0.00413062 0.00956593 0.999946 23.3499 27.1029 212.199 -0.0095811 0.0192653 0.999715 -0.720762 2.92011 22.4185 1.23325 46.6757 0
54026904 21.7092 26.4393 212.185 -0.00785656 0.0106113 0.999913 22.595 26.9616 212.233 -0.0143712 0.0192416 0.999584 -0.798613 2.88334 21.8407 1.29157 46.909 0
54155292 20.6783 26.3561 212.17 -0.00993874 0.0100911 0.9999 21.6191 26.6502 212.177 -0.0100194 0.0137671 0.99979 -0.876463 2.8457 21.212 1.35419 47.2059 0
54280713 19.6519 26.2268 212.131 -0.00942409 0.00979091 0.999908 20.5742 26.4084 212.003 -0.0092697 0.0127014 0.999758 -0.939088 2.81497 20.6167 1.41165 47.552 0
54408105 18.604 25.9082 212.103 -0.0068028 0.00828013 0.999943 19.4408 26.3044 212.04 -0.00918483 0.0123266 0.999794 -0.996542 2.78825 20.0817 1.46968 47.9028 0
54530331 17.5599 25.6597 212.086 -0.00353989 0.00624971 0.999974 18.1929 26.2225 212.078 -0.00872675 0.0108025 0.999814 -1.04222 2.76872 19.6801 1.52684 48.179 0
54662397 16.3721 25.8072 212.1 -0.00355353 0.00581768 0.999977 17.0728 26.353 212.092 -0.00768591 0.00897467 0.999852 -1.07985 2.75004 19.2816 1.58516 48.4553 0
54787060 15.2425 25.9112 212.091 -0.00319984 0.00603113 0.999977 15.9348 26.3611 212.118 -0.00590106 0.00842606 0.999866 -1.11518 2.73194 18.8466 1.63974 48.7505 0
54914140 14.0465 26.0362 212.109 -0.00382243 0.00562327 0.999977 14.8016 26.3721 212.143 -0.00463847 0.00756464 0.999923 -1.15109 2.7127 18.4164 1.69605 49.0252 0
55044663 12.8811 26.0303 212.093 -0.00299537 0.00571129 0.999979 13.5469 26.3738 212.06 -0.00253764 0.00771611 0.999859 -1.18844 2.69374 17.9291 1.75293 49.3331 0
55179871 11.6406 26.0654 212.102 -0.00326453 0.00568576 0.999979 12.3026 26.2709 212.098 -0.00246169 0.00845328 0.999906 -1.22578 2.6742 17.4512 1.81182 49.6332 0
55311705 10.452 26.0678 212.104 -0.00345104 0.00580591 0.999977 11.0472 26.0391 212.038 -0.00267691 0.00995257 0.999882 -1.26083 2.65639 17.0067 1.8687 49.9046 0
55439537 9.33585 26.027 212.083 -0.00288159 0.00621652 0.999977 9.91852 25.9175 211.964 -0.00338111 0.0102687 0.999866 -1.29157 2.64203 16.6146 1.92385 50.1459 0
55562833 8.20772 26.0085 212.064 -0.00295328 0.00663357 0.999974 8.89727 25.802 212 -0.00341767 0.00990622 0.999904 -1.31972 2.62881 16.259 1.97815 50.365 0
55690405 6.88274 26.1546 212.094 -0.00470101 0.00751328 0.999961 7.63381 25.5999 212.051 -0.00248564 0.00943221 0.999807 -1.34299 2.61646 15.9209 2.03359 50.6111 0
55819013 5.7949 25.9911 212.123 -0.00472605 0.0062523 0.999969 6.48587 25.3858 212.099 -0.00203648 0.00902012 0.999838 -1.36999 2.60411 15.6716 2.08645 50.7571 0
55948383 4.72307 25.9594 212.117 -0.00506269 0.00610325 0.999969 5.4595 25.1547 212.035 -0.00299898 0.00800738 0.99984 -1.38522 2.59693 15.5034 2.13442 50.8508 0
56080203 3.53444 25.9187 212.127 -0.00556462 0.00560337 0.999969 4.32364 25.0601 212.073 -0.00265015 0.00661649 0.99985 -1.39585 2.59147 15.4018 2.18556 50.9016 0
56205061 2.37654 25.9011 212.124 -0.00601915 0.00531395 0.999968 3.20081 25.0724 212.098 -0.00250478 0.00562514 0.999947 -1.40044 2.5886 15.3478 2.23324 50.9286 0
56330111 1.2755 25.9 212.118 -0.00621105 0.00517225 0.999967 2.06221 24.954 212.024 -0.0021405 0.00558791 0.999942 -1.3993 2.5886 15.3462 2.27748 50.9286 0
56450729 0.170992 25.955 212.138 -0.00745469 0.00512333 0.999959 0.937603 24.9597 212.051 -0.00180342 0.00529677 0.999841 -1.39585 2.5886 15.3462 2.3154 50.9508 0
56568192 -0.903504 25.9581 212.143 -0.00867603 0.00482744 0.999951 0.0397765 24.9444 212.073 -0.00197359 0.00482592 0.999893 -1.39269 2.58831 15.3462 2.35217 50.9508 0
56692134 -2.02175 26.0081 212.118 -0.00954611 0.00502655 0.999942 -0.969424 24.9371 212.097 -0.0021072 0.00471751 0.999907 -1.38551 2.59061 15.3621 2.39038 50.9381 0
56815177 -2.91667 25.9372 212.088 -0.0085181 0.00546821 0.999949 -1.98347 24.9188 212.011 -0.00199796 0.00458428 0.999918 -1.37861 2.59492 15.4176 2.42801 50.9048 0
56937751 -4.07938 25.9769 212.079 -0.00912066 0.00560172 0.999943 -3.23514 24.8223 212.05 -0.00113578 0.00461823 0.999894 -1.36597 2.60037 15.5113 2.4645 50.8635 0
57053620 -5.0838 25.9515 212.062 -0.00851282 0.00596087 0.999946 -4.25514 24.6885 211.975 -0.00158494 0.00503032 0.999863 -1.35218 2.60784 15.6542 2.49839 50.7857 0
57179204 -6.07074 25.9416 212.021 -0.0068652 0.00800325 0.999944 -5.49451 24.6091 212.124 -0.00176729 0.00443865 0.999927 -1.33409 2.61962 15.8225 2.532 50.7238 0
57302738 -7.1321 25.8879 212.02 -0.00604701 0.00924151 0.999939 -6.63589 24.3726 212.062 -0.00230131 0.0052256 0.99986 -1.31254 2.63197 16.0447 2.56159 50.6412 0
57428842 -8.39338 25.8782 212.018 -0.00504626 0.00819231 0.999954 -8.09693 24.3942 211.981 -0.00188546 0.0056839 0.999927 -1.28726 2.64433 16.3416 2.58975 50.5 0
57549827 -9.24905 25.7359 212.006 -0.00378976 0.0114969 0.999927 -9.11355 24.3923 212.006 -0.00122065 0.00499308 0.999858 -1.25681 2.66386 16.7305 2.61072 50.2952 0
57668406 -10.2363 25.6652 212.035 -0.00210304 0.0114614 0.999932 -10.256 24.3802 212.031 0.00103207 0.00661889 0.999887 -1.22492 2.68253 17.2099 2.63025 50.0221 0
57785957 -11.337 25.6592 212.075 -0.00161821 0.009955 0.999949 -11.2802 24.3789 212.166 0.00279582 0.00706149 0.999924 -1.19217 2.69977 17.7036 2.64634 49.7014 0
57912269 -12.3995 25.5408 212.09 0.000562357 0.0102881 0.999947 -12.4034 24.5201 212.292 0.00445598 0.00529245 0.999941 -1.15454 2.72218 18.2323 2.66013 49.3411 0
58024053 -13.3953 25.3657 212.134 0.00373063 0.00978296 0.999945 -13.3101 24.6093 212.304 0.00643538 0.00545632 0.999878 -1.11346 2.74746 18.8085 2.66673 48.922 0
58150949 -14.5335 25.4149 212.167 0.00520149 0.0079637 0.999955 -14.3281 24.8203 212.305 0.00964407 0.00562918 0.999909 -1.06606 2.77302 19.4134 2.6676 48.4489 0
58272771 -15.5389 25.4503 212.169 0.00703849 0.00694422 0.999951 -15.3507 24.8985 212.208 0.0118696 0.00700108 0.999841 -1.0224 2.79572 19.9325 2.6676 48.0378 0
58397359 -16.6293 25.5205 212.157 0.00890462 0.00652011 0.999939 -16.355 25.1208 212.21 0.0136029 0.00595693 0.999783 -0.97356 2.82042 20.4738 2.6676 47.6377 0
58517494 -17.6153 25.4612 212.138 0.0115394 0.00680654 0.99991 -17.2693 25.0808 212.122 0.0149296 0.00693244 0.999776 -0.926161 2.84484 20.9707 2.66903 47.2948 0
58640208 -18.6983 25.5055 212.147 0.0131839 0.00678816 0.99989 -18.5194 25.1096 212.26 0.0171032 0.00658823 0.99976 -0.871579 2.87156 21.5232 2.66932 46.944 0
58761083 -19.841 25.6256 212.139 0.0132108 0.0054667 0.999898 -19.5292 25.2013 212.162 0.0179531 0.00650135 0.999749 -0.818722 2.89511 22.0613 2.66961 46.6169 0
58884068 -20.9949 25.6994 212.151 0.0124074 0.00312951 0.999918 -20.5379 25.2101 212.187 0.0177647 0.00466457 0.999694 -0.763278 2.91781 22.5979 2.66731 46.3121 0
59003988 -22.0131 25.6166 212.181 0.0127543 0.00158677 0.999917 -21.6581 25.1323 212.335 0.0167047 0.0026853 0.999796 -0.696344 2.94654 23.1821 2.65438 45.9597 0
59124160 -23.0042 25.5427 212.251 0.0131304 -0.000304764 0.999914 -22.6455 25.2608 212.348 0.0154323 -0.000151819 0.999744 -0.603843 2.98733 23.8393 2.62451 45.4755 0
59242323 -23.8935 25.5559 212.25 0.0148259 -0.00182428 0.999888 -23.7393 25.598 212.229 0.015769 -0.00166353 0.999767 -0.508469 3.03329 24.2997 2.5975 45.0453 0
59370978 -24.7829 25.5822 212.056 0.0173649 0.000460977 0.999849 -24.8762 25.5453 212.033 0.0168716 0.00192331 0.999746 -0.46107 3.0603 24.4331 2.59865 44.9564 0
59490732 -25.3654 25.1496 211.978 0.0184971 0.00337506 0.999823 -25.4854 25.1381 211.975 0.0176034 0.00308169 0.999735 -0.458771 3.06374 24.46 2.61675 44.9548 0
59611385 -25.7051 24.3441 212.054 0.0188177 0.00342434 0.999817 -25.9935 24.526 212.048 0.0172997 0.00250243 0.999801 -0.477731 3.05369 24.4458 2.64749 44.9485 0
59733570 -26.0241 23.389 212.156 0.0175213 0.00061653 0.999846 -26.519 23.8099 212.134 0.0176607 0.00123235 0.999798 -0.509906 3.03415 24.3616 2.68454 44.9405 0
59858072 -26.3857 22.2573 212.262 0.0183194 -0.00481692 0.999821 -26.9452 22.8673 212.13 0.0166068 -0.00187122 0.999768 -0.579425 2.99537 24.1695 2.74286 44.9612 0
59981323 -26.6354 21.3271 212.267 0.0174281 -0.00970046 0.999801 -27.1783 21.372 212.304 0.0117621 -0.0180428 0.999675 -0.683417 2.94596 23.6726 2.821 45.239 0
60105500 -26.7915 20.0603 212.331 0.0148021 -0.0210577 0.999669 -26.9294 19.8207 212.46 0.0159751 -0.0224296 0.999529 -0.839118 2.87501 22.6296 2.93476 45.8089 0
60233079 -26.4392 18.7132 212.285 0.0175557 -0.0191057 0.999663 -26.2503 18.1981 212.263 0.0220567 -0.0157616 0.999572 -0.942248 2.82674 21.728 3.01778 46.2756 0
60355760 -26.1376 17.5958 212.215 0.0190292 -0.0156846 0.999696 -25.9323 17.007 212.261 0.0233656 -0.0125621 0.999586 -1.00459 2.79457 21.1025 3.07523 46.628 0
60480773 -25.6241 16.3735 212.232 0.0242681 -0.0111756 0.999643 -25.6926 16.0839 212.237 0.0235447 -0.0132032 0.999524 -1.0494 2.77417 20.7247 3.12349 46.8503 0
60604270 -25.5534 15.3674 212.191 0.0253707 -0.00954673 0.999633 -25.6692 15.2749 212.204 0.0243037 -0.011791 0.999609 -1.07382 2.76268 20.4834 3.16343 46.9773 0
60720275 -25.6548 14.4494 212.159 0.0248641 -0.00887174 0.999651 -25.7865 14.149 212.208 0.0246563 -0.0107284 0.999494 -1.0945 2.75177 20.2484 3.20393 47.1154 0
60844948 -25.7595 13.4228 212.158 0.0246772 -0.00790038 0.999664 -26.0083 13.1454 212.202 0.0254973 -0.00970328 0.999493 -1.11633 2.73999 20.0023 3.24846 47.2726 0
60968067 -25.8987 12.4002 212.144 0.0240167 -0.00782113 0.999681 -26.1111 12.1295 212.193 0.0254884 -0.00859125 0.999504 -1.14046 2.72591 19.7086 3.29701 47.4615 0
61090086 -25.98 11.3716 212.133 0.0232839 -0.00720022 0.999703 -26.3178 11.1277 212.186 0.0247144 -0.0077672 0.999561 -1.1646 2.71184 19.3927 3.34498 47.6774 0
61211683 -26.0559 10.2976 212.113 0.0221106 -0.00672359 0.999733 -26.3249 9.87193 212.087 0.0236853 -0.00703915 0.999634 -1.18873 2.69718 19.0514 3.39324 47.898 0
61333318 -26.1274 9.2367 212.108 0.0209655 -0.00650471 0.999759 -26.305 8.86652 212.189 0.0227017 -0.00706068 0.999659 -1.21085 2.68368 18.7212 3.44007 48.1298 0
61451274 -26.155 8.19052 212.129 0.0204363 -0.00747448 0.999763 -26.3868 7.97968 212.169 0.0216299 -0.0079402 0.999651 -1.23555 2.6676 18.3767 3.48402 48.3521 0
61575562 -26.1986 7.186 212.105 0.019116 -0.0082715 0.999783 -26.1283 7.06148 212.145 0.0197931 -0.0091077 0.999689 -1.25566 2.65467 18.0481 3.52797 48.5553 0
61703647 -26.0702 6.06946 212.105 0.0185846 -0.00797149 0.999796 -26.2359 5.94484 212.037 0.0188184 -0.0102413 0.999703 -1.27663 2.64289 17.7497 3.57738 48.7585 0
61833923 -26.0669 4.915 212.096 0.0177602 -0.00838885 0.999807 -26.1336 4.70322 212.049 0.0182445 -0.0110496 0.999676 -1.29243 2.6337 17.5068 3.62593 48.9347 0
61953300 -26.2196 3.63582 212.114 0.0170399 -0.0108717 0.999796 -26.1138 3.69668 212.15 0.0172731 -0.0109503 0.999688 -1.30421 2.62479 17.283 3.67333 49.0982 0
62077050 -26.0671 2.70894 212.106 0.0159264 -0.0100536 0.999823 -26.0007 2.56317 212.15 0.0167265 -0.0115047 0.999757 -1.31714 2.61847 17.0718 3.71757 49.249 0
62200889 -26.0628 1.69405 212.102 0.0149765 -0.0103671 0.999834 -25.9899 1.54151 212.03 0.0161648 -0.0121923 0.999717 -1.32489 2.61416 16.9067 3.76066 49.3887 0
62322777 -26.0067 0.572468 212.115 0.0149175 -0.0102695 0.999836 -25.9849 0.422593 212.143 0.0155821 -0.0118886 0.9997 -1.33093 2.611 16.8067 3.80605 49.484 0
62449439 -26.0254 -0.528465 212.093 0.0141758 -0.0107847 0.999841 -25.8775 -0.731005 212.031 0.0153786 -0.011489 0.999787 -1.33322 2.60928 16.7083 3.84828 49.5522 0
62574385 -26.0293 -1.57081 212.071 0.0128242 -0.010798 0.999859 -25.8749 -1.85081 212.144 0.0150509 -0.0110894 0.999754 -1.33437 2.60871 16.6035 3.89022 49.657 0
62696437 -25.9576 -2.7558 212.095 0.0128917 -0.0111215 0.999855 -25.7525 -2.99434 212.145 0.0135089 -0.0105656 0.999737 -1.33495 2.60784 16.5479 3.93331 49.73 0
62820976 -25.9711 -3.75943 212.084 0.0116925 -0.0103872 0.999878 -25.6487 -4.14064 212.145 0.0139613 -0.00974482 0.999766 -1.32891 2.61158 16.5527 3.97152 49.7665 0
62940042 -25.9648 -4.74802 212.081 0.0106286 -0.00976759 0.999896 -25.5082 -4.92709 212.222 0.0143467 -0.0107733 0.999739 -1.32116 2.61617 16.5829 4.00743 49.784 0
63066518 -25.962 -5.92647 212.108 0.0106258 -0.0104425 0.999889 -25.5398 -6.30118 212.135 0.0147536 -0.00920294 0.999816 -1.31082 2.62077 16.64 4.04247 49.7919 0
63192400 -25.9231 -7.02483 212.106 0.00962223 -0.0100537 0.999903 -25.2908 -7.23329 212.111 0.013928 -0.00887443 0.999802 -1.29789 2.62795 16.7226 4.07723 49.7919 0
63315442 -25.9214 -8.07909 212.101 0.00861736 -0.0104169 0.999909 -25.2617 -8.12564 212.202 0.01316 -0.00917468 0.999728 -1.28238 2.636 16.8146 4.10596 49.7888 0
63437953 -25.9153 -9.21069 212.109 0.00778269 -0.0110576 0.999909 -25.1359 -9.14768 212.301 0.0127259 -0.0086295 0.999805 -1.26313 2.64576 16.948 4.13354 49.7554 0
63555848 -25.8706 -10.2554 212.123 0.00757052 -0.0115104 0.999905 -25.0127 -10.0681 212.279 0.013491 -0.00834152 0.999758 -1.24331 2.65582 17.1147 4.15738 49.6808 0
63685225 -25.8389 -11.3569 212.119 0.00710357 -0.0115038 0.999909 -24.8604 -11.0019 212.144 0.0108468 -0.00781458 0.999889 -1.21745 2.66961 17.383 4.18123 49.5443 0
63804891 -25.8048 -12.4592 212.131 0.00830752 -0.012032 0.999893 -24.8454 -12.0194 212.135 0.0101183 -0.00774011 0.999899 -1.19131 2.68225 17.6878 4.1999 49.3649 0
63920233 -25.7564 -13.4382 212.126 0.00852835 -0.0117864 0.999894 -24.8459 -13.0319 212.126 0.0110503 -0.00821412 0.999802 -1.16287 2.69718 18.037 4.21627 49.1585 0
64038778 -25.7566 -14.4885 212.139 0.00952954 -0.0119346 0.999883 -24.7287 -14.0369 212.226 0.0115327 -0.00949661 0.999798 -1.12897 2.71471 18.4641 4.22977 48.8934 0
64154983 -25.6781 -15.4427 212.148 0.0101454 -0.0113858 0.999884 -24.6262 -15.175 212.226 0.0121399 -0.00955866 0.99979 -1.09393 2.73367 18.9228 4.24155 48.5918 0
64276229 -25.5955 -16.5364 212.187 0.0126384 -0.0112635 0.999857 -24.6308 -16.1848 212.327 0.0137822 -0.00910365 0.999829 -1.05428 2.75378 19.4451 4.25017 48.2298 0
64405106 -25.6134 -17.5944 212.169 0.0123305 -0.0105478 0.999868 -24.6552 -17.4227 212.341 0.0148872 -0.00909453 0.999802 -1.00401 2.78078 20.0214 4.25362 47.8187 0
64536509 -25.5941 -18.7662 212.19 0.0134425 -0.0104611 0.999855 -24.6627 -18.561 212.343 0.0153762 -0.00791133 0.999794 -0.949142 2.80865 20.6167 4.2539 47.398 0
64662390 -25.479 -19.9491 212.243 0.0176291 -0.0102324 0.999792 -24.5595 -19.6083 212.221 0.0168122 -0.00706905 0.999798 -0.898296 2.83249 21.2025 4.25304 46.9741 0
64790484 -25.3641 -21.1429 212.248 0.0210604 -0.0106381 0.999722 -24.574 -20.6158 212.323 0.0195324 -0.00685882 0.999713 -0.838256 2.85921 21.8089 4.24557 46.5264 0
64919596 -25.3475 -22.0794 212.253 0.02237 -0.00968994 0.999703 -24.581 -21.5114 212.302 0.0223585 -0.00801466 0.999641 -0.76414 2.8931 22.4884 4.22432 46.0597 0
65046119 -25.2094 -23.0502 212.252 0.0245546 -0.00941893 0.999654 -24.849 -22.7336 212.208 0.0255034 -0.00845816 0.999613 -0.668192 2.93418 23.2027 4.19128 45.4993 0
65172207 -25.2064 -23.9407 212.204 0.0271376 -0.00855654 0.999595 -25.2016 -23.8183 212.103 0.0270028 -0.0105895 0.999548 -0.531451 2.99307 23.7981 4.1344 45.0279 0
65299363 -25.809 -24.8636 211.937 0.0223789 -0.00976757 0.999702 -25.7584 -25.11 212.024 0.0241823 -0.0117785 0.999611 -0.43579 3.04421 24.0505 4.11573 45.0247 0
65423280 -25.3058 -25.6021 212.036 0.0204743 -0.00849513 0.999754 -25.3014 -26.1624 212.119 0.0239516 -0.0116329 0.999602 -0.444982 3.04277 24.0774 4.14187 45.066 0
65554089 -24.4071 -26.0052 212.107 0.0208181 -0.00767756 0.999754 -24.5919 -26.6755 212.156 0.0264378 -0.0125099 0.999509 -0.483477 3.02295 23.9981 4.18467 45.1183 0
65679777 -23.1263 -26.3666 212.22 0.0267102 -0.00867269 0.999606 -23.5632 -27.2144 212.189 0.0304267 -0.0142854 0.99935 -0.553571 2.9856 23.7822 4.24184 45.1834 0
65806641 -22.0916 -26.5052 212.236 0.0303991 -0.00919036 0.999496 -22.0937 -27.7486 212.331 0.0469863 -0.0214617 0.998585 -0.644636 2.94452 23.3694 4.30906 45.3771 0
65930991 -20.9599 -26.5856 212.252 0.035985 -0.0104787 0.999297 -21.034 -27.867 212.319 0.0524359 -0.0209327 0.998282 -0.735988 2.90345 22.7551 4.37801 45.7264 0
66057565 -19.99 -26.465 212.198 0.0347791 -0.00930007 0.999352 -20.1045 -27.4893 212.357 0.042325 -0.00948277 0.998956 -0.814987 2.86696 22.0359 4.44006 46.1502 0
66188230 -18.8409 -26.4408 212.194 0.034413 -0.00845505 0.999372 -19.0343 -27.2731 212.308 0.0382997 -0.00806973 0.999152 -0.89255 2.82789 21.2279 4.50527 46.663 0
66316731 -17.6561 -26.488 212.205 0.0351141 -0.00765307 0.999354 -17.7903 -27.1622 212.269 0.0382598 -0.00966502 0.999192 -0.970688 2.78653 20.35 4.56962 47.2313 0
66442340 -16.6408 -26.4541 212.167 0.0339678 -0.00851606 0.999387 -16.6567 -27.0342 212.231 0.0381562 -0.0118767 0.999172 -1.04021 2.74976 19.4658 4.62822 47.8361 0
66566580 -15.7747 -25.704 212.018 0.0252084 -0.0085299 0.999646 -15.4938 -26.672 212.172 0.0372936 -0.0155006 0.999068 -1.10197 2.72218 18.6879 4.68855 48.4203 0
66691362 -14.733 -25.2894 211.999 0.0180665 -0.00695476 0.999813 -14.1017 -26.4681 212.23 0.0347465 -0.0152277 0.999222 -1.13587 2.71011 18.3196 4.7483 48.7728 0
66824467 -13.6288 -25.257 211.977 0.0124232 -0.00658613 0.999901 -12.7723 -26.8411 212.346 0.0329588 -0.0123219 0.999338 -1.15684 2.70437 18.0719 4.80661 49.0157 0
66948123 -12.3668 -25.5133 212.015 0.0102765 -0.0062831 0.999927 -11.5554 -27.2105 212.241 0.0307642 -0.0109865 0.999377 -1.17436 2.69891 17.8703 4.86522 49.2204 0
67074514 -10.8303 -26.3113 212.144 0.0156261 -0.00654431 0.999856 -10.1009 -27.5904 212.356 0.0274556 -0.00854819 0.999453 -1.18959 2.68799 17.6354 4.92152 49.4443 0
67200826 -9.79993 -26.22 212.132 0.0145611 -0.00648548 0.999873 -8.97154 -27.7071 212.34 0.0254064 -0.00820412 0.999589 -1.22435 2.67076 17.1734 4.97495 49.7554 0
67332442 -8.71405 -26.1268 212.125 0.0130178 -0.00637698 0.999895 -7.82986 -27.581 212.414 0.0247111 -0.00900005 0.999563 -1.2571 2.65496 16.7527 5.03183 50.038 0
67463801 -7.50934 -26.1594 212.107 0.012335 -0.00668136 0.999902 -6.48148 -27.6233 212.273 0.0239127 -0.00841764 0.999646 -1.28669 2.64031 16.3638 5.09159 50.2777 0
67594748 -6.27739 -26.2136 212.131 0.0133001 -0.00627404 0.999892 -5.34654 -27.3942 212.336 0.0251391 -0.00842093 0.999617 -1.31484 2.62479 16.0241 5.14904 50.4936 0
67720284 -4.96986 -26.3332 212.164 0.01601 -0.00556619 0.999856 -3.9853 -27.3123 212.296 0.0244349 -0.00810483 0.999602 -1.33868 2.61014 15.7542 5.2019 50.6333 0
67847102 -3.87286 -26.3242 212.152 0.0173197 -0.00570941 0.999834 -3.07637 -27.0738 212.251 0.0258072 -0.0078789 0.999547 -1.36224 2.59779 15.5192 5.25045 50.7381 0
67973495 -2.67299 -26.3429 212.152 0.0192366 -0.00521985 0.999801 -1.83685 -26.8828 212.201 0.02745 -0.00620332 0.999462 -1.37947 2.58888 15.3938 5.299 50.7905 0
68099858 -1.50032 -26.2968 212.142 0.0218651 -0.00423736 0.999752 -0.827412 -26.7823 212.165 0.0287556 -0.0042366 0.999478 -1.397 2.57969 15.3081 5.34582 50.8127 0
68223986 -0.362304 -26.3718 212.119 0.0251206 -0.00366867 0.999678 0.193287 -26.5701 212.118 0.0300491 -0.00239069 0.999507 -1.40906 2.57423 15.2176 5.38776 50.8667 0
68351885 0.748247 -26.2656 212.091 0.02612 -0.0025283 0.999656 1.3378 -26.3591 212.181 0.0302469 -0.000445363 0.999428 -1.42429 2.5682 15.1494 5.43602 50.9349 0
68481440 1.95305 -26.2478 212.119 0.0283591 -0.00165515 0.999596 2.36621 -26.2628 212.145 0.0295127 0.00197397 0.999446 -1.43664 2.56389 14.9858 5.4817 51.1016 0
68602868 2.91027 -26.1368 212.137 0.0283125 -0.000462007 0.999599 3.19144 -25.994 212.211 0.0282253 0.00137319 0.999537 -1.44038 2.56303 14.9112 5.51847 51.1762 0
68726359 3.78712 -26.0585 212.142 0.0264053 -0.000959196 0.999651 3.98678 -25.9728 212.189 0.0274756 0.00243886 0.99957 -1.42946 2.56849 14.9112 5.55122 51.1762 0
68862343 4.99781 -26.0836 212.135 0.0269419 -0.0011228 0.999636 5.11526 -25.8695 212.041 0.0276425 0.00167687 0.99952 -1.41481 2.57452 14.9303 5.58569 51.1572 0
68991162 6.11316 -26.0979 212.096 0.0267713 -0.0015197 0.99964 6.12274 -25.8678 212.016 0.0279613 0.00238922 0.999563 -1.39872 2.58199 14.9636 5.61815 51.1429 0
69114577 7.23022 -26.05 212.091 0.0275963 -0.000785114 0.999619 7.01709 -25.8337 212.105 0.0287841 0.00204844 0.999456 -1.3835 2.58888 15.0287 5.64918 51.1254 0
69243525 8.22253 -26.0451 212.059 0.0266839 -0.00136996 0.999643 8.04534 -25.7248 211.958 0.0277883 0.00190609 0.999493 -1.36023 2.60095 15.1748 5.67704 51.0651 0
69373766 9.34789 -26.0086 212.053 0.0270474 -0.00107262 0.999634 8.85769 -25.4592 212.024 0.0278854 0.00165205 0.999517 -1.33437 2.61388 15.3811 5.70376 50.9873 0
69500891 10.4618 -25.9497 212.023 0.027944 -0.00140718 0.999609 9.89266 -25.3211 211.989 0.0264461 -0.000423077 0.999515 -1.30047 2.63111 15.6732 5.72588 50.8714 0
69631235 11.3974 -25.8446 211.964 0.0265147 -0.00379171 0.999641 10.8199 -25.3736 211.865 0.0219764 -0.00575338 0.999667 -1.25681 2.65438 16.1225 5.74312 50.6857 0
69757993 12.3738 -25.8213 211.967 0.0247384 -0.00563092 0.999678 12.0341 -25.4827 211.961 0.0230298 -0.00623979 0.999569 -1.20711 2.68052 16.7432 5.75691 50.373 0
69891752 13.5704 -25.8326 212.054 0.0230134 -0.00510246 0.999722 13.4579 -25.7375 212.064 0.024223 -0.00537269 0.999576 -1.15512 2.70753 17.4766 5.77127 49.9396 0
70025410 14.8791 -25.8949 212.102 0.0227955 -0.0038333 0.999733 14.909 -25.6752 212.134 0.0260631 -0.00297235 0.999536 -1.10484 2.73223 18.1466 5.7842 49.4744 0
70155092 16.0731 -25.8828 212.144 0.0228443 -0.00217562 0.999737 16.2445 -25.7162 212.216 0.0272141 -0.00012282 0.999589 -1.05744 2.75521 18.7498 5.79396 49.0474 0
70282266 17.2846 -25.9148 212.111 0.023906 -0.00138719 0.999713 17.4667 -25.7615 212.079 0.0280434 0.00200209 0.999478 -1.00602 2.77963 19.3023 5.8 48.6426 0
70403761 18.4147 -25.9157 212.105 0.0245353 0.0010988 0.999698 18.5893 -25.7864 212.053 0.0279163 0.00435937 0.999488 -0.956899 2.80261 19.8388 5.80344 48.2663 0
70529777 19.5332 -25.8776 212.121 0.0246572 0.00410534 0.999688 19.5852 -25.7984 212.028 0.0294892 0.0065429 0.999476 -0.905477 2.82703 20.4008 5.80488 47.898 0
70656287 20.9299 -25.7515 212.16 0.026385 0.00784944 0.999621 20.8283 -25.7216 212.102 0.0298239 0.00982948 0.999381 -0.850896 2.85174 20.9278 5.81005 47.5806 0
70789149 22.1515 -25.7054 212.195 0.0283594 0.0139126 0.999501 22.0782 -25.5409 212.052 0.0303527 0.012608 0.999334 -0.795453 2.87558 21.493 5.80316 47.1995 0
70917259 23.201 -25.6595 212.196 0.0289582 0.0169204 0.999437 23.0907 -25.4463 212.127 0.0316011 0.016424 0.999287 -0.731104 2.90459 22.0915 5.78965 46.7931 0
