354 22.1126 -21.987 214.17 0.214724 -0.214662 0.952793 26.4644 -17.5206 213.276 0.282596 0.0133875 0.959002 -1.16172 2.56447 8.1707 6.07376 60.8298 0
86596 23.2657 -22.9737 213.586 0.211845 -0.208996 0.954695 26.4665 -17.5244 213.163 0.282267 0.013787 0.959126 -1.08732 2.59808 10.5281 6.03901 58.3343 0
173812 24.264 -23.5744 213.059 0.205982 -0.197867 0.958342 26.5842 -17.7311 212.435 0.257072 0.0370531 0.965525 -1.03274 2.62163 12.6935 6.01861 56.0054 0
262084 24.9259 -23.7256 212.711 0.200454 -0.188109 0.961474 27.3465 -17.8386 212.078 0.247635 0.0536541 0.967288 -1.00545 2.63399 14.0349 6.01516 54.5147 0
349347 25.2788 -23.7025 212.465 0.19064 -0.182396 0.964566 27.7914 -17.793 211.837 0.237726 0.0691959 0.968812 -0.99884 2.64203 14.962 6.02349 53.4337 0
436567 25.5056 -23.4179 212.317 0.181786 -0.177492 0.967187 28.1424 -17.4707 211.71 0.228349 0.080027 0.970216 -1.00889 2.6426 15.5018 6.04331 52.7494 0
523713 25.6753 -22.8914 212.225 0.173207 -0.171308 0.969873 28.3884 -16.896 211.475 0.220483 0.0887509 0.971245 -1.03274 2.63628 15.8558 6.07376 52.243 0
611975 25.7534 -22.3428 212.174 0.163941 -0.16783 0.972089 28.529 -16.3074 211.464 0.212219 0.0971451 0.972278 -1.06003 2.63025 16.0574 6.10651 51.9033 0
700207 25.8408 -21.6457 212.138 0.156138 -0.16244 0.974286 28.6759 -15.5849 211.228 0.204209 0.103063 0.973434 -1.09192 2.6202 16.1828 6.14386 51.6287 0
786406 25.9064 -20.9018 212.127 0.149673 -0.155862 0.976374 28.6949 -14.868 211.223 0.198202 0.110749 0.973838 -1.12466 2.60784 16.2527 6.1812 51.4239 0
873520 25.9449 -20.173 212.111 0.143352 -0.150214 0.978206 28.7181 -14.0499 211.11 0.192782 0.119483 0.97387 -1.15598 2.59635 16.2844 6.21769 51.2524 0
961812 25.9435 -19.3981 212.107 0.136121 -0.144771 0.980057 28.7338 -13.225 211.111 0.188274 0.127516 0.973652 -1.18959 2.58429 16.3003 6.25676 51.0937 0
1049089 25.9596 -18.6279 212.103 0.130004 -0.138649 0.981771 28.6612 -12.1629 211.112 0.183599 0.135074 0.973557 -1.22004 2.57222 16.3193 0.010629 50.9429 0
1136344 25.9469 -17.8582 212.109 0.123608 -0.133992 0.983243 28.5897 -11.1024 211.001 0.178692 0.142777 0.973342 -1.2502 2.56131 16.3003 0.0485488 50.8365 0
1223533 25.9574 -17.1145 212.103 0.118036 -0.129217 0.984566 28.5906 -10.3974 211.006 0.174639 0.151746 0.972752 -1.27663 2.55125 16.2987 0.0841703 50.7159 0
1311806 25.9768 -16.2979 212.096 0.113187 -0.123554 0.985862 28.5028 -9.44848 210.898 0.170349 0.159512 0.972288 -1.30335 2.54005 16.2733 0.121803 50.6127 0
1398969 25.9853 -15.5316 212.093 0.108607 -0.118577 0.986987 28.3991 -8.61679 210.906 0.166733 0.167949 0.971451 -1.32748 2.52999 16.2495 0.157137 50.5222 0
1505139 28.0278 -8.34277 211.052 0.159257 0.167033 0.973004 28.2205 -7.55281 210.8 0.161407 0.176427 0.970873 -1.35103 2.52023 16.459 0.171501 50.3412 0
1633174 27.1028 -9.47326 211.365 0.140244 0.158856 0.97729 26.4944 -9.61763 211.494 0.118346 0.143163 0.982504 -1.36683 2.51908 17.2179 0.106003 50.0951 0
1763672 26.4019 -10.3168 211.764 0.120164 0.143315 0.982355 26.0352 -10.7244 211.814 0.107687 0.135357 0.984799 -1.37028 2.52626 17.5782 0.087043 50.0586 0
1890814 25.9956 -10.5146 211.952 0.105983 0.131911 0.98558 25.8336 -10.9118 212.033 0.103386 0.133929 0.985447 -1.37832 2.53402 17.5131 0.0985339 50.2396 0
2017812 25.8144 -10.0732 212.074 0.0949052 0.127344 0.987308 25.8979 -10.4988 212.146 0.101134 0.137332 0.985217 -1.3947 2.53631 17.229 0.135592 50.5412 0
2148590 25.9625 -9.19696 212.211 0.088063 0.12675 0.988018 26.404 -9.46506 212.475 0.0942492 0.142282 0.985266 -1.41079 2.5412 16.7146 0.19362 50.9889 0
2278449 26.0584 -8.22144 212.333 0.0759596 0.121971 0.989623 26.0772 -8.40361 212.54 0.0657929 0.118646 0.99066 -1.4398 2.54665 15.678 0.271471 51.689 0
2405062 26.01 -7.02577 212.287 0.0617168 0.109035 0.99212 25.8465 -7.06925 212.292 0.0540231 0.0991747 0.99347 -1.4714 2.54809 14.2699 0.355928 52.5669 0
2531251 25.8891 -5.82936 212.156 0.0538054 0.0941794 0.9941 25.6184 -5.90312 212.056 0.052776 0.0847046 0.994965 -1.49237 2.54953 13.2523 0.427746 53.2352 0
2658566 25.803 -4.66179 212.076 0.0505664 0.083123 0.995256 25.5057 -4.59306 211.938 0.0534437 0.0775296 0.995458 -1.50472 2.55297 12.6316 0.490946 53.6988 0
2787215 25.7864 -3.44212 212.046 0.04904 0.0762499 0.995882 25.4122 -3.3188 211.934 0.0521498 0.0742205 0.99584 -1.50989 2.55929 12.3061 0.550411 53.9877 0
2913272 25.7529 -2.32151 212.045 0.0467574 0.071803 0.996322 25.4305 -2.17987 211.93 0.0496458 0.0723755 0.996107 -1.51334 2.56504 12.1601 0.603556 54.1337 0
3038824 25.7621 -1.15798 212.001 0.0459928 0.0685192 0.996589 25.3364 -1.04642 211.818 0.0471807 0.072243 0.996127 -1.51191 2.57366 12.1299 0.654403 54.1893 0
3167155 25.7365 0.0464833 212 0.0450563 0.0651565 0.996857 25.1638 0.301025 211.929 0.0436861 0.0741708 0.996153 -1.50817 2.5863 12.2045 0.707835 54.2131 0
3295000 25.6204 1.17803 212.023 0.0430032 0.0656789 0.996914 24.9905 1.54666 212.039 0.039116 0.075098 0.996312 -1.4984 2.5998 12.557 0.747766 54.0385 0
3422543 25.3195 2.41322 212.022 0.0400772 0.0673341 0.996925 24.2686 2.68242 211.814 0.0312385 0.0695977 0.996994 -1.46422 2.63111 13.7508 0.771322 53.3003 0
3549981 25.0814 3.14388 212.254 0.0228857 0.0476262 0.998603 25.0214 2.63872 212.682 0.00739479 0.0328844 0.999317 -1.35879 2.68799 17.5639 0.72938 50.8429 0
3677369 25.7882 3.89147 212.572 0.00197258 0.0334956 0.999437 26.3178 3.3382 213.007 -0.0161992 0.0310903 0.999269 -1.28611 2.71184 19.3975 0.72306 49.3252 0
3803752 26.3057 4.94921 212.613 -0.0114204 0.0301317 0.999481 27.0053 4.82386 212.891 -0.0264667 0.034032 0.998983 -1.26026 2.72333 19.7753 0.761555 48.7347 0
3931778 26.4088 6.30857 212.446 -0.0176738 0.0280339 0.999451 26.8346 6.43203 212.556 -0.0282784 0.0317525 0.999001 -1.25193 2.72993 19.7928 0.811827 48.4632 0
4058263 26.3115 7.61441 212.31 -0.0207646 0.0267998 0.999425 26.5002 7.71741 212.332 -0.0277572 0.0294957 0.999122 -1.24446 2.73453 19.8039 0.856354 48.2918 0
4185981 26.2259 8.80264 212.211 -0.0217191 0.0251751 0.999447 26.398 8.99341 212.22 -0.0282152 0.0259833 0.99913 -1.23124 2.74171 19.8293 0.893699 48.179 0
4313023 26.1323 10.0056 212.131 -0.0221397 0.0239419 0.999468 26.0319 10.1617 211.995 -0.0254244 0.0243685 0.999354 -1.21429 2.74947 19.8864 0.926448 48.0822 0
4439607 26.0394 11.1857 212.074 -0.0219408 0.0234268 0.999485 26.0043 11.1906 211.994 -0.0241403 0.0224065 0.999346 -1.19447 2.75751 19.9341 0.955462 48.0314 0
4569370 25.9858 12.2879 212.05 -0.0208685 0.0215877 0.999549 25.8614 12.339 211.881 -0.0213622 0.02067 0.999448 -1.1712 2.76757 19.9928 0.980742 47.9917 0
4698819 25.9193 13.4415 212 -0.0194671 0.0205605 0.999599 25.7196 13.4747 211.768 -0.0186995 0.0202933 0.999549 -1.1442 2.77762 20.0785 1.00372 47.9552 0
4828438 25.8725 14.5419 211.974 -0.0179366 0.0196426 0.999646 25.5987 14.5952 211.879 -0.0180858 0.0215836 0.999542 -1.1149 2.78796 20.204 1.02326 47.9361 0
4958672 25.8151 15.6922 211.937 -0.0169986 0.0208578 0.999638 25.4806 15.6808 211.768 -0.0179757 0.0266005 0.999412 -1.081 2.79859 20.3706 1.03963 47.8901 0
5085811 25.7233 16.8331 211.95 -0.0172232 0.0238459 0.999567 25.2885 17.0027 211.88 -0.0193701 0.0312705 0.999295 -1.04595 2.80893 20.5675 1.05285 47.8774 0
5214589 25.6361 18.0008 211.986 -0.0179912 0.0276383 0.999456 25.1023 18.1821 211.883 -0.0226521 0.0393085 0.998944 -1.00545 2.82157 20.8342 1.06204 47.8123 0
5341694 25.537 19.2278 211.997 -0.0203942 0.0339179 0.999217 24.9441 19.4743 211.889 -0.0277937 0.0471557 0.998364 -0.959771 2.83622 21.158 1.06664 47.706 0
5468172 25.3666 20.4112 212.011 -0.0255308 0.0431045 0.998744 24.8751 20.5283 212.005 -0.0327557 0.0555988 0.997783 -0.911797 2.85145 21.5708 1.06721 47.5298 0
5596427 25.2314 21.613 212.045 -0.0322978 0.0517988 0.998135 24.6396 21.9469 212.012 -0.0403981 0.0629488 0.997103 -0.858365 2.87041 22.1518 1.06405 47.2059 0
5723704 25.1303 22.7938 212.057 -0.0406761 0.0605542 0.997336 24.5938 23.027 212.017 -0.0479599 0.0685743 0.996424 -0.797751 2.8931 22.9424 1.05199 46.709 0
5851547 25.1233 23.8991 212.102 -0.0495282 0.0657752 0.996605 24.8858 24.0051 212.131 -0.0570436 0.0698083 0.995886 -0.722773 2.92815 24.0679 1.03044 45.9581 0
5980012 25.2748 24.9051 212.184 -0.0543898 0.0634696 0.996501 25.0764 25.0602 212.243 -0.0671744 0.0639079 0.995612 -0.630559 2.98158 25.5824 0.998553 44.8929 0
6107313 25.2808 25.5313 212.232 -0.0615791 0.0552328 0.996573 25.4268 25.7267 212.349 -0.0751506 0.0497095 0.995819 -0.598672 3.00456 26.1142 0.996255 44.4548 0
6234937 24.8614 25.8078 212.232 -0.0652727 0.0451798 0.996844 25.1452 26.2409 212.35 -0.0761516 0.0456361 0.995955 -0.624527 2.99595 25.7983 1.02958 44.5992 0
6362914 23.9684 26.088 212.218 -0.0673471 0.0410986 0.996883 24.627 26.6407 212.465 -0.0766554 0.0442127 0.995961 -0.672213 2.97067 25.1649 1.07985 44.9866 0
6492801 22.9252 26.2582 212.187 -0.0664029 0.0401095 0.996986 23.7833 26.7771 212.464 -0.0695615 0.0375285 0.996767 -0.729093 2.93878 24.3648 1.13472 45.5073 0
6619794 21.887 26.3007 212.157 -0.0642362 0.0390008 0.997172 22.7748 26.8652 212.36 -0.0687512 0.0383095 0.99676 -0.789133 2.90632 23.6155 1.18901 45.9867 0
6747687 20.8557 26.2589 212.145 -0.0606631 0.0376471 0.997448 21.7745 26.9459 212.369 -0.0687219 0.0399009 0.996757 -0.849747 2.87673 22.9075 1.24331 46.4598 0
6875488 19.7997 26.2024 212.137 -0.0572822 0.0351242 0.99774 20.7533 26.8166 212.265 -0.0688202 0.0401555 0.996757 -0.907201 2.85174 22.3137 1.29818 46.8455 0
7004793 18.6638 26.0861 212.144 -0.0538201 0.0317779 0.998045 19.506 26.8384 212.275 -0.0672689 0.0384135 0.996869 -0.964942 2.82875 21.7692 1.35592 47.2059 0
7132319 17.5529 25.9917 212.152 -0.0511168 0.0287038 0.99828 18.2521 26.767 212.283 -0.0661452 0.0347506 0.997109 -1.01493 2.81008 21.3184 1.4105 47.5012 0
7259733 16.3709 26.0233 212.167 -0.0497712 0.0266911 0.998404 17.326 26.6679 212.4 -0.0643272 0.0306535 0.997345 -1.05658 2.79428 20.931 1.46508 47.7631 0
7386554 15.2718 26.0159 212.169 -0.0461781 0.0242491 0.998639 16.0419 26.7217 212.405 -0.0588089 0.0254681 0.997917 -1.0922 2.78337 20.5167 1.51765 48.0504 0
7512651 14.0894 25.9969 212.139 -0.0425993 0.0216781 0.998857 15 26.749 212.411 -0.0554461 0.0208556 0.99814 -1.12869 2.77245 20.0928 1.57453 48.314 0
7638333 12.9354 26.0229 212.126 -0.0410249 0.0205336 0.998947 13.8204 26.6736 212.305 -0.0504677 0.016457 0.998472 -1.16057 2.76153 19.7087 1.62854 48.5696 0
7767575 11.9043 25.9976 212.133 -0.0354959 0.0164213 0.999235 12.7574 26.7 212.534 -0.0446388 0.0119772 0.998797 -1.18844 2.75665 19.3562 1.68312 48.8045 0
7893766 10.7855 26.0515 212.14 -0.0303302 0.0141997 0.999439 11.6483 26.6065 212.427 -0.0352905 0.0083878 0.999213 -1.21228 2.75292 18.9657 1.74029 49.0855 0
8021241 9.67374 26.0296 212.149 -0.027547 0.0119283 0.999549 10.4662 26.6355 212.322 -0.0288943 0.00471218 0.999532 -1.24101 2.74458 18.6165 1.79774 49.3141 0
8150923 8.55057 26.0119 212.149 -0.0229277 0.00919001 0.999695 9.13093 26.3327 212.331 -0.021301 0.0020256 0.999718 -1.26658 2.73913 18.2799 1.85749 49.53 0
8279212 7.36623 26.0201 212.151 -0.0199999 0.00747548 0.999772 8.05266 26.2297 212.339 -0.0151669 -0.000521908 0.999793 -1.28985 2.73252 17.9608 1.91724 49.7396 0
8406873 6.26566 26.0017 212.153 -0.0159571 0.00555446 0.999857 6.76115 26.137 212.46 -0.00990057 -0.00188293 0.999874 -1.30967 2.72792 17.6862 1.97441 49.9094 0
8535745 5.09274 25.9894 212.155 -0.013935 0.00436451 0.999893 5.46318 26.0433 212.358 -0.00413652 -0.00316884 0.999951 -1.32748 2.72189 17.4433 2.031 50.0586 0
8665793 3.93135 26.0026 212.15 -0.0116911 0.00338896 0.999926 4.40692 25.9199 212.367 -0.000369604 -0.00352856 0.999921 -1.34012 2.71787 17.2496 2.08501 50.1698 0
8792200 2.81184 25.9837 212.153 -0.00936597 0.00233001 0.999953 3.12079 25.6992 212.266 0.00298088 -0.00311276 0.999893 -1.35017 2.71471 17.1115 2.13615 50.2428 0
8921561 1.62994 25.9776 212.139 -0.00779074 0.00188729 0.999968 1.97366 25.6909 212.275 0.00571218 -0.00276046 0.99987 -1.35592 2.7127 17.0067 2.1867 50.2952 0
9047821 0.481819 25.9881 212.118 -0.00765211 0.00197507 0.999969 0.826088 25.5706 212.285 0.00734987 -0.00230372 0.999856 -1.35678 2.71155 16.9448 2.23152 50.319 0
9174565 -0.675328 25.9764 212.105 -0.00692919 0.0020596 0.999974 -0.317608 25.443 212.294 0.00857112 -0.00107146 0.999844 -1.35506 2.71212 16.9178 2.27576 50.3237 0
9303327 -1.83212 25.954 212.098 -0.00646511 0.00235304 0.999976 -1.44601 25.4398 212.304 0.0092886 -0.00126261 0.999838 -1.35046 2.71385 16.9162 2.31799 50.3253 0
9430207 -2.9898 25.9482 212.08 -0.00887029 0.00287205 0.999957 -2.56715 25.4265 212.201 0.00912678 -0.000388776 0.999838 -1.3427 2.71471 16.9258 2.35505 50.3253 0
9557405 -3.99587 25.923 212.093 -0.0069051 0.00352506 0.99997 -3.69324 25.4116 212.211 0.00959574 0.00067007 0.999833 -1.33207 2.72074 16.9797 2.38981 50.3126 0
9685618 -5.14614 25.917 212.094 -0.00665675 0.00401984 0.99997 -4.82381 25.2782 212.22 0.00940523 0.00252764 0.999832 -1.31656 2.72735 17.0924 2.42428 50.2539 0
9813219 -6.27099 25.9184 212.086 -0.00752139 0.00435878 0.999962 -6.15069 25.4015 212.231 0.00871096 0.00296182 0.999837 -1.29789 2.73424 17.2369 2.45358 50.1698 0
9941455 -7.38443 25.9023 212.087 -0.00585093 0.00542836 0.999968 -7.29563 25.1628 212.129 0.00882698 0.00417699 0.999834 -1.27634 2.74458 17.3814 2.48288 50.092 0
10069578 -8.54963 25.8611 212.079 -0.00662784 0.00533369 0.999964 -8.42286 25.0379 212.027 0.00817911 0.00509724 0.999838 -1.2525 2.7532 17.5862 2.50845 49.9761 0
10199221 -9.63121 25.8322 212.077 -0.00422601 0.00606621 0.999973 -9.66314 24.9034 211.925 0.00774008 0.0082048 0.999837 -1.22492 2.76613 17.8243 2.53143 49.8396 0
10329483 -10.843 25.7981 212.063 -0.00361042 0.00701679 0.999969 -10.8857 24.9928 211.935 0.0077755 0.0111444 0.999833 -1.19131 2.77992 18.0799 2.55154 49.711 0
10455877 -11.9335 25.7853 212.059 -0.00222088 0.0080943 0.999965 -12.0087 24.8552 211.945 0.0067692 0.0134478 0.999838 -1.15626 2.79486 18.3609 2.5659 49.5697 0
10584367 -13.2172 25.7249 212.053 -0.00410664 0.00756015 0.999963 -13.1922 24.9716 211.954 0.00260294 0.0134778 0.999872 -1.11748 2.80865 18.7149 2.58055 49.3808 0
10715656 -14.3055 25.7211 212.045 -0.00334453 0.00852221 0.999958 -14.2798 24.9771 211.964 -0.00106118 0.0123559 0.999782 -1.07525 2.82674 19.0578 2.58802 49.1998 0
10842840 -15.4177 25.7107 212.05 -0.00388738 0.00856352 0.999956 -15.4874 24.9723 211.974 -0.00377478 0.0134734 0.999802 -1.03044 2.84542 19.4547 2.59204 48.9918 0
10969868 -16.5505 25.718 212.068 -0.00513105 0.00827674 0.999953 -16.5637 24.9803 212.095 -0.00856633 0.0120916 0.999844 -0.980168 2.86696 19.9261 2.59204 48.7347 0
11097980 -17.683 25.6701 212.094 -0.00859042 0.00691034 0.999939 -17.6342 24.9952 211.993 -0.0141692 0.00992859 0.99977 -0.929895 2.88793 20.4214 2.59032 48.4568 0
11224528 -18.8442 25.6705 212.106 -0.0121549 0.00487459 0.999914 -18.9361 25.1677 212.115 -0.0174513 0.00509175 0.999804 -0.869856 2.91465 21.0533 2.5817 48.0711 0
11354917 -19.9265 25.7064 212.106 -0.0142217 0.00340363 0.999893 -19.7011 25.2681 212.122 -0.0188243 0.00227959 0.999697 -0.801485 2.94826 21.801 2.56619 47.5885 0
11482022 -20.9401 25.7357 212.108 -0.0158337 0.00247212 0.999872 -20.7844 25.525 212.242 -0.0205787 -0.00196739 0.999718 -0.727369 2.98733 22.6741 2.54637 47.017 0
11610685 -22.0309 25.8335 212.14 -0.0162897 0.000241862 0.999867 -21.8051 25.9771 212.249 -0.0149306 -0.00446848 0.999797 -0.645497 3.03186 23.7806 2.52425 46.2455 0
11737886 -23.025 25.9941 212.188 -0.0136879 -0.00352828 0.9999 -22.7476 26.2319 212.367 -0.0079295 -0.0107776 0.999871 -0.566498 3.07495 24.9792 2.50558 45.3866 0
11866519 -24.1112 26.1577 212.258 -0.00667442 -0.00957471 0.999932 -23.8612 26.3944 212.487 0.00438244 -0.0179619 0.99978 -0.476008 3.12148 26.2333 2.48776 44.4294 0
11996600 -24.8536 26.0695 212.321 0.00601182 -0.0140624 0.999883 -24.9863 26.3141 212.498 0.015554 -0.022953 0.999573 -0.428321 -3.13556 26.7794 2.49121 43.9087 0
12127005 -25.4167 25.4415 212.271 0.0134212 -0.0173163 0.99976 -25.6323 25.7039 212.393 0.0183362 -0.0233416 0.999429 -0.45992 3.13499 26.6349 2.53373 43.8944 0
12253476 -25.902 24.4385 212.223 0.0143421 -0.0214872 0.999666 -26.4114 24.6766 212.513 0.019111 -0.0255002 0.999426 -0.529727 3.09936 26.2333 2.59779 44.0785 0
12382720 -26.1853 23.3106 212.239 0.0143774 -0.0257361 0.999565 -26.7416 23.318 212.631 0.0159943 -0.032438 0.999217 -0.633432 3.04536 25.4998 2.68024 44.4738 0
12513000 -26.2986 22.0765 212.223 0.0143358 -0.0265082 0.999546 -26.9105 21.6189 212.522 0.0169393 -0.0289719 0.999326 -0.74202 2.98934 24.5188 2.76584 45.0072 0
12640190 -26.2887 20.8292 212.185 0.0134028 -0.0258639 0.999576 -26.8944 20.4077 212.412 0.0145084 -0.0313148 0.99935 -0.826478 2.94567 23.6695 2.83536 45.4946 0
12766314 -26.2267 19.6951 212.157 0.0130758 -0.0244284 0.999616 -26.7747 19.2496 212.301 0.0140346 -0.0285718 0.99935 -0.891401 2.9135 22.9837 2.89425 45.9216 0
12894740 -26.3346 18.4765 212.149 0.0111868 -0.0260686 0.999598 -26.6547 17.9999 212.189 0.0123808 -0.0279231 0.999484 -0.947706 2.88362 22.4471 2.95429 46.2772 0
13021351 -26.1333 17.425 212.148 0.012059 -0.0230599 0.999661 -26.536 16.8707 212.19 0.0121029 -0.0282645 0.999487 -0.999128 2.86064 21.8915 3.00658 46.6598 0
13150502 -25.9922 16.3598 212.173 0.0136377 -0.0208094 0.99969 -26.5363 15.6239 212.303 0.0116346 -0.0267483 0.999489 -1.04595 2.84053 21.4454 3.05915 46.9662 0
13278138 -25.9736 15.2748 212.161 0.013657 -0.0197791 0.999711 -26.5454 14.4864 212.305 0.0131453 -0.0250531 0.999474 -1.08387 2.8233 21.058 3.10999 47.2138 0
13405051 -26.0062 14.1867 212.103 0.0112731 -0.0200018 0.999736 -26.5382 13.4469 212.305 0.0140555 -0.0219515 0.999584 -1.11605 2.80663 20.6453 3.15854 47.4726 0
13534648 -25.9938 13.0675 212.115 0.0112275 -0.0185243 0.999765 -26.5255 12.4032 212.194 0.0142714 -0.0184158 0.9997 -1.14908 2.79198 20.269 3.2114 47.7456 0
13663921 -26.0147 11.9234 212.115 0.0100237 -0.0179503 0.999789 -26.5198 11.2668 212.307 0.0143008 -0.0168244 0.999697 -1.17867 2.77791 19.8912 3.26426 48.0282 0
13791165 -26.011 10.8417 212.093 0.00880279 -0.0172681 0.999812 -26.5207 10.1168 212.197 0.0148338 -0.0138097 0.999688 -1.20568 2.76527 19.5229 3.31482 48.2838 0
13922551 -26.0241 9.64131 212.113 0.00866897 -0.0171672 0.999815 -26.5112 8.98461 212.31 0.0144522 -0.0126696 0.99969 -1.2344 2.75205 19.2022 3.3717 48.5219 0
14050526 -26.1216 8.42712 212.095 0.00670817 -0.019298 0.999791 -26.613 7.9758 212.201 0.0150311 -0.0117439 0.999684 -1.25652 2.73941 18.8879 3.42513 48.749 0
14178528 -26.0783 7.35806 212.11 0.00719141 -0.0172553 0.999825 -26.4999 6.70674 212.312 0.0143152 -0.00897751 0.999808 -1.27893 2.7308 18.5942 3.47712 48.9633 0
14306454 -26.0602 6.21662 212.104 0.00666885 -0.0165263 0.999841 -26.4763 5.79149 212.313 0.0145992 -0.00728787 0.999803 -1.29961 2.7216 18.2847 3.53056 49.1823 0
14433953 -26.0573 5.08765 212.111 0.00600486 -0.0166291 0.999844 -26.3595 4.52184 212.314 0.0133962 -0.00447524 0.999809 -1.31742 2.71298 18.0069 3.58198 49.3935 0
14561135 -26.0299 4.01967 212.122 0.0061134 -0.0142101 0.99988 -26.3537 3.38517 212.316 0.013304 -0.00287231 0.999808 -1.33121 2.70839 17.7735 3.63139 49.5665 0
14690637 -26.0603 2.83601 212.106 0.00499002 -0.0144853 0.999883 -26.3296 2.35547 212.317 0.012396 -0.000823597 0.999812 -1.34069 2.70322 17.5497 3.6808 49.7332 0
14818035 -26.0233 1.7421 212.117 0.00512798 -0.0133494 0.999898 -26.1985 1.1986 212.206 0.0106839 0.00179241 0.999822 -1.35075 2.6992 17.3846 3.72849 49.857 0
14948099 -25.9764 0.673558 212.127 0.00532871 -0.00812719 0.999953 -26.1982 -0.0425718 212.319 0.0101575 0.00270105 0.999825 -1.35391 2.70178 17.283 3.77531 49.9348 0
15076888 -25.9893 -0.462189 212.114 0.00486001 -0.0074207 0.999961 -26.1814 -1.18371 212.321 0.00888499 0.00478458 0.999833 -1.35276 2.70236 17.2322 3.81783 49.9713 0
15206618 -25.9532 -1.59108 212.111 0.00450637 -0.0034244 0.999984 -26.1708 -2.30715 212.322 0.00828902 0.00496412 0.999838 -1.34845 2.70724 17.229 3.86149 49.9729 0
15334064 -25.9449 -2.69688 212.097 0.00330617 -0.00159279 0.999993 -26.1533 -3.32254 212.324 0.0080924 0.00547339 0.999838 -1.33897 2.7127 17.2464 3.89941 49.9729 0
15461508 -25.9495 -3.82761 212.08 0.00174503 -0.00172719 0.999997 -26.0225 -4.45884 212.213 0.00641442 0.00587888 0.999852 -1.32518 2.71844 17.2877 3.93389 49.9729 0
15589808 -25.9339 -4.89175 212.076 -0.00019219 0.00108435 0.999999 -26.1269 -5.57334 212.327 0.00632771 0.00625504 0.999852 -1.30679 2.72878 17.375 3.96549 49.9507 0
15716857 -25.9265 -6.02141 212.087 -0.00156058 0.00371779 0.999992 -26.2032 -6.57774 212.217 0.00416367 0.00670694 0.999869 -1.28467 2.74056 17.5465 3.99594 49.8697 0
15845658 -25.9319 -7.17265 212.077 -0.0025479 0.00307986 0.999992 -26.2783 -7.47215 212.219 0.00311646 0.00729745 0.999877 -1.26083 2.75033 17.7306 4.02265 49.7761 0
15973714 -25.9363 -8.30626 212.081 -0.00367841 0.00375123 0.999986 -26.3625 -8.58337 212.11 0.00066298 0.00728649 0.999897 -1.23297 2.76297 17.9561 4.0465 49.6633 0
16103943 -25.952 -9.44761 212.077 -0.00492018 0.00502047 0.999975 -26.4347 -9.72423 212.001 -0.00308112 0.0104641 0.999801 -1.20108 2.77791 18.2259 4.06747 49.5125 0
16232485 -25.9626 -10.6011 212.076 -0.00532794 0.00534939 0.999971 -26.4011 -10.8578 212.003 -0.00614766 0.011738 0.999824 -1.16919 2.79198 18.5355 4.08671 49.3252 0
16360602 -25.9809 -11.6926 212.076 -0.00611344 0.00527034 0.999967 -26.4722 -11.8534 212.005 -0.00876906 0.0112526 0.999846 -1.13501 2.80692 18.8371 4.10136 49.1569 0
16488790 -25.9873 -12.8829 212.074 -0.00599886 0.00432321 0.999973 -26.587 -13.0553 212.007 -0.00897789 0.00906524 0.999851 -1.09824 2.82243 19.2006 4.11601 48.9331 0
16618530 -26.0028 -14.0155 212.076 -0.00614886 0.00448516 0.999971 -26.5751 -14.1501 212.12 -0.00962088 0.00618364 0.999861 -1.05859 2.84053 19.5944 4.12664 48.6823 0
16747547 -26.0169 -15.2042 212.074 -0.00568265 0.00273902 0.99998 -26.5857 -15.3528 212.122 -0.00907194 0.00294296 0.999861 -1.01521 2.85921 20.0166 4.13469 48.4187 0
16878520 -26.0125 -16.3544 212.085 -0.00539719 0.00262331 0.999982 -26.4901 -16.5706 212.012 -0.00811205 0.000153537 0.999857 -0.969826 2.88075 20.4786 4.14043 48.1219 0
17006745 -26.0158 -17.4612 212.089 -0.00504806 0.00123725 0.999986 -26.3808 -17.6884 212.124 -0.00727917 -0.0013975 0.999852 -0.92099 2.90345 20.9421 4.14129 47.8298 0
17137997 -25.9987 -18.6969 212.101 -0.0030415 -0.00129733 0.999995 -26.5014 -18.7844 212.126 -0.0057172 -0.00301817 0.999842 -0.866696 2.92815 21.5105 4.14129 47.4615 0
17264849 -25.9805 -19.8292 212.099 -0.000881465 -0.00443515 0.99999 -26.4219 -20.014 212.126 -0.0029159 -0.00451166 0.999943 -0.810965 2.95343 22.0709 4.13727 47.0964 0
17393849 -25.9859 -20.9764 212.109 0.000653349 -0.00612838 0.999981 -26.5485 -21.1255 212.129 -0.000705447 -0.00447749 0.999925 -0.742595 2.98675 22.7392 4.12636 46.6677 0
17521683 -25.9973 -22.047 212.105 0.00134168 -0.00650238 0.999978 -26.4445 -22.1432 212.241 0.00183474 -0.00484269 0.999904 -0.665894 3.02582 23.4694 4.11027 46.1899 0
17648952 -26.0139 -23.133 212.098 0.00128152 -0.00599632 0.999981 -26.5881 -23.396 212.244 0.00472298 -0.00156237 0.999876 -0.571381 3.07466 24.3235 4.08844 45.6359 0
17774267 -26.0794 -24.2619 212.163 0.00289266 -0.00376331 0.999989 -26.6197 -24.6718 212.358 0.00761734 0.00306625 0.999846 -0.466528 3.12694 25.3189 4.0666 45.0358 0
17901793 -26.0469 -25.1933 212.209 0.00413173 0.000929097 0.999991 -26.4626 -26.2012 212.47 0.0118428 0.00879401 0.999803 -0.411946 -3.12895 25.8015 4.06546 44.7056 0
18029101 -25.4625 -25.7933 212.218 0.00657601 0.00491694 0.999966 -26.0797 -26.6966 212.468 0.0138915 0.009702 0.999785 -0.44843 3.13872 25.6491 4.10165 44.7008 0
18155407 -24.5707 -26.0706 212.187 0.00996984 0.00636182 0.99993 -25.2573 -27.2156 212.462 0.0164836 0.0085961 0.999765 -0.51996 3.10396 25.2998 4.15508 44.7945 0
18283523 -23.4881 -26.1919 212.173 0.0132086 0.0069993 0.999888 -23.8357 -27.6419 212.564 0.0275623 0.00263286 0.999561 -0.615908 3.05599 24.7013 4.22403 45.0612 0
18409874 -22.3744 -26.2289 212.153 0.0145179 0.00672465 0.999872 -22.8101 -27.6633 212.444 0.0258562 0.00659717 0.999569 -0.710133 3.00801 23.9346 4.29527 45.4819 0
18537519 -21.2698 -26.2318 212.14 0.0153241 0.00665146 0.99986 -21.5377 -27.4475 212.321 0.0237789 0.00667291 0.999586 -0.791718 2.96607 23.2297 4.36278 45.9089 0
18666617 -20.0936 -26.1717 212.149 0.013427 0.00699616 0.999885 -20.4185 -27.5533 212.312 0.0229167 0.00663262 0.999593 -0.862099 2.93131 22.5185 4.4277 46.4058 0
18796975 -18.9389 -26.1103 212.144 0.0122005 0.00736945 0.999898 -19.0643 -27.5554 212.413 0.0219153 0.00513412 0.999604 -0.923863 2.90115 21.9121 4.48918 46.809 0
18924312 -17.8258 -25.9918 212.157 0.00975632 0.009927 0.999903 -17.8507 -27.6667 212.403 0.022841 0.00455522 0.999597 -0.980742 2.87615 21.393 4.54807 47.1376 0
19051369 -16.7231 -25.9654 212.161 0.00808655 0.0112866 0.999904 -16.5899 -27.6784 212.392 0.0198389 0.00521005 0.999743 -1.02728 2.85547 20.9548 4.60351 47.4155 0
19179724 -15.5347 -25.9966 212.157 0.00717747 0.0108598 0.999915 -15.4717 -27.7932 212.383 0.0190695 0.00614189 0.999748 -1.06865 2.83594 20.5199 4.66039 47.7123 0
19306204 -14.4288 -26.0037 212.137 0.00625621 0.0106842 0.999923 -14.327 -27.7895 212.261 0.0165062 0.00626406 0.999768 -1.10542 2.81899 20.1357 4.71354 47.9536 0
19432684 -13.322 -26.0255 212.135 0.00542181 0.0104838 0.99993 -13.1879 -27.7904 212.364 0.0147299 0.00692418 0.999782 -1.13874 2.80376 19.7833 4.7664 48.1902 0
19561152 -12.162 -26.0477 212.133 0.00557488 0.0098736 0.999936 -12.0758 -28.0179 212.355 0.013486 0.00802397 0.999791 -1.17178 2.78796 19.442 4.82155 48.4187 0
19688184 -11.0643 -26.0494 212.131 0.00508158 0.00957023 0.999941 -10.8171 -27.9081 212.345 0.0118483 0.00756723 0.999805 -1.20137 2.77446 19.1213 4.87412 48.6315 0
19814651 -9.86697 -26.0926 212.109 0.00707739 0.00833135 0.99994 -9.79018 -27.9009 212.336 0.0100952 0.00847039 0.999818 -1.23009 2.75924 18.8244 4.92957 48.814 0
19943801 -8.76335 -26.0955 212.112 0.00633904 0.00810261 0.999947 -8.54162 -27.9091 212.326 0.00840566 0.00875436 0.999831 -1.2548 2.74832 18.5323 4.98214 49.0125 0
20069888 -7.63758 -26.0871 212.105 0.00580322 0.00773876 0.999953 -7.51734 -27.8937 212.317 0.00693589 0.00877209 0.999843 -1.27864 2.73769 18.2418 5.03586 49.2014 0
20198264 -6.55052 -26.0672 212.113 0.00532221 0.00708967 0.999961 -6.2831 -28.0161 212.308 0.00564565 0.0093858 0.999853 -1.30047 2.72792 17.9513 5.08785 49.4109 0
20325968 -5.40345 -26.0779 212.107 0.00485547 0.00673846 0.999966 -5.01995 -27.7903 212.185 0.00456913 0.00838498 0.999863 -1.31943 2.71959 17.7036 5.14128 49.5713 0
20455804 -4.22176 -26.0958 212.105 0.00549499 0.00574809 0.999968 -3.76918 -27.7848 212.287 0.00274031 0.00721074 0.99988 -1.3361 2.71126 17.456 5.19443 49.7491 0
20585311 -3.11354 -26.0724 212.106 0.00479177 0.00545154 0.999974 -2.6425 -27.7757 212.277 0.00220785 0.00677109 0.999885 -1.3519 2.70465 17.2353 5.24556 49.8983 0
20712699 -2.06145 -26.0522 212.114 0.00416779 0.00530934 0.999977 -1.40686 -27.7784 212.156 0.0018085 0.00644135 0.999889 -1.36511 2.6992 17.0544 5.29325 50.0237 0
20841170 -0.90457 -26.0595 212.111 0.0035275 0.00504068 0.999981 -0.266881 -27.6539 212.146 0.000986605 0.00553883 0.999897 -1.37373 2.69575 16.9194 5.34237 50.111 0
20968513 0.237325 -26.0754 212.098 0.00423231 0.00454953 0.999981 0.740948 -27.5147 212.026 0.00232875 0.00418441 0.999888 -1.37832 2.69288 16.8257 5.38748 50.1745 0
21098035 1.39169 -26.067 212.095 0.00425877 0.00427738 0.999982 1.99941 -27.4022 212.239 0.000910884 0.00346143 0.9999 -1.37976 2.69201 16.7797 5.432 50.2126 0
21226040 2.52766 -26.0394 212.081 0.0044935 0.00345789 0.999984 3.12507 -27.3919 212.23 0.000488333 0.00288865 0.999904 -1.37689 2.69288 16.7495 5.47337 50.2428 0
21352006 3.79658 -26.0226 212.059 0.0147073 0.00422577 0.999883 4.14609 -27.1623 212.109 0.00155326 0.00376796 0.999894 -1.37402 2.68454 16.7876 5.51014 50.2396 0
21479463 4.86333 -26.009 212.058 0.0153163 0.00306984 0.999878 5.17012 -27.0276 212.212 0.00135053 0.00292894 0.999897 -1.35735 2.69115 16.8702 5.54117 50.2428 0
21606908 5.87386 -25.9874 212.07 0.0137866 0.00136291 0.999904 5.95668 -26.9861 212.206 0.00154715 0.00241967 0.999896 -1.3361 2.70178 16.9813 5.56932 50.2396 0
21735052 6.92054 -25.9726 212.069 0.0136108 -0.000191493 0.999907 6.86227 -26.9559 212.198 0.000893173 0.00199162 0.999902 -1.31139 2.7127 17.1305 5.59517 50.2063 0
21864757 8.05022 -25.9691 212.066 0.0139394 -0.00165143 0.999901 7.76953 -26.8125 212.191 0.0011997 0.00134922 0.999901 -1.28094 2.72562 17.3369 5.61959 50.138 0
21993066 9.16569 -25.982 212.062 0.0137673 -0.00298961 0.999901 8.91188 -26.7707 212.181 -0.00101747 -0.00260832 0.999925 -1.24733 2.74028 17.583 5.64085 50.0348 0
22120115 10.336 -25.9926 212.065 0.0138628 -0.00318328 0.999899 9.91379 -26.7269 212.173 -8.07843e-005 -0.00564077 0.999921 -1.21286 2.75493 17.9053 5.66124 49.8618 0
22246194 11.3928 -26.0146 212.075 0.0123429 -0.00388291 0.999916 11.2015 -26.7469 212.162 0.0059662 -0.00523722 0.999871 -1.17781 2.77159 18.2275 5.67733 49.6808 0
22373771 12.4927 -26.0198 212.075 0.0114563 -0.00437546 0.999925 12.605 -26.6692 212.151 0.0126556 -0.00452714 0.999815 -1.14133 2.78882 18.5657 5.69227 49.4744 0
22503319 13.6252 -26.0126 212.08 0.0116577 -0.00443516 0.999922 13.9135 -26.5904 212.14 0.0176034 -0.00279238 0.999772 -1.10312 2.80635 18.9244 5.7052 49.2585 0
22629898 14.7481 -26.0299 212.087 0.0116896 -0.00422613 0.999923 14.8754 -26.6914 212.133 0.0217052 -0.00220334 0.999616 -1.06175 2.82588 19.3277 5.7141 49.0029 0
22759419 15.8755 -26.0058 212.095 0.0100692 -0.00519934 0.999936 16.0904 -26.5968 212.123 0.0247607 -0.00102362 0.999589 -1.01809 2.84858 19.7166 5.72215 48.7505 0
22890577 17.0949 -26.0025 212.101 0.00964989 -0.00475117 0.999942 17.1906 -26.6023 212.114 0.0270756 0.000104203 0.999568 -0.969539 2.87299 20.2055 5.72703 48.4124 0
23016911 18.2088 -26.0071 212.1 0.00937762 -0.00428543 0.999947 18.4234 -26.623 211.993 0.0269834 0.00170714 0.999567 -0.921564 2.89741 20.6818 5.72818 48.0743 0
23147393 19.3659 -26.0337 212.083 0.0148162 -0.00185297 0.999889 19.2906 -26.8371 212.097 0.0282743 0.0036685 0.999553 -0.865547 2.92068 21.185 5.72358 47.7647 0
23275123 20.5369 -25.9797 212.09 0.0164563 -0.000228582 0.999865 20.4022 -26.7475 212.089 0.0305075 0.0065206 0.999409 -0.809242 2.94797 21.72 5.72128 47.4123 0
23402476 21.6426 -25.9574 212.098 0.0169738 0.000617774 0.999856 21.535 -26.6496 212.08 0.0304501 0.00848809 0.999407 -0.744893 2.98072 22.301 5.71267 47.0329 0
23530071 22.7269 -25.9872 212.116 0.0156818 0.00187983 0.999875 22.6693 -26.6561 212.071 0.0290964 0.00972099 0.999416 -0.671639 3.0195 23.0122 5.69859 46.5519 0
23656129 23.8666 -25.9999 212.106 0.0165847 0.00318617 0.999857 23.8113 -26.8907 212.172 0.0247406 0.0116087 0.999571 -0.577127 3.06633 23.8044 5.67704 46.0486 0
23783690 24.8651 -25.973 212.123 0.0166815 0.00565026 0.999845 25.0636 -27.0388 212.162 0.0215068 0.0149832 0.999593 -0.490658 3.10741 24.5458 5.65981 45.5978 0
23910842 25.4103 -25.6382 212.145 0.0120771 0.00495397 0.999915 25.9926 -26.9181 212.154 0.0194704 0.0167718 0.999607 -0.496978 3.10942 24.5648 5.68336 45.5438 0
24039427 25.8222 -24.8348 212.127 0.0097606 0.00760744 0.999923 26.7253 -26.3267 212.147 0.0192218 0.0180217 0.999607 -0.556731 3.08155 24.2664 5.7345 45.6184 0
24165713 26.0148 -23.8464 212.107 0.00831902 0.00901111 0.999925 27.2378 -25.343 212.256 0.0234057 0.0271864 0.999316 -0.640326 3.04105 23.6869 5.7977 45.8962 0
24291950 26.1265 -22.7329 212.126 0.00733662 0.0107501 0.999915 27.571 -24.3602 212.14 0.0216465 0.0267413 0.999331 -0.725359 2.99853 23.0567 5.86521 46.2645 0
24420180 26.1432 -21.6633 212.104 0.0075832 0.011419 0.999906 27.6853 -23.3415 212.136 0.0196159 0.0247282 0.999473 -0.795453 2.96234 22.4503 5.92553 46.6376 0
24549814 26.1351 -20.5051 212.109 0.00678363 0.0113454 0.999913 27.9144 -22.1402 212.134 0.0194763 0.0258449 0.99935 -0.860376 2.92959 21.8835 5.98701 47.0138 0
24678545 26.0941 -19.3554 212.132 0.00453111 0.0102235 0.999937 28.1361 -20.9451 212.13 0.0201364 0.0276213 0.999342 -0.919841 2.90143 21.3692 6.04705 47.3583 0
24806308 26.0037 -18.2455 212.154 0.00127932 0.00752976 0.999971 28.1487 -19.7106 212.129 0.0193841 0.0274479 0.999349 -0.97471 2.87759 20.8723 6.10508 47.6837 0
24933759 25.9791 -17.1371 212.156 -0.000476666 0.00582435 0.999983 28.1551 -18.5888 212.127 0.0181574 0.0274424 0.999359 -1.02125 2.85662 20.4373 6.16081 47.9631 0
25062804 26.0042 -15.9573 212.138 -0.000599329 0.00509142 0.999987 28.4204 -17.2469 212.122 0.0152646 0.025389 0.999507 -1.06376 2.83622 20.0071 6.21826 48.2409 0
25191156 26.0522 -14.7978 212.12 0.000279871 0.0059586 0.999982 28.3086 -16.1047 212.121 0.0147957 0.0243302 0.999513 -1.10226 2.8164 19.6245 6.27371 48.4902 0
25319866 26.0638 -13.6887 212.138 -0.000681345 0.00542709 0.999985 28.4495 -14.8776 212.23 0.0122958 0.0238331 0.999534 -1.1396 2.79945 19.28 0.0451015 48.7188 0
25449334 26.0794 -12.5275 212.122 -0.00010909 0.00653949 0.999979 28.352 -13.6212 212.229 0.0114275 0.0224445 0.999543 -1.17609 2.78107 18.9197 0.101119 48.941 0
25578878 26.0954 -11.3833 212.118 0.000848473 0.00789557 0.999968 28.248 -12.472 212.115 0.0100277 0.0206165 0.999679 -1.2097 2.76383 18.5609 0.155988 49.1823 0
25706758 26.0699 -10.2375 212.118 0.00114115 0.00810534 0.999967 28.1503 -11.3254 212.114 0.00804258 0.0190893 0.999697 -1.24388 2.74774 18.1783 0.21258 49.4363 0
25836559 26.0898 -9.07136 212.098 0.00212655 0.00930614 0.999954 28.0487 -10.0766 212.113 0.00762003 0.0185165 0.999702 -1.27376 2.73281 17.8164 0.268598 49.6665 0
25964269 26.0563 -7.9623 212.117 0.00120807 0.00776078 0.999969 27.8291 -8.9138 212.114 0.00680363 0.0163872 0.999711 -1.30306 2.72132 17.483 0.324616 49.884 0
26092231 26.0458 -6.81378 212.116 0.00101344 0.00749041 0.999971 27.7338 -7.76631 212.112 0.00456486 0.0147619 0.999854 -1.32978 2.70982 17.1655 0.380921 50.0825 0
26220519 26.0626 -5.71696 212.105 0.0013732 0.0081063 0.999966 27.5083 -6.60524 212.112 0.00437923 0.0128176 0.999858 -1.35075 2.70006 16.8924 0.43263 50.2539 0
26348455 26.1301 -4.49743 212.084 0.00380773 0.0150904 0.999879 27.3938 -5.56234 212.111 0.00305357 0.0104917 0.999873 -1.36971 2.68512 16.6098 0.483477 50.4603 0
26477899 26.0873 -3.37776 212.1 0.00339625 0.0143886 0.999891 27.0435 -4.40304 212.112 0.00434381 0.009878 0.999863 -1.38924 2.67736 16.34 0.537484 50.6492 0
26606737 26.0724 -2.375 212.092 0.00359482 0.011957 0.999922 27.0507 -3.15573 211.999 0.00407147 0.00830988 0.999867 -1.40044 2.67478 16.1177 0.585458 50.8 0
26735088 26.0556 -1.21773 212.077 0.00367184 0.0109639 0.999933 26.928 -2.00791 211.998 0.00477124 0.00664892 0.999864 -1.41079 2.67133 15.9368 0.637741 50.9143 0
26863640 26.0572 -0.107508 212.078 0.00401214 0.00895341 0.999952 26.8066 -0.859064 211.998 0.00533789 0.00487806 0.999862 -1.41395 2.67191 15.832 0.685715 51 0
26990245 26.0493 1.01812 212.076 0.00437274 0.00906405 0.999949 26.6897 0.395786 211.997 0.00657012 0.00365676 0.999853 -1.41452 2.67162 15.7764 0.730529 51.054 0
27118672 26.0328 2.15141 212.063 0.0051319 0.00803866 0.999955 26.6675 1.40682 211.884 0.00717769 0.00359874 0.999849 -1.40964 2.67478 15.7653 0.773907 51.0762 0
27247079 26.0068 3.27558 212.061 0.00573514 0.00833824 0.999949 26.4493 2.65903 211.996 0.00744392 0.00381856 0.999846 -1.40131 2.67822 15.8082 0.813263 51.0762 0
27376051 25.9941 4.39566 212.07 0.00703077 0.00788508 0.999944 26.4511 3.78128 211.994 0.00670324 0.00376667 0.999852 -1.38551 2.68569 15.8987 0.848885 51.0699 0
27501533 25.9794 5.5006 212.072 0.00777451 0.0080803 0.999937 26.1102 4.93423 212.107 0.00707938 0.00385338 0.999849 -1.36626 2.69402 16.0622 0.880198 51.0016 0
27631474 25.9638 6.64481 212.073 0.00851882 0.00843126 0.999928 25.6741 6.21246 211.997 0.00668003 0.00352364 0.999853 -1.34155 2.70465 16.2828 0.908925 50.8952 0
27758935 25.9633 7.76415 212.066 0.00948589 0.00789323 0.999924 25.4247 7.22809 211.886 0.00782617 0.00525357 0.999841 -1.3111 2.71873 16.559 0.933055 50.7492 0
27885299 25.946 8.83536 212.069 0.0101963 0.00763816 0.999919 25.2064 8.60816 211.886 0.00914511 0.00365611 0.999832 -1.28037 2.73281 16.8464 0.953739 50.6016 0
28014514 25.9364 10.0105 212.074 0.0104347 0.00764683 0.999916 25.1765 9.62474 211.885 0.0106784 0.00301919 0.999821 -1.24417 2.74918 17.2131 0.972699 50.3968 0
28144243 25.9271 11.1806 212.072 0.00986473 0.00796396 0.99992 25.2678 10.7362 211.882 0.0122697 0.00298986 0.999808 -1.20769 2.76556 17.6211 0.989073 50.138 0
28272006 25.9476 12.2798 212.072 0.0101251 0.0064898 0.999928 25.2548 11.9651 211.881 0.0142719 0.00341178 0.999791 -1.17005 2.78452 18.018 1.002 49.8761 0
28399533 25.9558 13.4313 212.076 0.00964397 0.00630376 0.999934 25.3631 13.0521 211.878 0.0140295 0.00601006 0.999789 -1.13185 2.8029 18.4371 1.01407 49.5951 0
28527958 25.9592 14.5338 212.079 0.00975933 0.0055869 0.999937 25.3624 14.1498 211.988 0.0136655 0.00861995 0.999788 -1.09393 2.82215 18.8212 1.02441 49.3347 0
28657161 25.9498 15.6681 212.066 0.00994198 0.00562855 0.999935 25.3675 15.3631 211.875 0.0136198 0.010709 0.999786 -1.05371 2.84226 19.2038 1.03331 49.0649 0
28785443 25.9404 16.8395 212.074 0.00879667 0.00700318 0.999937 25.3632 16.3498 211.874 0.0123936 0.0132785 0.999792 -1.01177 2.86208 19.6404 1.04021 48.7728 0
28913224 25.9304 17.9461 212.089 0.00764735 0.00713358 0.999945 25.2544 17.4721 211.761 0.0115143 0.0143435 0.999798 -0.970975 2.88276 20.0881 1.04538 48.4568 0
29041470 25.9187 19.0733 212.08 0.00704472 0.00790904 0.999944 25.2595 18.4639 211.873 0.00937862 0.0163866 0.99969 -0.924724 2.90603 20.5326 1.04768 48.1409 0
29171320 25.9005 20.2074 212.081 0.00579486 0.00891019 0.999944 25.1522 19.5907 211.76 0.0083314 0.0169771 0.999698 -0.875314 2.93074 21.0247 1.04768 47.7965 0
29298327 25.8353 21.3418 212.07 0.00413362 0.0104877 0.999936 25.1669 20.7037 211.759 0.00621377 0.0179151 0.999714 -0.822456 2.95659 21.5422 1.04624 47.4361 0
29427034 25.8139 22.449 212.061 0.0022654 0.0123699 0.999921 25.1639 21.704 211.757 0.00484842 0.0190264 0.999724 -0.759544 2.98704 22.1328 1.03791 47.0424 0
29555484 25.8032 23.5686 212.039 0.000812322 0.0141783 0.999899 25.3096 23.0505 211.754 0.00287489 0.0176208 0.999742 -0.680257 3.02554 22.8186 1.02182 46.5995 0
29682799 25.7924 24.6073 212.049 0.000142523 0.0141944 0.999899 25.5276 24.0539 211.862 0.00175196 0.0161339 0.999753 -0.587469 3.07121 23.5964 0.99884 46.1328 0
29813960 25.4937 25.2032 212.075 -0.00412324 0.0152967 0.999874 25.5298 24.9744 211.75 -0.00140801 0.0138605 0.999782 -0.557592 3.08184 23.9711 1.00114 45.9137 0
29942229 24.7681 25.6743 212.065 -0.00515807 0.0119533 0.999915 25.0789 25.6962 211.864 -0.005719 0.0136591 0.999818 -0.59465 3.06604 23.825 1.04279 45.9264 0
30070601 23.7911 25.9385 212.062 -0.00761602 0.0114856 0.999905 24.3532 26.1033 211.981 -0.00779633 0.0137348 0.999835 -0.666755 3.02984 23.352 1.10197 46.1693 0
30198253 22.766 26.0688 212.086 -0.00892204 0.0102144 0.999908 23.3621 26.3939 212.104 -0.018324 0.017805 0.999549 -0.740009 2.99365 22.8186 1.1623 46.482 0
30326551 21.6475 26.1058 212.103 -0.0104645 0.00960803 0.999899 22.3204 26.3008 211.999 -0.0162176 0.0141706 0.999659 -0.810678 2.95745 22.2677 1.22349 46.8217 0
30454043 20.5858 26.0676 212.119 -0.0114214 0.00920115 0.999892 21.3113 26.2921 212.119 -0.0162872 0.0134415 0.999661 -0.871292 2.92614 21.7597 1.27893 47.1567 0
30582004 19.469 26.008 212.117 -0.01097 0.0078943 0.999909 20.193 26.2968 212.017 -0.0167561 0.0123826 0.999666 -0.927884 2.89827 21.2517 1.33552 47.4805 0
30710497 18.3433 25.9552 212.142 -0.010285 0.005855 0.99993 18.9441 26.0765 212.139 -0.0172074 0.0127936 0.999669 -0.980455 2.87328 20.7945 1.39211 47.7837 0
30839639 17.2301 25.9467 212.177 -0.008771 0.00364939 0.999955 17.818 26.0856 212.148 -0.0167391 0.0112774 0.999668 -1.02556 2.85289 20.3802 1.44727 48.0743 0
30966174 16.1026 25.9631 212.146 -0.00852922 0.00321396 0.999958 16.8142 26.1983 212.044 -0.016426 0.00940835 0.99979 -1.06635 2.83278 19.9817 1.50185 48.3108 0
31094458 14.909 25.9826 212.1 -0.00942779 0.004503 0.999945 15.6788 26.2085 212.165 -0.0148641 0.00778769 0.999779 -1.10599 2.81152 19.5515 1.55873 48.5807 0
31222066 13.8161 25.9885 212.114 -0.00749999 0.00274359 0.999968 14.5318 26.2114 212.062 -0.0122488 0.00692482 0.999759 -1.14248 2.79601 19.1832 1.6136 48.822 0
31350134 12.7259 25.9919 212.126 -0.00577741 0.00135128 0.999982 13.3922 26.2218 212.071 -0.0103213 0.00526952 0.999868 -1.17752 2.78107 18.8244 1.66876 49.0553 0
31478232 11.629 26.003 212.12 -0.00541089 0.00109942 0.999985 12.2314 25.9985 212.08 -0.00840026 0.00484082 0.999852 -1.21085 2.76556 18.472 1.72362 49.2776 0
31606023 10.4789 26.001 212.123 -0.00435343 0.000444387 0.99999 10.9881 26.0168 212.202 -0.00717963 0.00349801 0.999844 -1.24503 2.75062 18.1053 1.78223 49.5094 0
31733715 9.41001 25.9747 212.132 -0.000900842 -0.00103581 0.999999 9.72403 25.9198 212.1 -0.00506099 0.0025602 0.99995 -1.27606 2.7397 17.7529 1.83911 49.7284 0
31861441 8.20591 25.9908 212.126 -0.0013572 -0.000951241 0.999999 8.56915 25.8184 212.109 -0.00263683 0.000979832 0.999933 -1.30737 2.72505 17.4163 1.89915 49.9301 0
31989622 7.0724 25.9843 212.126 0.000708152 -0.00137671 0.999999 7.39714 25.5948 212.008 0.000389407 0.000568219 0.999909 -1.33466 2.71471 17.0893 1.95746 50.1317 0
32115902 5.98317 25.9776 212.099 0.00334143 -0.00169427 0.999993 6.22901 25.3666 212.018 0.00309751 0.000677486 0.999886 -1.35764 2.70695 16.8019 2.01319 50.2793 0
32245276 4.86532 26.004 212.088 0.00684007 -0.000800343 0.999976 5.06572 25.1413 212.028 0.00528476 0.000468617 0.999869 -1.37229 2.7035 16.5352 2.06777 50.4603 0
32372906 3.80159 25.9651 212.093 0.00968342 -0.000808826 0.999953 4.01054 25.0052 212.036 0.00893627 0.0014688 0.999837 -1.38982 2.69862 16.3193 2.12092 50.5904 0
32500957 2.6167 25.9497 212.096 0.00996959 -0.000634619 0.99995 2.74474 24.7852 212.047 0.0101978 0.00183883 0.999826 -1.40332 2.69316 16.1796 2.17435 50.6698 0
32630276 1.44001 25.9399 212.096 0.00846569 -0.000454202 0.999964 1.61801 24.7875 212.056 0.0107358 0.0010517 0.999823 -1.41079 2.68857 16.1209 2.22233 50.7 0
32756415 0.335293 25.9207 212.089 0.00779695 -6.86293e-005 0.99997 0.594418 24.6598 212.065 0.0109904 0.00115001 0.999821 -1.41251 2.68713 16.1034 2.26542 50.7079 0
32883646 -0.733447 25.9082 212.069 0.00763002 0.00103303 0.99997 -0.541742 24.5395 212.074 0.0114014 0.00160127 0.999817 -1.40791 2.68885 16.1082 2.30449 50.7079 0
33014377 -1.86489 25.8965 212.059 0.00654068 0.00221043 0.999976 -1.55457 24.5127 212.083 0.0116389 0.00280484 0.999813 -1.40016 2.69115 16.14 2.34327 50.7079 0
33142558 -3.04324 25.9019 212.057 0.00481843 0.00339697 0.999983 -2.56266 24.4877 212.091 0.0113672 0.00381179 0.999814 -1.38723 2.69517 16.2225 2.38004 50.6921 0
33269825 -4.1718 25.9099 212.068 0.00475622 0.00434904 0.999979 -3.794 24.4852 212.101 0.0112053 0.00468562 0.999814 -1.36999 2.70264 16.3749 2.41307 50.6317 0
33397529 -5.2856 25.9097 212.071 0.00406395 0.00512901 0.999979 -4.91411 24.4706 211.999 0.0109336 0.00569257 0.999815 -1.35103 2.7104 16.5495 2.44324 50.5492 0
33524444 -6.37606 25.9118 212.071 0.0034633 0.00599342 0.999976 -6.03514 24.461 212.008 0.0108585 0.00619025 0.999815 -1.32863 2.71988 16.7527 2.46995 50.4507 0
33653121 -7.51831 25.9169 212.069 0.00298215 0.00683507 0.999972 -7.27704 24.3334 211.907 0.0105929 0.00854549 0.999814 -1.30162 2.73166 17.0051 2.49495 50.3174 0
33782442 -8.68692 25.9053 212.074 0.0027425 0.00752199 0.999968 -8.49853 24.3265 211.917 0.00937227 0.00988831 0.999822 -1.27232 2.74487 17.2909 2.5185 50.1634 0
33908417 -9.7717 25.9208 212.079 0.00273584 0.00761647 0.999967 -9.60384 24.4218 211.926 0.00874761 0.0110516 0.999825 -1.24187 2.75895 17.6227 2.5366 49.9602 0
34035716 -10.9309 25.9272 212.084 0.0021084 0.00738771 0.99997 -10.5839 24.5109 211.933 0.00660678 0.0117465 0.999842 -1.20884 2.77389 17.9846 2.55412 49.7348 0
34163461 -12.0564 25.8924 212.081 -0.0020216 0.00421523 0.999989 -11.792 24.5255 211.943 0.00393897 0.010775 0.999865 -1.18298 2.78193 18.3688 2.57079 49.4633 0
34289640 -13.1497 25.9046 212.077 -0.00231057 0.00407226 0.999989 -12.8835 24.5381 211.952 0.000692293 0.00887782 0.999894 -1.14793 2.79859 18.7292 2.58343 49.2268 0
34417306 -14.3009 25.9172 212.071 -0.00309883 0.00417572 0.999986 -13.983 24.5276 211.961 -0.00170317 0.00947445 0.999913 -1.10858 2.81726 19.1006 2.59434 48.9902 0
34545840 -15.4039 25.9346 212.077 -0.00274487 0.00438986 0.999987 -15.0885 24.5244 211.971 -0.00344017 0.00927218 0.999806 -1.06922 2.83737 19.4848 2.60296 48.7378 0
34673588 -16.5167 25.9367 212.079 -0.0030368 0.00396953 0.999988 -16.1969 24.5284 211.981 -0.00488124 0.00830616 0.999819 -1.02958 2.85719 19.8864 2.61043 48.4632 0
34801036 -17.6324 25.929 212.083 -0.00362075 0.00313817 0.999989 -17.2016 24.5145 211.989 -0.00551201 0.00812115 0.999824 -0.988499 2.87759 20.3103 2.61617 48.1711 0
34928300 -18.7496 25.9261 212.084 -0.00344696 0.00347685 0.999988 -18.22 24.3907 211.886 -0.00591136 0.00779141 0.999828 -0.941961 2.90201 20.7389 2.61876 47.8838 0
35054339 -19.8155 25.9164 212.08 -0.00407276 0.00302793 0.999987 -19.2331 24.373 211.894 -0.00564513 0.00801123 0.999825 -0.894848 2.92585 21.1866 2.61876 47.5806 0
35183013 -21.0171 25.8295 212.089 -0.00501789 0.0014397 0.999986 -20.2349 24.4744 211.902 -0.00546011 0.00738044 0.999825 -0.842852 2.95142 21.7153 2.61991 47.2265 0
35310420 -22.0872 25.786 212.098 -0.00509907 0.00101949 0.999986 -21.3574 24.4843 211.911 -0.00536791 0.0057775 0.999826 -0.785973 2.98043 22.2423 2.61503 46.89 0
35436411 -23.2598 25.7797 212.092 -0.0065522 -0.000919252 0.999978 -22.3673 24.5841 211.918 -0.00430809 0.00530869 0.99994 -0.709271 3.01692 22.9472 2.60124 46.4423 0
35565640 -24.343 25.79 212.1 -0.00619691 -0.0014822 0.99998 -23.4973 24.708 211.927 -0.00228328 0.00339858 0.999926 -0.619068 3.06087 23.7155 2.57998 45.9788 0
35693212 -25.1059 25.5925 212.095 -0.00274418 0.00166938 0.999995 -24.6287 24.8311 212.048 -3.83081e-006 0.00158677 0.99991 -0.561614 3.09247 24.1394 2.57395 45.7136 0
35820375 -25.5046 25.037 212.125 0.000829891 0.00225686 0.999997 -25.3457 24.4486 211.943 0.000748455 0.00176019 0.999904 -0.578276 3.08759 24.1092 2.60066 45.7057 0
35947681 -25.878 24.0867 212.102 0.00109947 -0.000892553 0.999999 -25.7657 23.6113 212.059 0.00103727 -0.000352026 0.999905 -0.633719 3.05943 23.8155 2.65151 45.8025 0
36077165 -26.03 23.0999 212.088 0.0013221 -0.00255868 0.999996 -26.0877 22.4704 212.175 -0.000682859 -0.00680953 0.999928 -0.703526 3.02467 23.3218 2.70781 46.0454 0
36208690 -26.1089 21.9451 212.108 0.000851442 -0.00562841 0.999984 -26.1719 21.5286 212.178 -0.00189473 -0.0130706 0.999825 -0.781376 2.98388 22.7551 2.77216 46.3709 0
36339095 -26.0917 20.8519 212.108 0.000732189 -0.00689398 0.999976 -26.0771 20.3755 212.179 0.000403037 -0.0108375 0.999803 -0.847736 2.94941 22.2026 2.83077 46.7043 0
36470073 -26.066 19.7129 212.109 0.000859398 -0.00713948 0.999974 -26.0736 19.2618 212.181 0.00056485 -0.0117113 0.999802 -0.906914 2.91896 21.6676 2.88908 47.0503 0
36598745 -25.947 18.6042 212.144 0.00337559 -0.00534298 0.99998 -26.0771 18.039 212.182 0.000338918 -0.0127934 0.999806 -0.964081 2.89253 21.158 2.94654 47.3932 0
36730556 -25.9043 17.5055 212.187 0.00652716 -0.00398938 0.999971 -26.0898 16.8034 212.184 0.00110281 -0.0124985 0.999799 -1.01407 2.87012 20.7612 3.00255 47.6472 0
36859142 -25.9001 16.364 212.183 0.00743446 -0.00362797 0.999966 -25.9874 15.6851 212.297 0.00267637 -0.0139976 0.999788 -1.05859 2.84829 20.3627 3.05886 47.8933 0
36989476 -25.9147 15.2025 212.138 0.00760699 -0.00197025 0.999969 -26.0004 14.5386 212.186 0.0045239 -0.0113534 0.999892 -1.09651 2.83019 19.9468 3.11488 48.1409 0
37116952 -25.9543 14.0298 212.109 0.00600205 -0.00376093 0.999975 -26.1065 13.4274 212.188 0.0045239 -0.0113534 0.999892 -1.13472 2.80865 19.5626 3.17147 48.3886 0
37245645 -25.9793 12.9183 212.106 0.00614876 -0.00289762 0.999977 -26.1123 12.1923 212.19 0.0045471 -0.0111103 0.999891 -1.16776 2.79285 19.2134 3.22576 48.6219 0
37374359 -26.0148 11.7671 212.114 0.00569383 -0.00323206 0.999979 -26.2148 11.0717 212.192 0.00415386 -0.0100918 0.999893 -1.2005 2.77618 18.872 3.28178 48.8617 0
37502594 -26.024 10.5983 212.111 0.0049979 -0.00429701 0.999978 -26.1021 9.93849 212.193 0.00453001 -0.0100051 0.99989 -1.23412 2.75866 18.5212 3.33923 49.095 0
37630464 -26.0201 9.49294 212.114 0.0044822 -0.00473406 0.999979 -26.116 8.70184 212.195 0.00542701 -0.00960025 0.999882 -1.26399 2.74372 18.1878 3.39382 49.322 0
37759268 -26.0257 8.33936 212.106 0.00382838 -0.0053035 0.999979 -25.9974 7.5601 212.195 0.00515529 -0.00859329 0.999882 -1.29214 2.72965 17.856 3.45012 49.5395 0
37886069 -26.037 7.23214 212.097 0.00278074 -0.00683172 0.999973 -25.9981 6.42886 212.309 0.00586727 -0.00755766 0.999875 -1.31685 2.71643 17.5481 3.50298 49.7459 0
38012781 -26.0259 6.09846 212.096 0.00219019 -0.00698238 0.999973 -25.8693 5.4026 212.197 0.00554914 -0.00703678 0.999877 -1.33983 2.70552 17.2401 3.55756 49.957 0
38140599 -26.0459 4.96499 212.089 0.00128218 -0.0091721 0.999957 -25.7588 4.15179 212.198 0.00501118 -0.00624965 0.99988 -1.35908 2.6946 16.9813 3.60898 50.1332 0
38267533 -26.0318 3.8549 212.096 0.00136538 -0.00895211 0.999959 -25.6345 3.12848 212.199 0.00527742 -0.00602983 0.999878 -1.37545 2.68742 16.7638 3.66012 50.2809 0
38396478 -26.0367 2.73929 212.107 0.00125082 -0.00972727 0.999952 -25.5136 1.98652 212.199 0.00476266 -0.00499967 0.999881 -1.38723 2.68138 16.5971 3.70838 50.4047 0
38526318 -26.0041 1.6424 212.103 0.00108688 -0.00818748 0.999966 -25.5174 0.747776 212.201 0.00457765 -0.00436887 0.999881 -1.39527 2.67909 16.4447 3.75635 50.5095 0
38654758 -25.9885 0.501127 212.086 0.000839234 -0.00762945 0.999971 -25.5022 -0.267394 212.202 0.00462406 -0.0038828 0.99988 -1.39872 2.67794 16.3559 3.8026 50.5635 0
38781128 -25.9811 -0.608449 212.073 0.000154672 -0.00766047 0.999971 -25.378 -1.40828 212.315 0.00385467 -0.00295095 0.999885 -1.397 2.67851 16.3066 3.84454 50.6095 0
38910505 -25.9548 -1.71132 212.055 -0.000779718 -0.00650451 0.999979 -25.3664 -2.53548 212.205 0.00305049 -0.00238366 0.999891 -1.39125 2.68196 16.2908 3.88534 50.6333 0
39037446 -25.9238 -2.76557 212.074 -0.001562 -0.00373767 0.999992 -25.4639 -3.54445 212.207 0.00326482 -0.00142312 0.999888 -1.3812 2.68885 16.3495 3.92297 50.6333 0
39165314 -25.928 -3.93337 212.064 -0.00322891 -0.00408038 0.999986 -25.439 -4.5537 212.208 0.00226951 -0.00157333 0.999896 -1.36425 2.69604 16.4305 3.95859 50.6301 0
39291359 -25.9103 -4.98728 212.082 -0.00435809 -0.00178145 0.999989 -25.5268 -5.55676 212.21 0.00144211 -0.00124906 0.999902 -1.34586 2.70638 16.5813 3.99019 50.5762 0
39419056 -25.9216 -6.08259 212.071 -0.00666956 0.000742685 0.999977 -25.5109 -6.68413 212.212 0.000273386 -0.000646955 0.999911 -1.31886 2.72103 16.767 4.01834 50.4968 0
39548710 -25.9274 -7.24329 212.067 -0.00805611 0.000769141 0.999967 -25.6108 -7.7927 212.102 -0.000490501 -0.000941884 0.999918 -1.29099 2.73396 16.9972 4.04477 50.3873 0
39675584 -25.9271 -8.32301 212.078 -0.00811831 0.000908746 0.999967 -25.6662 -8.68582 211.992 -0.00375977 -0.000507063 0.999944 -1.26543 2.74602 17.2814 4.06747 50.2206 0
39804783 -25.9338 -9.47087 212.088 -0.00902349 0.00293435 0.999955 -25.7615 -9.92015 212.108 -0.00596511 0.000806894 0.999838 -1.23325 2.76326 17.6132 4.08901 50.0189 0
39932883 -25.9588 -10.5864 212.087 -0.00909218 0.00383475 0.999951 -25.7432 -11.0466 212.109 -0.00738846 0.00131069 0.999849 -1.20108 2.77963 17.9783 4.10654 49.7681 0
40059772 -25.9691 -11.7609 212.089 -0.00934675 0.00413285 0.999948 -25.8472 -12.1477 212.112 -0.0076144 0.000228639 0.999853 -1.16603 2.79716 18.3498 4.1232 49.5221 0
40188089 -25.9745 -12.8416 212.098 -0.00945055 0.00546894 0.99994 -25.8382 -13.2641 212.113 -0.00803695 -0.000344136 0.999857 -1.133 2.81497 18.7244 4.13699 49.2585 0
40315083 -26.006 -13.9106 212.101 -0.0085239 0.00744018 0.999936 -25.9251 -14.1495 212.115 -0.00782873 -0.000731896 0.999856 -1.10025 2.83335 19.1673 4.14819 48.9029 0
40442246 -26.0418 -14.9806 212.071 -0.00778611 0.00681223 0.999946 -25.9129 -15.1634 212.005 -0.00755089 -0.000390552 0.999853 -1.06405 2.85116 19.5737 4.15623 48.5838 0
40570539 -26.0183 -16.2073 212.095 -0.00747913 0.00684038 0.999949 -25.9077 -16.2829 212.006 -0.0075741 -0.000633587 0.999853 -1.02297 2.87242 20.0166 4.16629 48.2886 0
40700220 -25.9461 -17.4754 212.097 -0.00611346 0.00540422 0.999967 -25.8055 -17.5261 212.007 -0.00720956 -0.000668398 0.99985 -0.981604 2.89224 20.4738 4.17663 47.9679 0
40826449 -25.9523 -18.5638 212.082 -0.00591738 0.00432459 0.999973 -25.7985 -18.5428 212.009 -0.00628935 -2.05205e-005 0.999842 -0.935928 2.91494 20.9072 4.17835 47.6679 0
40953463 -25.953 -19.6652 212.095 -0.00527146 0.00355444 0.99998 -25.7809 -19.557 212.01 -0.00649757 0.000367239 0.999843 -0.887092 2.93935 21.3898 4.17807 47.3551 0
41081082 -25.8971 -20.8396 212.091 -0.00337971 0.000947268 0.999994 -25.6568 -20.5701 212.01 -0.00621424 -0.000518194 0.999842 -0.833372 2.96377 21.9089 4.17749 47.0233 0
41208031 -25.8671 -21.9477 212.099 -0.00146224 -0.000667474 0.999999 -25.5528 -21.6979 212.01 -0.0049114 -0.00101022 0.999954 -0.774195 2.99135 22.482 4.17203 46.6646 0
41337281 -25.8667 -23.0758 212.101 -2.11883e-007 -0.00173586 0.999998 -25.4619 -22.8299 212.122 -0.00209338 -0.00103407 0.999931 -0.699217 3.02668 23.1551 4.15911 46.2534 0
41465122 -25.9796 -24.0966 212.146 -0.00197405 0.00225019 0.999996 -25.496 -24.0748 212.125 0.000973771 0.000267165 0.999904 -0.608727 3.07437 23.9282 4.1367 45.8025 0
41594307 -25.7609 -25.0055 212.125 -0.00211272 0.00281931 0.999994 -25.4019 -25.3398 212.237 0.00229943 0.00259308 0.99989 -0.546676 3.10367 24.4156 4.13153 45.4898 0
41720994 -25.2315 -25.4581 212.144 -0.00287172 0.00599229 0.999978 -25.145 -26.0405 212.236 0.00367089 0.00282999 0.999878 -0.559603 3.1008 24.3965 4.15652 45.466 0
41851041 -24.3362 -25.8535 212.121 -0.000772815 0.0069587 0.999975 -24.424 -26.5545 212.231 0.00521576 0.00231459 0.999866 -0.612174 3.07609 24.114 4.20449 45.5406 0
41979444 -23.329 -26.0412 212.106 0.00156558 0.00663108 0.999977 -23.2992 -26.9844 212.334 0.0123674 0.000160146 0.999811 -0.686577 3.03932 23.6044 4.26252 45.774 0
42106554 -22.2185 -26.1506 212.117 0.00440956 0.00640494 0.99997 -22.2647 -27.1759 212.326 0.0194609 -0.00260188 0.999757 -0.764715 2.99968 23.0503 4.32544 46.0613 0
42236282 -21.0864 -26.1739 212.12 0.00531913 0.00628793 0.999966 -21.0922 -27.0958 212.204 0.0150468 0.00125316 0.999787 -0.834234 2.96435 22.4693 4.38662 46.4106 0
42363148 -19.9855 -26.127 212.12 0.00524895 0.00599048 0.999968 -20.0928 -27.1955 212.308 0.0152147 0.00172762 0.999785 -0.894561 2.93332 21.9057 4.44408 46.782 0
42492007 -18.8911 -26.0572 212.139 0.00385707 0.00743087 0.999965 -18.8796 -27.3114 212.298 0.0161868 0.00163479 0.999778 -0.949717 2.90689 21.3946 4.50038 47.1265 0
42619940 -17.8225 -25.9888 212.15 0.00230459 0.00955896 0.999952 -17.5356 -27.3265 212.287 0.0161752 0.00151327 0.999778 -0.999989 2.88362 20.9485 4.55496 47.4059 0
42749078 -16.6633 -25.9903 212.168 0.00186144 0.0108949 0.999939 -16.4294 -27.4366 212.278 0.0167077 0.00195293 0.999773 -1.0471 2.86064 20.5437 4.61271 47.6694 0
42879537 -15.4904 -25.9837 212.14 0.00129151 0.0103787 0.999945 -15.1872 -27.4511 212.268 0.0156952 0.00290799 0.99978 -1.08876 2.8391 20.1039 4.66987 47.9568 0
43011102 -14.2984 -25.9994 212.131 0.000561497 0.0108405 0.999941 -14.0771 -27.5685 212.259 0.0158113 0.00412316 0.999777 -1.1284 2.81956 19.7198 4.72819 48.2013 0
43139881 -13.1905 -26.0014 212.121 0.000115284 0.0102813 0.999947 -12.8328 -27.573 212.249 0.0145729 0.00399616 0.999787 -1.16258 2.80204 19.3483 4.7822 48.4553 0
43268441 -12.0372 -26.0318 212.13 -3.2257e-005 0.0101741 0.999948 -11.5952 -27.6968 212.239 0.0129297 0.0047662 0.9998 -1.19562 2.78538 19.0165 4.83821 48.6839 0
43394875 -10.9156 -26.0435 212.123 0.00104598 0.00943153 0.999955 -10.4587 -27.5845 212.229 0.0124785 0.00517717 0.999803 -1.22751 2.76814 18.6942 4.89279 48.895 0
43523148 -9.74773 -26.0702 212.109 0.00198562 0.00851757 0.999962 -9.33128 -27.5889 212.332 0.0119637 0.00620733 0.999806 -1.25681 2.75234 18.3736 4.94881 49.103 0
43650473 -8.63555 -26.0431 212.113 0.00143308 0.00813563 0.999966 -8.08805 -27.5958 212.21 0.0107486 0.00632337 0.999815 -1.28496 2.73884 18.0434 5.00368 49.3284 0
43779972 -7.5197 -26.0383 212.114 0.00181125 0.00781313 0.999968 -6.8446 -27.4903 212.2 0.0107486 0.00632337 0.999815 -1.31082 2.72591 17.7576 5.05769 49.5141 0
43905884 -6.38885 -26.0257 212.096 0.00275834 0.00695013 0.999972 -5.70607 -27.369 212.19 0.010083 0.0057738 0.999822 -1.33495 2.71327 17.4608 5.1117 49.6983 0
44034498 -5.28667 -26.0324 212.101 0.00285974 0.00641208 0.999975 -4.45536 -27.2685 212.291 0.00940036 0.00632949 0.999827 -1.35391 2.70408 17.2131 5.16312 49.8713 0
44160681 -4.14674 -26.0178 212.09 0.00289998 0.00574246 0.999979 -3.33433 -27.2614 212.171 0.00937715 0.00608646 0.999827 -1.372 2.69546 16.9591 5.21597 50.0348 0
44288412 -3.08251 -26.0064 212.109 0.00286784 0.00589959 0.999978 -2.08151 -27.1534 212.16 0.00837024 0.00581474 0.999836 -1.38723 2.68857 16.7845 5.26424 50.1555 0
44414442 -1.92828 -26.0255 212.102 0.00438502 0.00550331 0.999975 -1.06659 -27.0329 212.152 0.00904742 0.00648582 0.999829 -1.39786 2.68225 16.64 5.3125 50.2491 0
44541670 -0.798191 -26.0283 212.097 0.00338386 0.00494229 0.999982 0.0674667 -27.0277 212.254 0.00782068 0.00648034 0.999839 -1.40274 2.68081 16.5241 5.35932 50.3349 0
44671038 0.321984 -26.0133 212.107 0.000921972 0.00482822 0.999988 1.19716 -27.0134 212.133 0.00686567 0.00546791 0.999848 -1.40447 2.68225 16.4765 5.405 50.373 0
44798769 1.42601 -26.0049 212.094 0.000826985 0.00431765 0.99999 2.33424 -26.8954 212.124 0.00635641 0.00527129 0.999853 -1.40246 2.68311 16.4638 5.44608 50.3841 0
44924917 2.52551 -25.9897 212.066 0.00146375 0.0033011 0.999993 3.34405 -26.8763 212.115 0.00644311 0.00489514 0.999853 -1.39556 2.68541 16.4749 5.48429 50.3857 0
45053506 3.67653 -25.9755 212.057 0.00295302 0.00214488 0.999993 4.59326 -26.7702 212.105 0.00582394 0.00483164 0.999858 -1.38292 2.68943 16.5384 5.52077 50.3857 0
45182768 4.77913 -25.9501 212.054 0.00407807 0.000727868 0.999991 5.61954 -26.6357 212.208 0.00537819 0.00401583 0.999863 -1.36597 2.69575 16.6321 5.55352 50.3825 0
45312021 5.90245 -25.955 212.038 0.00249465 -0.00273723 0.999993 6.62844 -26.6142 212.2 0.00556321 0.00338504 0.999862 -1.33523 2.71097 16.7734 5.58253 50.3745 0
45439066 6.99323 -25.9409 212.047 0.0038155 -0.00421628 0.999984 7.44004 -26.3462 212.193 0.00534888 0.0024245 0.999865 -1.30967 2.72132 16.9543 5.60867 50.3317 0
45566355 8.10405 -25.94 212.053 0.00502259 -0.00512803 0.999974 8.57189 -26.3333 212.072 0.00416244 0.00155679 0.999876 -1.28094 2.73338 17.1988 5.63223 50.2301 0
45692910 9.2312 -25.9377 212.049 0.00489573 -0.00631024 0.999968 9.49799 -26.2674 212.064 0.00130289 -0.00270727 0.999906 -1.24877 2.74861 17.475 5.65406 50.0904 0
45820126 10.4487 -25.9935 212.066 0.00571615 -0.0065647 0.999962 10.7022 -26.3699 212.054 0.003241 -0.00424123 0.999892 -1.21027 2.76613 17.8592 5.67187 49.8856 0
45947821 11.5464 -25.985 212.071 0.00563645 -0.0064351 0.999963 11.8059 -26.2405 212.157 0.00641745 -0.00564819 0.999868 -1.17925 2.78136 18.1926 5.6894 49.6729 0
46075903 12.6117 -25.9736 212.074 0.00560669 -0.00673383 0.999962 13.0061 -26.1482 212.035 0.010966 -0.00424317 0.999829 -1.1465 2.79773 18.5149 5.70405 49.4713 0
46203715 13.7616 -25.9877 212.075 0.00623272 -0.00625952 0.999961 14.2077 -26.1688 212.137 0.0144325 -0.00261219 0.999798 -1.10944 2.81583 18.907 5.7164 49.2093 0
46332240 14.8876 -25.9913 212.072 0.00615821 -0.00638924 0.999961 15.1839 -26.2746 212.129 0.0169904 -0.00150758 0.999775 -1.07066 2.83594 19.2896 5.72645 48.949 0
46460241 15.9959 -25.975 212.078 0.00613984 -0.00611624 0.999962 16.322 -26.0403 212.008 0.0174068 -0.0022831 0.999773 -1.03274 2.85576 19.6785 5.73536 48.6807 0
46588221 17.1509 -25.957 212.096 0.00604635 -0.00508089 0.999969 17.423 -26.1694 211.999 0.018501 0.000187541 0.999761 -0.992808 2.87673 20.123 5.74283 48.3695 0
46714009 18.2484 -25.9609 212.096 0.00642512 -0.00402089 0.999971 18.4467 -26.0495 212.102 0.0183276 0.000939853 0.999761 -0.950292 2.89856 20.5738 5.74628 48.0457 0
46841447 19.3605 -25.9434 212.135 0.00249528 -0.00381295 0.99999 19.3603 -26.034 211.983 0.0167193 0.00207445 0.999773 -0.90835 2.92499 21.0803 5.74972 47.6567 0
46970430 20.5145 -25.9008 212.136 0.00195083 -0.00323518 0.999993 20.4038 -26.0078 211.974 0.0131776 0.000941145 0.999803 -0.857503 2.95199 21.5962 5.75001 47.29 0
47098757 21.6868 -25.8979 212.11 0.00328038 -0.00205265 0.999993 21.4366 -25.9875 211.966 0.0107993 0.000432514 0.999823 -0.793154 2.98302 22.1931 5.74312 46.8868 0
47226522 22.7911 -25.901 212.105 0.00409678 -7.0587e-005 0.999992 22.6853 -26.0035 212.067 0.0091909 0.00156711 0.999835 -0.722773 3.01606 22.863 5.73191 46.455 0
47352922 23.8822 -25.9307 212.101 0.00502109 0.000553921 0.999987 23.6955 -26.0063 211.947 0.00913351 0.00353459 0.999833 -0.62941 3.05915 23.6139 5.71065 46.0327 0
47482389 24.8996 -25.8368 212.105 0.00444937 0.00102861 0.99999 25.15 -26.1778 212.159 0.00825483 0.00717464 0.999835 -0.542942 3.09879 24.306 5.69485 45.6311 0
47611697 25.4113 -25.461 212.137 -8.5551e-005 -0.00196215 0.999998 26.0626 -26.0498 212.151 0.00798311 0.00818159 0.999835 -0.540069 3.10626 24.3521 5.71238 45.5866 0
47738094 25.823 -24.6181 212.117 -0.0014684 0.000692554 0.999999 26.6757 -25.5502 212.034 0.00739874 0.00848264 0.99984 -0.595225 3.08127 24.087 5.76035 45.6406 0
47866511 26.0328 -23.6337 212.114 -0.00223065 0.0030694 0.999993 27.1952 -24.6497 212.14 0.00970324 0.0146391 0.999812 -0.677384 3.04277 23.5631 5.82097 45.866 0
47993405 26.1297 -22.5481 212.118 -0.00252552 0.00533436 0.999983 27.6078 -23.7313 212.136 0.0114395 0.0199912 0.999668 -0.761555 3.00169 22.9599 5.88532 46.1693 0
48120136 26.1337 -21.4731 212.118 -0.00282753 0.00555505 0.999981 27.6286 -22.784 212.022 0.00628926 0.0148425 0.99984 -0.831936 2.96693 22.3598 5.94478 46.528 0
48250240 26.1141 -20.394 212.156 -0.00715432 0.00178912 0.999973 27.6248 -21.6487 212.021 0.00615003 0.0133843 0.999843 -0.894274 2.94165 21.8073 6.00281 46.8709 0
48378472 26.0731 -19.2603 212.164 -0.00908821 0.00106528 0.999958 27.6468 -20.3991 212.019 0.00438472 0.0115908 0.99986 -0.953452 2.91321 21.3089 6.06199 47.1741 0
48506105 26.0638 -18.1917 212.175 -0.0106951 0.000402914 0.999943 27.8679 -19.5095 212.016 0.00169371 0.0103763 0.999884 -1.00257 2.88937 20.8913 6.11657 47.4377 0
48636390 26.0439 -17.0309 212.176 -0.0115063 -0.000252785 0.999934 27.8974 -18.3363 212.014 -0.00202254 0.00484518 0.999922 -1.05026 2.86524 20.4548 6.1746 47.7266 0
48764654 26.042 -15.8738 212.162 -0.0123565 -0.00176756 0.999922 28.027 -17.0868 212.011 -0.00340621 0.00191168 0.999938 -1.09249 2.84455 20.042 6.23176 47.9901 0
48892705 26.0229 -14.7533 212.139 -0.012455 -0.00300758 0.999918 28.0262 -15.9563 212.009 -0.00386357 0.000974354 0.999943 -1.1307 2.82531 19.6452 0.00373452 48.2425 0
49020676 26.0377 -13.584 212.127 -0.0121445 -0.00334054 0.999921 28.0343 -14.7088 212.007 -0.00413591 -0.000593769 0.999947 -1.16689 2.80635 19.2784 0.0606141 48.4838 0
49148641 26.0522 -12.4244 212.121 -0.0114469 -0.00272726 0.999931 28.1503 -13.4844 211.893 -0.00415911 -0.000836804 0.999948 -1.20108 2.78768 18.9371 0.116632 48.7109 0
49275848 26.0869 -11.3112 212.123 -0.011326 -0.00193634 0.999934 28.1555 -12.2536 212.003 -0.0040144 -0.000605373 0.999946 -1.23239 2.77101 18.6514 0.170352 48.8902 0
49405268 26.0688 -10.1609 212.105 -0.0105052 -0.0019627 0.999943 28.0602 -10.8909 212.002 -0.0039741 -0.0014676 0.999947 -1.26342 2.75493 18.299 0.226369 49.1157 0
49532353 26.0562 -9.07178 212.11 -0.00980223 -0.00221013 0.99995 28.0531 -9.76669 212 -0.00375427 -0.00173384 0.999946 -1.29099 2.74114 17.9751 0.279514 49.3411 0
49659019 26.0483 -7.91313 212.104 -0.00898918 -0.00165391 0.999958 27.9314 -8.63517 211.888 -0.00325662 -0.00165874 0.999942 -1.31886 2.72677 17.6544 0.335532 49.549 0
49786444 26.051 -6.80102 212.082 -0.00712849 -0.00156038 0.999973 27.696 -7.48228 211.888 -0.00237732 -0.00272371 0.999936 -1.33983 2.71586 17.3242 0.388103 49.7792 0
49912310 25.9525 -5.67589 212.108 -0.00735214 -0.000412679 0.999973 27.6009 -6.24638 211.999 -0.00340133 -0.00189017 0.999943 -1.37402 2.6992 16.9861 0.446131 49.9935 0
50038981 26.001 -4.55864 212.097 -0.00684409 -0.000327929 0.999977 27.3631 -5.09693 211.888 -0.00236572 -0.00260219 0.999936 -1.39096 2.69115 16.7702 0.497553 50.1253 0
50169525 26.0234 -3.41628 212.095 -0.00640622 -0.000251744 0.999979 27.1253 -4.06506 211.888 -0.00236572 -0.00260219 0.999936 -1.40763 2.6834 16.559 0.550123 50.2618 0
50300160 26.0269 -2.29933 212.097 -0.00573214 -0.000605617 0.999983 26.9939 -3.0445 211.888 -0.00186807 -0.00252709 0.999931 -1.42142 2.67736 16.359 0.601258 50.4047 0
50428769 26.0226 -1.15923 212.099 -0.00557794 -0.00133578 0.999984 26.8908 -1.78755 211.887 -0.0021288 -0.00397369 0.999936 -1.43377 2.67248 16.2114 0.652966 50.5 0
50560627 26.0293 -0.0196989 212.089 -0.00504456 -0.00152029 0.999986 26.6561 -0.639289 211.887 -0.00132462 -0.00454099 0.99993 -1.43808 2.67047 16.1384 0.700079 50.5508 0
50689224 26.011 1.10899 212.079 -0.00457164 -0.00160664 0.999988 26.533 0.504014 211.886 -0.000578441 -0.00571588 0.999925 -1.43951 2.66961 16.1034 0.74518 50.5793 0
50816158 25.9601 2.22564 212.06 -0.00335627 -0.00103909 0.999994 26.4212 1.6337 211.886 -0.00104129 -0.00542642 0.999929 -1.43492 2.67076 16.0796 0.786547 50.6158 0
50943462 25.94 3.22557 212.065 -0.00133628 -0.00328757 0.999994 26.2709 2.54051 211.886 0.000341767 -0.005068 0.999917 -1.41682 2.68052 16.1669 0.818434 50.6158 0
51073119 25.9195 4.38893 212.06 0.000265707 -0.00125542 0.999999 26.0356 3.68452 211.998 0.00131388 -0.00516083 0.999909 -1.3924 2.68914 16.3273 0.84831 50.573 0
51201743 25.9083 5.54209 212.059 0.00192506 -0.000700424 0.999998 25.6924 4.84517 211.887 0.00173032 -0.00593635 0.999907 -1.36253 2.70178 16.5527 0.875027 50.4857 0
51328168 25.8989 6.64356 212.074 0.00319478 -0.000471077 0.999995 25.4458 5.98521 211.776 0.00372094 -0.00563594 0.99989 -1.33265 2.715 16.8051 0.89887 50.3841 0
51454491 25.8973 7.7769 212.073 0.00457983 -0.000370269 0.999989 25.3326 7.35182 211.775 0.00568226 -0.00692686 0.999876 -1.29933 2.73022 17.0893 0.92099 50.2475 0
51582855 25.9268 8.93163 212.056 0.00612346 -0.00188423 0.999979 25.4308 8.55989 211.772 0.00766739 -0.00539968 0.999857 -1.26313 2.74889 17.4195 0.941386 50.0475 0
51709129 25.936 10.096 212.058 0.00591643 -0.000890391 0.999982 25.4275 9.7594 211.771 0.00862302 -0.00181217 0.999844 -1.23124 2.76326 17.7719 0.960921 49.83 0
51838377 25.9612 11.1868 212.073 0.00597167 -0.00115769 0.999981 25.4482 11.079 211.769 0.00813758 0.000809316 0.999845 -1.19993 2.77906 18.118 0.977582 49.6173 0
51964901 25.9476 12.3392 212.076 0.00570454 -0.000343046 0.999984 25.4481 12.1709 211.879 0.00771015 0.00403839 0.999844 -1.16804 2.79428 18.4641 0.994819 49.3951 0
52094115 25.9376 13.4635 212.064 0.00535608 0.00148716 0.999985 25.4429 13.2765 211.766 0.00762955 0.00576284 0.999842 -1.13386 2.80979 18.8101 1.00861 49.1696 0
52221328 25.9422 14.5841 212.078 0.00498499 0.00097938 0.999987 25.4229 14.1572 211.765 0.00696459 0.00778835 0.999844 -1.1014 2.82732 19.1816 1.02211 48.914 0
52348965 25.9515 15.6909 212.074 0.00486502 0.00178912 0.999987 25.2047 15.3955 211.765 0.00712702 0.00948959 0.999841 -1.06434 2.84599 19.5515 1.03159 48.6664 0
52479540 25.9567 16.8269 212.073 0.00482892 0.00187058 0.999987 25.3069 16.3823 211.762 0.00640405 0.0109075 0.999845 -1.02556 2.86667 19.9452 1.03992 48.3933 0
52608037 25.9598 17.9573 212.078 0.00464816 0.00221197 0.999987 25.296 17.5138 211.761 0.00704031 0.00986575 0.999841 -0.98419 2.88851 20.3579 1.04567 48.1139 0
52731551 25.9456 19.0517 212.076 0.00448663 0.00282848 0.999986 25.2667 18.417 211.76 0.00737005 0.00946638 0.999839 -0.940524 2.9112 20.7755 1.04883 47.8314 0
52856535 25.9327 20.1373 212.077 0.00427987 0.00324826 0.999986 25.2375 19.3214 211.759 0.00768818 0.0089455 0.999837 -0.89255 2.93619 21.2295 1.04883 47.5282 0
52983035 25.87 21.252 212.09 0.00251233 0.00437774 0.999987 25.3433 20.4392 211.645 0.00761857 0.0082164 0.999838 -0.841416 2.9609 21.7486 1.04796 47.1884 0
53108702 25.8183 22.2854 212.091 -0.00125322 0.00695559 0.999975 25.3354 21.4468 211.643 0.00679118 0.00854066 0.999845 -0.784536 2.98503 22.3407 1.04164 46.8011 0
53235988 25.8209 23.4695 212.091 -0.00301944 0.00810817 0.999963 25.3562 22.5675 211.753 0.00410628 0.00867443 0.999867 -0.690886 3.02812 23.1472 1.02039 46.3169 0
53360240 25.8221 24.525 212.083 -0.00446597 0.00887296 0.999951 25.6231 23.8898 211.749 0.00104523 0.00872149 0.999892 -0.581723 3.07638 24.0092 0.991084 45.8216 0
53483567 25.5652 25.1966 212.083 -0.00321171 0.00735318 0.999968 25.6773 25.2282 211.858 -0.00294151 0.00934745 0.999923 -0.539207 3.09735 24.314 0.991371 45.6486 0
53609045 24.9404 25.6523 212.114 -0.00409383 0.00429745 0.999982 25.2991 25.8329 211.862 -0.00436038 0.0086243 0.999814 -0.572531 3.085 24.206 1.02728 45.6644 0
53735872 23.9937 25.9393 212.099 -0.00720019 0.00405229 0.999966 24.5626 26.1252 211.867 -0.00652442 0.0090762 0.999831 -0.654977 3.04622 23.7139 1.08876 45.8645 0
53862827 22.9782 26.0654 212.11 -0.00980973 0.00345025 0.999946 23.5646 26.3067 211.989 -0.0174388 0.0129383 0.999671 -0.748628 3.0014 23.0853 1.15684 46.174 0
53987726 21.9263 26.0845 212.11 -0.0104718 0.00319385 0.99994 22.6849 25.887 211.995 -0.0121843 0.0063058 0.999881 -0.824467 2.96406 22.463 1.2186 46.5376 0
54115073 20.8262 26.0654 212.108 -0.0110626 0.00335544 0.999933 21.6709 25.8843 212.003 -0.0118258 0.00492269 0.99988 -0.887379 2.93131 21.9026 1.27663 46.8963 0
54241542 19.7044 26.0427 212.112 -0.0112644 0.00270671 0.999933 20.5403 25.7723 211.901 -0.0121153 0.00445983 0.999883 -0.94311 2.90258 21.4009 1.33322 47.2234 0
54367790 18.6575 25.9818 212.131 -0.010277 0.000924684 0.999947 19.5368 25.762 212.022 -0.0127819 0.00391009 0.999768 -0.99252 2.87874 20.9469 1.38579 47.5282 0
54494419 17.5894 25.9555 212.131 -0.00974383 3.92228e-005 0.999953 18.4067 25.6445 212.031 -0.0130133 0.00405482 0.999769 -1.03504 2.85719 20.5341 1.43722 47.8028 0
54618236 16.4578 25.9544 212.134 -0.00997531 0.000531141 0.99995 17.2985 25.8773 212.039 -0.012191 0.00238243 0.999887 -1.07296 2.83622 20.1293 1.4895 48.0997 0
54744623 15.3772 25.9514 212.123 -0.0102085 0.000862397 0.999948 16.189 25.8688 212.049 -0.0135054 0.00275294 0.999775 -1.10772 2.81726 19.7563 1.53977 48.3552 0
54870104 14.1766 25.9685 212.099 -0.011646 0.00192478 0.99993 15.0784 25.9706 212.17 -0.013459 0.00323901 0.999774 -1.14334 2.79658 19.3721 1.59493 48.6092 0
54996480 13.0643 26.0057 212.108 -0.0098998 0.000668004 0.999951 13.8384 25.9709 212.068 -0.0127935 0.00378857 0.999768 -1.17494 2.7825 19.0244 1.64836 48.8458 0
55124787 11.9806 26.0052 212.113 -0.00886711 0.000176734 0.999961 12.6045 25.9777 212.077 -0.0126825 0.00365563 0.999889 -1.20596 2.76785 18.672 1.70093 49.0871 0
55251027 10.8365 26.0083 212.114 -0.00883267 0.000207625 0.999961 11.4754 25.9791 212.087 -0.01189 0.00296681 0.999884 -1.23756 2.75205 18.3148 1.75637 49.3284 0
55377378 9.73667 26.0072 212.126 -0.00697725 -0.000778906 0.999975 10.3355 25.8671 212.096 -0.0110742 0.00252103 0.999878 -1.26773 2.73941 17.9735 1.81182 49.5538 0
55504859 8.67104 25.9966 212.12 -0.0034013 -0.00186332 0.999992 9.1809 25.7566 212.106 -0.0086787 0.0019244 0.999859 -1.29502 2.72993 17.6322 1.86697 49.7649 0
55629786 7.53258 25.9996 212.115 -0.00364734 -0.00152302 0.999992 8.03688 25.6495 212.115 -0.00742327 0.00094614 0.99985 -1.32288 2.71643 17.3036 1.92328 49.9745 0
55756049 6.41721 25.9924 212.126 -0.000565891 -0.00265681 0.999996 6.86847 25.4304 212.124 -0.00468547 7.18373e-005 0.999951 -1.35046 2.70695 16.9972 1.98188 50.1586 0
55882403 5.29723 25.9866 212.116 0.00026002 -0.00283333 0.999996 5.69533 25.1019 212.134 -0.00257944 -0.000987654 0.999935 -1.37574 2.69632 16.7114 2.03847 50.319 0
56009078 4.18399 25.9813 212.113 0.000646097 -0.00291951 0.999996 4.65069 24.8707 212.031 -0.0013008 -0.00172288 0.999926 -1.39786 2.68684 16.4638 2.09334 50.4619 0
56135302 3.18427 25.9535 212.111 0.00409871 -0.00301869 0.999987 3.47869 24.6497 212.041 0.00182375 -0.00238914 0.999901 -1.41308 2.6834 16.2638 2.14361 50.5809 0
56261590 2.07964 25.9266 212.114 0.00610416 -0.00266856 0.999978 2.41649 24.2969 212.05 0.00394749 -0.00197881 0.999883 -1.42458 2.68024 16.1082 2.19504 50.6825 0
56386039 0.99178 25.9109 212.112 0.00745599 -0.00254932 0.999969 1.26451 24.1781 212.06 0.00605963 -0.00169001 0.999865 -1.42946 2.67937 16.059 2.24129 50.7047 0
56510248 -0.108241 25.8962 212.099 0.00865734 -0.00173401 0.999961 0.259283 24.2787 212.068 0.00662079 -0.0022341 0.999861 -1.42659 2.68167 16.0574 2.2838 50.7047 0
56637449 -1.21706 25.905 212.047 0.0130402 0.00195016 0.999913 -0.766628 24.1387 212.077 0.00712456 -0.000810701 0.999855 -1.40562 2.69489 16.0765 2.32086 50.7222 0
56763629 -2.35024 25.8766 212.047 0.0114833 0.00304831 0.999929 -1.87107 24.3481 211.974 0.0074488 1.6713e-005 0.999851 -1.39585 2.69776 16.1384 2.35792 50.7111 0
56889120 -3.48023 25.8756 212.06 0.010151 0.0038338 0.999941 -3.00395 24.2288 212.095 0.00760512 0.000369661 0.99985 -1.38005 2.7035 16.2844 2.39067 50.6555 0
57015551 -4.5628 25.8757 212.062 0.00998426 0.00493549 0.999938 -4.23066 24.2245 211.993 0.00684734 0.00142303 0.999854 -1.35994 2.71241 16.4622 2.41968 50.5714 0
57142213 -5.69454 25.8762 212.061 0.00916787 0.00629187 0.999938 -5.46564 24.339 212.003 0.00821879 0.00165994 0.999843 -1.33495 2.72304 16.6702 2.44668 50.4793 0
57268307 -6.78692 25.8771 212.074 0.00883894 0.00701033 0.999936 -6.59406 24.2017 211.901 0.00769855 0.00391687 0.999844 -1.31024 2.73424 16.9194 2.47139 50.3523 0
57394216 -7.91342 25.8942 212.08 0.00838578 0.00737528 0.999938 -7.70523 24.4028 211.91 0.00884469 0.0056468 0.999832 -1.28266 2.74688 17.2195 2.49408 50.1761 0
57521781 -9.0402 25.9199 212.086 0.00825668 0.00730964 0.999939 -8.72468 24.3664 211.918 0.00979421 0.00788601 0.999821 -1.25451 2.76038 17.5544 2.51506 49.9618 0
57648368 -10.1809 25.9363 212.088 0.00812883 0.00716092 0.999941 -9.8442 24.3486 211.928 0.00955729 0.00925752 0.999821 -1.22578 2.77446 17.8973 2.53516 49.7316 0
57775785 -11.3141 25.9124 212.091 0.00712438 0.0068313 0.999951 -10.9328 24.5715 211.936 0.00827254 0.00864445 0.999832 -1.19792 2.78739 18.2196 2.5547 49.5205 0
57901862 -12.4664 25.8932 212.094 0.00733045 0.00631243 0.999953 -12.0467 24.5646 211.945 0.00743355 0.00884719 0.999839 -1.16977 2.80204 18.5752 2.57366 49.2633 0
58027988 -13.5498 25.9037 212.062 0.00652624 0.00679549 0.999956 -13.0506 24.5472 211.954 0.00671607 0.00903833 0.999845 -1.13558 2.81899 18.9086 2.58601 49.0236 0
58153656 -14.6169 25.9125 212.051 0.00622012 0.00723245 0.999954 -14.0698 24.4041 211.851 0.00639245 0.010786 0.999845 -1.1014 2.8368 19.2515 2.59693 48.787 0
58277725 -15.7629 25.9466 212.08 0.00532946 0.00651068 0.999965 -14.9485 24.488 211.858 0.00529882 0.0108904 0.999854 -1.06434 2.85547 19.6674 2.60612 48.5235 0
58402011 -16.8178 25.9392 212.096 0.00463075 0.00554508 0.999974 -16.066 24.4917 211.867 0.00484147 0.0099531 0.999859 -1.03101 2.87242 20.0531 2.61474 48.26 0
58529151 -17.9648 25.9223 212.091 0.00501871 0.00616313 0.999968 -16.978 24.358 211.874 0.00504969 0.00956534 0.999858 -0.989648 2.8954 20.4611 2.62135 47.9727 0
58655616 -19.0341 25.895 212.092 0.00428829 0.00538948 0.999976 -18.0962 24.4613 211.883 0.00581357 0.00986027 0.999851 -0.949717 2.9158 20.8834 2.62565 47.679 0
58782324 -20.1326 25.8906 212.096 0.00320433 0.00448264 0.999985 -19.005 24.4337 211.891 0.00680889 0.0100105 0.999843 -0.901743 2.93964 21.3644 2.62537 47.3583 0
58908500 -21.3144 25.8425 212.1 0.0014884 0.00238854 0.999996 -20.0225 24.2986 211.899 0.00640405 0.0109075 0.999845 -0.846874 2.96521 21.9232 2.62364 46.9868 0
59034600 -22.413 25.8362 212.117 0.000140071 0.000152931 1 -21.1278 24.5368 211.908 0.00692429 0.00865057 0.999844 -0.7831 2.99451 22.5455 2.61474 46.5995 0
59162168 -23.4997 25.8432 212.12 0.0003832 -0.000371119 1 -22.2414 24.5459 211.917 0.00604438 0.00714047 0.999853 -0.700653 3.03387 23.2583 2.59721 46.1661 0
59290425 -24.591 25.8244 212.114 0.000350397 -0.00101913 0.999999 -23.5792 24.6976 211.928 0.00652982 0.00451898 0.999853 -0.597523 3.08012 24.0743 2.57222 45.6946 0
59415738 -25.2078 25.5305 212.103 0.00198147 0.000501248 0.999998 -24.6997 24.7201 212.049 0.0064944 0.00157936 0.999857 -0.562763 3.09764 24.3235 2.57538 45.5406 0
59544083 -25.6486 24.8215 212.115 0.00428496 -0.000497968 0.999991 -25.3217 24.1135 212.055 0.00678933 0.000815441 0.999856 -0.596374 3.08414 24.1997 2.61244 45.5565 0
59670363 -25.96 23.8968 212.099 0.00400499 -0.00342584 0.999986 -25.6013 23.4971 212.058 0.00612313 -0.0023092 0.999866 -0.661872 3.05254 23.8139 2.66616 45.7073 0
59796387 -26.0812 22.8639 212.101 0.00336768 -0.0059847 0.999976 -25.8299 22.0557 212.286 0.00297741 -0.0134132 0.999785 -0.746617 3.01088 23.217 2.73022 46.0121 0
59924115 -26.0963 21.765 212.11 0.00356675 -0.00665345 0.999972 -25.6356 20.9947 212.173 0.00756785 -0.0102952 0.999865 -0.824754 2.97268 22.5804 2.794 46.3852 0
60051360 -26.0737 20.6927 212.106 0.00330633 -0.00694184 0.99997 -25.5111 19.9622 212.174 0.00780538 -0.00909161 0.999861 -0.886517 2.94079 22.02 2.85087 46.7408 0
60176250 -26.0606 19.645 212.125 0.00438758 -0.00656425 0.999969 -25.5048 18.8415 212.175 0.00767227 -0.00920153 0.999863 -0.939663 2.91436 21.547 2.90459 47.0535 0
60302989 -25.9842 18.5636 212.161 0.00660205 -0.00548361 0.999963 -25.4987 17.7335 212.289 0.00765455 -0.0106713 0.999865 -0.993382 2.88879 21.0771 2.96004 47.3694 0
60429613 -25.9632 17.4255 212.169 0.0085279 -0.00447383 0.999954 -25.5063 16.6118 212.29 0.00900281 -0.0106775 0.999854 -1.04107 2.86581 20.6532 3.01634 47.6329 0
60555363 -25.9463 16.2888 212.159 0.00882285 -0.00387308 0.999954 -25.404 15.3584 212.291 0.00935025 -0.00960702 0.999849 -1.08186 2.84455 20.2389 3.07064 47.906 0
60681756 -26.0063 15.1079 212.14 0.00799354 -0.00460043 0.999957 -25.633 14.2633 212.183 0.010519 -0.0102091 0.999841 -1.11748 2.82416 19.8674 3.12551 48.152 0
60808596 -25.9697 14.0268 212.119 0.0074149 -0.00402289 0.999964 -25.7461 13.0329 212.297 0.0102357 -0.00932369 0.999842 -1.15138 2.80606 19.4737 3.17693 48.4172 0
60934628 -26.0106 12.882 212.133 0.00744836 -0.00469859 0.999961 -25.7326 11.9161 212.299 0.00932705 -0.00985005 0.99985 -1.18557 2.78768 19.1451 3.2318 48.6426 0
61061189 -26.0335 11.7911 212.123 0.00694747 -0.00520872 0.999962 -25.7161 10.9119 212.188 0.00913592 -0.0105676 0.999853 -1.21573 2.7713 18.8196 3.28379 48.8553 0
61186677 -26.0378 10.6906 212.115 0.00636433 -0.0052756 0.999966 -25.7141 9.78499 212.302 0.00955847 -0.00999478 0.999848 -1.24474 2.75608 18.4815 3.33665 49.0839 0
61313535 -26.0428 9.53577 212.095 0.00490534 -0.00643797 0.999967 -25.5955 8.64325 212.302 0.00928675 -0.00898783 0.999849 -1.27318 2.73999 18.1227 3.39152 49.3252 0
61439142 -26.0424 8.4312 212.099 0.00459596 -0.00659734 0.999968 -25.4611 7.61784 212.303 0.00847096 -0.00854205 0.999855 -1.30019 2.72649 17.8068 3.44524 49.5395 0
61565474 -26.0067 7.35769 212.102 0.0048396 -0.0046984 0.999977 -25.4642 6.49205 212.193 0.00924645 -0.0081256 0.999848 -1.32547 2.71614 17.4893 3.49924 49.7507 0
61691463 -26.0154 6.24736 212.094 0.00389792 -0.00540715 0.999978 -25.4698 5.25028 212.306 0.00933927 -0.00715346 0.999846 -1.34701 2.70494 17.1972 3.55182 49.9491 0
61818253 -26.0255 5.1418 212.088 0.00288437 -0.00618349 0.999977 -25.3354 4.22488 212.306 0.00852348 -0.00670768 0.999852 -1.36511 2.69546 16.9289 3.60295 50.138 0
61945880 -26.0318 3.98468 212.104 0.00286962 -0.00693143 0.999972 -25.2209 3.08809 212.307 0.0086914 -0.00623322 0.99985 -1.38378 2.68627 16.7083 3.65638 50.292 0
62071102 -26.0335 2.86675 212.09 0.00230368 -0.00818823 0.999964 -25.1156 1.8298 212.308 0.00872071 -0.00464189 0.999848 -1.39671 2.67909 16.5146 3.70522 50.4174 0
62197628 -26.0157 1.77207 212.071 0.00159493 -0.00923381 0.999956 -24.9909 0.808486 212.197 0.00884222 -0.00465349 0.999847 -1.40562 2.67392 16.3447 3.75147 50.5317 0
62323950 -26.0027 0.623965 212.091 0.00172356 -0.0104359 0.999944 -24.9785 -0.31716 212.31 0.00814795 -0.00421931 0.999852 -1.41194 2.66989 16.2542 3.79772 50.6143 0
62450688 -25.9793 -0.453411 212.071 0.000753315 -0.0100204 0.99995 -24.9553 -1.33448 212.2 0.00723385 -0.0035189 0.999858 -1.4082 2.67162 16.1955 3.83822 50.673 0
62577632 -25.9569 -1.51776 212.056 0.000142382 -0.00946511 0.999955 -24.9367 -2.34745 212.312 0.00701403 -0.00325265 0.99986 -1.40102 2.67506 16.2066 3.87614 50.6825 0
62704308 -25.9398 -2.64994 212.064 -0.000677792 -0.00900388 0.999959 -24.9191 -3.36423 212.202 0.0067075 -0.00261025 0.999861 -1.3878 2.6811 16.2781 3.9132 50.6841 0
62831470 -25.9249 -3.73515 212.062 -0.0021575 -0.00931415 0.999954 -25.0185 -4.47604 212.204 0.00597842 -0.00254063 0.999867 -1.36913 2.68885 16.3717 3.94509 50.6841 0
62957603 -25.8941 -4.77964 212.075 -0.00359252 -0.00743467 0.999966 -25.2013 -5.35764 212.319 0.00466497 -0.00216995 0.999877 -1.34787 2.70006 16.513 3.97525 50.654 0
63084331 -25.8703 -5.85345 212.079 -0.00527905 -0.00529003 0.999972 -25.1849 -6.48188 212.209 0.00333992 -0.00192079 0.999888 -1.32202 2.71385 16.7019 4.0034 50.5841 0
63210152 -25.8983 -7.00907 212.062 -0.00788948 -0.00621996 0.99995 -25.3946 -7.69527 212.212 0.00139571 -0.00173513 0.999904 -1.28496 2.72993 16.9353 4.02552 50.5142 0
63337796 -25.8925 -8.06565 212.069 -0.00960342 -0.00381812 0.999947 -25.4629 -8.81687 212.214 -0.00266614 -0.000611498 0.999935 -1.25451 2.74688 17.1909 4.04793 50.3904 0
63464085 -25.9104 -9.17779 212.087 -0.0101591 -0.00129141 0.999948 -25.682 -9.9038 212.106 -0.00256234 -0.00209291 0.999936 -1.22492 2.76412 17.5227 4.07005 50.1856 0
63590341 -25.9261 -10.3498 212.093 -0.00946983 -0.00162889 0.999954 -25.5305 -11.0336 212.219 -0.00626676 -0.00235256 0.999845 -1.1962 2.7782 17.8798 4.09131 49.9443 0
63717298 -25.9134 -11.5367 212.095 -0.00937358 -0.000963911 0.999956 -25.5465 -12.2564 212.221 -0.00514444 -0.00344074 0.999837 -1.16574 2.79457 18.237 4.11199 49.6967 0
63844893 -25.9381 -12.6359 212.098 -0.0100677 0.00119615 0.999949 -25.5322 -13.2452 212.222 -0.00500034 -0.00578438 0.99984 -1.13271 2.81439 18.6069 4.12722 49.4348 0
63971245 -25.9454 -13.7289 212.095 -0.0102075 0.00232961 0.999945 -25.5282 -14.3683 212.112 -0.00498874 -0.00566286 0.999839 -1.10082 2.83278 18.9768 4.14129 49.1617 0
64095154 -25.9372 -14.9037 212.074 -0.0113931 0.00363344 0.999928 -25.5124 -15.5056 212.225 -0.00605305 -0.0039671 0.999846 -1.06261 2.85518 19.361 4.15365 48.8744 0
64222012 -25.9527 -15.9651 212.084 -0.011299 0.00407692 0.999928 -25.5751 -16.2848 212.115 -0.0073897 -0.00383945 0.999856 -1.02785 2.87472 19.7531 4.16227 48.5966 0
64347457 -26.0041 -16.9026 212.124 -0.00850515 0.00347901 0.999958 -25.4595 -17.4342 212.116 -0.00733718 -0.00200509 0.999853 -1.00028 2.88851 20.1754 4.16887 48.2902 0
64474447 -25.9378 -18.0684 212.14 -0.00737427 0.00518794 0.999959 -25.4457 -18.2376 212.116 -0.00485339 -0.000402629 0.999953 -0.966666 2.90862 20.631 4.18008 47.9298 0
64598992 -25.937 -19.2067 212.111 -0.00670952 0.00404158 0.999969 -25.2969 -19.1705 212.117 -0.00609211 0.00204528 0.999837 -0.918979 2.93246 21.1072 4.18151 47.5806 0
64726307 -25.8951 -20.39 212.109 -0.00539298 0.00279077 0.999982 -25.3952 -20.1759 212.119 -0.00579108 0.00262965 0.999834 -0.866696 2.95774 21.6327 4.1818 47.225 0
64846839 -25.8783 -21.5 212.124 -0.00360802 0.00245918 0.99999 -25.2777 -21.1986 212.119 -0.00479476 0.00278003 0.999948 -0.810965 2.98474 22.2105 4.17778 46.8408 0
64971593 -25.8524 -22.5981 212.122 -0.00204221 0.00159969 0.999997 -25.2746 -22.3293 212.12 -0.00458043 0.00374057 0.999945 -0.742308 3.01634 22.8392 4.16772 46.4455 0
65098375 -25.8495 -23.695 212.125 -0.000877127 0.0011 0.999999 -25.1779 -23.4621 212.121 -0.0024915 0.00378634 0.999928 -0.655552 3.05541 23.5647 4.14963 46.0232 0
65223397 -25.8115 -24.7435 212.11 0.000163969 0.000563904 1 -25.1209 -24.8163 212.234 0.00167477 0.00375636 0.999893 -0.564487 3.09477 24.2759 4.13095 45.6025 0
65349251 -25.5109 -25.2888 212.09 -0.00215842 0.00260957 0.999994 -25.0312 -25.9393 212.235 0.00452149 0.00274876 0.999872 -0.542654 3.10769 24.4092 4.13871 45.4993 0
65475405 -24.8062 -25.7271 212.135 -0.000910873 0.00518368 0.999986 -24.5237 -26.4363 212.232 0.00512905 0.00269074 0.999867 -0.575116 3.09505 24.306 4.17404 45.5232 0
65601398 -23.8452 -25.9865 212.126 0.00156676 0.00567084 0.999983 -23.6952 -26.9627 212.225 0.00706167 0.00238356 0.999851 -0.647795 3.06173 23.8774 4.22977 45.6898 0
65726795 -22.8248 -26.0683 212.151 0.00620414 0.00593094 0.999963 -22.2817 -27.2804 212.438 0.0202535 -0.00329069 0.999751 -0.744893 3.01462 23.3043 4.29728 45.9375 0
65854182 -21.838 -26.0483 212.129 0.00574366 0.00721247 0.999957 -21.4278 -26.9687 212.207 0.0164359 0.00295988 0.999774 -0.82102 2.97986 22.6932 4.35646 46.2486 0
65981390 -20.6527 -26.082 212.12 0.00737807 0.00617214 0.999954 -20.386 -26.982 212.31 0.0131789 0.00609129 0.999796 -0.889677 2.94309 22.1026 4.42052 46.6122 0
66107902 -19.5392 -26.0593 212.14 0.00757101 0.00714684 0.999946 -19.2675 -26.9744 212.301 0.0135202 0.00581345 0.999793 -0.949142 2.91293 21.5914 4.47913 46.944 0
66234181 -18.5066 -26.0166 212.157 0.00556729 0.00949945 0.999939 -18.0579 -27.0922 212.291 0.0148801 0.00592884 0.999782 -0.997691 2.89081 21.1453 4.53141 47.2329 0
66358606 -17.3919 -26.0036 212.152 0.0040795 0.0104946 0.999937 -16.9414 -27.2023 212.282 0.0143073 0.00635141 0.999786 -1.04136 2.86926 20.7056 4.58542 47.5234 0
66484636 -16.2766 -25.9902 212.152 0.00284509 0.0112021 0.999933 -15.5881 -27.216 212.271 0.0133004 0.00607969 0.999795 -1.08186 2.84886 20.2913 4.63913 47.8044 0
66609998 -15.1411 -26.0082 212.158 0.00298699 0.0111413 0.999933 -14.4856 -27.3281 212.262 0.0142206 0.00672757 0.999786 -1.11978 2.82818 19.915 4.69343 48.0663 0
66735259 -14.0524 -25.9566 212.121 0.00323434 0.0101434 0.999943 -13.3706 -27.4414 212.253 0.0138042 0.00750309 0.999789 -1.15569 2.80778 19.5118 4.74571 48.3235 0
66861643 -12.8996 -25.998 212.119 0.00319455 0.00964776 0.999948 -12.2409 -27.4246 212.244 0.0129475 0.00623602 0.999798 -1.18729 2.79055 19.1626 4.80001 48.568 0
66987103 -11.7803 -26.0419 212.137 0.00335386 0.00969611 0.999947 -11.1203 -27.4195 212.235 0.013069 0.00622441 0.999797 -1.21774 2.77446 18.8562 4.85344 48.7855 0
67112551 -10.6377 -26.0997 212.102 0.00666165 0.00683205 0.999954 -10.007 -27.5269 212.226 0.0128375 0.00636914 0.999798 -1.24388 2.75608 18.5244 4.90515 49.0141 0
67238977 -9.55334 -26.0499 212.102 0.0063928 0.00655542 0.999958 -8.78728 -27.5242 212.327 0.0143476 0.00548918 0.999787 -1.27405 2.74085 18.172 4.95858 49.2538 0
67363970 -8.46316 -26.0362 212.103 0.00618726 0.00591896 0.999963 -7.42653 -27.4267 212.204 0.0135837 0.00519425 0.999794 -1.29961 2.72792 17.8449 5.01115 49.484 0
67490454 -7.33871 -26.0316 212.108 0.00650103 0.00553696 0.999964 -6.41839 -27.4106 212.308 0.0139483 0.00515944 0.999791 -1.32518 2.715 17.5401 5.06544 49.6919 0
67616520 -6.18291 -26.0431 212.095 0.00763905 0.00454822 0.99996 -5.16244 -27.1887 212.186 0.0136472 0.00457506 0.999794 -1.3473 2.70293 17.2449 5.11945 49.8888 0
67743253 -5.10649 -26.0165 212.099 0.00589625 0.00449169 0.999973 -3.93547 -27.3036 212.176 0.013138 0.00437844 0.999799 -1.36655 2.69546 16.9766 5.17173 50.0729 0
67869286 -3.99113 -26.0244 212.103 0.00588561 0.0043058 0.999973 -2.79216 -27.1894 212.278 0.0120559 0.0046044 0.999807 -1.38321 2.6877 16.7623 5.22316 50.2174 0
67995796 -2.86012 -26.0231 212.1 0.00992246 0.00402171 0.999943 -1.77523 -26.9549 212.157 0.0135605 0.00495122 0.999794 -1.40332 2.67478 16.5511 5.27343 50.346 0
68121954 -1.68605 -26.0418 212.106 0.0113129 0.00398283 0.999928 -0.530605 -26.966 212.259 0.0123918 0.00555333 0.999803 -1.41366 2.66875 16.413 5.32255 50.446 0
68249147 -0.627464 -26.0296 212.112 0.00952472 0.00430092 0.999945 0.603402 -26.8468 212.138 0.012114 0.00521198 0.999806 -1.41854 2.66817 16.3336 5.36708 50.5031 0
68375677 0.451802 -26.0195 212.107 0.00855217 0.00416979 0.999955 1.73832 -26.7275 212.128 0.0118361 0.00487064 0.999809 -1.41826 2.66903 16.2955 5.40902 50.5365 0
68500833 1.51712 -25.9914 212.08 0.00790796 0.00334569 0.999963 2.74253 -26.8269 212.12 0.0113849 0.00528161 0.999812 -1.41251 2.67191 16.2781 5.4478 50.5555 0
68627270 2.63089 -25.9626 212.057 0.00740914 0.00216566 0.99997 3.88273 -26.7001 212.111 0.0105398 0.00413606 0.99982 -1.39987 2.67765 16.3178 5.48486 50.5555 0
68756632 3.70032 -25.9372 212.043 0.00690801 0.000295565 0.999976 5.0023 -26.6937 212.102 0.0107712 0.00399133 0.999819 -1.37947 2.68684 16.4051 5.51646 50.5555 0
68881791 4.79837 -25.9027 212.058 0.00712056 -0.00114495 0.999974 5.91915 -26.5456 212.094 0.0100476 0.00283418 0.999826 -1.35793 2.69604 16.5352 5.5472 50.5476 0
69008244 5.93023 -25.8932 212.052 0.00828449 -0.00276634 0.999962 6.70619 -26.5084 212.199 0.0102906 0.00281097 0.999824 -1.32949 2.70753 16.7257 5.5742 50.4936 0
69135565 6.99311 -25.8898 212.061 0.00674182 -0.00446803 0.999967 7.95448 -26.5075 212.189 0.00862974 0.0021112 0.999839 -1.29904 2.72304 16.9607 5.59833 50.4047 0
69264150 8.13906 -25.9019 212.06 0.00635342 -0.00568366 0.999964 8.88425 -26.3246 211.958 0.00631975 -0.00281848 0.999865 -1.26629 2.73884 17.2464 5.6216 50.265 0
69391266 9.25004 -25.9161 212.069 0.00666795 -0.00593109 0.99996 9.87899 -26.4011 212.061 0.00698471 -0.00484398 0.999862 -1.23641 2.75292 17.5544 5.64286 50.0951 0
69515498 10.3801 -25.9302 212.072 0.00727106 -0.00591237 0.999956 10.9718 -26.3888 212.052 0.0100977 -0.00563175 0.999838 -1.20539 2.76757 17.8846 5.66268 49.8983 0
69642711 11.5003 -25.9334 212.079 0.00803055 -0.00558151 0.999952 12.1786 -26.2969 212.042 0.0140386 -0.00416871 0.999803 -1.17465 2.78222 18.2228 5.68107 49.6903 0
69769547 12.6126 -25.9356 212.096 0.0103212 -0.00233565 0.999944 13.3821 -26.32 212.144 0.0172853 -0.00227149 0.999774 -1.15138 2.79141 18.6117 5.69974 49.4062 0
69895424 13.7303 -25.957 212.084 0.0104621 -0.00215378 0.999943 14.482 -26.2363 212.023 0.0206828 0.00120545 0.999741 -1.11547 2.80979 18.9911 5.71295 49.1458 0
70021736 14.8496 -25.9659 212.069 0.0113277 -0.00186547 0.999934 15.6111 -26.1276 212.125 0.0211285 0.00202126 0.999736 -1.07784 2.82847 19.3721 5.72416 48.8871 0
70148950 15.9823 -25.967 212.078 0.0112523 -0.00127405 0.999936 16.6156 -26.116 212.117 0.0217825 0.00244931 0.999731 -1.03992 2.84858 19.7833 5.73421 48.6077 0
70273519 17.1186 -25.9605 212.087 0.0119328 -0.000271842 0.999929 17.7338 -26.1243 212.109 0.0221638 0.00388414 0.999603 -0.999702 2.86897 20.2119 5.74197 48.3203 0
70399591 18.2163 -25.9635 212.096 0.0104399 -0.000131147 0.999945 18.6585 -25.8819 212.1 0.0217367 0.00453831 0.999728 -0.957186 2.89339 20.6612 5.74628 47.9996 0
70526989 19.2764 -25.9603 212.092 0.01117 0.000557694 0.999937 19.6843 -25.8646 211.98 0.0200007 0.00433622 0.999742 -0.910361 2.91695 21.112 5.74685 47.698 0
70653429 20.4553 -25.9179 212.102 0.0120559 0.00213236 0.999925 20.6951 -25.9668 211.972 0.0188436 0.00505984 0.999751 -0.856067 2.94338 21.647 5.74628 47.3504 0
70778554 21.5266 -25.9071 212.12 0.0103994 0.00241665 0.999943 21.8423 -25.8599 212.074 0.0173451 0.00606131 0.999762 -0.797464 2.97469 22.2058 5.73996 46.9836 0
70902918 22.6476 -25.9097 212.134 0.0103809 0.00422251 0.999937 22.8635 -25.8407 212.066 0.0162051 0.00567968 0.999772 -0.723348 3.00974 22.8868 5.72703 46.5598 0
