2230 20.0169 -2.79607 209.976 -0.00375096 -0.00120859 0.999992 27.6242 -0.160853 206.663 0.064919 0.0839598 0.994287 1.819 -2.24531 15.2144 5.24499 46.8265 
89477 20.1412 -1.79963 209.973 -0.00279889 -0.000477896 0.999996 27.5325 -0.0321824 206.648 0.064899 0.0838407 0.994305 1.81814 -2.24789 15.1636 5.29354 46.8773 
177741 20.1494 -0.628754 209.983 -0.00263121 0.000844523 0.999996 27.7452 1.5285 206.753 0.0590093 0.0870797 0.994318 1.82101 -2.2499 15.0954 5.34812 46.9455 
264966 20.0836 0.569642 209.994 -0.00253843 0.00108348 0.999996 27.6901 2.89273 206.783 0.0538662 0.0903327 0.994424 1.82417 -2.24962 15.0208 5.40586 47.0202 
352102 19.9515 1.75272 210.005 -0.00295706 0.00109507 0.999995 27.4221 4.39458 206.69 0.0494565 0.0928129 0.994365 1.82733 -2.24876 14.9858 5.4636 47.0551 
439342 19.7807 2.82855 210.013 -0.00302817 0.000220652 0.999995 27.1665 5.92677 206.705 0.0441662 0.0937275 0.994564 1.82963 -2.24646 14.9525 5.51818 47.0884 
527609 19.5314 3.96388 210.018 -0.00312178 -0.000340933 0.999995 26.6764 7.40681 206.851 0.0389318 0.0942471 0.994693 1.83221 -2.24473 14.916 5.57592 47.1202 
614842 19.2471 5.01359 210.017 -0.00319379 -0.000863487 0.999995 26.1481 8.7225 206.683 0.0344631 0.0956349 0.994792 1.83422 -2.2433 14.8922 5.63022 47.136 
702096 18.9325 6.03674 210.011 -0.00287224 -0.00168442 0.999994 25.6184 9.96189 206.752 0.0291075 0.09691 0.994819 1.83509 -2.24157 14.8731 5.6848 47.1456 
789217 18.531 7.09706 210.013 -0.00278287 -0.0022998 0.999993 24.874 11.3354 206.697 0.0246748 0.0977837 0.994867 1.83652 -2.24014 14.8604 5.74197 47.1551 
876474 18.1279 8.07099 210.013 -0.00233972 -0.00293532 0.999993 24.246 12.6196 206.878 0.0185135 0.0979524 0.994959 1.83652 -2.23899 14.8557 5.79597 47.1599 
964750 17.6233 9.08383 210.015 -0.00223194 -0.00321751 0.999992 23.4808 13.8785 206.729 0.0138968 0.0977368 0.995047 1.83738 -2.23841 14.8493 5.85285 47.1646 
1051991 17.073 10.079 210.013 -0.00206592 -0.00319925 0.999993 22.5825 14.9676 206.724 0.00829433 0.0960779 0.995255 1.83738 -2.2387 14.8445 5.91002 47.1678 
1139226 16.4977 10.9848 210.014 -0.00203444 -0.0031639 0.999993 21.8131 16.1403 206.813 0.00309502 0.0968185 0.995228 1.83767 -2.23899 14.8414 5.96374 47.171 
1226354 15.8854 11.8518 210.014 -0.00198977 -0.0030211 0.999993 20.6605 17.1443 206.828 -0.000779738 0.0965997 0.995287 1.83767 -2.23956 14.8366 6.01689 47.1757 
1314597 15.1962 12.7307 210.012 -0.00163222 -0.00307688 0.999994 19.7613 18.2279 206.824 -0.00628731 0.0955191 0.995286 1.83738 -2.23956 14.8287 6.07348 47.1821 
1401849 14.4981 13.5346 210.01 -0.0013739 -0.00288557 0.999995 18.6123 19.2395 206.84 -0.0105469 0.09449 0.995353 1.83681 -2.24014 14.8191 6.1272 47.1916 
1489100 13.6825 14.3345 210.011 -0.00162925 -0.00274237 0.999995 17.6783 20.1014 206.868 -0.0162307 0.0938248 0.995422 1.83767 -2.24071 14.8112 6.18379 47.198 
1576361 12.8908 15.0499 210.011 -0.00167243 -0.00262564 0.999995 16.3748 20.9033 206.808 -0.0200933 0.0922205 0.995432 1.83767 -2.24129 14.808 6.23722 47.2011 
1664483 12.0244 15.7501 210.009 -0.00160947 -0.00260676 0.999995 15.1948 21.702 206.856 -0.0249386 0.0906602 0.995474 1.83767 -2.24157 14.8049 0.0100545 47.2027 
1751728 11.1701 16.3735 210.008 -0.00161596 -0.00251468 0.999996 14.0223 22.5041 206.904 -0.0305904 0.0887285 0.995476 1.83738 -2.24215 14.8049 0.0631996 47.2027 
1838984 10.2337 16.9804 210.005 -0.00147836 -0.00247261 0.999996 12.7202 23.3149 206.843 -0.0346124 0.0861713 0.995628 1.8371 -2.24244 14.8017 0.119505 47.2043 
1926237 9.31342 17.5018 210.005 -0.00146012 -0.00247078 0.999996 11.4073 24.0299 206.909 -0.0389603 0.0838962 0.995629 1.8371 -2.24272 14.8001 0.17265 47.2059 
2014346 8.30988 17.9995 210.004 -0.00142673 -0.00246191 0.999996 10.0711 24.6403 206.991 -0.0427663 0.0811618 0.995675 1.8371 -2.24301 14.7969 0.228955 47.2075 
2101616 7.32875 18.4204 210.003 -0.00154929 -0.00242424 0.999996 8.80613 24.9782 206.884 -0.0472345 0.0789071 0.995678 1.8371 -2.24358 14.7953 0.282387 47.2091 
2188862 6.27082 18.8009 210.004 -0.0016191 -0.00250044 0.999996 7.33814 25.4869 206.873 -0.0511202 0.0756963 0.995795 1.83738 -2.24387 14.7938 0.338692 47.2107 
2276117 5.27838 19.1145 210.002 -0.00117853 -0.00248803 0.999996 6.06112 25.7537 207.003 -0.0553317 0.0727676 0.99576 1.83681 -2.24358 14.7922 0.391837 47.2122 
2364373 4.18444 19.3883 210.002 -0.00107548 -0.00241205 0.999997 4.56617 26.1456 206.898 -0.0587399 0.0687229 0.995854 1.83652 -2.24387 14.7874 0.448717 47.217 
2451620 3.12474 19.5756 210.003 -0.00135925 -0.00251973 0.999996 3.02124 26.2218 206.953 -0.0621887 0.065175 0.995879 1.8371 -2.24445 14.7842 0.502149 47.2202 
2538887 2.00884 19.7264 210.002 -0.00141584 -0.00246978 0.999996 1.58546 26.2632 206.897 -0.0660033 0.0616711 0.995788 1.83681 -2.24502 14.7811 0.558742 47.2234 
2626008 0.949673 19.8054 210.002 -0.00156039 -0.00251936 0.999996 0.130115 26.2123 206.967 -0.0692115 0.0580824 0.995809 1.83681 -2.2456 14.7795 0.611887 47.225 
2714251 -0.160456 19.8271 210.002 -0.00141061 -0.00256274 0.999996 -1.32931 26.1537 206.926 -0.0724435 0.0536223 0.995832 1.83681 -2.2456 14.7763 0.667904 47.2281 
2801476 -1.23172 19.789 210.002 -0.00168834 -0.0026365 0.999995 -2.79283 26.1225 206.995 -0.0747717 0.0479067 0.995999 1.83681 -2.24646 14.7731 0.721337 47.2313 
2888638 -2.35726 19.6968 210 -0.00212341 -0.0026158 0.999994 -4.20921 25.7136 207.001 -0.076676 0.0439745 0.996019 1.83623 -2.24789 14.7684 0.777642 47.2361 
2975858 -3.41181 19.5463 209.998 -0.00262271 -0.0026851 0.999993 -5.47065 25.513 206.974 -0.0794911 0.0390583 0.995967 1.83595 -2.24933 14.7604 0.8305 47.244 
3064120 -4.50937 19.3211 209.998 -0.00315951 -0.00284615 0.999991 -6.90674 24.9931 206.998 -0.0812353 0.035344 0.995949 1.83595 -2.25077 14.7477 0.885943 47.2567 
3151363 -5.55596 19.0563 209.995 -0.00401284 -0.00301982 0.999987 -8.21154 24.5922 207.113 -0.0828422 0.030241 0.996001 1.83537 -2.25306 14.735 0.939088 47.2694 
3238610 -6.61249 18.709 209.996 -0.00416026 -0.00328792 0.999986 -9.52906 24.1627 207.007 -0.0840077 0.0248183 0.996081 1.83566 -2.25364 14.7239 0.994531 47.2805 
3325739 -7.61643 18.3166 209.997 -0.0048036 -0.00383722 0.999981 -10.7817 23.3936 207.059 -0.0857358 0.0204708 0.99603 1.83595 -2.25536 14.716 1.04739 47.2884 
3412982 -8.57912 17.8789 209.997 -0.00515549 -0.00431195 0.999977 -12.0212 22.7436 207.096 -0.086906 0.0150308 0.995989 1.83623 -2.25651 14.7064 1.09967 47.298 
3501263 -9.56407 17.3692 209.998 -0.00499592 -0.004326 0.999978 -13.289 21.9627 207.037 -0.0874658 0.0102584 0.996076 1.83623 -2.25651 14.6842 1.15569 47.3202 
3588496 -10.5367 16.8068 209.996 -0.00529639 -0.00443729 0.999976 -14.4365 21.2039 207.198 -0.0881944 0.00449857 0.996064 1.83566 -2.25766 14.6604 1.212 47.344 
3675774 -11.3893 16.2432 209.996 -0.00452578 -0.0037721 0.999983 -15.622 20.2936 207.154 -0.0877318 -7.96529e-005 0.996083 1.83537 -2.25594 14.6302 1.26514 47.3742 
3762866 -12.2489 15.6076 209.995 -0.00460805 -0.00364893 0.999983 -16.8416 19.1651 207.143 -0.0875098 -0.00461709 0.996106 1.83509 -2.25622 14.5985 1.31915 47.4059 
3851140 -13.0816 14.8976 209.998 -0.00376898 -0.00300891 0.999988 -17.7983 18.2385 207.208 -0.0875172 -0.0097642 0.995978 1.83566 -2.25393 14.5683 1.37574 47.4361 
3938370 -13.9452 14.1102 209.995 -0.00471 -0.00351119 0.999983 -18.7903 17.1762 207.067 -0.0866169 -0.0154145 0.996011 1.8348 -2.25651 14.5366 1.43348 47.4678 
4025612 -14.6287 13.3963 209.997 -0.00295082 -0.00152372 0.999994 -19.6796 16.0105 207.161 -0.0859534 -0.0202718 0.996062 1.8348 -2.25105 14.5144 1.48749 47.4901 
4112748 -15.3137 12.6135 209.997 -0.00216278 -0.000323981 0.999998 -20.5792 14.8348 207.146 -0.0846523 -0.0257451 0.996053 1.83451 -2.24818 14.4985 1.54236 47.5059 
4200992 -15.9958 11.7254 209.999 -0.00162196 0.000516365 0.999999 -21.4806 13.6724 207.241 -0.0826897 -0.030963 0.995982 1.8348 -2.24588 14.4842 1.60039 47.5202 
4288253 -16.6551 10.747 210.001 -0.00199419 -0.000326791 0.999998 -22.1786 12.3482 207.239 -0.0813487 -0.0361981 0.995938 1.83537 -2.24732 14.4794 1.65841 47.525 
4375505 -17.1872 9.87478 210.002 -0.0011068 0.00133304 0.999998 -22.9079 10.9068 207.252 -0.0786155 -0.0405306 0.995957 1.83537 -2.2433 14.4763 1.713 47.5282 
4462752 -17.6948 8.93401 210.002 -0.0010071 0.00165481 0.999998 -23.3901 9.54715 207.246 -0.0768131 -0.0459664 0.995924 1.83537 -2.24244 14.4763 1.76758 47.5282 
4550869 -18.1803 7.91311 210.002 -0.00109347 0.00181213 0.999998 -23.992 8.19723 207.242 -0.0739796 -0.0504384 0.995959 1.83509 -2.24215 14.4763 1.82503 47.5282 
4638131 -18.5809 6.92019 210.002 -0.0011897 0.00175047 0.999998 -24.3935 6.69923 207.252 -0.0709905 -0.0547098 0.995836 1.83509 -2.24215 14.4763 1.87904 47.5282 
4725381 -18.9511 5.8487 210.001 -0.00137406 0.00162531 0.999998 -24.7545 5.42992 207.228 -0.0684461 -0.0601488 0.995774 1.8348 -2.24244 14.4763 1.9362 47.5282 
4812624 -19.2471 4.82922 209.999 -0.00159863 0.00156897 0.999997 -25.0773 3.7947 207.251 -0.0640403 -0.0633813 0.995818 1.83422 -2.24272 14.4763 1.98992 47.5282 
4899884 -19.4884 3.73843 209.999 -0.00168439 0.00147652 0.999997 -25.1194 2.36432 207.35 -0.0617734 -0.0675304 0.995705 1.83422 -2.24272 14.4763 2.04623 47.5282 
4987995 -19.665 2.69714 209.998 -0.00182514 0.0014565 0.999997 -25.4073 0.94124 207.231 -0.0576766 -0.071849 0.995669 1.83394 -2.24272 14.4763 2.09966 47.5282 
5075245 -19.7806 1.58449 209.999 -0.00182824 0.00156286 0.999997 -25.2417 -0.549 207.217 -0.0545434 -0.0752694 0.995543 1.83422 -2.24215 14.4763 2.15625 47.5282 
5162512 -19.832 0.505838 210 -0.00183452 0.00125726 0.999998 -25.3054 -1.98404 207.315 -0.0499614 -0.0789173 0.995515 1.83451 -2.24244 14.4763 2.21026 47.5282 
5249752 -19.8122 -0.627254 210.002 -0.00166485 0.00083142 0.999998 -25.2635 -3.45463 207.301 -0.0453595 -0.0824461 0.99547 1.83537 -2.24272 14.4763 2.26657 47.5282 
5337879 -19.7619 -1.6771 210.001 -0.00186388 0.000853686 0.999998 -24.9965 -4.96678 207.285 -0.0412995 -0.0855155 0.995381 1.8348 -2.24272 14.4763 2.32 47.5282 
5425129 -19.6384 -2.77246 210.001 -0.00196189 0.00102321 0.999998 -24.6954 -6.24418 207.346 -0.0365175 -0.0887074 0.99528 1.8348 -2.24215 14.4763 2.37602 47.5282 
5512377 -19.4716 -3.82519 209.999 -0.00211451 0.000739005 0.999997 -24.3047 -7.67247 207.311 -0.0319675 -0.0910888 0.99532 1.83422 -2.24272 14.4763 2.42974 47.5282 
5599628 -19.2203 -4.91347 210 -0.00210755 0.000710218 0.999998 -24.0512 -9.19634 207.294 -0.0264556 -0.0928984 0.995241 1.83451 -2.24244 14.4763 2.48604 47.5282 
5687888 -18.9338 -5.9401 209.999 -0.00218287 0.000502357 0.999997 -23.3107 -10.5765 207.238 -0.0220667 -0.0947626 0.995213 1.83422 -2.24272 14.4763 2.53976 47.5282 
5775134 -18.5659 -7.0055 209.999 -0.00215183 0.000249588 0.999998 -22.7905 -11.9037 207.297 -0.0171811 -0.0966066 0.995039 1.83422 -2.24301 14.4763 2.59635 47.5282 
5862373 -18.1701 -7.98929 209.998 -0.00219184 3.6776e-005 0.999998 -22.0578 -13.2895 207.241 -0.0119459 -0.0978613 0.995014 1.83394 -2.2433 14.4763 2.64979 47.5282 
5949497 -17.669 -9.04201 209.997 -0.00149581 -0.00130397 0.999998 -21.3918 -14.421 207.265 -0.00699585 -0.0993306 0.994908 1.83394 -2.24617 14.4763 2.70638 47.5282 
6037765 -17.1768 -9.92566 210 -0.00214493 -3.07721e-006 0.999998 -20.3926 -15.6173 207.283 -0.00237832 -0.0998501 0.994926 1.83451 -2.24272 14.4763 2.75952 47.5282 
6125029 -16.5724 -10.8949 210 -0.00196278 -0.000250803 0.999998 -19.6467 -16.8861 207.321 0.00386342 -0.100277 0.994867 1.8348 -2.24301 14.4763 2.81669 47.5282 
6212117 -15.9666 -11.7733 209.999 -0.00168909 -0.000782446 0.999998 -18.6276 -17.9772 207.323 0.00830004 -0.100399 0.994835 1.83451 -2.24416 14.4763 2.86983 47.5282 
6299415 -15.3269 -12.6121 209.997 -0.00161559 -0.00105473 0.999998 -17.7327 -19.0697 207.217 0.0138037 -0.100071 0.99482 1.83394 -2.24473 14.4794 2.92298 47.525 
6387616 -14.5878 -13.4598 209.997 -0.00125519 -0.0014391 0.999998 -16.6996 -20.0392 207.314 0.0191624 -0.0998582 0.994705 1.83394 -2.2456 14.4794 2.979 47.525 
6474887 -13.8429 -14.2245 209.996 -0.000863217 -0.00178327 0.999998 -15.6711 -21.0327 207.3 0.0245496 -0.0987572 0.994708 1.83394 -2.24646 14.4794 3.03214 47.525 
6562126 -13.0008 -14.9907 209.997 -0.000227996 -0.00216397 0.999998 -14.4891 -21.82 207.252 0.0291863 -0.0984226 0.994602 1.83422 -2.24761 14.4794 3.08845 47.525 
6649272 -12.1928 -15.6548 209.997 0.000113083 -0.00233593 0.999997 -13.3166 -22.6151 207.204 0.0348341 -0.0972432 0.994584 1.83422 -2.24818 14.4794 3.14073 47.525 
6737517 -11.289 -16.3444 209.992 0.000699264 -0.0029484 0.999995 -12.0203 -23.4298 207.155 0.0390132 -0.0959556 0.994484 1.83307 -2.25019 14.4794 3.19732 47.525 
6824767 -10.4231 -16.9098 209.992 0.000730548 -0.00283893 0.999996 -10.8195 -24.1071 207.2 0.0440433 -0.0940411 0.994508 1.83307 -2.2499 14.4794 3.24961 47.525 
6912020 -9.45994 -17.473 209.992 0.00067435 -0.00276542 0.999996 -9.49316 -24.7077 207.118 0.0489086 -0.0923617 0.994448 1.83279 -2.24962 14.4794 3.3062 47.525 
6999284 -8.5028 -17.9405 209.995 0.000827836 -0.00249849 0.999997 -8.14044 -25.1878 207.129 0.0533569 -0.0902261 0.994463 1.83365 -2.24904 14.4794 3.35963 47.525 
7087498 -7.49701 -18.3839 209.995 4.63581e-005 -0.00211537 0.999998 -6.90708 -25.6568 207.144 0.058807 -0.0872804 0.994324 1.83365 -2.24703 14.4794 3.41651 47.525 
7174639 -6.50426 -18.7527 209.997 -0.000293125 -0.00190107 0.999998 -5.30286 -26.0688 207.134 0.0618358 -0.0847637 0.994463 1.83394 -2.24588 14.4794 3.47052 47.525 
7261879 -5.47038 -19.0918 209.996 -0.00157264 -0.00173319 0.999997 -4.05407 -26.4319 207.133 0.0675864 -0.0815015 0.994266 1.83336 -2.2433 14.4794 3.52768 47.525 
7349130 -4.43747 -19.3584 209.996 -0.00202805 -0.00171943 0.999996 -2.43726 -26.7479 207.108 0.0712201 -0.0775994 0.994307 1.83336 -2.24215 14.4794 3.58227 47.525 
7436372 -3.35592 -19.5705 209.998 -0.00324523 -0.00161122 0.999993 -0.892112 -26.816 207.053 0.0746451 -0.0749229 0.994285 1.83365 -2.23928 14.4794 3.63972 47.525 
7524500 -2.29893 -19.7233 209.998 -0.00385241 -0.00174686 0.999991 0.538272 -26.8622 207.11 0.0790406 -0.070905 0.994279 1.83365 -2.23784 14.4794 3.69459 47.525 
7611762 -1.18494 -19.8116 210.001 -0.00445102 -0.00180585 0.999988 2.09972 -26.9766 207.052 0.0807133 -0.0632551 0.994601 1.83422 -2.23612 14.481 3.75176 47.5234 
7699020 -0.129247 -19.8477 210.001 -0.00504159 -0.00204567 0.999985 3.14187 -26.7379 206.971 0.0829794 -0.0601192 0.994682 1.83422 -2.23468 14.4842 3.80605 47.5202 
7786259 1.00808 -19.8232 210.001 -0.00519072 -0.00232596 0.999984 4.94494 -26.6337 206.991 0.0867166 -0.0548692 0.99465 1.83422 -2.2341 14.4874 3.86379 47.517 
7874514 2.07755 -19.7238 210.004 -0.00503345 -0.00236425 0.999985 6.44732 -26.3595 206.999 0.0892465 -0.0501677 0.994619 1.83509 -2.23382 14.489 3.91751 47.5155 
7961628 3.21539 -19.5706 210.004 -0.0046168 -0.00254579 0.999986 7.85714 -25.9553 206.992 0.0918568 -0.0457247 0.994623 1.83509 -2.23439 14.4921 3.97497 47.5123 
8048881 4.2571 -19.3607 210.006 -0.00439462 -0.00249588 0.999987 9.27792 -25.5543 206.984 0.0932884 -0.0409414 0.994747 1.83566 -2.23439 14.5016 4.02811 47.5028 
8136161 5.36212 -19.1019 210.003 -0.00398616 -0.00272878 0.999988 10.2372 -25.2035 206.89 0.0945949 -0.036155 0.994752 1.8348 -2.23525 14.5128 4.08528 47.4917 
8224382 6.36667 -18.7977 210.001 -0.00376424 -0.00285402 0.999989 11.8144 -24.6013 206.958 0.0954127 -0.0298843 0.994935 1.83451 -2.23554 14.5223 4.13813 47.4821 
8311640 7.42876 -18.4049 210.001 -0.00337709 -0.00280476 0.99999 13.1885 -23.8715 206.902 0.0959092 -0.0233141 0.995087 1.83451 -2.23612 14.5334 4.19473 47.471 
8398760 8.40449 -17.981 210.001 -0.0030057 -0.00274978 0.999992 14.4429 -23.2358 206.865 0.0954829 -0.0163425 0.995218 1.83451 -2.23669 14.5413 4.24787 47.4631 
8486007 9.41229 -17.4689 210.001 -0.00261488 -0.00259657 0.999993 15.6013 -22.4457 206.925 0.0959708 -0.0105419 0.995233 1.8348 -2.23726 14.5477 4.30418 47.4567 
8574275 10.3223 -16.9545 210 -0.00252843 -0.0027343 0.999993 16.8941 -21.5877 206.855 0.0953398 -0.0040437 0.995316 1.83451 -2.23726 14.5556 4.35704 47.4488 
8661508 11.2613 -16.3472 210 -0.00242413 -0.00276418 0.999993 17.9698 -20.6567 206.899 0.094842 0.000313564 0.995453 1.83451 -2.23726 14.5652 4.41334 47.4393 
8748653 12.123 -15.7202 210 -0.00223606 -0.00267476 0.999994 19.0538 -19.7692 206.833 0.0929915 0.00764895 0.995587 1.83451 -2.23755 14.5763 4.46677 47.4282 
8835902 12.9908 -14.9911 210.002 -0.00197121 -0.00217392 0.999996 20.1459 -18.8573 206.876 0.0907362 0.014055 0.995747 1.83537 -2.23813 14.589 4.52279 47.4155 
8924147 13.774 -14.2839 210.001 -0.00183308 -0.00215426 0.999996 21.3259 -17.5226 206.855 0.0868598 0.0218562 0.995893 1.83509 -2.23841 14.6001 4.57594 47.4043 
9011391 14.5665 -13.4833 210 -0.00147857 -0.00196206 0.999997 22.3754 -16.4332 206.756 0.080813 0.0329146 0.996152 1.8348 -2.23928 14.6064 4.63224 47.398 
9098635 15.2636 -12.6972 209.997 -0.00135549 -0.00213304 0.999997 23.2298 -15.1492 206.867 0.0749498 0.0421549 0.99617 1.83451 -2.23928 14.6064 4.68539 47.3964 
9185772 15.9295 -11.8599 209.996 -0.000998735 -0.00193058 0.999998 24.0476 -14.0166 206.775 0.0701528 0.0525799 0.996101 1.83422 -2.24014 14.608 4.73882 47.3948 
9274056 16.5667 -10.9329 209.998 -0.000901936 -0.00164963 0.999998 24.4774 -12.9711 206.831 0.0681171 0.0566537 0.995968 1.8348 -2.24042 14.6112 4.79484 47.3916 
9361276 17.1629 -9.98209 209.997 -0.00067829 -0.00151339 0.999999 25.1776 -11.751 206.85 0.0645814 0.0613672 0.995926 1.83451 -2.241 14.6144 4.85114 47.3885 
9448527 17.6702 -9.05363 209.996 -0.000498408 -0.00127874 0.999999 25.8076 -10.3088 206.84 0.0606878 0.0676292 0.995799 1.83451 -2.24157 14.616 4.904 47.3869 
9535774 18.1225 -8.09742 209.997 -0.000437848 -0.00107412 0.999999 26.3291 -8.85658 206.72 0.0561687 0.0731218 0.995684 1.8348 -2.24186 14.6175 4.95686 47.3853 
9623899 18.5539 -7.06781 209.996 -0.000243582 -0.000914146 1 26.8437 -7.49244 206.839 0.0513475 0.079768 0.995415 1.83451 -2.24244 14.6175 5.01287 47.3853 
9711145 18.9115 -5.99284 209.999 -0.000291248 -0.000399915 1 28.5727 -5.90028 205.297 0.0395504 0.0883493 0.995265 1.83537 -2.24301 14.6191 5.06889 47.3837 
9798410 19.2029 -4.95775 209.999 -0.000209283 0.000214407 1 30.072 -4.98441 203.63 0.0318564 0.121417 0.991949 1.83566 -2.24416 14.6191 5.12204 47.3837 
9885637 19.4419 -3.91521 209.999 -0.000111259 0.000897136 1 27.4429 -3.44794 206.897 0.0443877 0.127518 0.990712 1.83566 -2.2456 14.6191 5.17489 47.3837 
9973888 19.6382 -2.8042 209.997 -2.66629e-005 0.00151584 0.999999 27.5594 -2.35011 206.735 0.0396186 0.12859 0.990868 1.83537 -2.24703 14.6191 5.23091 47.3837 
10061025 19.759 -1.69849 209.998 -0.000164799 0.00186139 0.999998 27.4806 -0.637369 206.718 0.0310727 0.131508 0.990784 1.83566 -2.24761 14.6191 5.28636 47.3837 
10148274 19.8268 -0.639402 209.997 -0.000194658 0.00234665 0.999997 27.5856 0.859673 206.84 0.0229661 0.131884 0.990922 1.83537 -2.24876 14.6191 5.33921 47.3837 
10235514 19.838 0.419204 209.996 -0.000260789 0.00255209 0.999997 27.4406 2.25918 206.872 0.0156604 0.133349 0.990874 1.83509 -2.24933 14.6191 5.39236 47.3837 
10322779 19.7668 1.53481 209.998 -0.000635121 0.00270454 0.999996 27.1978 3.78801 206.779 0.0085325 0.132928 0.990965 1.83595 -2.24933 14.6191 5.44809 47.3837 
10410895 19.6744 2.57658 209.996 -0.000559671 0.00264712 0.999996 26.8963 4.97923 206.734 0.00184924 0.133675 0.990996 1.83509 -2.24962 14.6191 5.50123 47.3837 
10498140 19.5013 3.66427 209.996 -0.000553485 0.00192653 0.999998 26.6234 6.29785 206.785 -0.00550491 0.134132 0.990847 1.83509 -2.24818 14.6191 5.55783 47.3837 
10585389 19.2796 4.69363 209.996 -0.000540634 0.00148885 0.999999 26.0389 7.79611 206.823 -0.0128774 0.133 0.990926 1.83509 -2.24732 14.6191 5.61155 47.3837 
10672650 18.9712 5.76211 210 -0.000518454 0.000510718 1 25.6529 9.12424 206.764 -0.0203511 0.132743 0.990883 1.83595 -2.24502 14.6191 5.66871 47.3837 
10760922 18.6286 6.7732 210.001 -0.000474451 0.000126121 1 25.0213 10.3924 206.725 -0.027046 0.131233 0.990866 1.83623 -2.24416 14.6191 5.72301 47.3837 
10848169 18.2332 7.79099 210.001 0.000225307 -0.0011945 0.999999 24.1788 11.7151 206.799 -0.0342622 0.129566 0.990892 1.83595 -2.24129 14.6191 5.78046 47.3837 
10935281 17.7974 8.7424 210.002 0.000769738 -0.00204027 0.999998 23.4705 13.1432 206.854 -0.042123 0.126276 0.991052 1.83595 -2.23928 14.6191 5.83476 47.3837 
11022518 17.2783 9.74055 210.001 0.00136091 -0.00260299 0.999996 22.8025 14.1936 206.849 -0.0488227 0.124749 0.990914 1.83566 -2.23784 14.6191 5.89278 47.3837 
11110779 16.7216 10.6586 210.003 0.00165213 -0.00285445 0.999995 21.7151 15.449 206.831 -0.0557853 0.120921 0.990992 1.83595 -2.23698 14.6191 5.94737 47.3837 
11198016 16.0915 11.5978 210.002 0.00198076 -0.00288072 0.999994 20.861 16.6884 206.921 -0.0637145 0.116504 0.991069 1.83566 -2.23669 14.6207 6.00482 47.3821 
11285162 15.4432 12.4562 210.001 0.00204084 -0.00256324 0.999995 19.8111 17.5711 206.841 -0.0692299 0.113919 0.991036 1.83537 -2.23726 14.6207 6.05883 47.3821 
11372410 14.7169 13.3148 210 0.00226319 -0.00245096 0.999994 18.7913 18.5889 206.857 -0.0755556 0.11021 0.990949 1.83509 -2.23726 14.6223 6.11571 47.3805 
11460655 13.9843 14.075 210.001 0.00250557 -0.0025215 0.999994 17.6608 19.6346 206.872 -0.0818 0.105508 0.991001 1.83537 -2.23669 14.6223 6.16914 47.3805 
11547896 13.1358 14.8413 210.004 0.0021199 -0.00237058 0.999995 16.4908 20.4654 206.921 -0.087728 0.100488 0.990962 1.83652 -2.23698 14.6255 6.22573 47.3774 
11635147 12.3253 15.5284 210.003 0.00193374 -0.00204724 0.999996 15.4313 21.3765 206.951 -0.0917379 0.0965456 0.991065 1.83623 -2.23784 14.6318 6.27888 47.371 
11722274 11.4655 16.2464 209.992 0.00154617 -0.000873272 0.999998 14.1509 22.2062 206.892 -0.0980921 0.091948 0.990859 1.83307 -2.24129 14.6429 0.0517087 47.3599 
11810521 10.5655 16.7906 210.001 0.00191254 -0.00182835 0.999996 12.7119 22.8398 206.867 -0.103138 0.0870243 0.990773 1.83566 -2.23841 14.6525 0.104854 47.3504 
11897786 9.60381 17.3598 210.001 0.00193881 -0.00181395 0.999996 11.3892 23.5679 206.822 -0.106895 0.0816552 0.990823 1.83566 -2.23841 14.662 0.161159 47.3408 
11985044 8.65277 17.8481 210.001 0.00173482 -0.00180911 0.999997 10.0404 24.0884 206.922 -0.111299 0.0768677 0.990691 1.83595 -2.2387 14.6731 0.214591 47.3297 
12072150 7.65145 18.3646 209.99 0.0010933 -0.000812441 0.999999 8.70681 24.7169 206.895 -0.115847 0.0704941 0.990669 1.83279 -2.24215 14.6874 0.270896 47.3154 
12160403 6.63281 18.6893 210.002 0.00130931 -0.00176863 0.999998 7.2234 25.1399 206.903 -0.120034 0.0647943 0.990536 1.83623 -2.23956 14.6937 0.324041 47.3091 
12247663 5.63193 19.0208 210.001 0.00132799 -0.00164728 0.999998 5.83353 25.549 206.906 -0.122447 0.058585 0.990654 1.83595 -2.23985 14.6969 0.377186 47.3059 
12334926 4.57177 19.309 210 0.00176567 -0.00158207 0.999997 4.43806 25.8623 206.927 -0.126215 0.050959 0.990657 1.83566 -2.23928 14.6985 0.433204 47.3043 
12422055 3.51902 19.5229 210.001 0.00162716 -0.0015479 0.999997 3.00995 26.0457 206.854 -0.128897 0.0439017 0.99066 1.83595 -2.23956 14.7001 0.486924 47.3027 
12509282 2.38571 19.6881 210.001 0.00120894 -0.001528 0.999998 1.56855 26.157 207.019 -0.131182 0.0362692 0.990606 1.83623 -2.24042 14.7033 0.543803 47.2996 
12597534 1.27067 19.7862 210.002 0.00107589 -0.00156482 0.999998 0.0785192 26.0115 206.995 -0.133082 0.0294469 0.990545 1.83652 -2.24071 14.7064 0.599821 47.2964 
12684783 0.21313 19.8316 210.001 0.000929169 -0.00150316 0.999998 -1.40304 25.9786 206.954 -0.133934 0.0222201 0.990624 1.83623 -2.24129 14.7112 0.652966 47.2916 
12772029 -0.851079 19.8198 210 0.000784473 -0.00142097 0.999999 -2.7832 25.8378 207.038 -0.135352 0.0145812 0.99066 1.83595 -2.24186 14.7128 0.706399 47.29 
12859174 -1.97953 19.7281 210.001 0.000333652 -0.00161527 0.999999 -4.07998 25.5359 207.028 -0.136326 0.00884496 0.990531 1.83652 -2.24272 14.7144 0.762417 47.2884 
12947409 -3.04174 19.5924 210.001 -0.000133535 -0.00172642 0.999999 -5.51283 25.1412 206.925 -0.136922 0.00167923 0.990468 1.83652 -2.24387 14.716 0.815562 47.2869 
13034652 -4.15187 19.3927 209.999 -0.000672534 -0.00182253 0.999998 -6.83261 24.7498 206.931 -0.137382 -0.00614009 0.99037 1.83623 -2.24531 14.716 0.871579 47.2869 
13121910 -5.18715 19.1416 209.999 -0.0011126 -0.00202418 0.999997 -8.15424 24.3787 207.047 -0.13718 -0.0144391 0.990314 1.83623 -2.24646 14.716 0.924437 47.2869 
13209151 -6.2773 18.8233 209.996 -0.00211161 -0.00234847 0.999995 -9.39014 23.8468 207.067 -0.136784 -0.0208793 0.990355 1.83566 -2.24904 14.716 0.980168 47.2869 
13297311 -7.27646 18.4715 209.994 -0.0028265 -0.00266442 0.999992 -10.6323 23.3186 207.087 -0.135712 -0.0276973 0.990301 1.83509 -2.25105 14.716 1.03245 47.2869 
13384551 -8.3213 18.0249 209.993 -0.00355517 -0.00325568 0.999988 -12.0353 22.5779 207.03 -0.133571 -0.0348008 0.990369 1.83509 -2.25306 14.716 1.08818 47.2869 
13471793 -9.27972 17.5508 209.993 -0.00411455 -0.0038508 0.999984 -13.2046 21.8157 207.082 -0.132423 -0.0418947 0.990228 1.83509 -2.25479 14.716 1.14075 47.2869 
13559044 -10.2646 16.9876 209.993 -0.00474206 -0.00469371 0.999978 -14.4079 20.94 207.148 -0.129577 -0.0484873 0.990319 1.83537 -2.2568 14.716 1.1962 47.2869 
13647292 -11.1339 16.4439 209.991 -0.00435249 -0.00466359 0.99998 -15.4652 20.2565 207.071 -0.127144 -0.0560438 0.990194 1.8348 -2.25651 14.716 1.24848 47.2869 
13734403 -12.0286 15.7937 209.992 -0.00400987 -0.00485306 0.99998 -16.4486 19.3249 207.025 -0.124744 -0.0623338 0.990136 1.83509 -2.25622 14.7112 1.30421 47.2916 
13821653 -12.8323 15.1469 209.993 -0.00336816 -0.00461529 0.999984 -17.391 18.6386 207.167 -0.121898 -0.0681913 0.990122 1.83509 -2.25508 14.7049 1.35707 47.298 
13908911 -13.6882 14.4428 209.984 -0.00373679 -0.00427906 0.999984 -18.5532 17.3904 207.17 -0.117981 -0.073582 0.990246 1.8325 -2.25651 14.6906 1.41366 47.3123 
13996154 -14.3909 13.6628 209.995 -0.00217721 -0.00385404 0.99999 -19.4779 16.2119 207.045 -0.114442 -0.0804505 0.990103 1.83537 -2.25249 14.6795 1.46738 47.3234 
14084283 -15.126 12.8433 209.996 -0.00121709 -0.00292114 0.999995 -20.299 15.0215 207.027 -0.109746 -0.0863585 0.990147 1.83537 -2.2499 14.6731 1.52483 47.3297 
14171540 -15.7928 12.0227 209.995 -0.00068438 -0.0023003 0.999997 -21.0956 13.9604 207.105 -0.105261 -0.092757 0.990023 1.83509 -2.24847 14.6715 1.57941 47.3313 
14258785 -16.4086 11.1771 209.995 4.34249e-005 -0.00112584 0.999999 -21.7741 12.8536 207.18 -0.101641 -0.0962418 0.99001 1.8348 -2.24588 14.6667 1.63428 47.3361 
14346033 -16.9975 10.2069 210.001 0.000633083 -0.00081099 0.999999 -22.3997 11.3898 207.192 -0.0982221 -0.100183 0.99007 1.83623 -2.24416 14.6636 1.69174 47.3393 
14434289 -17.5489 9.22699 210.001 0.00100474 1.56868e-005 0.999999 -23.1164 10.1677 207.172 -0.0929173 -0.104688 0.990137 1.83623 -2.24244 14.6604 1.74977 47.3424 
14521534 -18.0065 8.27382 210.003 0.00134639 0.000547836 0.999999 -23.7747 8.7284 207.186 -0.0859847 -0.111256 0.989942 1.83681 -2.241 14.6604 1.80377 47.3424 
14608667 -18.4504 7.24538 210.003 0.00135682 0.000975795 0.999999 -24.089 7.21302 207.192 -0.0805396 -0.115663 0.98999 1.83652 -2.24042 14.6604 1.86094 47.3424 
14695924 -18.8014 6.24526 210.005 0.00151537 0.00128941 0.999998 -24.5056 5.83073 207.186 -0.0739602 -0.120665 0.989831 1.8371 -2.23956 14.6604 1.91466 47.3424 
14784172 -19.1233 5.15541 210.006 0.0014941 0.00129443 0.999998 -24.8169 4.42928 207.178 -0.0668749 -0.125613 0.989769 1.83738 -2.23956 14.6604 1.97183 47.3424 
14871442 -19.3786 4.11793 210.005 0.00131893 0.00117114 0.999998 -25.008 2.99476 207.168 -0.0608894 -0.129008 0.989651 1.8371 -2.24014 14.6604 2.02555 47.3424 
14958670 -19.5872 3.00605 210.004 0.0011582 0.00103706 0.999999 -25.1504 1.76183 207.124 -0.0562152 -0.130658 0.989704 1.83681 -2.24071 14.6604 2.08243 47.3424 
15045804 -19.7409 1.96013 210 0.000818788 0.00109432 0.999999 -25.2637 0.0922933 207.253 -0.0502126 -0.132515 0.989859 1.83566 -2.24129 14.6604 2.13615 47.3424 
15134082 -19.8204 0.834709 210 0.000755253 0.0011391 0.999999 -25.1071 -1.29974 207.221 -0.0441587 -0.134783 0.989824 1.83566 -2.24129 14.6604 2.19302 47.3424 
15221298 -19.831 -0.237693 210 0.000784708 0.000835151 0.999999 -25.0903 -2.78236 207.208 -0.0368616 -0.137018 0.989736 1.83595 -2.24186 14.6604 2.24646 47.3424 
15308537 -19.7843 -1.29885 210.001 0.000832586 0.000678226 0.999999 -24.932 -4.18526 207.176 -0.0309801 -0.138119 0.989788 1.83623 -2.24215 14.6604 2.2996 47.3424 
15395693 -19.6838 -2.42083 210 0.000759805 0.000499928 1 -24.5736 -5.72001 207.266 -0.0244523 -0.139067 0.989916 1.83595 -2.24272 14.6604 2.35619 47.3424 
15483919 -19.5183 -3.5703 209.997 0.000907382 -0.000869685 0.999999 -24.4011 -7.01674 207.218 -0.01815 -0.139872 0.989908 1.83537 -2.24588 14.6604 2.41279 47.3424 
15571191 -19.3127 -4.55637 209.998 0.000528745 0.000668135 1 -23.803 -8.50949 207.178 -0.0122361 -0.139332 0.990094 1.83537 -2.24272 14.6604 2.46593 47.3424 
15658419 -19.0342 -5.58786 209.999 0.000626302 0.000523032 1 -23.4699 -10.1919 207.173 -0.00541136 -0.137808 0.990351 1.83566 -2.24301 14.6604 2.51936 47.3424 
15745682 -18.6867 -6.65835 210 0.000722187 0.000300679 1 -22.7308 -11.7866 206.904 -0.00374763 -0.131713 0.991143 1.83566 -2.24358 14.662 2.57567 47.3424 
15833797 -18.3076 -7.65295 209.999 0.000733343 0.000113801 1 -22.2565 -12.9331 207.034 -0.00138176 -0.125859 0.991941 1.83537 -2.24416 14.662 2.6291 47.3424 
15921053 -17.8571 -8.68867 209.996 0.000646943 -0.000142961 1 -21.3505 -14.7603 206.442 -0.00918278 -0.11357 0.99345 1.83451 -2.24502 14.662 2.68598 47.3424 
16008303 -17.382 -9.61523 209.995 0.000485602 3.0694e-005 1 -20.654 -15.377 207.171 -0.00826691 -0.109661 0.993843 1.83422 -2.24473 14.662 2.73884 47.3424 
16095551 -16.8025 -10.5948 209.995 0.000624905 -0.000180869 1 -20.1427 -16.1381 207.259 -0.0040104 -0.110119 0.993866 1.83422 -2.24531 14.6604 2.79572 47.344 
16183805 -16.2016 -11.4831 209.996 0.000987944 -0.000489912 0.999999 -18.9928 -17.6251 207.195 0.00369185 -0.108517 0.993954 1.83451 -2.24617 14.6604 2.84886 47.344 
16270942 -15.5237 -12.3754 209.997 0.00120223 -0.000543525 0.999999 -18.2747 -18.4519 207.168 0.0089236 -0.107617 0.994115 1.8348 -2.24646 14.6604 2.90488 47.344 
16358170 -14.8358 -13.192 209.998 0.00152201 -0.000782745 0.999999 -17.052 -19.5893 207.167 0.0151333 -0.106777 0.994123 1.8348 -2.24732 14.6604 2.95803 47.3456 
16445417 -14.0704 -14.0123 209.997 0.00162434 -0.000929517 0.999998 -16.2 -20.316 207.233 0.020224 -0.105241 0.994199 1.83451 -2.24789 14.6556 3.01433 47.3504 
16532687 -13.2998 -14.751 209.996 0.00189678 -0.00130263 0.999997 -14.9611 -21.3628 207.214 0.0266462 -0.102424 0.994286 1.83422 -2.24904 14.6445 3.06748 47.3615 
16620818 -12.4375 -15.4701 210.001 0.00230555 -0.00139524 0.999996 -13.6997 -22.2897 207.18 0.0326191 -0.100791 0.994314 1.8348 -2.24962 14.6366 3.12321 47.3726 
16708075 -11.6034 -16.1103 210 0.00254626 -0.0016139 0.999995 -12.5369 -23.2046 207.147 0.0373527 -0.0984411 0.99441 1.83451 -2.25048 14.6271 3.17578 47.3821 
16795316 -10.6695 -16.7548 209.997 0.00309226 -0.00204206 0.999993 -11.1857 -23.6737 207.16 0.0419686 -0.0974905 0.994218 1.83394 -2.2522 14.6175 3.23208 47.3916 
16882543 -9.77203 -17.2988 209.998 0.00316601 -0.00205138 0.999993 -9.87337 -24.3745 207.204 0.0468424 -0.0950415 0.994295 1.83365 -2.25249 14.6096 3.28494 47.4012 
16970808 -8.77557 -17.8234 209.998 0.00343731 -0.00211646 0.999992 -8.74134 -24.8385 207.107 0.0508938 -0.0923306 0.994367 1.83365 -2.25306 14.5969 3.34125 47.4139 
17058056 -7.82251 -18.2546 210.001 0.00316329 -0.00185347 0.999993 -7.31549 -25.4722 207.024 0.0568897 -0.0890919 0.994287 1.83394 -2.2522 14.5858 3.39439 47.4266 
17145192 -6.7724 -18.6685 210.001 0.00320401 -0.00177553 0.999993 -5.73283 -25.9818 207.142 0.0607403 -0.086102 0.994327 1.83394 -2.2522 14.5763 3.45127 47.4361 
17232422 -5.79308 -18.9834 210.005 0.00233725 -0.00128174 0.999996 -4.46214 -26.2344 207.123 0.0660946 -0.0829996 0.994291 1.83451 -2.2499 14.5699 3.50442 47.444 
17320691 -4.71799 -19.2948 210.003 0.00187362 -0.00131225 0.999997 -3.27393 -26.4755 207.104 0.068485 -0.0791318 0.994386 1.83365 -2.24933 14.5652 3.56187 47.4488 
17407940 -3.70033 -19.5044 210.005 0.00109983 -0.00100225 0.999999 -1.63935 -26.692 207.062 0.0721672 -0.0742219 0.994528 1.83422 -2.24732 14.5604 3.6153 47.4536 
17495174 -2.58456 -19.6829 210.006 0.000434447 -0.000952308 0.999999 -0.00546428 -26.8883 207.131 0.0763865 -0.0697886 0.994593 1.83422 -2.24588 14.554 3.67333 47.4599 
17582315 -1.53439 -19.792 210.007 -0.000234311 -0.000983178 0.999999 1.66884 -26.8744 207.058 0.079715 -0.0662203 0.994571 1.83422 -2.24445 14.5477 3.72762 47.4663 
17670599 -0.431272 -19.8364 210.009 -0.00131918 -0.000925091 0.999999 2.89927 -26.7768 207.104 0.083905 -0.0619406 0.994413 1.8348 -2.24186 14.5445 3.78479 47.4694 
17757812 0.636316 -19.8418 210.008 -0.00180884 -0.00120266 0.999998 4.04069 -26.6586 207.148 0.085834 -0.0578721 0.994496 1.83422 -2.241 14.5429 3.83966 47.471 
17844938 1.79518 -19.7646 210.008 -0.00112628 -0.00116638 0.999999 5.75465 -26.4379 207.152 0.0892785 -0.0514341 0.994552 1.83451 -2.24215 14.5413 3.89711 47.4726 
17932322 2.82238 -19.6511 210.009 -0.00276435 -0.00163954 0.999995 7.38767 -26.0905 207.031 0.091091 -0.0465929 0.994653 1.83422 -2.2387 14.5413 3.95198 47.4726 
18020432 3.94512 -19.4456 210.01 -0.00243759 -0.00158894 0.999996 8.78576 -25.8045 207.041 0.0930032 -0.0411561 0.994666 1.8348 -2.23899 14.5413 4.00886 47.4726 
18107690 4.99583 -19.1968 210.011 -0.00217257 -0.00158823 0.999996 9.99486 -25.3465 207.146 0.093994 -0.0367881 0.994866 1.83509 -2.23928 14.5413 4.06287 47.4726 
18194928 6.02549 -18.9098 210.009 -0.00163383 -0.00168106 0.999997 11.4595 -24.7382 207.105 0.0946269 -0.0308715 0.994983 1.83451 -2.24042 14.5413 4.1163 47.4726 
18282187 7.08406 -18.5391 210.009 -0.00140831 -0.0017133 0.999998 12.831 -24.0279 206.94 0.0949426 -0.0239032 0.995085 1.83451 -2.24071 14.5413 4.17261 47.4726 
18370347 8.1628 -18.0829 210.009 0.000342018 -0.000867097 1 14.0612 -23.4777 207.03 0.0956154 -0.0177485 0.995167 1.8348 -2.24445 14.5413 4.22863 47.4726 
18457579 9.08555 -17.6442 210.008 -0.00060588 -0.00150395 0.999999 15.3325 -22.721 206.977 0.0953414 -0.0120637 0.995228 1.83451 -2.24215 14.5413 4.28206 47.4726 
18544807 10.0201 -17.1367 210.007 -0.000189559 -0.00139875 0.999999 16.4739 -22.0568 206.941 0.0952324 -0.00614389 0.995374 1.83422 -2.24301 14.5413 4.3352 47.4726 
18632059 10.955 -16.5612 210.006 -0.000236111 -0.00158614 0.999999 17.671 -21.1661 206.984 0.0935182 0.0005379 0.995473 1.83394 -2.24272 14.5413 4.39093 47.4726 
18720304 11.9112 -15.8997 210.003 0.00103275 -0.000807877 0.999999 18.7446 -20.2582 206.917 0.0927837 0.00568827 0.995629 1.83336 -2.24588 14.5413 4.44753 47.4726 
18807441 12.7043 -15.2677 210.006 -0.00016486 -0.00179417 0.999998 19.8468 -19.2311 206.946 0.091402 0.0114202 0.995604 1.83365 -2.24244 14.5413 4.50096 47.4726 
18894679 13.5074 -14.547 210.006 3.27973e-005 -0.00152356 0.999999 20.8693 -18.0858 206.958 0.0887099 0.0181633 0.995855 1.83422 -2.24272 14.5397 4.55468 47.4726 
18981938 14.2996 -13.7612 210.007 0.000108535 -0.00142325 0.999999 22.1947 -16.6932 206.807 0.0825349 0.0277375 0.996085 1.83451 -2.24272 14.5397 4.6107 47.4726 
19069181 15.0089 -12.9754 210.006 0.000182399 -0.00133534 0.999999 23.0142 -15.6941 206.729 0.0755882 0.0408038 0.996215 1.8348 -2.24272 14.5382 4.66384 47.4726 
19157319 15.7292 -12.1099 210.004 0.000298474 -0.00151161 0.999999 23.8398 -14.5274 206.858 0.070867 0.0509529 0.996059 1.83422 -2.24272 14.5382 4.72101 47.4726 
19244552 16.3482 -11.2507 210.005 0.00035333 -0.00140038 0.999999 24.2514 -13.584 206.93 0.0688321 0.0542916 0.996031 1.83451 -2.24272 14.5382 4.77415 47.4726 
19331804 16.9606 -10.3144 210.003 0.000477615 -0.00148274 0.999999 25.012 -12.0508 206.901 0.0646779 0.0604754 0.995926 1.83422 -2.24272 14.5366 4.83074 47.4726 
19419063 17.4864 -9.38384 210.003 0.000581236 -0.00123841 0.999999 25.7364 -10.7343 206.904 0.0605038 0.06654 0.995839 1.83451 -2.24301 14.5366 4.88418 47.4726 
19507318 17.9889 -8.38094 210.003 0.00066963 -0.00105151 0.999999 26.2536 -9.25178 207.006 0.0573682 0.0721655 0.995651 1.83451 -2.2433 14.5397 4.94048 47.4694 
19594440 18.4131 -7.41552 209.998 0.000867145 -0.000998195 0.999999 26.7556 -7.9094 206.903 0.0529893 0.0777568 0.995515 1.83422 -2.24358 14.535 4.99363 47.4694 
19681697 18.8066 -6.36789 209.995 0.000989488 -0.0010397 0.999999 28.2151 -6.59123 205.748 0.0420154 0.0897689 0.994966 1.83394 -2.24358 14.5334 5.05022 47.4694 
19768938 19.1143 -5.33384 209.997 0.000967471 -0.000688074 0.999999 29.8023 -5.25271 204.245 0.0316772 0.115918 0.992619 1.83451 -2.24387 14.5334 5.10394 47.4694 
19857211 19.3759 -4.23646 209.998 0.000935253 -0.000202438 1 27.3616 -3.99247 206.865 0.0428655 0.125816 0.991014 1.83509 -2.24445 14.5334 5.15996 47.4694 
19944317 19.5816 -3.18364 209.997 0.00107234 0.000331338 0.999999 27.6082 -2.88235 206.923 0.0368683 0.126955 0.991085 1.8348 -2.2456 14.5334 5.21339 47.4694 
20031558 19.7246 -2.07464 209.998 0.000984 0.000745734 0.999999 27.6556 -1.07102 206.888 0.028544 0.128978 0.99112 1.83509 -2.24617 14.535 5.26912 47.4678 
20118842 19.8175 -1.02854 209.996 0.00108396 0.000804293 0.999999 27.7094 0.160419 206.822 0.021102 0.131097 0.991108 1.83451 -2.24646 14.535 5.32226 47.4678 
20207070 19.8491 0.1013 209.995 0.00108447 0.00136184 0.999998 27.5579 1.5935 206.963 0.0149615 0.13065 0.991287 1.83422 -2.24761 14.535 5.37857 47.4678 
20294324 19.7989 1.16425 209.997 0.000754331 0.00187126 0.999998 27.3378 3.22364 206.854 0.00735142 0.131046 0.99128 1.83509 -2.24818 14.535 5.43114 47.4678 
20381575 19.7057 2.29005 209.996 0.000642083 0.00241077 0.999997 27.0854 4.66829 206.998 0.000222738 0.13136 0.991266 1.8348 -2.24933 14.535 5.48745 47.4678 
20468687 19.5639 3.32054 209.995 0.000624839 0.00225442 0.999997 26.7884 5.85907 206.956 -0.0069513 0.132155 0.991062 1.83451 -2.24904 14.535 5.5403 47.4678 
20556937 19.348 4.40792 209.995 0.000569668 0.00201529 0.999998 26.3472 7.54737 206.848 -0.0144433 0.130308 0.991248 1.83451 -2.24847 14.535 5.59661 47.4678 
20644184 19.0908 5.41581 209.996 0.000723096 0.00124383 0.999999 25.8342 8.82145 207.027 -0.0211344 0.12955 0.991247 1.83451 -2.24674 14.535 5.65033 47.4678 
20731446 18.761 6.43341 209.998 0.000527166 0.00122152 0.999999 25.202 10.0686 206.878 -0.028231 0.128599 0.991166 1.83509 -2.24646 14.535 5.70405 47.4678 
20818719 18.3696 7.46514 209.999 0.000833381 0.00026056 1 24.5933 11.4705 206.932 -0.034965 0.126115 0.99129 1.83537 -2.24416 14.535 5.76121 47.4678 
20906845 17.9201 8.48848 210 0.00114728 -0.000310921 0.999999 23.9518 12.6415 207.02 -0.0420816 0.125044 0.991226 1.83537 -2.24272 14.535 5.81867 47.4678 
20994372 17.4549 9.40997 210.001 0.00181882 -0.00132787 0.999997 23.0874 13.85 207.001 -0.0493661 0.122251 0.991169 1.83537 -2.24014 14.535 5.87268 47.4678 
21081328 16.932 10.3234 210.001 0.00240957 -0.00205181 0.999995 22.2361 15.1785 206.964 -0.056108 0.118263 0.991261 1.83537 -2.23813 14.5382 5.92726 47.4647 
21168584 16.3077 11.2681 210.004 0.00263796 -0.00250702 0.999993 21.3295 16.1864 207.086 -0.0623047 0.115304 0.991309 1.83595 -2.23669 14.5493 5.985 47.4536 
21256696 15.6838 12.1253 210.004 0.0029656 -0.00288279 0.999991 20.2318 17.4248 206.959 -0.0686258 0.111612 0.991343 1.83595 -2.23554 14.5652 6.03929 47.4377 
21343949 14.9776 13.0054 210.002 0.00346731 -0.0029371 0.99999 19.0946 18.3552 206.992 -0.076119 0.107593 0.991222 1.83537 -2.23497 14.5699 6.09703 47.4329 
21431197 14.2637 13.7932 210.001 0.0037889 -0.00285735 0.999989 17.9514 19.4017 207.007 -0.081015 0.102802 0.991357 1.83509 -2.23468 14.5731 6.15104 47.4297 
21518451 13.4532 14.5786 210.002 0.00389616 -0.00278922 0.999989 16.8906 20.1839 206.946 -0.0873056 0.0993144 0.991114 1.83537 -2.23439 14.5794 6.20792 47.4234 
21606696 12.6284 15.368 209.992 0.00354322 -0.00147919 0.999993 15.623 21.1419 206.979 -0.0926072 0.0943296 0.991169 1.8325 -2.23784 14.589 6.2648 47.4139 
21693836 11.7399 15.9728 210.004 0.00347746 -0.00244639 0.999991 14.3322 21.9955 207.029 -0.0973716 0.0888682 0.991148 1.83623 -2.23497 14.6001 0.035047 47.4027 
21781076 10.8664 16.5805 210.004 0.00340106 -0.00227807 0.999992 13.1196 22.5991 207.111 -0.102634 0.0848566 0.991063 1.83623 -2.23525 14.6096 0.0884794 47.3932 
21868316 9.91228 17.1688 210.004 0.00333566 -0.0020994 0.999992 11.8036 23.3262 207.068 -0.107118 0.0795927 0.991003 1.83623 -2.23554 14.6175 0.144784 47.3853 
21955576 8.97338 17.6778 210.002 0.00316158 -0.00183895 0.999993 10.4479 23.8291 207.058 -0.111242 0.0750026 0.990832 1.83623 -2.23612 14.6207 0.198217 47.3805 
22043692 7.95422 18.154 210.003 0.00298791 -0.00173752 0.999994 9.13289 24.5932 207.123 -0.115367 0.067455 0.990961 1.83652 -2.2364 14.6287 0.254522 47.3726 
22130969 6.96083 18.5585 210.002 0.00260485 -0.00157352 0.999995 7.6373 24.9839 206.909 -0.119168 0.0618305 0.990926 1.83652 -2.23726 14.6398 0.307954 47.3615 
22218201 5.91175 18.92 210.002 0.00249054 -0.00151877 0.999996 6.24143 25.2989 207.041 -0.122433 0.0557294 0.990815 1.83652 -2.23755 14.6509 0.363685 47.3504 
22305472 4.89883 19.2094 210.002 0.00232758 -0.00159981 0.999996 4.96541 25.6736 206.935 -0.125717 0.0495091 0.990722 1.83652 -2.23784 14.6715 0.416543 47.3297 
22393707 3.82077 19.4699 209.997 0.0024668 -0.00136062 0.999996 3.43848 25.8846 206.975 -0.129142 0.0431902 0.990648 1.83566 -2.23813 14.6795 0.472848 47.3202 
22480840 2.76141 19.6373 209.999 0.0022456 -0.00136311 0.999997 1.99179 25.9745 207.028 -0.131322 0.0361705 0.990626 1.83623 -2.23841 14.681 0.52628 47.3186 
22568088 1.63371 19.7528 210.001 0.00187716 -0.00146126 0.999997 0.520737 25.9599 207.098 -0.132841 0.0286711 0.990646 1.83681 -2.23899 14.689 0.582585 47.3107 
22655362 0.565691 19.802 210.002 0.00137829 -0.0016325 0.999998 -0.954615 25.9227 207.059 -0.13436 0.0219067 0.990562 1.83738 -2.23985 14.6985 0.635443 47.3012 
22743591 -0.549722 19.8194 209.999 0.00107153 -0.00149067 0.999998 -2.33329 25.777 207.143 -0.135939 0.0147851 0.990531 1.83652 -2.241 14.708 0.691461 47.2916 
22830823 -1.60684 19.7674 209.998 0.000923083 -0.00143001 0.999999 -3.86058 25.515 207.025 -0.136253 0.00708171 0.990533 1.83623 -2.24157 14.7112 0.744606 47.2884 
22917956 -2.72291 19.6391 209.998 0.000672863 -0.0015093 0.999999 -5.27464 25.2502 207.015 -0.136448 -0.000642037 0.990534 1.83652 -2.24215 14.7112 0.800624 47.2884 
23005214 -3.76892 19.4765 209.996 0.000436848 -0.001423 0.999999 -6.46081 24.9507 207.114 -0.13702 -0.00693633 0.990469 1.83595 -2.24301 14.7128 0.853769 47.2869 
23093448 -4.86716 19.2201 209.998 0.00016077 -0.00165052 0.999999 -7.76505 24.6523 207.103 -0.137192 -0.0130536 0.990363 1.83652 -2.24358 14.7128 0.909786 47.2869 
23180708 -5.88294 18.9392 209.996 -0.000378116 -0.00178851 0.999998 -9.26281 23.9561 207.159 -0.136223 -0.0212195 0.990382 1.83623 -2.24502 14.7128 0.96207 47.2869 
23267959 -6.96339 18.5803 209.994 -0.00111923 -0.00200796 0.999997 -10.5301 23.3081 207.084 -0.134869 -0.0285752 0.990394 1.83566 -2.24703 14.7128 1.01837 47.2869 
23355209 -7.94017 18.1901 209.993 -0.00136429 -0.00215526 0.999997 -11.7868 22.6833 207.232 -0.133736 -0.0350359 0.990286 1.83537 -2.24789 14.7128 1.07095 47.2869 
23443329 -8.97031 17.6986 209.993 -0.00200391 -0.00272908 0.999994 -12.947 22.0067 207.156 -0.132078 -0.0413227 0.990256 1.83566 -2.24962 14.7128 1.12696 47.2869 
23530607 -9.91879 17.1848 209.992 -0.00269397 -0.00334929 0.999991 -14.1301 21.2336 207.096 -0.129902 -0.0489402 0.990273 1.83566 -2.25163 14.7128 1.17982 47.2869 
23617832 -10.9085 16.5745 209.991 -0.00435375 -0.00477266 0.999979 -15.3166 20.4588 207.146 -0.126911 -0.0546818 0.99036 1.83566 -2.25622 14.7128 1.23498 47.2869 
23705097 -11.7423 16.0012 209.99 -0.00353399 -0.00446958 0.999984 -16.2908 19.5446 207.211 -0.125037 -0.0611457 0.990224 1.83537 -2.25479 14.7128 1.28726 47.2869 
23793209 -12.6637 15.3593 209.979 -0.00475089 -0.00487033 0.999977 -17.4102 18.5239 207.183 -0.121794 -0.0675785 0.990153 1.83221 -2.25881 14.7112 1.34299 47.2884 
23880453 -13.4205 14.6218 209.99 -0.00335294 -0.005085 0.999981 -18.2819 17.5806 207.246 -0.119109 -0.0729188 0.990072 1.83537 -2.25565 14.7096 1.39614 47.29 
23967709 -14.166 13.8926 209.993 -0.00300081 -0.00521438 0.999982 -19.3167 16.4312 207.232 -0.1151 -0.0792185 0.990076 1.83566 -2.25536 14.7064 1.44871 47.2948 
24054964 -14.9143 13.085 209.993 -0.00228879 -0.0047893 0.999986 -20.2386 15.2768 207.327 -0.110931 -0.0853004 0.990042 1.83566 -2.25393 14.7017 1.5053 47.2996 
24142076 -15.5922 12.2752 209.994 -0.00209701 -0.00454794 0.999987 -20.9101 14.2594 207.164 -0.107034 -0.0900751 0.990079 1.83537 -2.25364 14.6858 1.55902 47.317 
24230361 -16.2327 11.4121 209.995 -0.0011156 -0.00324035 0.999994 -21.6033 13.0441 207.256 -0.103796 -0.0936177 0.990089 1.83537 -2.25048 14.6715 1.61561 47.3313 
24317609 -16.8199 10.5166 209.997 -0.000601059 -0.00274018 0.999996 -22.313 11.8292 207.237 -0.0992415 -0.0988893 0.990048 1.83566 -2.24904 14.6667 1.67048 47.3361 
24404828 -17.365 9.55737 210.002 0.000304233 -0.00179641 0.999998 -23.0452 10.5118 207.343 -0.0937718 -0.10316 0.990199 1.83652 -2.24617 14.6683 1.72765 47.3361 
24492103 -17.8511 8.61662 210.003 0.000848282 -0.00074361 0.999999 -23.5843 9.0288 207.245 -0.0882794 -0.108731 0.990041 1.83652 -2.24387 14.6683 1.7828 47.3361 
24580256 -18.3108 7.60597 210.003 0.00116351 0.000329443 0.999999 -24.1216 7.5713 207.366 -0.0820564 -0.113655 0.990008 1.83623 -2.24186 14.6668 1.84054 47.3377 
24667482 -18.6955 6.62179 210.002 0.00129668 0.00115038 0.999998 -24.3751 6.37819 207.324 -0.0772735 -0.117582 0.990013 1.83595 -2.24042 14.6668 1.89512 47.3377 
24754713 -19.0537 5.52641 210.001 0.0011741 0.00130451 0.999998 -24.669 4.95751 207.315 -0.072066 -0.12046 0.989975 1.83566 -2.24042 14.6668 1.95344 47.3377 
24841964 -19.3082 4.48795 210.004 0.00132476 0.00141035 0.999998 -24.9886 3.44194 207.431 -0.0655859 -0.12315 0.990107 1.83652 -2.23985 14.6668 2.00716 47.3377 
24930217 -19.5321 3.38304 210.004 0.00124244 0.00148338 0.999998 -25.087 1.85359 207.324 -0.060149 -0.125419 0.990219 1.83652 -2.23985 14.6668 2.06404 47.3377 
25017334 -19.7021 2.32522 210.001 0.000935104 0.00133877 0.999999 -25.2645 0.545279 207.408 -0.0532008 -0.128978 0.990087 1.83566 -2.24071 14.6668 2.11805 47.3377 
25104600 -19.8078 1.20161 210 0.000786387 0.00131579 0.999999 -25.2575 -1.07512 207.298 -0.04727 -0.129807 0.990345 1.83537 -2.241 14.6668 2.17493 47.3377 
25191864 -19.849 0.141928 209.999 0.000647927 0.00127827 0.999999 -25.1174 -2.57993 207.282 -0.0413924 -0.13166 0.990381 1.83509 -2.24129 14.6668 2.22836 47.3377 
25280090 -19.8134 -0.995906 210.001 0.000769789 0.000774818 0.999999 -24.9793 -4.07849 207.375 -0.0348447 -0.132489 0.990491 1.83566 -2.24215 14.6668 2.28466 47.3377 
25367223 -19.7262 -2.05341 210.002 0.000849611 0.000481471 1 -24.8439 -5.6037 207.358 -0.0284693 -0.132149 0.990688 1.83595 -2.24272 14.6668 2.33752 47.3377 
25454589 -19.5952 -3.06602 210.002 0.00056433 0.00176658 0.999998 -24.3526 -7.22706 207.222 -0.025322 -0.128968 0.991221 1.83595 -2.24014 14.6668 2.39095 47.3377 
25541719 -19.3871 -4.20545 210 0.00081524 0.000208937 1 -23.9299 -8.58292 207.276 -0.0217938 -0.125729 0.991731 1.83566 -2.24358 14.6668 2.44697 47.3377 
25629970 -19.1284 -5.29838 209.998 0.00071456 6.86436e-005 1 -23.5482 -10.479 206.379 -0.0238876 -0.11481 0.992967 1.83509 -2.24416 14.6668 2.50356 47.3377 
25717220 -18.825 -6.30881 209.997 0.000671094 1.12861e-005 1 -23.0959 -11.3977 207.266 -0.0257942 -0.107865 0.993776 1.8348 -2.24445 14.6668 2.55671 47.3377 
25804350 -18.4375 -7.3788 209.996 0.000751845 -0.000304294 1 -22.5054 -12.3962 207.385 -0.0221394 -0.108221 0.993808 1.83451 -2.24531 14.6668 2.61359 47.3377 
25891595 -18.0158 -8.35551 209.996 0.000896062 -0.000513911 0.999999 -21.8679 -13.661 207.313 -0.0165345 -0.108768 0.993914 1.83451 -2.24588 14.6668 2.66673 47.3377 
25978848 -17.5196 -9.36248 209.995 0.000972265 -0.000684258 0.999999 -21.009 -14.9573 207.348 -0.0106253 -0.108245 0.993979 1.83422 -2.24646 14.6668 2.72304 47.3377 
26067126 -17.0073 -10.2615 209.995 0.000720548 -0.00045045 1 -20.2581 -16.1268 207.369 -0.00296678 -0.107634 0.994087 1.83422 -2.24588 14.6556 2.77561 47.3488 
26154351 -16.4239 -11.1576 209.998 0.00058381 -0.000541302 1 -19.5547 -17.0619 207.359 0.00187931 -0.106808 0.99415 1.83451 -2.24588 14.6334 2.82933 47.3726 
26241477 -15.7583 -12.0782 210.001 0.000830378 -0.000859788 0.999999 -18.2602 -18.4261 207.388 0.00828594 -0.107 0.994175 1.83451 -2.24674 14.6287 2.88592 47.3805 
26329729 -15.0468 -12.9453 210.002 0.000956622 -0.000822068 0.999999 -17.4262 -19.2711 207.361 0.0128867 -0.106152 0.994121 1.8348 -2.24674 14.6271 2.94223 47.3821 
26416977 -14.3513 -13.7273 210 0.000773322 -0.000803452 0.999999 -16.2069 -20.415 207.359 0.019466 -0.104604 0.994261 1.83422 -2.24674 14.6239 2.99537 47.3853 
26504215 -13.6085 -14.471 209.999 0.000687169 -0.000796141 0.999999 -15.1612 -21.2923 207.329 0.0249649 -0.104293 0.994125 1.83394 -2.24674 14.6207 3.04852 47.3885 
26591481 -12.7592 -15.217 210 0.000987434 -0.000964773 0.999999 -14.086 -22.0756 207.282 0.0292531 -0.102375 0.994178 1.83422 -2.24732 14.6144 3.10482 47.3948 
26678593 -11.9279 -15.8829 209.999 0.00113105 -0.00113285 0.999999 -12.6955 -22.9029 207.34 0.0355909 -0.100052 0.994216 1.83394 -2.24789 14.6096 3.15825 47.3996 
26766852 -10.9997 -16.5386 209.999 0.00151162 -0.0013309 0.999998 -11.5165 -23.7074 207.291 0.0405452 -0.0978617 0.994326 1.83394 -2.24876 14.6048 3.21485 47.4043 
26854108 -10.0921 -17.1067 209.998 0.00215796 -0.00163 0.999996 -10.3008 -24.275 207.321 0.0459317 -0.0960256 0.994224 1.83394 -2.25019 14.6001 3.2677 47.4091 
26941366 -9.12978 -17.6443 209.997 0.00210787 -0.00160754 0.999996 -8.96616 -24.8877 207.237 0.0499072 -0.0930389 0.994383 1.83365 -2.25019 14.5937 3.32344 47.4155 
27028488 -8.17672 -18.1104 209.998 0.00216623 -0.00168669 0.999996 -7.41123 -25.5257 207.262 0.0543188 -0.0896542 0.994344 1.83336 -2.25048 14.5842 3.37687 47.4266 
27116749 -7.11986 -18.5386 210.001 0.00263172 -0.00166606 0.999995 -6.14047 -25.7643 207.243 0.0596654 -0.0880563 0.994278 1.83394 -2.25105 14.5747 3.43346 47.4377 
27203992 -6.1142 -18.8878 210.002 0.00276212 -0.00154458 0.999995 -4.78078 -26.2644 207.254 0.0633635 -0.0837797 0.994386 1.83422 -2.25105 14.5683 3.48689 47.444 
27291235 -5.04306 -19.2065 210.002 0.00287732 -0.00152711 0.999995 -3.35611 -26.3144 207.201 0.0679115 -0.0810485 0.994312 1.83394 -2.25134 14.5636 3.5432 47.4488 
27378481 -4.02333 -19.4397 210.003 0.00259442 -0.00129872 0.999996 -1.8624 -26.7133 207.303 0.0714533 -0.0762374 0.994473 1.83422 -2.25048 14.5588 3.59634 47.4536 
27466685 -2.93045 -19.6337 210.004 0.00166473 -0.00111579 0.999998 -0.455301 -26.8994 207.155 0.0754679 -0.0722774 0.994491 1.83422 -2.24847 14.5525 3.6538 47.4599 
27553844 -1.87982 -19.7608 210.004 0.00126703 -0.00113725 0.999999 1.01294 -26.8188 207.306 0.0782146 -0.068488 0.99446 1.83422 -2.24761 14.5413 3.7078 47.471 
27641098 -0.776666 -19.8401 210.004 0.000271294 -0.00119661 0.999999 2.55812 -26.9138 207.251 0.0816354 -0.0629214 0.994518 1.83394 -2.2456 14.5366 3.76526 47.4758 
27728371 0.286382 -19.8425 210.006 -0.000104182 -0.00108536 0.999999 3.83706 -26.6126 207.151 0.0840656 -0.0588154 0.994577 1.83451 -2.24445 14.535 3.81926 47.4774 
27815596 1.40214 -19.8062 210.005 -0.000852508 -0.0013284 0.999999 5.52261 -26.5922 207.297 0.0871093 -0.0525544 0.994674 1.83394 -2.24301 14.535 3.87701 47.4774 
27903729 2.45026 -19.7099 210.004 -0.0015233 -0.00157582 0.999998 6.92383 -26.202 207.18 0.0901811 -0.0483121 0.994688 1.83365 -2.24157 14.535 3.9313 47.4774 
27990977 3.56855 -19.5333 210.006 -0.00179173 -0.00167467 0.999997 8.23778 -25.777 207.174 0.0912676 -0.0441008 0.994784 1.83394 -2.24071 14.535 3.98875 47.4774 
28078219 4.62609 -19.3046 210.006 -0.00165453 -0.00168324 0.999997 9.76261 -25.4097 207.166 0.0933438 -0.0376939 0.994774 1.83422 -2.24071 14.535 4.04305 47.4774 
28165472 5.7592 -18.9908 210.006 -0.00019603 -0.00121282 0.999999 11.2004 -24.9066 207.142 0.0948997 -0.0321787 0.994913 1.83451 -2.24358 14.535 4.09993 47.4774 
28253617 6.73255 -18.6745 210.006 -0.00132926 -0.00180101 0.999997 12.5285 -24.5005 207.134 0.0944741 -0.0259422 0.995148 1.83422 -2.241 14.535 4.15365 47.4774 
28340855 7.77012 -18.2498 210.009 -0.00139183 -0.00171971 0.999998 13.7045 -23.605 207.177 0.0950266 -0.0197671 0.995231 1.83509 -2.24042 14.535 4.20995 47.4774 
28428113 8.74747 -17.8198 210.006 -0.00112291 -0.0019364 0.999997 15.0662 -22.9768 207.139 0.0948929 -0.0139836 0.995274 1.83422 -2.241 14.535 4.26396 47.4774 
28515350 9.67105 -17.3175 210.009 -0.00108221 -0.00178318 0.999998 16.253 -22.0787 207.181 0.0942826 -0.00810131 0.995444 1.83509 -2.24071 14.535 4.31653 47.4774 
28603619 10.6445 -16.7492 210.007 -0.000663057 -0.00178882 0.999998 17.303 -21.2915 207.131 0.0941329 -0.00168465 0.995519 1.83451 -2.24157 14.535 4.37312 47.4774 
28690867 11.5813 -16.1288 210.005 -0.000357356 -0.00184075 0.999998 18.6263 -20.3267 207.045 0.092178 0.00503792 0.995622 1.83394 -2.24215 14.535 4.42971 47.4774 
28778108 12.4196 -15.4928 210.005 -0.000468214 -0.00204393 0.999998 20.0428 -19.0546 207.018 0.0865376 0.0155556 0.996066 1.83394 -2.24157 14.535 4.48315 47.4774 
28865243 13.2298 -14.8142 210.004 -0.000356045 -0.00216261 0.999998 20.9613 -18.0605 207.048 0.0812397 0.0288505 0.996223 1.83365 -2.24157 14.535 4.53658 47.4774 
28953478 14.0369 -14.029 210.007 -0.000351099 -0.00199466 0.999998 21.7452 -17.0026 207.083 0.0785812 0.0372847 0.996108 1.83451 -2.24129 14.535 4.59288 47.4774 
29040740 14.7689 -13.2561 210.007 -0.000155826 -0.00190138 0.999998 22.8012 -15.7402 207.08 0.0742515 0.0431487 0.996179 1.83451 -2.24157 14.535 4.64632 47.4774 
29128003 15.4778 -12.3953 210.01 -0.000268037 -0.00185052 0.999998 23.5685 -14.8195 207.021 0.0709545 0.052934 0.996019 1.83537 -2.241 14.535 4.70233 47.4774 
29215117 16.114 -11.5657 210.009 -0.000221778 -0.00207406 0.999998 24.4134 -13.4183 207.008 0.067622 0.0595909 0.995814 1.83509 -2.24071 14.535 4.75548 47.4774 
29303369 16.7358 -10.6367 210.01 -0.000285735 -0.0022225 0.999997 25.0937 -12.3379 207.046 0.0642726 0.0676161 0.995538 1.83537 -2.24014 14.5366 4.81207 47.4758 
29390638 17.2751 -9.72521 210.008 -0.000246532 -0.00228216 0.999997 25.6975 -10.9904 207.052 0.0612336 0.0723498 0.99535 1.83566 -2.23985 14.535 4.8655 47.4742 
29477863 17.8023 -8.72347 210.008 -9.44947e-005 -0.00214049 0.999998 26.4621 -9.51042 206.804 0.055738 0.0808612 0.995088 1.83566 -2.24014 14.5382 4.92238 47.471 
29565123 18.2445 -7.75624 210.008 5.08803e-005 -0.00200005 0.999998 28.6202 -8.21756 205.058 0.0422453 0.0984987 0.994203 1.83566 -2.24042 14.5397 4.97582 47.4694 
29653239 18.6725 -6.72532 210.004 0.000362086 -0.00217554 0.999998 27.1109 -7.01371 206.857 0.0505858 0.121673 0.991182 1.83451 -2.24071 14.5429 5.0327 47.4663 
29740491 19.0016 -5.71277 209.999 0.000370737 -0.00204628 0.999998 27.1671 -5.62585 207.106 0.0462367 0.123775 0.991175 1.8348 -2.24071 14.5477 5.08613 47.4551 
29827740 19.2969 -4.62289 209.999 0.000374661 -0.00197673 0.999998 27.3649 -4.18913 207.006 0.039056 0.125237 0.991246 1.8348 -2.24071 14.5572 5.14301 47.4456 
29914994 19.5085 -3.57102 210 0.000299489 -0.00163889 0.999999 27.5664 -2.7234 207.127 0.0324165 0.126975 0.991256 1.83537 -2.241 14.5636 5.19644 47.4393 
30003128 19.67 -2.4546 210 0.000184311 -0.00116966 0.999999 27.533 -1.24748 207.03 0.0264393 0.128233 0.991309 1.83595 -2.24157 14.5715 5.25246 47.4297 
30090357 19.7789 -1.39635 209.999 0.000282157 -0.000935998 1 27.4768 0.0204166 207.078 0.019454 0.130133 0.991186 1.83566 -2.24215 14.5747 5.30589 47.4266 
30177635 19.8273 -0.281694 209.999 0.000190436 -0.000754938 1 27.4329 1.38515 206.999 0.0126495 0.131636 0.991113 1.83566 -2.24244 14.5858 5.36191 47.4155 
30264882 19.8143 0.789769 209.998 6.1716e-005 -0.000170092 1 27.3283 3.01907 206.997 0.00491996 0.131317 0.991213 1.83566 -2.24358 14.5953 5.41505 47.4059 
30352110 19.7945 1.93193 209.986 0.000605901 0.0014513 0.999999 27.0498 4.33164 207.049 -0.00182858 0.132425 0.991071 1.8325 -2.24818 14.5969 5.47136 47.4043 
30440249 19.6087 2.98706 209.996 -0.000155245 0.00130285 0.999999 26.6831 5.78599 207.083 -0.00895646 0.132004 0.991162 1.83537 -2.24674 14.5969 5.52422 47.4043 
30527495 19.4174 4.09939 209.994 -0.000264757 0.00201618 0.999998 26.3872 6.98342 207.04 -0.01625 0.132084 0.991065 1.8348 -2.24847 14.5969 5.58023 47.4043 
30614731 19.1878 5.10874 209.992 -0.000196916 0.00191574 0.999998 25.8127 8.5967 207.062 -0.0227442 0.130295 0.99108 1.83422 -2.24847 14.5969 5.6328 47.4043 
30701983 18.8735 6.18627 209.991 -0.000312941 0.00212794 0.999998 25.1938 9.88264 207.132 -0.0303413 0.128571 0.991129 1.83394 -2.24904 14.5969 5.68911 47.4043 
30790248 18.5071 7.16471 209.994 -0.000474625 0.00168953 0.999998 24.5908 11.2729 207.075 -0.0381424 0.125638 0.991235 1.8348 -2.24789 14.5969 5.74197 47.4043 
30877376 18.0685 8.18247 209.996 -0.000502053 0.00121221 0.999999 24.0505 12.4279 207.162 -0.0443161 0.124285 0.991175 1.83537 -2.24674 14.5969 5.79827 47.4043 
30964645 17.6206 9.13084 209.995 -0.000239314 0.000895802 1 23.193 13.7293 207.015 -0.050854 0.121505 0.99121 1.8348 -2.24617 14.5969 5.85199 47.4043 
31051884 17.0909 10.0886 209.995 0.000324391 -6.02305e-005 1 22.307 14.8401 207.122 -0.0573122 0.119202 0.991174 1.8348 -2.24387 14.5969 5.90887 47.4043 
31140109 16.5292 10.9949 209.995 0.000672977 -0.000393332 1 21.4121 15.9418 207.119 -0.063273 0.116184 0.991097 1.83451 -2.24301 14.5969 5.96345 47.4043 
31227263 15.8868 11.8878 209.997 0.00140068 -0.00142302 0.999998 20.4135 17.0656 207.117 -0.0699152 0.112792 0.991101 1.83509 -2.24014 14.5969 6.02062 47.4043 
31314484 15.22 12.7225 209.999 0.00166685 -0.00165288 0.999997 19.4155 18.2067 207.115 -0.0766249 0.107538 0.991126 1.83537 -2.23928 14.5969 6.07491 47.4043 
31401755 14.5224 13.4987 210.001 0.00227014 -0.0022523 0.999995 18.3903 19.2334 207.129 -0.0823681 0.102873 0.991153 1.83595 -2.23726 14.5969 6.12863 47.4043 
31490020 13.7419 14.301 210.001 0.00302809 -0.00256367 0.999992 17.1974 19.9303 207.084 -0.0882523 0.0988443 0.991094 1.83566 -2.23583 14.5969 6.18638 47.4043 
31577252 12.9181 15.0572 210 0.0037152 -0.00270916 0.999989 15.9259 20.8924 207.117 -0.0931323 0.0934206 0.991196 1.83537 -2.23468 14.5969 6.24383 47.4043 
31664374 12.0706 15.7186 210.004 0.00378526 -0.00286604 0.999989 14.752 21.7136 207.167 -0.0986403 0.0894326 0.990993 1.83652 -2.23382 14.6017 0.0146508 47.3996 
31751640 11.1814 16.3573 210.005 0.00351928 -0.00262645 0.99999 13.3241 22.4549 207.125 -0.102919 0.0846419 0.990981 1.83681 -2.23439 14.6112 0.0692322 47.39 
31839868 10.2218 16.9611 210.006 0.00332875 -0.00245183 0.999991 12.0089 23.1864 207.081 -0.107483 0.0789015 0.990992 1.83738 -2.23468 14.6144 0.125825 47.3869 
31927113 9.27038 17.5713 209.994 0.00284829 -0.00109935 0.999995 10.784 23.7989 207.162 -0.111421 0.0739306 0.990993 1.83394 -2.23841 14.6175 0.182417 47.3837 
32014377 8.29478 17.9829 210.006 0.00326013 -0.00205474 0.999993 9.54672 24.303 207.261 -0.11599 0.068908 0.990778 1.83738 -2.23525 14.6223 0.235562 47.3789 
32101621 7.31669 18.4145 210.004 0.00309493 -0.0017226 0.999994 8.08339 24.8392 207.252 -0.120377 0.0627522 0.990718 1.83681 -2.23612 14.6287 0.289282 47.3726 
32189749 6.26414 18.7939 210.005 0.00291364 -0.00166839 0.999994 6.58318 25.2542 207.148 -0.12322 0.0562122 0.990653 1.8371 -2.2364 14.6382 0.345299 47.3631 
32277029 5.19724 19.1838 209.992 0.00195687 -0.000598759 0.999998 5.08651 25.6943 207.154 -0.125982 0.0486785 0.990727 1.83365 -2.24042 14.6525 0.401892 47.3488 
32364243 4.15638 19.3779 210.003 0.00231761 -0.00154995 0.999996 3.5688 26.0155 207.177 -0.128439 0.0422137 0.99076 1.83681 -2.23784 14.6699 0.45475 47.3313 
32451382 3.13064 19.5817 210.001 0.00251271 -0.00139473 0.999996 2.32282 25.9279 207.134 -0.130957 0.0368616 0.990636 1.83623 -2.23784 14.6779 0.507895 47.3234 
32539646 2.00492 19.7289 210 0.00215026 -0.00128925 0.999997 0.763302 26.0403 207.189 -0.132837 0.0294234 0.990662 1.83623 -2.2387 14.6826 0.564487 47.3186 
32626885 0.941651 19.7983 210.002 0.00177394 -0.00145524 0.999997 -0.731802 25.892 207.165 -0.134191 0.0228941 0.990661 1.83681 -2.23928 14.6937 0.617345 47.3075 
32714134 -0.182434 19.8214 210.001 0.00139889 -0.00159906 0.999998 -2.18341 26.0003 207.22 -0.135842 0.0138932 0.990531 1.83681 -2.24014 14.7112 0.673363 47.29 
32801378 -1.24323 19.7843 210.001 0.00104643 -0.00173122 0.999998 -3.60994 25.613 207.227 -0.136655 0.00763973 0.990469 1.83681 -2.241 14.7239 0.72622 47.2773 
32889530 -2.3594 19.6935 209.999 0.000690109 -0.00166328 0.999998 -4.79746 25.2879 207.215 -0.137545 0.00239715 0.99039 1.83623 -2.24215 14.7287 0.782238 47.2726 
32976752 -3.41342 19.5381 209.998 0.00022667 -0.00174662 0.999998 -6.32966 25.0348 207.206 -0.136868 -0.00458066 0.990497 1.83623 -2.2433 14.7287 0.835096 47.2726 
33064006 -4.5089 19.3145 209.998 -8.34461e-005 -0.00184523 0.999998 -7.80118 24.4404 207.246 -0.136762 -0.0119879 0.990441 1.83623 -2.24416 14.7287 0.890827 47.2726 
33151259 -5.53535 19.0455 209.998 -0.000386355 -0.00198194 0.999998 -9.00087 24.1277 207.124 -0.136805 -0.0202634 0.990268 1.83623 -2.24502 14.7287 0.943684 47.2726 
33238499 -6.60697 18.7063 209.996 -0.000763327 -0.00211941 0.999997 -10.3905 23.419 207.288 -0.135166 -0.0274043 0.990361 1.83595 -2.24617 14.7287 0.999702 47.2726 
33326629 -7.58689 18.3365 209.995 -0.000876807 -0.00218282 0.999997 -11.4992 22.9778 207.29 -0.134655 -0.0338822 0.99028 1.83566 -2.24674 14.7287 1.05227 47.2726 
33413884 -8.61687 17.8815 209.994 -0.00110114 -0.0023333 0.999997 -12.6871 22.1045 207.359 -0.133467 -0.0407379 0.990103 1.83537 -2.24761 14.7287 1.10858 47.2726 
33501143 -9.56454 17.3928 209.994 -0.00145967 -0.00267709 0.999995 -13.8471 21.4467 207.393 -0.131367 -0.0473445 0.990102 1.83537 -2.24876 14.7287 1.16144 47.2726 
33588390 -10.5416 16.8057 209.995 -0.00203762 -0.003416 0.999992 -14.9203 20.6339 207.331 -0.129179 -0.052705 0.990166 1.83595 -2.25048 14.7287 1.21717 47.2726 
33676630 -11.4311 16.2138 209.994 -0.0025306 -0.00402449 0.999989 -16.1615 19.5208 207.321 -0.126639 -0.0588964 0.990088 1.83595 -2.2522 14.7287 1.26974 47.2726 
33763756 -12.3742 15.5817 209.983 -0.00410008 -0.00461795 0.999981 -17.2414 18.7338 207.37 -0.123271 -0.0653323 0.990137 1.83279 -2.25709 14.7271 1.32547 47.2742 
33851007 -13.1414 14.8682 209.993 -0.00303074 -0.00500463 0.999983 -18.0943 17.8852 207.307 -0.121112 -0.0708465 0.989977 1.83566 -2.25479 14.7255 1.37775 47.2758 
33938269 -13.9343 14.1427 209.99 -0.00358062 -0.00573843 0.999977 -19.1032 16.8529 207.386 -0.11746 -0.0763327 0.990002 1.83509 -2.25709 14.7223 1.43061 47.2789 
34026518 -14.6996 13.3356 209.991 -0.0035289 -0.00610643 0.999975 -20.0256 15.6716 207.37 -0.113704 -0.0812061 0.990058 1.83537 -2.25766 14.7096 1.48605 47.2916 
34113759 -15.4303 12.497 209.989 -0.00344345 -0.00604878 0.999976 -20.8405 14.4837 207.353 -0.109675 -0.0873867 0.990045 1.8348 -2.25795 14.6921 1.54236 47.3091 
34200888 -16.0481 11.6795 209.993 -0.00289331 -0.00553496 0.99998 -21.5477 13.2813 207.444 -0.104936 -0.0923041 0.990069 1.83509 -2.25651 14.6699 1.59493 47.3329 
34288168 -16.6852 10.7659 209.993 -0.0024786 -0.00489176 0.999985 -22.1039 12.2527 207.391 -0.101135 -0.096187 0.990106 1.83451 -2.25536 14.654 1.65238 47.3504 
34376389 -17.2056 9.87415 209.997 -0.00179915 -0.00394539 0.999991 -22.8567 10.808 207.403 -0.0958664 -0.100178 0.990224 1.83537 -2.25278 14.6255 1.70581 47.3789 
34463634 -17.7187 8.8936 210 -0.000934083 -0.00258464 0.999996 -23.381 9.34585 207.523 -0.091043 -0.104602 0.990299 1.83595 -2.24933 14.6112 1.76384 47.3932 
34550755 -18.165 7.92758 210.003 -0.000560411 -0.00202163 0.999998 -23.8768 8.07821 207.5 -0.0858346 -0.108215 0.990365 1.83623 -2.24789 14.6048 1.81842 47.4012 
34638013 -18.5554 6.9677 210.007 0.000112186 -0.000468352 1 -24.4164 6.59628 207.51 -0.0798237 -0.11221 0.990455 1.83623 -2.24445 14.608 1.87329 47.4012 
34726259 -18.9304 5.91028 210.006 0.000231871 0.00052664 1 -24.601 5.15935 207.499 -0.0745357 -0.115347 0.990451 1.83566 -2.24272 14.6064 1.93161 47.4027 
34813511 -19.2207 4.88692 210.007 0.000396773 0.00150333 0.999999 -24.9193 3.62705 207.505 -0.0686573 -0.117935 0.990592 1.83566 -2.24071 14.6064 1.98676 47.4027 
34900771 -19.4678 3.78647 210.007 0.000387415 0.00208081 0.999998 -25.1288 2.093 207.621 -0.0621819 -0.120643 0.990603 1.83566 -2.23956 14.6064 2.04451 47.4027 
34988017 -19.6328 2.73313 210.009 0.000438867 0.00237515 0.999997 -25.2113 0.613941 207.497 -0.0565043 -0.122953 0.990712 1.83623 -2.2387 14.6064 2.09851 47.4027 
35075133 -19.7682 1.60044 210.008 0.000160408 0.00239226 0.999997 -25.2396 -1.21382 207.529 -0.0502285 -0.123209 0.990998 1.83566 -2.23899 14.6064 2.15625 47.4027 
35163378 -19.8326 0.42121 210.005 3.37939e-007 0.00077496 1 -25.1805 -2.62143 207.494 -0.0455246 -0.121798 0.991477 1.83537 -2.24244 14.6064 2.21342 47.4027 
35250643 -19.8347 -0.593224 210.006 -0.000244614 0.00237559 0.999997 -25.0057 -4.04244 207.46 -0.0414158 -0.120952 0.991689 1.83509 -2.23928 14.6064 2.26714 47.4027 
35337892 -19.7675 -1.66957 210.006 -0.000254438 0.0020243 0.999998 -24.7605 -5.86587 207.358 -0.0393949 -0.11567 0.99246 1.83537 -2.23985 14.6064 2.32086 47.4027 
35425145 -19.6445 -2.79997 210.005 -0.00036952 0.00164406 0.999999 -24.5976 -7.14449 207.176 -0.0423928 -0.106403 0.99335 1.83509 -2.24071 14.6064 2.37774 47.4027 
35513274 -19.4611 -3.84534 210.006 -0.000303056 0.00130237 0.999999 -24.0396 -8.46069 207.561 -0.040181 -0.104343 0.993709 1.83537 -2.24129 14.6064 2.4306 47.4027 
35600515 -19.223 -4.9207 210.005 -0.000461928 0.0013258 0.999999 -23.692 -9.53485 207.59 -0.0364941 -0.105965 0.993674 1.83509 -2.24129 14.6064 2.48633 47.4027 
35687775 -18.9347 -5.95153 210.004 -0.00052367 0.00107302 0.999999 -23.2966 -10.8659 207.538 -0.0304923 -0.107087 0.993724 1.8348 -2.24186 14.6064 2.54005 47.4027 
35776008 -18.5617 -7.01361 210.005 -0.000436198 0.000880397 1 -22.5436 -12.1443 207.465 -0.0254778 -0.108182 0.993685 1.83509 -2.24215 14.6064 2.59635 47.4027 
35863149 -18.1629 -7.98971 210.005 -0.000482349 0.000855983 1 -21.935 -13.495 207.521 -0.0182725 -0.109507 0.993717 1.83509 -2.24215 14.6064 2.6495 47.4027 
35950388 -17.6825 -9.01433 210.003 -0.000414415 0.00048372 1 -21.1689 -14.6565 207.542 -0.0122468 -0.109757 0.993765 1.8348 -2.24301 14.6064 2.70609 47.4027 
36037641 -17.19 -9.94277 210.001 -0.000553251 0.000377694 1 -20.5161 -15.8154 207.454 -0.00634145 -0.109987 0.993815 1.83422 -2.2433 14.6064 2.75924 47.4027 
36124890 -16.6058 -10.91 209.999 -0.000599972 0.000142358 1 -19.5266 -17.0218 207.472 -0.000672882 -0.109424 0.993883 1.83365 -2.24387 14.6064 2.81611 47.4027 
36213026 -16.0019 -11.7688 210 -0.000598959 0.000212646 1 -18.635 -18.102 207.474 0.00564194 -0.108707 0.994028 1.83394 -2.24358 14.6064 2.86897 47.4027 
36300271 -15.2942 -12.6579 210.002 -0.00032247 7.15023e-005 1 -17.7212 -19.0703 207.462 0.0115266 -0.108321 0.993991 1.83451 -2.24387 14.6064 2.92557 47.4027 
36387533 -14.5935 -13.4518 210.003 -0.000229403 5.79465e-005 1 -16.4055 -20.3424 207.475 0.0176198 -0.106709 0.994016 1.8348 -2.24387 14.6064 2.97871 47.4027 
36474757 -13.7989 -14.2656 210.003 -2.16377e-005 -0.000141192 1 -15.3541 -21.2267 207.444 0.0225058 -0.105645 0.994044 1.8348 -2.24445 14.6064 3.03559 47.4027 
36563011 -13.0317 -14.9838 210.001 -9.48133e-005 -0.0002579 1 -14.065 -22.025 207.504 0.0279129 -0.104425 0.994029 1.83422 -2.24473 14.6064 3.08873 47.4027 
36650137 -12.163 -15.7038 210 5.51267e-005 -0.000444394 1 -13.0036 -22.8013 207.458 0.0336811 -0.103266 0.994009 1.83394 -2.24531 14.6064 3.14533 47.4027 
36737389 -11.2851 -16.3263 210.002 0.00059614 -0.000516862 1 -11.5801 -23.5386 207.389 0.0379731 -0.100596 0.994077 1.8348 -2.24588 14.6064 3.19847 47.4027 
36824648 -10.3486 -16.9415 210.001 0.000900886 -0.000716925 0.999999 -10.4091 -24.3321 207.451 0.0442504 -0.0978952 0.994063 1.83451 -2.24674 14.6064 3.25449 47.4027 
36912901 -9.4277 -17.4706 210.001 0.00131597 -0.000853411 0.999999 -9.17145 -24.807 207.353 0.0487792 -0.0960183 0.994112 1.83451 -2.24761 14.6064 3.30735 47.4027 
37000023 -8.46303 -18.0345 209.988 0.00189953 -0.00200251 0.999996 -7.92586 -25.2784 207.365 0.052915 -0.0928137 0.994233 1.83078 -2.25134 14.6064 3.36337 47.4027 
37087270 -7.4561 -18.41 209.998 0.00202203 -0.00107963 0.999997 -6.24388 -25.833 207.371 0.0574555 -0.0886798 0.994329 1.83394 -2.24933 14.6064 3.41651 47.4027 
37174515 -6.34922 -18.8032 210 0.00407332 -0.00134866 0.999991 -5.10387 -26.1766 207.37 0.0630705 -0.085499 0.994273 1.8348 -2.25306 14.6064 3.47224 47.4027 
37261773 -5.37166 -19.1055 210.001 0.00332199 -0.000929151 0.999994 -3.70781 -26.4458 207.349 0.066776 -0.0826251 0.994211 1.8348 -2.25134 14.6064 3.5251 47.4027 
37350033 -4.30223 -19.4401 209.988 0.00422672 -0.00178821 0.999989 -2.40368 -26.6015 207.313 0.0704941 -0.0782293 0.994302 1.83135 -2.25508 14.6048 3.58112 47.4043 
37437167 -3.26997 -19.5852 209.999 0.00336802 -0.000780171 0.999994 -0.764989 -26.8033 207.381 0.0741961 -0.0732003 0.994426 1.83422 -2.25163 14.6001 3.63397 47.4091 
37524407 -2.21971 -19.7311 209.999 0.00338265 -0.00067651 0.999994 0.799644 -26.7686 207.31 0.0774848 -0.0698703 0.994439 1.83422 -2.25163 14.5937 3.68741 47.4155 
37611651 -1.12193 -19.8232 209.999 0.00269657 -0.000546948 0.999996 2.13297 -26.8078 207.367 0.0804847 -0.0645998 0.994556 1.83422 -2.25019 14.5874 3.744 47.4218 
37699952 0.00196464 -19.8489 210.001 0.00249258 -0.000409246 0.999997 3.48468 -26.7546 207.298 0.0830033 -0.0592478 0.99468 1.83451 -2.24962 14.581 3.80088 47.4282 
37787140 1.04158 -19.8211 210.001 0.00166388 -0.000431089 0.999999 5.20189 -26.5216 207.302 0.0860989 -0.0541341 0.994692 1.83451 -2.24789 14.5747 3.8546 47.4345 
37874393 2.09429 -19.7377 210.002 0.000989663 -0.000462949 0.999999 6.59404 -26.223 207.311 0.0886495 -0.0500484 0.994749 1.83451 -2.24646 14.5731 3.90889 47.4361 
37961516 3.18386 -19.6027 210.001 -0.00018462 -0.00082068 1 7.8804 -25.9323 207.211 0.0902811 -0.0448091 0.9948 1.83394 -2.24416 14.5715 3.96635 47.4377 
38049787 4.21254 -19.4029 210.002 -0.00117918 -0.00103705 0.999999 9.29708 -25.5351 207.204 0.0921533 -0.0396106 0.994848 1.83422 -2.24186 14.5715 4.02064 47.4377 
38137038 5.33469 -19.1193 210.003 -0.00120946 -0.00106095 0.999999 10.7371 -25.0394 207.18 0.0934724 -0.0333023 0.995005 1.83451 -2.24157 14.5715 4.07896 47.4377 
38224279 6.34911 -18.8014 210.005 -0.00150653 -0.00119041 0.999998 12.101 -24.4081 207.251 0.093572 -0.0261568 0.995214 1.8348 -2.24071 14.5715 4.13296 47.4377 
38311407 7.41249 -18.4141 210.004 -0.00159357 -0.00142598 0.999998 13.461 -23.7832 207.212 0.0936231 -0.0200192 0.995322 1.83451 -2.24042 14.5715 4.19042 47.4377 
38399645 8.47667 -17.9481 210.003 -0.000395414 -0.000917394 1 14.5911 -23.125 207.178 0.0947366 -0.0134491 0.995327 1.83451 -2.24301 14.5715 4.24701 47.4377 
38486936 9.39612 -17.4917 210.003 -0.00168619 -0.00183437 0.999997 16.1299 -22.303 207.213 0.0917718 -0.00539882 0.995649 1.83422 -2.23985 14.5715 4.3013 47.4377 
38574156 10.322 -16.949 210.005 -0.00143971 -0.00165141 0.999998 17.363 -21.2038 207.222 0.0901061 0.00229076 0.995849 1.8348 -2.24014 14.5715 4.35474 47.4377 
38661400 11.2676 -16.3356 210.005 -0.00123273 -0.00164436 0.999998 18.8206 -20.3286 207.022 0.0850744 0.0149462 0.99621 1.8348 -2.24042 14.5715 4.41133 47.4377 
38749575 12.1273 -15.7078 210.005 -0.00103659 -0.00161623 0.999998 19.728 -19.3148 207.164 0.0814366 0.0278192 0.996239 1.8348 -2.24071 14.5715 4.46476 47.4377 
38836797 12.9892 -15.0101 210.004 -0.00104429 -0.0018661 0.999998 20.732 -18.2941 207.196 0.0787781 0.0362534 0.996124 1.83451 -2.24042 14.5715 4.52107 47.4377 
38924031 13.7716 -14.2882 210.005 -0.000949232 -0.00182277 0.999998 21.7225 -17.375 207.243 0.0756143 0.0438977 0.996019 1.8348 -2.24042 14.5715 4.5745 47.4377 
39011291 14.5527 -13.4838 210.006 -0.000856677 -0.00177737 0.999998 22.6287 -16.2319 207.149 0.0731328 0.0511814 0.995938 1.83509 -2.24042 14.5715 4.6308 47.4377 
39098549 15.248 -12.6751 210.007 -0.000710221 -0.00151748 0.999999 23.2969 -15.1275 207.186 0.0710803 0.0566234 0.995734 1.83566 -2.24071 14.5715 4.68395 47.4377 
39186649 15.952 -11.7938 210.001 -0.000380999 -0.00155197 0.999999 24.0059 -13.7934 207.189 0.0685679 0.060796 0.995729 1.83509 -2.24129 14.5667 4.74083 47.4377 
39273919 16.558 -10.9362 209.998 -0.000256151 -0.00167623 0.999999 24.9502 -12.5222 207.191 0.0644129 0.0677148 0.995519 1.8348 -2.24129 14.5652 4.79397 47.4377 
39361161 17.1518 -9.98966 209.997 -6.49476e-005 -0.00165423 0.999999 25.9281 -11.1207 206.718 0.0587204 0.0772575 0.99524 1.83451 -2.24157 14.5652 4.85028 47.4377 
39448408 17.6573 -9.04315 209.999 -2.53123e-005 -0.00132525 0.999999 28.3667 -10.2051 204.674 0.0452507 0.100929 0.993739 1.83509 -2.24186 14.5683 4.90371 47.4345 
39536529 18.1994 -8.05442 209.987 0.00115773 -0.000796307 0.999999 26.4255 -8.66892 207.121 0.057443 0.118288 0.991276 1.83164 -2.24531 14.5683 4.9603 47.4345 
39623801 18.5409 -7.05627 209.999 0.000162966 -0.00118649 0.999999 26.6997 -7.34534 207.146 0.0523925 0.119897 0.991366 1.83509 -2.24215 14.5683 5.01316 47.4345 
39711033 18.891 -6.05725 209.999 0.000244019 -0.00103149 0.999999 27.1329 -5.92931 207.264 0.0444929 0.122968 0.991358 1.83509 -2.24244 14.5699 5.06631 47.4329 
39798286 19.2141 -4.98012 209.997 0.00044165 -0.00103648 0.999999 27.3938 -4.73751 207.196 0.0384543 0.125339 0.991254 1.83451 -2.24272 14.5699 5.12319 47.4329 
39886526 19.455 -3.88067 209.999 0.000379696 -0.000858422 1 27.4978 -3.16092 207.193 0.0319551 0.127176 0.991245 1.83509 -2.24272 14.5699 5.17949 47.4329 
39973658 19.6302 -2.82826 209.999 0.000368601 -0.000479114 1 27.5648 -1.79865 207.221 0.0255164 0.128634 0.991288 1.83537 -2.2433 14.5715 5.23264 47.4313 
