0	0.063
0	0.094
0	0.11
0	0.125
0	0.156
0	0.172
0	0.203
0	0.219
0	0.234
0	0.266
0	0.281
0	0.297
0	0.328
0	0.344
0	0.359
0	0.39
0	0.406
0	0.422
0	0.453
0	0.468
0	0.484
0	0.515
0	0.546
0	0.562
0	0.578
0	0.593
0	0.624
0	0.64
0	0.671
0	0.687
0	0.702
0	0.718
0	0.749
0	0.765
0	0.796
0	0.812
0	0.827
0	0.858
0	0.874
0	0.89
0	0.921
0	0.936
0	0.952
0	0.983
0	0.999
0	1.014
0	1.046
0	1.061
0	1.092
0	1.108
0	1.124
0	1.139
0	1.17
0	1.186
0	1.217
0	1.233
0	1.248
0	1.28
0	1.295
0	1.311
0	1.342
0	1.358
0	1.373
0	1.404
0	1.42
0	1.451
0	1.467
0	1.482
0	1.514
0	1.529
0	1.545
0	1.576
0	1.592
0	1.607
0	1.638
0	1.654
0	1.67
0	1.701
0	1.716
0	1.748
0	1.763
0	1.779
0	1.794
0	1.826
0	1.857
0	1.872
0	1.888
0	1.904
0	1.935
0	1.95
0	1.982
0	1.997
0	2.013
0	2.028
0	2.06
0	2.075
0	2.091
0	2.122
0	2.138
0	2.169
0	2.184
0	2.2
0	2.231
0	2.247
0	2.262
0	2.294
0	2.309
0	2.325
0	2.356
0	2.372
0	2.403
0	2.418
0	2.45
0	2.481
0	2.496
0	2.528
0	2.543
0	2.559
0	2.59
0	2.606
0	2.637
0	2.652
0	2.668
0	2.684
0	2.715
0	2.73
0	2.762
0	2.777
0	2.793
0	2.824
0	2.84
0	2.855
0	2.886
0	2.902
0	2.918
0	2.949
0	2.964
0	2.98
0	3.011
0	3.027
0	3.042
0	3.074
0	3.089
0	3.105
0	3.136
0	3.152
0	3.183
0	3.198
0	3.214
0	3.245
0	3.261
0	3.276
0	3.308
0	3.323
0	3.339
0	3.37
0	3.386
0	3.401
0	3.432
0	3.448
0	3.464
0	3.495
0	3.526
0	3.542
0	3.557
0	3.573
0	3.604
0	3.62
0	3.635
0	3.666
0	3.682
0	3.713
0	3.729
0	3.744
0	3.76
0	3.791
0	3.807
0	3.838
0	3.854
0	3.869
0	3.9
0	3.916
0	3.947
0	3.963
0	3.978
0	4.01
0	4.025
0	4.041
0	4.056
0	4.088
0	4.103
0	4.134
0	4.15
0	4.166
0	4.197
0	4.212
0	4.244
0	4.244
0	4.275
0	4.29
0	4.322
0	4.337
0	4.353
0	4.384
0	4.4
0	4.415
0	4.446
0	4.462
0	4.478
0	4.509
0	4.524
0	4.556
0	4.571
0	4.602
0	4.618
0	4.634
0	4.665
0	4.68
0	4.696
0	4.712
0	4.743
0	4.758
0	4.774
0	4.805
0	4.821
0	4.852
0	4.883
0	4.883
0	4.914
0	4.93
0	4.946
0	4.977
0	4.992
0	5.008
0	5.039
0	5.055
0	5.07
0	5.102
0	5.133
0	5.148
0	5.164
0	5.195
0	5.211
0	5.226
0	5.242
0	5.273
0	5.289
0	5.304
0	5.336
0	5.351
0	5.367
0	5.398
0	5.414
0	5.445
0	5.46
0	5.476
0	5.492
0	5.523
0	5.538
0	5.57
0	5.585
0	5.601
0	5.632
0	5.648
0	5.663
0	5.694
0	5.71
0	5.726
0	5.757
0	5.772
0	5.788
0	5.819
0	5.85
0	5.866
0	5.882
0	5.913
0	5.928
0	5.944
0	5.96
0	5.991
0	6.006
0	6.022
0	6.053
0	6.069
0	6.084
0	6.116
0	6.147
0	6.147
0	6.178
0	6.194
0	6.225
0	6.24
0	6.256
0	6.287
0	6.303
0	6.334
0	6.35
0	6.365
0	6.381
0	6.412
0	6.428
0	6.443
0	6.474
0	6.506
0	6.506
0	6.537
0	6.568
0	6.584
0	6.599
0	6.615
0	6.646
0	6.662
0	6.677
0	6.708
0	6.724
0	6.74
0	6.771
0	6.786
0	6.802
0	6.833
0	6.849
0	6.88
0	6.896
0	6.911
0	6.942
0	6.958
0	6.974
0	7.005
0	7.02
0	7.036
0	7.067
0	7.098
0	7.13
0	7.145
0	7.176
0	7.192
0	7.223
0	7.239
0	7.254
0	7.27
0	7.301
0	7.317
0	7.332
0	7.364
0	7.379
0	7.395
0	7.426
0	7.442
0	7.457
0	7.488
0	7.504
0	7.535
0	7.551
0	7.566
0	7.598
0	7.613
0	7.629
0	7.66
0	7.676
0	7.707
0	7.722
0	7.738
0	7.754
0	7.785
0	7.8
0	7.832
0	7.847
0	7.863
0	7.894
0	7.91
0	7.941
0	7.956
0	7.972
0	7.988
0	8.019
0	8.05
0	8.05
0	8.081
0	8.112
0	8.128
0	8.144
0	8.175
0	8.175
0	8.206
0	8.222
0	8.253
0	8.268
0	8.3
0	8.315
0	8.346
0	8.346
0	8.378
0	8.393
0	8.409
0	8.44
0	8.471
0	8.487
0	8.518
0	8.518
0	8.549
0	8.565
0	8.58
0	8.612
0	8.627
0	8.658
0	8.674
0	8.69
0	8.705
0	8.736
0	8.752
0	8.783
0	8.799
0	8.814
0	8.846
0	8.861
0	8.877
0	8.908
0	8.924
0	8.939
0	8.97
0	8.986
0	9.002
0	9.033
0	9.048
0	9.064
0	9.095
0	9.111
0	9.142
0	9.158
0	9.173
0	9.204
0	9.22
0	9.251
0	9.267
0	9.282
0	9.298
0	9.329
0	9.345
0	9.36
0	9.392
0	9.407
0	9.423
0	9.454
0	9.47
0	9.501
0	9.516
0	9.532
0	9.563
0	9.579
0	9.61
0	9.626
0	9.641
0	9.657
0	9.688
0	9.704
0	9.735
0	9.75
0	9.766
0	9.782
0	9.813
0	9.828
0	9.86
0	9.875
0	9.906
0	9.922
0	9.938
0	9.969
0	9.984
0	10
0	10.016
0	10.047
0	10.062
0	10.078
0	10.109
0	10.125
0	10.14
0	10.172
0	10.187
0	10.218
0	10.234
0	10.25
0	10.281
0	10.296
0	10.312
0	10.343
0	10.359
0	10.374
0	10.406
0	10.421
0	10.437
0	10.468
0	10.499
0	10.499
0	10.53
0	10.546
0	10.577
0	10.593
0	10.608
0	10.64
0	10.655
0	10.671
0	10.702
0	10.718
0	10.749
0	10.764
0	10.78
0	10.811
0	10.827
0	10.842
0	10.874
0	10.889
0	10.905
0	10.936
0	10.952
0	10.967
0	10.998
0	11.014
0	11.03
0	11.061
0	11.076
0	11.108
0	11.123
0	11.139
0	11.17
0	11.186
0	11.201
0	11.232
0	11.248
0	11.264
0	11.295
0	11.31
0	11.326
0	11.357
0	11.373
0	11.388
0	11.42
0	11.435
0	11.466
0	11.482
0	11.498
0	11.529
0	11.544
0	11.56
0	11.591
0	11.607
0	11.622
0	11.654
0	11.669
0	11.685
0	11.716
0	11.732
0	11.747
0	11.778
0	11.81
0	11.825
0	11.841
0	11.856
0	11.888
0	11.903
0	11.919
0	11.95
0	11.966
0	11.997
0	12.012
0	12.044
0	12.044
0	12.075
0	12.09
0	12.122
0	12.137
0	12.153
0	12.184
0	12.2
0	12.231
0	12.246
0	12.262
0	12.278
0	12.309
0	12.324
0	12.34
0	12.371
0	12.387
0	12.402
0.02	12.434
0.04	12.465
0.06	12.48
0.08	12.496
0.08	12.512
0.08	12.543
0.08	12.558
0.08	12.59
0.08	12.605
0.08	12.621
0.08	12.636
0.08	12.668
0.08	12.683
0.08	12.699
0.08	12.73
0.08	12.761
0.08	12.777
0.08	12.792
0.08	12.824
0.08	12.839
0.08	12.855
0.08	12.886
0.08	12.902
0.08	12.917
0.1	12.933
0.12	12.964
0.13	12.98
0.15	12.995
0.17	13.026
0.19	13.042
0.21	13.073
0.23	13.089
0.25	13.104
0.25	13.136
0.25	13.151
0.25	13.167
0.25	13.198
0.25	13.214
0.25	13.229
0.25	13.26
0.25	13.292
0.25	13.307
0.25	13.323
0.25	13.338
0.25	13.354
0.25	13.385
0.25	13.416
0.25	13.432
0.25	13.448
0.27	13.479
0.29	13.494
0.31	13.51
0.31	13.526
0.31	13.557
0.31	13.588
0.31	13.588
0.33	13.619
0.35	13.635
0.37	13.65
0.38	13.682
0.38	13.697
0.38	13.713
0.38	13.744
0.38	13.76
0.38	13.791
0.38	13.806
0.38	13.822
0.38	13.853
0.38	13.869
0.38	13.884
0.38	13.916
0.38	13.931
0.38	13.947
0.4	13.978
0.42	13.994
0.44	14.025
0.44	14.04
0.44	14.056
0.44	14.087
0.44	14.103
0.44	14.134
0.44	14.15
0.44	14.181
0.44	14.181
0.44	14.212
0.46	14.228
0.48	14.243
0.48	14.274
0.48	14.29
0.48	14.306
0.48	14.337
0.48	14.352
0.48	14.384
0.48	14.399
0.48	14.415
0.48	14.446
0.48	14.462
0.48	14.477
0.5	14.508
0.52	14.524
0.54	14.555
0.54	14.571
0.54	14.586
0.54	14.602
0.54	14.633
0.54	14.664
0.54	14.68
0.54	14.696
0.54	14.711
0.54	14.742
0.54	14.758
0.54	14.774
0.56	14.805
0.58	14.82
0.58	14.836
0.58	14.867
0.58	14.883
0.58	14.898
0.58	14.93
0.58	14.945
0.58	14.976
0.58	14.992
0.58	15.039
0.58	15.054
0.6	15.07
0.6	15.101
0.6	15.117
0.6	15.148
0.6	15.164
0.6	15.179
0.6	15.195
0.6	15.226
0.6	15.242
0.6	15.273
0.6	15.288
0.6	15.304
0.6	15.335
0.6	15.351
0.6	15.366
0.62	15.398
0.62	15.413
0.62	15.444
0.62	15.46
0.62	15.476
0.62	15.491
0.62	15.522
0.62	15.554
0.62	15.569
0.62	15.585
0.62	15.6
0.62	15.632
0.62	15.647
0.62	15.678
0.62	15.694
0.62	15.71
0.62	15.741
0.62	15.756
0.62	15.772
0.62	15.788
0.62	15.819
0.62	15.834
0.62	15.85
0.62	15.881
0.62	15.897
0.62	15.928
0.6	15.944
0.6	15.959
0.6	15.99
0.6	16.006
0.6	16.022
0.6	16.053
0.6	16.068
0.6	16.084
0.6	16.115
0.6	16.131
0.6	16.146
0.58	16.178
0.58	16.193
0.58	16.209
0.58	16.24
0.58	16.256
0.58	16.287
0.58	16.302
0.58	16.318
0.58	16.349
0.58	16.365
0.58	16.396
0.58	16.412
0.58	16.427
0.58	16.443
0.58	16.474
0.58	16.505
0.58	16.505
0.58	16.536
0.58	16.552
0.58	16.568
0.58	16.599
0.58	16.614
0.58	16.646
0.58	16.661
0.58	16.677
0.58	16.708
0.56	16.724
0.56	16.739
0.56	16.77
0.56	16.786
0.56	16.817
0.56	16.833
0.56	16.848
0.56	16.88
0.56	16.895
0.56	16.911
0.56	16.942
0.56	16.958
0.56	16.973
0.56	17.004
0.56	17.02
0.58	17.036
0.6	17.067
0.6	17.082
0.6	17.098
0.6	17.129
0.6	17.145
0.6	17.176
0.6	17.192
0.6	17.207
0.6	17.238
0.6	17.254
0.6	17.27
0.6	17.301
0.6	17.316
0.6	17.348
0.6	17.363
0.6	17.394
0.6	17.426
0.6	17.441
0.6	17.472
0.6	17.488
0.6	17.504
0.6	17.519
0.6	17.55
0.6	17.566
0.6	17.597
0.6	17.613
0.6	17.628
0.6	17.66
0.6	17.675
0.6	17.706
0.6	17.722
0.6	17.738
0.6	17.753
0.6	17.784
0.6	17.8
0.6	17.816
0.6	17.847
0.6	17.862
0.6	17.894
0.6	17.909
0.6	17.94
0.6	17.956
0.6	17.972
0.6	18.003
0.6	18.018
0.6	18.034
0.6	18.05
0.6	18.081
0.6	18.096
0.6	18.112
0.6	18.143
0.58	18.174
0.56	18.174
0.56	18.206
0.56	18.221
0.56	18.252
0.56	18.268
0.56	18.284
0.56	18.315
0.56	18.33
0.56	18.346
0.56	18.377
0.56	18.393
0.54	18.408
0.54	18.44
0.54	18.455
0.54	18.486
0.54	18.502
0.54	18.518
0.54	18.549
0.54	18.564
0.54	18.58
0.54	18.611
0.54	18.627
0.54	18.642
0.54	18.674
0.54	18.689
0.54	18.705
0.54	18.736
0.54	18.752
0.54	18.783
0.54	18.798
0.54	18.814
0.54	18.845
0.54	18.861
0.54	18.876
0.54	18.908
0.54	18.923
0.54	18.939
0.52	18.97
0.52	18.986
0.52	19.017
0.52	19.032
0.52	19.048
0.52	19.064
0.52	19.095
0.52	19.11
0.52	19.142
0.52	19.157
0.52	19.173
0.52	19.204
0.52	19.22
0.52	19.235
0.54	19.266
0.54	19.282
0.54	19.298
0.54	19.329
0.54	19.376
0.54	19.391
0.54	19.407
0.54	19.422
0.54	19.454
0.54	19.469
0.54	19.5
0.54	19.516
0.54	19.532
0.54	19.563
0.54	19.578
0.54	19.594
0.54	19.625
0.54	19.656
0.54	19.656
0.54	19.688
0.54	19.703
0.54	19.734
0.54	19.75
0.54	19.781
0.54	19.797
0.54	19.812
0.52	19.828
0.52	19.859
0.52	19.875
0.52	19.906
0.52	19.922
0.52	19.937
0.52	19.968
0.52	19.984
0.52	20
0.52	20.015
0.52	20.046
0.52	20.062
0.52	20.078
0.52	20.109
0.52	20.124
0.52	20.156
0.52	20.171
0.52	20.187
0.52	20.218
0.52	20.234
0.52	20.249
0.52	20.28
0.52	20.296
0.52	20.327
0.52	20.343
0.52	20.374
0.52	20.39
0.52	20.405
0.52	20.421
0.52	20.452
0.52	20.468
0.52	20.483
0.52	20.514
0.52	20.53
0.52	20.546
0.52	20.577
0.52	20.592
0.52	20.608
0.52	20.639
0.5	20.655
0.5	20.67
0.5	20.702
0.5	20.717
0.5	20.733
0.5	20.764
0.5	20.78
0.5	20.811
0.5	20.826
0.5	20.858
0.5	20.873
0.5	20.889
0.5	20.904
0.52	20.936
0.54	20.951
0.54	20.967
0.54	20.998
0.54	21.014
0.54	21.029
0.54	21.06
0.54	21.076
0.54	21.092
0.54	21.123
0.54	21.138
0.54	21.17
0.54	21.201
0.52	21.201
0.5	21.232
0.5	21.248
0.5	21.263
0.5	21.294
0.5	21.326
0.5	21.341
0.5	21.357
0.5	21.372
0.5	21.388
0.5	21.419
0.5	21.45
0.5	21.466
0.5	21.482
0.52	21.513
0.54	21.528
0.54	21.544
0.54	21.56
0.54	21.591
0.54	21.606
0.54	21.622
0.54	21.653
0.54	21.669
0.54	21.684
0.54	21.716
0.54	21.731
0.54	21.762
0.52	21.778
0.5	21.794
0.5	21.825
0.5	21.84
0.5	21.872
0.5	21.887
0.5	21.903
0.5	21.918
0.5	21.95
0.5	21.981
0.5	21.981
0.5	22.012
0.5	22.043
0.5	22.059
0.5	22.074
0.5	22.09
0.5	22.121
0.5	22.137
0.5	22.152
0.5	22.184
0.5	22.199
0.5	22.23
0.5	22.246
0.5	22.262
0.5	22.277
0.5	22.308
0.5	22.324
0.48	22.355
0.48	22.371
0.48	22.402
0.48	22.418
0.48	22.449
0.48	22.48
0.48	22.511
0.48	22.511
0.48	22.542
0.48	22.574
0.48	22.589
0.48	22.605
0.48	22.62
0.48	22.652
0.5	22.667
0.5	22.683
0.5	22.714
0.5	22.73
0.5	22.745
0.5	22.776
0.5	22.792
0.5	22.808
0.5	22.839
0.5	22.854
0.5	22.87
0.5	22.901
0.5	22.932
0.5	22.948
0.5	22.964
0.5	22.979
0.5	22.995
0.5	23.026
0.5	23.042
0.5	23.073
0.5	23.088
0.5	23.12
0.5	23.135
0.5	23.151
0.5	23.166
0.52	23.198
0.52	23.213
0.52	23.229
0.52	23.26
0.52	23.291
0.52	23.307
0.52	23.322
0.52	23.338
0.52	23.354
0.52	23.385
0.52	23.4
0.52	23.432
0.52	23.447
0.52	23.463
0.5	23.494
0.5	23.51
0.5	23.525
0.5	23.556
0.5	23.588
0.5	23.588
0.5	23.619
0.5	23.634
0.5	23.666
0.5	23.681
0.5	23.697
0.5	23.728
0.5	23.744
0.5	23.775
0.5	23.79
0.5	23.806
0.5	23.822
0.5	23.853
0.5	23.868
0.5	23.884
0.5	23.915
0.5	23.931
0.5	23.946
0.5	23.978
0.5	23.993
0.5	24.024
0.48	24.04
0.46	24.071
0.46	24.087
0.46	24.102
0.46	24.134
0.46	24.149
0.46	24.165
0.46	24.196
0.46	24.212
0.46	24.227
0.46	24.258
0.46	24.274
0.46	24.305
0.48	24.321
0.5	24.336
0.5	24.352
0.5	24.383
0.5	24.399
0.5	24.414
0.5	24.446
0.5	24.461
0.5	24.477
0.5	24.508
0.5	24.524
0.5	24.555
0.5	24.57
0.5	24.586
0.48	24.617
0.46	24.633
0.46	24.648
0.46	24.68
0.46	24.695
0.46	24.711
0.46	24.742
0.46	24.758
0.46	24.773
0.46	24.804
0.46	24.82
0.46	24.836
0.46	24.867
0.48	24.898
0.5	24.914
0.5	24.929
0.5	24.945
0.5	24.976
0.5	24.992
0.5	25.007
0.5	25.038
0.5	25.054
0.5	25.07
0.5	25.101
0.5	25.116
0.5	25.132
0.5	25.163
0.48	25.179
0.46	25.194
0.46	25.226
0.46	25.257
0.46	25.272
0.46	25.288
0.46	25.319
0.46	25.335
0.46	25.35
0.46	25.366
0.46	25.397
0.46	25.428
0.46	25.428
0.48	25.46
0.5	25.475
0.5	25.491
0.5	25.522
0.5	25.538
0.5	25.553
0.5	25.584
0.5	25.6
0.5	25.631
0.5	25.647
0.5	25.662
0.5	25.694
0.5	25.709
0.5	25.725
0.48	25.756
0.46	25.772
0.46	25.787
0.46	25.818
0.46	25.85
0.46	25.85
0.46	25.881
0.46	25.912
0.46	25.928
0.46	25.943
0.46	25.959
0.46	25.99
0.46	26.006
0.48	26.021
0.5	26.052
0.5	26.068
0.5	26.084
0.5	26.115
0.5	26.13
0.5	26.146
0.5	26.177
0.5	26.193
0.5	26.208
0.5	26.24
0.5	26.271
0.5	26.286
0.5	26.302
0.48	26.318
0.46	26.349
0.46	26.364
0.46	26.38
0.46	26.411
0.46	26.427
0.46	26.458
0.46	26.474
0.46	26.489
0.46	26.505
0.46	26.536
0.46	26.567
0.46	26.583
0.48	26.598
0.5	26.63
0.5	26.645
0.5	26.661
0.5	26.676
0.5	26.708
0.5	26.723
0.5	26.754
0.5	26.77
0.5	26.786
0.5	26.801
0.5	26.832
0.5	26.848
0.5	26.879
0.48	26.895
0.48	26.926
0.48	26.942
0.48	26.957
0.48	26.973
0.48	27.004
0.48	27.02
0.48	27.051
0.48	27.066
0.48	27.082
0.48	27.098
0.48	27.129
0.48	27.144
0.5	27.176
0.5	27.191
0.5	27.207
0.5	27.238
0.5	27.254
0.5	27.269
0.5	27.3
0.5	27.316
0.5	27.332
0.5	27.363
0.5	27.378
0.5	27.394
0.5	27.425
0.5	27.456
0.48	27.472
0.46	27.488
0.46	27.519
0.46	27.534
0.46	27.55
0.46	27.566
0.46	27.597
0.46	27.612
0.46	27.628
0.46	27.659
0.46	27.675
0.46	27.69
0.46	27.722
0.48	27.737
0.5	27.753
0.5	27.784
0.5	27.8
0.5	27.831
0.5	27.846
0.5	27.878
0.5	27.893
0.5	27.909
0.5	27.924
0.5	27.956
0.5	27.971
0.5	28.002
0.48	28.018
0.46	28.034
0.44	28.049
0.44	28.08
0.44	28.096
0.44	28.112
0.44	28.143
0.44	28.158
0.44	28.19
0.44	28.205
0.44	28.236
0.44	28.252
0.44	28.268
0.46	28.283
0.48	28.314
0.5	28.33
0.52	28.361
0.52	28.377
0.52	28.392
0.52	28.408
0.52	28.439
0.52	28.455
0.52	28.47
0.52	28.502
0.52	28.517
0.52	28.548
0.52	28.564
0.52	28.58
0.5	28.611
0.48	28.626
0.48	28.642
0.48	28.673
0.48	28.689
0.48	28.72
0.48	28.736
0.48	28.751
0.48	28.782
0.48	28.798
0.48	28.829
0.48	28.845
0.48	28.86
0.5	28.876
0.52	28.907
0.54	28.923
0.56	28.954
0.56	28.97
0.56	28.985
0.56	29.016
0.56	29.032
0.56	29.048
0.56	29.063
0.56	29.094
0.56	29.11
0.56	29.141
0.56	29.157
0.54	29.172
0.52	29.204
0.5	29.219
0.5	29.235
0.5	29.266
0.5	29.282
0.5	29.297
0.5	29.328
0.5	29.344
0.5	29.36
0.5	29.391
0.5	29.406
0.5	29.438
0.5	29.453
0.52	29.469
0.54	29.5
0.54	29.516
0.54	29.547
0.54	29.562
0.54	29.578
0.54	29.609
0.54	29.625
0.54	29.64
0.54	29.656
0.54	29.687
0.54	29.718
0.54	29.718
0.52	29.75
0.5	29.765
0.5	29.796
0.5	29.812
0.5	29.828
0.5	29.859
0.5	29.89
0.5	29.906
0.5	29.921
0.5	29.937
0.5	29.952
0.5	29.984
0.5	30.015
0.5	30.03
0.5	30.046
0.52	30.062
0.52	30.093
0.52	30.108
0.52	30.124
0.52	30.155
0.52	30.171
0.52	30.186
0.52	30.218
0.52	30.233
0.52	30.249
0.52	30.28
0.52	30.296
0.52	30.311
0.5	30.342
0.48	30.358
0.48	30.374
0.48	30.405
0.48	30.42
0.48	30.452
0.48	30.467
0.48	30.498
0.48	30.514
0.48	30.53
0.48	30.545
0.48	30.576
0.48	30.592
0.5	30.623
0.52	30.639
0.52	30.67
0.52	30.67
0.52	30.701
0.52	30.717
0.52	30.748
0.52	30.764
0.52	30.795
0.52	30.81
0.52	30.826
0.52	30.842
0.52	30.873
0.5	30.888
0.48	30.904
0.46	30.935
0.46	30.966
0.46	30.982
0.46	30.998
0.46	31.013
0.46	31.044
0.46	31.06
0.46	31.091
0.46	31.107
0.46	31.122
0.46	31.154
0.46	31.169
0.48	31.185
0.5	31.216
0.5	31.232
0.5	31.247
0.5	31.263
0.5	31.294
0.5	31.31
0.5	31.325
0.5	31.356
0.5	31.372
0.5	31.403
0.5	31.419
0.5	31.45
0.5	31.466
0.48	31.481
0.46	31.512
0.46	31.528
0.46	31.544
0.46	31.559
0.46	31.59
0.46	31.622
0.46	31.622
0.46	31.653
0.46	31.668
0.46	31.7
0.46	31.715
0.46	31.746
0.48	31.762
0.5	31.778
0.52	31.809
0.52	31.824
0.52	31.84
0.52	31.871
0.52	31.887
0.52	31.902
0.52	31.934
0.52	31.949
0.52	31.965
0.52	31.996
0.52	32.012
0.52	32.027
0.5	32.058
0.48	32.074
0.46	32.09
0.46	32.121
0.46	32.136
0.46	32.152
0.46	32.183
0.46	32.199
0.46	32.23
0.46	32.246
0.46	32.277
0.46	32.292
0.46	32.308
0.48	32.324
0.5	32.355
0.52	32.37
0.52	32.386
0.52	32.417
0.52	32.433
0.52	32.448
0.52	32.48
0.52	32.495
0.52	32.511
0.52	32.542
0.52	32.558
0.52	32.573
0.52	32.604
0.5	32.62
0.48	32.651
0.46	32.667
0.46	32.682
0.46	32.714
0.46	32.729
0.46	32.776
0.46	32.792
0.46	32.807
0.46	32.838
0.46	32.87
0.46	32.87
0.46	32.901
0.46	32.916
0.48	32.948
0.5	32.963
0.5	32.979
0.5	33.01
0.5	33.026
0.5	33.041
0.5	33.072
0.5	33.088
0.5	33.104
0.5	33.135
0.5	33.15
0.5	33.166
0.5	33.197
0.5	33.213
0.48	33.228
0.46	33.26
0.46	33.291
0.46	33.306
0.46	33.322
0.46	33.338
0.46	33.369
0.46	33.384
0.46	33.4
0.46	33.431
0.46	33.447
0.46	33.478
0.46	33.494
0.48	33.509
0.5	33.525
0.52	33.556
0.52	33.572
0.52	33.603
0.52	33.618
0.52	33.634
0.52	33.665
0.52	33.681
0.52	33.696
0.52	33.728
0.52	33.743
0.52	33.759
0.52	33.79
0.5	33.806
0.48	33.837
0.48	33.852
0.48	33.868
0.48	33.884
0.48	33.915
0.48	33.93
0.48	33.962
0.48	33.977
0.48	33.993
0.48	34.024
0.48	34.04
0.48	34.071
0.5	34.086
0.52	34.102
0.54	34.118
0.54	34.149
0.54	34.164
0.54	34.18
0.54	34.211
0.54	34.227
0.54	34.258
0.54	34.274
0.54	34.289
0.54	34.32
0.54	34.336
0.54	34.367
0.52	34.383
0.5	34.398
0.48	34.414
0.48	34.445
0.48	34.461
0.48	34.476
0.48	34.508
0.48	34.523
0.48	34.554
0.48	34.57
0.48	34.601
0.48	34.617
0.48	34.632
0.48	34.648
0.5	34.679
0.52	34.695
0.52	34.71
0.52	34.742
0.52	34.757
0.52	34.788
0.52	34.804
0.52	34.82
0.52	34.835
0.52	34.866
0.52	34.882
0.52	34.913
0.52	34.929
0.5	34.944
0.48	34.976
0.46	34.991
0.46	35.007
0.46	35.038
0.46	35.054
0.46	35.1
0.46	35.116
0.46	35.147
0.46	35.163
0.46	35.178
0.46	35.194
0.46	35.225
0.46	35.241
0.48	35.272
0.5	35.288
0.5	35.319
0.5	35.334
0.5	35.35
0.5	35.366
0.5	35.397
0.5	35.412
0.5	35.428
0.5	35.459
0.5	35.49
0.5	35.49
0.5	35.522
0.5	35.537
0.48	35.568
0.46	35.584
0.46	35.6
0.46	35.631
0.46	35.646
0.46	35.662
0.46	35.693
0.46	35.724
0.46	35.724
0.46	35.756
0.46	35.787
0.46	35.787
0.46	35.818
0.48	35.849
0.5	35.865
0.52	35.88
0.52	35.912
0.52	35.927
0.52	35.943
0.52	35.974
0.52	35.99
0.52	36.005
0.52	36.036
0.52	36.052
0.52	36.068
0.52	36.083
0.52	36.114
0.5	36.13
0.48	36.161
0.48	36.177
0.48	36.192
0.48	36.224
0.48	36.239
0.48	36.27
0.48	36.286
0.48	36.302
0.48	36.317
0.48	36.348
0.48	36.364
0.48	36.38
0.5	36.411
0.52	36.426
0.54	36.442
0.56	36.473
0.56	36.504
0.56	36.52
0.56	36.536
0.56	36.567
0.56	36.582
0.56	36.598
0.56	36.614
0.56	36.645
0.56	36.66
0.56	36.692
0.54	36.707
0.52	36.723
0.5	36.738
0.5	36.77
0.5	36.785
0.5	36.816
0.5	36.832
0.5	36.848
0.5	36.879
0.5	36.894
0.5	36.91
0.5	36.941
0.5	36.957
0.5	36.972
0.52	37.004
0.54	37.035
0.56	37.05
0.56	37.066
0.56	37.082
0.56	37.113
0.56	37.128
0.56	37.144
0.56	37.175
0.56	37.191
0.56	37.206
0.56	37.238
0.56	37.253
0.54	37.269
0.52	37.3
0.5	37.316
0.48	37.331
0.48	37.362
0.48	37.394
0.48	37.394
0.48	37.425
0.48	37.456
0.48	37.472
0.48	37.487
0.48	37.503
0.48	37.534
0.48	37.55
0.48	37.565
0.5	37.596
0.52	37.612
0.52	37.628
0.52	37.659
0.52	37.674
0.52	37.706
0.52	37.721
0.52	37.752
0.52	37.752
0.52	37.784
0.52	37.799
0.52	37.83
0.52	37.846
0.5	37.862
0.48	37.893
0.46	37.908
0.46	37.924
0.46	37.955
0.46	37.986
0.46	37.986
0.46	38.018
0.46	38.049
0.46	38.049
0.46	38.08
0.46	38.096
0.46	38.127
0.46	38.142
0.48	38.158
0.5	38.189
0.52	38.205
0.54	38.22
0.54	38.252
0.54	38.267
0.54	38.283
0.54	38.314
0.54	38.33
0.54	38.361
0.54	38.376
0.54	38.392
0.54	38.423
0.54	38.439
0.52	38.454
0.5	38.486
0.48	38.501
0.48	38.517
0.48	38.548
0.48	38.579
0.48	38.579
0.48	38.61
0.48	38.626
0.48	38.642
0.48	38.673
0.48	38.688
0.48	38.72
0.5	38.735
0.52	38.751
0.54	38.782
0.56	38.798
0.56	38.813
0.56	38.844
0.56	38.86
0.56	38.876
0.56	38.907
0.56	38.922
0.56	38.954
0.56	38.969
0.56	39
0.56	39
0.54	39.032
0.52	39.047
0.5	39.063
0.5	39.094
0.5	39.125
0.5	39.141
0.5	39.156
0.5	39.172
0.5	39.203
0.5	39.219
0.5	39.234
0.5	39.266
0.5	39.281
0.5	39.297
0.5	39.328
0.52	39.359
0.54	39.375
0.54	39.39
0.54	39.406
0.54	39.422
0.54	39.453
0.54	39.468
0.54	39.5
0.54	39.515
0.54	39.531
0.54	39.562
0.54	39.593
0.54	39.593
0.52	39.624
0.5	39.64
0.48	39.671
0.48	39.687
0.48	39.718
0.48	39.734
0.48	39.749
0.48	39.765
0.48	39.796
0.48	39.812
0.48	39.843
0.48	39.858
0.48	39.874
0.48	39.905
0.5	39.921
0.52	39.936
0.52	39.968
0.52	39.983
0.52	39.999
0.52	40.03
0.52	40.046
0.52	40.077
0.52	40.093
0.52	40.108
0.52	40.124
0.52	40.155
0.52	40.171
0.5	40.202
0.48	40.217
0.46	40.233
0.46	40.249
0.46	40.28
0.46	40.295
0.46	40.327
0.46	40.342
0.46	40.373
0.46	40.389
0.46	40.405
0.46	40.42
0.46	40.451
0.46	40.467
0.48	40.483
0.5	40.514
0.52	40.529
0.52	40.545
0.52	40.576
0.52	40.592
0.52	40.607
0.52	40.639
0.52	40.654
0.52	40.685
0.52	40.701
0.52	40.732
0.52	40.748
0.52	40.763
0.5	40.779
0.48	40.81
0.48	40.826
0.48	40.841
0.48	40.873
0.48	40.888
0.48	40.904
0.48	40.935
0.48	40.966
0.48	40.982
0.48	40.997
0.48	41.029
0.48	41.044
0.5	41.06
0.52	41.075
0.54	41.107
0.54	41.122
0.54	41.138
0.54	41.169
0.54	41.185
0.54	41.216
0.54	41.231
0.54	41.247
0.54	41.263
0.54	41.294
0.54	41.309
0.54	41.341
0.52	41.356
0.5	41.372
0.48	41.403
0.48	41.419
0.48	41.434
0.48	41.465
0.48	41.481
0.48	41.512
0.48	41.528
0.48	41.543
0.48	41.575
0.48	41.59
0.48	41.606
0.48	41.637
0.5	41.653
0.52	41.668
0.52	41.699
0.52	41.715
0.52	41.746
0.52	41.762
0.52	41.777
0.52	41.793
0.52	41.824
0.52	41.84
0.52	41.871
0.52	41.887
0.52	41.902
0.5	41.933
0.48	41.949
0.46	41.965
0.46	41.996
0.46	42.011
0.46	42.043
0.46	42.058
0.46	42.074
0.46	42.105
0.46	42.121
0.46	42.136
0.46	42.152
0.46	42.183
0.46	42.199
0.48	42.214
0.5	42.245
0.5	42.261
0.5	42.277
0.5	42.308
0.5	42.323
0.5	42.355
0.5	42.37
0.5	42.386
0.5	42.417
0.5	42.433
0.5	42.464
0.5	42.479
0.5	42.495
0.48	42.511
0.46	42.542
0.46	42.573
0.46	42.589
0.46	42.604
0.46	42.635
0.46	42.651
0.46	42.667
0.46	42.682
0.46	42.713
0.46	42.729
0.46	42.745
0.46	42.776
0.48	42.791
0.5	42.807
0.52	42.838
0.52	42.854
0.52	42.885
0.52	42.901
0.52	42.916
0.52	42.947
0.52	42.963
0.52	42.994
0.52	43.01
0.52	43.025
0.52	43.057
0.52	43.072
0.5	43.088
0.48	43.103
0.46	43.135
0.46	43.15
0.46	43.166
0.46	43.197
0.46	43.213
0.46	43.228
0.46	43.259
0.46	43.275
0.46	43.306
0.46	43.322
0.46	43.337
0.48	43.369
0.5	43.384
0.52	43.415
0.52	43.431
0.52	43.447
0.52	43.478
0.52	43.493
0.52	43.509
0.52	43.54
0.52	43.556
0.52	43.587
0.52	43.603
0.52	43.618
0.52	43.634
0.5	43.665
0.48	43.681
0.46	43.696
0.46	43.727
0.46	43.743
0.46	43.759
0.46	43.79
0.46	43.805
0.46	43.821
0.46	43.852
0.46	43.868
0.46	43.883
0.46	43.915
0.46	43.93
0.48	43.961
0.5	43.977
0.52	43.993
0.52	44.024
0.52	44.039
0.52	44.055
0.52	44.086
0.52	44.102
0.52	44.133
0.52	44.149
0.52	44.164
0.52	44.18
0.52	44.211
0.52	44.227
0.5	44.258
0.48	44.273
0.48	44.305
0.48	44.32
0.48	44.336
0.48	44.367
0.48	44.383
0.48	44.414
0.48	44.414
0.48	44.445
0.48	44.461
0.48	44.492
0.48	44.507
0.5	44.539
0.52	44.554
0.54	44.57
0.54	44.601
0.54	44.617
0.54	44.632
0.54	44.663
0.54	44.679
0.54	44.695
0.54	44.71
0.54	44.741
0.54	44.757
0.54	44.773
0.54	44.804
0.52	44.819
0.5	44.835
0.48	44.866
0.48	44.882
0.48	44.913
0.48	44.929
0.48	44.944
0.48	44.975
0.48	44.991
0.48	45.007
0.48	45.038
0.48	45.053
0.48	45.085
0.48	45.1
0.5	45.116
0.5	45.147
0.5	45.163
0.5	45.178
0.5	45.194
0.5	45.225
0.5	45.256
0.5	45.272
0.5	45.287
0.5	45.319
0.5	45.334
0.5	45.35
0.5	45.381
0.48	45.397
0.46	45.428
0.44	45.428
0.44	45.459
0.44	45.475
0.44	45.506
0.44	45.521
0.44	45.537
0.44	45.568
0.44	45.584
0.44	45.599
0.44	45.631
0.44	45.646
0.44	45.662
0.46	45.693
0.48	45.709
0.48	45.724
0.48	45.755
0.48	45.771
0.48	45.787
0.48	45.818
0.48	45.849
0.48	45.865
0.48	45.88
0.48	45.896
0.48	45.927
0.48	45.943
0.48	45.958
0.46	45.989
0.44	46.005
0.44	46.021
0.44	46.052
0.44	46.083
0.44	46.083
0.44	46.114
0.44	46.13
0.44	46.161
0.44	46.177
0.44	46.192
0.44	46.223
0.46	46.239
0.48	46.255
0.5	46.286
0.5	46.301
0.5	46.317
0.5	46.348
0.5	46.364
0.5	46.379
0.5	46.411
0.5	46.426
0.5	46.457
0.5	46.473
0.5	46.504
0.5	46.52
0.5	46.535
0.48	46.551
0.46	46.582
0.46	46.598
0.46	46.613
0.46	46.645
0.46	46.66
0.46	46.676
0.46	46.707
0.46	46.723
0.46	46.754
0.46	46.769
0.46	46.785
0.46	46.816
0.48	46.832
0.5	46.863
0.52	46.879
0.52	46.894
0.52	46.925
0.52	46.941
0.52	46.957
0.52	46.972
0.52	47.003
0.52	47.019
0.52	47.035
0.52	47.066
0.52	47.081
0.52	47.097
0.5	47.128
0.48	47.144
0.48	47.175
0.48	47.191
0.48	47.206
0.48	47.237
0.48	47.269
0.48	47.284
0.48	47.3
0.48	47.315
0.48	47.331
0.48	47.362
0.48	47.378
0.5	47.409
0.52	47.425
0.54	47.44
0.54	47.456
0.54	47.487
0.54	47.503
0.54	47.534
0.54	47.549
0.54	47.565
0.54	47.596
0.54	47.612
0.54	47.627
0.54	47.659
0.54	47.674
0.52	47.69
0.5	47.721
0.5	47.752
0.5	47.768
0.5	47.783
0.5	47.799
0.5	47.83
0.5	47.846
0.5	47.877
0.5	47.893
0.5	47.908
0.5	47.924
0.5	47.955
0.5	47.971
0.52	47.986
0.52	48.017
0.52	48.033
0.52	48.049
0.52	48.08
0.52	48.095
0.52	48.127
0.52	48.142
0.52	48.158
0.52	48.189
0.52	48.205
0.52	48.236
0.52	48.251
0.5	48.267
0.48	48.298
0.48	48.314
0.48	48.329
0.48	48.361
0.48	48.376
0.48	48.392
0.48	48.423
0.48	48.439
0.48	48.47
0.48	48.485
0.48	48.501
0.48	48.517
0.48	48.548
0.5	48.579
0.52	48.579
0.52	48.61
0.54	48.626
0.54	48.641
0.54	48.673
0.54	48.688
0.54	48.704
0.54	48.735
0.54	48.751
0.54	48.782
0.54	48.797
0.54	48.813
0.52	48.844
0.5	48.86
0.5	48.875
0.5	48.907
0.5	48.922
0.5	48.953
0.5	48.969
0.5	48.985
0.5	49
0.5	49.031
0.5	49.063
0.5	49.078
0.5	49.094
0.52	49.109
0.54	49.141
0.54	49.156
0.54	49.187
0.54	49.203
0.54	49.219
0.54	49.25
0.54	49.265
0.54	49.281
0.54	49.297
0.54	49.343
0.54	49.359
0.54	49.39
0.54	49.406
0.52	49.437
0.5	49.453
0.5	49.468
0.5	49.499
0.5	49.515
0.5	49.546
0.5	49.562
0.5	49.577
0.5	49.593
0.5	49.624
0.5	49.64
0.5	49.655
0.5	49.687
0.5	49.702
0.52	49.733
0.5	49.749
0.5	49.765
0.5	49.796
0.5	49.811
0.5	49.827
0.5	49.858
0.5	49.874
0.5	49.889
0.5	49.921
0.5	49.936
0.5	49.952
0.5	49.983
0.48	49.999
0.46	50.03
0.44	50.045
0.44	50.077
0.44	50.092
0.44	50.123
0.44	50.123
0.44	50.155
0.44	50.186
0.44	50.186
0.44	50.217
0.44	50.248
0.44	50.264
0.46	50.279
0.48	50.295
0.5	50.326
0.5	50.342
0.5	50.373
0.5	50.389
0.5	50.404
0.5	50.42
0.5	50.451
0.5	50.467
0.5	50.498
0.5	50.513
0.5	50.529
0.5	50.56
0.48	50.576
0.46	50.591
0.44	50.623
0.44	50.638
0.44	50.654
0.44	50.685
0.44	50.701
0.44	50.716
0.44	50.747
0.44	50.763
0.44	50.779
0.44	50.81
0.44	50.825
0.46	50.841
0.48	50.872
0.5	50.888
0.52	50.919
0.52	50.935
0.52	50.966
0.52	50.966
0.52	50.997
0.52	51.013
0.52	51.044
0.52	51.059
0.52	51.075
0.52	51.106
0.52	51.122
0.52	51.137
0.5	51.169
0.48	51.184
0.46	51.2
0.46	51.231
0.46	51.247
0.46	51.262
0.46	51.293
0.46	51.309
0.46	51.34
0.46	51.356
0.46	51.371
0.46	51.403
0.46	51.418
0.48	51.434
0.5	51.465
0.5	51.496
0.5	51.512
0.5	51.527
0.5	51.543
0.5	51.574
0.5	51.59
0.5	51.605
0.5	51.637
0.5	51.652
0.5	51.668
0.5	51.699
0.5	51.715
0.48	51.73
0.46	51.761
0.44	51.777
0.42	51.793
0.42	51.824
0.42	51.839
0.42	51.871
0.42	51.886
0.42	51.902
0.42	51.933
0.42	51.949
0.42	51.964
0.42	51.995
0.42	52.011
0.44	52.042
0.46	52.058
0.48	52.073
0.48	52.105
0.48	52.12
0.48	52.136
0.48	52.151
0.48	52.183
0.48	52.198
0.48	52.214
0.48	52.245
0.48	52.276
0.48	52.292
0.48	52.307
0.46	52.323
0.44	52.354
0.42	52.37
0.42	52.385
0.42	52.417
0.42	52.448
0.42	52.448
0.42	52.479
0.42	52.495
0.42	52.526
0.42	52.541
0.42	52.557
0.44	52.573
0.46	52.604
0.48	52.635
0.5	52.651
0.5	52.666
0.5	52.697
0.5	52.713
0.5	52.729
0.5	52.744
0.5	52.775
0.5	52.791
0.5	52.807
0.5	52.838
0.5	52.853
0.5	52.885
0.5	52.9
0.48	52.916
0.46	52.931
0.44	52.963
0.44	52.978
0.44	53.009
0.44	53.025
0.44	53.041
0.44	53.072
0.44	53.087
0.44	53.103
0.44	53.134
0.44	53.15
0.44	53.165
0.46	53.197
0.48	53.228
0.5	53.243
0.5	53.259
0.5	53.275
0.5	53.306
0.5	53.321
0.5	53.337
0.5	53.368
0.5	53.384
0.5	53.415
0.5	53.431
0.5	53.446
0.5	53.462
0.48	53.493
0.46	53.524
0.44	53.524
0.42	53.555
0.42	53.571
0.42	53.602
0.42	53.618
0.42	53.633
0.42	53.665
0.42	53.68
0.42	53.696
0.42	53.727
0.42	53.758
0.44	53.774
0.46	53.789
0.48	53.805
0.48	53.836
0.48	53.852
0.48	53.867
0.48	53.899
0.48	53.914
0.48	53.93
0.48	53.961
0.48	53.977
0.48	53.992
0.48	54.023
0.48	54.039
0.48	54.055
0.46	54.086
0.44	54.101
0.42	54.117
0.4	54.148
0.4	54.164
0.4	54.179
0.4	54.211
0.4	54.226
0.4	54.257
0.4	54.273
0.4	54.304
0.4	54.32
0.4	54.335
0.42	54.351
0.44	54.382
0.46	54.398
0.46	54.429
0.46	54.445
0.46	54.46
0.46	54.476
0.46	54.507
0.46	54.523
0.46	54.554
0.46	54.569
0.46	54.585
0.46	54.616
0.46	54.632
0.46	54.647
0.44	54.679
0.42	54.694
0.4	54.71
0.4	54.741
0.4	54.757
0.4	54.772
0.4	54.803
0.4	54.819
0.4	54.85
0.4	54.866
0.4	54.881
0.4	54.913
0.42	54.928
0.44	54.944
0.46	54.975
0.48	54.991
0.48	55.006
0.48	55.037
0.48	55.053
0.48	55.084
0.48	55.1
0.48	55.115
0.48	55.147
0.48	55.162
0.48	55.178
0.48	55.193
0.48	55.225
0.48	55.24
0.46	55.271
0.44	55.287
0.42	55.303
0.4	55.334
0.4	55.349
0.4	55.365
0.4	55.396
0.4	55.412
0.4	55.443
0.4	55.459
0.4	55.474
0.4	55.49
0.42	55.521
0.44	55.537
0.46	55.568
0.48	55.583
0.48	55.599
0.48	55.63
0.48	55.646
0.48	55.661
0.48	55.693
0.48	55.708
0.48	55.724
0.48	55.755
0.48	55.786
0.48	55.786
0.48	55.817
0.46	55.833
0.44	55.864
0.42	55.88
0.4	55.895
0.38	55.927
0.37	55.942
0.37	55.958
0.37	55.989
0.37	56.005
0.37	56.02
0.37	56.051
0.37	56.083
0.37	56.083
0.38	56.114
0.4	56.129
0.42	56.161
0.44	56.176
0.46	56.192
0.46	56.223
0.46	56.239
0.46	56.27
0.46	56.285
0.46	56.301
0.46	56.317
0.46	56.348
0.46	56.363
0.46	56.379
0.46	56.41
0.46	56.426
0.44	56.457
0.42	56.473
0.4	56.504
0.38	56.519
0.37	56.535
0.37	56.551
0.37	56.582
0.37	56.597
0.37	56.613
0.37	56.644
0.37	56.66
0.37	56.675
0.38	56.707
0.4	56.738
0.42	56.753
0.42	56.769
0.42	56.8
0.42	56.816
0.42	56.831
0.42	56.847
0.42	56.863
0.42	56.894
0.42	56.909
0.42	56.941
0.42	56.956
0.42	56.987
0.42	57.003
0.42	57.019
0.42	57.034
0.4	57.065
0.38	57.081
0.37	57.112
0.35	57.128
0.35	57.143
0.35	57.175
0.35	57.19
0.35	57.206
0.35	57.237
0.35	57.253
0.35	57.268
0.35	57.299
0.37	57.315
0.38	57.331
0.38	57.362
0.38	57.377
0.38	57.409
0.38	57.424
0.38	57.44
0.38	57.471
0.38	57.487
0.38	57.502
0.38	57.533
0.38	57.549
0.38	57.565
0.38	57.596
0.38	57.611
0.38	57.643
0.37	57.658
0.35	57.674
0.33	57.689
0.31	57.721
0.29	57.752
0.29	57.752
0.29	57.783
0.29	57.814
0.29	57.83
0.29	57.845
0.31	57.861
0.33	57.892
0.35	57.908
0.35	57.939
0.35	57.955
0.35	57.97
0.35	57.986
0.35	58.017
0.35	58.048
0.35	58.064
0.35	58.079
0.35	58.095
0.35	58.126
0.35	58.142
0.35	58.157
0.35	58.189
0.35	58.204
0.35	58.22
0.33	58.251
0.31	58.267
0.29	58.282
0.27	58.313
0.27	58.329
0.27	58.345
0.27	58.376
0.27	58.407
0.27	58.407
0.27	58.438
0.29	58.469
0.31	58.485
0.33	58.501
0.33	58.532
0.33	58.547
0.33	58.563
0.33	58.594
0.33	58.61
0.33	58.625
0.33	58.657
0.33	58.672
0.33	58.688
0.33	58.703
0.33	58.735
0.33	58.766
0.33	58.766
0.33	58.797
0.33	58.813
0.33	58.844
0.31	58.859
0.29	58.875
0.27	58.906
0.25	58.922
0.23	58.937
0.23	58.969
0.23	58.984
0.23	59
0.25	59.031
0.27	59.047
0.29	59.078
0.29	59.093
0.29	59.109
0.29	59.14
0.29	59.156
0.29	59.171
0.29	59.203
0.29	59.218
0.29	59.249
0.29	59.265
0.29	59.281
0.29	59.296
0.29	59.327
0.29	59.343
0.29	59.359
0.29	59.39
0.29	59.405
0.27	59.421
0.25	59.452
0.23	59.468
0.21	59.499
0.19	59.515
0.19	59.53
0.19	59.561
0.19	59.577
0.19	59.593
0.21	59.624
0.23	59.639
0.23	59.671
0.23	59.686
0.23	59.702
0.23	59.717
0.23	59.749
0.23	59.78
0.23	59.795
0.23	59.811
0.23	59.827
0.23	59.858
0.23	59.873
0.23	59.889
0.23	59.92
0.23	59.936
0.23	59.951
0.23	59.983
0.23	59.998
0.23	60.029
0.23	60.045
0.21	60.061
0.19	60.092
0.17	60.107
0.15	60.123
0.15	60.154
0.15	60.17
0.17	60.201
0.19	60.217
0.21	60.232
0.21	60.248
0.21	60.279
0.21	60.295
0.21	60.31
0.21	60.341
0.21	60.373
0.21	60.388
0.21	60.404
0.21	60.435
0.21	60.451
0.21	60.466
0.21	60.497
0.21	60.513
0.21	60.529
0.21	60.544
0.21	60.575
0.21	60.591
0.21	60.607
0.19	60.638
0.17	60.653
0.15	60.669
0.13	60.7
0.12	60.731
0.12	60.747
0.13	60.763
0.15	60.778
0.17	60.809
0.19	60.825
0.19	60.841
0.19	60.872
0.19	60.887
0.19	60.903
0.19	60.934
0.19	60.95
0.19	60.965
0.19	60.997
0.19	61.012
0.19	61.043
0.19	61.059
0.19	61.075
0.19	61.106
0.19	61.121
0.19	61.137
0.19	61.168
0.19	61.184
0.19	61.199
0.19	61.231
0.17	61.246
0.15	61.262
0.13	61.293
0.12	61.309
0.1	61.324
0.12	61.355
0.13	61.387
0.13	61.402
0.13	61.418
0.13	61.433
0.13	61.465
0.13	61.48
0.13	61.496
0.13	61.527
0.13	61.543
0.13	61.558
0.13	61.589
0.13	61.605
0.13	61.621
0.13	61.652
0.13	61.667
0.13	61.699
0.13	61.714
0.13	61.73
0.13	61.745
0.13	61.777
0.13	61.792
0.13	61.823
0.12	61.839
0.1	61.855
0.08	61.886
0.06	61.901
0.04	61.917
0.04	61.948
0.04	61.979
0.04	61.995
0.04	62.011
0.04	62.042
0.04	62.042
0.04	62.073
0.04	62.089
0.04	62.12
0.04	62.135
0.04	62.151
0.04	62.182
0.04	62.198
0.04	62.229
0.04	62.245
0.04	62.26
0.04	62.276
0.04	62.307
0.04	62.338
0.04	62.338
0.04	62.369
0.04	62.385
0.04	62.416
0.04	62.432
0.02	62.447
0	62.479
0	62.494
0	62.525
0	62.541
0	62.557
0	62.572
0	62.603
0	62.619
0	62.635
0	62.666
0	62.681
0	62.713
0	62.728
0	62.759
0	62.759
0	62.791
0	62.806
0	62.837
0	62.853
0	62.869
0	62.9
0	62.915
0	62.931
0	62.962
0	62.978
0	63.009
0	63.025
0	63.056
0	63.071
0	63.087
0	63.103
0	63.134
0	63.181
0	63.196
0	63.212
0	63.227
0	63.259
0	63.274
0	63.29
0	63.321
0	63.337
0	63.352
0	63.383
0	63.415
0	63.43
0	63.446
0	63.461
0	63.493
0	63.508
0	63.524
0	63.555
0	63.571
0	63.586
0	63.617
0	63.633
0	63.664
0	63.68
0	63.695
0	63.727
0	63.742
0	63.773
0	63.789
0	63.805
0	63.82
0	63.851
0	63.867
0	63.883
0	63.914
0	63.929
0	63.945
0	63.976
0	63.992
0	64.023
0	64.039
0	64.07
0	64.085
0	64.101
0	64.117
0	64.148
0	64.163
0	64.179
0	64.21
0	64.226
0	64.257
0	64.273
0	64.288
0	64.319
0	64.335
0	64.351
0	64.382
0	64.397
0	64.413
0	64.444
0	64.46
0	64.475
0	64.507
0	64.522
0	64.538
0	64.569
0	64.585
0	64.6
0	64.631
0	64.647
0	64.663
0	64.694
0	64.709
0	64.741
0	64.756
0	64.772
0	64.803
0	64.819
0	64.834
0	64.865
0	64.881
0	64.897
0	64.928
0	64.943
0	64.959
0	64.99
0	65.021
0	65.037
0	65.053
0	65.068
0	65.099
0	65.115
0	65.131
0	65.162
0	65.177
0	65.193
0	65.224
0	65.24
0	65.255
0	65.287
0	65.302
0	65.333
0	65.349
0	65.38
0	65.396
0	65.411
0	65.443
0	65.458
0	65.474
0	65.489
0	65.521
0	65.536
0	65.552
0	65.583
0	65.599
0	65.63
0	65.645
0	65.661
0	65.677
0	65.708
0	65.723
0	65.755
0	65.77
0	65.801
0	65.817
0	65.833
0	65.848
0	65.879
0	65.895
0	65.911
0	65.942
0	65.957
0	65.989
0	66.004
0	66.02
0	66.051
0	66.067
0	66.082
0	66.113
0	66.129
0	66.145
0	66.176
0	66.191
0	66.207
0	66.238
0	66.254
0	66.269
0	66.301
0	66.316
0	66.332
0	66.363
0	66.379
0	66.41
0	66.425
0	66.457
0	66.472
0	66.488
0	66.503
0	66.535
0	66.55
0	66.566
0	66.597
0	66.613
0	66.628
0	66.675
0	66.675
0	66.722
0	66.737
0	66.769
0	66.784
0	66.815
0	66.831
0	66.847
0	66.862
0	66.893
0	66.909
0	66.94
0	66.956
0	66.971
0	66.987
0	67.018
0	67.034
0	67.065
0	67.081
0	67.112
0	67.127
0	67.143
0	67.159
0	67.19
0	67.205
0	67.237
0	67.252
0	67.268
0	67.283
0	67.315
0	67.346
0	67.361
0	67.377
0	67.408
0	67.424
0	67.439
0	67.471
0	67.486
0	67.517
0	67.533
0	67.549
0	67.564
0	67.595
0	67.611
0	67.627
0	67.658
0	67.673
0	67.689
0	67.72
0	67.736
0	67.767
0	67.783
0	67.798
0	67.814
0	67.845
0	67.861
0	67.876
0	67.907
0	67.923
0	67.939
0	67.97
0	67.985
0	68.001
0	68.032
0	68.063
0	68.063
0	68.095
0	68.11
0	68.141
0	68.157
0	68.173
0	68.204
0	68.219
0	68.235
0	68.266
0	68.282
0	68.313
0	68.329
0	68.36
0	68.36
0	68.391
0	68.407
0	68.438
0	68.453
0	68.469
0	68.5
0	68.531
0	68.547
0	68.563
0	68.578
0	68.609
0	68.625
0	68.641
0	68.672
0	68.687
0	68.703
0	68.734
0	68.75
0	68.765
0	68.797
0	68.812
0	68.828
0	68.859
0	68.875
0	68.906
0	68.921
0	68.937
0	68.953
0	68.984
0	69.015
0	69.015
0	69.046
0	69.077
0	69.093
0	69.109
0	69.14
0	69.155
0	69.171
0	69.187
0	69.218
0	69.233
0	69.265
0	69.28
0	69.296
0	69.311
0	69.343
0	69.358
0	69.389
0	69.405
0	69.421
0	69.452
0	69.467
0	69.483
0	69.514
0	69.545
0	69.561
0	69.577
0	69.592
0	69.623
0	69.639
0	69.655
0	69.686
0	69.701
0	69.717
0	69.748
0	69.764
0	69.795
0	69.811
0	69.826
0	69.842
0	69.873
0	69.889
0	69.904
0	69.935
0	69.967
0	69.967
0	69.998
0	70.013
0	70.029
0	70.06
0	70.076
0	70.107
0	70.123
0	70.154
0	70.169
0	70.185
0	70.201
0	70.232
0	70.247
0	70.263
0	70.294
0	70.31
0	70.341
0	70.357
0	70.372
0	70.403
0	70.419
0	70.435
0	70.466
0	70.481
0	70.513
0	70.528
0	70.544
0	70.575
0	70.591
0	70.606
0	70.637
0	70.653
0	70.684
0	70.684
0	70.715
0	70.731
0	70.762
0	70.778
0	70.809
0	70.825
0	70.84
0	70.856
0	70.887
0	70.903
0	70.934
0	70.949
0	70.965
0	70.996
0	71.012
0	71.027
0	71.059
0	71.074
0	71.09
0	71.121
0	71.137
0	71.152
0	71.183
0	71.199
0	71.215
0	71.246
0	71.261
0	71.293
0	71.308
0	71.324
0	71.339
0	71.371
0	71.386
0	71.417
0	71.433
0	71.464
0	71.48
0	71.495
0	71.527
0	71.542
0	71.558
0	71.589
0	71.605
0	71.636
0	71.636
0	71.667
0	71.683
0	71.714
0	71.729
0	71.745
0	71.776
0	71.792
0	71.807
0	71.839
0	71.854
0	71.87
0	71.901
0	71.917
0	71.932
0	71.963
0	71.979
0	72.01
0	72.026
0	72.041
0	72.073
0	72.088
0	72.104
0	72.135
0	72.151
0	72.166
0	72.197
0	72.213
0	72.244
0	72.26
0	72.275
0	72.291
0	72.322
0	72.338
0	72.369
0	72.385
0	72.4
0	72.431
0	72.447
0	72.478
0	72.494
0	72.509
0	72.525
0	72.556
0	72.572
0	72.587
0	72.619
0	72.65
0	72.665
0	72.681
0	72.697
0	72.728
0	72.743
0	72.759
0	72.79
0	72.806
0	72.821
0	72.853
0	72.868
0	72.884
0	72.915
0	72.931
0	72.962
0	72.977
0	73.009
0	73.024
0	73.04
0	73.055
0	73.087
0	73.102
0	73.118
0	73.149
0	73.165
0	73.18
0	73.211
0	73.227
0	73.243
0	73.274
0	73.289
0	73.321
0	73.336
0	73.367
0	73.383
0	73.399
0	73.414
0	73.445
0	73.461
0	73.477
0	73.508
0	73.539
0	73.555
0	73.57
0	73.586
0	73.601
0	73.633
0	73.664
0	73.679
0	73.695
0	73.711
0	73.742
0	73.757
0	73.851
0	73.96
0	73.991
0	74.007
0	74.023
0	74.054
0	74.069
0	74.101
0	74.116
0	74.132
0	74.163
0	74.179
0	74.194
0	74.225
0	74.241
0	74.272
0	74.288
0	74.303
0	74.319
0.02	74.35
0.02	74.366
0.02	74.397
0.02	74.413
0.02	74.428
0.02	74.459
0.02	74.475
0.02	74.506
0.02	74.522
0.02	74.553
0.02	74.569
0.02	74.584
0.02	74.6
0.02	74.615
0.02	74.647
0.02	74.662
0.02	74.693
0.02	74.709
0.02	74.725
0.02	74.756
0.02	74.771
0.02	74.787
0.02	74.818
0.02	74.834
0.02	74.849
0.04	74.881
0.06	74.896
0.08	74.927
0.1	74.974
0.12	74.974
0.13	74.99
0.13	75.005
0.13	75.021
0.13	75.052
0.13	75.068
0.13	75.083
0.13	75.115
0.13	75.13
0.13	75.146
0.13	75.177
0.13	75.193
0.13	75.208
0.13	75.239
0.13	75.255
0.13	75.271
0.13	75.302
0.13	75.333
0.13	75.349
0.13	75.364
0.13	75.38
0.13	75.411
0.15	75.427
0.15	75.442
0.17	75.489
0.19	75.505
0.21	75.536
0.23	75.551
0.25	75.583
0.25	75.598
0.25	75.629
0.25	75.645
0.25	75.661
0.25	75.676
0.25	75.707
0.25	75.723
0.25	75.754
0.25	75.77
0.25	75.785
0.25	75.801
0.25	75.832
0.25	75.848
0.25	75.879
0.25	75.895
0.25	75.91
0.25	75.941
0.25	75.957
0.25	75.973
0.25	76.004
0.25	76.019
0.25	76.035
0.25	76.066
0.25	76.097
0.25	76.097
0.27	76.129
0.29	76.144
0.31	76.16
0.33	76.191
0.33	76.207
0.33	76.238
0.33	76.253
0.33	76.3
0.33	76.316
0.33	76.331
0.33	76.363
0.33	76.378
0.33	76.409
0.33	76.425
0.33	76.441
0.33	76.456
0.33	76.487
0.33	76.503
0.33	76.519
0.33	76.55
0.33	76.565
0.33	76.597
0.33	76.612
0.33	76.628
0.33	76.659
0.33	76.675
0.33	76.69
0.35	76.721
0.37	76.737
0.38	76.753
0.4	76.784
0.4	76.799
0.4	76.831
0.4	76.846
0.4	76.862
0.4	76.877
0.4	76.909
0.4	76.94
0.4	76.955
0.4	76.971
0.4	76.987
0.4	77.018
0.4	77.033
0.4	77.049
0.4	77.08
0.4	77.096
0.38	77.111
0.38	77.143
0.38	77.158
0.38	77.189
0.38	77.205
0.38	77.221
0.38	77.252
0.38	77.267
0.38	77.314
0.38	77.33
0.4	77.33
0.42	77.345
0.44	77.377
0.44	77.392
0.44	77.408
0.44	77.439
0.44	77.455
0.44	77.47
0.44	77.501
0.44	77.517
0.44	77.533
0.44	77.564
0.44	77.595
0.44	77.611
0.44	77.626
0.44	77.657
0.42	77.673
0.4	77.689
0.4	77.735
0.4	77.751
0.4	77.767
0.4	77.798
0.4	77.829
0.4	77.829
0.4	77.86
0.4	77.876
0.4	77.907
0.42	77.923
0.44	77.938
0.46	77.969
0.46	77.985
0.46	78.001
0.46	78.032
0.46	78.047
0.46	78.063
0.46	78.094
0.46	78.11
0.46	78.141
0.46	78.157
0.46	78.172
0.46	78.203
0.46	78.219
0.46	78.235
0.46	78.266
0.46	78.281
0.46	78.297
0.46	78.328
0.46	78.344
0.46	78.359
0.46	78.391
0.46	78.406
0.46	78.422
0.46	78.453
0.46	78.469
0.46	78.5
0.48	78.515
0.5	78.531
0.52	78.562
0.52	78.578
0.52	78.593
0.52	78.625
0.52	78.64
0.52	78.656
0.52	78.687
0.52	78.703
0.52	78.718
0.52	78.749
0.52	78.765
0.52	78.796
0.52	78.812
0.5	78.827
0.5	78.843
0.5	78.874
0.5	78.89
0.5	78.905
0.5	78.937
0.5	78.952
0.5	78.983
0.5	78.999
0.5	79.015
0.5	79.046
0.5	79.077
0.52	79.093
0.54	79.108
0.56	79.124
0.58	79.139
0.58	79.171
0.58	79.186
0.58	79.217
0.58	79.233
0.58	79.264
0.58	79.28
0.58	79.295
0.58	79.327
0.58	79.342
0.56	79.358
0.54	79.389
0.52	79.405
0.52	79.42
0.52	79.436
0.52	79.467
0.52	79.498
0.52	79.514
0.52	79.529
0.52	79.545
0.52	79.576
0.52	79.592
0.52	79.607
0.52	79.639
0.52	79.654
0.54	79.67
0.56	79.701
0.58	79.717
0.58	79.732
0.58	79.763
0.58	79.779
0.58	79.81
0.58	79.826
0.58	79.857
0.58	79.873
0.58	79.888
0.58	79.904
0.58	79.935
0.56	79.951
0.54	79.982
0.52	79.997
0.52	80.013
0.52	80.06
0.52	80.075
0.52	80.091
0.52	80.122
0.52	80.138
0.52	80.153
0.52	80.185
0.52	80.2
0.52	80.231
0.52	80.247
0.52	80.263
0.54	80.294
0.56	80.309
0.56	80.325
0.56	80.356
0.56	80.372
0.56	80.387
0.56	80.419
0.56	80.434
0.56	80.45
0.56	80.481
0.56	80.497
0.56	80.528
0.54	80.543
0.52	80.559
0.52	80.59
0.52	80.606
0.52	80.621
0.52	80.653
0.52	80.668
0.52	80.699
0.52	80.731
0.52	80.777
0.52	80.824
0.52	80.84
0.52	80.855
0.52	80.887
0.5	80.902
0.5	80.918
0.5	80.949
0.5	80.965
0.5	80.98
0.5	81.011
0.5	81.027
0.5	81.058
0.5	81.074
0.5	81.105
0.5	81.105
0.5	81.136
0.5	81.152
0.52	81.183
0.52	81.199
0.52	81.214
0.52	81.245
0.52	81.261
0.52	81.277
0.52	81.308
0.52	81.323
0.52	81.339
0.52	81.37
0.52	81.401
0.52	81.417
0.52	81.433
0.52	81.448
0.5	81.479
0.5	81.495
0.5	81.526
0.5	81.542
0.5	81.557
0.5	81.573
0.5	81.604
0.5	81.62
0.5	81.635
0.5	81.667
0.5	81.682
0.5	81.698
0.52	81.729
0.52	81.745
0.52	81.776
0.52	81.791
0.52	81.807
0.52	81.838
0.52	81.854
0.52	81.869
0.52	81.901
0.52	81.916
0.52	81.932
0.52	81.963
0.52	81.979
0.54	82.01
0.56	82.025
0.58	82.057
0.58	82.057
0.58	82.088
0.58	82.103
0.58	82.119
0.58	82.15
0.58	82.181
0.58	82.197
0.58	82.213
0.58	82.244
0.58	82.259
0.56	82.275
0.54	82.291
0.54	82.322
0.54	82.337
0.54	82.369
0.54	82.384
0.54	82.415
0.54	82.431
0.54	82.447
0.54	82.462
0.54	82.493
0.54	82.509
0.54	82.525
0.54	82.556
0.56	82.571
0.58	82.587
0.6	82.618
0.6	82.634
0.6	82.649
0.6	82.681
0.6	82.696
0.6	82.743
0.6	82.759
0.6	82.79
0.6	82.805
0.6	82.837
0.58	82.852
0.56	82.868
0.54	82.883
0.54	82.915
0.54	82.93
0.54	82.946
0.54	82.977
0.54	82.993
0.54	83.008
0.54	83.039
0.54	83.055
0.54	83.086
0.54	83.102
0.54	83.133
0.54	83.149
0.54	83.164
0.56	83.195
0.56	83.211
0.56	83.227
0.56	83.258
0.56	83.273
0.56	83.289
0.56	83.32
0.56	83.336
0.56	83.351
0.56	83.383
0.56	83.398
0.56	83.414
0.54	83.445
0.52	83.461
0.5	83.476
0.5	83.507
0.5	83.523
0.5	83.539
0.5	83.57
0.5	83.601
0.5	83.601
0.5	83.632
0.5	83.648
0.5	83.663
0.5	83.695
0.5	83.71
0.5	83.726
0.52	83.757
0.52	83.788
0.52	83.804
0.52	83.819
0.52	83.835
0.52	83.866
0.52	83.882
0.52	83.897
0.52	83.929
0.52	83.944
0.52	83.96
0.52	83.991
0.5	84.007
0.48	84.022
0.46	84.053
0.46	84.069
0.46	84.1
0.46	84.116
0.46	84.131
0.46	84.163
0.46	84.178
0.46	84.194
0.46	84.225
0.46	84.241
0.46	84.256
0.46	84.287
0.48	84.303
0.5	84.319
0.5	84.35
0.5	84.365
0.5	84.397
0.5	84.412
0.5	84.443
0.5	84.459
0.5	84.475
0.5	84.49
0.5	84.521
0.5	84.537
0.5	84.568
0.5	84.584
0.48	84.599
0.46	84.631
0.46	84.646
0.46	84.662
0.46	84.693
0.46	84.709
0.46	84.724
0.46	84.755
0.46	84.771
0.46	84.802
0.46	84.818
0.46	84.833
0.46	84.849
0.48	84.88
0.5	84.896
0.52	84.911
0.52	84.943
0.52	84.958
0.52	84.974
0.52	85.005
0.52	85.052
0.52	85.067
0.52	85.099
0.52	85.099
0.52	85.13
0.52	85.145
0.52	85.177
0.5	85.192
0.48	85.208
0.48	85.239
0.48	85.255
0.48	85.27
0.48	85.301
0.48	85.317
0.48	85.348
0.48	85.364
0.48	85.395
0.48	85.411
0.48	85.426
0.48	85.457
0.5	85.473
0.52	85.489
0.52	85.504
0.52	85.535
0.52	85.551
0.52	85.567
0.52	85.598
0.52	85.629
0.52	85.645
0.52	85.66
0.52	85.691
0.52	85.707
0.52	85.723
0.52	85.769
0.5	85.785
0.5	85.816
0.5	85.832
0.5	85.847
0.5	85.863
0.5	85.894
0.5	85.91
0.5	85.925
0.5	85.957
0.5	85.988
0.5	86.003
0.5	86.019
0.5	86.035
0.5	86.066
0.5	86.081
0.5	86.097
0.5	86.128
0.5	86.144
0.5	86.159
0.5	86.191
0.5	86.237
0.5	86.253
0.5	86.284
0.5	86.3
0.5	86.315
0.5	86.331
0.5	86.362
0.48	86.378
0.48	86.409
0.48	86.425
0.48	86.44
0.48	86.471
0.48	86.487
0.48	86.503
0.48	86.518
0.48	86.549
0.48	86.565
0.48	86.596
0.48	86.612
0.48	86.627
0.48	86.643
0.48	86.674
0.48	86.69
0.48	86.721
0.48	86.737
0.48	86.783
0.48	86.799
0.48	86.83
0.48	86.846
0.48	86.877
0.48	86.877
0.48	86.908
0.48	86.939
0.46	86.939
0.46	86.971
0.46	86.986
0.46	87.017
0.46	87.033
0.46	87.049
0.46	87.08
0.46	87.095
0.46	87.111
0.46	87.142
0.46	87.158
0.46	87.173
0.46	87.205
0.48	87.22
0.5	87.251
0.5	87.267
0.5	87.283
0.5	87.314
0.5	87.329
0.5	87.345
0.5	87.376
0.5	87.392
0.5	87.407
0.5	87.439
0.5	87.454
0.5	87.47
0.5	87.501
0.48	87.517
0.48	87.532
0.48	87.563
0.48	87.579
0.48	87.595
0.48	87.626
0.48	87.641
0.48	87.673
0.48	87.688
0.48	87.719
0.48	87.735
0.48	87.751
0.5	87.766
0.52	87.797
0.54	87.813
0.54	87.844
0.54	87.86
0.54	87.875
0.54	87.891
0.54	87.922
0.54	87.938
0.54	87.969
0.54	87.985
0.54	88.016
0.54	88.031
0.54	88.047
0.52	88.063
0.5	88.109
0.5	88.125
0.5	88.156
0.5	88.172
0.5	88.187
0.5	88.219
0.5	88.234
0.5	88.265
0.5	88.281
0.5	88.297
0.5	88.328
0.5	88.343
0.5	88.375
0.5	88.39
0.5	88.406
0.5	88.437
0.5	88.453
0.5	88.468
0.5	88.484
0.5	88.515
0.5	88.531
0.5	88.546
0.5	88.577
0.5	88.593
0.5	88.624
0.5	88.64
0.48	88.671
0.46	88.687
0.46	88.702
0.46	88.718
0.46	88.749
0.46	88.765
0.46	88.78
0.46	88.811
0.46	88.827
0.46	88.858
0.46	88.874
0.46	88.889
0.46	88.905
0.44	88.936
0.46	88.952
0.48	88.983
0.48	88.999
0.48	89.03
0.48	89.045
0.48	89.061
0.48	89.077
0.48	89.108
0.48	89.139
0.48	89.155
0.48	89.17
0.48	89.217
0.48	89.264
0.46	89.279
0.46	89.295
0.46	89.311
0.46	89.342
0.46	89.357
0.46	89.373
0.46	89.404
0.46	89.42
0.46	89.435
0.46	89.467
0.46	89.482
0.46	89.498
0.48	89.529
0.5	89.545
0.5	89.576
0.5	89.591
0.5	89.623
0.5	89.638
0.5	89.654
0.5	89.685
0.5	89.701
0.5	89.716
0.5	89.732
0.5	89.763
0.5	89.779
0.5	89.794
0.5	89.825
0.48	89.857
0.48	89.872
0.48	89.888
0.48	89.903
0.48	89.935
0.48	89.95
0.48	89.997
0.48	90.013
0.48	90.028
0.48	90.059
0.48	90.075
0.5	90.106
0.5	90.122
0.48	90.137
0.48	90.153
0.48	90.184
0.48	90.2
0.48	90.231
0.48	90.247
0.48	90.262
0.48	90.293
0.48	90.309
0.48	90.34
0.48	90.356
0.48	90.387
0.48	90.418
0.48	90.434
0.48	90.449
0.48	90.481
0.48	90.496
0.48	90.527
0.48	90.543
0.48	90.559
0.48	90.59
0.48	90.605
0.48	90.621
0.48	90.652
0.48	90.668
0.48	90.683
0.5	90.715
0.5	90.73
0.5	90.746
0.5	90.777
0.5	90.808
0.5	90.824
0.5	90.839
0.5	90.855
0.5	90.871
0.5	90.902
0.5	90.917
0.5	90.949
0.5	90.964
0.5	90.98
0.48	91.011
0.48	91.027
0.48	91.042
0.48	91.073
0.48	91.089
0.48	91.105
0.48	91.136
0.48	91.151
0.48	91.183
0.48	91.198
0.48	91.214
0.48	91.245
0.5	91.261
0.52	91.276
0.54	91.307
0.54	91.323
0.54	91.339
0.54	91.37
0.54	91.385
0.54	91.401
0.54	91.432
0.54	91.448
0.54	91.463
0.54	91.495
0.54	91.51
0.52	91.541
0.5	91.557
0.48	91.573
0.48	91.604
0.48	91.619
0.48	91.635
0.48	91.682
0.48	91.682
0.48	91.713
0.48	91.729
0.48	91.744
0.48	91.76
0.48	91.791
0.48	91.807
0.5	91.838
0.52	91.869
0.54	91.9
0.54	91.916
0.54	91.931
0.54	91.963
0.54	91.978
0.54	92.009
0.54	92.025
0.54	92.041
0.54	92.056
0.54	92.087
0.54	92.119
0.54	92.134
0.52	92.15
0.5	92.181
0.5	92.197
0.5	92.212
0.5	92.228
0.5	92.259
0.5	92.275
0.5	92.29
0.5	92.321
0.5	92.353
0.5	92.353
0.5	92.384
0.5	92.399
0.5	92.431
0.52	92.446
0.54	92.477
0.56	92.493
0.56	92.509
0.56	92.54
0.56	92.555
0.56	92.571
0.56	92.587
0.56	92.618
0.56	92.633
0.56	92.649
0.56	92.68
0.56	92.711
0.54	92.727
0.52	92.743
0.5	92.758
0.5	92.789
0.5	92.805
0.5	92.821
0.5	92.852
0.5	92.867
0.5	92.883
0.5	92.914
0.5	92.93
0.5	92.945
0.5	92.977
0.5	92.992
0.52	93.008
0.54	93.039
0.54	93.055
0.54	93.07
0.54	93.101
0.54	93.133
0.54	93.133
0.54	93.164
0.54	93.179
0.54	93.211
0.54	93.226
0.54	93.242
0.54	93.273
0.52	93.289
0.5	93.304
0.48	93.335
0.48	93.351
0.48	93.367
0.48	93.398
0.48	93.413
0.48	93.445
0.48	93.46
0.48	93.476
0.48	93.507
0.48	93.523
0.48	93.538
0.48	93.569
0.48	93.585
0.5	93.601
0.52	93.632
0.52	93.663
0.52	93.663
0.52	93.694
0.52	93.71
0.52	93.741
0.52	93.757
0.52	93.772
0.52	93.803
0.52	93.819
0.52	93.835
0.52	93.881
0.5	93.897
0.48	93.928
0.48	93.944
0.48	93.959
0.48	93.991
0.48	94.006
0.48	94.022
0.48	94.053
0.48	94.084
0.48	94.1
0.48	94.115
0.48	94.131
0.48	94.162
0.5	94.178
0.52	94.193
0.52	94.225
0.52	94.24
0.52	94.271
0.52	94.287
0.52	94.303
0.52	94.334
0.52	94.349
0.52	94.365
0.52	94.381
0.52	94.412
0.52	94.427
0.52	94.459
0.5	94.474
0.48	94.505
0.48	94.521
0.48	94.537
0.48	94.583
0.48	94.599
0.48	94.615
0.48	94.646
0.48	94.661
0.48	94.693
0.48	94.708
0.48	94.724
0.48	94.755
0.48	94.771
0.5	94.786
0.52	94.817
0.52	94.833
0.52	94.849
0.52	94.88
0.52	94.895
0.52	94.911
0.52	94.942
0.52	94.958
0.52	94.989
0.52	95.005
0.52	95.02
0.52	95.051
0.5	95.067
0.48	95.083
0.46	95.114
0.46	95.129
0.46	95.145
0.46	95.176
0.46	95.192
0.46	95.207
0.46	95.239
0.46	95.254
0.46	95.27
0.46	95.301
0.46	95.317
0.48	95.332
0.5	95.363
0.52	95.379
0.54	95.41
0.54	95.426
0.54	95.441
0.54	95.473
0.54	95.488
0.54	95.519
0.54	95.535
0.54	95.566
0.54	95.582
0.54	95.597
0.54	95.613
0.52	95.629
0.5	95.66
0.48	95.675
0.48	95.691
0.48	95.722
0.48	95.738
0.48	95.769
0.48	95.785
0.48	95.8
0.48	95.831
0.48	95.847
0.48	95.863
0.48	95.894
0.48	95.909
0.5	95.925
0.52	95.956
0.54	95.972
0.54	95.987
0.54	96.019
0.54	96.034
0.54	96.065
0.54	96.081
0.54	96.097
0.54	96.128
0.54	96.143
0.54	96.19
0.54	96.206
0.54	96.221
0.52	96.253
0.5	96.268
0.5	96.284
0.5	96.315
0.5	96.331
0.5	96.362
0.5	96.377
0.5	96.393
0.5	96.424
0.5	96.44
0.5	96.455
0.5	96.487
0.5	96.502
0.5	96.518
0.52	96.549
0.54	96.565
0.56	96.58
0.56	96.611
0.56	96.627
0.56	96.658
0.56	96.674
0.56	96.689
0.56	96.721
0.56	96.736
0.56	96.752
0.56	96.783
0.56	96.799
0.54	96.814
0.52	96.845
0.5	96.861
0.5	96.877
0.5	96.908
0.5	96.923
0.5	96.955
0.5	96.97
0.5	96.986
0.5	97.001
0.5	97.033
0.5	97.048
0.5	97.079
0.5	97.095
0.52	97.111
0.54	97.142
0.56	97.157
0.56	97.173
0.56	97.204
0.56	97.22
0.56	97.235
0.56	97.267
0.56	97.298
0.56	97.313
0.56	97.329
0.56	97.36
0.56	97.376
0.54	97.391
0.52	97.407
0.5	97.438
0.48	97.454
0.48	97.469
0.48	97.501
0.48	97.516
0.48	97.547
0.48	97.563
0.48	97.579
0.48	97.61
0.48	97.625
0.48	97.641
0.48	97.672
0.48	97.688
0.5	97.703
0.52	97.735
0.54	97.75
0.54	97.766
0.54	97.797
0.54	97.813
0.54	97.828
0.54	97.859
0.54	97.875
0.54	97.891
0.54	97.922
0.54	97.937
0.54	97.984
0.52	98
0.5	98.031
0.48	98.047
0.48	98.078
0.48	98.093
0.48	98.109
0.48	98.125
0.48	98.156
0.48	98.171
0.48	98.187
0.48	98.218
0.48	98.234
0.48	98.265
0.48	98.281
0.5	98.296
0.52	98.327
0.54	98.343
0.54	98.359
0.54	98.39
0.54	98.405
0.54	98.421
0.54	98.452
0.54	98.468
0.54	98.499
0.54	98.515
0.54	98.53
0.54	98.561
0.54	98.577
0.52	98.593
0.5	98.608
0.48	98.639
0.48	98.655
0.48	98.686
0.48	98.702
0.48	98.733
0.48	98.749
0.48	98.764
0.48	98.78
0.48	98.811
0.48	98.842
0.48	98.873
0.48	98.905
0.5	98.92
0.52	98.936
0.52	98.951
0.52	98.983
0.52	98.998
0.52	99.014
0.52	99.045
0.52	99.061
0.52	99.092
0.52	99.107
0.52	99.123
0.52	99.139
0.52	99.17
0.5	99.185
0.48	99.217
0.46	99.232
0.46	99.248
0.46	99.279
0.46	99.295
0.46	99.31
0.46	99.341
0.46	99.373
0.46	99.373
0.46	99.404
0.46	99.419
0.46	99.435
0.46	99.466
0.48	99.482
0.5	99.529
0.5	99.56
0.5	99.575
0.5	99.591
0.5	99.622
0.5	99.638
0.5	99.653
0.5	99.669
0.5	99.7
0.5	99.716
0.5	99.731
0.5	99.763
0.5	99.794
0.48	99.794
0.46	99.825
0.46	99.841
0.46	99.856
0.46	99.887
0.46	99.903
0.46	99.934
0.46	99.95
0.46	99.965
0.46	99.997
0.46	100.012
0.46	100.043
0.46	100.059
0.48	100.075
0.5	100.09
0.5	100.121
0.5	100.137
0.5	100.153
0.5	100.184
0.5	100.199
0.5	100.215
0.5	100.246
0.5	100.262
0.5	100.293
0.5	100.309
0.5	100.324
0.5	100.355
0.48	100.371
0.46	100.387
0.44	100.418
0.44	100.433
0.44	100.449
0.44	100.48
0.44	100.496
0.44	100.527
0.44	100.543
0.44	100.574
0.44	100.589
0.44	100.605
0.44	100.636
0.46	100.652
0.48	100.667
0.5	100.699
0.5	100.714
0.5	100.73
0.5	100.745
0.5	100.777
0.5	100.792
0.5	100.808
0.5	100.839
0.5	100.855
0.5	100.886
0.5	100.901
0.5	100.917
0.48	100.948
0.46	100.964
0.44	100.995
0.42	101.011
0.42	101.042
0.42	101.057
0.42	101.073
0.42	101.089
0.42	101.104
0.42	101.135
0.42	101.151
0.42	101.182
0.42	101.198
0.44	101.213
0.46	101.245
0.46	101.26
0.46	101.276
0.46	101.307
0.46	101.323
0.46	101.338
0.46	101.369
0.46	101.385
0.46	101.401
0.46	101.432
0.46	101.447
0.46	101.463
0.46	101.494
0.46	101.51
0.44	101.541
0.42	101.557
0.4	101.572
0.38	101.603
0.37	101.619
0.37	101.65
0.37	101.666
0.37	101.697
0.37	101.713
0.37	101.744
0.37	101.759
0.37	101.791
0.37	101.806
0.37	101.837
0.37	101.853
0.37	101.869
0.37	101.9
0.37	101.915
0.37	101.931
0.37	101.962
0.37	101.978
0.37	102.025
0.37	102.04
0.37	102.056
0.37	102.087
0.37	102.118
0.37	102.134
0.37	102.149
0.35	102.165
0.33	102.196
0.31	102.212
0.31	102.227
0.31	102.259
0.31	102.274
0.31	102.29
0.31	102.321
0.31	102.337
0.31	102.352
0.31	102.383
0.31	102.399
0.31	102.415
0.31	102.446
0.31	102.477
0.31	102.493
0.31	102.508
0.31	102.539
0.31	102.555
0.31	102.571
0.31	102.586
0.31	102.617
0.31	102.633
0.31	102.649
0.31	102.68
0.31	102.695
0.31	102.711
0.31	102.742
0.31	102.758
0.29	102.789
0.27	102.805
0.25	102.836
0.25	102.851
0.25	102.867
0.25	102.883
0.25	102.914
0.25	102.929
0.27	102.945
0.27	102.976
0.27	102.992
0.27	103.007
0.27	103.039
0.27	103.07
0.27	103.085
0.27	103.101
0.27	103.117
0.27	103.132
0.27	103.163
0.27	103.179
0.27	103.21
0.27	103.226
0.27	103.241
0.27	103.273
0.27	103.304
0.27	103.335
0.25	103.351
0.23	103.366
0.21	103.397
0.19	103.413
0.17	103.429
0.15	103.46
0.15	103.475
0.15	103.507
0.17	103.522
0.19	103.538
0.19	103.569
0.19	103.585
0.19	103.6
0.19	103.631
0.19	103.647
0.19	103.678
0.19	103.694
0.19	103.709
0.19	103.725
0.19	103.756
0.19	103.772
0.19	103.803
0.19	103.819
0.19	103.834
0.19	103.85
0.19	103.881
0.19	103.897
0.19	103.928
0.19	103.943
0.17	103.975
0.15	103.99
0.13	104.006
0.12	104.021
0.1	104.053
0.08	104.068
0.08	104.099
0.08	104.115
0.08	104.131
0.08	104.146
0.08	104.177
0.08	104.193
0.08	104.224
0.08	104.24
0.08	104.255
0.08	104.287
0.08	104.302
0.08	104.333
0.08	104.349
0.08	104.365
0.08	104.38
0.08	104.411
0.08	104.427
0.08	104.443
0.08	104.474
0.08	104.489
0.08	104.505
0.08	104.536
0.08	104.552
0.06	104.583
0.04	104.599
0.02	104.614
0	104.645
0	104.661
0	104.677
0	104.708
0	104.723
0	104.739
0	104.77
0	104.786
0	104.817
0	104.833
0	104.848
0	104.879
0	104.895
0	104.911
0	104.942
0	104.957
0	104.973
0	105.004
0	105.02
0	105.035
0	105.067
0	105.082
0	105.098
0	105.16
0	105.176
0	105.191
0	105.223
0	105.238
0	105.254
0	105.285
0	105.301
0	105.316
0	105.347
0	105.363
0	105.379
0	105.41
0	105.425
0	105.457
0	105.472
0	105.488
0	105.503
0	105.535
0	105.55
0	105.566
0	105.597
0	105.613
0	105.628
0	105.659
0	105.675
0	105.706
0	105.722
0	105.737
0	105.753
0	105.784
0	105.8
0	105.831
0	105.847
0	105.862
0	105.893
0	105.909
0	105.925
0	105.956
0	105.971
0	105.987
0	106.018
0	106.034
0	106.065
0	106.081
0	106.112
0	106.127
0	106.143
0	106.159
0	106.174
0	106.205
0	106.221
0	106.252
0	106.268
0	106.299
0	106.315
0	106.33
0	106.346
0	106.377
0	106.393
0	106.408
0	106.439
0	106.455
0	106.486
0	106.502
0	106.533
0	106.549
0	106.564
0	106.58
0	106.611
0	106.627
0	106.642
0	106.673
0	106.689
0	106.72
0	106.736
0	106.751
0	106.783
0	106.798
0	106.814
0	106.845
0	106.861
0	106.892
0	106.907
0	106.923
0	106.954
0	106.97
0	106.985
0	107.001
0	107.032
0	107.048
0	107.079
0	107.095
0	107.11
0	107.141
0	107.157
0	107.188
0	107.204
0	107.219
0	107.251
0	107.266
0	107.282
0	107.313
0	107.329
0	107.344
0	107.36
0	107.391
0	107.422
0	107.438
0	107.453
0	107.485
0	107.5
0	107.516
0	107.547
0	107.563
0	107.578
0	107.594
0	107.625
0	107.641
0	107.656
0	107.687
0	107.703
0	107.734
0	107.75
0	107.765
0	107.797
0	107.812
0	107.843
0	107.859
0	107.875
0	107.906
0	107.921
0	107.937
0	107.953
0	107.984
0	107.999
0	108.031
0	108.046
0	108.062
0	108.077
0	108.109
0	108.124
0	108.155
0	108.171
0	108.187
0	108.218
0	108.233
0	108.249
0	108.28
0	108.296
0	108.311
0	108.343
0	108.358
0	108.374
0	108.405
0	108.421
0	108.452
0	108.467
0	108.483
0	108.514
0	108.53
0	108.545
0	108.577
0	108.592
0	108.623
0	108.639
0	108.67
0	108.686
0	108.701
0	108.717
0	108.733
0	108.764
0	108.795
0	108.811
0	108.826
0	108.842
0	108.889
0	108.904
0	108.935
0	108.951
0	108.967
0	108.998
0	109.029
0	109.029
0	109.06
0	109.076
0	109.107
0	109.123
0	109.138
0	109.169
0	109.185
0	109.216
0	109.232
0	109.247
0	109.263
0	109.294
0	109.325
0	109.341
0	109.357
0	109.372
0	109.388
0	109.419
0	109.45
0	109.45
0	109.481
0	109.497
0	109.528
0	109.544
0	109.559
0	109.591
0	109.606
0	109.622
0	109.653
0	109.684
0	109.684
0	109.715
0	109.731
0	109.762
0	109.778
0	109.809
0	109.825
0	109.84
0	109.871
0	109.887
0	109.903
0	109.918
0	109.949
0	109.965
0	109.981
0	110.012
0	110.043
0	110.074
0	110.09
0	110.121
0	110.137
0	110.152
0	110.183
0	110.199
0	110.215
0	110.246
0	110.261
0	110.293
0	110.308
0	110.324
0	110.339
0	110.371
0	110.386
0	110.402
0	110.433
0	110.449
0	110.48
0	110.495
0	110.527
0	110.542
0	110.558
0	110.573
0	110.605
0	110.62
0	110.636
0	110.667
0	110.698
0	110.698
0	110.729
0	110.761
0	110.792
0	110.823
0	110.823
0	110.854
0	110.885
0	110.901
0	110.917
0	110.932
0	110.963
0	110.979
0	110.995
0	111.026
0	111.041
0	111.057
0	111.088
0	111.119
0	111.135
0	111.151
0	111.182
0	111.197
0	111.213
0	111.244
0	111.26
0	111.275
0	111.291
0	111.322
0	111.338
0	111.369
0	111.385
0	111.4
0	111.431
0	111.447
0	111.463
0	111.494
0	111.509
0	111.525
0	111.556
0	111.572
0	111.603
0	111.619
0	111.634
0	111.65
0	111.681
0	111.697
0	111.728
0	111.743
0	111.759
0	111.79
0	111.806
0	111.821
0	111.853
0	111.868
0	111.899
0	111.915
0	111.931
0	111.946
0	111.977
0	111.993
0	112.009
0	112.04
0	112.055
0	112.087
0	112.102
0	112.133
0	112.149
0	112.165
0	112.18
0	112.211
0	112.227
0	112.243
0	112.274
0	112.289
0	112.321
0	112.336
0	112.352
0	112.367
0	112.399
0	112.43
0	112.43
0	112.461
0	112.492
0	112.508
0	112.523
0	112.539
0	112.57
0	112.586
0	112.601
0	112.633
0	112.664
0	112.679
0	112.695
0	112.726
0	112.742
0	112.757
0	112.773
0	112.804
0	112.82
0	112.835
0	112.867
0	112.882
0	112.913
0	112.929
0	112.945
0	112.976
0	112.991
0	113.023
0	113.023
0	113.054
0	113.069
0	113.101
0	113.116
0	113.147
0	113.163
0	113.179
0	113.21
0	113.225
0	113.241
0	113.288
0	113.303
0	113.319
0	113.35
0	113.366
0	113.381
0	113.413
0	113.428
0	113.444
0	113.475
0	113.491
0	113.522
0	113.537
0	113.553
0	113.584
0	113.6
0	113.615
0	113.647
0	113.662
0	113.678
0	113.709
0	113.725
0	113.74
0	113.771
0	113.787
0	113.818
0	113.834
0	113.849
0	113.881
0	113.896
0	113.912
0	113.943
0	113.959
0	113.974
0	114.005
0	114.021
0	114.037
0	114.068
0	114.083
0	114.099
0	114.13
0	114.161
0	114.177
0	114.193
0	114.208
0	114.239
0	114.255
0	114.271
0	114.333
0	114.349
0	114.364
0	114.395
0	114.395
0	114.427
0	114.442
0	114.473
0	114.489
0	114.52
0	114.536
0	114.551
0	114.567
0	114.598
0	114.629
0	114.629
0	114.661
0	114.692
0	114.692
0	114.723
0	114.739
0	114.754
0	114.785
0	114.801
0	114.832
0	114.848
0	114.879
0	114.895
0	114.91
0	114.926
0	114.957
0	114.973
0	115.004
0	115.019
0	115.035
0	115.051
0	115.082
0	115.097
0	115.129
0	115.144
0	115.16
0	115.191
0	115.222
0	115.222
0	115.253
0	115.269
0	115.285
0	115.347
0	115.347
0	115.378
0	115.394
0	115.409
0	115.441
0	115.472
0	115.487
0	115.503
0	115.519
0	115.55
0	115.565
0	115.597
0	115.612
0	115.628
0	115.659
0	115.675
0	115.69
0	115.706
0	115.737
0	115.753
0	115.768
0	115.799
0	115.815
0	115.846
0	115.877
0	115.877
0	115.909
0	115.94
0	115.955
0	115.971
0	115.987
0	116.018
0	116.033
0	116.049
0	116.065
0	116.096
0	116.127
0	116.143
0	116.158
0	116.174
0	116.205
0	116.221
0	116.236
0	116.267
0	116.299
0	116.299
0	116.33
0	116.345
0	116.361
0	116.392
0	116.439
0	116.455
0	116.47
0	116.501
0	116.517
0	116.548
0	116.564
0	116.579
0	116.595
0	116.626
0	116.642
0	116.673
0	116.689
0	116.704
0	116.72
0	116.751
0	116.767
0	116.798
0	116.813
0	116.829
0	116.86
0	116.876
0	116.907
0	116.923
0.02	116.938
0.04	116.969
0.06	116.985
0.08	117.001
0.1	117.016
0.12	117.047
0.12	117.063
0.12	117.094
0.12	117.11
0.12	117.125
0.12	117.157
0.12	117.172
0.12	117.188
0.12	117.219
0.12	117.25
0.12	117.266
0.12	117.281
0.12	117.313
0.12	117.328
0.12	117.344
0.12	117.375
0.12	117.391
0.12	117.406
0.12	117.422
0.12	117.437
0.12	117.469
0.13	117.5
0.15	117.515
0.17	117.531
0.19	117.547
0.21	117.578
0.23	117.609
0.25	117.609
0.27	117.64
0.29	117.656
0.31	117.671
0.31	117.703
0.31	117.718
0.31	117.749
0.31	117.765
0.31	117.781
0.31	117.812
0.31	117.827
0.31	117.843
0.31	117.874
0.31	117.89
0.31	117.905
0.31	117.937
0.31	117.952
0.31	117.968
0.31	117.999
0.31	118.015
0.31	118.046
0.31	118.061
0.31	118.077
0.31	118.108
0.31	118.124
0.31	118.139
0.33	118.171
0.35	118.186
0.37	118.217
0.38	118.233
0.4	118.249
0.42	118.264
0.42	118.295
0.42	118.327
0.42	118.342
0.42	118.358
0.42	118.373
0.42	118.405
0.42	118.42
0.42	118.436
0.42	118.467
0.42	118.483
0.42	118.514
0.42	118.529
0.42	118.545
0.42	118.561
0.4	118.592
0.4	118.623
0.4	118.623
0.4	118.654
0.4	118.67
0.4	118.701
0.4	118.717
0.4	118.732
0.4	118.763
0.4	118.779
0.42	118.795
0.44	118.826
0.46	118.841
0.48	118.857
0.5	118.888
0.5	118.904
0.5	118.919
0.5	118.951
0.5	118.966
0.5	118.982
0.5	119.013
0.5	119.029
0.5	119.044
0.5	119.075
0.5	119.091
0.5	119.122
0.48	119.138
0.46	119.153
0.46	119.185
0.46	119.2
0.46	119.216
0.46	119.247
0.46	119.263
0.46	119.294
0.46	119.309
0.46	119.341
0.46	119.356
0.46	119.372
0.48	119.403
0.5	119.419
0.52	119.434
0.54	119.45
0.54	119.481
0.54	119.512
0.54	119.543
0.54	119.559
0.54	119.575
0.54	119.606
0.54	119.621
0.54	119.637
0.54	119.668
0.54	119.684
0.54	119.715
0.52	119.731
0.52	119.746
0.52	119.777
0.52	119.793
0.52	119.809
0.52	119.84
0.52	119.855
0.52	119.871
0.52	119.902
0.52	119.918
0.52	119.965
0.52	119.98
0.52	120.011
0.52	120.027
0.54	120.058
0.54	120.074
0.54	120.089
0.54	120.105
0.54	120.136
0.54	120.152
0.54	120.167
0.54	120.199
0.54	120.214
0.54	120.245
0.54	120.261
0.54	120.277
0.54	120.308
0.54	120.323
0.54	120.355
0.54	120.37
0.54	120.386
0.54	120.401
0.54	120.433
0.54	120.448
0.54	120.464
0.54	120.495
0.54	120.511
0.54	120.526
0.54	120.557
0.54	120.573
0.54	120.604
0.56	120.62
0.58	120.635
0.58	120.667
0.58	120.682
0.58	120.698
0.58	120.729
0.58	120.745
0.58	120.76
0.58	120.791
0.58	120.807
0.58	120.823
0.58	120.854
0.56	120.869
0.54	120.901
0.54	120.916
0.54	120.932
0.54	120.963
0.54	120.979
0.54	120.994
0.54	121.025
0.54	121.041
0.54	121.057
0.54	121.088
0.54	121.103
0.54	121.119
0.54	121.15
0.56	121.166
0.58	121.181
0.6	121.213
0.6	121.228
0.6	121.244
0.6	121.275
0.6	121.291
0.6	121.322
0.6	121.337
0.6	121.369
0.6	121.384
0.6	121.4
0.58	121.431
0.56	121.447
0.54	121.462
0.54	121.478
0.54	121.509
0.54	121.525
0.54	121.556
0.54	121.571
0.54	121.587
0.54	121.618
0.54	121.634
0.54	121.649
0.54	121.681
0.54	121.696
0.54	121.712
0.54	121.743
0.56	121.774
0.58	121.79
0.58	121.805
0.58	121.821
0.58	121.837
0.58	121.868
0.58	121.883
0.58	121.915
0.58	121.93
0.58	121.946
0.58	121.977
0.58	121.993
0.56	122.024
0.54	122.039
0.52	122.055
0.52	122.086
0.52	122.102
0.52	122.117
0.52	122.133
0.52	122.164
0.52	122.18
0.52	122.211
0.52	122.227
0.52	122.242
0.52	122.273
0.52	122.289
0.52	122.305
0.54	122.336
0.56	122.351
0.58	122.383
0.58	122.398
0.58	122.414
0.58	122.429
0.58	122.461
0.58	122.476
0.58	122.492
0.58	122.523
0.58	122.539
0.58	122.554
0.56	122.585
0.54	122.601
0.52	122.632
0.5	122.648
0.5	122.679
0.5	122.695
0.5	122.71
0.5	122.726
0.5	122.757
0.5	122.773
0.5	122.804
0.5	122.819
0.5	122.851
0.5	122.866
0.5	122.882
0.52	122.897
0.54	122.929
0.56	122.944
0.56	122.96
0.56	122.991
0.56	123.007
0.56	123.022
0.56	123.053
0.56	123.069
0.56	123.1
0.56	123.116
0.56	123.147
0.56	123.163
0.54	123.178
0.52	123.209
0.5	123.209
0.48	123.241
0.48	123.256
0.48	123.287
0.48	123.303
0.48	123.319
0.48	123.35
0.48	123.365
0.48	123.381
0.48	123.412
0.48	123.428
0.48	123.459
0.48	123.475
0.5	123.49
0.52	123.506
0.52	123.537
0.52	123.553
0.52	123.584
0.52	123.599
0.52	123.615
0.52	123.646
0.52	123.662
0.52	123.693
0.52	123.709
0.52	123.724
0.52	123.74
0.5	123.771
0.48	123.787
0.46	123.802
0.44	123.833
0.44	123.849
0.44	123.88
0.44	123.896
0.44	123.911
0.44	123.943
0.44	123.958
0.44	123.974
0.44	124.005
0.44	124.021
0.44	124.036
0.46	124.067
0.48	124.083
0.5	124.114
0.52	124.13
0.52	124.145
0.52	124.177
0.52	124.192
0.52	124.208
0.52	124.239
0.52	124.255
0.52	124.286
0.52	124.301
0.52	124.317
0.52	124.333
0.5	124.364
0.48	124.395
0.46	124.411
0.46	124.426
0.46	124.457
0.46	124.457
0.46	124.489
0.46	124.504
0.46	124.535
0.46	124.551
0.46	124.567
0.46	124.598
0.46	124.613
0.48	124.629
0.5	124.66
0.52	124.676
0.54	124.691
0.56	124.738
0.56	124.754
0.56	124.785
0.56	124.801
0.56	124.832
0.56	124.847
0.56	124.863
0.56	124.894
0.56	124.91
0.56	124.925
0.56	124.957
0.54	124.972
0.52	125.003
0.52	125.019
0.52	125.035
0.52	125.05
0.52	125.081
0.52	125.097
0.52	125.128
0.52	125.144
0.52	125.159
0.52	125.191
0.52	125.206
0.52	125.222
0.52	125.253
0.54	125.269
0.56	125.284
0.56	125.315
0.56	125.347
0.56	125.347
0.56	125.378
0.56	125.393
0.56	125.425
0.56	125.44
0.56	125.456
0.56	125.487
0.56	125.503
0.56	125.518
0.54	125.549
0.52	125.565
0.5	125.596
0.48	125.612
0.48	125.627
0.48	125.659
0.48	125.674
0.48	125.69
0.48	125.721
0.48	125.737
0.48	125.752
0.48	125.783
0.48	125.799
0.48	125.83
0.48	125.846
0.5	125.861
0.52	125.877
0.52	125.908
0.52	125.924
0.52	125.939
0.52	125.971
0.52	125.986
0.52	126.002
0.52	126.033
0.52	126.049
0.52	126.064
0.52	126.095
0.5	126.111
0.48	126.142
0.46	126.158
0.44	126.173
0.42	126.205
0.42	126.22
0.42	126.236
0.42	126.267
0.42	126.283
0.42	126.298
0.42	126.329
0.42	126.345
0.42	126.376
0.42	126.392
0.44	126.423
0.46	126.454
0.48	126.47
0.5	126.501
0.5	126.517
0.5	126.532
0.5	126.563
0.5	126.579
0.5	126.595
0.5	126.626
0.5	126.641
0.5	126.657
0.5	126.688
0.5	126.719
0.5	126.751
0.48	126.766
0.46	126.782
0.46	126.813
0.46	126.829
0.46	126.86
0.46	126.875
0.46	126.891
0.46	126.938
0.46	126.953
0.46	126.985
0.46	127
0.46	127.016
0.46	127.047
0.48	127.063
0.48	127.094
0.48	127.109
0.48	127.125
0.48	127.141
0.48	127.172
0.48	127.203
0.48	127.219
0.48	127.234
0.48	127.265
0.48	127.281
0.48	127.297
0.48	127.328
0.48	127.343
0.48	127.359
0.46	127.39
0.46	127.406
0.46	127.421
0.46	127.453
0.46	127.468
0.46	127.484
0.46	127.515
0.46	127.531
0.46	127.546
0.46	127.577
0.46	127.593
0.46	127.609
0.46	127.64
0.48	127.655
0.48	127.671
0.48	127.702
0.48	127.718
0.48	127.749
0.48	127.765
0.48	127.78
0.48	127.811
0.48	127.827
0.48	127.843
0.48	127.874
0.48	127.889
0.48	127.905
0.46	127.936
0.44	127.952
0.42	127.967
0.42	127.999
0.42	128.03
0.42	128.045
0.42	128.061
0.42	128.077
0.42	128.108
0.42	128.123
0.42	128.139
0.42	128.17
0.44	128.186
0.46	128.201
0.48	128.233
0.5	128.248
0.52	128.264
0.52	128.295
0.52	128.311
0.52	128.326
0.52	128.357
0.52	128.373
0.52	128.404
0.52	128.42
0.52	128.451
0.52	128.467
0.52	128.482
0.5	128.498
0.48	128.529
0.46	128.545
0.44	128.56
0.44	128.591
0.44	128.607
0.44	128.623
0.44	128.654
0.44	128.669
0.44	128.701
0.44	128.716
0.44	128.732
0.44	128.763
0.46	128.779
0.48	128.794
0.5	128.825
0.52	128.841
0.54	128.872
0.54	128.888
0.54	128.903
0.54	128.919
0.54	128.95
0.54	128.966
0.54	128.997
0.54	129.013
0.54	129.044
0.54	129.059
0.54	129.075
0.52	129.106
0.5	129.122
0.48	129.137
0.46	129.169
0.46	129.184
0.46	129.2
0.46	129.215
0.46	129.247
0.46	129.278
0.46	129.278
0.46	129.309
0.46	129.325
0.46	129.356
0.46	129.371
0.48	129.403
0.5	129.418
0.52	129.434
0.54	129.449
0.54	129.481
0.54	129.496
0.54	129.512
0.54	129.543
0.54	129.559
0.54	129.574
0.54	129.605
0.54	129.621
0.54	129.652
0.54	129.668
0.52	129.683
0.5	129.715
0.48	129.73
0.46	129.746
0.46	129.777
0.46	129.793
0.46	129.808
0.46	129.839
0.46	129.855
0.46	129.886
0.46	129.902
0.46	129.917
0.46	129.949
0.46	129.964
0.48	129.98
0.5	130.011
0.52	130.027
0.54	130.042
0.54	130.073
0.54	130.089
0.54	130.12
0.54	130.136
0.54	130.151
0.54	130.167
0.54	130.198
0.54	130.214
0.54	130.245
0.54	130.261
0.52	130.276
0.5	130.307
0.48	130.323
0.46	130.339
0.46	130.37
0.46	130.385
0.46	130.401
0.46	130.432
0.46	130.448
0.46	130.463
0.46	130.495
0.46	130.526
0.46	130.541
0.46	130.557
0.48	130.573
0.5	130.588
0.52	130.619
0.54	130.635
0.54	130.666
0.54	130.682
0.54	130.697
0.54	130.729
0.54	130.744
0.54	130.775
0.54	130.791
0.54	130.807
0.54	130.822
0.54	130.853
0.52	130.869
0.5	130.885
0.48	130.931
0.48	130.963
0.48	130.978
0.48	130.994
0.48	131.025
0.48	131.041
0.48	131.056
0.48	131.087
0.48	131.103
0.48	131.119
0.48	131.15
0.48	131.165
0.5	131.197
0.52	131.212
0.52	131.228
0.52	131.243
0.52	131.275
0.52	131.29
0.52	131.321
0.52	131.337
0.52	131.353
0.52	131.384
0.52	131.399
0.52	131.415
0.52	131.446
0.52	131.462
0.5	131.493
0.48	131.509
0.48	131.524
0.48	131.555
0.48	131.571
0.48	131.587
0.48	131.618
0.48	131.633
0.48	131.649
0.48	131.68
0.48	131.696
0.48	131.711
0.48	131.743
0.48	131.758
0.5	131.774
0.52	131.805
0.54	131.821
0.54	131.852
0.54	131.867
0.54	131.883
0.54	131.899
0.54	131.93
0.54	131.961
0.54	131.977
0.54	131.992
0.54	132.008
0.54	132.039
0.52	132.055
0.5	132.07
0.48	132.101
0.46	132.117
0.46	132.133
0.46	132.164
0.46	132.179
0.46	132.211
0.46	132.226
0.46	132.242
0.46	132.273
0.46	132.289
0.46	132.32
0.48	132.335
0.5	132.351
0.52	132.382
0.54	132.398
0.56	132.413
0.58	132.445
0.58	132.46
0.58	132.476
0.58	132.507
0.58	132.523
0.58	132.538
0.58	132.569
0.58	132.585
0.58	132.601
0.56	132.632
0.54	132.647
0.52	132.679
0.5	132.694
0.48	132.71
0.48	132.725
0.48	132.757
0.48	132.788
0.48	132.819
0.48	132.835
0.48	132.866
0.48	132.881
0.48	132.897
0.48	132.928
0.48	132.944
0.5	132.959
0.52	132.991
0.54	133.006
0.56	133.022
0.56	133.053
0.56	133.069
0.56	133.084
0.56	133.115
0.56	133.162
0.56	133.178
0.56	133.209
0.56	133.225
0.56	133.24
0.56	133.256
0.54	133.287
0.52	133.303
0.52	133.318
0.52	133.349
0.52	133.365
0.52	133.381
0.52	133.412
0.52	133.427
0.52	133.443
0.52	133.474
0.52	133.49
0.52	133.505
0.52	133.537
0.52	133.568
0.52	133.583
0.54	133.599
0.54	133.615
0.54	133.646
0.54	133.661
0.54	133.677
0.54	133.708
0.54	133.724
0.54	133.739
0.54	133.771
0.54	133.786
0.54	133.802
0.54	133.833
0.54	133.849
0.52	133.864
0.5	133.895
0.5	133.911
0.5	133.942
0.5	133.958
0.5	133.973
0.5	134.005
0.5	134.02
0.5	134.036
0.5	134.067
0.5	134.083
0.5	134.114
0.5	134.129
0.5	134.145
0.52	134.176
0.52	134.192
0.52	134.207
0.52	134.239
0.52	134.254
0.52	134.27
0.52	134.301
0.52	134.317
0.52	134.332
0.52	134.363
0.52	134.379
0.52	134.395
0.5	134.426
0.48	134.441
0.46	134.457
0.44	134.488
0.44	134.504
0.44	134.535
0.44	134.551
0.44	134.566
0.44	134.597
0.44	134.613
0.44	134.644
0.44	134.66
0.44	134.675
0.44	134.691
0.46	134.722
0.48	134.738
0.5	134.769
0.5	134.785
0.5	134.8
0.5	134.831
0.5	134.847
0.5	134.863
0.5	134.894
0.5	134.909
0.5	134.925
0.5	134.956
0.5	134.972
0.5	134.987
0.48	135.019
0.46	135.034
0.44	135.05
0.42	135.081
0.42	135.097
0.42	135.112
0.42	135.143
0.42	135.159
0.42	135.19
0.42	135.206
0.42	135.221
0.42	135.253
0.42	135.268
0.44	135.284
0.46	135.315
0.48	135.331
0.5	135.362
0.5	135.377
0.5	135.393
0.5	135.409
0.5	135.44
0.5	135.455
0.5	135.487
0.5	135.502
0.5	135.518
0.5	135.549
0.5	135.565
0.5	135.58
0.48	135.611
0.46	135.627
0.44	135.643
0.42	135.674
0.42	135.689
0.42	135.705
0.42	135.736
0.42	135.752
0.42	135.783
0.42	135.799
0.42	135.814
0.42	135.845
0.42	135.861
0.44	135.877
0.46	135.908
0.48	135.923
0.5	135.939
0.5	135.97
0.5	135.986
0.5	136.001
0.5	136.033
0.5	136.048
0.5	136.079
0.5	136.095
0.5	136.111
0.5	136.142
0.5	136.157
0.5	136.173
0.48	136.204
0.46	136.22
0.44	136.235
0.42	136.267
0.42	136.282
0.42	136.313
0.42	136.329
0.42	136.345
0.42	136.36
0.42	136.391
0.42	136.423
0.42	136.438
0.42	136.454
0.44	136.469
0.46	136.485
0.48	136.516
0.5	136.547
0.5	136.563
0.5	136.579
0.5	136.594
0.5	136.625
0.5	136.657
0.5	136.688
0.5	136.703
0.5	136.735
0.5	136.75
0.5	136.766
0.5	136.797
0.48	136.813
0.46	136.844
0.44	136.859
0.44	136.875
0.44	136.891
0.44	136.922
0.44	136.937
0.44	136.953
0.44	136.984
0.44	137
0.44	137.015
0.44	137.047
0.44	137.062
0.46	137.093
0.48	137.109
0.5	137.125
0.52	137.156
0.52	137.171
0.52	137.187
0.52	137.218
0.52	137.234
0.52	137.265
0.52	137.281
0.52	137.296
0.52	137.312
0.52	137.343
0.52	137.374
0.52	137.39
0.5	137.405
0.48	137.421
0.46	137.437
0.46	137.468
0.46	137.499
0.46	137.515
0.46	137.53
0.46	137.561
0.46	137.577
0.46	137.608
0.46	137.624
0.46	137.639
0.46	137.655
0.48	137.686
0.5	137.702
0.52	137.733
0.54	137.749
0.56	137.764
0.56	137.78
0.56	137.811
0.56	137.827
0.56	137.842
0.56	137.873
0.56	137.889
0.56	137.905
0.56	137.936
0.56	137.951
0.54	137.967
0.52	137.998
0.5	138.014
0.48	138.045
0.48	138.061
0.48	138.076
0.48	138.107
0.48	138.123
0.48	138.139
0.48	138.17
0.48	138.185
0.48	138.201
0.48	138.232
0.48	138.248
0.5	138.279
0.52	138.295
0.54	138.31
0.54	138.326
0.54	138.357
0.54	138.373
0.54	138.404
0.54	138.419
0.54	138.435
0.54	138.466
0.54	138.482
0.54	138.513
0.54	138.529
0.54	138.544
0.52	138.56
0.5	138.591
0.48	138.607
0.46	138.638
0.46	138.653
0.46	138.669
0.46	138.685
0.46	138.716
0.46	138.731
0.46	138.763
0.46	138.778
0.46	138.794
0.46	138.825
0.46	138.841
0.46	138.856
0.48	138.887
0.5	138.903
0.52	138.919
0.52	138.95
0.52	138.965
0.52	138.997
0.52	139.012
0.52	139.028
0.52	139.059
0.52	139.075
0.52	139.09
0.52	139.121
0.52	139.137
0.5	139.168
0.48	139.184
0.46	139.215
0.44	139.231
0.42	139.246
0.4	139.262
0.4	139.277
0.4	139.309
0.4	139.324
0.4	139.355
0.4	139.371
0.4	139.387
0.4	139.418
0.42	139.433
0.44	139.449
0.46	139.48
0.48	139.496
0.5	139.511
0.5	139.543
0.5	139.558
0.5	139.589
0.5	139.621
0.5	139.636
0.5	139.667
0.5	139.683
0.5	139.699
0.5	139.73
0.5	139.761
0.48	139.777
0.46	139.792
0.44	139.808
0.42	139.839
0.4	139.855
0.38	139.886
0.38	139.901
0.38	139.917
0.38	139.933
0.38	139.964
0.38	139.979
0.38	140.011
0.38	140.026
0.38	140.042
0.4	140.073
0.42	140.089
0.42	140.12
0.42	140.135
0.42	140.151
0.42	140.167
0.42	140.198
0.42	140.245
0.42	140.245
0.42	140.276
0.42	140.307
0.42	140.338
0.42	140.369
0.42	140.385
0.42	140.401
0.42	140.432
0.4	140.447
0.38	140.463
0.37	140.494
0.37	140.51
0.37	140.525
0.37	140.557
0.37	140.572
0.37	140.588
0.37	140.619
0.35	140.635
0.33	140.681
0.31	140.697
0.31	140.728
0.31	140.744
0.31	140.759
0.31	140.791
0.31	140.806
0.31	140.822
0.31	140.853
0.31	140.869
0.31	140.884
0.31	140.915
0.31	140.931
0.31	140.962
0.31	140.978
0.31	140.993
0.31	141.025
0.31	141.04
0.29	141.056
0.27	141.087
0.25	141.103
0.23	141.118
0.21	141.149
0.19	141.165
0.17	141.196
0.15	141.212
0.13	141.227
0.12	141.243
0.12	141.274
0.12	141.29
0.12	141.305
0.12	141.337
0.12	141.352
0.12	141.383
0.12	141.399
0.12	141.415
0.12	141.446
0.12	141.461
0.12	141.477
0.12	141.508
0.12	141.524
0.12	141.539
0.12	141.571
0.12	141.586
0.12	141.602
0.1	141.633
0.08	141.664
0.06	141.68
0.04	141.695
0.02	141.711
0	141.742
0	141.758
0	141.789
0	141.805
0	141.82
0	141.836
0	141.867
0	141.883
0	141.898
0	141.929
0	141.945
0	141.976
0	141.992
0	142.023
0	142.039
0	142.054
0	142.07
0	142.101
0	142.117
0	142.132
0	142.163
0	142.195
0	142.21
0	142.226
0	142.241
0	142.257
0	142.288
0	142.304
0	142.319
0	142.351
0	142.382
0	142.397
0	142.413
0	142.444
0	142.475
0	142.491
0	142.522
0	142.538
0	142.553
0	142.6
0	142.616
0	142.647
0	142.694
0	142.725
0	142.756
0	142.772
0	142.787
0	142.819
0	142.834
0	142.85
0	142.881
0	142.897
0	142.912
0	142.943
0	142.959
0	142.975
0	143.006
0	143.021
0	143.053
0	143.068
0	143.099
0	143.115
0	143.131
0	143.162
0	143.177
0	143.193
0	143.224
0	143.24
0	143.255
0	143.271
0	143.302
0	143.318
0	143.349
0	143.365
0	143.38
0	143.411
0	143.427
0	143.443
0	143.474
0	143.489
0	143.505
0	143.536
0	143.567
0	143.567
0	143.599
0	143.614
0	143.645
0	143.661
0	143.692
0	143.708
0	143.755
0	143.755
0	143.77
0	143.786
0	143.801
0	143.833
0	143.848
0	143.864
0	143.895
0	143.911
0	143.942
0	143.957
0	143.973
0	144.004
0	144.02
0	144.035
0	144.067
0	144.082
0	144.098
0	144.129
0	144.145
0	144.191
0	144.223
0	144.223
0	144.254
0	144.285
0	144.301
0	144.316
0	144.332
0	144.363
0	144.394
0	144.394
0	144.425
0	144.441
0	144.472
0	144.488
0	144.503
0	144.535
0	144.55
0	144.566
0	144.597
0	144.613
0	144.628
0	144.659
0	144.675
0	144.706
0	144.722
0	144.737
0	144.753
0	144.784
0	144.8
0	144.831
0	144.847
0	144.862
0	144.878
0	144.909
0	144.925
0	144.956
0	144.971
0	144.987
0	145.018
0	145.034
0	145.049
0	145.081
0	145.096
0	145.127
0	145.143
0	145.159
0	145.19
0	145.205
0	145.221
0	145.237
0	145.268
0	145.299
0	145.299
0	145.33
0	145.361
0	145.377
0	145.393
0	145.424
0	145.439
0	145.455
0	145.486
0	145.502
0	145.517
0	145.549
0	145.564
0	145.58
0	145.611
0	145.627
0	145.658
0	145.673
0	145.689
0	145.72
0	145.736
0	145.751
0	145.767
0	145.798
0	145.814
0	145.829
0	145.861
0	145.876
0	145.907
0	145.923
0	145.939
0	145.97
0	145.985
0	146.001
0	146.032
0	146.048
0	146.079
0	146.095
0	146.11
0	146.126
0	146.157
0	146.173
0	146.188
0	146.219
0	146.251
0	146.251
0	146.282
0	146.297
0	146.329
0	146.344
0	146.36
0	146.391
0	146.407
0	146.453
0	146.469
0	146.485
0	146.516
0	146.531
0	146.547
0	146.578
0	146.594
0	146.609
0	146.641
0	146.656
0	146.687
0	146.703
0	146.734
0	146.75
0	146.765
0	146.781
0	146.812
0	146.828
0	146.843
0	146.875
0	146.89
0	146.906
0	146.937
0	146.953
0	146.984
0	146.999
0	147.015
0	147.046
0	147.062
0	147.077
0	147.109
0	147.124
0	147.155
0	147.171
0	147.187
0	147.218
0	147.233
0	147.249
0	147.265
0	147.296
0	147.311
0	147.343
0	147.358
0	147.374
0	147.405
0	147.421
0	147.436
0	147.467
0	147.483
0	147.499
0	147.53
0	147.545
0	147.561
0	147.592
0	147.608
0	147.623
0	147.655
0	147.67
0	147.701
0	147.717
0	147.748
0	147.764
0	147.779
0	147.795
0	147.826
0	147.842
0	147.857
0	147.889
0	147.904
0	147.92
0	147.951
0	147.967
0	147.982
0	148.013
0	148.029
0	148.06
0	148.076
0	148.091
0	148.123
0	148.138
0	148.154
0	148.185
0	148.201
0	148.216
0	148.247
0	148.263
0	148.279
0	148.31
0	148.325
0	148.341
0	148.372
0	148.388
0	148.419
0	148.435
0	148.45
0	148.481
0	148.497
0	148.513
0	148.544
0	148.559
0	148.575
0	148.606
0	148.637
0	148.637
0	148.669
0	148.684
0	148.715
0	148.731
0	148.747
0	148.778
0	148.793
0	148.809
0	148.84
0	148.856
0	148.871
0	148.903
0	148.918
0	148.934
0	148.965
0	148.981
0	149.012
0	149.027
0	149.059
0	149.074
0	149.09
0	149.121
0	149.137
0	149.152
0	149.168
0	149.199
0	149.23
0	149.246
0	149.261
0	149.293
0	149.293
0	149.324
0	149.339
0	149.371
0	149.386
0	149.402
0	149.433
0	149.449
0	149.464
0	149.495
0	149.511
0	149.527
0	149.558
0	149.573
0	149.605
0	149.62
0	149.636
0	149.667
0	149.683
0	149.698
0	149.729
0	149.745
0	149.761
0	149.792
0	149.807
0	149.823
0	149.854
0	149.87
0	149.885
0	149.917
0	149.932
0	149.948
0	149.979
0	149.995
0	150.026
0	150.041
0	150.057
0	150.088
0	150.104
0	150.119
0	150.151
0	150.166
0	150.197
0	150.213
0	150.229
0	150.244
0	150.275
0	150.291
0	150.322
0	150.338
0	150.353
0	150.385
0	150.4
0	150.416
0	150.447
0	150.463
0	150.478
0	150.509
0	150.525
0	150.541
0	150.572
0	150.587
0	150.603
0	150.634
0	150.65
0	150.681
0	150.697
0	150.712
0	150.743
0	150.759
0	150.775
0	150.806
0	150.821
0	150.837
0	150.868
0	150.884
0	150.899
0	150.931
0	150.946
0	150.977
0	150.993
0	151.009
0	151.024
0	151.055
0	151.071
0	151.102
0	151.118
0	151.133
0	151.165
0	151.18
0	151.196
0	151.227
0	151.243
0	151.258
0	151.289
0	151.305
0	151.336
0	151.352
0	151.367
0	151.399
0	151.414
0	151.43
0	151.461
0	151.477
0	151.508
0	151.523
0	151.555
0	151.555
0	151.586
0	151.601
0	151.617
0	151.648
0	151.664
0	151.695
0	151.726
0	151.757
0	151.773
0	151.789
0	151.82
0	151.835
0	151.851
0	151.882
0	151.913
0	151.913
0	151.945
0	151.96
0	151.991
0	152.007
0	152.038
0	152.054
0	152.069
0	152.085
0	152.116
0	152.132
0	152.147
0	152.179
0	152.194
0	152.21
0	152.241
0	152.257
0	152.288
0	152.303
0	152.335
0	152.35
0	152.366
0	152.381
0	152.413
0	152.428
0	152.459
0	152.475
0	152.491
0	152.522
0	152.537
0	152.553
0	152.584
0	152.6
0	152.615
0	152.647
0	152.662
0	152.678
0	152.709
0	152.725
0	152.756
0	152.771
0	152.787
0	152.803
0	152.834
0	152.849
0	152.881
0	152.896
0	152.912
0	152.927
0	152.959
0	152.974
0.02	153.005
0.02	153.021
0.02	153.037
0.02	153.068
0.02	153.083
0.02	153.115
0.02	153.13
0.02	153.146
0.02	153.161
0.02	153.193
0.02	153.208
0.02	153.239
0.02	153.255
0.02	153.286
0.02	153.302
0.02	153.317
0.02	153.333
0.02	153.364
0.02	153.38
0.02	153.395
0.02	153.427
0.02	153.442
0.02	153.473
0.02	153.489
0.04	153.505
0.06	153.52
0.08	153.551
0.1	153.567
0.12	153.598
0.13	153.614
0.15	153.629
0.17	153.661
0.17	153.676
0.17	153.707
0.17	153.723
0.17	153.739
0.17	153.77
0.17	153.785
0.17	153.801
0.17	153.848
0.17	153.879
0.17	153.879
0.17	153.91
0.17	153.926
0.17	153.957
0.17	153.973
0.17	154.004
0.17	154.02
0.17	154.035
0.19	154.051
0.21	154.082
0.23	154.098
0.23	154.113
0.25	154.144
0.27	154.16
0.29	154.191
0.31	154.207
0.33	154.222
0.35	154.254
0.37	154.269
0.38	154.285
0.38	154.316
0.38	154.332
0.38	154.347
0.38	154.378
0.38	154.41
0.38	154.425
0.38	154.441
0.38	154.456
0.38	154.472
0.38	154.503
0.38	154.519
0.38	154.534
0.38	154.566
0.38	154.581
0.4	154.612
0.4	154.644
0.4	154.675
0.4	154.69
0.4	154.706
0.4	154.737
0.4	154.768
0.4	154.784
0.4	154.8
0.42	154.815
0.44	154.846
0.46	154.862
0.48	154.878
0.5	154.909
0.52	154.94
0.52	154.971
0.52	154.987
0.52	155.002
0.52	155.034
0.52	155.049
0.52	155.065
0.52	155.096
0.52	155.127
0.52	155.127
0.54	155.158
0.56	155.19
0.56	155.205
0.56	155.221
0.56	155.236
0.56	155.268
0.56	155.283
0.56	155.314
0.56	155.33
0.56	155.346
0.56	155.361
0.56	155.392
0.56	155.408
0.56	155.424
0.58	155.455
0.6	155.47
0.62	155.502
0.63	155.517
0.63	155.533
0.63	155.564
0.63	155.58
0.63	155.595
0.63	155.626
0.63	155.642
0.63	155.658
0.63	155.689
0.63	155.72
0.63	155.751
0.63	155.767
0.63	155.798
0.63	155.814
0.63	155.829
0.63	155.86
0.63	155.876
0.63	155.892
0.63	155.923
0.63	155.938
0.63	155.954
0.63	155.985
0.63	156.001
0.63	156.016
0.63	156.048
0.63	156.079
0.65	156.094
0.65	156.11
0.65	156.126
0.65	156.141
0.65	156.172
0.65	156.188
0.65	156.219
0.65	156.235
0.65	156.25
0.63	156.282
0.62	156.297
0.6	156.313
0.58	156.344
0.58	156.36
0.56	156.375
0.56	156.406
0.56	156.422
0.56	156.438
0.56	156.469
0.56	156.484
0.56	156.516
0.56	156.531
0.56	156.547
0.56	156.578
0.56	156.594
0.56	156.609
0.56	156.64
0.58	156.656
0.6	156.672
0.6	156.703
0.6	156.718
0.6	156.75
0.6	156.765
0.6	156.796
0.6	156.796
0.6	156.828
0.6	156.843
0.58	156.874
0.56	156.89
0.54	156.906
0.52	156.937
0.5	156.952
0.5	156.968
0.5	156.999
0.5	157.015
0.5	157.046
0.5	157.062
0.5	157.077
0.5	157.093
0.5	157.124
0.5	157.14
0.5	157.171
0.5	157.186
0.52	157.202
0.54	157.233
0.56	157.249
0.58	157.264
0.6	157.296
0.6	157.311
0.6	157.327
0.6	157.358
0.6	157.374
0.6	157.405
0.6	157.42
0.6	157.436
0.58	157.452
0.58	157.483
0.56	157.498
0.54	157.53
0.52	157.545
0.52	157.561
0.52	157.592
0.52	157.608
0.52	157.639
0.52	157.654
0.52	157.67
0.52	157.686
0.52	157.717
0.52	157.732
0.52	157.748
0.52	157.779
0.54	157.795
0.54	157.826
0.56	157.842
0.58	157.857
0.6	157.888
0.6	157.904
0.6	157.92
0.6	157.951
0.6	157.966
0.6	157.982
0.6	158.013
0.6	158.029
0.6	158.044
0.58	158.076
0.56	158.091
0.54	158.122
0.52	158.138
0.5	158.154
0.48	158.185
0.48	158.2
0.48	158.216
0.48	158.247
0.48	158.263
0.48	158.294
0.48	158.31
0.48	158.325
0.48	158.341
0.48	158.372
0.48	158.419
0.5	158.434
0.52	158.45
0.54	158.481
0.56	158.497
0.56	158.512
0.56	158.544
0.56	158.559
0.56	158.575
0.56	158.606
0.56	158.622
0.56	158.637
0.56	158.668
0.54	158.684
0.52	158.7
0.5	158.731
0.48	158.746
0.46	158.778
0.46	158.793
0.46	158.824
0.46	158.84
0.46	158.856
0.46	158.871
0.46	158.902
0.46	158.918
0.48	158.934
0.48	158.965
0.48	158.996
0.48	159.012
0.5	159.027
0.52	159.043
0.54	159.074
0.56	159.09
0.56	159.105
0.56	159.121
0.56	159.152
0.56	159.168
0.56	159.199
0.56	159.214
0.56	159.23
0.56	159.261
0.56	159.277
0.56	159.292
0.54	159.324
0.52	159.339
0.5	159.37
0.48	159.386
0.48	159.402
0.48	159.433
0.48	159.448
0.48	159.464
0.48	159.495
0.48	159.511
0.48	159.526
0.48	159.558
0.48	159.573
0.48	159.589
0.5	159.62
0.52	159.636
0.54	159.651
0.56	159.682
0.58	159.698
0.58	159.729
0.58	159.745
0.58	159.76
0.58	159.792
0.58	159.807
0.58	159.838
0.58	159.854
0.58	159.87
0.56	159.885
0.54	159.916
0.52	159.932
0.5	159.948
0.48	159.979
0.48	159.994
0.48	160.026
0.48	160.041
0.48	160.057
0.48	160.088
0.48	160.104
0.48	160.119
0.48	160.15
0.48	160.166
0.48	160.197
0.5	160.213
0.52	160.228
0.54	160.244
0.56	160.275
0.58	160.291
0.58	160.306
0.58	160.338
0.58	160.353
0.58	160.384
0.58	160.4
0.58	160.416
0.58	160.447
0.58	160.462
0.58	160.478
0.56	160.509
0.54	160.525
0.52	160.54
0.5	160.572
0.48	160.587
0.48	160.603
0.48	160.634
0.48	160.665
0.48	160.681
0.48	160.696
0.48	160.743
0.48	160.759
0.48	160.774
0.48	160.806
0.48	160.821
0.5	160.837
0.52	160.868
0.54	160.884
0.56	160.915
0.56	160.93
0.56	160.962
0.56	160.962
0.56	160.993
0.56	161.008
0.56	161.024
0.56	161.055
0.56	161.071
0.56	161.086
0.54	161.118
0.52	161.133
0.5	161.164
0.48	161.18
0.46	161.196
0.46	161.227
0.46	161.242
0.46	161.258
0.46	161.289
0.46	161.32
0.46	161.336
0.46	161.352
0.46	161.367
0.46	161.398
0.46	161.414
0.48	161.43
0.5	161.461
0.52	161.476
0.54	161.492
0.56	161.523
0.56	161.539
0.56	161.57
0.56	161.586
0.56	161.601
0.56	161.617
0.56	161.648
0.56	161.664
0.56	161.679
0.56	161.71
0.54	161.726
0.52	161.742
0.5	161.773
0.48	161.788
0.46	161.82
0.46	161.835
0.46	161.851
0.46	161.882
0.46	161.898
0.46	161.929
0.46	161.944
0.46	161.96
0.46	161.976
0.46	162.007
0.48	162.022
0.5	162.054
0.52	162.069
0.54	162.085
0.54	162.116
0.54	162.132
0.54	162.147
0.54	162.178
0.54	162.194
0.54	162.241
0.54	162.256
0.54	162.272
0.54	162.303
0.54	162.319
0.52	162.334
0.5	162.366
0.48	162.381
0.46	162.412
0.46	162.428
0.46	162.444
0.46	162.475
0.46	162.49
0.46	162.522
0.46	162.537
0.46	162.553
0.46	162.584
0.46	162.6
0.46	162.615
0.46	162.631
0.48	162.662
0.5	162.678
0.52	162.709
0.54	162.724
0.54	162.756
0.54	162.771
0.54	162.787
0.54	162.818
0.54	162.834
0.54	162.849
0.54	162.865
0.54	162.896
0.54	162.912
0.54	162.943
0.52	162.958
0.5	162.99
0.48	162.99
0.46	163.021
0.46	163.036
0.46	163.068
0.46	163.083
0.46	163.099
0.46	163.13
0.46	163.146
0.46	163.161
0.46	163.192
0.46	163.208
0.48	163.224
0.5	163.255
0.52	163.27
0.54	163.286
0.56	163.317
0.58	163.333
0.58	163.364
0.58	163.38
0.58	163.426
0.58	163.442
0.58	163.458
0.58	163.489
0.58	163.504
0.58	163.52
0.56	163.551
0.54	163.567
0.52	163.582
0.5	163.614
0.48	163.629
0.48	163.66
0.48	163.676
0.48	163.692
0.48	163.723
0.48	163.738
0.48	163.754
0.48	163.801
0.48	163.816
0.48	163.848
0.48	163.863
0.5	163.894
0.52	163.91
0.54	163.926
0.54	163.957
0.54	163.972
0.54	164.004
0.54	164.019
0.54	164.035
0.54	164.066
0.54	164.082
0.54	164.097
0.54	164.113
0.54	164.144
0.54	164.16
0.52	164.191
0.5	164.206
0.48	164.222
0.46	164.238
0.46	164.269
0.46	164.284
0.46	164.316
0.46	164.331
0.46	164.347
0.46	164.378
0.46	164.394
0.46	164.409
0.46	164.44
0.46	164.472
0.46	164.472
0.48	164.503
0.5	164.518
0.52	164.534
0.52	164.565
0.52	164.581
0.52	164.612
0.52	164.628
0.52	164.643
0.52	164.674
0.52	164.69
0.52	164.706
0.52	164.737
0.52	164.752
0.5	164.768
0.48	164.799
0.46	164.815
0.44	164.83
0.44	164.862
0.44	164.877
0.44	164.908
0.44	164.924
0.44	164.94
0.44	164.971
0.44	164.986
0.44	165.002
0.44	165.033
0.46	165.049
0.48	165.064
0.5	165.096
0.52	165.111
0.52	165.142
0.54	165.158
0.54	165.174
0.54	165.189
0.54	165.22
0.54	165.236
0.54	165.267
0.54	165.283
0.54	165.298
0.54	165.33
0.54	165.345
0.52	165.361
0.5	165.392
0.48	165.408
0.46	165.423
0.46	165.454
0.46	165.47
0.46	165.486
0.46	165.517
0.46	165.532
0.46	165.564
0.46	165.579
0.46	165.61
0.46	165.626
0.46	165.642
0.48	165.657
0.5	165.688
0.52	165.704
0.54	165.72
0.54	165.751
0.54	165.782
0.54	165.798
0.54	165.813
0.54	165.829
0.54	165.844
0.54	165.876
0.54	165.907
0.54	165.922
0.54	165.938
0.52	165.969
0.5	165.985
0.48	166
0.46	166.032
0.44	166.063
0.44	166.094
0.44	166.11
0.44	166.141
0.44	166.141
0.44	166.172
0.44	166.188
0.44	166.219
0.44	166.234
0.46	166.25
0.46	166.281
0.48	166.297
0.5	166.312
0.5	166.344
0.5	166.359
0.5	166.375
0.5	166.406
0.5	166.422
0.5	166.437
0.5	166.468
0.5	166.5
0.5	166.515
0.5	166.531
0.5	166.562
0.48	166.578
0.46	166.593
0.44	166.624
0.42	166.64
0.42	166.656
0.42	166.671
0.42	166.702
0.42	166.718
0.42	166.734
0.42	166.765
0.42	166.78
0.42	166.812
0.42	166.827
0.42	166.843
0.44	166.874
0.46	166.89
0.48	166.905
0.5	166.936
0.5	166.952
0.5	166.968
0.5	166.999
0.5	167.014
0.5	167.03
0.5	167.061
0.5	167.077
0.5	167.092
0.5	167.124
0.5	167.139
0.5	167.155
0.48	167.186
0.46	167.217
0.44	167.233
0.42	167.248
0.42	167.264
0.42	167.295
0.42	167.311
0.42	167.326
0.42	167.358
0.42	167.373
0.42	167.389
0.42	167.42
0.44	167.436
0.46	167.451
0.48	167.482
0.5	167.498
0.52	167.529
0.54	167.56
0.54	167.592
0.54	167.607
0.54	167.623
0.54	167.654
0.54	167.67
0.54	167.701
0.54	167.716
0.54	167.748
0.54	167.748
0.52	167.779
0.5	167.794
0.48	167.826
0.46	167.841
0.46	167.872
0.46	167.888
0.46	167.904
0.46	167.919
0.46	167.95
0.46	167.966
0.46	167.997
0.46	168.013
0.46	168.028
0.46	168.044
0.48	168.075
0.5	168.091
0.52	168.122
0.52	168.138
0.52	168.153
0.52	168.184
0.52	168.2
0.52	168.216
0.52	168.247
0.52	168.262
0.52	168.278
0.52	168.309
0.52	168.325
0.52	168.34
0.52	168.372
0.5	168.403
0.48	168.434
0.48	168.45
0.48	168.481
0.48	168.496
0.48	168.528
0.48	168.543
0.48	168.559
0.48	168.574
0.48	168.606
0.48	168.621
0.48	168.637
0.48	168.668
0.48	168.684
0.5	168.699
0.52	168.73
0.54	168.746
0.54	168.777
0.54	168.793
0.54	168.808
0.54	168.84
0.54	168.855
0.54	168.886
0.54	168.902
0.54	168.918
0.54	168.933
0.54	168.964
0.52	168.98
0.5	168.996
0.48	169.027
0.46	169.058
0.46	169.074
0.46	169.089
0.46	169.105
0.46	169.136
0.46	169.152
0.46	169.183
0.46	169.198
0.46	169.214
0.46	169.23
0.48	169.261
0.5	169.276
0.52	169.308
0.54	169.323
0.56	169.339
0.56	169.354
0.56	169.386
0.56	169.401
0.56	169.432
0.56	169.448
0.56	169.464
0.56	169.495
0.56	169.51
0.56	169.526
0.54	169.557
0.52	169.573
0.5	169.588
0.48	169.62
0.46	169.635
0.46	169.651
0.46	169.682
0.46	169.698
0.46	169.729
0.46	169.744
0.46	169.76
0.46	169.791
0.46	169.807
0.46	169.822
0.46	169.854
0.48	169.869
0.5	169.885
0.52	169.916
0.54	169.932
0.56	169.947
0.56	169.978
0.56	169.994
0.56	170.01
0.56	170.041
0.56	170.056
0.56	170.072
0.56	170.103
0.56	170.119
0.56	170.134
0.54	170.166
0.52	170.181
0.5	170.212
0.48	170.228
0.46	170.244
0.46	170.275
0.46	170.29
0.46	170.306
0.46	170.337
0.46	170.353
0.46	170.384
0.46	170.4
0.46	170.415
0.46	170.446
0.48	170.462
0.5	170.478
0.52	170.509
0.54	170.524
0.54	170.54
0.54	170.571
0.54	170.587
0.54	170.602
0.54	170.634
0.54	170.649
0.54	170.665
0.54	170.696
0.54	170.712
0.54	170.743
0.52	170.758
0.5	170.79
0.48	170.805
0.46	170.821
0.44	170.836
0.42	170.868
0.4	170.883
0.4	170.899
0.4	170.93
0.4	170.946
0.4	170.961
0.4	170.992
0.4	171.008
0.4	171.039
0.4	171.055
0.42	171.07
0.44	171.102
0.46	171.117
0.48	171.133
0.48	171.164
0.48	171.18
0.48	171.195
0.48	171.226
0.48	171.242
0.48	171.258
0.48	171.289
0.48	171.304
0.48	171.32
0.48	171.351
0.46	171.382
0.44	171.398
0.42	171.414
0.4	171.429
0.38	171.46
0.37	171.476
0.35	171.492
0.33	171.523
0.33	171.538
0.33	171.554
0.33	171.585
0.33	171.601
0.33	171.616
0.35	171.648
0.37	171.663
0.38	171.694
0.4	171.71
0.42	171.726
0.44	171.757
0.46	171.772
0.46	171.788
0.46	171.819
0.46	171.835
0.46	171.85
0.46	171.882
0.46	171.897
0.46	171.928
0.46	171.944
0.46	171.96
0.46	171.975
0.44	172.006
0.42	172.022
0.4	172.053
0.38	172.069
0.37	172.084
0.35	172.116
0.33	172.131
0.31	172.162
0.29	172.209
0.29	172.209
0.29	172.24
0.29	172.256
0.31	172.287
0.33	172.303
0.35	172.318
0.37	172.35
0.37	172.365
0.37	172.396
0.37	172.412
0.37	172.428
0.37	172.443
0.37	172.474
0.37	172.49
0.37	172.506
0.37	172.537
0.37	172.552
0.37	172.568
0.37	172.599
0.37	172.615
0.37	172.646
0.35	172.662
0.33	172.677
0.31	172.708
0.29	172.724
0.27	172.74
0.25	172.771
0.23	172.786
0.21	172.818
0.21	172.833
0.19	172.849
0.17	172.864
0.17	172.896
0.19	172.911
0.19	172.927
0.19	172.958
0.19	172.974
0.19	173.005
0.19	173.02
0.19	173.052
0.19	173.067
0.19	173.083
0.19	173.114
0.19	173.13
0.19	173.176
0.19	173.192
0.19	173.208
0.19	173.223
0.19	173.254
0.19	173.27
0.19	173.286
0.19	173.317
0.17	173.332
0.15	173.348
0.13	173.379
0.12	173.41
0.1	173.41
0.08	173.442
0.06	173.457
0.06	173.488
0.06	173.504
0.06	173.52
0.06	173.551
0.06	173.566
0.06	173.582
0.06	173.613
0.06	173.629
0.06	173.644
0.06	173.676
0.06	173.691
0.06	173.707
0.06	173.738
0.06	173.754
0.06	173.785
0.06	173.8
0.06	173.816
0.06	173.847
0.06	173.863
0.06	173.878
0.06	173.91
0.06	173.925
0.04	173.941
0.04	173.972
0.04	173.988
0.02	174.003
0	174.034
0	174.05
0	174.066
0	174.097
0	174.112
0	174.144
0	174.159
0	174.175
0	174.206
0	174.222
0	174.237
0	174.268
0	174.3
0	174.3
0	174.331
0	174.346
0	174.378
0	174.393
0	174.409
0	174.424
0	174.456
0	174.471
0	174.502
0	174.518
0	174.534
0	174.565
0	174.58
0	174.596
0	174.627
0	174.643
0	174.658
0	174.69
0	174.721
0	174.721
0	174.752
0	174.768
0	174.799
0	174.814
0	174.83
0	174.861
0	174.877
0	174.892
0	174.924
0	174.939
0	174.955
0	174.986
0	175.017
0	175.017
0	175.048
0	175.08
0	175.08
0	175.111
0	175.126
0	175.189
0	175.22
0	175.236
0	175.251
0	175.282
0	175.314
0	175.314
0	175.345
0	175.376
0	175.376
0	175.407
0	175.423
0	175.454
0	175.47
0	175.501
0	175.516
0	175.532
0	175.548
0	175.579
0	175.594
0	175.626
0	175.641
0	175.657
0	175.672
0	175.704
0	175.735
0	175.75
0	175.766
0	175.782
0	175.813
0	175.828
0	175.86
0	175.875
0	175.891
0	175.922
0	175.938
0	175.953
0	175.984
0	176
0	176.016
0	176.047
0	176.062
0	176.094
0	176.109
0	176.125
0	176.156
0	176.172
0	176.187
0	176.203
0	176.234
0	176.25
0	176.265
0	176.296
0	176.312
0	176.343
0	176.359
0	176.374
0	176.406
0	176.421
0	176.437
0	176.468
0	176.484
0	176.515
0	176.53
0	176.546
0	176.577
0	176.593
0	176.624
0	176.624
0	176.655
0	176.671
0	176.702
0	176.718
0	176.733
0	176.764
0	176.78
0	176.811
0	176.827
0	176.874
0	176.889
0	176.905
0	176.936
0	176.952
0	176.983
0	176.983
0	177.014
0	177.03
0	177.061
0	177.076
0	177.092
0	177.123
0	177.139
0	177.154
0	177.186
0	177.201
0	177.217
0	177.248
0	177.264
0	177.279
0	177.31
0	177.326
0	177.342
0	177.373
0	177.388
0	177.42
0	177.435
0	177.451
0	177.482
0	177.498
0	177.529
0	177.544
0	177.56
0	177.591
0	177.607
0	177.622
0	177.654
0	177.669
0	177.7
0	177.716
0	177.732
0	177.747
0	177.778
0	177.794
0	177.825
0	177.841
0	177.856
0	177.872
0	177.903
0	177.934
0	177.934
0	177.966
0	177.997
0	178.012
0	178.028
0	178.044
0	178.075
0	178.106
0	178.106
0	178.137
0	178.153
0	178.168
0	178.2
0	178.215
0	178.231
0	178.262
0	178.293
0	178.309
0	178.324
0	178.34
0	178.356
0	178.387
0	178.402
0	178.434
0	178.449
0	178.465
0	178.496
0	178.512
0	178.527
0	178.558
0	178.574
0	178.59
0	178.621
0	178.636
0	178.668
0	178.683
0	178.699
0	178.73
0	178.746
0	178.761
0	178.792
0	178.808
0	178.824
0	178.855
0	178.87
0	178.886
0	178.917
0	178.933
0	178.964
0	178.98
0	179.011
0	179.026
0	179.042
0	179.058
0	179.104
0	179.12
0	179.151
0	179.167
0	179.182
0	179.214
0	179.229
0	179.245
0	179.276
0	179.307
0	179.323
0	179.338
0	179.354
0	179.385
0	179.401
0	179.416
0	179.448
0	179.463
0	179.494
0	179.51
0	179.526
0	179.557
0	179.588
0	179.604
0	179.635
0	179.65
0	179.682
0	179.697
0	179.713
0	179.744
0	179.76
0	179.775
0	179.806
0	179.822
0	179.838
0	179.869
0	179.884
0	179.9
0	179.931
0	179.947
0	179.978
0	179.994
0	180.025
0	180.025
0	180.056
0	180.072
0	180.118
0	180.134
0	180.165
0	180.181
0	180.196
0	180.228
0	180.243
0	180.259
0	180.29
0	180.306
0	180.337
0	180.352
0	180.368
0	180.384
0	180.415
0	180.43
0	180.462
0	180.477
0	180.493
0	180.524
0	180.54
0	180.555
0	180.586
0	180.618
0	180.633
0	180.649
0	180.664
0	180.68
0	180.711
0	180.742
0	180.758
0	180.774
0	180.789
0	180.82
0	180.836
0	180.852
0	180.883
0	180.898
0	180.914
0	180.945
0	180.961
0	181.008
0	181.023
0	181.039
0	181.07
0	181.086
0	181.117
0	181.132
0	181.164
0	181.179
0	181.195
0	181.21
0	181.257
0	181.273
0	181.304
0	181.32
0	181.351
0	181.366
0	181.382
0	181.413
0	181.429
0	181.46
0	181.476
0	181.491
0	181.507
0	181.538
0	181.554
0	181.585
0	181.6
0	181.632
0	181.647
0	181.663
0	181.694
0	181.694
0	181.725
0	181.756
0	181.772
0	181.788
0	181.803
0	181.834
0	181.85
0	181.866
0	181.897
0	181.912
0	181.944
0	181.959
0	181.975
0	182.006
0	182.022
0	182.037
0	182.068
0	182.084
0	182.1
0	182.131
0	182.146
0	182.162
0	182.193
0	182.209
0	182.224
0	182.256
0	182.287
0	182.287
0	182.318
0	182.349
0	182.365
0	182.38
0	182.396
0	182.412
0	182.443
0	182.458
0	182.49
0	182.521
0	182.521
0	182.552
0	182.568
0	182.583
0	182.614
0	182.63
0	182.646
0	182.677
0	182.708
0	182.724
0	182.739
0	182.755
0	182.786
0	182.802
0	182.817
0	182.848
0	182.864
0	182.88
0	182.911
0	182.926
0	182.942
0	182.973
0	182.989
0	183.02
0	183.036
0	183.051
0	183.082
0	183.098
0	183.114
0	183.145
0	183.16
0	183.192
0	183.207
0	183.223
0	183.254
0	183.285
0	183.301
0	183.301
0	183.332
0	183.363
0	183.379
0	183.394
0	183.41
0	183.441
0	183.457
0	183.472
0	183.504
0	183.519
0	183.535
0	183.566
0	183.582
0	183.613
0	183.628
0	183.644
0	183.675
0	183.691
0	183.706
0	183.738
0	183.753
0	183.769
0	183.8
0	183.816
0	183.831
0	183.862
0	183.878
0	183.909
0	183.925
0	183.94
0	183.972
0	183.987
0	184.018
0	184.05
0	184.065
0	184.096
0	184.112
0	184.143
0	184.159
0	184.19
0	184.206
0	184.221
0	184.237
0	184.252
0	184.284
0	184.315
0	184.315
0	184.346
0	184.362
0	184.377
0	184.408
0	184.424
0	184.455
0	184.471
0	184.502
0	184.518
0	184.533
0	184.549
0	184.58
0	184.596
0	184.611
0	184.642
0	184.658
0	184.674
0	184.705
0	184.72
0	184.752
0	184.767
0	184.783
0	184.814
0	184.83
0	184.845
0	184.876
0	184.892
0	184.908
0	184.939
0	184.954
0	184.97
0	185.001
0	185.017
0	185.048
0	185.064
0	185.079
0	185.11
0	185.126
0	185.157
0	185.173
0	185.204
0	185.204
0	185.235
0	185.251
0	185.282
0	185.298
0	185.329
0	185.329
0	185.36
0	185.376
0	185.407
0	185.422
0	185.454
0	185.469
0	185.485
0	185.5
0	185.532
0	185.547
0	185.563
0	185.594
0	185.625
0	185.625
0	185.656
0	185.672
0	185.703
0	185.719
0	185.75
0	185.766
0	185.781
0	185.797
0	185.828
0	185.844
0	185.875
0	185.89
0	185.906
0	185.922
0	185.953
0	185.968
0	185.984
0	186.015
0	186.031
0	186.062
0	186.078
0	186.093
0	186.124
0	186.14
0	186.156
0	186.187
0	186.202
0	186.234
0	186.249
0	186.265
0	186.28
0	186.312
0	186.327
0	186.358
0	186.374
0	186.39
0	186.421
0	186.436
0	186.468
0	186.483
0	186.499
0	186.514
0	186.546
0	186.561
