0	0.054
0	0.086
0	0.108
0	0.125
0	0.15
0	0.176
0	0.182
0	0.201
0	0.226
0	0.246
0	0.265
0	0.293
0	0.31
0	0.33
0	0.349
0	0.371
0	0.393
0	0.414
0	0.436
0	0.456
0	0.485
0	0.498
0	0.52
0	0.542
0	0.562
0	0.593
0	0.604
0	0.636
0	0.645
0	0.67
0	0.699
0	0.714
0	0.73
0	0.753
0	0.775
0	0.793
0	0.815
0	0.835
0	0.857
0	0.885
0	0.921
0	0.941
0	0.974
0	0.985
0	1.008
0	1.027
0	1.058
0	1.07
0	1.089
0	1.111
0	1.133
0	1.153
0	1.176
0	1.196
0	1.218
0	1.248
0	1.259
0	1.281
0	1.301
0	1.324
0	1.344
0	1.375
0	1.386
0	1.406
0	1.428
0	1.45
0	1.481
0	1.493
0	1.515
0	1.535
0	1.556
0	1.586
0	1.608
0	1.622
0	1.65
0	1.661
0	1.681
0	1.703
0	1.724
0	1.745
0	1.767
0	1.792
0	1.82
0	1.841
0	1.852
0	1.873
0	1.899
0	1.937
0	1.957
0	1.978
0	1.999
0	2.03
0	2.058
0	2.064
0	2.104
0	2.141
0	2.162
0	2.188
0	2.222
0	2.244
0	2.252
0	2.285
0	2.294
0	2.316
0	2.349
0	2.358
0	2.38
0	2.406
0	2.444
0	2.464
0	2.485
0	2.518
0	2.527
0	2.549
0	2.579
0	2.591
0	2.611
0	2.634
0	2.665
0	2.676
0	2.707
0	2.718
0	2.738
0	2.76
0	2.78
0	2.802
0	2.822
0	2.844
0	2.867
0	2.886
0	2.915
0	2.929
0	2.949
0	2.971
0	3.005
0	3.014
0	3.034
0	3.056
0	3.076
0	3.098
0	3.129
0	3.14
0	3.162
0	3.182
0	3.205
0	3.225
0	3.245
0	3.267
0	3.288
0	3.309
0	3.331
0	3.352
0	3.374
0	3.394
0	3.414
0	3.437
0	3.468
0	3.479
0	3.5
0	3.52
0	3.542
0	3.563
0	3.584
0	3.604
0	3.626
0	3.648
0	3.67
0	3.689
0	3.711
0	3.742
0	3.753
0	3.775
0	3.801
0	3.828
0	3.837
0	3.861
0	3.879
0	3.903
0	3.927
0	3.958
0	3.987
0	4.007
0	4.036
0	4.049
0	4.071
0	4.091
0	4.124
0	4.144
0	4.155
0	4.187
0	4.197
0	4.219
0	4.239
0	4.261
0	4.281
0	4.304
0	4.333
0	4.345
0	4.367
0	4.387
0	4.409
0	4.429
0	4.452
0	4.471
0	4.5
0	4.513
0	4.535
0	4.557
0	4.578
0	4.599
0	4.63
0	4.641
0	4.663
0	4.683
0	4.705
0	4.725
0	4.756
0	4.768
0	4.79
0	4.809
0	4.831
0	4.853
0	4.873
0	4.895
0	4.924
0	4.946
0	4.962
0	5.001
0	5.021
0	5.043
0	5.063
0	5.085
0	5.105
0	5.137
0	5.155
0	5.169
0	5.203
0	5.213
0	5.232
0	5.254
0	5.275
0	5.295
0	5.322
0	5.339
0	5.359
0	5.382
0	5.402
0	5.423
0	5.445
0	5.464
0	5.486
0	5.509
0	5.53
0	5.56
0	5.571
0	5.6
0	5.613
0	5.646
0	5.656
0	5.677
0	5.707
0	5.73
0	5.741
0	5.768
0	5.783
0	5.803
0	5.826
0	5.846
0	5.866
0	5.9
0	5.918
0	5.93
0	5.963
0	5.976
0	5.994
0	6.014
0	6.036
0	6.056
0	6.078
0	6.105
0	6.12
0	6.142
0	6.162
0	6.184
0	6.206
0	6.227
0	6.258
0	6.269
0	6.298
0	6.311
0	6.333
0	6.354
0	6.386
0	6.396
0	6.417
0	6.437
0	6.46
0	6.491
0	6.502
0	6.522
0	6.545
0	6.565
0	6.598
0	6.607
0	6.64
0	6.649
0	6.672
0	6.694
0	6.713
0	6.746
0	6.766
0	6.777
0	6.808
0	6.82
0	6.84
0	6.862
0	6.891
0	6.904
0	6.924
0	6.946
0	6.976
0	6.989
0	7.042
0	7.051
0	7.073
0	7.093
0	7.116
0	7.137
0	7.159
0	7.18
0	7.199
0	7.221
0	7.241
0	7.263
0	7.285
0	7.316
0	7.337
0	7.348
0	7.368
0	7.39
0	7.416
0	7.432
0	7.459
0	7.474
0	7.516
0	7.538
0	7.558
0	7.58
0	7.604
0	7.623
0	7.643
0	7.665
0	7.685
0	7.707
0	7.728
0	7.75
0	7.782
0	7.793
0	7.824
0	7.833
0	7.867
0	7.887
0	7.912
0	7.919
0	7.962
0	7.981
0	8.006
0	8.023
0	8.045
0	8.076
0	8.087
0	8.109
0	8.129
0	8.151
0	8.171
0	8.195
0	8.213
0	8.247
0	8.257
0	8.288
0	8.299
0	8.329
0	8.342
0	8.362
0	8.383
0	8.404
0	8.426
0	8.469
0	8.488
0	8.51
0	8.53
0	8.563
0	8.583
0	8.595
0	8.627
0	8.637
0	8.668
0	8.69
0	8.71
0	8.72
0	8.742
0	8.764
0	8.784
0	8.806
0	8.836
0	8.848
0	8.868
0	8.901
0	8.911
0	8.934
0	8.966
0	8.985
0	8.996
0	9.02
0	9.039
0	9.059
0	9.081
0	9.101
0	9.123
0	9.143
0	9.165
0	9.188
0	9.207
0	9.229
0	9.249
0	9.271
0	9.291
0	9.313
0	9.344
0	9.355
0	9.378
0	9.41
0	9.419
0	9.439
0	9.462
0	9.482
0	9.504
0	9.534
0	9.546
0	9.577
0	9.593
0	9.608
0	9.63
0	9.653
0	9.672
0	9.694
0	9.715
0	9.747
0	9.765
0	9.778
0	9.809
0	9.82
0	9.843
0	9.864
0	9.883
0	9.905
0	9.925
0	9.948
0	9.979
0	9.989
0	10.025
0	10.037
0	10.073
0	10.105
0	10.126
0	10.148
0	10.158
0	10.181
0	10.201
0	10.221
0	10.243
0	10.264
0	10.296
0	10.307
0	10.33
0	10.35
0	10.369
0	10.392
0	10.413
0	10.434
0	10.455
0	10.475
0	10.497
0	10.517
0	10.54
0	10.56
0	10.593
0	10.603
0	10.623
0	10.645
0	10.67
0	10.687
0	10.707
0	10.729
0	10.751
0	10.781
0	10.793
0	10.824
0	10.84
0	10.855
0	10.877
0	10.901
0	10.921
0	10.94
0	10.963
0	10.982
0	11.005
0	11.024
0	11.048
0	11.099
0	11.11
0	11.13
0	11.152
0	11.183
0	11.205
0	11.216
0	11.236
0	11.258
0	11.278
0	11.3
0	11.32
0	11.342
0	11.365
0	11.385
0	11.409
0	11.427
0	11.458
0	11.47
0	11.501
0	11.521
0	11.543
0	11.565
0	11.575
0	11.605
0	11.627
0	11.637
0	11.659
0	11.681
0	11.701
0	11.724
0	11.747
0	11.765
0	11.785
0	11.807
0	11.83
0	11.85
0	11.87
0	11.892
0	11.912
0	11.934
0	11.956
0	11.987
0	11.997
0	12.019
0	12.041
0	12.063
0	12.11
0	12.125
0	12.153
0	12.167
0	12.197
0	12.209
0	12.229
0	12.251
0	12.273
0	12.293
0	12.316
0	12.336
0	12.356
0	12.378
0	12.399
0	12.42
0	12.441
0	12.464
0	12.484
0	12.517
0	12.526
0	12.561
0	12.57
0	12.62
0	12.632
0	12.652
0	12.674
0	12.695
0	12.716
0	12.738
0	12.758
0	12.79
0	12.8
0	12.822
0	12.842
0	12.864
0	12.886
0	12.906
0	12.949
0	12.969
0	12.991
0	13.011
0	13.033
0	13.056
0	13.079
0	13.096
0	13.118
0	13.148
0	13.16
0	13.181
0	13.205
0	13.224
0	13.245
0	13.265
0	13.287
0	13.307
0	13.335
0	13.351
0	13.382
0	13.393
0	13.413
0	13.435
0	13.466
0	13.488
0	13.499
0	13.519
0	13.541
0	13.562
0	13.591
0	13.605
0	13.624
0	13.646
0	13.669
0	13.688
0	13.71
0	13.73
0	13.762
0	13.774
0	13.794
0	13.816
0	13.843
0	13.858
0	13.89
0	13.899
0	13.921
0	13.953
0	13.963
0	13.985
0	14.005
0	14.038
0	14.057
0	14.069
0	14.093
0	14.122
0	14.133
0	14.153
0	14.185
0	14.196
0	14.219
0	14.239
0	14.27
0	14.292
0	14.304
0	14.323
0	14.344
0	14.365
0	14.386
0	14.407
0	14.429
0	14.449
0	14.475
0	14.502
0	14.513
0	14.536
0	14.565
0	14.577
0	14.598
0	14.619
0	14.64
0	14.66
0	14.682
0	14.708
0	14.724
0	14.756
0	14.766
0	14.788
0	14.808
0	14.841
0	14.85
0	14.876
0	14.905
0	14.914
0	14.939
0	14.967
0	14.978
0	14.998
0	15.02
0	15.052
0	15.072
0	15.084
0	15.108
0	15.125
0	15.147
0	15.167
0	15.189
0	15.222
0	15.231
0	15.253
0	15.273
0	15.295
0	15.317
0	15.338
0	15.37
0	15.379
0	15.401
0	15.421
0	15.443
0	15.463
0	15.486
0	15.506
0	15.528
0	15.548
0	15.57
0	15.59
0	15.612
0	15.644
0	15.654
0	15.676
0	15.696
0	15.718
0	15.738
0	15.77
0	15.782
0	15.802
0	15.824
0	15.844
0	15.868
0	15.892
0	15.917
0	15.94
0	15.953
0	15.981
0	16.004
0	16.013
0	16.035
0	16.055
0	16.078
0	16.116
0	16.122
0	16.14
0	16.163
0	16.187
0	16.214
0	16.225
0	16.245
0	16.268
0	16.288
0	16.31
0	16.33
0	16.357
0	16.372
0	16.394
0	16.414
0	16.436
0	16.458
0	16.478
0	16.51
0	16.52
0	16.543
0	16.563
0	16.586
0	16.618
0	16.627
0	16.647
0	16.669
0	16.689
0	16.711
0	16.733
0	16.753
0	16.775
0	16.801
0	16.817
0	16.839
0	16.86
0	16.88
0	16.902
0	16.923
0	16.944
0	16.964
0	16.997
0	17.006
0	17.038
0	17.061
0	17.07
0	17.103
0	17.112
0	17.134
0	17.156
0	17.176
0	17.198
0	17.218
0	17.24
0	17.271
0	17.294
0	17.309
0	17.324
0	17.346
0	17.366
0	17.399
0	17.408
0	17.43
0	17.45
0	17.472
0	17.504
0	17.52
0	17.536
0	17.556
0	17.586
0	17.598
0	17.62
0	17.641
0	17.663
0	17.683
0	17.705
0	17.726
0	17.746
0	17.779
0	17.788
0	17.81
0	17.832
0	17.853
0	17.873
0	17.895
0	17.915
0	17.948
0	17.957
0	17.989
0	18.001
0	18.021
0	18.054
0	18.063
0	18.086
0	18.106
0	18.128
0	18.15
0	18.174
0	18.191
0	18.211
0	18.233
0	18.256
0	18.276
0	18.296
0	18.318
0	18.338
0	18.36
0	18.381
0	18.413
0	18.422
0	18.444
0	18.466
0	18.497
0	18.508
0	18.528
0	18.55
0	18.572
0	18.593
0	18.613
0	18.635
0	18.656
0	18.676
0	18.699
0	18.719
0	18.741
0	18.761
0	18.793
0	18.81
0	18.825
0	18.845
0	18.867
0	18.887
0	18.92
0	18.937
0	18.973
0	18.993
0	19.025
0	19.037
0	19.057
0	19.079
0	19.099
0	19.129
0	19.148
0	19.173
0	19.186
0	19.226
0	19.249
0	19.272
0	19.289
0	19.322
0	19.333
0	19.354
0	19.382
0	19.406
0	19.427
0	19.438
0	19.458
0	19.481
0	19.501
0	19.523
0	19.55
0	19.565
0	19.585
0	19.61
0	19.638
0	19.659
0	19.671
0	19.702
0	19.721
0	19.733
0	19.755
0	19.776
0	19.807
0	19.818
0	19.851
0	19.86
0	19.89
0	19.902
0	19.924
0	19.944
0	19.966
0	19.988
0	20.018
0	20.03
0	20.057
0	20.083
0	20.092
0	20.117
0	20.134
0	20.156
0	20.187
0	20.2
0	20.25
0	20.262
0	20.282
0	20.315
0	20.33
0	20.346
0	20.366
0	20.389
0	20.409
0	20.441
0	20.456
0	20.474
0	20.494
0	20.514
0	20.536
0	20.558
0	20.578
0	20.6
0	20.62
0	20.642
0	20.662
0	20.684
0	20.706
0	20.734
0	20.758
0	20.779
0	20.794
0	20.81
0	20.832
0	20.852
0	20.885
0	20.896
0	20.916
0	20.949
0	20.958
0	20.98
0	21.002
0	21.033
0	21.044
0	21.065
0	21.085
0	21.107
0	21.127
0	21.149
0	21.171
0	21.198
0	21.215
0	21.278
0	21.297
0	21.328
0	21.339
0	21.372
0	21.383
0	21.409
0	21.425
0	21.445
0	21.467
0	21.487
0	21.509
0	21.529
0	21.551
0	21.577
0	21.593
0	21.626
0	21.635
0	21.668
0	21.677
0	21.699
0	21.719
0	21.742
0	21.762
0	21.795
0	21.804
0	21.837
0	21.846
0	21.868
0	21.89
0	21.91
0	21.932
0	21.952
0	21.974
0	21.994
0	22.015
0	22.037
0	22.069
0	22.089
0	22.101
0	22.128
0	22.143
0	22.163
0	22.188
0	22.218
0	22.231
0	22.25
0	22.28
0	22.303
0	22.311
0	22.333
0	22.356
0	22.375
0	22.408
0	22.421
0	22.439
0	22.461
0	22.481
0	22.513
0	22.532
0	22.546
0	22.565
0	22.587
0	22.607
0	22.631
0	22.651
0	22.671
0	22.702
0	22.723
0	22.735
0	22.756
0	22.777
0	22.809
0	22.819
0	22.841
0	22.868
0	22.894
0	22.914
0	22.936
0	22.946
0	22.968
0	22.989
0	23.01
0	23.03
0	23.063
0	23.074
0	23.095
0	23.127
0	23.136
0	23.159
0	23.178
0	23.201
0	23.227
0	23.242
0	23.265
0	23.284
0	23.306
0	23.326
0	23.348
0	23.368
0	23.39
0	23.411
0	23.438
0	23.453
0	23.475
0	23.495
0	23.517
0	23.537
0	23.559
0	23.582
0	23.601
0	23.623
0	23.644
0	23.664
0	23.686
0	23.706
0	23.727
0	23.749
0	23.771
0	23.792
0	23.812
0	23.834
0	23.854
0	23.876
0	23.909
0	23.918
0	23.941
0	23.962
0	23.993
0	24.015
0	24.026
0	24.046
0	24.068
0	24.099
0	24.11
0	24.13
0	24.153
0	24.173
0	24.194
0	24.216
0	24.243
0	24.258
0	24.278
0	24.31
0	24.32
0	24.342
0	24.364
0	24.384
0	24.406
0	24.427
0	24.447
0	24.469
0	24.49
0	24.51
0	24.543
0	24.554
0	24.585
0	24.596
0	24.616
0	24.638
0	24.658
0	24.68
0	24.703
0	24.722
0	24.744
0	24.775
0	24.786
0	24.807
0	24.829
0	24.86
0	24.871
0	24.891
0	24.913
0	24.936
0	24.955
0	24.975
0	24.997
0	25.03
0	25.039
0	25.071
0	25.082
0	25.104
0	25.124
0	25.146
0	25.177
0	25.188
0	25.208
0	25.23
0	25.257
0	25.28
0	25.314
0	25.336
0	25.356
0	25.378
0	25.398
0	25.42
0	25.442
0	25.462
0	25.484
0	25.504
0	25.526
0	25.556
0	25.568
0	25.588
0	25.61
0	25.642
0	25.652
0	25.675
0	25.705
0	25.716
0	25.737
0	25.778
0	25.8
0	25.83
0	25.852
0	25.862
0	25.889
0	25.905
0	25.937
0	25.95
0	25.97
0	25.99
0	26.01
0	26.032
0	26.054
0	26.074
0	26.097
0	26.117
0	26.138
0	26.159
0	26.181
0	26.201
0	26.223
0	26.243
0	26.272
0	26.289
0	26.359
0	26.382
0	26.399
0	26.424
0	26.435
0	26.458
0	26.488
0	26.497
0	26.52
0	26.54
0	26.571
0	26.583
0	26.603
0	26.625
0	26.645
0	26.667
0	26.691
0	26.709
0	26.731
0	26.752
0	26.773
0	26.804
0	26.815
0	26.846
0	26.857
0	26.889
0	26.9
0	26.923
0	26.952
0	26.963
0	26.985
0	27.006
0	27.035
0	27.047
0	27.069
0	27.089
0	27.121
0	27.131
0	27.153
0	27.175
0	27.195
0	27.217
0	27.237
0	27.258
0	27.283
0	27.303
0	27.356
0	27.366
0	27.387
0	27.406
0	27.437
0	27.45
0	27.496
0	27.512
0	27.532
0	27.554
0	27.587
0	27.596
0	27.64
0	27.66
0	27.682
0	27.702
0	27.724
0	27.755
0	27.766
0	27.787
0	27.819
0	27.829
0	27.851
0	27.881
0	27.903
0	27.915
0	27.937
0	27.957
0	27.977
0	28.007
0	28.019
0	28.052
0	28.071
0	28.083
0	28.111
0	28.125
0	28.147
0	28.17
0	28.199
0	28.209
0.02	28.232
0.03	28.254
0.05	28.274
0.07	28.304
0.08	28.328
0.1	28.357
0.12	28.38
0.12	28.401
0.12	28.421
0.12	28.458
0.12	28.495
0.12	28.506
0.12	28.526
0.12	28.548
0.12	28.574
0.12	28.59
0.12	28.612
0.12	28.632
0.12	28.654
0.12	28.685
0.12	28.696
0.12	28.718
0.12	28.738
0.12	28.772
0.12	28.78
0.12	28.802
0.12	28.823
0.12	28.845
0.13	28.876
0.13	28.888
0.15	28.909
0.17	28.945
0.18	28.952
0.2	28.994
0.22	29.024
0.23	29.036
0.25	29.056
0.27	29.085
0.28	29.099
0.28	29.119
0.28	29.141
0.28	29.172
0.28	29.183
0.28	29.203
0.28	29.225
0.28	29.245
0.28	29.268
0.28	29.289
0.28	29.309
0.28	29.334
0.28	29.351
0.28	29.372
0.28	29.395
0.28	29.415
0.28	29.458
0.28	29.477
0.3	29.499
0.32	29.531
0.33	29.547
0.35	29.563
0.35	29.585
0.35	29.615
0.35	29.627
0.35	29.646
0.35	29.669
0.35	29.691
0.35	29.723
0.37	29.733
0.38	29.753
0.4	29.786
0.4	29.794
0.42	29.816
0.42	29.838
0.42	29.858
0.42	29.88
0.42	29.9
0.42	29.923
0.42	29.943
0.42	29.963
0.42	29.986
0.42	30.017
0.42	30.028
0.42	30.048
0.42	30.07
0.42	30.09
0.42	30.112
0.42	30.134
0.42	30.164
0.42	30.176
0.43	30.197
0.43	30.219
0.43	30.249
0.43	30.272
0.43	30.283
0.43	30.303
0.43	30.324
0.43	30.348
0.43	30.366
0.43	30.4
0.45	30.421
0.47	30.43
0.48	30.472
0.5	30.495
0.5	30.515
0.5	30.536
0.5	30.556
0.5	30.588
0.5	30.611
0.5	30.62
0.5	30.644
0.5	30.673
0.5	30.684
0.5	30.705
0.5	30.738
0.5	30.747
0.5	30.769
0.5	30.8
0.5	30.812
0.5	30.844
0.5	30.865
0.5	30.877
0.5	30.895
0.5	30.918
0.5	30.938
0.5	30.972
0.5	30.982
0.5	31.023
0.5	31.064
0.5	31.086
0.5	31.108
0.52	31.128
0.52	31.15
0.53	31.17
0.55	31.191
0.57	31.223
0.57	31.233
0.57	31.255
0.57	31.286
0.57	31.297
0.57	31.317
0.57	31.362
0.57	31.401
0.57	31.428
0.58	31.457
0.6	31.466
0.62	31.488
0.63	31.51
0.65	31.538
0.65	31.552
0.65	31.572
0.65	31.594
0.65	31.615
0.65	31.648
0.65	31.672
0.65	31.733
0.65	31.743
0.65	31.764
0.65	31.784
0.65	31.806
0.65	31.826
0.65	31.847
0.65	31.869
0.65	31.9
0.67	31.912
0.67	31.932
0.67	31.953
0.67	31.973
0.67	32.006
0.67	32.015
0.67	32.038
0.67	32.058
0.67	32.081
0.68	32.113
0.7	32.132
0.72	32.144
0.73	32.164
0.73	32.186
0.73	32.208
0.73	32.24
0.73	32.25
0.73	32.284
0.73	32.292
0.73	32.335
0.73	32.363
0.73	32.377
0.73	32.428
0.73	32.439
0.73	32.461
0.73	32.481
0.73	32.513
0.73	32.525
0.73	32.545
0.73	32.566
0.73	32.586
0.73	32.621
0.73	32.63
0.73	32.65
0.73	32.672
0.73	32.694
0.73	32.748
0.75	32.778
0.77	32.799
0.78	32.819
0.78	32.843
0.78	32.862
0.78	32.894
0.78	32.903
0.78	32.937
0.78	32.948
0.78	32.968
0.78	33
0.78	33.011
0.78	33.033
0.78	33.053
0.78	33.075
0.78	33.095
0.78	33.129
0.78	33.139
0.78	33.179
0.78	33.205
0.78	33.223
0.78	33.242
0.78	33.265
0.78	33.285
0.78	33.307
0.78	33.337
0.78	33.36
0.78	33.377
0.78	33.391
0.8	33.411
0.82	33.434
0.83	33.467
0.83	33.475
0.83	33.497
0.83	33.529
0.83	33.552
0.83	33.561
0.83	33.582
0.83	33.602
0.83	33.634
0.83	33.658
0.83	33.668
0.83	33.688
0.83	33.708
0.83	33.73
0.83	33.75
0.83	33.777
0.83	33.803
0.83	33.826
0.83	33.835
0.83	33.857
0.83	33.887
0.83	33.898
0.83	33.931
0.83	33.942
0.85	33.962
0.87	33.982
0.87	34.015
0.87	34.026
0.87	34.046
0.87	34.078
0.87	34.089
0.87	34.113
0.87	34.131
0.87	34.153
0.87	34.173
0.87	34.206
0.87	34.225
0.87	34.238
0.87	34.269
0.87	34.28
0.87	34.299
0.87	34.322
0.87	34.344
0.87	34.364
0.87	34.421
0.87	34.461
0.87	34.468
0.87	34.508
0.87	34.543
0.87	34.576
0.87	34.598
0.87	34.628
0.87	34.64
0.88	34.67
0.88	34.681
0.9	34.701
0.92	34.723
0.93	34.745
0.93	34.765
0.93	34.788
0.93	34.807
0.93	34.841
0.93	34.851
0.93	34.871
0.93	34.904
0.93	34.916
0.93	34.936
0.93	34.956
0.93	34.978
0.93	34.999
0.93	35.02
0.93	35.041
0.93	35.061
0.93	35.083
0.93	35.103
0.93	35.125
0.93	35.151
0.93	35.179
0.93	35.189
0.93	35.21
0.93	35.242
0.93	35.253
0.93	35.284
0.93	35.296
0.93	35.326
0.93	35.337
0.93	35.357
0.93	35.38
0.93	35.41
0.92	35.423
0.92	35.463
0.92	35.485
0.92	35.505
0.92	35.528
0.92	35.58
0.92	35.62
0.92	35.657
0.92	35.687
0.92	35.713
0.92	35.72
0.92	35.739
0.92	35.76
0.92	35.781
0.92	35.802
0.92	35.824
0.92	35.845
0.92	35.867
0.9	35.886
0.88	35.908
0.87	35.94
0.85	35.972
0.83	35.992
0.82	36.015
0.8	36.034
0.82	36.066
0.82	36.076
0.8	36.099
0.8	36.119
0.8	36.143
0.78	36.162
0.78	36.183
0.78	36.205
0.78	36.224
0.78	36.247
0.78	36.268
0.78	36.3
0.78	36.309
0.78	36.331
0.78	36.353
0.78	36.373
0.78	36.395
0.78	36.428
0.78	36.436
0.78	36.48
0.78	36.501
0.78	36.522
0.78	36.543
0.78	36.563
0.78	36.585
0.77	36.606
0.77	36.627
0.75	36.648
0.73	36.68
0.72	36.69
0.7	36.718
0.68	36.771
0.68	36.778
0.68	36.797
0.7	36.817
0.72	36.839
0.72	36.859
0.72	36.881
0.72	36.901
0.72	36.923
0.72	36.951
0.72	36.965
0.72	36.986
0.72	37.007
0.72	37.029
0.72	37.051
0.72	37.071
0.72	37.093
0.72	37.114
0.72	37.134
0.72	37.155
0.72	37.177
0.7	37.198
0.7	37.221
0.7	37.251
0.7	37.261
0.7	37.283
0.7	37.305
0.7	37.339
0.7	37.347
0.68	37.37
0.67	37.389
0.67	37.409
0.65	37.439
0.65	37.455
0.65	37.494
0.65	37.516
0.65	37.538
0.65	37.557
0.65	37.579
0.65	37.602
0.65	37.622
0.65	37.642
0.65	37.663
0.65	37.685
0.65	37.705
0.65	37.727
0.65	37.759
0.65	37.77
0.65	37.79
0.65	37.812
0.65	37.846
0.65	37.866
0.65	37.881
0.63	37.92
0.63	37.926
0.62	37.952
0.62	38.024
0.62	38.053
0.62	38.061
0.62	38.1
0.63	38.109
0.65	38.128
0.67	38.15
0.67	38.171
0.67	38.193
0.67	38.215
0.67	38.236
0.67	38.256
0.67	38.276
0.67	38.32
0.67	38.342
0.67	38.362
0.67	38.383
0.67	38.403
0.67	38.425
0.67	38.454
0.67	38.47
0.67	38.509
0.67	38.53
0.67	38.552
0.67	38.572
0.67	38.594
0.67	38.616
0.67	38.637
0.67	38.659
0.67	38.679
0.67	38.721
0.67	38.743
0.67	38.764
0.67	38.787
0.68	38.806
0.68	38.827
0.7	38.88
0.7	38.891
0.72	38.912
0.72	38.932
0.72	38.953
0.72	38.975
0.72	38.996
0.72	39.018
0.72	39.04
0.72	39.092
0.72	39.131
0.72	39.171
0.72	39.21
0.7	39.228
0.68	39.235
0.68	39.281
0.67	39.293
0.65	39.315
0.63	39.334
0.62	39.356
0.6	39.377
0.6	39.397
0.6	39.419
0.6	39.441
0.6	39.471
0.62	39.484
0.62	39.525
0.63	39.557
0.63	39.568
0.63	39.588
0.63	39.609
0.63	39.637
0.63	39.652
0.63	39.674
0.63	39.694
0.63	39.715
0.63	39.737
0.63	39.758
0.63	39.778
0.63	39.807
0.63	39.82
0.63	39.843
0.62	39.885
0.6	39.905
0.6	39.938
0.6	39.954
0.58	39.969
0.57	39.991
0.55	40.011
0.55	40.032
0.55	40.054
0.55	40.076
0.55	40.096
0.55	40.118
0.55	40.138
0.55	40.173
0.55	40.182
0.57	40.223
0.55	40.244
0.57	40.266
0.57	40.288
0.57	40.309
0.57	40.328
0.57	40.349
0.57	40.371
0.57	40.393
0.57	40.415
0.57	40.434
0.57	40.456
0.57	40.477
0.55	40.499
0.55	40.541
0.53	40.561
0.55	40.582
0.57	40.604
0.55	40.626
0.55	40.647
0.55	40.668
0.55	40.689
0.55	40.71
0.55	40.731
0.55	40.753
0.55	40.772
0.55	40.794
0.55	40.815
0.53	40.837
0.53	40.857
0.52	40.879
0.52	40.9
0.52	40.922
0.52	40.941
0.52	40.963
0.52	40.985
0.52	41.018
0.52	41.027
0.52	41.047
0.52	41.079
0.52	41.09
0.52	41.112
0.52	41.133
0.52	41.154
0.52	41.174
0.53	41.195
0.55	41.217
0.53	41.25
0.53	41.259
0.53	41.281
0.53	41.301
0.53	41.333
0.55	41.356
0.55	41.387
0.55	41.419
0.55	41.43
0.55	41.45
0.57	41.471
0.58	41.506
0.6	41.534
0.6	41.557
0.62	41.577
0.62	41.598
0.62	41.62
0.62	41.642
0.62	41.684
0.62	41.704
0.62	41.726
0.62	41.746
0.62	41.769
0.62	41.79
0.62	41.81
0.62	41.832
0.63	41.852
0.63	41.873
0.63	41.896
0.62	41.916
0.6	41.937
0.62	41.959
0.63	41.98
0.65	42.001
0.65	42.022
0.65	42.044
0.67	42.076
0.67	42.086
0.67	42.11
0.67	42.128
0.67	42.159
0.67	42.17
0.68	42.191
0.7	42.213
0.7	42.235
0.7	42.255
0.7	42.276
0.7	42.296
0.7	42.319
0.7	42.34
0.7	42.36
0.7	42.382
0.7	42.403
0.7	42.423
0.7	42.445
0.7	42.466
0.7	42.496
0.7	42.518
0.7	42.556
0.7	42.571
0.72	42.593
0.7	42.613
0.7	42.646
0.7	42.657
0.7	42.701
0.7	42.719
0.7	42.742
0.72	42.762
0.73	42.784
0.75	42.804
0.75	42.826
0.75	42.846
0.75	42.868
0.75	42.889
0.75	42.91
0.75	42.932
0.75	42.952
0.75	42.973
0.75	42.994
0.75	43.016
0.75	43.038
0.75	43.06
0.75	43.079
0.75	43.1
0.75	43.121
0.75	43.144
0.75	43.187
0.75	43.206
0.77	43.227
0.78	43.249
0.78	43.269
0.78	43.292
0.77	43.313
0.75	43.334
0.75	43.354
0.75	43.375
0.73	43.397
0.73	43.43
0.75	43.439
0.75	43.461
0.75	43.481
0.77	43.503
0.77	43.532
0.77	43.555
0.77	43.587
0.77	43.608
0.77	43.641
0.77	43.65
0.77	43.672
0.77	43.692
0.77	43.728
0.77	43.76
0.77	43.778
0.77	43.798
0.77	43.819
0.77	43.841
0.77	43.862
0.77	43.883
0.77	43.905
0.77	43.926
0.77	43.946
0.78	43.969
0.78	43.999
0.78	44.011
0.78	44.031
0.77	44.053
0.77	44.073
0.75	44.106
0.73	44.115
0.73	44.149
0.72	44.162
0.72	44.18
0.72	44.2
0.72	44.222
0.72	44.244
0.72	44.265
0.72	44.298
0.72	44.307
0.72	44.329
0.72	44.348
0.72	44.37
0.72	44.391
0.72	44.425
0.72	44.443
0.72	44.455
0.72	44.476
0.72	44.502
0.72	44.519
0.72	44.54
0.72	44.56
0.73	44.582
0.72	44.612
0.73	44.624
0.73	44.644
0.73	44.676
0.73	44.688
0.73	44.708
0.73	44.73
0.72	44.75
0.72	44.772
0.72	44.793
0.72	44.814
0.72	44.836
0.72	44.878
0.72	44.899
0.72	44.919
0.72	44.942
0.72	44.963
0.72	44.984
0.72	45.014
0.72	45.048
0.72	45.067
0.72	45.102
0.72	45.122
0.72	45.131
0.72	45.152
0.72	45.173
0.72	45.206
0.72	45.215
0.72	45.239
0.72	45.259
0.7	45.28
0.7	45.302
0.7	45.322
0.7	45.342
0.72	45.364
0.72	45.385
0.72	45.407
0.72	45.427
0.7	45.449
0.72	45.469
0.72	45.501
0.72	45.515
0.72	45.534
0.72	45.56
0.72	45.581
0.72	45.618
0.72	45.64
0.72	45.66
0.72	45.681
0.72	45.713
0.72	45.723
0.72	45.744
0.72	45.766
0.72	45.788
0.72	45.809
0.72	45.829
0.72	45.855
0.72	45.871
0.72	45.892
0.72	45.914
0.72	45.934
0.72	45.956
0.73	45.989
0.73	46.009
0.73	46.02
0.73	46.063
0.73	46.082
0.75	46.105
0.75	46.125
0.77	46.147
0.77	46.167
0.77	46.189
0.77	46.209
0.77	46.232
0.77	46.253
0.77	46.283
0.77	46.295
0.77	46.326
0.77	46.337
0.77	46.357
0.77	46.379
0.77	46.401
0.77	46.422
0.77	46.442
0.77	46.463
0.77	46.485
0.77	46.517
0.77	46.539
0.75	46.559
0.75	46.577
0.77	46.592
0.78	46.641
0.78	46.664
0.8	46.676
0.78	46.696
0.78	46.718
0.78	46.739
0.78	46.772
0.78	46.781
0.78	46.803
0.77	46.823
0.77	46.845
0.77	46.866
0.77	46.886
0.77	46.908
0.77	46.929
0.77	46.951
0.77	46.972
0.77	46.992
0.77	47.014
0.77	47.036
0.77	47.056
0.77	47.078
0.77	47.099
0.77	47.12
0.77	47.14
0.77	47.174
0.75	47.184
0.75	47.204
0.75	47.226
0.77	47.246
0.77	47.268
0.75	47.289
0.77	47.311
0.77	47.33
0.77	47.353
0.77	47.373
0.75	47.396
0.75	47.418
0.73	47.437
0.73	47.468
0.73	47.479
0.73	47.501
0.73	47.521
0.73	47.543
0.72	47.563
0.72	47.593
0.72	47.638
0.72	47.651
0.72	47.669
0.72	47.702
0.72	47.711
0.72	47.733
0.72	47.754
0.72	47.775
0.72	47.797
0.72	47.817
0.72	47.839
0.73	47.859
0.72	47.882
0.7	47.903
0.68	47.923
0.68	47.947
0.67	47.976
0.67	48.007
0.67	48.029
0.67	48.051
0.67	48.071
0.67	48.095
0.65	48.124
0.65	48.146
0.63	48.156
0.62	48.177
0.6	48.199
0.6	48.22
0.6	48.24
0.6	48.262
0.58	48.283
0.58	48.304
0.58	48.326
0.58	48.346
0.58	48.368
0.58	48.42
0.58	48.43
0.58	48.452
0.58	48.472
0.58	48.505
0.58	48.515
0.57	48.537
0.55	48.557
0.53	48.589
0.52	48.616
0.52	48.625
0.5	48.675
0.5	48.684
0.5	48.706
0.5	48.739
0.5	48.749
0.5	48.77
0.5	48.79
0.48	48.832
0.47	48.854
0.45	48.885
0.43	48.896
0.42	48.918
0.42	48.949
0.4	48.966
0.38	48.981
0.38	49.002
0.38	49.022
0.37	49.044
0.35	49.066
0.35	49.093
0.33	49.107
0.32	49.129
0.3	49.151
0.28	49.17
0.27	49.192
0.25	49.225
0.25	49.245
0.25	49.256
0.25	49.276
0.25	49.299
0.25	49.319
0.25	49.341
0.25	49.383
0.25	49.403
0.25	49.425
0.25	49.467
0.25	49.487
0.25	49.509
0.25	49.53
0.25	49.552
0.25	49.572
0.23	49.596
0.22	49.621
0.2	49.64
0.2	49.678
0.18	49.7
0.17	49.742
0.15	49.762
0.13	49.786
0.12	49.806
0.1	49.826
0.08	49.848
0.07	49.868
0.05	49.901
0.05	49.91
0.05	49.932
0.05	49.954
0.05	49.974
0.05	49.996
0.05	50.016
0.05	50.049
0.05	50.06
0.05	50.088
0.05	50.102
0.05	50.122
0.05	50.144
0.05	50.165
0.05	50.186
0.05	50.206
0.05	50.228
0.05	50.25
0.05	50.28
0.05	50.292
0.05	50.313
0.05	50.336
0.03	50.354
0.02	50.376
0.02	50.398
0.02	50.418
0	50.44
0	50.46
0	50.482
0	50.524
0	50.548
0	50.588
0	50.608
0	50.64
0	50.654
0	50.694
0	50.714
0	50.747
0	50.756
0	50.778
0	50.803
0	50.842
0	50.863
0	50.884
0	50.904
0	50.946
0	50.968
0	50.99
0	51.011
0	51.031
0	51.053
0	51.073
0	51.095
0	51.117
0	51.143
0	51.159
0	51.181
0	51.201
0	51.221
0	51.243
0	51.264
0	51.296
0	51.306
0	51.328
0	51.358
0	51.381
0	51.39
0	51.411
0	51.433
0	51.455
0	51.477
0	51.497
0	51.528
0	51.539
0	51.572
0	51.581
0	51.603
0	51.633
0	51.65
0	51.668
0	51.708
0	51.728
0	51.751
0	51.783
0	51.792
0	51.817
0	51.834
0	51.857
0	51.876
0	51.909
0	51.928
0	51.951
0	51.962
0	51.983
0	52.014
0	52.025
0	52.047
0	52.077
0	52.095
0	52.109
0	52.131
0	52.151
0	52.183
0	52.195
0	52.215
0	52.237
0	52.257
0	52.278
0	52.309
0	52.321
0	52.343
0	52.372
0	52.396
0	52.405
0	52.432
0	52.457
0	52.469
0	52.491
0	52.511
0	52.543
0	52.562
0	52.575
0	52.595
0	52.616
0	52.648
0	52.667
0	52.682
0	52.723
0	52.753
0	52.77
0	52.785
0	52.807
0	52.829
0	52.849
0	52.871
0	52.892
0	52.912
0	52.939
0	52.955
0	52.988
0	53.029
0	53.049
0	53.063
0	53.091
0	53.103
0	53.123
0	53.148
0	53.166
0	53.188
0	53.218
0	53.23
0	53.25
0	53.272
0	53.293
0	53.326
0	53.335
0	53.357
0	53.377
0	53.411
0	53.42
0	53.442
0	53.472
0	53.495
0	53.504
0	53.525
0	53.548
0	53.569
0	53.6
0	53.61
0	53.632
0	53.652
0	53.674
0	53.696
0	53.738
0	53.76
0	53.78
0	53.8
0	53.823
0	53.842
0	53.864
0	53.886
0	53.917
0	53.928
0	53.948
0	53.97
0	53.99
0	54.012
0	54.034
0	54.054
0	54.081
0	54.117
0	54.139
0	54.159
0	54.183
0	54.203
0	54.223
0	54.255
0	54.265
0	54.287
0	54.307
0	54.335
0	54.361
0	54.371
0	54.393
0	54.424
0	54.433
0	54.456
0	54.478
0	54.504
0	54.52
0	54.54
0	54.562
0	54.582
0	54.604
0	54.634
0	54.656
0	54.673
0	54.688
0	54.714
0	54.752
0	54.778
0	54.794
0	54.847
0	54.858
0	54.891
0	54.93
0	54.942
0	54.964
0	54.989
0	55.027
0	55.057
0	55.069
0	55.09
0	55.112
0	55.133
0	55.153
0	55.175
0	55.197
0	55.226
0	55.238
0	55.26
0	55.29
0	55.302
0	55.332
0	55.355
0	55.363
0	55.396
0	55.408
0	55.428
0	55.451
0	55.478
0	55.492
0	55.513
0	55.533
0	55.566
0	55.577
0	55.616
0	55.649
0	55.682
0	55.703
0	55.727
0	55.766
0	55.798
0	55.818
0	55.829
0	55.852
0	55.872
0	55.893
0	55.915
0	55.935
0	55.957
0	55.979
0	55.999
0	56.021
0	56.048
0	56.072
0	56.083
0	56.104
0	56.126
0	56.146
0	56.168
0	56.19
0	56.217
0	56.242
0	56.252
0	56.274
0	56.305
0	56.315
0	56.338
0	56.358
0	56.379
0	56.401
0	56.421
0	56.442
0	56.464
0	56.486
0	56.508
0	56.526
0	56.549
0	56.578
0	56.591
0	56.623
0	56.643
0	56.655
0	56.675
0	56.697
0	56.717
0	56.74
0	56.769
0	56.781
0	56.803
0	56.826
0	56.844
0	56.876
0	56.886
0	56.908
0	56.929
0	56.961
0	56.971
0	56.993
0	57.013
0	57.036
0	57.055
0	57.077
0	57.099
0	57.119
0	57.14
0	57.161
0	57.183
0	57.203
0	57.226
0	57.256
0	57.275
0	57.288
0	57.319
0	57.33
0	57.363
0	57.375
0	57.395
0	57.415
0	57.443
0	57.457
0	57.489
0	57.503
0	57.531
0	57.543
0	57.563
0	57.585
0	57.605
0	57.637
0	57.647
0	57.673
0	57.701
0	57.711
0	57.733
0	57.754
0	57.774
0	57.794
0	57.827
0	57.839
0	57.859
0	57.881
0	57.901
0	57.923
0	57.944
0	57.964
0	57.986
0	58.008
0	58.028
0	58.06
0	58.07
0	58.091
0	58.123
0	58.145
0	58.155
0	58.177
0	58.197
0	58.22
0	58.24
0	58.263
0	58.281
0	58.303
0	58.325
0	58.345
0	58.377
0	58.387
0	58.411
0	58.429
0	58.451
0	58.471
0	58.492
0	58.523
0	58.535
0	58.567
0	58.582
0	58.609
0	58.631
0	58.643
0	58.663
0	58.684
0	58.704
0	58.742
0	58.758
0	58.789
0	58.811
0	58.831
0	58.864
0	58.874
0	58.898
0	58.918
0.02	58.938
0.03	58.959
0.03	58.98
0.03	59.004
0.03	59.045
0.03	59.064
0.03	59.096
0.03	59.111
0.03	59.128
0.03	59.16
0.03	59.17
0.03	59.192
0.03	59.212
0.03	59.234
0.03	59.256
0.03	59.28
0.03	59.297
0.03	59.319
0.03	59.34
0.03	59.371
0.03	59.383
0.03	59.403
0.03	59.425
0.03	59.445
0.03	59.468
0.03	59.487
0.03	59.509
0.05	59.529
0.07	59.551
0.08	59.574
0.08	59.604
0.08	59.614
0.08	59.637
0.1	59.667
0.12	59.678
0.12	59.7
0.12	59.72
0.12	59.753
0.12	59.762
0.12	59.788
0.12	59.826
0.12	59.848
0.12	59.868
0.12	59.89
0.12	59.92
0.12	59.932
0.12	59.952
0.12	59.974
0.12	59.996
0.12	60.016
0.12	60.038
0.12	60.059
0.12	60.079
0.12	60.101
0.12	60.126
0.12	60.143
0.12	60.165
0.13	60.185
0.13	60.217
0.15	60.227
0.15	60.249
0.15	60.269
0.15	60.295
0.17	60.312
0.18	60.334
0.2	60.355
0.22	60.376
0.22	60.398
0.22	60.418
0.22	60.44
0.22	60.46
0.22	60.482
0.22	60.502
0.22	60.524
0.22	60.544
0.22	60.566
0.22	60.588
0.22	60.609
0.22	60.629
0.22	60.651
0.22	60.671
0.22	60.692
0.22	60.714
0.22	60.734
0.22	60.767
0.22	60.777
0.22	60.809
0.22	60.819
0.22	60.842
0.22	60.861
0.23	60.886
0.25	60.905
0.27	60.925
0.27	60.946
0.27	60.968
0.28	60.989
0.3	61.011
0.32	61.031
0.33	61.055
0.33	61.073
0.33	61.095
0.33	61.115
0.33	61.137
0.33	61.169
0.33	61.18
0.33	61.211
0.33	61.232
0.33	61.242
0.33	61.275
0.33	61.286
0.33	61.305
0.33	61.328
0.33	61.348
0.33	61.37
0.33	61.391
0.33	61.411
0.33	61.433
0.32	61.455
0.33	61.475
0.33	61.497
0.33	61.517
0.33	61.538
0.35	61.56
0.35	61.582
0.35	61.602
0.35	61.624
0.35	61.644
0.37	61.675
0.38	61.687
0.4	61.73
0.4	61.75
0.42	61.771
0.42	61.793
0.42	61.818
0.42	61.834
0.42	61.858
0.42	61.876
0.42	61.91
0.42	61.918
0.42	61.941
0.42	61.961
0.42	61.983
0.42	62.016
0.42	62.028
0.42	62.047
0.43	62.067
0.45	62.089
0.45	62.109
0.45	62.131
0.45	62.152
0.45	62.173
0.45	62.194
0.45	62.239
0.45	62.257
0.45	62.28
0.45	62.301
0.45	62.321
0.45	62.343
0.45	62.364
0.47	62.385
0.48	62.407
0.5	62.437
0.52	62.449
0.53	62.469
0.55	62.49
0.55	62.512
0.55	62.532
0.55	62.554
0.55	62.576
0.55	62.606
0.55	62.618
0.55	62.638
0.55	62.66
0.55	62.682
0.57	62.702
0.58	62.724
0.58	62.744
0.6	62.766
0.6	62.788
0.6	62.807
0.6	62.832
0.6	62.873
0.6	62.892
0.6	62.915
0.6	62.934
0.6	62.956
0.6	62.976
0.6	62.998
0.6	63.021
0.6	63.04
0.62	63.073
0.62	63.082
0.62	63.104
0.63	63.124
0.65	63.157
0.65	63.168
0.65	63.19
0.65	63.209
0.65	63.231
0.65	63.253
0.65	63.273
0.65	63.302
0.67	63.315
0.68	63.337
0.7	63.358
0.7	63.378
0.7	63.399
0.7	63.432
0.7	63.444
0.7	63.463
0.7	63.485
0.7	63.506
0.7	63.529
0.7	63.547
0.7	63.569
0.7	63.624
0.7	63.633
0.7	63.654
0.7	63.686
0.7	63.697
0.7	63.729
0.7	63.738
0.7	63.76
0.7	63.782
0.7	63.801
0.72	63.832
0.73	63.85
0.75	63.886
0.75	63.908
0.75	63.928
0.77	63.961
0.78	63.972
0.8	63.992
0.8	64.022
0.8	64.034
0.8	64.056
0.82	64.076
0.82	64.108
0.82	64.118
0.82	64.141
0.82	64.162
0.82	64.183
0.82	64.203
0.82	64.224
0.82	64.246
0.82	64.266
0.82	64.288
0.82	64.309
0.82	64.332
0.82	64.352
0.82	64.395
0.82	64.415
0.83	64.439
0.83	64.457
0.83	64.479
0.83	64.51
0.83	64.525
0.83	64.543
0.83	64.573
0.83	64.585
0.83	64.606
0.83	64.626
0.83	64.648
0.83	64.67
0.83	64.711
0.83	64.735
0.83	64.753
0.83	64.774
0.83	64.796
0.83	64.816
0.83	64.837
0.83	64.867
0.83	64.881
0.83	64.926
0.83	64.944
0.83	64.965
0.83	64.987
0.83	65.007
0.83	65.028
0.83	65.05
0.83	65.071
0.83	65.091
0.83	65.113
0.83	65.134
0.83	65.156
0.83	65.187
0.82	65.197
0.8	65.219
0.8	65.239
0.8	65.26
0.78	65.282
0.78	65.304
0.78	65.324
0.8	65.346
0.8	65.371
0.8	65.389
0.8	65.409
0.8	65.43
0.8	65.462
0.8	65.473
0.8	65.494
0.8	65.515
0.8	65.535
0.8	65.569
0.8	65.592
0.8	65.6
0.8	65.641
0.8	65.663
0.8	65.685
0.8	65.705
0.8	65.727
0.8	65.748
0.8	65.769
0.8	65.789
0.8	65.812
0.82	65.831
0.83	65.863
0.83	65.882
0.85	65.906
0.87	65.928
0.88	65.937
0.88	65.969
0.88	65.981
0.88	66.001
0.88	66.043
0.88	66.065
0.88	66.086
0.88	66.106
0.88	66.127
0.88	66.149
0.88	66.183
0.88	66.191
0.88	66.225
0.88	66.233
0.88	66.255
0.88	66.277
0.88	66.297
0.88	66.319
0.88	66.339
0.88	66.372
0.88	66.381
0.88	66.402
0.88	66.425
0.88	66.446
0.88	66.466
0.87	66.488
0.87	66.509
0.87	66.529
0.87	66.551
0.87	66.573
0.87	66.593
0.85	66.615
0.83	66.645
0.82	66.666
0.82	66.698
0.82	66.721
0.82	66.741
0.82	66.763
0.82	66.784
0.82	66.805
0.82	66.826
0.82	66.848
0.82	66.868
0.82	66.912
0.82	66.933
0.82	66.953
0.82	66.973
0.82	66.994
0.82	67.016
0.8	67.039
0.78	67.058
0.77	67.09
0.75	67.099
0.73	67.135
0.72	67.144
0.7	67.185
0.68	67.206
0.68	67.227
0.67	67.248
0.65	67.269
0.63	67.291
0.63	67.311
0.62	67.344
0.6	67.354
0.58	67.376
0.57	67.396
0.55	67.418
0.53	67.44
0.52	67.46
0.52	67.482
0.5	67.503
0.48	67.522
0.48	67.545
0.48	67.565
0.48	67.587
0.48	67.619
0.48	67.63
0.47	67.65
0.45	67.671
0.43	67.694
0.42	67.723
0.4	67.735
0.38	67.757
0.37	67.777
0.35	67.799
0.35	67.819
0.35	67.841
0.35	67.871
0.35	67.883
0.35	67.908
0.35	67.947
0.35	67.966
0.35	67.989
0.35	68.009
0.33	68.031
0.32	68.055
0.3	68.084
0.28	68.105
0.27	68.126
0.25	68.137
0.23	68.179
0.23	68.212
0.23	68.221
0.23	68.243
0.22	68.263
0.2	68.284
0.18	68.305
0.17	68.326
0.15	68.348
0.15	68.37
0.15	68.39
0.15	68.415
0.15	68.443
0.15	68.454
0.15	68.474
0.15	68.496
0.15	68.517
0.15	68.539
0.15	68.572
0.15	68.581
0.15	68.601
0.15	68.633
0.15	68.643
0.15	68.664
0.15	68.687
0.15	68.707
0.15	68.739
0.15	68.759
0.15	68.77
0.13	68.791
0.13	68.813
0.13	68.836
0.12	68.855
0.1	68.876
0.08	68.907
0.07	68.926
0.05	68.943
0.05	68.981
0.05	69.004
0.05	69.024
0.05	69.047
0.05	69.065
0.05	69.088
0.05	69.119
0.05	69.131
0.05	69.152
0.05	69.173
0.05	69.194
0.05	69.226
0.05	69.235
0.05	69.277
0.05	69.299
0.05	69.321
0.05	69.341
0.05	69.362
0.05	69.382
0.05	69.405
0.05	69.427
0.05	69.447
0.05	69.469
0.05	69.489
0.03	69.512
0.02	69.562
0	69.584
0	69.604
0	69.626
0	69.638
0	69.657
0	69.679
0	69.7
0	69.722
0	69.743
0	69.763
0	69.785
0	69.808
0	69.828
0	69.848
0	69.868
0	69.892
0	69.913
0	69.955
0	69.973
0	69.997
0	70.027
0	70.038
0	70.061
0	70.083
0	70.102
0	70.134
0	70.144
0	70.166
0	70.188
0	70.209
0	70.228
0	70.257
0	70.271
0	70.293
0	70.312
0	70.335
0	70.355
0	70.377
0	70.398
0	70.42
0	70.455
0	70.494
0	70.504
0	70.526
0	70.546
0	70.567
0	70.588
0	70.609
0	70.631
0	70.653
0	70.672
0	70.699
0	70.725
0	70.747
0	70.757
0	70.779
0	70.798
0	70.821
0	70.843
0	70.867
0	70.885
0	70.915
0	70.927
0	70.946
0	70.969
0	70.991
0	71.011
0	71.032
0	71.052
0	71.075
0	71.095
0	71.117
0	71.139
0	71.161
0	71.179
0	71.211
0	71.222
0	71.243
0	71.266
0	71.286
0	71.307
0	71.328
0	71.349
0	71.37
0	71.392
0	71.412
0	71.433
0	71.455
0	71.476
0	71.497
0	71.529
0	71.541
0	71.571
0	71.582
0	71.603
0	71.625
0	71.645
0	71.667
0	71.687
0	71.712
0	71.731
0	71.751
0	71.783
0	71.792
0	71.823
0	71.835
0	71.857
0	71.877
0	71.9
0	71.922
0	71.941
0	71.985
0	71.992
0	72.024
0	72.046
0	72.079
0	72.089
0	72.112
0	72.131
0	72.152
0	72.174
0	72.205
0	72.224
0	72.236
0	72.26
0	72.279
0	72.299
0	72.322
0	72.344
0	72.363
0	72.387
0	72.406
0	72.428
0	72.448
0	72.47
0	72.5
0	72.523
0	72.543
0	72.559
0	72.575
0	72.596
0	72.618
0	72.64
0	72.66
0	72.682
0	72.712
0	72.728
0	72.744
0	72.766
0	72.788
0	72.808
0	72.828
0	72.861
0	72.871
0	72.892
0	72.913
0	72.933
0	72.956
0	72.993
0	73.01
0	73.041
0	73.072
0	73.082
0	73.103
0	73.125
0	73.146
0	73.169
0	73.188
0	73.209
0	73.23
0	73.262
0	73.274
0	73.293
0	73.316
0	73.336
0	73.357
0	73.379
0	73.4
0	73.431
0	73.441
0	73.463
0	73.484
0	73.505
0	73.526
0	73.56
0	73.57
0	73.592
0	73.612
0	73.631
0	73.653
0	73.675
0	73.696
0	73.728
0	73.737
0	73.76
0	73.789
0	73.812
0	73.821
0	73.845
0	73.866
0	73.888
0	73.918
0	73.928
0	73.95
0	73.97
0	73.992
0	74.022
0	74.056
0	74.08
0	74.098
0	74.128
0	74.152
0	74.162
0	74.182
0	74.214
0	74.223
0	74.245
0	74.265
0	74.287
0	74.31
0	74.331
0	74.352
0	74.372
0	74.394
0	74.413
0	74.436
0	74.467
0	74.477
0	74.51
0	74.519
0	74.552
0	74.562
0	74.585
0	74.621
0	74.627
0	74.667
0	74.697
0	74.72
0	74.733
0	74.752
0	74.774
0	74.806
0	74.818
0	74.839
0	74.859
0	74.889
0	74.9
0	74.922
0	74.944
0	74.964
0	74.987
0	75.006
0	75.034
0	75.059
0	75.069
0	75.09
0	75.113
0	75.133
0	75.154
0	75.174
0	75.205
0	75.216
0	75.239
0	75.259
0	75.282
0	75.312
0	75.323
0	75.344
0	75.366
0	75.388
0	75.414
0	75.429
0	75.46
0	75.472
0	75.492
0	75.514
0	75.534
0	75.557
0	75.577
0	75.598
0	75.619
0	75.649
0	75.671
0	75.683
0	75.703
0	75.736
0	75.745
0	75.767
0	75.787
0	75.809
0	75.831
0	75.853
0	75.874
0	75.894
0	75.915
0	75.935
0	75.957
0	75.98
0	76
0	76.021
0	76.046
0	76.063
0	76.094
0	76.105
0	76.125
0	76.148
0	76.169
0	76.189
0	76.22
0	76.242
0	76.254
0	76.273
0	76.296
0	76.326
0	76.338
0	76.358
0	76.382
0	76.401
0	76.424
0	76.465
0	76.488
0	76.517
0	76.53
0	76.549
0	76.572
0	76.592
0	76.618
0	76.634
0	76.657
0	76.676
0	76.709
0	76.719
0	76.74
0	76.771
0	76.782
0	76.805
0	76.83
0	76.856
0	76.868
0	76.89
0	76.91
0	76.932
0	76.951
0	76.974
0	76.994
0	77.017
0	77.038
0	77.076
0	77.095
0	77.12
0	77.142
0	77.165
0	77.184
0	77.206
0	77.227
0	77.25
0	77.27
0	77.29
0	77.31
0	77.332
0	77.357
0	77.374
0	77.397
0	77.418
0	77.439
0	77.459
0	77.481
0	77.5
0	77.523
0	77.544
0	77.566
0	77.585
0	77.608
0	77.628
0	77.65
0	77.673
0	77.691
0	77.714
0	77.734
0	77.756
0	77.8
0	77.82
0	77.851
0	77.862
0	77.882
0	77.903
0	77.924
0	77.944
0	77.967
0	77.988
0	78.016
0	78.03
0	78.051
0	78.084
0	78.126
0	78.135
0	78.156
0	78.177
0	78.197
0	78.22
0	78.241
0	78.272
0	78.283
0	78.303
0	78.325
0	78.346
0	78.368
0	78.389
0	78.41
0	78.431
0	78.452
0	78.473
0	78.504
0	78.515
0	78.558
0	78.58
0	78.602
0	78.623
0	78.646
0	78.663
0	78.685
0	78.706
0	78.729
0	78.748
0	78.77
0	78.791
0	78.812
0	78.835
0	78.863
0	78.886
0	78.907
0	78.922
0	78.939
0	78.96
0	78.982
0	79.002
0	79.025
0	79.055
0	79.067
0	79.099
0	79.13
0	79.149
0	79.172
0	79.192
0	79.214
0	79.234
0	79.256
0	79.277
0	79.298
0	79.318
0	79.34
0	79.373
0	79.382
0	79.414
0	79.425
0	79.446
0	79.469
0	79.49
0	79.51
0	79.532
0	79.551
0	79.572
0	79.595
0	79.625
0	79.648
0	79.659
0	79.679
0	79.701
0	79.721
0	79.751
0	79.769
0	79.784
0	79.805
0	79.827
0	79.848
0	79.868
0	79.891
0	79.913
0	79.938
0	79.953
0	79.976
0	79.998
0	80.017
0	80.037
0	80.059
0	80.079
0	80.114
0	80.133
0	80.144
0	80.165
0	80.186
0	80.206
0	80.228
0	80.248
0	80.272
0	80.292
0	80.324
0	80.334
0	80.355
0	80.376
0	80.399
0	80.42
0	80.441
0	80.474
0	80.483
0	80.503
0	80.523
0	80.555
0	80.568
0	80.587
0	80.61
0	80.629
0	80.662
0	80.671
0	80.694
0	80.714
0	80.735
0	80.757
0	80.778
0	80.811
0	80.823
0	80.842
0	80.862
0	80.904
0	80.927
0	80.947
0	80.969
0	80.996
0	81.016
0	81.031
0	81.053
0	81.074
0	81.096
0	81.126
0	81.157
0	81.18
0	81.202
0	81.222
0	81.245
0	81.275
0	81.286
0	81.306
0	81.338
0	81.349
0	81.37
0	81.398
0	81.417
0	81.432
0	81.456
0	81.484
0	81.507
0	81.518
0	81.54
0	81.56
0	81.58
0	81.603
0	81.623
0	81.655
0	81.667
0	81.687
0	81.71
0	81.729
0	81.75
0	81.772
0	81.794
0	81.814
0	81.834
0	81.856
0	81.887
0	81.898
0	81.918
0	81.941
0	81.962
0	81.982
0	82.003
0	82.037
0	82.045
0	82.067
0	82.087
0	82.11
0	82.134
0	82.173
0	82.204
0	82.216
0	82.236
0	82.259
0	82.278
0	82.3
0	82.321
0	82.345
0	82.363
0	82.385
0	82.407
0	82.427
0	82.459
0	82.468
0	82.491
0	82.521
0	82.532
0	82.556
0	82.575
0	82.596
0	82.624
0	82.637
0	82.667
0	82.7
0	82.722
0	82.744
0	82.765
0	82.797
0	82.807
0	82.834
0	82.848
0	82.873
0	82.892
0	82.913
0	82.944
0	82.955
0	82.975
0	82.999
0	83.037
0	83.057
0	83.082
0	83.104
0	83.125
0	83.146
0	83.167
0	83.209
0	83.229
0	83.251
0	83.282
0	83.294
0	83.314
0	83.336
0	83.356
0	83.379
0	83.398
0	83.42
0	83.44
0	83.465
0	83.483
0	83.504
0	83.537
0	83.546
0	83.569
0	83.588
0	83.611
0	83.631
0	83.653
0	83.673
0	83.696
0	83.716
0	83.736
0	83.761
0	83.778
0	83.8
0	83.822
0	83.842
0	83.864
0	83.884
0	83.907
0	83.926
0	83.949
0	83.97
0	83.992
0	84.016
0	84.033
0	84.054
0	84.076
0	84.097
0	84.128
0	84.14
0	84.159
0	84.192
0	84.201
0	84.233
0	84.243
0	84.266
0	84.287
0	84.307
0	84.329
0	84.349
0	84.373
0	84.402
0	84.414
0	84.435
0	84.456
0	84.485
0	84.497
0	84.519
0	84.541
0	84.561
0	84.583
0	84.613
0	84.626
0	84.646
0	84.667
0	84.687
0	84.709
0	84.731
0	84.761
0	84.774
0	84.793
0	84.828
0	84.836
0	84.858
0	84.878
0	84.899
0	84.921
0	84.942
0	84.964
0	84.983
0	85.016
0	85.028
0	85.047
0	85.07
0	85.09
0	85.111
0	85.131
0	85.153
0	85.177
0	85.196
0	85.216
0	85.239
0	85.258
0	85.29
0	85.3
0	85.323
0	85.345
0	85.365
0	85.386
0	85.407
0	85.428
0	85.448
0	85.471
0	85.494
0	85.512
0	85.535
0	85.565
0	85.576
0	85.598
0	85.618
0	85.64
0	85.661
0	85.693
0	85.702
0	85.735
0	85.746
0	85.766
0	85.788
0	85.81
0	85.829
0	85.852
0	85.881
0	85.894
0	85.915
0	85.958
0	85.977
0	85.999
0	86.02
0	86.042
0	86.063
0	86.083
0	86.107
0	86.125
0	86.148
0	86.191
0	86.21
0	86.23
0	86.263
0	86.284
0	86.295
0	86.315
0	86.337
0	86.357
0	86.379
0	86.401
0	86.422
0	86.446
0	86.474
0	86.486
0	86.505
0	86.529
0	86.55
0	86.569
0	86.591
0	86.611
0	86.665
0	86.674
0	86.697
0	86.716
0	86.75
0	86.759
0	86.78
0	86.801
0	86.824
0	86.843
0	86.865
0	86.892
0	86.907
0	86.927
0	86.949
0	86.97
0	86.992
0	87.012
0	87.034
0	87.054
0	87.076
0	87.098
0	87.14
0	87.162
0	87.183
0	87.208
0	87.246
0	87.266
0	87.289
0	87.309
0	87.342
0	87.354
0	87.374
0	87.394
0	87.423
0	87.436
0	87.478
0	87.503
0	87.521
0	87.542
0	87.572
0	87.585
0	87.604
0	87.627
0	87.669
0	87.692
0	87.71
0	87.733
0	87.752
0	87.785
0	87.796
0	87.816
0	87.846
0	87.858
0	87.881
0	87.9
0	87.932
0	87.944
0	87.975
0	87.986
0	88.014
0	88.028
0	88.049
0	88.07
0	88.102
0	88.114
0	88.144
0	88.155
0	88.175
0	88.197
0	88.22
0	88.239
0	88.261
0	88.292
0	88.303
0	88.334
0	88.345
0	88.376
0	88.387
0	88.41
0	88.44
0	88.452
0	88.493
0	88.513
0	88.535
0	88.557
0	88.577
0	88.599
0	88.619
0	88.641
0	88.671
0	88.683
0	88.703
0	88.725
0	88.746
0	88.768
0	88.788
0	88.81
0	88.83
0	88.852
0	88.875
0	88.903
0	88.916
0	88.936
0	88.958
0	88.98
0	89.001
0	89.032
0	89.042
0	89.064
0	89.084
0	89.108
0	89.126
0	89.148
0	89.181
0	89.19
0	89.223
0	89.24
0	89.276
0	89.297
0	89.317
0	89.341
0	89.359
0	89.381
0	89.402
0	89.423
0	89.444
0.02	89.467
0.03	89.486
0.05	89.511
0.05	89.539
0.05	89.561
0.05	89.577
0.05	89.602
0.05	89.614
0.05	89.637
0.05	89.656
0.05	89.676
0.05	89.709
0.05	89.718
0.05	89.743
0.05	89.764
0.05	89.783
0.05	89.804
0.05	89.824
0.05	89.847
0.05	89.877
0.05	89.889
0.05	89.916
0.05	89.93
0.05	89.952
0.05	89.976
0.05	89.993
0.05	90.016
0.05	90.043
0.07	90.079
0.08	90.102
0.1	90.12
0.1	90.142
0.1	90.195
0.1	90.206
0.12	90.228
0.12	90.266
0.12	90.275
0.12	90.311
0.12	90.331
0.12	90.353
0.12	90.384
0.12	90.395
0.12	90.417
0.12	90.437
0.12	90.459
0.12	90.482
0.12	90.512
0.12	90.524
0.12	90.543
0.12	90.565
0.12	90.585
0.12	90.61
0.12	90.628
0.12	90.648
0.12	90.671
0.13	90.692
0.15	90.713
0.17	90.735
0.18	90.755
0.2	90.776
0.2	90.798
0.2	90.82
0.2	90.841
0.22	90.862
0.23	90.883
0.25	90.903
0.27	90.924
0.28	90.947
0.28	90.977
0.28	90.988
0.28	91.008
0.28	91.031
0.28	91.062
0.28	91.071
0.28	91.093
0.28	91.115
0.28	91.135
0.28	91.157
0.28	91.177
0.28	91.199
0.28	91.219
0.28	91.241
0.28	91.272
0.28	91.285
0.28	91.337
0.3	91.346
0.3	91.369
0.32	91.39
0.32	91.411
0.32	91.434
0.32	91.454
0.33	91.475
0.35	91.517
0.37	91.538
0.37	91.56
0.38	91.581
0.4	91.601
0.42	91.622
0.43	91.645
0.43	91.664
0.43	91.686
0.43	91.718
0.43	91.728
0.43	91.759
0.43	91.77
0.43	91.803
0.43	91.823
0.43	91.841
0.43	91.855
0.43	91.888
0.43	91.897
0.43	91.919
0.43	91.938
0.43	91.962
0.45	91.982
0.45	92.004
0.45	92.025
0.45	92.046
0.45	92.066
0.45	92.087
0.45	92.11
0.45	92.13
0.45	92.152
0.45	92.172
0.45	92.193
0.45	92.214
0.45	92.237
0.45	92.258
0.47	92.286
0.48	92.304
0.5	92.342
0.5	92.362
0.5	92.385
0.5	92.405
0.5	92.436
0.5	92.447
0.5	92.468
0.5	92.489
0.5	92.509
0.5	92.532
0.5	92.553
0.5	92.574
0.5	92.596
0.52	92.617
0.53	92.637
0.53	92.66
0.55	92.68
0.55	92.723
0.55	92.746
0.55	92.764
0.55	92.785
0.55	92.807
0.55	92.829
0.55	92.85
0.55	92.87
0.55	92.892
0.55	92.914
0.55	92.934
0.55	92.955
0.57	92.976
0.58	92.996
0.6	93.018
0.62	93.046
0.62	93.062
0.62	93.083
0.62	93.106
0.62	93.123
0.62	93.145
0.62	93.174
0.62	93.186
0.62	93.208
0.62	93.231
0.63	93.251
0.65	93.273
0.65	93.293
0.65	93.323
0.65	93.358
0.65	93.378
0.65	93.399
0.65	93.421
0.65	93.442
0.65	93.462
0.65	93.484
0.65	93.505
0.65	93.526
0.65	93.547
0.65	93.568
0.65	93.589
0.65	93.61
0.65	93.633
0.65	93.653
0.67	93.674
0.68	93.695
0.7	93.717
0.7	93.736
0.7	93.758
0.7	93.78
0.7	93.8
0.7	93.822
0.7	93.851
0.7	93.863
0.72	93.886
0.72	93.908
0.72	93.93
0.72	93.95
0.72	93.971
0.72	93.993
0.72	94.013
0.72	94.035
0.72	94.057
0.72	94.078
0.72	94.098
0.72	94.119
0.72	94.141
0.72	94.161
0.72	94.195
0.72	94.205
0.72	94.226
0.72	94.246
0.72	94.27
0.72	94.29
0.72	94.31
0.72	94.338
0.73	94.374
0.75	94.395
0.77	94.415
0.78	94.435
0.78	94.456
0.78	94.481
0.78	94.5
0.78	94.522
0.78	94.541
0.77	94.563
0.75	94.586
0.73	94.619
0.73	94.626
0.73	94.668
0.73	94.691
0.73	94.712
0.73	94.734
0.73	94.754
0.73	94.775
0.73	94.797
0.73	94.818
0.73	94.847
0.73	94.86
0.73	94.882
0.73	94.903
0.73	94.924
0.73	94.945
0.73	94.965
0.73	94.989
0.73	95.008
0.73	95.03
0.75	95.056
0.77	95.071
0.78	95.091
0.8	95.114
0.8	95.133
0.8	95.156
0.8	95.178
0.78	95.197
0.78	95.219
0.77	95.241
0.75	95.262
0.73	95.283
0.73	95.303
0.73	95.325
0.73	95.356
0.73	95.389
0.73	95.411
0.73	95.43
0.73	95.453
0.73	95.474
0.73	95.494
0.73	95.516
0.73	95.536
0.73	95.557
0.73	95.58
0.73	95.601
0.73	95.621
0.73	95.643
0.73	95.663
0.73	95.686
0.73	95.706
0.73	95.737
0.73	95.748
0.75	95.768
0.75	95.789
0.75	95.811
0.75	95.833
0.75	95.854
0.75	95.875
0.75	95.897
0.75	95.918
0.75	95.939
0.73	95.96
0.73	95.981
0.73	96.002
0.73	96.023
0.73	96.045
0.73	96.074
0.73	96.086
0.73	96.111
0.73	96.129
0.73	96.151
0.73	96.171
0.73	96.195
0.73	96.213
0.73	96.236
0.73	96.257
0.73	96.277
0.73	96.298
0.73	96.322
0.73	96.34
0.73	96.37
0.73	96.405
0.73	96.446
0.75	96.467
0.75	96.49
0.75	96.531
0.75	96.553
0.75	96.573
0.77	96.595
0.77	96.614
0.78	96.637
0.78	96.657
0.78	96.681
0.78	96.7
0.78	96.722
0.78	96.742
0.78	96.765
0.78	96.786
0.78	96.806
0.78	96.828
0.78	96.848
0.78	96.87
0.78	96.893
0.78	96.913
0.78	96.934
0.78	96.955
0.78	96.975
0.78	96.996
0.78	97.018
0.78	97.039
0.78	97.061
0.78	97.081
0.78	97.103
0.8	97.124
0.82	97.143
0.82	97.166
0.82	97.188
0.82	97.209
0.82	97.23
0.83	97.251
0.83	97.271
0.85	97.293
0.85	97.313
0.85	97.335
0.85	97.356
0.85	97.378
0.85	97.398
0.85	97.42
0.85	97.462
0.85	97.484
0.85	97.515
0.85	97.536
0.85	97.546
0.85	97.568
0.85	97.591
0.85	97.612
0.85	97.631
0.85	97.652
0.85	97.674
0.85	97.694
0.85	97.715
0.85	97.738
0.85	97.757
0.85	97.779
0.85	97.8
0.87	97.821
0.87	97.842
0.87	97.864
0.85	97.884
0.87	97.907
0.87	97.926
0.87	97.947
0.87	97.971
0.87	97.991
0.87	98.012
0.87	98.032
0.87	98.055
0.87	98.075
0.87	98.096
0.87	98.118
0.87	98.139
0.87	98.161
0.87	98.181
0.87	98.203
0.87	98.223
0.87	98.245
0.87	98.265
0.87	98.288
0.87	98.308
0.87	98.329
0.87	98.351
0.87	98.371
0.87	98.393
0.87	98.413
0.87	98.436
0.88	98.455
0.9	98.478
0.9	98.498
0.9	98.518
0.88	98.54
0.87	98.563
0.85	98.612
0.85	98.624
0.85	98.647
0.85	98.667
0.85	98.689
0.85	98.731
0.85	98.753
0.85	98.774
0.85	98.795
0.85	98.816
0.85	98.837
0.85	98.859
0.85	98.88
0.85	98.9
0.85	98.923
0.85	98.942
0.85	98.965
0.85	98.986
0.85	99.006
0.85	99.027
0.85	99.048
0.85	99.071
0.85	99.091
0.87	99.115
0.87	99.133
0.88	99.155
0.9	99.177
0.92	99.197
0.9	99.217
0.88	99.238
0.88	99.261
0.88	99.282
0.88	99.302
0.88	99.323
0.88	99.344
0.88	99.366
0.88	99.394
0.88	99.41
0.88	99.43
0.88	99.451
0.88	99.472
0.88	99.493
0.88	99.515
0.88	99.537
0.88	99.556
0.88	99.577
0.88	99.599
0.88	99.62
0.88	99.64
0.88	99.663
0.88	99.684
0.88	99.705
0.88	99.725
0.88	99.745
0.88	99.768
0.88	99.789
0.9	99.81
0.92	99.832
0.93	99.852
0.93	99.873
0.93	99.894
0.93	99.914
0.92	99.936
0.92	99.957
0.92	99.979
0.92	100
0.92	100.022
0.92	100.041
0.92	100.067
0.92	100.084
0.92	100.107
0.92	100.127
0.92	100.149
0.92	100.17
0.92	100.19
0.92	100.212
0.92	100.234
0.92	100.255
0.92	100.275
0.92	100.297
0.92	100.318
0.92	100.341
0.92	100.36
0.92	100.381
0.92	100.403
0.92	100.425
0.92	100.464
0.92	100.487
0.93	100.507
0.93	100.539
0.92	100.55
0.9	100.571
0.88	100.593
0.87	100.614
0.87	100.635
0.87	100.655
0.87	100.677
0.87	100.698
0.87	100.719
0.87	100.742
0.87	100.761
0.87	100.783
0.87	100.804
0.87	100.854
0.87	100.893
0.87	100.933
0.87	100.973
0.87	100.98
0.87	100.994
0.87	101.018
0.87	101.057
0.87	101.08
0.87	101.099
0.87	101.121
0.85	101.143
0.85	101.163
0.83	101.185
0.82	101.207
0.8	101.226
0.8	101.248
0.8	101.268
0.8	101.289
0.82	101.312
0.82	101.333
0.82	101.376
0.82	101.396
0.82	101.416
0.82	101.441
0.82	101.479
0.82	101.503
0.82	101.524
0.82	101.546
0.82	101.566
0.82	101.586
0.82	101.609
0.82	101.629
0.82	101.65
0.82	101.672
0.82	101.693
0.82	101.712
0.82	101.735
0.82	101.757
0.82	101.777
0.82	101.797
0.82	101.819
0.82	101.84
0.8	101.862
0.78	101.884
0.77	101.903
0.77	101.938
0.77	101.948
0.77	102.018
0.77	102.056
0.78	102.096
0.78	102.135
0.78	102.151
0.78	102.158
0.78	102.179
0.78	102.201
0.78	102.221
0.78	102.243
0.78	102.263
0.78	102.284
0.78	102.307
0.78	102.327
0.78	102.359
0.78	102.369
0.78	102.4
0.78	102.411
0.78	102.44
0.77	102.457
0.75	102.496
0.73	102.516
0.72	102.538
0.72	102.564
0.7	102.603
0.7	102.623
0.7	102.643
0.72	102.678
0.73	102.685
0.75	102.708
0.75	102.74
0.75	102.75
0.75	102.771
0.75	102.792
0.75	102.822
0.75	102.857
0.75	102.878
0.75	102.898
0.75	102.919
0.75	102.941
0.75	102.963
0.75	102.983
0.75	103.003
0.75	103.025
0.75	103.046
0.75	103.067
0.75	103.093
0.75	103.108
0.75	103.131
0.73	103.183
0.72	103.223
0.7	103.261
0.68	103.3
0.68	103.32
0.67	103.327
0.68	103.342
0.7	103.364
0.72	103.384
0.73	103.405
0.75	103.428
0.77	103.453
0.78	103.468
0.78	103.491
0.78	103.511
0.78	103.532
0.78	103.553
0.78	103.576
0.78	103.597
0.78	103.641
0.78	103.662
0.78	103.681
0.78	103.703
0.78	103.724
0.78	103.743
0.78	103.765
0.78	103.785
0.77	103.808
0.75	103.828
0.73	103.85
0.73	103.87
0.73	103.893
0.73	103.913
0.73	103.934
0.73	103.955
0.75	103.979
0.77	103.997
0.78	104.019
0.78	104.04
0.78	104.061
0.78	104.083
0.78	104.106
0.78	104.125
0.78	104.146
0.78	104.167
0.78	104.189
0.78	104.209
0.78	104.232
0.78	104.253
0.78	104.273
0.78	104.295
0.78	104.316
0.78	104.35
0.78	104.396
0.78	104.436
0.78	104.445
0.78	104.491
0.77	104.496
0.75	104.525
0.73	104.548
0.73	104.568
0.73	104.591
0.75	104.611
0.77	104.632
0.77	104.653
0.78	104.675
0.78	104.696
0.78	104.726
0.78	104.739
0.78	104.758
0.78	104.78
0.78	104.805
0.78	104.823
0.78	104.846
0.78	104.866
0.78	104.887
0.78	104.907
0.78	104.928
0.78	104.953
0.78	104.97
0.78	104.993
0.78	105.014
0.78	105.034
0.78	105.057
0.78	105.077
0.78	105.097
0.78	105.119
0.8	105.139
0.8	105.161
0.8	105.182
0.8	105.202
0.8	105.224
0.8	105.245
0.82	105.267
0.83	105.287
0.82	105.309
0.82	105.33
0.82	105.351
0.82	105.374
0.82	105.394
0.82	105.415
0.82	105.435
0.82	105.457
0.82	105.492
0.82	105.533
0.82	105.572
0.82	105.612
0.82	105.652
0.82	105.666
0.82	105.69
0.82	105.71
0.82	105.732
0.82	105.754
0.82	105.774
0.82	105.796
0.8	105.816
0.78	105.838
0.78	105.862
0.78	105.881
0.78	105.902
0.78	105.923
0.8	105.944
0.8	105.965
0.8	105.986
0.8	106.007
0.8	106.027
0.8	106.049
0.8	106.07
0.8	106.093
0.8	106.124
0.8	106.133
0.8	106.156
0.8	106.177
0.8	106.199
0.8	106.221
0.8	106.241
0.8	106.263
0.8	106.282
0.8	106.303
0.8	106.324
0.8	106.347
0.8	106.369
0.8	106.388
0.8	106.408
0.8	106.429
0.8	106.451
0.78	106.484
0.77	106.5
0.77	106.516
0.77	106.556
0.77	106.578
0.78	106.6
0.8	106.622
0.8	106.642
0.8	106.663
0.82	106.686
0.82	106.705
0.82	106.726
0.82	106.749
0.82	106.781
0.82	106.79
0.82	106.811
0.82	106.832
0.82	106.854
0.82	106.874
0.82	106.896
0.82	106.918
0.82	106.938
0.82	106.96
0.82	106.979
0.82	107.002
0.82	107.023
0.82	107.044
0.82	107.075
0.82	107.085
0.82	107.106
0.82	107.128
0.82	107.15
0.82	107.17
0.82	107.191
0.82	107.213
0.8	107.233
0.78	107.257
0.78	107.275
0.78	107.297
0.78	107.32
0.78	107.341
0.78	107.36
0.78	107.381
0.78	107.404
0.78	107.425
0.78	107.447
0.78	107.467
0.78	107.488
0.78	107.519
0.78	107.531
0.78	107.573
0.78	107.595
0.78	107.615
0.78	107.637
0.78	107.657
0.78	107.678
0.78	107.7
0.78	107.721
0.78	107.741
0.77	107.763
0.77	107.784
0.77	107.805
0.77	107.825
0.77	107.847
0.77	107.869
0.75	107.89
0.73	107.912
0.72	107.931
0.72	107.954
0.72	107.974
0.72	107.995
0.72	108.018
0.72	108.039
0.72	108.059
0.72	108.081
0.72	108.102
0.72	108.123
0.72	108.144
0.72	108.166
0.72	108.194
0.72	108.208
0.72	108.23
0.72	108.249
0.72	108.27
0.72	108.293
0.72	108.313
0.72	108.333
0.72	108.363
0.72	108.375
0.73	108.398
0.73	108.417
0.73	108.44
0.73	108.462
0.73	108.483
0.73	108.502
0.73	108.538
0.73	108.548
0.72	108.587
0.72	108.61
0.72	108.629
0.72	108.651
0.72	108.672
0.72	108.694
0.72	108.715
0.72	108.737
0.72	108.756
0.72	108.778
0.72	108.8
0.72	108.821
0.72	108.843
0.72	108.863
0.72	108.885
0.72	108.905
0.72	108.926
0.72	108.949
0.72	108.969
0.72	108.99
0.72	109.021
0.72	109.043
0.73	109.053
0.75	109.073
0.77	109.095
0.78	109.117
0.78	109.137
0.78	109.158
0.78	109.18
0.78	109.2
0.78	109.221
0.77	109.242
0.75	109.264
0.75	109.285
0.75	109.308
0.75	109.33
0.75	109.35
0.75	109.372
0.75	109.393
0.75	109.413
0.75	109.435
0.75	109.455
0.75	109.476
0.75	109.497
0.75	109.517
0.75	109.547
0.75	109.567
0.75	109.604
0.75	109.625
0.75	109.648
0.75	109.667
0.75	109.688
0.75	109.708
0.77	109.73
0.78	109.752
0.78	109.773
0.8	109.794
0.8	109.815
0.8	109.835
0.8	109.868
0.8	109.877
0.78	109.9
0.77	109.923
0.77	109.941
0.77	109.963
0.77	109.984
0.77	110.004
0.77	110.026
0.77	110.048
0.77	110.07
0.77	110.09
0.77	110.114
0.77	110.131
0.77	110.154
0.77	110.174
0.77	110.195
0.77	110.216
0.77	110.239
0.77	110.26
0.77	110.28
0.77	110.301
0.77	110.325
0.77	110.345
0.77	110.365
0.77	110.385
0.77	110.407
0.77	110.427
0.77	110.449
0.77	110.469
0.77	110.491
0.77	110.523
0.77	110.534
0.77	110.569
0.77	110.594
0.77	110.617
0.77	110.64
0.77	110.66
0.77	110.682
0.77	110.704
0.77	110.725
0.77	110.757
0.77	110.766
0.77	110.791
0.77	110.809
0.77	110.831
0.77	110.851
0.77	110.873
0.77	110.893
0.77	110.916
0.77	110.936
0.77	110.958
0.77	110.978
0.77	111.01
0.77	111.019
0.77	111.042
0.78	111.063
0.78	111.084
0.8	111.104
0.8	111.126
0.8	111.148
0.8	111.168
0.8	111.19
0.82	111.21
0.82	111.232
0.82	111.253
0.82	111.275
0.82	111.294
0.82	111.316
0.82	111.341
0.82	111.36
0.82	111.381
0.82	111.402
0.82	111.424
0.82	111.445
0.82	111.466
0.82	111.486
0.82	111.51
0.82	111.528
0.82	111.549
0.82	111.571
0.82	111.624
0.8	111.635
0.78	111.655
0.77	111.678
0.75	111.699
0.73	111.719
0.75	111.741
0.77	111.762
0.78	111.784
0.8	111.803
0.82	111.825
0.83	111.85
0.85	111.868
0.85	111.89
0.85	111.91
0.85	111.932
0.85	111.952
0.85	111.974
0.85	111.994
0.85	112.016
0.85	112.036
0.85	112.057
0.83	112.079
0.82	112.1
0.8	112.132
0.78	112.164
0.77	112.185
0.77	112.205
0.77	112.227
0.77	112.247
0.77	112.269
0.77	112.291
0.77	112.314
0.77	112.333
0.77	112.354
0.77	112.375
0.77	112.407
0.77	112.418
0.78	112.439
0.8	112.461
0.82	112.496
0.83	112.503
0.83	112.522
0.83	112.543
0.82	112.576
0.8	112.589
0.78	112.608
0.77	112.65
0.77	112.672
0.77	112.692
0.77	112.712
0.77	112.735
0.77	112.757
0.77	112.776
0.77	112.798
0.77	112.82
0.77	112.842
0.77	112.863
0.77	112.883
0.77	112.904
0.77	112.925
0.78	112.945
0.8	112.968
0.82	112.989
0.83	113.011
0.85	113.031
0.85	113.053
0.83	113.08
0.82	113.093
0.8	113.115
0.78	113.136
0.77	113.159
0.77	113.178
0.77	113.2
0.77	113.221
0.77	113.244
0.77	113.264
0.77	113.295
0.77	113.307
0.77	113.327
0.77	113.349
0.77	113.37
0.78	113.39
0.8	113.413
0.82	113.433
0.83	113.454
0.85	113.48
0.85	113.496
0.85	113.518
0.85	113.539
0.85	113.571
0.83	113.58
0.82	113.601
0.8	113.622
0.78	113.644
0.77	113.664
0.75	113.686
0.75	113.728
0.75	113.75
0.75	113.772
0.75	113.792
0.75	113.813
0.75	113.835
0.75	113.857
0.77	113.877
0.78	113.899
0.8	113.919
0.82	113.963
0.82	113.982
0.82	114.004
0.82	114.047
0.82	114.066
0.82	114.1
0.8	114.109
0.78	114.131
0.78	114.152
0.77	114.172
0.75	114.195
0.75	114.214
0.75	114.237
0.75	114.257
0.75	114.279
0.75	114.3
0.75	114.321
0.75	114.342
0.75	114.363
0.75	114.386
0.77	114.405
0.78	114.429
0.8	114.448
0.82	114.471
0.83	114.491
0.83	114.513
0.83	114.534
0.83	114.559
0.83	114.574
0.83	114.595
0.83	114.616
0.82	114.647
0.8	114.681
0.78	114.701
0.77	114.723
0.75	114.743
0.73	114.765
0.73	114.788
0.73	114.808
0.73	114.829
0.73	114.849
0.73	114.871
0.73	114.894
0.73	114.914
0.75	114.935
0.77	114.957
0.78	114.977
0.8	114.998
0.82	115.019
0.83	115.04
0.83	115.061
0.83	115.089
0.83	115.124
0.83	115.146
0.82	115.167
0.8	115.187
0.78	115.209
0.77	115.231
0.75	115.252
0.73	115.272
0.72	115.294
0.7	115.316
0.7	115.338
0.7	115.358
0.7	115.378
0.7	115.4
0.72	115.421
0.73	115.442
0.73	115.463
0.75	115.485
0.77	115.507
0.77	115.528
0.77	115.548
0.77	115.569
0.77	115.591
0.77	115.612
0.77	115.632
0.77	115.654
0.77	115.674
0.77	115.695
0.77	115.717
0.75	115.738
0.73	115.76
0.72	115.781
0.7	115.802
0.68	115.822
0.68	115.844
0.68	115.865
0.68	115.887
0.68	115.908
0.68	115.928
0.7	115.95
0.72	115.971
0.73	115.993
0.75	116.014
0.77	116.035
0.78	116.057
0.78	116.078
0.78	116.098
0.78	116.128
0.78	116.142
0.78	116.163
0.78	116.183
0.78	116.203
0.78	116.224
0.78	116.246
0.77	116.267
0.75	116.289
0.73	116.309
0.72	116.331
0.72	116.351
0.7	116.373
0.7	116.393
0.7	116.416
0.72	116.436
0.73	116.459
0.75	116.479
0.77	116.5
0.78	116.521
0.8	116.543
0.82	116.563
0.83	116.585
0.83	116.607
0.83	116.628
0.83	116.649
0.83	116.674
0.83	116.698
0.83	116.722
0.83	116.734
0.83	116.754
0.83	116.775
0.83	116.807
0.82	116.827
0.8	116.84
0.78	116.866
0.77	116.89
0.75	116.902
0.75	116.928
0.75	116.943
0.75	116.965
0.75	116.987
0.77	117.01
0.78	117.029
0.8	117.05
0.82	117.092
0.83	117.114
0.83	117.136
0.83	117.156
0.83	117.177
0.83	117.197
0.83	117.218
0.83	117.243
0.83	117.266
0.83	117.282
0.83	117.304
0.82	117.324
0.8	117.346
0.78	117.366
0.77	117.388
0.75	117.408
0.75	117.43
0.75	117.452
0.75	117.474
0.75	117.493
0.75	117.515
0.75	117.536
0.77	117.557
0.78	117.579
0.8	117.6
0.82	117.62
0.82	117.642
0.83	117.664
0.83	117.687
0.83	117.707
0.83	117.729
0.83	117.759
0.83	117.769
0.83	117.79
0.83	117.812
0.83	117.832
0.82	117.854
0.8	117.874
0.78	117.896
0.77	117.916
0.75	117.938
0.73	117.969
0.73	117.98
0.73	118.001
0.73	118.034
0.73	118.044
0.73	118.064
0.73	118.087
0.75	118.106
0.77	118.129
0.78	118.152
0.8	118.171
0.82	118.192
0.82	118.212
0.82	118.234
0.82	118.256
0.82	118.277
0.82	118.299
0.82	118.318
0.82	118.339
0.82	118.36
0.8	118.383
0.78	118.404
0.77	118.424
0.77	118.446
0.75	118.467
0.75	118.487
0.75	118.508
0.75	118.529
0.75	118.552
0.75	118.572
0.77	118.593
0.78	118.615
0.8	118.636
0.82	118.657
0.83	118.679
0.83	118.7
0.83	118.721
0.83	118.743
0.83	118.764
0.83	118.784
0.83	118.806
0.83	118.828
0.83	118.848
0.83	118.869
0.83	118.889
0.83	118.911
0.82	118.943
0.8	118.953
0.78	118.986
0.78	119.001
0.77	119.028
0.77	119.037
0.77	119.058
0.77	119.082
0.77	119.101
0.78	119.123
0.8	119.144
0.82	119.165
0.83	119.187
0.85	119.208
0.87	119.229
0.87	119.25
0.87	119.272
0.87	119.292
0.87	119.314
0.87	119.355
0.87	119.377
0.87	119.397
0.87	119.419
0.87	119.439
0.85	119.46
0.83	119.482
0.82	119.515
0.8	119.524
0.8	119.545
0.78	119.566
0.78	119.59
0.78	119.608
0.78	119.63
0.78	119.673
0.8	119.694
0.82	119.715
0.83	119.736
0.83	119.757
0.85	119.779
0.85	119.8
0.85	119.821
0.85	119.843
0.85	119.863
0.85	119.885
0.85	119.906
0.85	119.938
0.85	119.948
0.85	119.968
0.83	119.99
0.82	120.012
0.82	120.032
0.8	120.053
0.78	120.083
0.78	120.095
0.78	120.118
0.78	120.137
0.78	120.159
0.78	120.179
0.78	120.202
0.78	120.222
0.8	120.245
0.82	120.266
0.83	120.286
0.83	120.308
0.85	120.351
0.85	120.37
0.85	120.392
0.85	120.412
0.85	120.434
0.85	120.455
0.85	120.477
0.85	120.498
0.85	120.52
0.83	120.54
0.82	120.56
0.82	120.582
0.82	120.604
0.82	120.624
0.82	120.645
0.82	120.667
0.82	120.687
0.82	120.709
0.82	120.736
0.82	120.774
0.83	120.794
0.85	120.816
0.87	120.844
0.88	120.859
0.88	120.879
0.9	120.901
0.9	120.922
0.9	120.942
0.9	120.973
0.9	121.006
0.9	121.027
0.88	121.059
0.87	121.069
0.85	121.089
0.83	121.111
0.83	121.133
0.82	121.153
0.82	121.175
0.82	121.195
0.82	121.216
0.82	121.238
0.82	121.26
0.82	121.284
0.82	121.301
0.83	121.324
0.85	121.345
0.85	121.365
0.87	121.397
0.88	121.41
0.88	121.429
0.88	121.45
0.88	121.472
0.88	121.493
0.88	121.524
0.88	121.533
0.87	121.556
0.85	121.576
0.83	121.597
0.82	121.63
0.8	121.639
0.78	121.671
0.78	121.683
0.78	121.703
0.78	121.746
0.78	121.756
0.78	121.787
0.78	121.808
0.78	121.83
0.78	121.853
0.8	121.872
0.82	121.895
0.82	121.915
0.82	121.937
0.82	121.958
0.82	121.983
0.82	121.999
0.82	122.021
0.82	122.044
0.82	122.063
0.82	122.084
0.82	122.106
0.8	122.126
0.8	122.147
0.78	122.168
0.77	122.202
0.77	122.212
0.75	122.233
0.75	122.254
0.75	122.287
0.75	122.296
0.75	122.317
0.77	122.338
0.78	122.358
0.8	122.381
0.82	122.403
0.82	122.424
0.83	122.445
0.83	122.464
0.83	122.486
0.83	122.508
0.83	122.528
0.83	122.55
0.83	122.57
0.83	122.592
0.82	122.613
0.82	122.635
0.8	122.656
0.78	122.676
0.77	122.699
0.75	122.718
0.73	122.74
0.72	122.767
0.72	122.783
0.72	122.804
0.72	122.824
0.73	122.856
0.75	122.866
0.77	122.888
0.78	122.911
0.8	122.931
0.82	122.955
0.82	122.973
0.82	122.996
0.82	123.015
0.82	123.037
0.82	123.058
0.82	123.079
0.82	123.099
0.82	123.121
0.82	123.142
0.82	123.162
0.8	123.185
0.78	123.206
0.77	123.236
0.75	123.248
0.75	123.268
0.73	123.29
0.73	123.312
0.73	123.334
0.73	123.353
0.73	123.376
0.75	123.396
0.75	123.417
0.77	123.44
0.78	123.461
0.78	123.503
0.8	123.522
0.8	123.545
0.8	123.564
0.8	123.588
0.8	123.608
0.8	123.628
0.8	123.65
0.8	123.67
0.8	123.692
0.8	123.713
0.78	123.735
0.77	123.755
0.75	123.791
0.73	123.799
0.72	123.839
0.72	123.861
0.72	123.883
0.72	123.904
0.73	123.925
0.73	123.946
0.75	123.967
0.77	123.988
0.78	124.011
0.8	124.033
0.82	124.052
0.83	124.072
0.83	124.094
0.83	124.115
0.83	124.136
0.83	124.158
0.83	124.179
0.82	124.199
0.8	124.22
0.8	124.242
0.78	124.262
0.77	124.284
0.75	124.306
0.73	124.327
0.73	124.347
0.73	124.369
0.73	124.389
0.73	124.411
0.73	124.431
0.73	124.455
0.73	124.475
0.75	124.495
0.77	124.518
0.78	124.538
0.8	124.56
0.8	124.581
0.82	124.603
0.82	124.623
0.82	124.644
0.82	124.666
0.82	124.685
0.82	124.708
0.82	124.729
0.82	124.749
0.82	124.771
0.82	124.796
0.8	124.834
0.78	124.856
0.77	124.876
0.75	124.898
0.75	124.919
0.75	124.939
0.75	124.962
0.75	124.984
0.75	125.004
0.75	125.025
0.77	125.056
0.78	125.067
0.8	125.094
0.82	125.11
0.83	125.132
0.83	125.152
0.83	125.172
0.83	125.194
0.83	125.215
0.83	125.235
0.83	125.258
0.83	125.278
0.83	125.299
0.82	125.321
0.8	125.347
0.78	125.364
0.77	125.384
0.75	125.405
0.73	125.427
0.73	125.448
0.73	125.468
0.75	125.492
0.77	125.512
0.77	125.532
0.78	125.554
0.8	125.574
0.82	125.596
0.83	125.617
0.83	125.64
0.83	125.661
0.83	125.681
0.83	125.702
0.83	125.723
0.83	125.744
0.83	125.764
0.83	125.785
0.83	125.813
0.82	125.84
0.82	125.851
0.8	125.898
0.78	125.913
0.77	125.933
0.77	125.956
0.77	125.976
0.77	126.018
0.77	126.042
0.77	126.062
0.77	126.083
0.77	126.103
0.77	126.125
0.78	126.149
0.8	126.167
0.82	126.19
0.83	126.211
0.83	126.242
0.83	126.252
0.83	126.272
0.83	126.295
0.83	126.316
0.83	126.337
0.82	126.357
0.82	126.379
0.82	126.399
0.8	126.42
0.78	126.443
0.77	126.465
0.77	126.485
0.77	126.505
0.77	126.526
0.77	126.547
0.77	126.569
0.77	126.589
0.77	126.611
0.78	126.633
0.8	126.654
0.82	126.675
0.83	126.697
0.85	126.718
0.87	126.739
0.87	126.759
0.87	126.781
0.87	126.801
0.87	126.833
0.87	126.846
0.87	126.866
0.85	126.887
0.85	126.907
0.83	126.928
0.82	126.95
0.8	126.971
0.8	126.992
0.8	127.024
0.8	127.035
0.8	127.055
0.8	127.076
0.8	127.098
0.8	127.119
0.82	127.14
0.82	127.165
0.83	127.182
0.85	127.205
0.87	127.226
0.87	127.247
0.87	127.267
0.87	127.289
0.87	127.33
0.87	127.365
0.87	127.374
0.87	127.418
0.87	127.436
0.85	127.458
0.83	127.478
0.82	127.5
0.8	127.52
0.8	127.543
0.8	127.563
0.8	127.585
0.8	127.605
0.8	127.627
0.8	127.647
0.82	127.669
0.82	127.699
0.82	127.711
0.83	127.732
0.85	127.754
0.87	127.776
0.87	127.798
0.87	127.816
0.87	127.845
0.87	127.881
0.87	127.901
0.87	127.923
0.85	127.945
0.83	127.975
0.82	127.987
0.8	128.007
0.78	128.029
0.78	128.05
0.78	128.072
0.78	128.114
0.78	128.134
0.78	128.157
0.78	128.176
0.78	128.198
0.78	128.219
0.8	128.241
0.8	128.261
0.82	128.282
0.83	128.305
0.85	128.325
0.85	128.347
0.85	128.367
0.85	128.389
0.85	128.409
0.85	128.431
0.85	128.451
0.83	128.473
0.83	128.495
0.82	128.524
0.8	128.537
0.8	128.557
0.78	128.58
0.78	128.599
0.78	128.621
0.78	128.641
0.78	128.664
0.78	128.685
0.78	128.705
0.78	128.727
0.78	128.748
0.8	128.771
0.82	128.803
0.83	128.811
0.85	128.834
0.85	128.857
0.85	128.876
0.85	128.898
0.85	128.918
0.85	128.94
0.85	128.96
0.85	128.981
0.85	129.003
0.85	129.024
0.85	129.046
0.83	129.066
0.82	129.09
0.82	129.108
0.82	129.131
0.82	129.15
0.82	129.172
0.82	129.194
0.82	129.217
0.83	129.235
0.85	129.257
0.87	129.277
0.88	129.3
0.9	129.321
0.9	129.354
0.9	129.364
0.9	129.383
0.9	129.405
0.9	129.437
0.9	129.448
0.9	129.468
0.9	129.49
0.9	129.51
0.9	129.531
0.9	129.553
0.88	129.574
0.87	129.594
0.87	129.617
0.85	129.648
0.83	129.658
0.82	129.68
0.82	129.703
0.82	129.723
0.83	129.743
0.83	129.765
0.85	129.785
0.87	129.806
0.87	129.829
0.88	129.85
0.88	129.874
0.88	129.891
0.88	129.925
0.88	129.934
0.88	129.954
0.88	129.976
0.88	129.997
0.88	130.017
0.88	130.05
0.87	130.06
0.85	130.082
0.83	130.102
0.83	130.123
0.82	130.145
0.8	130.167
0.78	130.19
0.78	130.208
0.78	130.229
0.78	130.25
0.78	130.272
0.78	130.293
0.78	130.315
0.8	130.335
0.82	130.357
0.82	130.378
0.82	130.399
0.82	130.42
0.82	130.448
0.82	130.474
0.82	130.484
0.82	130.505
0.82	130.528
0.82	130.547
0.82	130.569
0.82	130.59
0.82	130.618
0.8	130.642
0.78	130.654
0.77	130.695
0.77	130.728
0.77	130.737
0.77	130.759
0.77	130.783
0.77	130.801
0.77	130.833
0.77	130.845
0.78	130.865
0.8	130.891
0.8	130.929
0.82	130.95
0.83	130.971
0.85	130.992
0.85	131.014
0.85	131.035
0.85	131.055
0.85	131.075
0.83	131.097
0.82	131.131
0.82	131.14
0.8	131.16
0.78	131.182
0.77	131.205
0.75	131.225
0.73	131.245
0.72	131.267
0.72	131.302
0.72	131.31
0.72	131.352
0.72	131.373
0.73	131.394
0.75	131.414
0.77	131.436
0.77	131.456
0.78	131.479
0.8	131.499
0.82	131.521
0.82	131.541
0.82	131.565
0.82	131.583
0.82	131.616
0.82	131.627
0.82	131.647
0.82	131.669
0.8	131.689
0.78	131.711
0.77	131.731
0.75	131.752
0.75	131.775
0.73	131.795
0.73	131.817
0.73	131.848
0.73	131.858
0.73	131.901
0.73	131.908
0.73	131.943
0.73	131.966
0.75	131.985
0.77	132.009
0.78	132.027
0.78	132.05
0.78	132.071
0.78	132.091
0.78	132.113
0.78	132.134
0.78	132.156
0.77	132.177
0.75	132.198
0.73	132.218
0.72	132.24
0.7	132.261
0.68	132.281
0.68	132.303
0.68	132.327
0.68	132.345
0.68	132.368
0.68	132.388
0.7	132.417
0.72	132.43
0.72	132.45
0.73	132.473
0.75	132.495
0.77	132.515
0.78	132.536
0.8	132.556
0.82	132.582
0.82	132.6
0.82	132.62
0.82	132.642
0.82	132.662
0.8	132.684
0.8	132.706
0.78	132.738
0.77	132.747
0.75	132.769
0.73	132.789
0.73	132.811
0.72	132.831
0.72	132.852
0.72	132.875
0.72	132.898
0.72	132.921
0.72	132.937
0.72	132.97
0.73	132.982
0.75	133.001
0.77	133.025
0.78	133.043
0.78	133.066
0.8	133.093
0.8	133.107
0.8	133.128
0.8	133.15
0.8	133.171
0.8	133.191
0.8	133.215
0.8	133.233
0.8	133.254
0.78	133.277
0.77	133.298
0.75	133.321
0.73	133.339
0.72	133.36
0.72	133.383
0.72	133.403
0.72	133.425
0.73	133.457
0.75	133.466
0.77	133.488
0.78	133.508
0.8	133.531
0.82	133.552
0.82	133.574
0.82	133.594
0.82	133.616
0.82	133.638
0.82	133.659
0.82	133.679
0.82	133.699
0.82	133.72
0.82	133.741
0.8	133.762
0.8	133.784
0.78	133.806
0.77	133.828
0.75	133.849
0.73	133.869
0.73	133.889
0.73	133.919
0.73	133.935
0.75	133.964
0.75	133.976
0.77	133.997
0.78	134.017
0.8	134.037
0.82	134.059
0.82	134.081
0.83	134.103
0.83	134.123
0.83	134.157
0.83	134.165
0.83	134.185
0.83	134.206
0.83	134.229
0.83	134.25
0.83	134.271
0.83	134.291
0.83	134.313
0.82	134.335
0.8	134.356
0.78	134.377
0.77	134.397
0.77	134.418
0.77	134.44
0.77	134.461
0.77	134.483
0.77	134.503
0.77	134.525
0.78	134.545
0.8	134.567
0.82	134.589
0.83	134.61
0.85	134.631
0.85	134.651
0.85	134.674
0.85	134.694
0.85	134.715
0.85	134.757
0.85	134.779
0.85	134.8
0.83	134.82
0.82	134.842
0.8	134.863
0.78	134.884
0.77	134.906
0.75	134.926
0.75	134.95
0.75	134.968
0.75	134.99
0.75	135.011
0.75	135.032
0.77	135.054
0.77	135.074
0.78	135.097
0.8	135.117
0.82	135.138
0.83	135.161
0.83	135.181
0.83	135.202
0.83	135.222
0.83	135.245
0.83	135.265
0.83	135.29
0.83	135.307
0.83	135.329
0.83	135.349
0.82	135.37
0.8	135.392
0.78	135.412
0.77	135.434
0.75	135.458
0.73	135.476
0.73	135.498
0.73	135.52
0.73	135.54
0.73	135.562
0.73	135.583
0.73	135.607
0.75	135.626
0.77	135.647
0.78	135.667
0.8	135.688
0.8	135.71
0.8	135.731
0.8	135.752
0.8	135.773
0.8	135.795
0.8	135.814
0.8	135.837
0.8	135.869
0.8	135.878
0.8	135.899
0.78	135.921
0.78	135.941
0.78	135.963
0.77	135.984
0.75	136.006
0.73	136.027
0.73	136.047
0.72	136.069
0.73	136.092
0.75	136.113
0.77	136.133
0.78	136.154
0.8	136.175
0.82	136.196
0.82	136.221
0.82	136.262
0.82	136.281
0.82	136.305
0.82	136.323
0.82	136.345
0.82	136.365
0.82	136.386
0.82	136.407
0.82	136.429
0.82	136.45
0.82	136.472
0.82	136.493
0.82	136.513
0.82	136.535
0.82	136.555
0.8	136.577
0.78	136.597
0.77	136.618
0.75	136.642
0.77	136.662
0.78	136.696
0.8	136.705
0.82	136.756
0.83	136.766
0.85	136.788
0.85	136.809
0.85	136.831
0.85	136.863
0.85	136.873
0.85	136.894
0.85	136.918
0.85	136.936
0.85	136.959
0.85	136.987
0.85	136.999
0.85	137.02
0.85	137.042
0.85	137.063
0.85	137.085
0.85	137.106
0.85	137.126
0.85	137.148
0.85	137.168
0.83	137.191
0.83	137.212
0.83	137.232
0.82	137.253
0.8	137.275
0.8	137.295
0.82	137.316
0.83	137.338
0.83	137.369
0.85	137.381
0.85	137.401
0.85	137.423
0.85	137.443
0.85	137.465
0.85	137.485
0.85	137.508
0.85	137.529
0.85	137.55
0.85	137.571
0.85	137.592
0.85	137.613
0.85	137.635
0.85	137.656
0.85	137.676
0.85	137.7
0.85	137.718
0.85	137.74
0.85	137.762
0.83	137.782
0.82	137.824
0.8	137.846
0.78	137.868
0.78	137.888
0.78	137.915
0.78	137.93
0.78	137.956
0.77	137.995
0.75	138.001
0.73	138.015
0.72	138.037
0.7	138.067
0.68	138.079
0.67	138.099
0.65	138.134
0.65	138.143
0.65	138.183
0.65	138.205
0.65	138.227
0.65	138.248
0.65	138.268
0.65	138.29
0.65	138.312
0.65	138.332
0.65	138.359
0.65	138.375
0.65	138.397
0.63	138.438
0.62	138.459
0.6	138.481
0.58	138.501
0.58	138.527
0.57	138.543
0.57	138.564
0.57	138.587
0.57	138.606
0.57	138.628
0.55	138.648
0.53	138.671
0.52	138.691
0.5	138.744
0.48	138.755
0.47	138.775
0.45	138.798
0.43	138.818
0.42	138.84
0.4	138.86
0.38	138.882
0.37	138.924
0.37	138.946
0.37	138.968
0.35	138.987
0.33	139.01
0.32	139.03
0.3	139.05
0.28	139.072
0.27	139.093
0.25	139.121
0.23	139.136
0.23	139.156
0.23	139.178
0.23	139.198
0.23	139.22
0.23	139.247
0.23	139.263
0.23	139.283
0.23	139.306
0.23	139.326
0.23	139.346
0.23	139.369
0.23	139.39
0.23	139.41
0.23	139.442
0.23	139.452
0.23	139.474
0.22	139.497
0.2	139.517
0.18	139.548
0.17	139.559
0.15	139.579
0.13	139.601
0.12	139.621
0.1	139.642
0.08	139.673
0.07	139.687
0.05	139.707
0.03	139.727
0.03	139.749
0.03	139.769
0.03	139.791
0.03	139.833
0.03	139.855
0.03	139.875
0.03	139.896
0.03	139.918
0.03	139.938
0.03	139.96
0.03	139.982
0.03	140.011
0.03	140.033
0.03	140.066
0.03	140.086
0.03	140.108
0.03	140.13
0.03	140.15
0.03	140.182
0.03	140.224
0.03	140.234
0.03	140.256
0.02	140.276
0	140.297
0	140.342
0	140.361
0	140.383
0	140.403
0	140.424
0	140.456
0	140.469
0	140.489
0	140.509
0	140.531
0	140.551
0	140.573
0	140.593
0	140.615
0	140.635
0	140.658
0	140.679
0	140.699
0	140.721
0	140.741
0	140.762
0	140.784
0	140.806
0	140.826
0	140.849
0	140.868
0	140.89
0	140.91
0	140.932
0	140.954
0	140.984
0	140.996
0	141.016
0	141.047
0	141.08
0	141.101
0	141.124
0	141.143
0	141.165
0	141.187
0	141.207
0	141.238
0	141.26
0	141.27
0	141.292
0	141.312
0	141.344
0	141.354
0	141.386
0	141.398
0	141.418
0	141.45
0	141.462
0	141.482
0	141.501
0	141.524
0	141.556
0	141.566
0	141.588
0	141.618
0	141.632
0	141.65
0	141.672
0	141.694
0	141.715
0	141.735
0	141.757
0	141.777
0	141.801
0	141.819
0	141.841
0	141.871
0	141.883
0	141.909
0	141.925
0	141.956
0	141.967
0	141.989
0	142.01
0	142.042
0	142.061
0	142.074
0	142.116
0	142.136
0	142.168
0	142.21
0	142.222
0	142.243
0	142.265
0	142.284
0	142.306
0	142.328
0	142.358
0	142.38
0	142.402
0	142.416
0	142.433
0	142.463
0	142.476
0	142.497
0	142.517
0	142.539
0	142.56
0	142.588
0	142.612
0	142.622
0	142.644
0	142.676
0	142.686
0	142.708
0	142.728
0	142.756
0	142.77
0	142.792
0	142.816
0	142.834
0	142.855
0	142.876
0	142.898
0	142.918
0	142.94
0	142.962
0	142.982
0	143.014
0	143.024
0	143.048
0	143.072
0	143.088
0	143.136
0	143.182
0	143.192
0	143.236
0	143.265
0	143.289
0	143.3
0	143.32
0	143.342
0	143.362
0	143.384
0	143.407
0	143.456
0	143.469
0	143.49
0	143.52
0	143.532
0	143.562
0	143.584
0	143.595
0	143.616
0	143.638
0	143.658
0	143.679
0	143.708
0	143.721
0	143.743
0	143.763
0	143.785
0	143.807
0	143.837
0	143.849
0	143.869
0	143.891
0	143.911
0	143.933
0	143.955
0	143.977
0	143.995
0	144.028
0	144.038
0	144.06
0	144.088
0	144.102
0	144.123
0	144.145
0	144.164
0	144.187
0	144.215
0	144.238
0	144.26
0	144.274
0	144.292
0	144.314
0	144.334
0	144.366
0	144.386
0	144.398
0	144.42
0	144.44
0	144.461
0	144.483
0	144.503
0	144.524
0	144.553
0	144.568
0	144.588
0	144.61
0	144.63
0	144.652
0	144.673
0	144.692
0	144.715
0	144.736
0	144.758
0	144.777
0	144.801
0	144.821
0	144.841
0	144.862
0	144.884
0	144.915
0	144.931
0	144.947
0	144.971
0	144.988
0	145.011
0	145.043
0	145.053
0	145.074
0	145.105
0	145.119
0	145.159
0	145.181
0	145.201
0	145.223
0	145.243
0	145.265
0	145.287
0	145.308
0	145.328
0	145.348
0	145.371
0	145.392
0	145.413
0	145.433
0	145.456
0	145.477
0	145.497
0	145.529
0	145.549
0	145.561
0	145.581
0	145.602
0	145.623
0	145.645
0	145.667
0	145.688
0	145.709
0	145.729
0	145.751
0	145.771
0	145.803
0	145.825
0	145.835
0	145.856
0	145.878
0	145.898
0	145.92
0	145.939
0	145.972
0	145.984
0	146.004
0	146.025
0	146.046
0	146.067
0	146.089
0	146.118
0	146.134
0	146.174
0	146.195
0	146.216
0	146.235
0	146.258
0	146.279
0	146.3
0	146.322
0	146.343
0	146.375
0	146.385
0	146.406
0	146.428
0	146.45
0	146.469
0	146.494
0	146.512
0	146.534
0	146.554
0	146.576
0	146.596
0	146.619
0	146.64
0	146.66
0	146.681
0	146.701
0	146.723
0	146.745
0	146.767
0	146.786
0	146.81
0	146.829
0	146.851
0	146.871
0	146.893
0	146.915
0	146.935
0	146.956
0	146.987
0	146.998
0	147.021
0	147.061
0	147.084
0	147.103
0	147.133
0	147.16
0	147.188
0	147.209
0	147.232
0	147.253
0	147.274
0	147.304
0	147.316
0	147.344
0	147.358
0	147.39
0	147.4
0	147.422
0	147.442
0	147.464
0	147.484
0	147.506
0	147.532
0	147.547
0	147.57
0	147.612
0	147.634
0	147.653
0	147.675
0	147.696
0	147.724
0	147.739
0	147.759
0	147.78
0	147.801
0	147.822
0	147.845
0	147.865
0	147.887
0	147.907
0	147.941
0	147.95
0	147.973
0	147.992
0	148.013
0	148.035
0	148.055
0	148.077
0	148.107
0	148.121
0	148.14
0	148.169
0	148.202
0	148.225
0	148.249
0	148.267
0	148.288
0	148.31
0	148.331
0	148.352
0	148.382
0	148.394
0	148.416
0	148.436
0	148.458
0	148.477
0	148.5
0	148.521
0	148.541
0	148.562
0	148.584
0	148.605
0	148.637
0	148.646
0	148.669
0	148.689
0	148.711
0	148.731
0	148.753
0	148.775
0	148.804
0	148.817
0	148.837
0	148.859
0	148.878
0	148.9
0	148.923
0	148.943
0	148.965
0	148.995
0	149.007
0	149.027
0	149.049
0	149.069
0	149.093
0	149.124
0	149.133
0	149.154
0	149.176
0	149.228
0	149.238
0	149.261
0	149.282
0	149.302
0	149.325
0	149.344
0	149.366
0	149.387
0	149.409
0	149.439
0	149.451
0	149.47
0	149.504
0	149.515
0	149.537
0	149.578
0	149.6
0	149.62
0	149.672
0	149.684
0	149.704
0	149.726
0	149.746
0	149.768
0	149.811
0	149.832
0	149.851
0	149.874
0	149.894
0	149.915
0	149.937
0	149.956
0	149.979
0	149.999
0	150.02
0	150.043
0	150.073
0	150.085
0	150.105
0	150.127
0	150.147
0	150.178
0	150.19
0	150.213
0	150.232
0	150.26
0	150.285
0	150.295
0	150.318
0	150.337
0	150.36
0	150.381
0	150.4
0	150.425
0	150.453
0	150.465
0	150.485
0	150.508
0	150.528
0	150.55
0	150.581
0	150.591
0	150.623
0	150.635
0	150.655
0	150.687
0	150.697
0	150.718
0	150.749
0	150.771
0	150.781
0	150.804
0	150.825
0	150.846
0	150.866
0	150.888
0	150.908
0	150.931
0	150.949
0	150.973
0	150.993
0	151.014
0	151.036
0	151.066
0	151.087
0	151.099
0	151.121
0	151.141
0	151.163
0	151.196
0	151.204
0	151.226
0	151.247
0	151.269
0	151.299
0	151.321
0	151.331
0	151.352
0	151.374
0	151.407
0	151.417
0	151.438
0	151.458
0	151.48
0	151.501
0	151.521
0	151.542
0	151.565
0	151.586
0	151.619
0	151.627
0	151.649
0	151.668
0	151.691
0	151.713
0	151.763
0	151.774
0	151.796
0	151.818
0	151.838
0	151.86
0	151.882
0	151.902
0	151.925
0	151.944
0	151.965
0	151.987
0	152.007
0	152.051
0	152.071
0	152.097
0	152.113
0	152.135
0	152.155
0	152.206
0	152.219
0	152.253
0	152.271
0	152.293
0	152.303
0	152.325
0	152.357
0	152.367
0	152.389
0	152.409
0	152.43
0	152.453
0	152.483
0	152.495
0	152.516
0	152.536
0	152.558
0	152.578
0	152.6
0	152.619
0	152.642
0	152.664
0	152.684
0	152.714
0	152.726
0	152.747
0	152.778
0	152.791
0	152.811
0	152.831
0	152.865
0	152.874
0	152.895
0	152.918
0	152.945
0	152.962
0	152.99
0	153.002
0	153.022
0	153.043
0	153.064
0	153.085
0	153.108
0	153.129
0	153.15
0	153.169
0	153.192
0	153.213
0	153.254
0	153.277
0	153.297
0	153.319
0	153.339
0	153.361
0	153.381
0	153.403
0	153.434
0	153.452
0	153.465
0	153.498
0	153.508
0	153.53
0	153.552
0	153.584
0	153.594
0	153.614
0	153.635
0	153.666
0	153.678
0	153.7
0	153.729
0	153.742
0	153.762
0	153.783
0	153.805
0	153.825
0	153.859
0	153.878
0	153.896
0	153.91
0	153.931
0	153.953
0	153.983
0	153.995
0	154.016
0	154.038
0	154.059
0	154.078
0	154.121
0	154.143
0	154.165
0	154.185
0	154.207
0	154.229
0	154.251
0	154.289
0	154.312
0	154.333
0	154.355
0	154.377
0	154.396
0	154.417
0	154.438
0	154.466
0	154.481
0	154.502
0	154.527
0	154.544
0	154.575
0	154.586
0	154.607
0	154.63
0	154.651
0	154.681
0	154.692
0	154.712
0	154.74
0	154.755
0	154.779
0	154.799
0	154.819
0	154.841
0	154.861
0	154.882
0	154.903
0	154.934
0	154.946
0	154.966
0	154.988
0	155.019
0	155.03
0	155.061
0	155.072
0	155.093
0	155.116
0	155.14
0	155.158
0	155.178
0	155.199
0	155.222
0	155.242
0	155.266
0	155.305
0	155.326
0	155.347
0	155.371
0	155.389
0	155.412
0	155.431
0	155.464
0	155.474
0	155.496
0	155.516
0	155.538
0	155.569
0	155.591
0	155.601
0	155.622
0	155.642
0	155.664
0	155.686
0	155.708
0	155.737
0	155.758
0	155.77
0	155.802
0	155.817
0	155.834
0	155.854
0	155.876
0	155.907
0	155.92
0	155.939
0	155.97
0	155.981
0	156.003
0	156.023
0	156.058
0	156.065
0	156.096
0	156.108
0	156.138
0	156.149
0	156.182
0	156.194
0	156.226
0	156.235
0	156.256
0	156.28
0	156.32
0	156.342
0	156.362
0	156.383
0	156.405
0	156.424
0	156.459
0	156.468
0	156.49
0	156.509
0	156.532
0	156.552
0	156.584
0	156.594
0	156.616
0	156.638
0	156.659
0	156.68
0	156.699
0	156.722
0	156.742
0	156.763
0	156.784
0	156.807
0	156.827
0	156.848
0	156.869
0	156.89
0	156.924
0	156.932
0	156.965
0	156.985
0	156.996
0	157.017
0	157.04
0	157.061
0	157.091
0	157.102
0	157.122
0	157.145
0	157.164
0	157.187
0	157.208
0	157.228
0	157.261
0	157.271
0	157.292
0	157.335
0	157.355
0	157.387
0	157.409
0	157.428
0	157.441
0	157.461
0	157.483
0	157.503
0	157.535
0	157.556
0	157.567
0	157.589
0	157.614
0	157.631
0	157.65
0	157.673
0	157.705
0	157.724
0	157.741
0	157.768
0	157.779
0	157.799
0	157.823
0	157.841
0	157.874
0	157.883
0	157.905
0	157.925
0	157.947
0	157.97
0	157.99
0	158.011
0	158.042
0	158.054
0	158.075
0	158.105
0	158.122
0	158.137
0	158.169
0	158.179
0	158.202
0	158.221
0	158.254
0	158.264
0	158.285
0	158.31
0	158.328
0	158.35
0	158.37
0	158.392
0	158.414
0	158.446
0	158.467
0	158.49
0	158.519
0	158.539
0	158.561
0	158.583
0	158.603
0	158.625
0	158.664
0	158.687
0	158.751
0	158.773
0	158.794
0	158.813
0	158.836
0	158.857
0	158.878
0	158.901
0	158.921
0	158.952
0	158.973
0	158.994
0	159.004
0	159.031
0	159.057
0	159.069
0	159.088
0	159.11
0	159.131
0	159.163
0	159.175
0	159.195
0	159.214
0	159.237
0	159.258
0	159.28
0	159.299
0	159.326
0	159.346
0	159.373
0	159.385
0	159.407
0	159.427
0	159.449
0	159.469
0	159.491
0	159.513
0	159.54
0	159.555
0	159.585
0	159.596
0	159.627
0	159.638
0	159.661
0	159.68
0	159.703
0	159.734
0	159.744
0	159.767
0	159.787
0	159.807
0	159.829
0	159.849
0	159.872
0	159.903
0	159.913
0	159.935
0	159.966
0	159.978
0	159.998
0	160.02
0	160.04
0	160.065
0	160.082
0	160.105
0	160.136
0	160.151
0	160.168
0	160.188
0	160.211
0	160.23
0	160.252
0	160.283
0	160.305
0	160.315
0	160.34
0	160.379
0	160.401
0	160.421
0	160.442
0	160.463
0	160.483
0	160.506
0	160.553
0	160.57
0	160.59
0	160.612
0	160.632
0	160.653
0	160.674
0	160.707
0	160.721
0	160.739
0	160.758
0	160.782
0	160.801
0	160.824
0	160.843
0	160.865
0	160.886
0	160.91
0	160.937
0	160.95
0	160.972
0	161.002
0	161.014
0	161.034
0	161.056
0	161.075
0	161.097
0	161.118
0	161.139
0	161.162
0	161.182
0	161.202
0	161.225
0	161.245
0	161.267
0	161.299
0	161.308
0	161.33
0	161.354
0	161.392
0	161.415
0	161.435
0	161.457
0	161.478
0	161.499
0	161.521
0	161.54
0	161.562
0	161.582
0	161.616
0	161.626
0	161.657
0	161.668
0	161.699
0	161.711
0	161.732
0	161.752
0	161.773
0	161.797
0	161.816
0	161.838
0	161.857
0	161.89
0	161.902
0	161.922
0	161.943
0	161.964
0	161.986
0	162.007
0	162.027
0	162.051
0	162.071
0	162.091
0	162.121
0	162.142
0	162.156
0	162.206
0	162.217
0	162.239
0	162.27
0	162.281
0	162.301
0	162.334
0	162.344
0	162.368
0	162.411
0	162.43
0	162.45
0	162.472
0	162.494
0	162.514
0	162.536
0	162.556
0	162.577
0	162.599
0	162.618
0	162.641
0	162.663
0	162.693
0	162.714
0	162.726
0	162.747
0	162.778
0	162.787
0	162.81
0	162.842
0	162.851
0	162.874
0	162.894
0	162.915
0	162.935
0	162.957
0	162.979
0	163.001
0	163.031
0	163.042
0	163.063
0	163.085
0	163.106
0	163.128
0	163.159
0	163.18
0	163.197
0	163.222
0	163.243
0	163.253
0	163.276
0	163.297
0	163.316
0	163.338
0	163.378
0	163.384
0	163.411
0	163.423
0	163.455
0	163.475
0	163.487
0	163.506
0	163.528
0	163.55
0	163.57
0	163.592
0	163.613
0	163.634
0	163.655
0	163.677
0	163.698
0	163.718
0	163.74
0	163.761
0	163.783
0	163.804
0	163.826
0	163.846
0	163.87
0	163.889
0	163.92
0	163.931
0	163.951
0	163.972
0	164.005
0	164.017
0	164.042
0	164.058
0	164.088
0	164.1
0	164.13
0	164.143
0	164.165
0	164.184
0	164.205
0	164.227
0	164.248
0	164.269
0	164.289
0	164.319
0	164.333
0	164.353
0	164.377
0	164.399
0	164.442
0	164.46
0	164.48
0	164.523
0	164.543
0	164.565
0	164.596
0	164.607
0	164.629
0	164.65
0	164.67
0	164.692
0	164.721
0	164.745
0	164.755
0	164.777
0	164.798
0	164.819
0	164.84
0	164.861
0	164.881
0	164.913
0	164.925
0	164.945
0	164.967
0	164.997
0	165.008
0	165.041
0	165.051
0	165.084
0	165.104
0	165.127
0	165.135
0	165.158
0	165.178
0	165.2
0	165.222
0	165.242
0	165.265
0	165.295
0	165.315
0	165.326
0	165.347
0	165.367
0	165.39
0	165.43
0	165.453
0	165.474
0	165.498
0	165.528
0	165.539
0	165.566
0	165.58
0	165.6
0	165.622
0	165.644
0	165.676
0	165.696
0	165.708
0	165.727
0	165.75
0	165.77
0	165.793
0	165.813
0	165.835
0	165.855
0	165.877
0	165.897
0	165.928
0	165.948
0	165.961
0	165.982
0	166.003
0	166.026
0	166.055
0	166.065
0	166.088
0	166.107
0	166.129
0	166.152
0	166.172
0	166.196
0	166.214
0	166.235
0	166.255
0	166.277
0	166.3
0	166.333
0	166.34
0	166.362
0	166.383
0	166.406
0	166.429
0	166.467
0	166.488
0	166.51
0	166.53
0	166.552
0	166.585
0	166.595
0	166.616
0	166.636
0	166.658
0	166.678
0	166.704
0	166.749
0	166.764
0	166.785
0	166.807
0	166.826
0	166.848
0	166.869
0	166.902
0	166.912
0	166.933
0	166.965
0	166.976
0	166.996
0	167.027
0	167.039
0	167.06
0	167.082
0	167.103
0	167.122
0	167.145
0	167.164
0	167.187
0	167.207
0	167.229
0	167.249
0	167.319
0	167.358
0	167.397
0	167.406
0	167.42
0	167.444
0	167.489
0	167.514
0	167.535
0	167.546
0	167.566
0	167.588
0	167.608
0	167.63
0	167.652
0	167.672
0	167.695
0	167.716
0	167.736
0	167.756
0	167.779
0	167.8
0	167.82
0	167.843
0	167.863
0	167.884
0	167.905
0	167.926
0	167.948
0	167.98
0	167.991
0	168.011
0	168.032
0	168.085
0	168.094
0	168.117
0	168.163
0	168.2
0	168.222
0	168.252
0	168.264
0	168.286
0	168.307
0	168.329
0	168.35
0	168.369
0	168.395
0	168.422
0	168.476
0	168.516
0	168.57
0	168.582
0	168.588
0	168.602
0	168.624
0	168.645
0	168.666
0	168.686
0	168.709
0	168.73
0	168.75
0	168.773
0	168.792
0	168.815
0	168.834
0	168.857
0	168.878
0	168.898
0	168.92
0	168.94
0	168.962
0	168.982
0	169.004
0	169.026
0	169.047
0	169.068
0	169.09
0	169.11
0	169.132
0	169.153
0	169.174
0	169.194
0	169.216
0	169.247
0	169.258
0	169.278
0	169.311
0	169.325
0	169.342
0	169.364
0	169.384
0	169.417
0	169.437
0	169.448
0	169.474
0	169.491
0	169.511
0	169.533
0	169.553
0	169.575
0	169.619
0	169.655
0	169.696
0	169.735
0	169.751
0	169.758
0	169.765
0	169.787
0	169.809
0	169.83
0	169.85
0	169.872
0	169.901
0	169.913
0	169.934
0	169.957
0	169.978
0	169.997
0	170.019
0	170.04
0	170.06
0	170.095
0	170.105
0	170.126
0	170.148
0	170.166
0	170.189
0	170.209
0	170.23
0	170.25
0	170.284
0	170.293
0	170.315
0	170.343
0	170.358
0	170.377
0	170.403
0	170.422
0	170.441
0	170.463
0	170.488
0	170.507
0	170.527
0	170.548
0	170.578
0	170.6
0	170.612
0	170.632
0	170.654
0	170.675
0	170.706
0	170.717
0	170.737
0	170.851
0	170.885
0	170.907
0	170.929
0	170.949
0	170.969
0	170.991
0	171.014
0	171.034
0	171.056
0	171.075
0	171.098
0	171.128
0	171.14
0	171.161
0	171.182
0	171.213
0	171.223
0	171.255
0	171.267
0	171.288
0	171.321
0	171.33
0	171.358
0	171.382
0	171.393
0	171.415
0	171.436
0	171.457
0	171.477
0	171.502
0	171.528
0	171.54
0	171.573
0	171.584
0	171.614
0	171.627
0	171.648
0	171.678
0	171.689
0	171.709
0	171.733
0	171.754
0	171.774
0	171.795
0	171.815
0	171.838
0	171.86
0	171.88
0	171.9
0	171.937
0	171.976
0	172.015
0	172.043
0	172.07
0	172.091
0	172.113
0	172.132
0	172.156
0	172.174
0	172.206
0	172.218
0	172.238
0	172.261
0	172.28
0	172.303
0	172.324
0	172.344
0	172.386
0	172.408
0	172.428
0	172.45
0	172.495
0	172.51
0	172.518
0	172.557
0	172.577
0	172.597
0	172.621
0	172.642
0	172.661
0	172.683
0	172.703
0	172.727
0	172.746
0	172.767
0	172.789
0	172.81
0	172.83
0	172.853
0	172.873
0	172.893
0	172.915
0	172.939
0	172.957
0	172.98
0	172.999
0	173.022
0	173.042
0	173.065
0	173.086
0	173.105
0	173.137
0	173.147
0	173.169
0	173.199
0	173.211
0	173.232
0	173.253
0	173.277
0	173.296
0	173.318
0	173.338
0	173.368
0	173.38
0	173.401
0	173.422
0	173.444
0	173.464
0	173.486
0	173.506
0	173.536
0	173.55
0	173.572
0	173.592
0	173.623
0	173.634
0	173.655
0	173.678
0	173.719
0	173.741
0	173.762
0	173.804
0	173.83
0	173.845
0	173.865
0	173.888
0	173.909
0	173.93
0	173.951
0	173.972
0	173.993
0	174.015
0	174.036
0	174.057
0	174.089
0	174.098
0	174.12
0	174.142
0	174.162
0	174.195
0	174.204
0	174.227
0	174.246
0	174.269
0	174.288
0	174.31
0	174.332
0	174.352
0	174.374
0	174.395
0	174.415
0	174.437
0	174.457
0	174.49
0	174.501
0	174.523
0	174.55
0	174.565
0	174.585
0	174.613
0	174.628
0	174.648
0	174.67
0	174.702
0	174.711
0	174.734
0	174.753
0	174.775
0	174.817
0	174.85
0	174.859
0	174.882
0	174.902
0	174.924
0	174.947
0	174.966
0	174.987
0	175.007
0	175.029
0	175.06
0	175.082
0	175.093
0	175.118
0	175.136
0	175.158
0	175.177
0	175.197
0	175.229
0	175.251
0	175.261
0	175.283
0	175.313
0	175.325
0	175.345
0	175.378
0	175.398
0	175.409
0	175.431
0	175.451
0	175.473
0	175.493
0	175.516
0	175.536
0	175.563
0	175.589
0	175.6
0	175.62
0	175.642
0	175.664
0	175.685
0	175.706
0	175.727
0	175.747
0	175.77
0	175.789
0	175.812
0	175.833
0	175.865
0	175.874
0	175.896
0	175.917
0	175.939
0	175.958
0	175.981
0	176.003
0	176.022
0	176.043
0	176.066
0	176.088
0	176.119
0	176.128
0	176.15
0	176.18
0	176.192
0	176.212
0	176.239
0	176.256
0	176.276
0	176.3
0	176.318
0	176.34
0	176.36
0	176.383
0	176.402
0	176.435
0	176.446
0	176.467
0	176.488
0	176.509
0	176.539
0	176.551
0	176.586
0	176.593
0	176.642
0	176.667
0	176.677
0	176.702
0	176.719
0	176.751
0	176.774
0	176.783
0	176.804
0	176.825
0	176.847
0	176.869
0	176.889
0	176.911
0	176.932
0	176.96
0	176.973
0	177.005
0	177.017
0	177.037
0	177.058
0	177.089
0	177.111
0	177.122
0	177.142
0	177.165
0	177.188
0	177.206
0	177.228
0	177.256
0	177.27
0	177.301
0	177.312
0	177.344
0	177.355
0	177.385
0	177.408
0	177.417
0	177.44
0	177.461
0	177.481
0	177.513
0	177.534
0	177.545
0	177.565
0	177.592
0	177.619
0	177.63
0	177.65
0	177.672
0	177.692
0	177.715
0	177.734
0	177.755
0	177.777
0	177.799
0	177.819
0	177.841
0	177.861
0	177.883
0	177.914
0	177.924
0	177.956
0	177.968
0	177.988
0	178.009
0	178.042
0	178.051
0	178.073
0	178.093
0	178.126
0	178.137
0	178.166
0	178.18
0	178.199
0	178.221
0	178.241
0	178.269
0	178.285
0	178.305
0	178.327
0	178.349
0	178.379
0	178.39
0	178.433
0	178.454
0	178.475
0	178.495
0	178.517
0	178.55
0	178.559
0	178.581
0	178.605
0	178.634
0	178.643
0	178.665
0	178.685
0	178.707
0	178.729
0	178.749
0	178.778
0	178.801
0	178.824
0	178.838
0	178.855
0	178.878
0	178.9
0	178.919
0	178.94
0	178.96
0	178.982
0	179.002
0	179.025
0	179.046
0	179.067
0	179.099
0	179.108
0	179.13
0	179.153
0	179.183
0	179.193
0	179.215
0	179.236
0	179.256
0	179.278
0	179.299
0	179.321
0	179.342
0	179.366
0	179.384
0	179.404
0	179.426
0	179.448
0	179.468
0	179.49
0	179.517
0	179.541
0	179.553
0	179.573
0	179.595
0	179.619
0	179.637
0	179.659
0	179.679
0	179.701
0	179.721
0	179.743
0	179.764
0	179.786
0	179.806
0	179.828
0	179.849
0	179.869
0	179.891
0	179.913
0	179.933
0	179.955
0	179.986
0	179.997
0	180.017
0	180.039
0	180.06
0	180.082
0	180.103
0	180.123
0	180.145
0	180.165
0	180.187
0	180.208
0	180.23
0	180.261
0	180.273
0	180.292
0	180.315
0	180.334
0	180.355
0	180.378
0	180.409
0	180.419
0	180.441
0	180.462
0	180.493
0	180.505
0	180.524
0	180.546
0	180.568
0	180.599
0	180.61
0	180.638
0	180.653
0	180.675
0	180.694
0	180.717
0	180.737
0	180.757
0	180.79
0	180.802
0	180.821
0	180.844
0	180.863
0	180.885
0	180.905
0	180.928
0	180.96
0	180.969
0	180.991
0	181.011
0	181.035
0	181.053
0	181.075
0	181.095
0	181.117
0	181.14
0	181.158
0	181.181
0	181.201
0	181.244
0	181.265
0	181.288
0	181.314
0	181.342
0	181.353
0	181.375
0	181.404
0	181.415
0	181.436
0	181.479
0	181.498
0	181.52
0	181.54
0	181.562
0	181.584
0	181.605
0	181.626
0	181.654
0	181.668
0	181.688
0	181.71
0	181.731
0	181.764
0	181.773
0	181.795
0	181.826
0	181.837
0	181.857
0	181.88
0	181.91
0	181.922
0	181.942
0	181.964
0	181.984
0	182.005
0	182.038
0	182.049
0	182.069
0	182.104
0	182.111
0	182.133
0	182.154
0	182.176
0	182.206
0	182.218
0	182.248
0	182.271
0	182.28
0	182.302
0	182.322
0	182.345
0	182.366
0	182.387
0	182.407
0	182.44
0	182.449
0	182.471
0	182.493
0	182.524
0	182.535
0	182.555
0	182.577
0	182.607
0	182.619
0	182.642
0	182.666
0	182.683
0	182.714
0	182.731
0	182.755
0	182.767
0	182.789
0	182.809
0	182.832
0	182.852
0	182.872
0	182.9
0	182.914
0	182.936
0	182.959
0	182.978
0	183
0	183.029
0	183.053
0	183.063
0	183.085
0	183.105
0	183.131
0	183.148
0	183.169
0	183.192
0	183.221
0	183.233
0	183.253
0	183.275
0	183.295
0	183.317
0	183.347
0	183.359
0	183.38
0	183.402
0	183.422
0	183.442
0	183.471
0	183.486
0	183.507
0	183.528
0	183.549
0	183.57
0	183.59
0	183.613
0	183.643
0	183.655
0	183.686
0	183.698
0	183.719
0	183.752
0	183.767
0	183.782
0	183.813
0	183.823
0	183.856
0	183.867
0	183.919
0	183.929
0	183.95
0	183.972
0	183.992
0	184.014
0	184.034
0	184.056
0	184.089
0	184.098
0	184.12
0	184.14
0	184.162
0	184.182
0	184.204
0	184.237
0	184.246
0	184.277
0	184.288
0	184.312
0	184.332
0	184.352
0	184.374
0	184.404
0	184.416
0	184.439
0	184.458
0	184.479
0	184.5
0	184.522
0	184.542
0	184.564
0	184.585
0	184.609
0	184.638
0	184.66
0	184.669
0	184.699
0	184.711
0	184.735
0	184.753
0	184.774
0	184.808
0	184.818
0	184.84
0	184.869
0	184.891
0	184.902
0	184.922
0	184.944
0	184.964
0	184.998
0	185.007
0	185.031
0	185.049
0	185.071
0	185.091
0	185.114
0	185.144
0	185.156
0	185.176
0	185.209
0	185.228
0	185.251
0	185.273
0	185.282
0	185.315
0	185.335
0	185.346
0	185.366
0	185.389
0	185.41
0	185.43
0	185.451
0	185.474
0	185.503
0	185.517
0	185.535
0	185.569
0	185.579
0	185.599
0	185.621
0	185.642
0	185.663
0	185.686
0	185.726
0	185.754
0	185.768
0	185.791
0	185.811
0	185.831
0	185.853
0	185.875
0	185.896
0	185.917
0	185.949
0	185.968
0	185.98
0	186
0	186.022
0	186.044
0	186.075
0	186.091
0	186.117
0	186.128
0	186.148
0	186.17
0	186.19
0	186.214
0	186.233
0	186.255
0	186.285
0	186.297
0	186.317
0	186.339
0	186.361
0	186.381
0	186.405
0	186.423
0	186.445
0	186.466
0	186.489
0	186.509
0	186.529
0	186.552
0	186.573
0	186.592
0	186.616
0	186.634
0	186.666
0	186.678
0	186.698
0	186.727
0	186.74
0	186.761
0	186.793
0	186.806
0	186.825
0	186.847
0	186.867
0	186.889
0	186.909
0	186.937
0	186.953
0	186.973
0	186.995
0	187.027
0	187.047
0	187.058
0	187.078
0	187.101
0	187.132
0	187.143
0	187.163
0	187.195
0	187.205
0	187.227
0	187.249
0	187.269
0	187.302
0	187.311
0	187.332
0	187.354
0	187.374
0	187.396
0	187.418
0	187.438
0	187.46
0	187.491
0	187.513
0	187.524
0	187.544
0	187.565
0	187.598
0	187.607
0	187.64
0	187.672
0	187.702
0	187.714
0	187.742
0	187.755
0	187.777
0	187.798
0	187.818
0	187.84
0	187.862
0	187.882
0	187.904
0	187.924
0	187.946
0	187.968
0	187.988
0	188.008
0	188.031
0	188.052
0	188.075
0	188.093
0	188.121
0	188.148
0	188.159
0	188.179
0	188.221
0	188.251
0	188.263
0	188.289
0	188.316
0	188.327
0	188.349
0	188.368
0	188.39
0	188.411
0	188.434
0	188.475
0	188.506
0	188.517
0	188.538
0	188.559
0	188.591
0	188.601
0	188.623
0	188.644
0	188.681
0	188.691
0	188.737
0	188.755
0	188.791
0	188.813
0	188.833
0	188.855
0	188.875
0	188.897
0	188.922
0	188.95
0	188.971
0	188.981
0	189.013
0	189.025
0	189.047
0	189.067
0	189.087
0	189.109
0	189.13
0	189.151
0	189.172
0	189.192
0	189.224
0	189.236
0	189.256
0	189.288
0	189.33
0	189.342
0	189.365
0	189.384
0	189.415
0	189.426
0	189.458
0	189.467
0	189.489
0	189.511
0	189.531
0	189.553
0	189.584
0	189.596
0	189.615
0	189.643
0	189.667
0	189.679
0	189.701
0	189.721
0	189.753
0	189.769
0	189.807
0	189.827
0	189.869
0	189.891
0	189.913
0	189.934
0	189.965
0	189.976
0	190.006
0	190.018
0	190.038
0	190.06
0	190.08
0	190.102
0	190.124
0	190.144
0	190.166
0	190.186
0	190.208
0	190.229
0	190.251
0	190.271
0	190.293
0	190.313
0	190.335
0	190.355
0	190.378
0	190.407
0	190.43
0	190.441
0	190.462
0	190.482
0	190.504
0	190.524
0	190.545
0	190.567
0	190.589
0	190.609
0	190.651
0	190.673
0	190.693
0	190.715
0	190.737
0	190.757
0	190.783
0	190.799
0	190.821
0	190.842
0	190.863
0	190.885
0	190.905
0	190.927
0	190.947
0	190.979
0	190.989
0	191.022
0	191.033
0	191.054
0	191.075
0	191.095
0	191.129
0	191.137
0	191.16
0	191.201
0	191.223
0	191.252
0	191.274
0	191.286
0	191.307
0	191.328
0	191.35
0	191.37
0	191.392
0	191.412
0	191.434
0	191.454
0	191.476
0	191.498
0	191.519
0	191.54
0	191.56
0	191.582
0	191.602
0	191.624
0	191.645
0	191.667
0	191.687
0	191.709
0	191.729
0	191.751
0	191.781
0	191.797
0	191.815
0	191.84
0	191.857
0	191.877
0	191.899
0	191.919
0	191.942
0	191.972
0	191.984
0	192.009
0	192.026
0	192.046
0	192.068
0	192.09
0	192.111
0	192.131
0	192.153
0	192.173
0	192.194
0	192.216
0	192.238
0	192.258
0	192.286
0	192.3
0	192.322
0	192.342
0	192.372
0	192.384
0	192.406
0	192.427
0	192.455
0	192.48
0	192.491
0	192.511
0	192.533
0	192.565
0	192.575
0	192.608
0	192.617
0	192.639
0	192.67
0	192.682
0	192.712
0	192.724
0	192.754
0	192.767
0	192.786
0	192.816
0	192.828
0	192.85
0	192.872
0	192.893
0	192.913
0	192.935
0	192.955
0	192.978
0	192.998
0	193.02
0	193.04
0	193.062
0	193.092
0	193.115
0	193.125
0	193.145
0	193.168
0	193.189
0	193.209
0	193.231
0	193.253
0	193.273
0	193.295
0	193.315
0	193.337
0	193.364
0	193.38
0	193.399
0	193.421
0	193.443
0	193.463
0	193.485
0	193.505
0	193.526
0	193.548
0	193.568
0	193.597
0	193.612
0	193.642
0	193.654
0	193.684
0	193.696
0	193.716
0	193.738
0	193.759
0	193.788
0	193.802
0	193.832
0	193.864
0	193.886
0	193.906
0	193.929
0	193.961
0	193.97
0	193.992
0	194.022
0	194.034
0	194.054
0	194.077
0	194.098
0	194.12
0	194.15
0	194.162
0	194.181
0	194.203
0	194.225
0	194.245
0	194.267
0	194.288
0	194.318
0	194.33
0	194.352
0	194.372
0	194.404
0	194.414
0	194.442
0	194.456
0	194.48
0	194.498
0	194.522
0	194.542
0	194.562
0	194.584
0	194.604
0	194.625
0	194.647
0	194.669
0	194.689
0	194.711
0	194.731
0	194.753
0	194.777
0	194.795
0	194.816
0	194.848
0	194.862
0	194.902
0	194.922
0	194.952
0	194.964
0	194.988
0	195.014
0	195.038
0	195.048
0	195.07
0	195.091
0	195.113
0	195.133
0	195.165
0	195.183
0	195.21
0	195.229
0	195.242
0	195.26
0	195.281
0	195.303
0	195.324
0	195.354
0	195.366
0	195.398
0	195.408
0	195.43
0	195.45
0	195.482
0	195.492
0	195.515
0	195.534
0	195.556
0	195.579
0	195.598
0	195.62
0	195.651
0	195.662
0	195.682
0	195.704
0	195.747
0	195.768
0	195.788
0	195.831
0	195.861
0	195.873
0	195.893
0	195.937
0	195.969
0	195.98
0	196.001
0	196.023
0	196.065
0	196.084
0	196.106
0	196.126
0	196.149
0	196.168
0	196.191
0	196.211
0	196.244
0	196.253
0	196.275
0	196.295
0	196.317
0	196.337
0	196.359
0	196.382
0	196.401
0	196.423
0	196.443
0	196.465
0	196.487
0	196.507
0	196.529
0	196.56
0	196.57
0	196.592
0	196.613
0	196.634
0	196.654
0	196.677
0	196.698
0	196.718
0	196.739
0	196.761
0	196.785
0	196.803
0	196.835
0	196.845
0	196.876
0	196.891
0	196.93
0	196.952
0	196.972
0	196.994
0	197.024
0	197.046
0	197.058
0	197.08
0	197.1
