1065 20.0721 -2.70138 209.804 -0.0262783 0.00528914 0.999641 25.6434 -0.219006 208.037 0.0173144 0.134255 0.990693 1.82245 -2.24387 15.1668 5.2447 46.8884 0
87389 22.1148 -1.75057 210.437 -0.0180993 0.00517236 0.999823 25.5463 0.0026166 208.016 0.0156055 0.134246 0.990707 1.7377 -2.28754 16.6861 5.34036 46.4407 0
174474 23.5138 -0.778319 211 -0.014435 0.00621476 0.999876 25.9812 1.38368 208.769 -0.00717595 0.126854 0.991756 1.67651 -2.31942 17.8418 5.41534 46.1772 0
262788 24.4383 0.16527 211.402 -0.0121326 0.00758897 0.999898 26.7393 2.36136 209.339 -0.0166863 0.12485 0.99191 1.63371 -2.34212 18.6244 5.47509 46.0312 0
350157 24.9585 0.997497 211.643 -0.0110951 0.00855895 0.999902 27.1329 3.20025 209.813 -0.0230324 0.124441 0.991879 1.60785 -2.35591 19.0943 5.52019 45.9454 0
437306 25.3156 1.84882 211.786 -0.00929837 0.0109445 0.999897 27.402 4.00493 209.956 -0.02828 0.124037 0.991839 1.58832 -2.36769 19.3832 5.5607 45.9057 0
524478 25.4352 2.55408 211.889 -0.0091015 0.0089768 0.999918 27.5502 4.81804 210.211 -0.0324314 0.12387 0.991643 1.57941 -2.37056 19.542 5.59402 45.8994 0
612656 25.495 3.30912 211.959 -0.00864992 0.00836825 0.999928 27.5862 5.61372 210.244 -0.0367002 0.123107 0.991631 1.57223 -2.37372 19.6515 5.62706 45.8994 0
700013 25.4811 4.0165 212.004 -0.00847803 0.00772214 0.999934 27.3904 6.30281 210.29 -0.0399889 0.121742 0.991672 1.56792 -2.37544 19.7198 5.65694 45.8994 0
787130 25.4272 4.77777 212.03 -0.00832573 0.00880993 0.999927 27.3124 7.10582 210.323 -0.0440086 0.12013 0.991743 1.56419 -2.37831 19.7658 5.6871 45.8994 0
874384 25.3068 5.45749 212.055 -0.00867509 0.00769845 0.999933 27.1205 7.91174 210.358 -0.0477829 0.118143 0.991728 1.56333 -2.37803 19.796 5.71496 45.8994 0
962478 25.2012 6.1496 212.065 -0.00818013 0.00676107 0.999944 26.8154 8.60479 210.403 -0.0513128 0.116291 0.99182 1.56074 -2.3786 19.8198 5.74398 45.8994 0
1049776 25.0163 6.78957 212.085 -0.00840368 0.00384797 0.999957 26.6253 9.29514 210.45 -0.0552121 0.114789 0.991757 1.5616 -2.37602 19.8357 5.77156 45.8994 0
1136957 24.8328 7.47241 212.092 -0.00838297 0.00329834 0.999959 26.3141 10.0858 210.374 -0.0582552 0.113182 0.99182 1.56103 -2.37602 19.8452 5.79942 45.8994 0
1224285 24.6053 8.19033 212.096 -0.008666 0.00335906 0.999957 26.0108 10.6645 210.432 -0.0619103 0.111681 0.991755 1.56103 -2.3763 19.8499 5.82815 45.8994 0
1311523 24.3886 8.8304 212.1 -0.00835646 0.00198506 0.999963 25.5864 11.3436 210.369 -0.0647103 0.110064 0.991695 1.56074 -2.37544 19.8547 5.85544 45.8994 0
1399596 24.1396 9.48814 212.1 -0.00748689 -0.000496231 0.999972 25.2799 12.0468 210.528 -0.0679978 0.108322 0.991651 1.56074 -2.37343 19.8499 5.88474 45.9042 0
1486909 23.8746 10.1515 212.099 -0.00708308 -0.00110556 0.999974 24.8634 12.7282 210.465 -0.0716508 0.106457 0.991623 1.56045 -2.37314 19.8452 5.91289 45.9089 0
1574153 23.5801 10.8184 212.101 -0.00659647 -0.00186498 0.999977 24.4401 13.4141 210.401 -0.0745684 0.10411 0.991637 1.56045 -2.37257 19.8357 5.94162 45.92 0
1662368 23.2833 11.4432 212.104 -0.00613376 -0.00261483 0.999978 24.02 14.1078 210.449 -0.0777324 0.102126 0.991617 1.56045 -2.37199 19.8293 5.96891 45.9295 0
1749630 22.9659 12.0805 212.103 -0.00492377 -0.00434468 0.999978 23.6005 14.6893 210.508 -0.0808971 0.100263 0.991584 1.56017 -2.37056 19.8198 5.99821 45.9391 0
1836955 22.6351 12.75 212.096 -0.00429973 -0.00400382 0.999983 23.1765 15.493 210.433 -0.0838104 0.0971873 0.991672 1.55873 -2.37142 19.815 6.02751 45.9438 0
1924031 22.2584 13.3393 212.104 -0.00406581 -0.00546225 0.999977 22.6465 16.0774 210.494 -0.087096 0.0949475 0.991555 1.56017 -2.3697 19.815 6.05481 45.9438 0
2046342 21.9639 16.5054 210.734 -0.0871583 0.0903881 0.992085 21.8877 16.8772 210.421 -0.0900107 0.0921146 0.991619 1.57769 -2.35993 19.5118 6.06716 46.5233 0
2177023 21.6265 16.6398 211.245 -0.0866085 0.0875964 0.992384 22.3167 16.7011 211.332 -0.0871601 0.0850969 0.992426 1.61532 -2.33695 18.7434 6.05911 47.8631 0
2312245 21.5709 16.3991 211.886 -0.0768777 0.0708669 0.994519 22.1821 16.2495 211.931 -0.0717913 0.0680267 0.995006 1.68111 -2.29931 17.3639 6.06572 49.2633 0
2443578 20.664 16.7806 212.008 -0.064487 0.062236 0.995976 20.2996 16.8341 211.881 -0.0617517 0.0638884 0.995957 1.74919 -2.26973 15.7082 6.10508 50.5158 0
2576310 19.1419 17.5384 211.977 -0.0585728 0.0597945 0.996491 18.3697 17.496 211.827 -0.0586946 0.0633213 0.996236 1.77074 -2.25795 15.0414 6.15305 51.1032 0
2707470 18.1196 18.2734 211.992 -0.0549424 0.0579282 0.996808 17.4688 18.188 211.989 -0.0580792 0.0624742 0.996316 1.76815 -2.25306 14.8493 6.19844 51.362 0
2838614 17.2631 19.0304 212.03 -0.0531439 0.056721 0.996975 16.5749 18.887 212.039 -0.0583075 0.0596673 0.996478 1.75896 -2.25134 14.8064 6.2444 51.5017 0
2973386 16.4318 19.7117 212.073 -0.0512848 0.0531139 0.997271 15.8029 19.5823 212.089 -0.0596384 0.0573283 0.996479 1.7512 -2.24703 14.8271 0.00746904 51.5636 0
3109018 15.607 20.3813 212.079 -0.0511609 0.0518315 0.997345 15.0388 20.2776 212.14 -0.0618237 0.054985 0.996487 1.74029 -2.24617 14.8668 0.0517087 51.5953 0
3242026 14.6255 20.9955 212.148 -0.0545703 0.0494011 0.997287 14.0469 20.9673 212.193 -0.0635236 0.0531299 0.996442 1.7377 -2.24473 14.916 0.0950866 51.616 0
3375585 13.8093 21.6181 212.131 -0.053793 0.0491113 0.997344 13.1717 21.4197 212.156 -0.0657147 0.0517582 0.996352 1.71845 -2.24502 15.0112 0.139614 51.5969 0
3505832 12.8818 22.1475 212.136 -0.0541967 0.0483061 0.997361 12.1779 21.8803 212.231 -0.0670518 0.050646 0.996352 1.69662 -2.24387 15.1287 0.185864 51.562 0
3638687 11.8627 22.6735 212.143 -0.0560233 0.0472187 0.997312 11.3002 22.5593 212.172 -0.0691179 0.048789 0.99631 1.66244 -2.24445 15.4049 0.235562 51.4318 0
3772489 10.9052 23.2077 212.087 -0.0587235 0.0459268 0.997217 10.7621 23.2758 211.988 -0.0597968 0.0419505 0.997294 1.61188 -2.24962 15.8558 0.288133 51.2191 0
3908851 10.2337 23.8036 212.104 -0.0509304 0.039801 0.997909 10.6842 24.148 212.12 -0.0397262 0.0342199 0.998527 1.57022 -2.2545 16.1939 0.338692 51.1223 0
4044911 9.48481 24.3954 212.13 -0.0415765 0.0334258 0.998576 10.0764 24.8393 212.166 -0.0347097 0.0324361 0.99879 1.56132 -2.24876 16.2352 0.387528 51.1207 0
4178180 8.57577 24.8268 212.142 -0.0392532 0.0299742 0.99878 9.07545 25.181 212.141 -0.0353122 0.0309633 0.998821 1.57166 -2.24129 16.159 0.429182 51.135 0
4312510 7.4769 25.158 212.13 -0.0362374 0.0269695 0.998979 7.84758 25.5419 212.228 -0.0354217 0.0285091 0.998824 1.58401 -2.23037 16.0161 0.474571 51.1937 0
4449778 6.32798 25.4208 212.144 -0.0334421 0.0242192 0.999147 6.50787 25.781 212.216 -0.0355295 0.0259457 0.99896 1.59809 -2.21802 15.859 0.520822 51.254 0
4586465 5.22243 25.6396 212.148 -0.0316291 0.0220697 0.999256 5.39824 26.0133 212.203 -0.0363747 0.0242287 0.999017 1.61015 -2.20739 15.7367 0.564774 51.2842 0
4720217 4.03453 25.8552 212.134 -0.0335325 0.0207727 0.999222 4.27504 26.2388 212.19 -0.0357595 0.023248 0.998988 1.62222 -2.20222 15.6145 0.608439 51.308 0
4856066 2.97087 25.9972 212.131 -0.031082 0.0193588 0.999329 3.1468 26.3554 212.187 -0.0345316 0.0220397 0.9991 1.63629 -2.18986 15.4796 0.651243 51.3286 0
4994751 1.82601 26.0605 212.108 -0.0306689 0.0183325 0.999361 2.15432 26.3538 211.97 -0.0240164 0.0193124 0.999415 1.65267 -2.18096 15.3049 0.69577 51.3826 0
5129462 0.794136 26.0434 212.092 -0.02572 0.0162438 0.999537 0.948553 26.1446 211.999 -0.014238 0.01731 0.999662 1.6722 -2.17033 15.1652 0.737711 51.4271 0
5265063 -0.315419 25.9983 212.077 -0.0212006 0.0154752 0.999655 -0.186736 25.9211 212.031 -0.0120379 0.0168355 0.999692 1.67881 -2.16573 15.1128 0.783675 51.4461 0
5396479 -1.44203 25.9183 212.08 -0.0170057 0.0153098 0.999738 -1.43543 25.8071 212.052 -0.0097165 0.016483 0.999709 1.68283 -2.16114 15.0716 0.829351 51.4763 0
5523709 -2.5164 25.7918 212.086 -0.0154563 0.0147724 0.999771 -2.54573 25.5815 212.083 -0.0102033 0.0162376 0.999738 1.68484 -2.15999 15.0716 0.871579 51.4763 0
5659432 -3.63007 25.6038 212.09 -0.0148117 0.0141311 0.99979 -3.65605 25.3594 212.116 -0.0106889 0.0156156 0.999682 1.68714 -2.15941 15.0668 0.91467 51.4731 0
5793129 -4.75957 25.4012 212.081 -0.0158674 0.0134099 0.999784 -4.89363 25.1277 212.037 -0.00958523 0.0147711 0.999758 1.68513 -2.16142 15.0811 0.957761 51.4667 0
5922269 -5.8165 25.1752 212.083 -0.0162683 0.0127592 0.999786 -5.89574 24.9073 212.068 -0.0097039 0.0140295 0.999711 1.68197 -2.16315 15.116 0.998553 51.4493 0
6058867 -6.87651 24.9033 212.083 -0.0159934 0.0122875 0.999797 -6.88013 24.5691 212.11 -0.0116569 0.0140194 0.999728 1.67881 -2.16372 15.1605 1.04136 51.4207 0
6192894 -7.90855 24.6028 212.086 -0.0152606 0.0113138 0.99982 -8.10613 24.1096 212.054 -0.0116555 0.0137765 0.999752 1.6768 -2.16401 15.2398 1.08359 51.3604 0
6328213 -8.96547 24.2567 212.083 -0.0154747 0.0103407 0.999827 -9.3229 23.7827 212.097 -0.012625 0.0124233 0.999773 1.67335 -2.16545 15.3129 1.1261 51.3064 0
6461603 -9.96846 23.8773 212.081 -0.0152314 0.010121 0.999833 -10.3257 23.3256 212.039 -0.0126228 0.0120589 0.99981 1.6699 -2.16573 15.3573 1.16718 51.2794 0
6596301 -11.0055 23.4212 212.085 -0.0150863 0.00958185 0.99984 -11.3192 22.9999 212.082 -0.0135932 0.0106935 0.99971 1.66789 -2.16602 15.397 1.20998 51.2604 0
6733273 -11.9695 22.9495 212.095 -0.0145132 0.00928943 0.999852 -12.2045 22.319 212.046 -0.0140808 0.0105695 0.999726 1.66588 -2.16573 15.443 1.25106 51.2334 0
6860709 -12.9054 22.4382 212.092 -0.0140248 0.00915748 0.99986 -13.3257 21.8703 211.989 -0.0133413 0.00922503 0.999733 1.6633 -2.16545 15.4891 1.29186 51.2001 0
6995850 -13.801 21.9316 212.094 -0.0148122 0.00845874 0.999855 -14.0979 21.4412 212.15 -0.0139466 0.00837172 0.999824 1.65841 -2.16717 15.5319 1.33064 51.1842 0
7128234 -14.7618 21.2825 212.09 -0.0149167 0.00736523 0.999862 -14.9777 20.6404 212.015 -0.0150439 0.00798949 0.999749 1.65813 -2.16774 15.5684 1.37402 51.1508 0
7261379 -15.6091 20.662 212.094 -0.0129469 0.0086019 0.999879 -15.9874 19.9734 212.09 -0.0140645 0.00750868 0.999789 1.6564 -2.16487 15.6129 1.4151 51.1207 0
7397290 -16.4803 19.975 212.095 -0.0124445 0.00815749 0.999889 -16.764 19.4085 212.041 -0.014305 0.00690016 0.999853 1.65497 -2.16458 15.6685 1.45675 51.0826 0
7526271 -17.2492 19.321 212.09 -0.010751 0.00931114 0.999899 -17.5386 18.7274 211.894 -0.0147879 0.00565864 0.999736 1.65296 -2.162 15.732 1.49582 51.0318 0
7660134 -18.0546 18.5494 212.089 -0.00971855 0.00916592 0.999911 -18.4296 17.8377 211.99 -0.0144196 0.00529616 0.99977 1.65353 -2.16056 15.797 1.5369 50.9794 0
7795397 -18.8575 17.7527 212.083 -0.0103654 0.00790831 0.999915 -19.2171 17.1559 212.064 -0.0133273 0.00652857 0.99976 1.65066 -2.162 15.8574 1.57827 50.9413 0
7927847 -19.5686 16.983 212.092 -0.00904644 0.00849196 0.999923 -19.7947 16.4627 212.024 -0.0108921 0.00790157 0.999847 1.64893 -2.16056 15.9431 1.61733 50.8873 0
8060830 -20.188 16.2359 212.097 -0.00703148 0.0104489 0.999921 -20.376 15.7705 212.096 -0.00797513 0.0103702 0.999821 1.6475 -2.1574 16.0336 1.65382 50.8206 0
8196385 -20.8803 15.3383 212.094 -0.00636764 0.0108234 0.999921 -20.9457 15.0809 212.057 -0.00639314 0.0113622 0.999831 1.64606 -2.15683 16.1019 1.69605 50.7682 0
8325200 -21.5049 14.4633 212.092 -0.00566998 0.0113745 0.999919 -21.5117 14.1567 212.04 -0.00506231 0.0137011 0.99983 1.64462 -2.15625 16.1669 1.73655 50.7174 0
8465545 -22.0976 13.5476 212.094 -0.00480531 0.0117496 0.999919 -22.1935 13.3634 212.013 -0.00335414 0.0138314 0.999803 1.64405 -2.15597 16.24 1.77734 50.6587 0
8602742 -22.6713 12.5796 212.093 -0.00434607 0.0121568 0.999917 -22.6368 12.4545 212.107 -0.00312067 0.0157881 0.999727 1.64319 -2.15597 16.2924 1.81986 50.619 0
8736663 -23.1961 11.5891 212.099 -0.00400422 0.0120271 0.99992 -23.2 11.434 212.101 -0.00202549 0.0165347 0.999766 1.64319 -2.15654 16.3416 1.86209 50.5793 0
8868249 -23.6606 10.621 212.097 -0.00356076 0.0121245 0.99992 -23.6427 10.6419 212.072 -0.00202621 0.0166562 0.999754 1.6429 -2.15712 16.3955 1.90259 50.5317 0
9004239 -24.0952 9.60984 212.094 -0.00298899 0.0121918 0.999921 -24.0899 9.63548 212.176 -0.00129577 0.017158 0.99982 1.64319 -2.15769 16.4527 1.94396 50.4777 0
9141896 -24.4904 8.54404 212.097 -0.00251571 0.0120424 0.999924 -24.4198 8.4929 212.069 -0.00130086 0.0180082 0.999734 1.64405 -2.15855 16.5051 1.98676 50.4285 0
9273443 -24.8304 7.52438 212.101 -0.00235602 0.0111625 0.999935 -24.8633 7.60553 212.162 -0.00105455 0.017645 0.999769 1.64405 -2.16056 16.5511 2.02727 50.3904 0
9408680 -25.1295 6.47392 212.105 -0.00216295 0.0106727 0.999941 -25.0819 6.47809 212.166 -0.00093539 0.0181315 0.999719 1.64462 -2.162 16.586 2.06835 50.3555 0
9540212 -25.3706 5.43424 212.112 -0.00163781 0.0103858 0.999945 -25.4059 5.4657 212.158 -0.00154571 0.0181284 0.999724 1.64635 -2.16315 16.6257 2.10799 50.3158 0
9672717 -25.5808 4.35024 212.117 -0.00152785 0.0097962 0.999951 -25.5073 4.34565 212.159 -0.00203252 0.0178829 0.999753 1.64692 -2.16487 16.6591 2.14965 50.2825 0
9805750 -25.7353 3.29531 212.118 -0.00157182 0.00975751 0.999951 -25.6051 3.21883 212.162 -0.00288987 0.0183644 0.999711 1.64721 -2.16602 16.6845 2.18986 50.2571 0
9938639 -25.8534 2.20234 212.12 -0.00147373 0.00982893 0.999951 -25.8204 2.0982 212.164 -0.00313255 0.0181202 0.999738 1.6475 -2.16717 16.721 2.23123 50.2206 0
10071448 -25.9216 1.15829 212.118 -0.00143794 0.00993211 0.99995 -25.9233 1.22059 212.254 -0.00349244 0.0168916 0.999742 1.64836 -2.16803 16.7464 2.27059 50.184 0
10204391 -25.9486 0.0697747 212.111 -0.00158668 0.0102844 0.999946 -25.9127 0.0876667 212.144 -0.00410276 0.0168884 0.999747 1.64865 -2.16861 16.7718 2.31224 50.1444 0
10334649 -25.9339 -0.997132 212.099 -0.000923995 0.00775464 0.99997 -25.9036 -1.03295 212.145 -0.00446823 0.0167651 0.999762 1.65008 -2.17263 16.8051 2.35102 50.0904 0
10463347 -25.8708 -2.07284 212.107 -0.000908979 0.00748322 0.999972 -25.8929 -2.03222 212.134 -0.00507225 0.0155352 0.999768 1.65094 -2.17406 16.8242 2.39153 50.0713 0
10600835 -25.7664 -3.16562 212.103 -0.00122101 0.00697682 0.999975 -25.7721 -3.15904 212.135 -0.00544207 0.0161406 0.99971 1.65094 -2.1755 16.8273 2.43347 50.0586 0
10732854 -25.6064 -4.25804 212.109 -0.00143075 0.00734408 0.999972 -25.6527 -4.26564 212.245 -0.00556196 0.0157756 0.999748 1.65181 -2.17608 16.84 2.47512 50.0412 0
10864385 -25.4136 -5.30683 212.109 -0.00138443 0.0072421 0.999973 -25.5385 -5.38776 212.134 -0.00531225 0.0146715 0.999734 1.65267 -2.17722 16.8591 2.51506 50.0142 0
11002829 -25.1708 -6.36964 212.105 -0.00159594 0.00744147 0.999971 -25.1934 -6.501 212.132 -0.00579615 0.0139403 0.999812 1.65353 -2.1778 16.8686 2.55613 49.992 0
11137522 -24.8606 -7.46901 212.109 -0.00148454 0.00724941 0.999973 -24.9647 -7.60591 212.241 -0.00567118 0.0134551 0.99986 1.65583 -2.17866 16.8734 2.59865 49.9745 0
11271831 -24.5353 -8.48428 212.108 -0.00151268 0.00680322 0.999976 -24.5072 -8.62198 212.117 -0.00640235 0.0130747 0.999781 1.65669 -2.17981 16.8766 2.63858 49.9586 0
11404532 -24.1419 -9.52334 212.109 -0.00148443 0.00659131 0.999977 -24.163 -9.6175 212.214 -0.00676709 0.01283 0.999809 1.65841 -2.18067 16.8797 2.67995 49.9443 0
11534700 -23.7393 -10.4924 212.101 -0.00105181 0.00567177 0.999983 -23.7139 -10.747 212.1 -0.00652224 0.0127098 0.999819 1.66014 -2.1824 16.8765 2.71873 49.9253 0
11671941 -23.2743 -11.4965 212.106 -0.000971663 0.00529702 0.999985 -23.2599 -11.6241 212.186 -0.00676152 0.0117246 0.999797 1.66129 -2.18354 16.875 2.7601 49.9237 0
11803616 -22.7691 -12.4811 212.104 -0.00107029 0.00476326 0.999988 -22.8011 -12.5191 212.161 -0.00761451 0.0114774 0.999829 1.66129 -2.18469 16.8702 2.80204 49.9237 0
11929323 -22.2641 -13.351 212.109 -0.00161655 0.00532681 0.999985 -22.3529 -13.5275 212.146 -0.00724832 0.0114792 0.999826 1.66272 -2.18441 16.8638 2.83996 49.9237 0
12062195 -21.6991 -14.2555 212.099 -0.00167205 0.00487254 0.999987 -21.6727 -14.3013 212.108 -0.0079744 0.0102487 0.999833 1.6633 -2.18527 16.8543 2.88046 49.9205 0
12193506 -21.0774 -15.1609 212.101 -0.00183306 0.00472463 0.999987 -21.1052 -15.3024 212.204 -0.0083435 0.0107326 0.999787 1.66416 -2.18584 16.848 2.92212 49.9205 0
12328292 -20.4413 -16.0081 212.109 -0.00181223 0.00476344 0.999987 -20.5457 -16.0848 212.167 -0.00809719 0.0103695 0.999822 1.66617 -2.18642 16.8416 2.96176 49.9189 0
12462046 -19.7445 -16.863 212.106 -0.00175837 0.00429852 0.999989 -19.752 -16.977 212.138 -0.00894947 0.0100008 0.999866 1.66703 -2.18728 16.8273 3.0037 49.9189 0
12601695 -18.9839 -17.7188 212.106 -0.00129661 0.00372631 0.999992 -19.0754 -17.7485 212.212 -0.0091931 0.00974438 0.999771 1.66847 -2.18872 16.8178 3.04679 49.9173 0
12741156 -18.1881 -18.5354 212.109 -0.00084846 0.00320249 0.999995 -18.2801 -18.5353 212.172 -0.0102931 0.00998165 0.999756 1.6699 -2.19015 16.8051 3.08988 49.9173 0
12878681 -17.3881 -19.2892 212.108 -0.000819399 0.00307912 0.999995 -17.493 -19.3076 212.244 -0.0104145 0.00985957 0.999769 1.67105 -2.19101 16.7956 3.13183 49.9142 0
13009928 -16.541 -20.0196 212.109 -0.000138945 0.00254582 0.999997 -16.6986 -19.9768 212.304 -0.0113944 0.0105955 0.999825 1.67278 -2.19274 16.7797 3.17405 49.9142 0
13143982 -15.6551 -20.7064 212.123 0.000729515 0.00252342 0.999997 -16.0254 -20.5307 212.243 -0.0115116 0.00961103 0.999803 1.67709 -2.19475 16.7638 3.21542 49.9142 0
13279818 -14.7907 -21.3334 212.114 0.000448894 0.00247386 0.999997 -15.1305 -21.2002 212.192 -0.0113874 0.00924729 0.999838 1.67766 -2.19532 16.7464 3.25736 49.9142 0
13412739 -13.8275 -21.9896 212.105 0.00356015 0.000988167 0.999993 -14.2252 -21.7451 212.241 -0.0123612 0.00862277 0.999786 1.67996 -2.20049 16.7305 3.30074 49.9015 0
13544229 -12.9241 -22.5268 212.105 0.00368177 0.00111254 0.999993 -13.3269 -22.4147 212.189 -0.0126032 0.00825716 0.999825 1.68197 -2.20193 16.7114 3.34125 49.9015 0
13680655 -11.9914 -23.0449 212.102 0.00260919 0.00163668 0.999995 -12.317 -23.087 212.136 -0.0128473 0.00825591 0.999827 1.68226 -2.20193 16.7035 3.38319 49.9015 0
13808803 -11.0994 -23.494 212.1 0.00118974 0.00224344 0.999997 -11.5342 -23.5226 212.175 -0.0127233 0.00775848 0.999754 1.68283 -2.20136 16.694 3.42254 49.9015 0
13941363 -10.1036 -23.9369 212.1 -0.000402792 0.00285088 0.999996 -10.4113 -24.0722 212.222 -0.0130895 0.0077566 0.999757 1.68398 -2.20049 16.6829 3.46535 49.9015 0
14072718 -9.09906 -24.327 212.114 -0.00175396 0.00364614 0.999992 -9.39935 -24.511 212.147 -0.0136935 0.00652669 0.999763 1.68772 -2.20021 16.667 3.50671 49.9015 0
14204942 -8.08152 -24.683 212.107 -0.00363355 0.00385616 0.999986 -8.39056 -24.8368 212.172 -0.0139362 0.00628254 0.999789 1.68829 -2.19877 16.6511 3.54923 49.9031 0
14335764 -7.07933 -24.9832 212.103 -0.00543793 0.0040569 0.999977 -7.39086 -25.1603 212.196 -0.0132009 0.00580048 0.999832 1.69001 -2.19733 16.6305 3.59031 49.9031 0
14469485 -6.00616 -25.271 212.104 -0.00594572 0.00398701 0.999974 -6.27022 -25.4909 212.11 -0.0135629 0.00493619 0.999799 1.69174 -2.19762 16.6146 3.63311 49.9031 0
14598960 -5.01854 -25.4757 212.101 -0.00879734 0.00417211 0.999953 -5.15277 -25.7028 212.122 -0.01356 0.00445037 0.999848 1.69375 -2.19504 16.5971 3.67276 49.9031 0
14730721 -3.92492 -25.6683 212.106 -0.0093737 0.00410093 0.999948 -4.15032 -25.9151 212.137 -0.0131919 0.0039542 0.999773 1.69691 -2.19532 16.5765 3.71499 49.9031 0
14862024 -2.8682 -25.8142 212.106 -0.00938013 0.00391517 0.999948 -2.91284 -26.013 212.137 -0.0141641 0.00322047 0.999854 1.69978 -2.19618 16.5559 3.75549 49.9031 0
14995691 -1.77752 -25.9063 212.108 -0.0109558 0.00373549 0.999933 -1.79874 -26.2328 212.15 -0.0138 0.0035867 0.999814 1.70323 -2.19532 16.5321 3.79743 49.9031 0
15130915 -0.666753 -25.9781 212.105 -0.0107958 0.00350607 0.999936 -0.683951 -26.3471 212.041 -0.0136765 0.00334442 0.999838 1.70639 -2.19618 16.5051 3.83937 49.9046 0
15260462 0.4024 -25.9947 212.103 -0.0118449 0.00339225 0.999924 0.428782 -26.3368 212.032 -0.0133084 0.00284825 0.999762 1.71127 -2.1959 16.4686 3.87959 49.9078 0
15394289 1.45838 -25.9632 212.1 -0.0119058 0.0031954 0.999924 1.54285 -26.2031 212.122 -0.0130606 0.00224223 0.999821 1.7173 -2.19647 16.4098 3.91895 49.9301 0
15525875 2.57147 -25.8798 212.105 -0.0126085 0.00283371 0.999916 2.77291 -26.1991 212.112 -0.0133062 0.00248389 0.999799 1.7242 -2.19618 16.3368 3.96031 49.9634 0
15657300 3.64819 -25.7686 212.106 -0.0124609 0.00283295 0.999918 3.88607 -26.0709 212.091 -0.0130558 0.00125837 0.999798 1.73282 -2.19733 16.2558 3.99938 49.992 0
15785531 4.73425 -25.6106 212.115 -0.0129831 0.0029327 0.999911 5.01471 -25.7162 212.159 -0.0145176 0.000765037 0.999859 1.74517 -2.19848 16.1542 4.0373 50.0332 0
15915204 5.79431 -25.3674 212.123 -0.0127518 0.00395323 0.999911 6.54087 -25.0983 212.188 0.00107047 0.00809664 0.999856 1.76499 -2.20078 16.005 4.06976 50.0697 0
16052320 6.96411 -25.0237 212.118 -0.00756422 0.00506588 0.999959 7.68844 -24.7832 212.145 0.00947958 0.0107149 0.999771 1.76959 -2.20107 15.9304 4.10797 50.0999 0
16187722 8.03236 -24.6757 212.111 -0.00366188 0.00614475 0.999974 8.67337 -24.3499 212.092 0.0113023 0.0124491 0.999827 1.76873 -2.20078 15.9209 4.14532 50.1063 0
16324638 9.04792 -24.3203 212.09 -0.000765361 0.00693084 0.999976 9.68004 -24.1305 212.062 0.010931 0.0132974 0.999744 1.76585 -2.20078 15.9177 4.18381 50.111 0
16459058 10.0565 -23.9264 212.094 0.00131201 0.00762522 0.99997 10.5775 -23.7816 212.131 0.0103207 0.0132942 0.999749 1.76355 -2.20107 15.9113 4.22374 50.1317 0
16595253 11.0684 -23.4892 212.096 0.00243029 0.00794947 0.999965 11.5767 -23.4479 212.089 0.010685 0.0137942 0.999819 1.76097 -2.20078 15.905 4.26568 50.1539 0
16725807 11.9936 -23.0494 212.086 0.00356485 0.00843336 0.999958 12.4726 -22.999 212.036 0.0100746 0.013791 0.999824 1.75953 -2.20049 15.886 4.30446 50.1761 0
16857509 12.9249 -22.5497 212.114 0.00189936 0.00814261 0.999965 13.3412 -22.5573 212.096 0.0125053 0.0157591 0.999729 1.76298 -2.19647 15.851 4.3421 50.211 0
16990550 13.8163 -22.0185 212.115 0.0025386 0.00824263 0.999963 14.324 -21.9948 212.144 0.0145745 0.0167413 0.999614 1.7647 -2.19302 15.7764 4.3803 50.2745 0
17126532 14.7693 -21.3953 212.109 0.00374121 0.00865334 0.999956 15.2981 -21.4551 212.079 0.0174929 0.018967 0.999612 1.76758 -2.18872 15.6764 4.4211 50.3492 0
17259963 15.6673 -20.7821 212.109 0.00512172 0.00986796 0.999938 16.0571 -20.7918 212.118 0.0195574 0.0209332 0.99952 1.78453 -2.17435 15.4065 4.44867 50.5016 0
17392339 16.4921 -20.0363 212.019 0.0166685 0.0151988 0.999746 16.5083 -19.6846 212.002 0.0183331 0.0215342 0.999469 1.75953 -2.19417 15.4383 4.50986 50.5698 0
17528697 17.2995 -19.3181 212.046 0.0156759 0.014771 0.999768 17.5193 -18.8988 212.026 0.0172304 0.0223909 0.999514 1.74977 -2.1959 15.5113 4.55812 50.5873 0
17667973 18.1298 -18.5249 212.055 0.0159744 0.0150375 0.999759 18.3026 -18.1131 212.052 0.0166167 0.0231288 0.999567 1.7377 -2.19934 15.578 4.61041 50.6127 0
17799631 18.8635 -17.7733 212.07 0.016005 0.0151759 0.999757 19.0904 -17.3306 212.079 0.0155116 0.0242162 0.999466 1.72535 -2.20222 15.6542 4.65838 50.6333 0
17932087 19.5981 -16.9676 212.08 0.0159743 0.0155575 0.999751 19.8721 -16.6559 212.116 0.015142 0.0249553 0.999517 1.71328 -2.20452 15.7288 4.70722 50.6492 0
18066057 20.271 -16.1619 212.087 0.0155034 0.0156938 0.999757 20.5425 -15.8684 212.143 0.0146508 0.0254386 0.999473 1.70352 -2.20509 15.7875 4.75261 50.6603 0
18201720 20.9713 -15.2725 212.088 0.0156883 0.0170489 0.999732 21.328 -15.0757 212.169 0.0137963 0.0254342 0.99948 1.69375 -2.2071 15.8415 4.80087 50.6635 0
18339608 21.6178 -14.3595 212.094 0.0143186 0.0164454 0.999762 21.8919 -14.1801 212.186 0.0126944 0.0261696 0.999537 1.68858 -2.2048 15.8685 4.84626 50.6746 0
18476742 22.2262 -13.4065 212.093 0.0138271 0.0167601 0.999764 22.3308 -13.2882 212.092 0.0129392 0.0260494 0.999547 1.68341 -2.20308 15.8701 4.89251 50.7016 0
18608364 22.7553 -12.4983 212.107 0.0121031 0.0151522 0.999812 23.122 -12.5023 212.119 0.0114701 0.0267706 0.999486 1.68082 -2.19934 15.8907 4.93474 50.7063 0
18739940 23.2376 -11.5621 212.109 0.0112317 0.0140176 0.999839 23.4547 -11.6054 212.138 0.0112231 0.0272551 0.999439 1.67881 -2.19504 15.8717 4.97697 50.7381 0
18872630 23.7135 -10.5695 212.109 0.0104793 0.0139411 0.999848 23.9045 -10.4779 212.133 0.0102487 0.0268857 0.999484 1.6768 -2.19331 15.8796 5.02063 50.7413 0
19008335 24.1437 -9.56529 212.105 0.00980398 0.0142495 0.99985 24.3586 -9.70067 212.162 0.00902033 0.0283492 0.999469 1.67622 -2.19188 15.8748 5.06315 50.746 0
19137713 24.5179 -8.58098 212.107 0.00915122 0.0147441 0.999849 24.8124 -8.68422 212.169 0.0076798 0.0279779 0.999517 1.6768 -2.19044 15.859 5.10365 50.7587 0
19270907 24.8434 -7.59096 212.117 0.00816307 0.0135768 0.999875 25.0374 -7.67459 212.177 0.00694596 0.0282171 0.999499 1.67824 -2.1867 15.8415 5.14358 50.7762 0
19401084 25.138 -6.57129 212.123 0.00728264 0.0142584 0.999872 25.3796 -6.66775 212.185 0.00559962 0.0288174 0.999449 1.68168 -2.18556 15.8161 5.18265 50.7825 0
19534534 25.3937 -5.50098 212.117 0.00652367 0.0139362 0.999882 25.6057 -5.65699 212.194 0.00474444 0.0289345 0.999444 1.68427 -2.1824 15.7828 5.22431 50.7921 0
19670857 25.594 -4.46606 212.123 0.00555176 0.0110099 0.999924 25.9502 -4.63884 212.201 0.00316124 0.0283191 0.999519 1.68973 -2.17493 15.7399 5.26337 50.8032 0
19800166 25.7683 -3.39755 212.12 0.00466971 0.0120026 0.999917 26.0718 -3.64206 212.099 0.00145016 0.0286747 0.999496 1.70036 -2.16918 15.6272 5.29986 50.8397 0
19929445 25.914 -2.31892 212.116 0.00396653 0.0168712 0.99985 26.1857 -2.73842 212.119 0.000719952 0.0283066 0.999539 1.71156 -2.16344 15.4415 5.3372 50.9397 0
20063258 26.0645 -1.26742 212.255 0.00183392 0.0161049 0.999869 26.1966 -1.58369 212.23 -0.000977071 0.0259657 0.999543 1.72334 -2.15597 15.4256 5.37512 51.0159 0
20196902 26.063 -0.207672 212.153 0.00213966 0.0219559 0.999757 26.0777 -0.587238 212.241 -0.000740697 0.0274366 0.999516 1.67737 -2.19188 15.8558 5.43315 50.7921 0
20330486 26.0778 0.935536 212.217 0.00090429 0.0192189 0.999815 26.1955 0.437767 212.25 -0.00195359 0.0259607 0.999551 1.71587 -2.15568 15.3938 5.46734 51.0619 0
20460845 26.0033 1.94162 212.14 0.000367294 0.0261198 0.999659 26.0848 1.58633 212.25 -0.00267046 0.0230176 0.999608 1.66761 -2.19934 15.8987 5.51933 50.7968 0
20591472 25.9079 3.04118 212.16 -0.000243375 0.0217561 0.999763 26.0849 2.70258 212.137 -0.00339922 0.0224066 0.999676 1.70869 -2.15597 15.3541 5.55524 51.0937 0
20724382 25.7322 4.12855 212.165 -0.000748438 0.020346 0.999793 25.9708 3.6368 212.271 -0.00350795 0.0198309 0.999691 1.68772 -2.1732 15.6177 5.60408 50.9683 0
20858276 25.5355 5.1564 212.142 -0.00165099 0.0225138 0.999745 25.5143 4.74619 212.163 -0.00314103 0.0197113 0.9997 1.67508 -2.18354 15.7224 5.64832 50.9206 0
20991377 25.2976 6.19846 212.053 -0.00285941 0.0297687 0.999553 25.4123 5.75753 212.174 -0.00472714 0.0195818 0.999726 1.65296 -2.19762 15.797 5.69715 50.9 0
21124420 24.9719 7.35535 212.077 -0.00151751 0.0219774 0.999757 25.1879 6.87366 212.175 -0.0052183 0.0200651 0.999681 1.68484 -2.15683 15.37 5.74369 51.1429 0
21258244 24.6293 8.38995 212.125 -0.00196985 0.0206929 0.999784 24.8487 7.91202 212.299 -0.00520764 0.0181096 0.999755 1.67019 -2.16861 15.5605 5.79023 51.0857 0
21392729 24.2636 9.34756 212.107 -0.00262988 0.0216338 0.999763 24.3979 9.02031 212.191 -0.00545177 0.0181083 0.999757 1.65813 -2.17579 15.6462 5.83447 51.0524 0
21525510 23.8594 10.3402 212.136 -0.00240626 0.0193795 0.999809 23.9486 10.031 212.204 -0.00569445 0.0178642 0.999784 1.6699 -2.1597 15.47 5.87756 51.1747 0
21664262 23.4063 11.2749 212.101 -0.00295019 0.019691 0.999802 23.4039 10.946 212.342 -0.00752202 0.0171138 0.999751 1.64922 -2.17579 15.7082 5.92237 51.0238 0
21795799 22.8906 12.266 212.125 -0.00184343 0.0163909 0.999864 22.9508 11.841 212.368 -0.00727934 0.017358 0.999725 1.66674 -2.15223 15.47 5.96776 51.1619 0
21927118 22.3343 13.1805 212.127 -0.00245549 0.0161737 0.999866 22.3896 12.7347 212.283 -0.00751935 0.0164943 0.999691 1.66272 -2.15252 15.4843 6.01286 51.1492 0
22060146 21.7288 14.1447 212.141 -0.00207382 0.0139894 0.9999 21.7186 13.8667 212.288 -0.00799985 0.0150221 0.99972 1.66703 -2.1439 15.4557 6.05998 51.1492 0
22193634 21.1023 15.0316 212.143 -0.00260797 0.0129519 0.999913 21.0424 14.7573 212.203 -0.00787415 0.0144155 0.99978 1.67335 -2.13385 15.3938 6.10508 51.1492 0
22328096 20.4177 15.9237 212.149 -0.00336133 0.0116857 0.999926 20.488 15.6589 212.118 -0.00884146 0.0126979 0.999838 1.68369 -2.11575 15.3081 6.15564 51.1413 0
22465785 19.6744 16.7462 212.145 -0.00432056 0.0103846 0.999937 19.5354 16.5076 212.158 -0.00282371 0.0057445 0.999878 1.69863 -2.08271 15.2033 6.21309 51.1096 0
22601689 18.7015 17.0835 211.827 0.00689594 -0.000710948 0.999976 17.9869 17.6313 211.626 0.0186348 -0.013167 0.999651 1.77591 -1.90144 15.2938 0.0287271 50.6841 0
22738481 17.6013 18.2699 211.823 0.0183772 -0.0117116 0.999763 17.4334 17.6347 211.779 0.0543841 -0.0363305 0.997776 1.71357 -2.04307 15.3414 0.0272907 50.6889 0
22874753 17.1597 18.9422 211.919 0.0177958 -0.0109298 0.999782 17.3442 17.7215 211.657 0.0518146 -0.0349832 0.997906 1.69576 -2.09995 15.6288 0.0407924 50.5968 0
23012122 16.5356 19.6635 211.95 0.0149025 -0.00750208 0.999861 17.0513 18.2541 211.711 0.0470396 -0.0315335 0.998332 1.67824 -2.13586 15.8939 0.0703813 50.4936 0
23147724 15.7044 20.4739 212.004 0.0117823 -0.0052202 0.999917 16.1771 18.9701 211.856 0.0327195 -0.0230796 0.999066 1.67077 -2.15654 16.0892 0.108014 50.4206 0
23282312 14.843 21.1642 212.044 0.0102966 -0.00469641 0.999936 15.3546 19.7078 211.783 0.0246455 -0.0192947 0.999362 1.67019 -2.16602 16.1939 0.145934 50.3761 0
23416203 13.9151 21.8154 212.058 0.00868697 -0.00405228 0.999954 14.392 20.244 211.844 0.0198729 -0.0165982 0.999619 1.6699 -2.1732 16.2654 0.186439 50.3349 0
23555490 12.9414 22.4092 212.07 0.00797564 -0.00384239 0.999961 13.3034 20.8999 211.896 0.0165689 -0.0148903 0.999718 1.66847 -2.17924 16.3479 0.228667 50.2872 0
23693296 11.979 22.9213 212.088 0.00882639 -0.00488501 0.999949 12.3447 21.5589 211.948 0.0113123 -0.0134475 0.999737 1.66904 -2.18383 16.4495 0.268598 50.2174 0
23827334 10.9847 23.4127 212.089 0.00758903 -0.00468535 0.99996 11.3687 22.0886 211.9 0.00788339 -0.0112544 0.999789 1.66588 -2.19159 16.5733 0.309678 50.1332 0
23960677 9.97567 23.8457 212.091 0.0072546 -0.00531067 0.99996 10.2967 22.6359 211.965 0.002871 -0.0098104 0.999806 1.65928 -2.20222 16.8083 0.350758 49.9761 0
24094856 9.13347 23.8675 212.264 0.0235651 -0.0144479 0.999618 9.17773 23.387 212.008 -0.00923179 -0.00644723 0.999808 1.62078 -2.22405 18.0434 0.394423 49.3363 0
24228121 8.04537 24.3351 212.245 0.0239197 -0.0185743 0.999541 8.59239 24.1615 212.392 -0.0183522 -0.0136364 0.999623 1.70122 -2.1982 17.2306 0.408212 49.5205 0
24361691 7.06921 24.6555 212.175 0.0170359 -0.0187421 0.999679 7.61175 23.6695 212.112 -0.0209204 -0.0126657 0.999668 1.76815 -2.1485 16.3368 0.427172 49.8237 0
24493476 6.09376 24.7215 212.059 -0.00385661 -0.0129528 0.999909 6.28005 23.1033 211.844 -0.00967253 -0.0157781 0.99977 1.76959 -2.17809 16.2844 0.449579 49.7856 0
24629194 4.90854 25.0593 212.022 -0.0104509 -0.0103816 0.999891 5.40261 23.201 211.73 -0.011503 -0.0160427 0.999689 1.75206 -2.21313 16.5194 0.490084 49.6633 0
24761481 3.77765 25.2232 212.006 -0.0138226 -0.00971912 0.999857 3.94282 23.8418 211.677 -0.0229887 -0.0141583 0.99959 1.71673 -2.22922 16.8162 0.554433 49.6316 0
24894854 2.58322 25.4012 212.031 -0.0189465 -0.00962084 0.999774 2.21323 24.5291 211.965 -0.0411849 -0.0138392 0.998966 1.67048 -2.24157 17.329 0.621654 49.5078 0
25031744 1.18231 25.5966 212.086 -0.034874 -0.0095058 0.999347 1.22327 25.443 212.107 -0.0431348 -0.0147239 0.998825 1.55471 -2.26053 19.1181 0.701228 48.6585 0
25169700 0.888649 26.6147 212.653 -0.0230585 -0.0275376 0.999355 1.55136 27.4887 213.267 -0.0183406 -0.040821 0.998928 1.52397 -2.26082 21.285 0.746617 47.3456 0
25303204 -0.114347 26.7174 212.657 -0.0185717 -0.0342171 0.999242 0.723934 27.6023 213.262 -0.0134537 -0.0415247 0.99896 1.54552 -2.26197 20.8247 0.792293 47.3456 0
25436653 -1.27968 26.5242 212.535 -0.0129421 -0.0354952 0.999286 -0.631847 27.4224 212.84 -0.0119979 -0.0396709 0.999007 1.56735 -2.26197 20.4453 0.83682 47.3774 0
25576937 -2.58398 26.3043 212.377 -0.0128685 -0.03478 0.999312 -2.26011 27.159 212.765 -0.0168924 -0.0373638 0.999058 1.5866 -2.26226 19.9817 0.881634 47.5361 0
25706307 -3.80408 26.0666 212.289 -0.0151447 -0.0337893 0.999314 -3.66786 26.6534 212.488 -0.021542 -0.035177 0.99912 1.60412 -2.26254 19.5309 0.920415 47.7631 0
25838962 -4.93331 25.7515 212.228 -0.0151891 -0.0320555 0.999371 -4.96564 26.1731 212.433 -0.0258249 -0.0332434 0.999082 1.62078 -2.26053 19.1324 0.956324 47.9981 0
25972271 -6.14573 25.5087 212.169 -0.0228606 -0.0312896 0.999249 -6.16699 25.7966 212.255 -0.0286408 -0.0316667 0.999068 1.62768 -2.2614 18.7085 0.993382 48.306 0
26108201 -7.23396 25.1248 212.138 -0.0238534 -0.0297778 0.999272 -7.27003 25.3414 212.2 -0.0298598 -0.0323047 0.998897 1.63945 -2.25881 18.3386 1.029 48.5854 0
26237843 -8.20918 24.7276 212.137 -0.0227854 -0.0282866 0.99934 -8.14713 24.7793 212.263 -0.0312039 -0.0320687 0.998883 1.64865 -2.2545 18.0434 1.06434 48.8299 0
26373776 -9.26606 24.3162 212.12 -0.0242597 -0.0276927 0.999322 -9.02919 24.3171 212.205 -0.0321819 -0.0318308 0.998867 1.65324 -2.25134 17.7735 1.10398 49.0522 0
26505844 -10.2713 23.8728 212.114 -0.025158 -0.027006 0.999319 -10.1462 23.7311 212.158 -0.0318225 -0.030347 0.99896 1.65669 -2.24761 17.5211 1.14334 49.2712 0
26640719 -11.2744 23.3859 212.111 -0.0252376 -0.0259616 0.999344 -11.0331 23.272 212.21 -0.0321943 -0.0292435 0.998975 1.6587 -2.24272 17.2814 1.1847 49.4887 0
26771922 -12.2337 22.8867 212.108 -0.0256015 -0.0252099 0.999354 -12.0487 22.682 212.163 -0.0307392 -0.0272683 0.999009 1.65899 -2.23813 17.0718 1.22607 49.6856 0
26907400 -13.1973 22.3281 212.119 -0.0253921 -0.0246809 0.999373 -12.9518 22.106 212.225 -0.0292817 -0.0255237 0.99919 1.65985 -2.23382 16.894 1.26887 49.8554 0
27041562 -14.1248 21.7464 212.111 -0.0256915 -0.0242048 0.999377 -13.8536 21.5211 212.177 -0.0280679 -0.0240355 0.999276 1.6587 -2.22951 16.721 1.31197 50.0094 0
27177121 -15.0185 21.1201 212.098 -0.0245904 -0.0228037 0.999437 -14.752 20.7254 212.263 -0.026977 -0.0225602 0.999241 1.65267 -2.22434 16.6178 1.35879 50.119 0
27311697 -15.9528 20.4206 212.113 -0.0248099 -0.0230862 0.999426 -15.8787 20.035 212.227 -0.0255147 -0.0217995 0.999398 1.63974 -2.22376 16.6575 1.41021 50.1523 0
27443854 -16.8524 19.6691 212.164 -0.0268651 -0.0230524 0.999373 -17.2084 19.3596 212.306 -0.0261265 -0.0215597 0.999379 1.5843 -2.22922 17.2052 1.47542 49.965 0
27580092 -17.9571 19.0382 212.168 -0.0258652 -0.0214989 0.999434 -18.5215 19.3987 212.191 -0.0171201 -0.0157071 0.999699 1.54925 -2.23267 17.583 1.52052 49.7554 0
27712738 -18.6333 18.4741 212.144 -0.018827 -0.0155892 0.999701 -18.8763 18.9343 212.238 -0.0146886 -0.0137268 0.999726 1.56677 -2.2252 17.2861 1.555 49.9205 0
27846654 -19.2238 17.6964 212.142 -0.012693 -0.0103975 0.999865 -19.4488 17.9375 212.343 -0.0124878 -0.0143228 0.999769 1.5843 -2.21572 17.0559 1.59493 50.0444 0
27977869 -19.8954 16.8432 212.156 -0.0102705 -0.00949218 0.999902 -20.0082 16.8206 212.46 -0.0116355 -0.0139541 0.999725 1.59636 -2.21112 16.9258 1.63629 50.1031 0
28109100 -20.5328 15.9272 212.14 -0.00843184 -0.00816061 0.999931 -20.4688 15.7984 212.453 -0.00956525 -0.0129596 0.999731 1.60498 -2.20653 16.8131 1.6791 50.1317 0
28239649 -21.0961 15.074 212.139 -0.00583584 -0.00412572 0.999974 -21.1635 14.8665 212.436 -0.00640589 -0.009858 0.999884 1.60383 -2.20136 16.7908 1.7219 50.138 0
28376446 -21.7317 14.1459 212.144 -0.00613 -0.00460054 0.999971 -21.8341 13.9499 212.309 -0.00591909 -0.00961259 0.999855 1.60067 -2.20107 16.7797 1.76499 50.138 0
28507960 -22.283 13.221 212.15 -0.00501431 -0.00235089 0.999985 -22.6208 12.9497 212.416 -0.00469626 -0.00997069 0.999882 1.59636 -2.19848 16.7892 1.80779 50.1253 0
28640815 -22.8286 12.2872 212.148 -0.00478786 -0.00299349 0.999984 -23.0595 12.0501 212.398 -0.005061 -0.0102155 0.999909 1.59349 -2.19877 16.8242 1.8483 50.0697 0
28777185 -23.3709 11.2593 212.14 -0.00466418 -0.00351277 0.999983 -23.7295 11.0282 212.283 -0.00457153 -0.0105896 0.99982 1.59033 -2.19877 16.8464 1.89225 50.0237 0
28909159 -23.8133 10.3035 212.139 -0.00388292 -0.00239954 0.99999 -24.1761 10.1308 212.265 -0.00408037 -0.0110729 0.999865 1.58918 -2.19676 16.8496 1.93247 49.9967 0
29041427 -24.2648 9.27125 212.125 -0.00400318 -0.00416858 0.999983 -24.5086 9.00613 212.269 -0.0037149 -0.0109495 0.99985 1.58976 -2.19705 16.8385 1.97384 49.9761 0
29175576 -24.6184 8.26616 212.117 -0.00351436 -0.00349732 0.999988 -24.8433 7.88375 212.273 -0.00310385 -0.0110679 0.999857 1.59033 -2.19504 16.8162 2.01406 49.9729 0
29309921 -24.9501 7.20632 212.117 -0.0032763 -0.00396292 0.999987 -25.1777 6.87706 212.266 -0.00261292 -0.0116849 0.999793 1.59119 -2.19417 16.7956 2.05542 49.9729 0
29442814 -25.225 6.15333 212.117 -0.00293253 -0.00412916 0.999987 -25.4008 5.75288 212.267 -0.00200237 -0.011548 0.999897 1.59263 -2.19302 16.7718 2.09621 49.9745 0
29576857 -25.4586 5.07503 212.126 -0.00261377 -0.00425868 0.999988 -25.6251 4.62994 212.27 -0.00126998 -0.0115443 0.999891 1.59292 -2.19216 16.7638 2.13758 49.9713 0
29710234 -25.6578 4.00247 212.123 -0.00238488 -0.00500334 0.999985 -25.8471 3.50362 212.273 -0.000783902 -0.0111774 0.99985 1.5932 -2.19188 16.7495 2.1778 49.9697 0
29846422 -25.8303 2.86893 212.117 -0.00223193 -0.0068792 0.999974 -25.9597 2.37323 212.275 -5.56388e-005 -0.0103112 0.999879 1.59349 -2.19274 16.7321 2.22003 49.9681 0
29980145 -25.9009 1.8437 212.119 -0.00166723 -0.00499108 0.999986 -26.0707 1.34363 212.265 0.00042292 -0.008341 0.999922 1.59579 -2.19015 16.713 2.2591 49.9681 0
30113660 -25.9503 0.767535 212.116 -0.00144912 -0.00445019 0.999989 -26.059 0.336235 212.366 -0.000192487 -0.00749396 0.999842 1.59636 -2.18872 16.6908 2.2996 49.9666 0
30242288 -25.9577 -0.295383 212.12 -0.00121522 -0.00387052 0.999992 -26.1804 -0.81341 212.257 0.0013861 -0.00576099 0.9999 1.59723 -2.18757 16.6765 2.33953 49.9666 0
30377484 -25.9323 -1.42631 212.117 -0.00108422 -0.00342996 0.999994 -26.0596 -1.94023 212.257 0.00101628 -0.0051556 0.999842 1.59636 -2.18642 16.6638 2.38147 49.9618 0
30507418 -25.8642 -2.45667 212.106 -0.000402074 -0.00492596 0.999988 -25.9422 -3.06831 212.256 0.00101288 -0.00441464 0.99989 1.6001 -2.18843 16.6607 2.42054 49.9586 0
30641725 -25.7277 -3.49802 212.095 -0.000137768 -0.00408224 0.999992 -25.8266 -4.07619 212.245 0.0011364 -0.00465692 0.999914 1.60412 -2.18728 16.6337 2.46076 49.9634 0
30776655 -25.5549 -4.60347 212.102 0.000119895 -0.00375463 0.999993 -25.6005 -5.09717 212.233 0.00137423 -0.00342889 0.999911 1.60527 -2.18699 16.6305 2.50299 49.9634 0
30911090 -25.3352 -5.6922 212.105 0.000160956 -0.00332215 0.999994 -25.3737 -6.22006 212.232 0.0016169 -0.00318473 0.999884 1.60584 -2.18613 16.6146 2.54493 49.9697 0
31039821 -25.0862 -6.77582 212.111 0.000382129 -0.00397908 0.999992 -25.0295 -7.2201 212.33 0.00124926 -0.00294371 0.999863 1.60469 -2.18642 16.6051 2.5863 49.9745 0
31177275 -24.7751 -7.78897 212.109 0.00033231 -0.00305911 0.999995 -24.8013 -8.36219 212.218 0.00124368 -0.00183839 0.999874 1.60785 -2.18498 16.5749 2.6268 49.992 0
31312187 -24.4141 -8.81089 212.108 -0.000524474 -0.000740373 1 -24.4556 -9.38945 212.204 0.00062366 0.000126219 0.999926 1.609 -2.18125 16.5368 2.6676 49.9983 0
31445789 -24.0195 -9.8373 212.111 -0.000592609 -0.000115013 1 -24.1117 -10.2965 212.179 0.000130553 0.00110758 0.999954 1.61073 -2.18067 16.5337 2.70954 49.9983 0
31580933 -23.584 -10.8524 212.113 -0.000704408 0.000454075 1 -23.6606 -11.4205 212.177 0.000249712 0.00159402 0.999904 1.61216 -2.1801 16.5289 2.75148 49.9983 0
31718667 -23.09 -11.8987 212.106 -0.000163866 -0.00045792 1 -23.0909 -12.4251 212.272 -0.000364733 0.00245331 0.999945 1.6136 -2.18125 16.521 2.79572 50.0015 0
31854486 -22.5732 -12.8478 212.105 -0.000218526 0.000125395 1 -22.7545 -13.212 212.237 -0.000120604 0.00245456 0.999943 1.61647 -2.18096 16.5162 2.83737 50.0047 0
31988555 -22.0106 -13.7857 212.105 -0.000330937 0.000649397 1 -22.1856 -14.2244 212.222 -0.000733832 0.00293724 0.999899 1.61906 -2.18067 16.5114 2.8796 50.0078 0
32118176 -21.4357 -14.6826 212.107 -0.000168851 0.000338084 1 -21.6211 -15.1077 212.307 -0.000854443 0.00269371 0.999925 1.62049 -2.18067 16.4908 2.92039 50.0253 0
32249942 -20.8205 -15.5303 212.105 -0.000517654 0.000889756 0.999999 -20.9376 -16.0207 212.169 -0.00195665 0.00329534 0.999873 1.62423 -2.17952 16.4606 2.9609 50.0475 0
32380335 -20.1631 -16.3848 212.104 -5.85392e-005 0.000175533 1 -20.2494 -17.0304 212.264 -0.00330712 0.00475813 0.999859 1.6271 -2.17981 16.4241 3.00227 50.084 0
32515806 -19.4512 -17.223 212.101 0.000125176 -3.99456e-005 1 -19.4564 -17.8104 212.224 -0.00415866 0.00426793 0.999915 1.63112 -2.17952 16.3844 3.0445 50.119 0
32647296 -18.7347 -17.9936 212.107 -0.000429292 0.000671894 1 -18.6629 -18.7016 212.308 -0.00489541 0.00499289 0.999848 1.63514 -2.17837 16.359 3.08471 50.1428 0
32779682 -17.9485 -18.79 212.102 -9.5296e-005 0.000327724 1 -17.8704 -19.5961 212.28 -0.00562707 0.00486768 0.999866 1.6383 -2.17866 16.332 3.12723 50.1634 0
32917901 -17.1064 -19.5826 212.096 0.00144803 -0.00118527 0.999998 -16.966 -20.3666 212.35 -0.006358 0.00462102 0.999897 1.64175 -2.18038 16.286 3.17061 50.2063 0
33054600 -16.2547 -20.28 212.108 0.0003959 -0.000165922 1 -16.0659 -21.1448 212.31 -0.00672152 0.00399963 0.999839 1.65008 -2.17751 16.2146 3.21226 50.2714 0
33188192 -15.3973 -20.9498 212.111 0.00237237 -0.00179731 0.999996 -15.1643 -21.811 212.258 -0.00732749 0.00326778 0.999918 1.65698 -2.17895 16.132 3.25219 50.3523 0
33318882 -14.4861 -21.5777 212.113 0.0020647 -0.00121104 0.999997 -14.0417 -22.3413 212.416 -0.00756749 0.00240411 0.999884 1.66789 -2.17722 16.0558 3.29241 50.4142 0
33448932 -13.5961 -22.1486 212.121 0.00170289 -0.000995921 0.999998 -13.1522 -22.8943 212.465 -0.00683656 0.00265078 0.999854 1.67766 -2.17464 15.959 3.33004 50.4904 0
33586172 -12.609 -22.7408 212.13 0.00182236 -0.00128114 0.999998 -11.9297 -23.4634 212.288 -0.00610272 0.00241163 0.999872 1.68542 -2.17205 15.8494 3.37083 50.5714 0
33719379 -11.6071 -23.2667 212.129 0.00124673 -0.00117276 0.999999 -10.8195 -23.7818 212.312 -0.00524342 0.00143214 0.999841 1.69691 -2.16688 15.7113 3.4099 50.6698 0
33851712 -10.6247 -23.7186 212.142 0.000424174 -0.000845483 1 -9.70777 -24.2149 212.458 -0.00439164 0.00205604 0.999894 1.7084 -2.16114 15.5875 3.44553 50.7524 0
33986743 -9.56473 -24.1608 212.149 0.000418352 -0.000851354 1 -8.59236 -24.4322 212.36 -0.004264 0.000951341 0.999882 1.71817 -2.15654 15.4716 3.48115 50.8143 0
34123916 -8.4636 -24.5375 212.161 0.00074662 -0.00094833 0.999999 -7.59903 -24.6402 212.373 -0.00291548 -1.33974e-005 0.999968 1.72477 -2.15424 15.3954 3.51619 50.8413 0
34259567 -7.41127 -24.8809 212.15 0.00120699 -0.00163765 0.999998 -6.70952 -24.9811 212.288 -0.00242795 0.000110561 0.999952 1.72219 -2.15453 15.3526 3.55383 50.8429 0
34392742 -6.42316 -25.1572 212.149 0.001613 -0.00183218 0.999997 -5.82029 -25.3062 212.315 -0.00181641 -0.000262908 0.999862 1.72219 -2.15482 15.3256 3.58887 50.8429 0
34522495 -5.41335 -25.4002 212.134 0.00138727 -0.0019121 0.999997 -4.92924 -25.5271 212.218 -0.0015672 -0.00111183 0.999946 1.72334 -2.15338 15.2875 3.62449 50.8429 0
34652754 -4.41239 -25.5926 212.124 0.00072726 -0.00183085 0.999998 -4.04384 -25.7489 212.123 -0.000709349 -0.00184841 0.99989 1.72535 -2.15108 15.2573 3.6604 50.8429 0
34787906 -3.34025 -25.7524 212.12 0.000703124 -0.00175281 0.999998 -2.92614 -25.8431 212.235 -0.000709349 -0.00184841 0.99989 1.7288 -2.14965 15.2271 3.69746 50.8429 0
34918698 -2.29332 -25.8773 212.112 0.00059447 -0.00181518 0.999998 -2.04029 -25.9516 212.128 2.7886e-005 -0.00282852 0.999861 1.73109 -2.14792 15.1986 3.73452 50.8429 0
35051579 -1.23108 -25.9364 212.109 -0.00086724 -0.00172922 0.999998 -1.03737 -26.0553 212.131 0.000273468 -0.00307017 0.999883 1.73454 -2.14361 15.1763 3.77273 50.8429 0
35193454 -0.113764 -25.9709 212.11 -0.00129578 -0.00172698 0.999998 0.0760603 -26.1641 212.132 0.000638443 -0.00269169 0.999965 1.73713 -2.1416 15.1684 3.81323 50.8429 0
35328571 0.967133 -25.9519 212.105 -0.00175999 -0.00171426 0.999997 1.09017 -26.0513 212.112 -0.000462315 -0.00233297 0.999937 1.7423 -2.13816 15.1462 3.85058 50.8429 0
35462961 2.06081 -25.8822 212.101 -0.00194169 -0.00183196 0.999996 2.22433 -25.829 212.081 -0.00254104 -0.00173635 0.999894 1.74316 -2.13701 15.1382 3.89166 50.8429 0
35592417 3.14173 -25.7784 212.108 -0.00177743 -0.0017586 0.999997 3.22548 -25.8261 212.073 -0.0021763 -0.00149156 0.999866 1.7446 -2.13672 15.1303 3.93159 50.8429 0
35721947 4.15235 -25.6352 212.109 -0.00241384 -0.0017256 0.999996 4.11702 -25.8103 212.176 -0.00193217 -0.00149031 0.999864 1.74862 -2.13356 15.1112 3.96778 50.8429 0
35854490 5.21905 -25.4369 212.111 -0.00202738 -0.0014846 0.999997 5.11502 -25.4709 212.134 -0.00144319 -0.00160926 0.999872 1.7558 -2.13011 15.0732 4.00369 50.8429 0
35986353 6.20704 -25.1953 212.128 -0.00301544 -0.001378 0.999995 6.03594 -25.2454 212.215 -0.00450183 -0.000276687 0.999885 1.76355 -2.12322 15.035 4.03788 50.8508 0
36120373 7.42161 -24.8923 212.12 0.00277433 -1.96659e-005 0.999996 7.15604 -24.9177 212.061 -0.00523421 -0.000280445 0.999891 1.7512 -2.14448 15.1192 4.09275 50.8429 0
36253736 8.47783 -24.5557 212.108 0.00649272 0.00125588 0.999978 8.26993 -24.5653 212.129 -0.0051107 -0.000522725 0.999914 1.73454 -2.162 15.2732 4.1479 50.7921 0
36384952 9.58472 -24.1848 212.103 0.0119836 0.0031396 0.999923 9.27312 -24.3334 212.099 -0.00510875 -0.00102078 0.999842 1.75781 -2.15855 14.9541 4.1683 50.9683 0
36518643 10.4898 -23.8046 212.14 0.0105686 0.00311732 0.999939 10.2068 -23.6749 212.023 0.00208698 0.000376642 0.999889 1.74862 -2.16458 15.0255 4.21599 51 0
36653159 11.3772 -23.3238 212.141 0.0101388 0.00405569 0.99994 11.0941 -23.3363 212.093 0.00256966 0.00148447 0.999897 1.74862 -2.16947 15.0747 4.25735 50.981 0
36794763 12.3865 -22.7974 212.173 0.00937597 0.00440161 0.999946 11.9776 -22.8897 212.041 0.00330059 0.00173113 0.999866 1.72908 -2.17895 15.2986 4.32026 50.9111 0
36924102 13.4074 -22.2695 212.113 0.0110623 0.0050153 0.999926 13.2149 -22.4212 212.096 0.00208431 0.00099615 0.99995 1.71501 -2.18469 15.3668 4.37427 50.8508 0
37054442 14.2654 -21.7589 212.131 0.009176 0.00440872 0.999948 14.0811 -21.9681 212.156 0.00476537 0.00173865 0.999854 1.73598 -2.17579 15.1033 4.39697 51.0064 0
37188613 15.232 -21.1083 212.14 0.0113421 0.006721 0.999913 15.2884 -21.1983 212.066 0.00646747 0.00322934 0.999935 1.76097 -2.17521 14.7938 4.42052 51.2064 0
37320701 16.1051 -20.4395 212.146 0.0123391 0.0077531 0.999894 15.9006 -20.5426 212.105 0.0123125 0.00595586 0.99986 1.70409 -2.19475 15.47 4.50986 50.8619 0
37456458 16.8585 -19.7781 212.125 0.0111031 0.00822096 0.999905 16.8983 -19.9984 212.152 0.0127853 0.00889773 0.999805 1.73828 -2.18872 15.1112 4.52509 51.0635 0
37593583 17.8008 -18.9709 212.141 0.0124701 0.00962575 0.999876 17.782 -19.0875 212.278 0.0133927 0.00938667 0.999751 1.72161 -2.19504 15.2764 4.5857 50.9984 0
37732237 18.4784 -18.1866 212.164 0.00973458 0.0104246 0.999898 18.4497 -18.3452 212.083 0.013011 0.0123242 0.999703 1.76384 -2.18584 14.97 4.59375 51.1366 0
37860009 19.1589 -17.442 212.189 0.00845277 0.0103271 0.999911 19.1134 -17.5543 212.111 0.0132544 0.0124469 0.999689 1.73684 -2.19216 15.351 4.65781 50.9318 0
37994450 19.9855 -16.6069 212.083 0.0118578 0.0127657 0.999848 19.906 -16.7808 212.025 0.0115413 0.0133005 0.999739 1.74373 -2.19446 15.1065 4.69688 51.0461 0
38126246 20.717 -15.7555 212.101 0.0129404 0.0143785 0.999813 20.6658 -15.8784 212.04 0.0133716 0.0134314 0.999711 1.72506 -2.20049 15.2668 4.75433 50.9984 0
38261239 21.4031 -14.7766 212.159 0.0104806 0.0136262 0.999852 21.438 -14.9875 212.167 0.0139686 0.0160095 0.999692 1.72937 -2.19705 15.2938 4.798 51.0127 0
38400968 21.978 -13.7883 212.182 0.00879055 0.0145641 0.999855 22.0985 -14.0119 212.061 0.0143193 0.0189507 0.999638 1.75925 -2.19073 15.0668 4.82069 51.1508 0
38530825 22.5668 -12.8976 212.183 0.00971973 0.0165483 0.999816 22.5553 -13.1213 212.078 0.0127261 0.0201694 0.999651 1.71644 -2.20337 15.524 4.89423 50.8984 0
38664874 23.1524 -12.0022 212.14 0.0107112 0.0182721 0.999776 23.122 -12.3402 212.218 0.0114926 0.022483 0.99955 1.77102 -2.18929 14.8001 4.89165 51.3302 0
38797507 23.5528 -10.988 212.202 0.00823172 0.018335 0.999798 23.4167 -10.9427 212.072 0.0148828 0.0276383 0.999372 1.70208 -2.20681 15.7399 4.98645 50.7667 0
38929607 23.9194 -10.0379 212.199 0.00578655 0.0175476 0.999829 23.913 -10.2287 212.221 0.00928142 0.0251681 0.999542 1.77275 -2.18584 15.0128 4.97381 51.1619 0
39064214 24.339 -9.11472 212.159 0.00657671 0.0180548 0.999815 24.4738 -9.3521 212.128 0.00841849 0.0267549 0.999512 1.7377 -2.1959 15.3081 5.04218 50.9969 0
39199300 24.6972 -8.04522 212.168 0.00572365 0.0194742 0.999794 24.5795 -8.01679 212.103 0.00829157 0.0277381 0.999537 1.74345 -2.1959 15.2763 5.08268 51.0223 0
39335651 25.108 -6.90173 212.128 0.00744488 0.0240264 0.999684 25.0289 -7.0094 212.11 0.00743349 0.028341 0.999483 1.73626 -2.2025 15.2176 5.13525 51.0953 0
39470074 25.4659 -5.75496 212.114 0.00834445 0.0282863 0.999565 25.5918 -5.98572 212.227 0.00645625 0.0284575 0.999479 1.7377 -2.20653 15.0763 5.18179 51.2366 0
39605225 25.5765 -4.79571 212.14 0.00507746 0.0287562 0.999574 25.8148 -4.77184 211.991 0.00560325 0.0282102 0.99951 1.71587 -2.21428 15.543 5.23608 50.9143 0
39737621 25.942 -3.53132 212.16 0.00747134 0.0327728 0.999435 25.575 -3.81621 212.227 0.00702417 0.0364163 0.999285 1.66847 -2.21859 15.7621 5.30273 50.8302 0
39872188 25.9198 -2.61909 212.158 0.00236428 0.0303302 0.999537 26.4163 -3.03867 212.262 0.000242846 0.0260934 0.999521 1.75005 -2.2094 15.1589 5.30273 51.1905 0
40010982 26.0243 -1.59315 212.16 0.000847879 0.02922 0.999573 26.3963 -1.76276 212.018 0.00143732 0.0309945 0.999385 1.69777 -2.21773 15.8161 5.37225 50.7317 0
40142629 26.2599 -0.287097 212.124 0.00387395 0.0349018 0.999383 26.1605 -0.674251 212.131 0.00226705 0.0356509 0.999278 1.64376 -2.21917 15.9653 5.43631 50.6428 0
40279618 26.1103 0.771875 212.137 -0.00246495 0.0303156 0.999537 26.8753 -0.039615 212.077 -0.00287509 0.0155465 0.999749 1.77476 -2.20394 14.9017 5.41591 51.2905 0
40417303 26.1843 1.8639 212.09 0.00136405 0.0331121 0.999451 25.6281 2.05299 211.858 -0.00227719 0.0406318 0.999057 1.64836 -2.21457 15.8574 5.51703 50.6968 0
40551253 26.7779 2.02 211.858 0.00222846 0.0162544 0.999865 28.4013 0.392751 211.706 0.0126371 -0.00974805 0.999845 1.52972 -2.19877 16.8194 5.56242 49.8205 0
40691014 26.5246 3.13711 211.935 0.00426968 0.00631335 0.999971 28.2787 1.63537 211.696 0.01313 -0.0108631 0.999708 1.59033 -2.18814 16.3066 5.59804 50.1444 0
40821815 26.0487 4.45425 212.007 0.00399955 0.00275205 0.999988 28.0414 2.78193 211.808 0.014115 -0.0124492 0.999737 1.65439 -2.17636 15.778 5.62246 50.5031 0
40949120 26.3695 5.74962 211.877 0.00674182 0.0120851 0.999904 26.7498 4.04839 211.795 0.00821759 -0.0048635 0.999878 1.65468 -2.18354 15.3287 5.68595 50.8857 0
41080036 25.1295 7.57438 212.278 -0.00201991 0.0131075 0.999912 25.3547 6.16824 211.916 0.00106708 0.0088376 0.999904 1.66588 -2.1959 15.9193 5.74111 50.7238 0
41211951 24.9433 8.48795 212.183 -0.00241116 0.0164138 0.999862 24.9598 7.15628 212.042 -0.00493249 0.0122321 0.999854 1.66358 -2.19906 15.8145 5.78362 50.7809 0
41342110 24.2911 9.41904 212.221 -0.00559661 0.0138253 0.999889 24.4491 8.46787 212.136 -0.0106937 0.0165995 0.999705 1.73397 -2.18757 15.316 5.77615 51.0286 0
41472094 23.8542 10.3578 212.201 -0.00785025 0.0159693 0.999842 23.7854 9.76555 211.897 -0.0122927 0.0187897 0.99962 1.70294 -2.19934 15.7208 5.84021 50.7778 0
41605600 23.3757 11.1913 212.216 -0.00885482 0.0136596 0.999867 23.685 9.91102 212.109 -0.0133842 0.0174359 0.999642 1.73684 -2.19073 15.443 5.8517 50.9143 0
41732414 22.9323 12.011 212.208 -0.00898441 0.0124981 0.999882 23.1275 10.9155 212.124 -0.0139967 0.0177971 0.999611 1.69806 -2.19733 15.8971 5.9149 50.6158 0
41860407 22.4551 12.9267 212.143 -0.00875713 0.0115519 0.999895 22.4577 12.2618 211.995 -0.0148413 0.0159587 0.99968 1.68456 -2.19733 16.0082 5.96345 50.4841 0
41998779 21.9056 13.7989 212.123 -0.00837075 0.00988464 0.999916 22.1299 12.9536 212.041 -0.0159306 0.0142404 0.999739 1.68685 -2.19389 15.9669 6.00281 50.4888 0
42130821 21.3344 14.6859 212.114 -0.00697549 0.00770965 0.999946 21.4537 13.8478 211.957 -0.0158037 0.0132572 0.999715 1.68772 -2.18872 15.9034 6.04418 50.519 0
42263429 20.7277 15.5426 212.101 -0.00663529 0.00686813 0.999954 20.902 14.6416 211.995 -0.0168982 0.0123891 0.999688 1.6857 -2.1867 15.8923 6.08755 50.5206 0
42395387 20.0455 16.381 212.108 -0.00578796 0.00512053 0.99997 20.1137 15.4275 211.923 -0.016647 0.0110422 0.999699 1.68513 -2.18297 15.8875 6.13064 50.5222 0
42528385 19.3316 17.2097 212.105 -0.00539608 0.00431183 0.999976 19.4437 16.2172 211.961 -0.0170103 0.0105545 0.999751 1.68283 -2.18096 15.8875 6.17603 50.5222 0
42660565 18.6309 17.9667 212.095 -0.00544798 0.0040667 0.999977 18.7727 16.9992 211.889 -0.0173724 0.00969018 0.999718 1.68082 -2.1801 15.8844 6.21884 50.5222 0
42794260 17.8406 18.7427 212.088 -0.00521187 0.0035485 0.99998 17.8732 17.6802 211.941 -0.0170021 0.00882964 0.999679 1.67852 -2.17866 15.8844 6.2648 50.5222 0
42925574 17.0527 19.4626 212.089 -0.00520368 0.00332799 0.999981 17.0911 18.5761 211.858 -0.017484 0.00760036 0.999685 1.67479 -2.17809 15.8971 0.0270034 50.5222 0
43057648 16.2371 20.1479 212.086 -0.00539508 0.00316896 0.99998 16.3141 19.1408 211.919 -0.018215 0.0073537 0.999715 1.67105 -2.1778 15.9129 0.072105 50.5222 0
43187042 15.4023 20.7697 212.082 -0.00605885 0.00324797 0.999976 15.4192 19.8207 211.971 -0.0183336 0.00661211 0.999668 1.66904 -2.17809 15.9209 0.114908 50.5254 0
43324003 14.4719 21.4506 212.083 -0.00645346 0.00336467 0.999974 14.4115 20.4964 212.023 -0.0183314 0.00624775 0.999705 1.66416 -2.17866 15.9383 0.163744 50.5269 0
43461992 13.5518 22.0314 212.083 -0.00648965 0.0031304 0.999974 13.3995 21.1655 211.964 -0.0179602 0.00539945 0.999787 1.661 -2.17809 15.9463 0.208846 50.5333 0
43594902 12.639 22.5787 212.081 -0.00718408 0.00340694 0.999968 12.3928 21.7225 211.917 -0.0180788 0.00465786 0.99974 1.65784 -2.17866 15.9399 0.253086 50.5555 0
43727540 11.6727 23.0806 212.078 -0.00814384 0.00351421 0.999961 11.6158 22.285 211.978 -0.0188112 0.00465411 0.999747 1.65612 -2.17952 15.9399 0.296751 50.5698 0
43864062 10.6511 23.5811 212.077 -0.00778018 0.00323675 0.999964 10.4929 22.8368 211.932 -0.0184436 0.00441308 0.999768 1.65152 -2.17837 15.9431 0.344725 50.5825 0
44000058 9.61811 24.0061 212.082 -0.00825002 0.00311695 0.999961 9.25391 23.3858 211.886 -0.0175891 0.00441746 0.999761 1.64893 -2.17837 15.9479 0.389826 50.6 0
44136225 8.58457 24.3903 212.089 -0.00789267 0.00285343 0.999965 8.25736 23.7217 211.972 -0.0185678 0.00477681 0.999732 1.64434 -2.17722 15.9622 0.435502 50.6095 0
44271437 7.51676 24.7468 212.086 -0.00928172 0.00308023 0.999952 7.13961 24.1727 211.937 -0.0186828 0.00342796 0.999746 1.63974 -2.17895 15.9844 0.480891 50.6127 0
44400644 6.48154 25.0353 212.086 -0.00995118 0.00295616 0.999946 6.02032 24.5013 211.913 -0.0185601 0.00330713 0.999758 1.63543 -2.17952 16.0082 0.523982 50.6143 0
44532071 5.39334 25.2562 212.071 -0.011682 0.00265242 0.999928 5.01783 24.7251 211.899 -0.0189229 0.00256429 0.999713 1.63457 -2.18182 16.0368 0.565349 50.5904 0
44668093 4.35146 25.4883 212.079 -0.0112676 0.00253517 0.999933 3.90374 24.9427 211.886 -0.0192883 0.00244096 0.999728 1.62653 -2.18153 16.0796 0.609301 50.5904 0
44798076 3.28266 25.652 212.077 -0.0118035 0.00246467 0.999927 2.77942 25.1624 211.873 -0.0185538 0.00208036 0.999759 1.62222 -2.18182 16.0892 0.652105 50.6079 0
44926823 2.2464 25.7875 212.069 -0.0119366 0.00225066 0.999926 1.67949 25.4809 211.849 -0.0205126 0.00304196 0.999677 1.61532 -2.18268 16.1495 0.692322 50.5762 0
45059641 1.13789 25.8602 212.077 -0.0119555 0.00210403 0.999926 0.683804 25.4825 211.969 -0.02137 0.00352339 0.999635 1.61073 -2.18211 16.1812 0.734839 50.5777 0
45199586 0.0806816 25.8769 212.065 -0.0120997 0.00216664 0.999924 -0.321651 25.4718 211.866 -0.0213663 0.00291613 0.999697 1.60671 -2.18067 16.1812 0.775918 50.592 0
45331933 -1.01473 25.8649 212.039 -0.0134771 0.00232511 0.999906 -1.44508 25.3538 211.887 -0.0205126 0.00304196 0.999677 1.6024 -2.18096 16.178 0.81786 50.6143 0
45463999 -2.10456 25.7819 212.057 -0.0151044 0.00218856 0.999884 -2.45514 25.4799 211.994 -0.0198965 0.00207347 0.99977 1.60067 -2.18153 16.159 0.859514 50.6809 0
45598142 -3.17577 25.687 212.08 -0.0147922 0.00214189 0.999888 -3.4556 25.3638 212.015 -0.0202636 0.00205935 0.999652 1.59407 -2.18096 16.2098 0.900019 50.6809 0
45731035 -4.25793 25.5415 212.082 -0.0144975 0.00216947 0.999893 -4.27272 25.4603 212.01 -0.0164842 0.00319633 0.999752 1.58861 -2.1801 16.2416 0.941386 50.6809 0
45861470 -5.26677 25.3863 212.065 -0.0139502 0.00250842 0.9999 -5.09617 25.3167 211.916 -0.0119768 0.00506578 0.999774 1.58344 -2.17952 16.2701 0.98103 50.6698 0
45997080 -6.28297 25.13 212.067 -0.0123398 0.00292177 0.99992 -6.12799 25.0947 212.058 -0.00880583 0.00570157 0.999807 1.58143 -2.17751 16.2812 1.0224 50.6809 0
46131958 -7.33364 24.8517 212.071 -0.0111234 0.00315068 0.999933 -7.14798 24.856 211.977 -0.00709596 0.00572258 0.999914 1.5797 -2.17694 16.3003 1.06549 50.6809 0
46265525 -8.40343 24.5391 212.076 -0.01059 0.00304713 0.999939 -8.16825 24.6332 212.007 -0.00526209 0.00524616 0.999948 1.57855 -2.1778 16.3178 1.10944 50.6809 0
46399704 -9.40374 24.1946 212.079 -0.0100536 0.00300391 0.999945 -9.17577 24.177 212.061 -0.00465613 0.00597802 0.999869 1.5774 -2.17837 16.3304 1.15138 50.6809 0
46534254 -10.4142 23.764 212.092 -0.00927184 0.00291452 0.999953 -10.2961 23.7281 212.115 -0.00392302 0.00586032 0.999875 1.57769 -2.17837 16.3384 1.19418 50.6809 0
46664997 -11.3433 23.3082 212.096 -0.00802467 0.0032298 0.999963 -11.1924 23.3792 212.045 -0.00343476 0.00586282 0.999871 1.57769 -2.17722 16.3416 1.23498 50.6809 0
46797987 -12.4147 22.8331 212.125 -0.0129157 -0.000952551 0.999916 -12.1987 22.7054 212.121 -0.00282589 0.00610886 0.999841 1.5843 -2.18556 16.3289 1.27663 50.6762 0
46935748 -13.4176 22.2623 212.114 -0.0121858 -0.000745977 0.999925 -13.1969 22.2516 212.063 -0.00330979 0.00537764 0.999919 1.58286 -2.18556 16.3289 1.32202 50.6762 0
47067562 -14.3192 21.6747 212.121 -0.0115585 -0.000947205 0.999933 -14.2009 21.5835 212.138 -0.00294142 0.00501516 0.999953 1.58344 -2.18556 16.3289 1.36367 50.6762 0
47201295 -15.216 21.0476 212.122 -0.0109361 -0.00101474 0.99994 -15.2058 20.9019 212.102 -0.0025745 0.00489558 0.999962 1.58344 -2.18556 16.3289 1.4059 50.6762 0
47336856 -16.11 20.3943 212.117 -0.010905 -0.00138354 0.99994 -15.9815 20.3506 212.165 -0.0028145 0.00403191 0.999928 1.58286 -2.1867 16.3273 1.44842 50.6762 0
47472773 -16.9457 19.6862 212.118 -0.0103372 -0.00148864 0.999945 -16.7567 19.5535 212.14 -0.00306154 0.00451648 0.999881 1.58315 -2.1867 16.3241 1.49065 50.6762 0
47608879 -17.7348 18.9339 212.112 -0.00922376 -0.000953434 0.999957 -17.645 18.7738 212.225 -0.00306008 0.00427357 0.999906 1.58286 -2.18527 16.3273 1.53288 50.6698 0
47744510 -18.5008 18.178 212.099 -0.00868923 -0.000650914 0.999962 -18.4212 17.9723 212.088 -0.00330276 0.00402941 0.999932 1.58171 -2.18498 16.332 1.57453 50.6571 0
47876261 -19.2605 17.3466 212.098 -0.00808736 -0.00046545 0.999967 -19.2017 17.0798 212.184 -0.0028145 0.00403191 0.999928 1.58143 -2.18441 16.3368 1.61791 50.6508 0
48007808 -19.9404 16.5323 212.087 -0.00727089 0.00014448 0.999974 -19.8708 16.28 212.045 -0.00256819 0.00366881 0.999963 1.58056 -2.18326 16.3479 1.6587 50.627 0
48138471 -20.5892 15.771 212.085 -0.00692564 0.000349939 0.999976 -20.5546 15.5953 212.119 -0.000623645 0.00526996 0.999909 1.57827 -2.18441 16.3781 1.69662 50.5952 0
48277133 -21.2789 14.8372 212.081 -0.00679327 1.28257e-005 0.999977 -21.1179 14.7879 212.091 0.000343662 0.00698756 0.99985 1.57827 -2.18527 16.3781 1.74115 50.5873 0
48410810 -21.8166 13.9326 212.086 -0.00510867 0.00193222 0.999985 -21.7836 13.7668 212.086 0.000462329 0.00772915 0.999897 1.57798 -2.18153 16.4003 1.78194 50.565 0
48544429 -22.4262 12.9771 212.091 -0.00446835 0.00254847 0.999987 -22.2322 12.9768 212.168 0.00118914 0.00883823 0.999903 1.57625 -2.18211 16.4368 1.82503 50.5285 0
48676944 -22.969 12.0146 212.106 -0.00357572 0.00315493 0.999989 -22.7982 12.0514 212.151 0.00251924 0.0112987 0.999889 1.57568 -2.18268 16.4844 1.86669 50.4746 0
48813982 -23.4142 11.0429 212.104 -0.0021953 0.00504838 0.999985 -23.362 11.1329 212.135 0.00360861 0.0130169 0.99983 1.57568 -2.18096 16.5178 1.90776 50.4222 0
48955818 -23.8893 10.0066 212.111 -0.000921065 0.00660574 0.999978 -23.9002 10.1172 212.129 0.00202033 0.0132517 0.999819 1.57539 -2.18125 16.5749 1.95086 50.3444 0
49085560 -24.3112 9.02049 212.108 -0.000451942 0.00709637 0.999975 -24.4606 9.20096 212.113 0.00274496 0.0147251 0.999788 1.57597 -2.1824 16.6114 1.99165 50.2872 0
49210060 -24.6584 8.06648 212.099 -0.000115555 0.00823232 0.999966 -24.7911 8.16594 211.994 0.00273865 0.0159519 0.999787 1.57625 -2.1824 16.6257 2.031 50.2555 0
49338507 -24.9918 7.05433 212.097 -0.000131775 0.00800171 0.999968 -25.1177 7.16472 212.098 0.00249453 0.0159506 0.999789 1.5774 -2.18383 16.64 2.07151 50.2285 0
49473344 -25.2838 5.97274 212.088 -0.000392535 0.00710783 0.999975 -25.3291 6.15403 212.089 0.00176287 0.0158254 0.999807 1.57913 -2.18527 16.6384 2.11431 50.2126 0
49606900 -25.5015 4.91439 212.099 -0.000216943 0.00802341 0.999968 -25.5431 5.03001 212.092 0.00139595 0.015945 0.999798 1.58028 -2.18498 16.6448 2.15597 50.2047 0
49742202 -25.6744 3.81332 212.098 -0.000198284 0.00815725 0.999967 -25.6392 3.79441 212.105 0.000417979 0.0161829 0.999782 1.58229 -2.18527 16.648 2.19848 50.1904 0
49879937 -25.7962 2.71376 212.13 0.000195012 0.0048817 0.999988 -25.7458 2.78878 212.095 0.000421611 0.0155756 0.999843 1.58918 -2.18872 16.6591 2.23841 50.1825 0
50009725 -25.902 1.65814 212.108 -0.000115415 0.00511888 0.999987 -25.9628 1.78608 212.087 0.000304396 0.0145911 0.999821 1.58889 -2.18958 16.6591 2.27921 50.1666 0
50143949 -25.9568 0.545973 212.098 -0.000251371 0.0050612 0.999987 -26.0684 0.435977 212.111 0.000422828 0.015199 0.999758 1.58976 -2.19044 16.6575 2.32172 50.1586 0
50278354 -25.9768 -0.554022 212.098 -0.000330089 0.00420793 0.999991 -25.942 -0.690928 212.111 -0.000556357 0.0158135 0.999827 1.59091 -2.19245 16.6575 2.3628 50.1523 0
50412167 -25.9292 -1.67997 212.095 -0.00048301 0.0046219 0.999989 -25.9317 -1.80352 212.112 -0.00103977 0.0148271 0.999807 1.59148 -2.19302 16.6559 2.40532 50.1507 0
50544227 -25.8293 -2.73613 212.097 -0.000576752 0.00520022 0.999986 -25.8064 -2.92128 212.111 -0.00189204 0.0144584 0.999851 1.59263 -2.19302 16.6527 2.44554 50.1491 0
50677415 -25.6874 -3.77157 212.104 -0.000492114 0.00583037 0.999983 -25.6924 -4.04136 212.111 -0.00152512 0.0143388 0.999861 1.59464 -2.19331 16.6591 2.4846 50.138 0
50806678 -25.5085 -4.81552 212.104 -0.000693309 0.00633989 0.99998 -25.4566 -5.16646 212.11 -0.00226041 0.0148209 0.999818 1.5955 -2.19331 16.6575 2.52454 50.1348 0
50939462 -25.2856 -5.90849 212.097 -0.000836083 0.00594778 0.999982 -25.3411 -6.16858 212.099 -0.00213422 0.0139591 0.999781 1.59636 -2.19417 16.6495 2.56648 50.1332 0
51069653 -25.0172 -6.93374 212.096 -0.000851601 0.00596519 0.999982 -24.9969 -7.15958 212.196 -0.00249606 0.0132285 0.999857 1.59809 -2.19446 16.6432 2.60612 50.1285 0
51204192 -24.6952 -7.94604 212.102 -0.00122408 0.00727771 0.999973 -24.7608 -8.29248 212.084 -0.00335123 0.0133456 0.999852 1.59924 -2.19331 16.6464 2.64634 50.1205 0
51339969 -24.3529 -9.02444 212.103 -0.00113967 0.00672626 0.999977 -24.42 -9.28801 212.182 -0.00334978 0.0131026 0.999877 1.60039 -2.19532 16.6543 2.68799 50.1078 0
51475091 -23.9373 -10.0483 212.115 -0.00133075 0.00735634 0.999972 -23.9655 -10.4109 212.179 -0.00359609 0.0134658 0.999842 1.6024 -2.19475 16.6527 2.72965 50.1063 0
51609365 -23.488 -11.0606 212.112 -0.00153799 0.00753299 0.99997 -23.3937 -11.5262 212.176 -0.00444932 0.0130848 0.999765 1.60383 -2.19475 16.6495 2.77101 50.0951 0
51744735 -22.9883 -12.0526 212.113 -0.00144539 0.00728743 0.999972 -22.9424 -12.3069 212.139 -0.00456775 0.0124769 0.999827 1.60642 -2.19504 16.6416 2.81238 50.092 0
51877415 -22.4876 -13.0658 212.097 -0.00118104 0.00581358 0.999982 -22.4908 -13.3142 212.125 -0.00456703 0.0123554 0.999839 1.60642 -2.19762 16.6305 2.85403 50.0904 0
52012104 -21.9064 -13.947 212.108 -0.00152419 0.00668429 0.999976 -21.8079 -14.1946 212.208 -0.00541857 0.0118652 0.999895 1.60929 -2.19618 16.6257 2.89397 50.0872 0
52150460 -21.274 -14.8692 212.106 -0.00167977 0.00669819 0.999976 -21.2412 -15.2115 212.194 -0.00579058 0.012835 0.9998 1.6113 -2.1959 16.6146 2.93619 50.0856 0
52283925 -20.6557 -15.755 212.103 -0.00188232 0.00635562 0.999978 -20.6772 -15.9915 212.156 -0.00603107 0.0122265 0.999864 1.6113 -2.19676 16.6083 2.97699 50.0856 0
52416416 -19.9707 -16.5966 212.102 -0.00224602 0.00659565 0.999976 -19.8835 -16.8803 212.128 -0.00688213 0.0114811 0.999823 1.61274 -2.19618 16.6003 3.01835 50.0856 0
52548858 -19.2412 -17.4388 212.106 -0.00220778 0.00639758 0.999977 -19.2069 -17.6553 212.201 -0.00712698 0.0116013 0.999813 1.61475 -2.19676 16.594 3.06001 50.0856 0
52680738 -18.5115 -18.2133 212.107 -0.00239192 0.00638953 0.999977 -18.5339 -18.5493 212.174 -0.00700347 0.011359 0.999836 1.61619 -2.19676 16.586 3.10023 50.0872 0
52807312 -17.7715 -18.9325 212.1 -0.00255171 0.00640911 0.999976 -17.8657 -19.2178 212.123 -0.00651158 0.0107543 0.999893 1.61791 -2.19647 16.5749 3.13929 50.0825 0
52938056 -17.024 -19.6427 212.098 -0.00223349 0.00604847 0.999979 -17.0779 -19.8878 212.074 -0.00687655 0.0103758 0.999812 1.61963 -2.19791 16.5733 3.1775 50.0777 0
53069680 -16.1715 -20.3473 212.105 -0.0026855 0.00638293 0.999976 -16.2888 -20.6477 212.256 -0.00711923 0.0101316 0.999838 1.62107 -2.19733 16.5702 3.21973 50.0777 0
53203950 -15.2925 -21.017 212.103 -0.00286831 0.00619952 0.999977 -15.273 -21.3232 212.093 -0.00809162 0.0092642 0.999811 1.62222 -2.19705 16.5559 3.26196 50.084 0
53336531 -14.4329 -21.6106 212.106 -0.00221244 0.00598758 0.99998 -14.3756 -21.8716 212.141 -0.00821223 0.00902067 0.999836 1.62681 -2.19762 16.5416 3.30045 50.084 0
53470912 -13.4915 -22.1952 212.115 -0.00241189 0.00629274 0.999977 -13.4787 -22.5368 212.201 -0.00821441 0.00938503 0.999799 1.63026 -2.19705 16.5337 3.34211 50.0825 0
53605955 -12.5337 -22.7559 212.115 -0.00250681 0.00618087 0.999978 -12.4667 -22.9779 212.126 -0.00881988 0.00839803 0.999781 1.63227 -2.19705 16.5209 3.38405 50.0825 0
53738449 -11.5481 -23.2871 212.115 -0.00273878 0.00610118 0.999978 -11.5675 -23.6385 212.186 -0.00906328 0.00827532 0.999795 1.63371 -2.19733 16.5146 3.42628 50.0825 0
53868869 -10.5887 -23.7551 212.111 -0.00280181 0.0058552 0.999979 -10.5556 -24.0831 212.111 -0.00966997 0.00766493 0.999861 1.63486 -2.19762 16.5035 3.46678 50.084 0
54009948 -9.53179 -24.2063 212.107 -0.00316547 0.00577808 0.999978 -9.54952 -24.5222 212.147 -0.00954791 0.00766555 0.99986 1.63629 -2.19733 16.4924 3.51045 50.0856 0
54142950 -8.53873 -24.5614 212.114 -0.00381231 0.00606163 0.999974 -8.54118 -24.9612 212.183 -0.00966997 0.00766493 0.999861 1.63917 -2.19618 16.4828 3.55038 50.0856 0
54274698 -7.49177 -24.8918 212.113 -0.00390368 0.00612915 0.999974 -7.42147 -25.1696 212.196 -0.00990998 0.00680126 0.999828 1.64376 -2.19532 16.459 3.59146 50.0856 0
54411180 -6.4217 -25.2018 212.104 -0.0039551 0.00581679 0.999975 -6.29967 -25.5059 212.109 -0.0103968 0.00655585 0.999856 1.6452 -2.19532 16.4416 3.63369 50.0856 0
54548408 -5.35424 -25.456 212.106 -0.00470611 0.0058108 0.999972 -5.18197 -25.9478 212.145 -0.0102769 0.00692083 0.999819 1.64692 -2.19417 16.4273 3.67534 50.092 0
54679126 -4.31701 -25.6441 212.108 -0.00538481 0.00570586 0.999969 -4.17796 -26.0423 212.148 -0.0101485 0.00569468 0.999818 1.6498 -2.19216 16.3987 3.71527 50.1078 0
54816318 -3.18968 -25.802 212.104 -0.00590066 0.00552411 0.999967 -2.94777 -26.2502 212.159 -0.0102655 0.00484388 0.999905 1.6541 -2.18986 16.359 3.75779 50.1205 0
54950032 -2.0711 -25.9433 212.101 -0.00538911 0.00534273 0.999971 -1.71337 -26.3718 212.049 -0.0110015 0.00544739 0.99985 1.661 -2.189 16.3082 3.79801 50.1364 0
55088078 -0.944074 -26.0357 212.108 -0.00666183 0.00537905 0.999963 -0.71638 -26.4643 212.163 -0.0100236 0.0052095 0.999866 1.66933 -2.18469 16.2416 3.83736 50.1713 0
55219973 0.241786 -26.0854 212.101 -0.00677876 0.00493482 0.999965 0.512541 -26.4603 212.153 -0.0101471 0.00545178 0.999843 1.68599 -2.17722 16.0717 3.87413 50.2491 0
55356941 1.4579 -26.0613 212.121 -0.00512807 0.00429284 0.999978 1.94781 -26.3192 212.24 -0.00843188 0.00423377 0.999829 1.67881 -2.18096 16.0939 3.92383 50.2872 0
55492788 2.84758 -26.1203 212.307 -0.0146511 0.00445347 0.999883 3.16453 -26.2079 212.329 -0.00722021 0.00608632 0.999878 1.70093 -2.16372 16.005 3.95371 50.3793 0
55627347 3.88231 -25.9004 212.13 -0.0086619 0.00242046 0.99996 4.03679 -25.9745 212.299 -0.00514075 0.00536824 0.999934 1.63084 -2.1982 16.5273 4.03213 50.0713 0
55762688 4.81021 -25.7122 212.159 -0.0132025 0.00263023 0.999909 5.13837 -25.9664 212.178 -0.00366823 0.00390608 0.999947 1.65439 -2.17895 16.3511 4.0577 50.1285 0
55894446 5.82802 -25.4716 212.116 -0.0106478 0.00187638 0.999942 6.26162 -25.6286 212.135 -0.00464547 0.00402252 0.999943 1.65123 -2.17464 16.3019 4.1005 50.1618 0
56028781 7.3728 -25.426 212.279 -0.0127123 0.00235915 0.999916 7.39457 -25.3915 212.104 -0.00659365 0.00302863 0.999936 1.66502 -2.12379 16.1987 4.13871 50.2983 0
56160609 7.96764 -24.9984 212.076 -0.0047894 0.00231607 0.999986 8.28765 -25.252 212.197 -0.00658758 0.00166816 0.999828 1.6564 -2.14333 16.105 4.17807 50.2872 0
56297870 8.77418 -24.5627 212.058 -0.00174507 0.00252553 0.999995 9.28974 -25.0283 212.165 -0.00646673 0.00204539 0.999912 1.65525 -2.18297 16.1558 4.22144 50.292 0
56430019 9.95898 -24.2213 212.15 -0.00251381 0.00326472 0.999992 10.3882 -24.5683 212.223 -0.00475856 0.00217561 0.999885 1.64089 -2.20997 16.4908 4.27373 50.1332 0
56566550 11.0735 -23.7407 212.189 -0.00346106 0.00277175 0.99999 11.5956 -24.2258 212.289 -0.00268759 0.00304867 0.999903 1.65554 -2.19331 16.2733 4.31222 50.2952 0
56704351 12.0835 -23.2274 212.154 -0.000740988 0.00284515 0.999996 12.7077 -23.5423 212.213 -0.00268129 0.0018219 0.999904 1.67565 -2.15396 15.9002 4.34382 50.5095 0
56837198 12.8694 -22.7159 212.134 0.00449619 0.00453621 0.99998 13.5923 -23.0901 212.16 -0.00206878 0.00146067 0.999936 1.63802 -2.21428 16.3209 4.40702 50.3571 0
56973088 13.8847 -22.1883 212.155 0.000187809 0.00297771 0.999996 14.589 -22.5275 212.096 -0.00157907 0.00122027 0.999956 1.66416 -2.17349 15.9971 4.43201 50.5047 0
57109376 14.8205 -21.6127 212.1 0.00482268 0.00508118 0.999975 15.5978 -21.9409 212.143 -0.00230394 -0.000386866 0.999878 1.65468 -2.19963 16.0574 4.48401 50.4968 0
57246833 15.7037 -21.0053 212.066 0.00755906 0.00564206 0.999956 16.7087 -21.4683 212.2 -0.00193145 -0.00161176 0.999876 1.64175 -2.1439 15.9336 4.53083 50.6285 0
57382566 16.9484 -20.7344 212.173 8.41788e-007 -0.000854045 1 17.2412 -21.2405 212.298 -0.0111535 -0.0127248 0.99972 1.61303 -2.12896 16.1812 4.5834 50.5809 0
57520258 17.5205 -19.8552 212.139 -0.00104565 -0.00280439 0.999996 18.1375 -20.6703 212.234 -0.0118804 -0.0138339 0.999715 1.61848 -2.15539 16.1288 4.62276 50.5793 0
57660423 18.1584 -18.9995 212.087 0.00111495 -0.00209793 0.999997 18.8994 -19.8799 212.148 -0.0102877 -0.0147974 0.999799 1.61446 -2.17521 16.1384 4.66757 50.5746 0
57795464 18.8951 -18.1332 212.067 0.00251958 -0.00154039 0.999996 19.7806 -19.0856 212.174 -0.00943253 -0.0149145 0.999804 1.60814 -2.18785 16.186 4.7144 50.5635 0
57933114 19.6876 -17.3179 212.085 0.00199742 -0.00252514 0.999995 20.6675 -18.2913 212.199 -0.00918767 -0.0150347 0.999814 1.59981 -2.19676 16.2797 4.76094 50.5269 0
58065990 21.044 -17.2666 212.124 -0.000788869 -0.00407318 0.999991 21.303 -17.5198 212.115 -0.00601885 -0.0140345 0.999811 1.51708 -2.2433 17.3893 4.82615 49.8411 0
58197753 22.2211 -16.9307 212.166 0.00168138 -0.0087917 0.99996 22.7873 -17.5468 212.212 0.00250141 -0.00907132 0.999857 1.4783 -2.23209 18.0132 4.90141 49.4935 0
58332894 23.8831 -16.5245 212.27 -0.0113681 -0.023443 0.999661 24.5809 -17.5649 212.242 -0.0221193 -0.0420794 0.998839 1.46393 -2.21285 18.6657 4.95714 48.849 0
58466031 23.9266 -15.4468 212.303 -0.0212564 -0.0363781 0.999112 24.8325 -17.3863 212.343 -0.0251437 -0.0480228 0.99848 1.50156 -2.21572 18.2355 4.96375 49.022 0
58601446 24.0932 -14.4393 212.253 -0.0226296 -0.0391815 0.998976 25.3033 -16.1353 212.31 -0.016524 -0.0377263 0.999092 1.53632 -2.20768 17.81 4.98242 49.1919 0
58735534 24.4261 -13.2039 212.132 -0.0155509 -0.0311266 0.999394 25.6887 -14.8636 212.169 -0.0108192 -0.030919 0.999342 1.57568 -2.16774 17.0845 5.00397 49.6237 0
58873921 24.73 -11.6546 212.098 -0.0110197 -0.0226445 0.999683 25.8974 -13.3764 212.024 -0.0101868 -0.0354709 0.999183 1.58889 -2.20308 17.0178 5.05137 49.6713 0
59010487 25.1046 -10.4463 212.06 -0.00678428 -0.0161291 0.999847 26.2877 -11.9974 211.982 -0.00497784 -0.0270627 0.999521 1.60039 -2.21457 16.8369 5.09216 49.8316 0
59142581 25.2758 -9.15385 212.067 -0.00575203 -0.0148578 0.999873 26.9339 -10.9848 212.097 -0.00290881 -0.0256916 0.999612 1.6136 -2.17579 16.4987 5.12548 50.0682 0
59279336 25.511 -8.05099 212.082 -0.00423239 -0.0121355 0.999917 27.0226 -9.63929 212.073 -0.00119918 -0.0258042 0.999609 1.61906 -2.18412 16.4336 5.16455 50.1523 0
59413147 25.7874 -6.87643 212.069 -0.00251651 -0.00941239 0.999953 27.4325 -8.65707 211.969 0.00208613 -0.0236981 0.999617 1.6248 -2.16947 16.2606 5.20506 50.2872 0
59544812 26.0992 -5.92897 212.038 -7.15921e-005 -0.00380703 0.999993 27.868 -7.64896 212.086 0.00281027 -0.0219696 0.999682 1.63256 -2.20882 16.2479 5.24643 50.338 0
59673961 26.2569 -4.80294 212.074 -9.87154e-005 -0.00484538 0.999988 27.9555 -6.31262 212.061 0.00463711 -0.0210978 0.999702 1.63917 -2.16114 16.0098 5.27917 50.5031 0
59809896 26.5864 -3.75806 212.082 0.0012642 -0.00323935 0.999994 28.0415 -5.10451 212.048 0.00669911 -0.0183784 0.99978 1.64951 -2.15338 15.8478 5.31824 50.6317 0
59943882 27.0309 -2.94597 211.997 0.00549244 -0.0013099 0.999984 27.9122 -3.87458 212.037 0.0079183 -0.0181292 0.999745 1.64434 -2.20049 15.7986 5.37397 50.7508 0
60077183 26.9338 -1.78335 212.079 0.00590895 -0.0032668 0.999977 27.8962 -2.40274 212.114 0.00889749 -0.0187437 0.999677 1.63486 -2.16028 15.7621 5.41678 50.8667 0
60207754 26.7066 -0.586039 212.053 0.00761254 -0.0037573 0.999964 27.9823 -0.296098 212.122 0.0104705 -0.0159054 0.999746 1.60987 -2.17866 15.9209 5.47251 50.854 0
60340378 26.5024 0.701264 212.048 0.00878046 -0.003194 0.999956 27.9709 0.813098 212.122 0.0110738 -0.0145541 0.999728 1.58717 -2.1913 16.0828 5.52422 50.8143 0
60474340 26.8917 1.94004 212.118 0.00987336 -0.00608849 0.999933 27.955 1.91877 212.12 0.0121641 -0.0128236 0.99979 1.54667 -2.2183 16.559 5.57535 50.5555 0
60611697 26.7167 3.10758 212.094 0.00983761 -0.00564522 0.999936 28.0783 3.13034 212.218 0.010315 -0.00927414 0.999815 1.5616 -2.20164 16.3638 5.61729 50.654 0
60742959 26.6144 4.26635 212.145 0.00968217 -0.0050738 0.99994 27.8427 4.3743 212.319 0.0110481 -0.00939184 0.999821 1.57108 -2.19245 16.2622 5.65923 50.7365 0
60878440 26.1738 5.40995 212.142 0.00857754 -0.00112088 0.999963 27.8124 5.27178 212.23 0.0137384 -0.0103619 0.999775 1.5481 -2.18958 16.459 5.70376 50.6222 0
61006207 26.2589 6.37222 212.078 0.0101633 0.00111336 0.999948 27.8834 5.99793 212.163 0.0176764 -0.0167309 0.99965 1.53833 -2.18814 16.4305 5.74225 50.6333 0
61142987 27.0147 7.10587 212.077 0.0159457 -0.00917078 0.999831 27.824 6.8243 212.087 0.023561 -0.0219968 0.999398 1.52914 -2.14879 16.5067 5.78305 50.5809 0
61281379 26.5242 8.21407 212.13 0.0151499 -0.00803372 0.999853 27.9602 7.5153 212.147 0.0326568 -0.0352633 0.9987 1.55643 -2.19963 16.286 5.81264 50.7317 0
61413562 26.2594 9.44264 212.215 0.0146353 -0.00873206 0.999855 27.6138 8.84479 212.125 0.033139 -0.0339003 0.998804 1.58372 -2.21084 16.1971 5.85228 50.8032 0
61548208 25.8744 10.5579 212.118 0.0178635 -0.00972337 0.999793 26.9294 9.93787 212.129 0.0341024 -0.0311866 0.998891 1.57223 -2.20308 16.1749 5.90169 50.7778 0
61683549 25.3284 11.6893 212.113 0.0185569 -0.0104739 0.999773 26.4656 11.0503 212.244 0.0354345 -0.0292242 0.998805 1.61303 -2.14936 15.7986 5.94851 50.9619 0
61814121 25.2133 12.9879 212.047 0.0219221 -0.00723533 0.999733 25.5785 12.3498 212.116 0.0339554 -0.0261464 0.998997 1.56361 -2.21572 16.0939 5.99477 50.8524 0
61945422 24.5354 13.7943 211.997 0.0263525 -0.0108758 0.999594 25.4903 13.1702 212.025 0.0308686 -0.0188984 0.999273 1.56045 -2.19331 16.0431 6.04446 50.854 0
62085927 24.0812 14.6193 212.116 0.0280013 -0.0128011 0.999526 25.7406 13.9936 212.059 0.0395505 -0.0224495 0.998826 1.56476 -2.17062 16.0796 6.0864 50.9032 0
62217686 24.0861 15.4397 212.108 0.0329626 -0.0146891 0.999349 24.9014 14.904 212.089 0.045294 -0.0240357 0.998572 1.54322 -2.15223 16.2416 6.1272 50.8381 0
62351414 23.2984 16.3844 212.119 0.0348224 -0.0136916 0.9993 24.7333 15.5923 212.137 0.0510354 -0.0252575 0.998282 1.54552 -2.16774 16.1812 6.17115 50.8937 0
62488581 22.6376 18.2117 212.046 0.0382516 -0.0115201 0.999202 23.3095 17.421 212.178 0.0470908 -0.0172729 0.998613 1.52684 -2.2275 16.2542 6.22745 50.7952 0
62625420 21.6677 19.073 212.036 0.0415435 -0.0110476 0.999076 22.2858 18.7176 212.052 0.0482947 -0.0139507 0.998636 1.52541 -2.21572 16.2542 0.000861812 50.7682 0
62756777 20.6687 20.0292 212.033 0.0444656 -0.00989476 0.998962 21.266 19.698 212.071 0.0493793 -0.0112486 0.998601 1.52052 -2.17809 16.3162 0.065785 50.7428 0
62889908 20.2463 21.0471 212.023 0.0484034 -0.00811488 0.998795 20.4755 20.6707 211.977 0.0497329 -0.00879316 0.998596 1.48375 -2.23123 16.5051 0.106003 50.6016 0
63029508 19.0252 22.017 212.039 0.0471315 -0.00601288 0.998871 19.3441 21.655 211.997 0.0508203 -0.00657688 0.998609 1.52052 -2.15826 16.3416 0.162308 50.7444 0
63161437 18.1211 22.5444 212.017 0.0496575 -0.00443491 0.998756 18.3284 22.5324 212.027 0.0515427 -0.00473908 0.998541 1.50415 -2.18527 16.4051 0.2031 50.6921 0
63296902 17.3815 23.3365 212.017 0.0510101 -0.00199682 0.998696 17.4325 23.1746 212.078 0.051526 -0.00142312 0.998575 1.47312 -2.22606 16.5987 0.246191 50.5603 0
63430390 15.865 24.0897 212.055 0.0472497 -9.15827e-005 0.998883 16.5807 23.9559 212.01 0.0586079 -0.00227369 0.998237 1.50616 -2.20796 16.4447 0.288994 50.6682 0
63568392 15.0855 24.6098 212.061 0.0443932 0.00127226 0.999013 15.8383 25.0282 211.902 0.0537084 0.00140607 0.998518 1.53058 -2.16286 16.3114 0.318296 50.7555 0
63703910 14.1041 25.4442 212.028 0.0498318 0.00382092 0.99875 14.4802 25.4597 211.981 0.0555285 0.00323726 0.998319 1.49323 -2.22549 16.5448 0.370579 50.5841 0
63838946 12.7086 25.6846 212.03 0.0457513 0.00436285 0.998943 13.4747 26.4132 211.778 0.0549021 0.00642864 0.99837 1.50415 -2.20854 16.5956 0.404477 50.5127 0
63970917 11.963 26.3595 212.034 0.045311 0.00604468 0.998955 12.8296 26.6191 211.871 0.0522043 0.00900211 0.9985 1.51995 -2.16602 16.4686 0.443833 50.6174 0
64108073 11.0322 26.6827 212.014 0.0464644 0.00854212 0.998883 11.4889 27.0189 211.838 0.0520612 0.0130462 0.998462 1.51363 -2.19159 16.4543 0.479742 50.6301 0
64244095 9.30095 27.1564 212.094 0.0401941 0.00837901 0.999157 10.2503 27.4646 211.915 0.0530355 0.0134155 0.998417 1.51765 -2.21141 16.6527 0.523982 50.4809 0
64380305 8.47458 27.561 212.017 0.0435508 0.0114539 0.998986 9.13417 27.7963 212.001 0.0529101 0.0141559 0.998466 1.52052 -2.17694 16.5035 0.567934 50.5666 0
64513357 7.10053 27.9729 212.005 0.0444049 0.0148375 0.998903 7.79748 28.0942 211.98 0.0524056 0.0172142 0.998407 1.51593 -2.20078 16.4749 0.61993 50.5968 0
64646622 6.49681 28.4603 211.948 0.0509137 0.0196638 0.998509 6.69239 28.5133 211.944 0.0509304 0.0192959 0.998455 1.47312 -2.21371 16.7575 0.669341 50.4158 0
64776045 4.88807 28.2844 212.049 0.0391109 0.0152829 0.999118 5.58765 28.4951 211.953 0.0497027 0.0206378 0.998452 1.52512 -2.20882 16.567 0.68313 50.5111 0
64909632 4.03884 28.6353 212.003 0.0436579 0.0197422 0.998851 4.58002 28.594 212.062 0.0500582 0.0225952 0.998374 1.50616 -2.20566 16.6241 0.731391 50.492 0
65043761 3.04535 29.3223 212.036 0.0487413 0.0250575 0.998497 3.14199 29.101 211.907 0.0482113 0.0257803 0.998436 1.44354 -2.1982 17.2337 0.800336 50.1777 0
65184461 1.99576 29.1782 211.993 0.0492101 0.0301838 0.998332 2.02716 29.0601 211.918 0.0480686 0.0295692 0.998301 1.44382 -2.22434 16.9337 0.843427 50.4031 0
65321654 0.921364 29.5458 211.831 0.0531201 0.0358286 0.997945 0.868091 29.71 211.858 0.0402528 0.0306589 0.998621 1.48979 -2.2252 16.2257 0.875027 50.7619 0
65455519 -0.991735 29.6307 211.857 0.0374245 0.0372784 0.998604 -1.02293 30.1034 211.715 0.0271779 0.0338109 0.99902 1.42745 -2.27375 16.8893 0.946557 50.4301 0
65590477 -2.60867 29.7168 212.042 0.0456461 0.0418959 0.998079 -2.59809 29.8479 211.976 0.0288582 0.0389452 0.998735 1.45474 -2.1867 16.7083 1.01119 50.7063 0
65721875 -3.72511 29.5487 211.982 0.0389329 0.0448464 0.998235 -4.85214 28.157 211.938 0.0200763 0.0379407 0.999028 1.51535 -2.15597 15.9431 1.03877 51.1921 0
65852451 -5.30006 28.8919 212.156 0.0356969 0.0416169 0.998496 -5.46564 28.1187 211.946 0.0260359 0.0417487 0.99872 1.49984 -2.16229 16.3304 1.07899 51.0365 0
65994317 -6.48034 28.5678 212.212 0.0356641 0.0407215 0.998534 -6.31177 28.1018 212.067 0.0331004 0.0443356 0.998403 1.49065 -2.16774 16.5987 1.11605 50.8587 0
66132717 -7.36301 28.6632 212.178 0.0354037 0.044242 0.998393 -7.28919 27.9563 212.201 0.0423512 0.0487555 0.997885 1.4398 -2.18814 17.0702 1.16574 50.5682 0
66268524 -8.24079 28.0562 212 0.0325659 0.0475782 0.998337 -7.98113 27.9088 212.099 0.0446493 0.0522895 0.99751 1.50444 -2.15309 16.2527 1.18384 50.9635 0
66406469 -9.256 27.6583 212.083 0.0303109 0.0456983 0.998495 -8.97914 27.5692 212.14 0.0441613 0.0524207 0.997624 1.48921 -2.2025 16.3781 1.2186 50.9064 0
66541138 -10.1694 27.0706 212.129 0.029112 0.0433724 0.998635 -9.61548 27.1114 212.19 0.04086 0.0535091 0.997663 1.52828 -2.15424 16.2225 1.239 50.9794 0
66675331 -11.11 26.6858 212.153 0.0292036 0.0439273 0.998608 -10.6203 26.4231 212.155 0.0412225 0.0541183 0.997599 1.54896 -2.1281 16.1368 1.26887 51.0111 0
66812486 -11.8155 26.2187 212.189 0.0339853 0.0484979 0.998245 -11.428 25.9375 212.099 0.0442574 0.0569274 0.997291 1.57281 -2.10196 15.9891 1.29645 51.0953 0
66941791 -12.168 25.5313 212.042 0.049578 0.066388 0.996561 -12.0364 25.0757 212.077 0.0500724 0.0644998 0.996605 1.56419 -2.08645 15.9923 1.34328 51.0476 0
67076755 -13.2863 24.3043 212.049 0.0551102 0.0766537 0.995534 -13.2744 23.7663 212.105 0.0518593 0.0720515 0.995952 1.56649 -2.0718 16.013 1.4059 51.054 0
67214646 -14.6614 22.6188 212.205 0.0530342 0.0739162 0.995853 -14.601 22.606 212.119 0.0511076 0.0754607 0.995737 1.58918 -2.05513 16.0606 1.45876 51 0
67347789 -15.6877 21.54 212.135 0.0515356 0.0771451 0.995687 -15.7046 21.67 212.109 0.0502345 0.0787478 0.995536 1.60412 -2.04393 16.0749 1.50587 50.8571 0
67483943 -16.6626 20.6965 212.064 0.0481153 0.0779133 0.995798 -16.5739 20.9721 212.073 0.0480281 0.0804491 0.995504 1.63629 -2.02957 15.9145 1.54379 50.7905 0
67613856 -17.3367 19.8778 212.005 0.0475334 0.0814749 0.995541 -17.342 20.1524 211.936 0.0469203 0.0821561 0.995464 1.6294 -2.02296 16.1892 1.58028 50.5365 0
67749127 -18.1277 19.2127 211.93 0.0474887 0.0849422 0.995254 -18.0446 19.6065 211.886 0.0506474 0.0915152 0.994368 1.63629 -2.00601 16.5543 1.61532 50.2412 0
67889445 -19.2414 18.567 211.913 0.0467018 0.0890649 0.99493 -18.4647 19.2527 211.928 0.0599599 0.105494 0.992518 1.66014 -1.98935 16.8702 1.65669 49.9602 0
68023781 -19.5502 18.0099 211.979 0.0539735 0.108905 0.992586 -19.424 18.314 212.029 0.0556596 0.110342 0.992186 1.62538 -1.99251 17.1321 1.72994 49.8904 0
68154837 -20.195 17.1843 211.94 0.0514824 0.120654 0.991359 -20.5781 17.0365 212.052 0.048436 0.114471 0.992195 1.61331 -1.98791 17.1909 1.78941 49.7792 0
68287460 -21.1652 16.1699 211.912 0.0447452 0.125229 0.991118 -21.5273 15.9643 212.054 0.0430298 0.120529 0.99175 1.57252 -2.00774 17.1036 1.84169 49.7284 0
68419551 -22.1547 15.0459 211.884 0.0366054 0.123124 0.991716 -22.3575 15.0242 211.93 0.0366674 0.12318 0.991656 1.63371 -1.97412 17.2433 1.89283 49.6379 0
68558467 -22.7031 14.0035 211.868 0.0315691 0.129799 0.991038 -22.984 14.0908 211.916 0.0324976 0.126438 0.991361 1.57482 -2.00314 17.0432 1.93908 49.6967 0
68690869 -23.4804 12.8066 211.85 0.0239762 0.125559 0.991796 -23.4725 12.7352 211.944 0.0257792 0.127388 0.991441 1.63572 -1.97556 17.1417 1.98676 49.6776 0
68822350 -23.9448 11.7149 211.879 0.0192636 0.125213 0.991943 -23.9882 11.9394 211.916 0.0216262 0.127852 0.991427 1.61906 -1.98619 17.0448 2.02871 49.7364 0
68959304 -24.3532 10.7599 211.898 0.0139365 0.130084 0.991405 -24.4826 10.5928 212.054 0.0156387 0.129048 0.991476 1.58976 -1.99826 16.9543 2.07208 49.784 0
69096996 -24.7762 9.6307 211.891 0.00763715 0.131364 0.991305 -24.8658 9.57002 211.936 0.00929208 0.128894 0.991542 1.58688 -1.99969 16.875 2.11776 49.8269 0
69227169 -25.2523 8.47222 211.876 0.00180789 0.12731 0.991861 -25.26 8.44734 211.94 0.00428816 0.128747 0.991597 1.58746 -2.00458 16.8337 2.16028 49.8634 0
69361706 -25.591 7.22453 211.92 -0.00271414 0.12509 0.992142 -25.5464 6.99756 212.088 1.30048e-005 0.129211 0.991584 1.61331 -1.99308 16.8845 2.20423 49.8618 0
69495367 -25.7885 6.31144 211.948 -0.00814082 0.132026 0.991213 -25.706 5.87393 212.092 -0.00621397 0.129288 0.991503 1.58717 -1.99883 16.8464 2.24674 49.8634 0
69625766 -26.0886 5.06193 211.926 -0.0138227 0.127521 0.99174 -25.9881 4.87079 212.083 -0.0113349 0.128291 0.991644 1.64405 -1.97527 16.9194 2.28581 49.8411 0
69765137 -26.1649 3.94618 211.989 -0.0182935 0.13064 0.991261 -26.1582 3.63051 211.986 -0.0164596 0.127766 0.991615 1.61044 -1.9859 16.9083 2.33379 49.8205 0
69896410 -26.3535 2.84871 212.003 -0.023894 0.131601 0.991015 -26.3214 2.53048 212.099 -0.0221903 0.12651 0.991664 1.58459 -1.99682 16.9131 2.37602 49.8015 0
70036039 -26.5334 1.58644 211.956 -0.0291049 0.126328 0.991562 -26.3788 1.30094 212 -0.0274306 0.124892 0.991746 1.59263 -1.99682 16.948 2.42169 49.7634 0
70169164 -26.4728 0.415694 212.005 -0.0342078 0.127186 0.991289 -26.4375 0.0859714 212.012 -0.0324246 0.122911 0.991862 1.61619 -1.98073 16.994 2.46507 49.738 0
70299284 -26.4962 -0.705754 211.984 -0.0390721 0.123737 0.991546 -26.2721 -1.11767 212.135 -0.0374203 0.121039 0.991845 1.60584 -1.98878 16.9702 2.50615 49.7491 0
70437894 -26.3763 -2.10431 211.96 -0.0443363 0.11925 0.991874 -26.2196 -2.23999 212.025 -0.0425424 0.119895 0.991756 1.59234 -2.00228 16.9242 2.55326 49.7697 0
70566048 -26.359 -3.10772 211.952 -0.0484943 0.115441 0.99213 -25.9426 -3.44194 212.146 -0.0475373 0.117901 0.991751 1.63285 -1.98274 16.9797 2.58917 49.7761 0
70706457 -26.19 -4.41187 211.92 -0.053222 0.110872 0.992409 -25.6663 -4.66287 212.045 -0.0526521 0.115543 0.991783 1.65152 -1.9793 16.9861 2.62996 49.7824 0
70847047 -25.5305 -5.88255 212.071 -0.0580051 0.112407 0.991968 -25.1694 -5.87046 212.165 -0.0572852 0.11428 0.991702 1.69863 -1.96694 16.9766 2.65208 49.8745 0
70978483 -24.7992 -6.39054 212.249 -0.0552597 0.112325 0.992134 -24.502 -6.11535 212.409 -0.0567061 0.119506 0.991171 1.69576 -1.98102 17.2083 2.66702 49.7761 0
71113791 -24.4183 -7.0842 212.325 -0.0545316 0.113218 0.992073 -24.3058 -7.06996 212.389 -0.0532508 0.113597 0.991984 1.67306 -2.01147 17.8545 2.72936 49.1347 0
71243978 -24.0792 -8.39724 212.292 -0.0472533 0.105 0.993349 -23.9346 -8.66654 212.317 -0.0442772 0.103987 0.993495 1.65928 -2.03072 18.2069 2.77532 48.641 0
71377691 -23.7978 -9.4628 212.2 -0.0426628 0.0986748 0.994205 -23.6073 -9.43315 212.166 -0.0431573 0.100605 0.99395 1.64951 -2.04221 18.3609 2.80721 48.3743 0
71513558 -23.5112 -10.3836 212.14 -0.040669 0.095183 0.994629 -23.3866 -10.3125 212.141 -0.0424126 0.0985436 0.994152 1.64204 -2.05169 18.4641 2.83823 48.2156 0
71644963 -23.1838 -11.2469 212.093 -0.0393551 0.0912365 0.995051 -23.1567 -10.9729 211.981 -0.0428834 0.0956262 0.99445 1.63457 -2.06174 18.5006 2.86811 48.152 0
71777877 -22.7608 -12.1008 212.054 -0.0392637 0.088372 0.995313 -22.8035 -11.7382 211.945 -0.0444574 0.0932982 0.994574 1.62883 -2.0718 18.5355 2.90143 48.0997 0
71907576 -22.3124 -12.9773 212.043 -0.0395519 0.0854482 0.995557 -22.455 -12.4877 212.019 -0.0454182 0.0904875 0.994742 1.62251 -2.083 18.572 2.93648 48.0632 0
72045113 -21.7835 -13.8078 212.03 -0.0413948 0.0833513 0.99566 -21.8773 -13.4682 212.002 -0.0469885 0.0875522 0.994928 1.61877 -2.09191 18.5942 2.97383 48.0393 0
72185395 -21.1891 -14.8094 212.027 -0.0411879 0.078775 0.996041 -21.2979 -14.3309 211.973 -0.0487987 0.083887 0.995189 1.6113 -2.10771 18.6165 3.01519 48.025 0
72320871 -20.6003 -15.658 212.031 -0.041745 0.0753628 0.996282 -20.9628 -15.2948 211.955 -0.0482814 0.0790314 0.995674 1.60556 -2.12437 18.6609 3.05484 47.9822 0
72451896 -19.9946 -16.4669 212.037 -0.0422325 0.0721862 0.996497 -20.2028 -16.2474 211.933 -0.045439 0.073216 0.996238 1.60125 -2.1439 18.7466 3.09592 47.8965 0
72583128 -19.2149 -17.3603 212.007 -0.0390727 0.0663781 0.997029 -19.1791 -17.2748 211.915 -0.0348831 0.0636873 0.997237 1.59924 -2.17722 18.9435 3.14619 47.6996 0
72718875 -17.8966 -18.6604 212.081 -0.0188439 0.0530725 0.998413 -17.1419 -19.3117 212.103 -0.000470214 0.0451717 0.998953 1.60297 -2.21227 19.353 3.20853 47.3726 0
72857825 -16.9417 -19.5182 212.098 -0.00499481 0.0450971 0.99897 -16.3926 -19.8347 212.152 0.00333002 0.0421303 0.998984 1.60125 -2.21486 19.3594 3.22978 47.3726 0
72991808 -16.3178 -20.0682 212.099 -0.00193946 0.0428302 0.99908 -16.0535 -20.1605 212.182 0.00308952 0.0415218 0.999047 1.6001 -2.21601 19.3451 3.25248 47.3885 0
73121659 -15.6618 -20.6285 212.104 -0.000499937 0.0406613 0.999173 -15.4857 -20.6153 212.112 0.00223362 0.0417603 0.99903 1.59837 -2.21773 19.307 3.28063 47.4329 0
73254900 -14.875 -21.2175 212.112 0.000103266 0.0389718 0.99924 -14.8037 -21.1557 212.162 0.0012634 0.0405285 0.999039 1.5978 -2.21917 19.2372 3.31309 47.5091 0
73389111 -13.9983 -21.7885 212.127 0.000686641 0.0374923 0.999297 -14.0095 -21.5947 212.2 0.000165552 0.0404014 0.999061 1.59837 -2.2206 19.161 3.34843 47.5853 0
73519630 -13.1434 -22.3301 212.158 0.000914812 0.036231 0.999343 -13.207 -22.1336 212.36 -0.00166469 0.0402706 0.999089 1.59837 -2.22233 19.0832 3.38405 47.6599 0
73650786 -12.2294 -22.8412 212.169 0.00129896 0.0348953 0.99939 -12.414 -22.5623 212.398 -0.0026349 0.0390388 0.999098 1.59895 -2.22462 18.9816 3.42025 47.733 0
73780062 -11.3081 -23.3139 212.185 0.000750439 0.0343764 0.999409 -11.3952 -23.358 212.246 -0.00385627 0.039154 0.999096 1.59952 -2.22664 18.8895 3.45702 47.7726 0
73913937 -10.3378 -23.8682 212.185 0.00187892 0.0329805 0.999454 -10.4829 -23.7716 212.393 -0.00555669 0.0375541 0.999148 1.59895 -2.23181 18.7784 3.49494 47.8218 0
74048076 -9.38172 -24.2165 212.203 0.000543446 0.0324409 0.999474 -9.52453 -24.1733 212.316 -0.000400675 0.0323334 0.999388 1.60182 -2.23382 18.6498 3.52998 47.8552 0
74185009 -8.28461 -24.6306 212.194 0.00309383 0.0298507 0.99955 -8.25332 -24.6902 212.249 0.007193 0.0277325 0.999546 1.60469 -2.23841 18.4863 3.56963 47.9028 0
74323283 -7.14389 -25.0126 212.161 0.00645212 0.0264334 0.99963 -6.96181 -24.9937 212.16 0.0124607 0.0240791 0.999504 1.60814 -2.24186 18.2799 3.60984 48.006 0
74460260 -6.01823 -25.3009 212.13 0.00899643 0.0232925 0.999688 -5.77399 -25.2967 212.071 0.0168756 0.0203121 0.999604 1.61159 -2.24272 18.0878 3.64748 48.133 0
74593655 -4.95284 -25.5803 212.103 0.0120716 0.0200709 0.999726 -4.79226 -25.6177 211.986 0.0194486 0.0183575 0.999535 1.61389 -2.24416 17.9068 3.68453 48.287 0
74730146 -3.82216 -25.7229 212.07 0.0137822 0.0184279 0.999735 -3.68116 -25.7163 211.987 0.0200633 0.0176319 0.999603 1.61906 -2.24215 17.7433 3.72245 48.4473 0
74863922 -2.74238 -25.8907 212.045 0.0152618 0.0167868 0.999743 -2.5705 -25.9281 212.001 0.0207976 0.0171376 0.999524 1.62251 -2.24129 17.5719 3.76095 48.6267 0
74997294 -1.67737 -25.9599 212.052 0.0169383 0.0157368 0.999733 -1.46285 -26.0176 212.002 0.0217834 0.0154301 0.999566 1.62768 -2.23899 17.4099 3.79714 48.822 0
75129631 -0.853802 -25.8695 212.011 0.0127061 0.0120081 0.999847 -0.350862 -26.1037 212.115 0.0223978 0.0145708 0.999525 1.63342 -2.23267 17.2194 3.83363 49.0633 0
75259669 0.478337 -26.0097 212.104 0.0156457 0.0133461 0.999789 0.892494 -26.0771 212.215 0.0208168 0.013591 0.999636 1.64146 -2.22405 17.0051 3.86781 49.3046 0
75390566 1.59681 -25.9538 212.129 0.016172 0.0125072 0.999791 1.9049 -26.0571 212.206 0.0199708 0.0119955 0.999681 1.65037 -2.21601 16.8162 3.90114 49.4951 0
75520359 2.61534 -25.8485 212.148 0.0145862 0.0116856 0.999825 2.69457 -25.9306 212.188 0.0190006 0.0107637 0.99969 1.65956 -2.2048 16.648 3.93417 49.6459 0
75655424 3.70744 -25.7007 212.154 0.0141021 0.010781 0.999842 3.84113 -25.6912 212.156 0.0155891 0.0095194 0.99972 1.6699 -2.19504 16.4828 3.96951 49.7745 0
75789517 4.72812 -25.5941 212.123 0.0136179 0.00928264 0.999864 4.74831 -25.4442 212.236 0.0140081 0.00853963 0.999831 1.67938 -2.18814 16.2892 4.0057 49.911 0
75919957 5.77095 -25.2965 212.13 0.0108919 0.00831727 0.999906 5.76942 -25.3299 212.106 0.0120599 0.00754574 0.999824 1.69116 -2.17809 16.1399 4.04104 50.0078 0
76051380 6.79375 -25.0432 212.135 0.00975986 0.00727523 0.999926 6.90145 -24.9706 212.174 0.0102338 0.00655248 0.999816 1.69949 -2.1732 16.0098 4.07838 50.084 0
76189625 7.82402 -24.7092 212.112 0.00859514 0.00626249 0.999943 7.78827 -24.515 212.121 0.0106043 0.00582564 0.999886 1.70639 -2.16976 15.8955 4.1186 50.1507 0
76323959 8.91923 -24.3546 212.098 0.00813453 0.00587945 0.99995 9.02722 -24.2899 212.088 0.00925944 0.00618311 0.999861 1.70869 -2.16832 15.8336 4.16428 50.2015 0
76454542 9.96759 -23.9648 212.095 0.00785764 0.00544235 0.999954 10.1402 -23.9488 212.045 0.00938296 0.00594083 0.999884 1.71443 -2.16631 15.7431 4.20421 50.2777 0
76582380 10.9082 -23.565 212.088 0.00711589 0.00471568 0.999964 11.1593 -23.369 212.092 0.00755612 0.00506902 0.999864 1.71989 -2.16401 15.6558 4.23983 50.3492 0
76716124 11.9115 -23.0337 212.081 0.00746336 0.00493985 0.99996 11.9285 -23.0444 212.052 0.00864767 0.00642288 0.999842 1.72477 -2.16344 15.5923 4.27918 50.3936 0
76851130 12.8278 -22.5679 212.056 0.0072057 0.00466688 0.999963 12.9319 -22.476 211.988 0.00840766 0.00555922 0.999808 1.72793 -2.16257 15.5208 4.3194 50.4634 0
76984397 13.7643 -22.0111 212.076 0.00768695 0.00487924 0.999959 13.9236 -21.8921 212.146 0.00962903 0.00544403 0.99981 1.7331 -2.16229 15.4478 4.35818 50.5333 0
77116986 14.6711 -21.3838 212.071 0.00792404 0.00464212 0.999958 14.6925 -21.3363 212.082 0.0106043 0.00582564 0.999886 1.73741 -2.16114 15.3875 4.39811 50.5936 0
77250670 15.664 -20.7425 212.062 0.00970547 0.00553671 0.999938 15.6978 -20.5516 212.108 0.0101103 0.00679476 0.999793 1.74144 -2.16372 15.2954 4.44494 50.7143 0
77380993 16.4528 -20.0653 212.08 0.00973466 0.00578474 0.999936 16.4624 -19.8736 212.144 0.0115738 0.00717888 0.999865 1.74488 -2.16315 15.243 4.482 50.7778 0
77512038 17.2012 -19.4565 212.083 0.00997173 0.00562632 0.999934 17.3432 -19.1903 212.182 0.0125501 0.00705019 0.999747 1.74689 -2.16315 15.1636 4.52049 50.8714 0
77647549 18.04 -18.6532 212.097 0.0107391 0.00625825 0.999923 18.2242 -18.532 212.107 0.0133975 0.00840281 0.999727 1.74862 -2.16315 15.1271 4.56215 50.9079 0
77780621 18.8238 -17.8787 212.107 0.0104474 0.00613752 0.999927 18.9993 -17.8651 212.033 0.0136404 0.00878066 0.99981 1.75092 -2.16171 15.0827 4.60208 50.9524 0
77912745 19.5369 -17.1085 212.092 0.0108852 0.00653649 0.999919 19.7743 -17.0659 212.171 0.0140037 0.00926835 0.999758 1.75293 -2.16114 15.0398 4.64086 50.9953 0
78044348 20.2221 -16.3171 212.102 0.0114191 0.00714127 0.999909 20.3196 -16.2802 212.198 0.0149776 0.00989287 0.99981 1.75494 -2.16056 15.0017 4.67935 51.0334 0
78178666 20.8817 -15.4433 212.131 0.0113033 0.00744849 0.999908 20.9858 -15.505 212.115 0.0148519 0.0104995 0.99975 1.75724 -2.15913 14.9811 4.71957 51.054 0
78306782 21.4846 -14.6316 212.108 0.011332 0.00760778 0.999907 21.6513 -14.6131 212.02 0.0147298 0.0104989 0.999751 1.75925 -2.15769 14.9493 4.75778 51.0651 0
78436990 22.075 -13.744 212.113 0.0111748 0.00788976 0.999906 22.2186 -13.9329 212.17 0.0135029 0.0117194 0.99976 1.76212 -2.15597 14.9255 4.79627 51.0715 0
78574449 22.6111 -12.8037 212.115 0.0106799 0.00816187 0.99991 22.5719 -13.0346 212.078 0.0109436 0.0108438 0.999746 1.76585 -2.15396 14.8938 4.83563 51.0715 0
78710949 23.1443 -11.8493 212.098 0.0101721 0.00867593 0.999911 23.2377 -12.0273 212.082 0.0108182 0.0115842 0.999795 1.76873 -2.15223 14.8588 4.87814 51.081 0
78845587 23.5973 -10.862 212.122 0.00999093 0.0100097 0.9999 23.6798 -11.139 212.1 0.0108104 0.0130538 0.99977 1.77476 -2.15022 14.8239 4.91693 51.0905 0
78983044 24.0173 -9.92479 212.09 0.00968912 0.0111348 0.999891 24.0189 -10.14 211.996 0.00971038 0.0132911 0.999754 1.78998 -2.14132 14.6937 4.95714 51.1381 0
79121750 24.4074 -8.92428 212.019 0.0076033 0.0115202 0.999905 24.1584 -8.5744 211.95 0.00580359 0.0133925 0.999775 1.7963 -2.13528 14.608 5.00196 51.1858 0
79258590 24.7231 -7.93156 211.992 0.00638886 0.0104728 0.999925 24.3768 -7.7893 211.98 0.00592371 0.0138912 0.999847 1.77189 -2.14448 14.8509 5.04677 50.9921 0
79397719 25.008 -6.64306 212.025 0.00554622 0.0114439 0.999919 24.8247 -6.55177 211.965 0.00506976 0.0136317 0.999757 1.78338 -2.13844 14.6795 5.09963 51.2207 0
79534358 25.2508 -5.43928 212.061 0.0048348 0.0120033 0.999916 24.824 -5.67244 211.875 0.00457665 0.014613 0.999785 1.77275 -2.14361 14.8636 5.14444 51.0699 0
79672317 25.4656 -4.28934 212.076 0.00412259 0.0118422 0.999921 25.156 -4.31451 211.96 0.00421118 0.0144897 0.9998 1.76815 -2.14419 14.8747 5.19587 51.127 0
79807191 25.6194 -3.27129 212.08 0.00366124 0.0117748 0.999924 25.4949 -3.3043 211.968 0.00323321 0.0147276 0.999784 1.76241 -2.14505 14.8811 5.24384 51.1985 0
79939326 25.7422 -2.18276 212.081 0.00320392 0.0120051 0.999923 25.5982 -2.16853 212.077 0.00360086 0.0144866 0.999805 1.75637 -2.14476 14.8588 5.29842 51.3271 0
