684 22.1343 -21.9616 214.173 0.215602 -0.213717 0.952807 24.4856 -19.3419 214.13 0.240128 0.00244981 0.970641 -1.16201 2.56274 8.1707 6.07376 60.8314 0
84970 23.1906 -22.9982 213.596 0.210972 -0.209231 0.954837 24.3809 -19.3359 214.13 0.239438 0.00290447 0.970857 -1.09019 2.59693 10.5154 6.03843 58.347 0
172331 24.2632 -23.5348 213.075 0.207642 -0.197142 0.958134 24.291 -19.8688 213.327 0.208065 0.0192943 0.977894 -1.03389 2.61933 12.6173 6.01861 56.088 0
259501 24.9336 -23.6997 212.726 0.201785 -0.185852 0.961635 24.9384 -20.0894 213.081 0.197649 0.0350788 0.979594 -1.00717 2.63054 14.0587 6.01459 54.502 0
347633 25.2819 -23.6782 212.482 0.193188 -0.180292 0.964455 25.4734 -20.0634 212.821 0.189524 0.0492227 0.980549 -0.999702 2.63829 14.9223 6.02177 53.4845 0
434854 25.5051 -23.4172 212.33 0.183822 -0.175017 0.967253 25.6887 -19.8667 212.553 0.180986 0.0602089 0.98159 -1.00918 2.63916 15.5097 6.04073 52.7542 0
522220 25.6509 -22.941 212.234 0.174751 -0.170405 0.969755 26.0491 -19.4041 212.481 0.171518 0.0677195 0.982763 -1.0313 2.63485 15.8383 6.06974 52.2732 0
609341 25.7442 -22.3717 212.177 0.166085 -0.165823 0.972069 26.2866 -18.8186 212.292 0.164117 0.07377 0.983545 -1.05888 2.62767 16.0479 6.10249 51.9192 0
697575 25.8331 -21.6491 212.145 0.15832 -0.159815 0.974369 26.5306 -18.2152 212.214 0.156285 0.0791285 0.984408 -1.09192 2.61675 16.1717 6.1407 51.6461 0
784870 25.9129 -20.918 212.126 0.152098 -0.153299 0.976404 26.6504 -17.4953 212.129 0.150941 0.0849517 0.984798 -1.12323 2.60497 16.2447 6.17718 51.435 0
871956 25.9295 -20.1731 212.111 0.144637 -0.148316 0.978306 26.6569 -16.7681 212.16 0.146102 0.0923009 0.984897 -1.15655 2.59377 16.2717 6.21568 51.2604 0
959243 25.928 -19.4312 212.11 0.137477 -0.143692 0.980027 26.6711 -15.8265 212.059 0.142318 0.099162 0.984775 -1.18873 2.58285 16.2765 6.2536 51.1223 0
1047506 25.9498 -18.647 212.103 0.131116 -0.138456 0.981651 26.7859 -14.9099 211.961 0.139654 0.107602 0.984221 -1.21946 2.57165 16.2765 0.00890539 50.9857 0
1134733 25.9592 -17.9063 212.091 0.125588 -0.133795 0.983019 26.9004 -14.0898 211.983 0.136231 0.115758 0.983836 -1.24733 2.56131 16.2527 0.0448142 50.8762 0
1222047 25.9745 -17.0988 212.092 0.119945 -0.128309 0.984454 26.917 -13.1389 211.995 0.132463 0.122836 0.983447 -1.27577 2.5501 16.2416 0.0830212 50.7619 0
1309134 25.9694 -16.3462 212.095 0.114163 -0.123873 0.985709 27.0247 -12.3273 211.909 0.129498 0.130681 0.982837 -1.30191 2.54034 16.2368 0.119217 50.6524 0
1397362 25.9693 -15.5589 212.094 0.108568 -0.119678 0.986859 26.9287 -11.3694 211.924 0.125882 0.138099 0.982287 -1.32748 2.53086 16.2241 0.15685 50.5476 0
1484619 25.9701 -14.8273 212.087 0.103667 -0.116039 0.98782 26.9356 -10.5462 211.839 0.121801 0.145802 0.981718 -1.34989 2.52252 16.2114 0.19161 50.4507 0
1571953 25.9817 -13.9912 212.091 0.099381 -0.110653 0.988878 26.948 -9.71336 211.752 0.117136 0.152463 0.98127 -1.37315 2.51218 16.1892 0.229242 50.3666 0
1659033 25.98 -13.2287 212.099 0.0948288 -0.106109 0.989822 26.7646 -8.72254 211.765 0.110972 0.157445 0.981151 -1.39384 2.50328 16.1971 0.264002 50.2698 0
1747312 25.977 -12.4567 212.102 0.0902112 -0.102293 0.990655 26.7035 -7.94476 211.794 0.101449 0.160457 0.98168 -1.41366 2.49523 16.2082 0.299623 50.1682 0
1834518 25.9843 -11.718 212.1 0.0863962 -0.0987927 0.99135 26.5122 -7.16192 211.714 0.0937021 0.162805 0.982112 -1.4309 2.48805 16.2146 0.333234 50.0777 0
1921719 25.9891 -10.917 212.108 0.0824618 -0.094804 0.992075 26.3127 -6.37445 211.748 0.0871202 0.165875 0.982198 -1.44842 2.4803 16.2304 0.369143 49.9856 0
2009048 25.9991 -10.1865 212.106 0.0790824 -0.0919113 0.992622 26.1422 -5.68109 211.788 0.0763388 0.167174 0.982931 -1.46307 2.47426 16.2479 0.402179 49.8967 0
2096071 25.9898 -9.38111 212.104 0.075272 -0.0879577 0.993276 26.0706 -4.89692 211.594 0.0673869 0.16706 0.98352 -1.47887 2.46679 16.2797 0.437801 49.7872 0
2228034 25.91 -5.08318 211.751 0.055841 0.157113 0.986001 25.3945 -4.9317 211.706 0.0415334 0.145145 0.98845 -1.47485 2.47455 16.7162 0.426022 49.4951 0
2354962 25.5453 -5.53753 211.892 0.038416 0.136926 0.989836 25.1206 -5.98431 211.923 0.0224959 0.120173 0.992428 -1.4668 2.48518 17.1194 0.417117 49.3252 0
2483042 25.5343 -5.55868 212.017 0.0264936 0.119469 0.992484 25.063 -6.10967 212.161 0.0151431 0.113412 0.993291 -1.45474 2.49868 17.2464 0.433204 49.3284 0
2609757 25.5337 -5.04245 212.103 0.0170413 0.10915 0.993879 25.295 -5.30609 212.186 0.00996385 0.110353 0.993725 -1.45158 2.50759 17.175 0.471124 49.4474 0
2737825 25.6972 -4.00771 212.155 0.0110172 0.103538 0.994565 25.5571 -4.18646 212.29 0.0050473 0.110195 0.993856 -1.44727 2.51563 16.9909 0.522833 49.6411 0
2864620 25.8229 -2.85529 212.193 0.00624117 0.100123 0.994956 25.8432 -2.84137 212.372 -0.000280515 0.109575 0.993921 -1.44555 2.52252 16.7543 0.576265 49.8538 0
2992360 25.9254 -1.60279 212.217 0.00156974 0.0974822 0.995236 26.0227 -1.3716 212.443 -0.00503345 0.108537 0.994016 -1.44555 2.52913 16.4876 0.631421 50.0602 0
3119303 25.9922 -0.469887 212.242 -0.00244482 0.094737 0.995499 26.0433 -0.351923 212.452 -0.0103074 0.0963284 0.995264 -1.44641 2.53574 16.2193 0.680832 50.2285 0
3249472 26.0176 0.606055 212.227 -0.00616414 0.0868987 0.996198 26.148 0.476828 212.369 -0.0151101 0.078552 0.996701 -1.44641 2.54378 15.8764 0.731679 50.4079 0
3375526 26.0139 1.63882 212.201 -0.00912254 0.0774534 0.996954 25.9957 1.39525 212.282 -0.0150965 0.0652224 0.997694 -1.44382 2.55154 15.551 0.781664 50.6047 0
3504378 25.9882 2.77805 212.166 -0.0106498 0.0689772 0.997561 25.9561 2.37169 212.187 -0.0141806 0.0564432 0.998201 -1.4375 2.55872 15.2414 0.833947 50.8048 0
3631136 25.9604 3.85063 212.131 -0.0111544 0.0602112 0.998123 25.8222 3.557 212.071 -0.0129215 0.0500836 0.998576 -1.42544 2.56763 14.9954 0.882208 50.9746 0
3757468 25.9006 5.02242 212.088 -0.0112339 0.0543367 0.998459 25.8131 4.8403 212.055 -0.011774 0.0451974 0.998803 -1.40906 2.57481 14.8176 0.928746 51.1286 0
3884230 25.8979 6.14445 212.062 -0.00992524 0.047307 0.998831 25.7952 6.11409 212.038 -0.00967439 0.0413337 0.999025 -1.3789 2.58572 14.7033 0.967815 51.254 0
4010370 25.8698 7.2795 212.024 -0.00786708 0.0408497 0.999134 25.8534 7.26119 211.921 -0.00517669 0.0368836 0.999252 -1.34041 2.59549 14.7588 0.997691 51.2921 0
4137555 25.9026 8.46048 212.016 -0.00309505 0.0355128 0.999364 25.7961 8.53281 211.795 0.000876355 0.0320339 0.99936 -1.29387 2.60411 14.9668 1.01866 51.2921 0
4264144 25.8745 9.62701 211.956 0.00287782 0.0318225 0.999489 25.8277 9.5895 211.912 0.0077272 0.027855 0.999504 -1.24675 2.61014 15.2954 1.03101 51.262 0
4390447 25.912 10.7613 211.944 0.00870743 0.0278918 0.999573 25.9459 10.9835 211.763 0.0090135 0.0325299 0.999365 -1.19476 2.61531 15.8875 1.03389 51.081 0
4517720 25.9508 12.2959 211.972 0.00366388 0.0458629 0.998941 26.0231 13.1544 211.973 -0.0092725 0.0807228 0.996588 -1.15138 2.62048 16.5321 1.03705 50.8746 0
4645167 25.9857 13.5558 212.087 -0.00378741 0.0637322 0.99796 25.9664 14.1959 212.204 -0.0154705 0.093486 0.995429 -1.12409 2.62996 16.9226 1.04509 50.7143 0
4773323 25.9519 14.6813 212.096 -0.00929887 0.0764777 0.997028 25.8691 15.1688 212.108 -0.0192227 0.098086 0.994924 -1.09852 2.64318 17.248 1.05744 50.5095 0
4900702 25.9452 15.6663 212.114 -0.0137632 0.0821969 0.996521 25.8805 16.0613 212.131 -0.0235054 0.0995521 0.994629 -1.07554 2.66099 17.5735 1.07296 50.2602 0
5027463 25.8807 16.6871 212.121 -0.0181939 0.0860065 0.996128 25.636 16.9995 212.041 -0.0244646 0.0970798 0.994904 -1.05313 2.6834 17.9481 1.09077 49.938 0
5155424 25.8055 17.7461 212.122 -0.0215592 0.0856656 0.996091 25.52 17.907 212.178 -0.0277989 0.0873629 0.995729 -1.02843 2.71327 18.4053 1.11001 49.5332 0
5282826 25.7432 18.7007 212.118 -0.0239307 0.0781475 0.996655 25.4485 18.6313 212.109 -0.0266771 0.0700296 0.997106 -1.00315 2.74688 19.0165 1.12581 48.9791 0
5414833 25.7219 19.6466 212.091 -0.0217362 0.0631912 0.997765 25.535 19.1911 212.058 -0.0207977 0.0444045 0.998726 -0.970401 2.78595 19.8341 1.1373 48.2886 0
5543460 25.8137 20.3915 212.074 -0.0178908 0.0428526 0.998921 25.8227 19.6342 212.022 -0.0137216 0.0172394 0.999617 -0.932481 2.82272 20.9136 1.14477 47.4424 0
5670312 25.9294 21.2 212.12 -0.0132939 0.0199712 0.999712 26.0461 20.2944 212.192 -0.00898582 -0.00595595 0.999912 -0.887092 2.85432 22.1486 1.14851 46.5233 0
5797638 25.9518 22.1091 212.186 -0.012214 -0.00334535 0.99992 26.2284 21.3637 212.212 -0.00774183 -0.0256979 0.999568 -0.824754 2.8796 23.5568 1.14736 45.4612 0
5924324 26.039 23.1246 212.258 -0.0143608 -0.0204894 0.999687 26.2002 22.5609 212.324 -0.0172953 -0.0308949 0.99934 -0.735413 2.90201 24.8156 1.13501 44.5325 0
6049717 25.9267 24.3754 212.301 -0.0239656 -0.027565 0.999333 26.1062 24.676 212.336 -0.0339751 -0.0255933 0.999066 -0.640614 2.92327 25.4776 1.12438 43.9833 0
6176128 25.4571 25.2119 212.196 -0.0268596 -0.0287824 0.999225 25.5518 25.6824 212.132 -0.0366578 -0.0214194 0.998948 -0.640326 2.92758 25.4633 1.15023 43.9245 0
6303053 24.4706 25.8174 212.16 -0.0314171 -0.0265136 0.999155 24.7315 26.4567 212.186 -0.0373248 -0.0233342 0.998914 -0.683704 2.91293 25.3649 1.19562 43.915 0
6430191 23.4678 26.0849 212.142 -0.0318544 -0.0269575 0.999129 23.7673 26.6778 212.301 -0.0398489 -0.0241028 0.998806 -0.739148 2.89626 25.1252 1.24618 44.015 0
6556942 22.3903 26.2892 212.189 -0.0364786 -0.0252337 0.999016 22.8704 26.8736 212.417 -0.0496041 -0.022146 0.998466 -0.806369 2.87299 24.7236 1.3022 44.2198 0
6685472 21.377 26.3375 212.224 -0.0392724 -0.0255141 0.998903 22.0444 26.6236 212.471 -0.0367986 -0.036228 0.998623 -0.87991 2.84829 24.0394 1.3631 44.5976 0
6813257 20.4076 26.2402 212.239 -0.0350916 -0.0299793 0.998934 21.223 26.3033 212.416 -0.0247605 -0.0439703 0.998641 -0.950004 2.821 23.1631 1.42716 45.1183 0
6943070 19.4184 26.0825 212.232 -0.0282825 -0.0346649 0.998999 19.9799 25.9678 212.255 -0.015466 -0.0468981 0.998723 -1.01435 2.79285 22.2264 1.49151 45.6946 0
7070331 18.3805 25.8889 212.229 -0.0193274 -0.0403106 0.999 18.887 25.843 212.292 -0.00766241 -0.0473595 0.99871 -1.07928 2.7624 21.3216 1.55959 46.2629 0
7196567 17.2139 25.8316 212.208 -0.0125949 -0.0417752 0.999048 17.691 25.6882 212.106 -0.00127708 -0.0459454 0.998907 -1.13472 2.73252 20.5389 1.62739 46.7423 0
7325076 15.9319 25.8287 212.154 -0.00846391 -0.0406888 0.999136 16.2052 25.5628 212.038 0.00069582 -0.0431625 0.998945 -1.18557 2.70322 19.8515 1.69518 47.1646 0
7455228 14.6081 25.8614 212.125 -0.00358372 -0.0392796 0.999222 14.7461 25.5509 212.068 0.00116 -0.039484 0.999172 -1.22837 2.68253 19.2435 1.76269 47.5631 0
7582589 13.4295 25.8471 212.091 -0.00225937 -0.0368331 0.999319 13.4763 25.424 211.997 0.00380287 -0.0387391 0.999157 -1.26313 2.66501 18.7689 1.81727 47.8742 0
7709130 12.2791 25.8438 212.076 -0.00106546 -0.0347374 0.999396 12.3431 25.4109 212.024 0.0050759 -0.0382339 0.999198 -1.29301 2.65151 18.3275 1.86956 48.1806 0
7836443 11.1825 25.8272 212.088 0.00201976 -0.0344336 0.999405 11.2901 25.2734 212.062 0.00859148 -0.0373253 0.999146 -1.3203 2.64289 17.9576 1.92242 48.4426 0
7963201 10.0557 25.8278 212.09 0.00375793 -0.0332628 0.99944 10.2317 25.1386 212.099 0.0126929 -0.0367145 0.99911 -1.34385 2.63513 17.6052 1.97384 48.6807 0
8090399 8.88187 25.9016 212.07 0.00552906 -0.0313266 0.999494 9.18437 25.2198 212.002 0.0174688 -0.0367754 0.999128 -1.35793 2.63025 17.2957 2.02411 48.9029 0
8216864 7.86312 25.8595 212.083 0.00974485 -0.0309214 0.999474 8.12748 25.178 212.027 0.0224804 -0.0342721 0.999123 -1.37574 2.62709 16.9861 2.07323 49.1284 0
8345152 6.6354 25.8426 212.068 0.00964234 -0.0287499 0.99954 7.07136 25.1442 212.054 0.0274096 -0.0326401 0.998964 -1.39039 2.62077 16.7083 2.12408 49.3411 0
8472911 5.64328 25.8073 212.082 0.0144671 -0.0282544 0.999496 6.13938 25.0851 211.968 0.0306619 -0.0305973 0.998924 -1.40044 2.61962 16.5178 2.17062 49.4935 0
8599172 4.59137 25.7942 212.089 0.0174631 -0.0270157 0.999482 5.00083 25.1853 212.094 0.0338595 -0.0291591 0.998948 -1.40705 2.61761 16.3654 2.21629 49.6268 0
8726830 3.40845 25.8107 212.093 0.0194514 -0.0255083 0.999485 3.85109 25.1463 212.01 0.0366256 -0.0270716 0.998916 -1.41107 2.6156 16.2558 2.26456 49.7221 0
8853741 2.35179 25.8178 212.09 0.0225957 -0.0243028 0.999449 2.71299 25.1177 212.038 0.0384194 -0.0248946 0.998897 -1.41194 2.61531 16.2114 2.30793 49.7665 0
8980944 1.19271 25.8189 212.088 0.0248295 -0.0227239 0.999433 1.5833 25.2149 212.165 0.0406637 -0.0231375 0.998787 -1.41107 2.61503 16.1812 2.35332 49.7999 0
9108809 0.0206022 25.8307 212.088 0.0235023 -0.0211045 0.999501 0.334989 25.0733 212.093 0.0410017 -0.020814 0.99891 -1.40791 2.61301 16.1781 2.39354 49.8205 0
9238250 -1.30474 25.9006 212.066 0.0191397 -0.0193216 0.99963 -0.78219 25.1623 212.109 0.0416221 -0.0193952 0.998874 -1.39958 2.61043 16.2019 2.43261 49.8284 0
9365445 -2.38114 25.8881 212.077 0.017706 -0.0181399 0.999679 -1.79735 25.1155 212.134 0.0421474 -0.0163573 0.998919 -1.39355 2.60957 16.2241 2.46737 49.8491 0
9491780 -3.43839 25.9021 212.083 0.018448 -0.0165216 0.999693 -2.92631 25.0873 212.161 0.0429579 -0.0142118 0.998927 -1.38292 2.61187 16.2733 2.50127 49.8523 0
9617617 -4.56444 25.8848 212.09 0.0172767 -0.015139 0.999736 -3.95033 24.9299 212.199 0.0433588 -0.0111751 0.998853 -1.37143 2.6133 16.3352 2.53488 49.8523 0
9745329 -5.67726 25.8728 212.095 0.0166639 -0.0133577 0.999772 -5.18604 24.9021 212.116 0.0434181 -0.00920436 0.998895 -1.35563 2.61675 16.4082 2.56561 49.8523 0
9872880 -6.78004 25.8551 212.099 0.0155999 -0.0115754 0.999811 -6.29917 24.8804 212.253 0.0428057 -0.0065495 0.999007 -1.33667 2.62135 16.4971 2.59319 49.8475 0
9999693 -7.82401 25.8354 212.098 0.0152711 -0.00970445 0.999836 -7.32464 24.7242 212.18 0.0430834 -0.00485536 0.99895 -1.31369 2.62824 16.621 2.61617 49.8189 0
10126216 -8.9117 25.7993 212.107 0.0162411 -0.00790395 0.999837 -8.33751 24.5564 212.105 0.0420067 -0.00191394 0.999043 -1.28611 2.63858 16.8178 2.63858 49.7459 0
10253379 -10.0391 25.7817 212.101 0.0164557 -0.00639826 0.999844 -9.56108 24.6127 212.011 0.0418373 0.00290757 0.999045 -1.25221 2.65237 17.094 2.65639 49.6157 0
10379548 -11.1413 25.7887 212.085 0.0171403 -0.00443111 0.999843 -11.0233 24.671 212.041 0.0306775 0.000141703 0.999466 -1.21228 2.67191 17.4227 2.66875 49.4538 0
10507096 -12.3468 25.7958 212.096 0.016219 -0.00391606 0.999861 -12.3921 24.6105 212.082 0.020352 -0.00284816 0.999645 -1.17005 2.6946 17.8656 2.67966 49.2188 0
10633851 -13.4651 25.7861 212.105 0.0149294 -0.0035628 0.999882 -13.5743 24.748 212.209 0.0162955 -0.0043166 0.999767 -1.12926 2.71873 18.3275 2.68656 48.9569 0
10760857 -14.7132 25.7415 212.117 0.0115352 -0.00445279 0.999924 -14.5685 24.82 212.223 0.0156365 -0.00215784 0.999807 -1.08818 2.74229 18.8641 2.69402 48.6204 0
10888132 -15.7443 25.7219 212.12 0.0120731 -0.0035775 0.999921 -15.582 24.9167 212.238 0.0170593 -0.00266718 0.999703 -1.04825 2.76872 19.4388 2.69747 48.2219 0
11016084 -16.8623 25.7327 212.129 0.0120884 -0.00287027 0.999923 -16.6212 24.8939 212.263 0.0201665 -0.00220878 0.999707 -1.00257 2.79716 20.1135 2.69747 47.7552 0
11142740 -17.9109 25.7417 212.13 0.0129284 -0.00273915 0.999913 -17.4326 25.0824 212.374 0.0251187 -0.00167625 0.999659 -0.959197 2.82186 20.7786 2.69747 47.2758 0
11268092 -18.9979 25.7468 212.145 0.0130736 -0.00381035 0.999907 -18.3592 25.1699 212.277 0.0288711 -0.00350993 0.999513 -0.913234 2.84427 21.4644 2.69747 46.7916 0
11396121 -20.125 25.7699 212.154 0.0135384 -0.00570523 0.999892 -19.3777 25.2947 212.403 0.0311102 -0.00581405 0.999451 -0.861238 2.8661 22.1915 2.69575 46.2788 0
11523484 -21.1932 25.7959 212.167 0.0140216 -0.00778953 0.999871 -20.395 25.3113 212.429 0.0318643 -0.00959198 0.999328 -0.800624 2.88793 22.8979 2.68885 45.8184 0
11652046 -22.2947 25.7914 212.187 0.0160946 -0.00950609 0.999825 -21.7269 25.2636 212.471 0.0295234 -0.0150487 0.999326 -0.707261 2.91666 23.7092 2.66846 45.3612 0
11779710 -23.1497 25.7042 212.511 0.033604 -0.016879 0.999293 -23.924 25.5103 212.625 0.0140049 -0.0291616 0.999413 -0.577989 2.954 24.7998 2.63341 44.885 0
11909726 -24.0785 25.5636 212.374 0.0343046 -0.0288665 0.998994 -25.4303 24.4035 212.601 -0.00696554 -0.0636497 0.997903 -0.650955 2.93505 25.2205 2.69058 44.115 0
12038539 -24.469 25.141 212.497 0.052341 -0.0300563 0.998177 -25.3908 23.4814 212.689 0.0160266 -0.0629098 0.997781 -0.761267 2.91178 25.4491 2.77446 43.6531 0
12166114 -25.2834 24.3628 212.328 0.0448627 -0.0383746 0.998256 -25.5343 23.4002 212.577 0.0311855 -0.0553987 0.997886 -0.763278 2.90775 25.4999 2.79802 43.4022 0
12293472 -25.83 23.4539 212.267 0.0397741 -0.0444994 0.998217 -25.9223 21.6431 212.672 0.0304209 -0.067602 0.997187 -0.827914 2.87874 25.1062 2.85748 43.5039 0
12420623 -25.9851 22.3781 212.259 0.0377121 -0.0483919 0.998116 -25.4908 20.7655 212.62 0.0489854 -0.0523902 0.997285 -0.892837 2.84743 24.5188 2.91407 43.8182 0
12547251 -25.9187 21.3135 212.25 0.0406519 -0.0458541 0.998121 -25.3961 20.0844 212.562 0.0570515 -0.0420192 0.997387 -0.943972 2.821 23.9235 2.9632 44.1801 0
12673225 -25.7414 20.333 212.272 0.0456117 -0.0400655 0.998155 -25.3679 19.2519 212.53 0.0581534 -0.0380462 0.997446 -0.987637 2.79917 23.3472 3.00801 44.5691 0
12802460 -25.6735 19.286 212.258 0.0482941 -0.0354885 0.998203 -25.3309 18.3276 212.508 0.0572322 -0.0360946 0.997637 -1.02728 2.77733 22.7884 3.05484 44.9358 0
12929397 -25.7234 18.2408 212.23 0.048662 -0.0324124 0.998289 -25.3996 17.4107 212.487 0.0557252 -0.0338451 0.997811 -1.05831 2.75866 22.2931 3.09879 45.2628 0
13056489 -25.8012 17.1216 212.205 0.0471527 -0.0306692 0.998417 -25.4872 16.2842 212.491 0.0541031 -0.0328297 0.997867 -1.08991 2.73798 21.7692 3.14533 45.6295 0
13183237 -25.8389 15.993 212.186 0.0460775 -0.0284849 0.998532 -25.6648 15.2877 212.484 0.0512885 -0.032802 0.998053 -1.12122 2.71844 21.258 3.1933 45.9883 0
13311779 -25.8745 14.8894 212.166 0.043731 -0.0268574 0.998682 -25.6244 14.1493 212.485 0.047846 -0.0316065 0.998257 -1.14937 2.70063 20.7437 3.23926 46.3629 0
13439616 -25.9386 13.7511 212.163 0.0409667 -0.0272663 0.998788 -25.6031 12.916 212.387 0.0451155 -0.0333188 0.998373 -1.17752 2.68225 20.2897 3.28609 46.6947 0
13566233 -25.9376 12.6482 212.134 0.0388902 -0.0263585 0.998896 -25.7808 11.9196 212.38 0.0422981 -0.0333035 0.998438 -1.20424 2.66673 19.8357 3.33263 47.0106 0
13693392 -25.9725 11.5197 212.134 0.0366229 -0.0261067 0.998988 -25.861 10.7993 212.383 0.039881 -0.0329466 0.99858 -1.22894 2.65266 19.4166 3.38003 47.3234 0
13821059 -25.9913 10.4137 212.125 0.0338961 -0.0263159 0.999079 -25.9405 9.78804 212.375 0.0384581 -0.0324372 0.998684 -1.2525 2.63944 18.9959 3.42657 47.6393 0
13950590 -25.9906 9.29654 212.118 0.0317774 -0.0251649 0.999178 -25.8013 8.64067 212.376 0.0363498 -0.0313771 0.998748 -1.27548 2.62824 18.5768 3.47626 47.9615 0
14077069 -26.0003 8.17473 212.122 0.029579 -0.0253599 0.999241 -25.9759 7.514 212.379 0.032136 -0.0292444 0.998997 -1.29703 2.61761 18.2053 3.52567 48.2616 0
14204270 -26.0226 7.03431 212.128 0.0276142 -0.0257687 0.999286 -25.9114 6.81721 212.336 0.0304141 -0.027976 0.999031 -1.31714 2.60813 17.8783 3.57623 48.5235 0
14330952 -26.0379 5.91844 212.124 0.025448 -0.0265197 0.999324 -25.8113 5.44819 212.47 0.0306307 -0.0256413 0.999155 -1.33466 2.5998 17.5608 3.62507 48.7775 0
14458198 -26.0291 4.80206 212.114 0.0237252 -0.0260707 0.999379 -25.661 4.51133 212.447 0.0294855 -0.0234378 0.999202 -1.35017 2.59348 17.2512 3.67534 49.0236 0
14586927 -26.0231 3.7532 212.112 0.0220754 -0.025068 0.999442 -25.6646 3.23918 212.461 0.0297037 -0.0197493 0.999311 -1.3608 2.58946 16.9734 3.72159 49.2617 0
14716040 -26.0114 2.61814 212.123 0.0208939 -0.0240083 0.999493 -25.6327 2.19592 212.451 0.0282514 -0.0168953 0.999422 -1.37057 2.58601 16.7257 3.77129 49.4871 0
14844315 -25.9996 1.43718 212.114 0.0193302 -0.0244376 0.999514 -25.6021 1.1621 212.442 0.026949 -0.0150558 0.999387 -1.37631 2.58285 16.4987 3.81869 49.684 0
14970098 -25.9818 0.362746 212.117 0.0181503 -0.0231689 0.999567 -25.5777 0.010319 212.444 0.0252318 -0.0124212 0.999527 -1.37631 2.58256 16.3257 3.86034 49.8475 0
15098689 -25.9717 -0.809782 212.116 0.0169221 -0.0239665 0.99957 -25.5421 -1.01829 212.435 0.0233884 -0.0111416 0.999562 -1.37229 2.58199 16.1892 3.90027 49.9808 0
15225260 -25.9649 -1.93793 212.106 0.0161078 -0.0246711 0.999566 -25.5176 -2.14819 212.547 0.0219344 -0.00964127 0.999688 -1.36339 2.58285 16.1161 3.93503 50.0523 0
15352629 -25.9603 -3.06199 212.091 0.0151034 -0.0243354 0.99959 -25.5937 -3.04698 212.528 0.021227 -0.00933233 0.999673 -1.34902 2.58601 16.0653 3.96721 50.1078 0
15479949 -25.9434 -4.01758 212.095 0.0141063 -0.0185891 0.999728 -25.567 -4.1748 212.531 0.0192714 -0.00927435 0.999713 -1.33121 2.59463 16.0717 3.99823 50.138 0
15605971 -25.9477 -5.13049 212.104 0.0132 -0.0178352 0.999754 -25.665 -5.31067 212.425 0.0184862 -0.00847055 0.999649 -1.30909 2.60181 16.1273 4.02581 50.1444 0
15732549 -25.9327 -6.18989 212.108 0.0119618 -0.0153633 0.99981 -25.6246 -6.20293 212.515 0.017481 -0.00874386 0.999701 -1.28554 2.61158 16.205 4.05339 50.1444 0
15858591 -25.9233 -7.27931 212.118 0.00983428 -0.0118826 0.999881 -25.7168 -7.33719 212.407 0.0160691 -0.00811359 0.999792 -1.2571 2.62537 16.3162 4.08126 50.1444 0
15985951 -25.9299 -8.3777 212.113 0.00757371 -0.0105041 0.999916 -25.8867 -8.46632 212.523 0.011622 -0.00449632 0.999895 -1.22722 2.63973 16.4622 4.10625 50.1253 0
16114684 -25.9261 -9.51704 212.105 0.0055073 -0.00884334 0.999946 -25.9396 -9.50632 212.405 0.00705976 -0.00211308 0.999881 -1.19706 2.65582 16.686 4.13239 50.0459 0
16241928 -25.9325 -10.5334 212.108 0.00293181 -0.00425434 0.999987 -26 -10.6548 212.298 0.00223251 5.06793e-005 0.999895 -1.16661 2.67593 17.0067 4.15652 49.8999 0
16368655 -25.9527 -11.763 212.103 0.00182268 -0.00386993 0.999991 -25.9329 -12.0463 212.335 0.00465026 -0.00830776 0.999833 -1.13242 2.69632 17.4449 4.1795 49.6633 0
16496449 -25.9674 -12.8864 212.125 0.000895683 -0.00368056 0.999993 -25.8652 -13.3343 212.47 0.00835371 -0.0146863 0.999785 -1.09881 2.71787 17.9052 4.1976 49.4173 0
16624628 -25.974 -13.9926 212.141 -0.000548349 -0.000918261 0.999999 -25.7739 -14.6967 212.495 0.00924832 -0.0142809 0.999722 -1.06175 2.74487 18.4672 4.2134 49.0617 0
16752844 -25.9715 -15.1651 212.169 0.000307886 -0.00113847 0.999999 -25.7575 -15.7396 212.597 0.00974249 -0.010252 0.99979 -1.02498 2.769 19.0721 4.22547 48.6442 0
16879477 -25.9437 -16.3461 212.171 0.000561534 -0.00122108 0.999999 -25.8654 -16.901 212.6 0.0103052 -0.00548521 0.999904 -0.983615 2.79514 19.6912 4.2338 48.1933 0
17006962 -25.9323 -17.4649 212.188 0.00153826 -0.000539597 0.999999 -25.8298 -17.8454 212.691 0.00981495 -0.000146474 0.999861 -0.941099 2.82071 20.3278 4.23782 47.7107 0
17134974 -25.9143 -18.6502 212.203 0.00364523 -0.000713559 0.999993 -25.9095 -18.6898 212.55 0.0102861 0.00498189 0.999817 -0.891401 2.84685 21.0199 4.23839 47.1741 0
17261194 -25.8843 -19.8073 212.179 0.00618838 -0.00198786 0.999979 -25.7857 -19.7552 212.539 0.0109128 0.00912051 0.99987 -0.835671 2.87156 21.6645 4.2338 46.6614 0
17388672 -25.9036 -20.9312 212.204 0.00887731 -0.00136418 0.99996 -25.8965 -20.7519 212.644 0.0131334 0.00928202 0.999802 -0.761842 2.90057 22.3884 4.21943 46.1502 0
17517869 -25.9141 -22.0036 212.237 0.010927 -0.000213347 0.99994 -25.9542 -22.2031 212.57 0.0167452 0.00723007 0.999804 -0.659286 2.93332 23.0249 4.19214 45.766 0
17646269 -26.0437 -23.3009 212.382 0.0168391 0.00826487 0.999824 -26.2937 -23.9895 212.547 0.0224384 -0.00415013 0.999606 -0.424873 2.99451 23.3599 4.11199 45.7978 0
17773742 -26.6179 -25.7115 212.321 0.018948 -0.0158106 0.999695 -26.3106 -27.4331 212.281 0.0337862 -0.0498186 0.998114 -0.229817 3.04248 22.436 4.0396 46.4026 0
17900581 -26.0493 -26.7265 212.163 0.0302927 -0.0415891 0.998675 -26.0798 -27.6976 212.098 0.0410379 -0.0627847 0.99706 -0.27262 3.02582 22.5614 4.07091 46.3058 0
18028053 -25.3103 -26.8206 212.137 0.033378 -0.0497666 0.998203 -25.1755 -28.0988 212.234 0.0483999 -0.0639877 0.996642 -0.383506 2.98876 22.817 4.14101 46.228 0
18156659 -24.2592 -26.8328 212.179 0.0403759 -0.0546932 0.997687 -23.6117 -28.2399 212.462 0.0709388 -0.0758629 0.994505 -0.531738 2.94539 22.8598 4.22719 46.1851 0
18282715 -23.1849 -26.7552 212.217 0.0491177 -0.0555858 0.997245 -22.2485 -28.3943 212.586 0.0908765 -0.0853167 0.992059 -0.653541 2.90804 22.617 4.30016 46.2343 0
18409153 -22.1278 -26.6288 212.241 0.0550683 -0.0539954 0.997022 -21.3552 -27.9766 212.708 0.0854977 -0.064151 0.994196 -0.749777 2.87414 22.1312 4.36422 46.4661 0
18535592 -21.0743 -26.3975 212.25 0.0536696 -0.0463527 0.997482 -21.146 -26.8451 212.858 0.0539319 -0.0253969 0.998094 -0.826478 2.84283 21.4676 4.42426 46.8535 0
18664850 -20.0203 -26.1983 212.248 0.0490514 -0.0381505 0.998067 -20.2728 -26.7568 212.818 0.0458422 -0.018808 0.998715 -0.887379 2.81468 20.7612 4.48142 47.3027 0
18792390 -19.0079 -25.9764 212.25 0.0433247 -0.0298892 0.998614 -19.2239 -26.6466 212.669 0.0424856 -0.0179988 0.998834 -0.93995 2.78911 20.1151 4.53572 47.7266 0
18919396 -17.92 -25.8637 212.232 0.0375619 -0.0230933 0.999027 -18.0069 -26.8711 212.664 0.0420104 -0.0178332 0.998828 -0.984764 2.76642 19.5039 4.59174 48.1251 0
19047053 -16.8009 -25.9034 212.209 0.0338825 -0.0194935 0.999236 -16.7832 -27.0919 212.546 0.0405282 -0.0192946 0.998889 -1.02125 2.74602 18.953 4.64545 48.4918 0
19174719 -15.6611 -25.976 212.171 0.0312628 -0.017731 0.999354 -15.5717 -27.3092 212.43 0.0403583 -0.0211332 0.998835 -1.05486 2.72591 18.4164 4.6986 48.8474 0
19301560 -14.4673 -26.0359 212.148 0.0293443 -0.0162235 0.999438 -14.2392 -27.4077 212.412 0.0404874 -0.023731 0.998852 -1.08904 2.70523 17.9164 4.75404 49.1807 0
19429309 -13.359 -26.0632 212.133 0.0272378 -0.0156683 0.999506 -13.028 -27.4868 212.507 0.0419834 -0.0261013 0.998691 -1.11921 2.68742 17.4417 4.80546 49.5046 0
19556121 -12.1759 -26.121 212.135 0.026411 -0.0153958 0.999533 -11.8464 -27.8208 212.403 0.0439564 -0.0272836 0.99852 -1.14937 2.66961 17.0162 4.85976 49.7967 0
19684433 -11.0579 -26.1486 212.129 0.0260885 -0.0155303 0.999539 -10.6356 -27.8115 212.375 0.0462969 -0.028487 0.998466 -1.17896 2.65295 16.613 4.91204 50.0618 0
19810842 -9.8967 -26.1791 212.123 0.0266411 -0.0157654 0.999521 -9.42087 -27.8093 212.348 0.0482169 -0.0289202 0.998342 -1.20912 2.63686 16.2384 4.96634 50.2952 0
19936982 -8.76893 -26.2148 212.129 0.0270228 -0.0158448 0.999509 -8.09293 -27.9326 212.329 0.0488356 -0.0288551 0.998321 -1.23728 2.62364 15.8923 5.02006 50.519 0
20063512 -7.63229 -26.2761 212.128 0.028682 -0.0166156 0.99945 -7.0794 -27.7098 212.171 0.0503598 -0.0282638 0.998225 -1.26342 2.61187 15.5605 5.07291 50.7349 0
20191673 -6.41988 -26.3189 212.116 0.0320453 -0.0176064 0.999331 -5.85078 -27.7297 212.142 0.0507837 -0.0263266 0.998263 -1.29214 2.59923 15.2144 5.12893 50.9572 0
20318860 -5.36831 -26.2788 212.12 0.0315973 -0.0170297 0.999356 -4.58125 -27.5085 212.31 0.0495198 -0.0240995 0.998433 -1.31972 2.59147 14.8652 5.18409 51.2001 0
20446380 -4.21302 -26.2643 212.119 0.031848 -0.0166942 0.999353 -3.43448 -27.4164 212.16 0.0475906 -0.0224335 0.998553 -1.34673 2.58486 14.5032 5.2424 51.4493 0
20573900 -3.05959 -26.2666 212.122 0.0328983 -0.0165504 0.999322 -2.24204 -27.0813 212.207 0.0434626 -0.0206872 0.998717 -1.372 2.5794 14.1572 5.29842 51.6938 0
20700996 -1.90912 -26.1799 212.119 0.034071 -0.0155409 0.999299 -1.26922 -26.6284 212.135 0.0398456 -0.0187314 0.99897 -1.40246 2.57366 13.8222 5.35731 51.9208 0
20828053 -0.744515 -26.159 212.11 0.0338152 -0.0150758 0.999314 -0.177618 -26.4036 212.084 0.0332539 -0.0171242 0.999206 -1.42113 2.57165 13.5539 5.40931 52.1176 0
20954585 0.269351 -26.0969 212.118 0.030418 -0.0146162 0.99943 0.670172 -26.1368 212.148 0.0292566 -0.0166219 0.999371 -1.43176 2.5728 13.3698 5.45498 52.2589 0
21081117 1.41347 -26.054 212.104 0.0288513 -0.0146738 0.999476 1.72059 -26.0024 212.111 0.026017 -0.0171901 0.999382 -1.43348 2.57395 13.2793 5.49836 52.3224 0
21210103 2.48648 -26.0179 212.089 0.0273638 -0.0151508 0.999511 2.7463 -25.8842 211.963 0.0251552 -0.0172327 0.999406 -1.42572 2.57653 13.2745 5.53513 52.3256 0
21339769 3.62014 -26.0001 212.079 0.0270368 -0.015871 0.999508 3.73743 -25.9685 212.059 0.0264173 -0.0168485 0.99946 -1.4105 2.57998 13.319 5.5696 52.3129 0
21467212 4.7521 -25.9981 212.076 0.0268243 -0.0161143 0.99951 4.74072 -25.9516 212.034 0.0271685 -0.0166737 0.999425 -1.38867 2.58515 13.4523 5.6012 52.2351 0
21593312 5.8388 -25.98 212.075 0.0269214 -0.0160735 0.999508 5.64668 -25.8097 211.998 0.0275112 -0.0169491 0.999445 -1.36367 2.59147 13.6412 5.62936 52.1287 0
21721956 6.91081 -25.9689 212.069 0.0251924 -0.0168219 0.999541 6.55536 -25.5702 211.842 0.0283592 -0.0170398 0.999312 -1.33064 2.60267 13.8651 5.65579 52.0144 0
21849220 7.95705 -25.9517 212.056 0.0248395 -0.0172151 0.999543 7.66591 -25.6772 211.714 0.028172 -0.0177541 0.999389 -1.29559 2.61531 14.1286 5.67877 51.8874 0
21976453 9.11423 -25.9434 212.036 0.025461 -0.0169692 0.999532 8.65586 -25.7452 211.702 0.0292815 -0.0203328 0.999258 -1.25537 2.63111 14.4905 5.70089 51.7017 0
22104111 10.2485 -25.9487 212.041 0.0264275 -0.0164445 0.999515 9.9419 -25.8576 211.795 0.0346842 -0.0202201 0.99912 -1.21401 2.64979 14.8954 5.71956 51.508 0
22236701 11.4444 -25.964 212.049 0.0279328 -0.0156982 0.999487 11.4446 -26.014 211.886 0.0406872 -0.0175769 0.998955 -1.16804 2.67334 15.3795 5.73593 51.254 0
22360388 12.4835 -25.9538 212.051 0.0279337 -0.0154401 0.999491 12.8543 -26.17 211.867 0.0444695 -0.0150951 0.998859 -1.12754 2.69776 15.8415 5.75001 50.9842 0
22486832 13.6803 -25.9897 212.056 0.0303068 -0.0139392 0.999443 13.9637 -26.1685 211.84 0.0457615 -0.0143605 0.998754 -1.08043 2.72591 16.4289 5.7592 50.6127 0
22613264 14.7914 -26.0116 212.069 0.0315332 -0.0127741 0.999421 15.196 -26.3922 211.944 0.043921 -0.0130684 0.99891 -1.03446 2.75493 17.0432 5.76524 50.211 0
22740537 15.9121 -26.0507 212.098 0.0320948 -0.0116303 0.999417 16.3452 -26.4715 212.039 0.0401295 -0.0143174 0.999004 -0.986775 2.7848 17.7021 5.76811 49.7491 0
22868825 17.0341 -26.0619 212.098 0.0311566 -0.0110505 0.999453 17.3889 -26.5826 211.913 0.0351818 -0.0134838 0.999157 -0.934779 2.81669 18.4053 5.76897 49.2062 0
22995336 18.1783 -26.0949 212.08 0.0317242 -0.00852485 0.99946 18.2023 -26.6737 211.789 0.0310959 -0.0126075 0.999286 -0.884794 2.84312 19.0689 5.76868 48.687 0
23124747 19.3511 -26.1323 212.072 0.0317175 -0.00593044 0.999479 19.2264 -26.884 211.896 0.0277329 -0.0105531 0.999523 -0.825329 2.87156 19.7468 5.76437 48.1695 0
23251612 20.4256 -26.1959 212.036 0.0300438 -0.00512162 0.999535 20.2343 -27.0009 211.771 0.0266407 -0.00909878 0.999523 -0.758107 2.90115 20.3167 5.75633 47.752 0
23379840 21.4805 -26.2645 212.001 0.0280562 -0.00506285 0.999594 21.47 -26.9973 211.853 0.0265768 -0.00847058 0.999583 -0.68629 2.9293 20.7294 5.74714 47.4917 0
23508204 22.6981 -26.3198 211.992 0.0288619 -0.00357587 0.999577 22.784 -27.0227 211.823 0.0297715 -0.00704479 0.999485 -0.610738 2.95429 20.9898 5.73852 47.3615 0
23634456 23.808 -26.3208 211.952 0.0298856 -0.00330808 0.999548 23.9918 -26.8027 211.663 0.0343079 -0.00834095 0.999266 -0.541793 2.97526 21.1215 5.73134 47.3408 0
23761088 24.8003 -26.2701 211.924 0.0291639 -0.00481285 0.999563 25.2008 -26.6874 211.624 0.0379186 -0.00905156 0.999131 -0.478593 2.99422 21.2438 5.72559 47.3408 0
23889554 25.247 -25.8886 211.889 0.0237771 -0.0102062 0.999665 26.1686 -26.2807 211.555 0.0467862 -0.00323245 0.99882 -0.476295 2.99997 21.3803 5.74857 47.3408 0
24015831 25.6347 -25.1043 211.897 0.0221923 -0.0119763 0.999682 26.8824 -25.4044 211.666 0.051989 0.00538772 0.998554 -0.521109 2.99164 21.4724 5.79655 47.3424 0
24143108 26.0721 -24.0037 211.971 0.0244894 -0.00825168 0.999666 27.539 -24.3792 211.877 0.0527378 0.0122102 0.998454 -0.590341 2.97124 21.4438 5.85889 47.3789 0
24271258 26.2852 -22.8805 212.042 0.0261533 -0.00325493 0.999653 28.0779 -23.0716 211.948 0.0571451 0.0242083 0.997984 -0.669054 2.94395 21.2565 5.92094 47.452 0
24398483 26.396 -21.6995 212.096 0.0269522 0.00255156 0.999633 28.6147 -21.7794 212.132 0.0620583 0.0390863 0.997208 -0.746904 2.91264 20.9104 5.98241 47.5885 0
24528827 26.3486 -20.6274 212.111 0.0248838 0.00504808 0.999678 28.7853 -21.3605 212.198 0.0472238 0.0309277 0.998266 -0.817285 2.88334 20.4579 6.04073 47.798 0
24657392 26.2388 -19.5718 212.114 0.0209482 0.00283822 0.999777 28.3231 -20.6654 212.151 0.0295317 0.0103467 0.999432 -0.881921 2.85461 19.8436 6.10048 48.16 0
24784424 26.0971 -18.5663 212.123 0.0165931 -4.5251e-005 0.999862 28.2376 -19.491 212.148 0.0258583 0.00637907 0.999555 -0.939088 2.82646 19.2499 6.15765 48.5267 0
24910766 26.0769 -17.4992 212.126 0.013469 -0.00192832 0.999907 28.2272 -18.4695 212.045 0.0247189 0.00464227 0.999637 -0.989073 2.79945 18.6927 6.21539 48.8775 0
25038502 26.0645 -16.325 212.123 0.0110015 -0.00324211 0.999934 28.5644 -17.2636 212.027 0.0244867 0.00478556 0.999628 -1.03992 2.77015 18.11 6.27773 49.2442 0
25166067 26.1373 -15.236 212.102 0.0109145 -0.00434624 0.999931 28.5376 -16.1495 212.024 0.0264551 0.00620224 0.999559 -1.08014 2.7466 17.5687 0.0505596 49.5998 0
25293616 26.1646 -14.0276 212.096 0.0104629 -0.00499925 0.999933 28.6633 -14.5898 211.974 0.0282892 0.00615544 0.999521 -1.12524 2.72045 17.0178 0.112897 49.9554 0
25420884 26.1958 -12.869 212.086 0.0107004 -0.00448979 0.999933 28.5325 -13.3614 211.963 0.0305663 0.00827529 0.999374 -1.16632 2.6969 16.5432 0.171213 50.2491 0
25548149 26.2055 -11.715 212.073 0.0111252 -0.00437704 0.999929 28.5241 -12.1581 211.949 0.0316435 0.011994 0.999337 -1.20711 2.67564 16.0749 0.230391 50.5349 0
25674542 26.2085 -10.5642 212.071 0.0116663 -0.00365723 0.999925 28.3155 -10.6905 211.915 0.032496 0.0132695 0.99931 -1.24647 2.65668 15.6478 0.288994 50.7968 0
25803138 26.2224 -9.41256 212.069 0.0123354 -0.00275502 0.99992 28.1007 -9.55572 211.915 0.0307851 0.0146588 0.999331 -1.28295 2.64088 15.2589 0.346736 51.035 0
25929403 26.204 -8.26238 212.077 0.0127789 -0.00107354 0.999918 27.7621 -8.38662 211.917 0.0304297 0.0134596 0.999339 -1.31714 2.6268 14.9112 0.402754 51.2493 0
26057234 26.1972 -7.15788 212.071 0.0131856 -0.000145203 0.999913 27.5494 -7.2292 211.916 0.0284971 0.0124181 0.99949 -1.34673 2.61646 14.6048 0.457048 51.435 0
26183839 26.1658 -6.01978 212.067 0.0134548 0.000517084 0.999909 27.2048 -6.17228 211.819 0.0274326 0.010174 0.999499 -1.37574 2.60756 14.308 0.513353 51.616 0
26311433 26.1565 -4.89438 212.073 0.0138054 0.00183327 0.999903 26.9807 -5.116 211.831 0.0256498 0.00811793 0.999505 -1.40016 2.60037 14.0762 0.567647 51.7715 0
26438779 26.1436 -3.79064 212.071 0.0140701 0.00201326 0.999899 26.762 -4.04184 211.953 0.0235582 0.0053587 0.999591 -1.42256 2.5952 13.8825 0.62309 51.9001 0
26564931 26.1249 -2.71295 212.065 0.0143672 0.00228803 0.999894 26.4138 -2.97881 211.966 0.023159 0.00367574 0.999649 -1.44095 2.59118 13.7571 0.67681 51.9811 0
26690537 26.1145 -1.59778 212.05 0.0153536 0.00316436 0.999877 26.2996 -1.93377 211.976 0.0215086 0.00172943 0.999641 -1.45445 2.58802 13.6412 0.729093 52.0652 0
26816333 26.0768 -0.478615 212.047 0.0162133 0.00329256 0.999863 26.0761 -0.789215 211.864 0.0204487 0.000851495 0.999756 -1.46307 2.5863 13.573 0.77994 52.1319 0
26942890 25.9811 0.654881 212.03 0.0163327 0.0052089 0.999853 25.9463 0.24806 211.875 0.0204689 -0.000260393 0.999746 -1.46853 2.58371 13.546 0.827052 52.151 0
27069734 25.9107 1.73021 212.039 0.0161873 0.00587438 0.999852 25.8303 1.28192 211.996 0.0192862 0.000214189 0.999725 -1.46738 2.58343 13.5746 0.869281 52.151 0
27195615 25.9327 2.85569 212.058 0.0167985 0.00615205 0.99984 25.5826 2.31746 212.009 0.0200374 0.000388947 0.99969 -1.45618 2.58601 13.6222 0.906052 52.151 0
27322181 25.9345 3.97671 212.069 0.0172454 0.00664823 0.999829 25.557 3.33018 212.017 0.0208133 0.000817951 0.999751 -1.4421 2.58946 13.6952 0.940237 52.1256 0
27450170 25.9222 5.11819 212.075 0.0165951 0.00784445 0.999832 25.4153 4.22835 211.928 0.0207575 0.00155467 0.999677 -1.42343 2.59348 13.8571 0.970401 52.0224 0
27576404 25.9366 6.1959 212.075 0.0168881 0.00775009 0.999827 25.0758 5.38722 211.93 0.0205034 0.00145611 0.999693 -1.40188 2.60009 14.0143 0.997691 51.9303 0
27704194 25.9436 7.3345 212.067 0.0173421 0.007779 0.999819 24.8303 6.40996 211.943 0.0210132 0.00300696 0.999645 -1.37574 2.60871 14.208 1.02383 51.8176 0
27831009 25.9076 8.4481 212.066 0.0171549 0.0085562 0.999816 24.5777 7.52735 211.721 0.0228053 0.00383021 0.999642 -1.34759 2.6179 14.454 1.04681 51.6747 0
27957605 25.8778 9.52704 212.065 0.0167011 0.00892947 0.999821 24.4528 8.65617 211.72 0.0233819 0.00476527 0.999655 -1.31513 2.62968 14.7826 1.06577 51.481 0
28085072 25.878 10.6197 212.072 0.0163297 0.00868204 0.999829 24.5578 9.7686 211.827 0.0234164 0.00648177 0.999602 -1.27807 2.64519 15.1922 1.08244 51.2413 0
28212003 25.8432 11.7253 212.067 0.0162218 0.00874615 0.99983 24.561 10.9753 211.812 0.0232344 0.00982862 0.999633 -1.24216 2.66185 15.5954 1.09939 50.9937 0
28344707 25.8386 12.8905 212.064 0.0159184 0.00804888 0.999841 24.7023 12.2798 211.786 0.0212372 0.0134517 0.999555 -1.20223 2.68282 16.1034 1.1149 50.6666 0
28474058 25.8289 14.125 212.065 0.0146992 0.0102858 0.999839 24.6016 13.5121 211.772 0.0202913 0.0151491 0.999649 -1.15942 2.70465 16.6114 1.12581 50.3396 0
28600850 25.854 15.187 212.08 0.0142608 0.0100693 0.999848 24.6942 14.6394 211.879 0.0216502 0.015268 0.999605 -1.12007 2.72821 17.148 1.13443 49.9951 0
28731817 25.8592 16.33 212.086 0.0136248 0.00991622 0.999858 24.8014 15.6423 211.887 0.020092 0.0156552 0.999602 -1.07755 2.75435 17.7513 1.14219 49.584 0
28862390 25.8523 17.4599 212.097 0.0126337 0.00987319 0.999871 24.9146 16.7744 211.882 0.0189635 0.0140393 0.999671 -1.0336 2.78136 18.3863 1.14736 49.1458 0
28990570 25.8537 18.5948 212.081 0.0125348 0.00987824 0.999873 24.8979 17.8345 211.891 0.0187793 0.00937229 0.999661 -0.985051 2.81123 19.0356 1.14966 48.6966 0
29119880 25.8011 19.7021 212.092 0.0118667 0.00850432 0.999893 24.985 18.8804 211.897 0.0193709 0.00513425 0.999712 -0.93363 2.84139 19.761 1.15023 48.2156 0
29248298 25.7187 20.8371 212.111 0.00877403 0.00861844 0.999924 25.0857 19.9239 211.904 0.0185149 0.00115132 0.99977 -0.875601 2.86983 20.5167 1.14621 47.7171 0
29379416 25.7217 22.0201 212.108 0.0072118 0.00840638 0.999939 25.1985 21.0723 212.011 0.0177044 -0.000994187 0.999763 -0.797464 2.90517 21.3374 1.13328 47.217 0
29511615 25.6893 23.1687 212.159 0.000802343 0.00854585 0.999963 25.3609 22.3024 212.106 0.0126433 -4.08773e-005 0.999784 -0.71358 2.9339 22.1963 1.11518 46.6852 0
29643385 25.7772 24.2236 212.124 0.00174008 0.00614988 0.99998 25.6734 23.9128 211.931 0.00713516 0.0040398 0.999864 -0.598098 2.97268 22.8995 1.08416 46.3375 0
29773318 25.6056 25.0034 212.06 0.00371606 0.00482554 0.999981 25.6391 25.321 212.006 0.00147492 0.0118177 0.999816 -0.531451 2.99279 23.1694 1.07382 46.2074 0
29902969 25.1165 25.4506 211.998 0.00781778 0.00258834 0.999966 25.2916 26.1268 212.043 -0.00114262 0.014022 0.999775 -0.546676 2.99307 23.1853 1.10341 46.1962 0
30032531 24.1545 25.9078 212.055 0.00468451 0.00332861 0.999983 24.4712 26.6609 212.12 -0.0039491 0.0141583 0.999826 -0.607003 2.97498 23.071 1.15856 46.201 0
30165752 23.0401 26.0962 212.087 0.00195901 0.00296751 0.999994 23.3407 26.9917 212.226 -0.0114111 0.0156856 0.999722 -0.691173 2.94625 22.6947 1.22377 46.301 0
30295679 21.9112 26.1663 212.12 -0.00192741 0.00298326 0.999994 22.3589 27.179 212.232 -0.0242798 0.0184292 0.999497 -0.774482 2.91235 22.128 1.28726 46.5249 0
30424337 20.8374 26.1583 212.137 -0.00409335 0.00227542 0.999989 21.6525 26.4841 212.216 -0.00501641 0.00120525 0.999947 -0.846587 2.87874 21.4851 1.34644 46.8408 0
30552423 19.7762 26.089 212.127 -0.00371444 0.000407916 0.999993 20.6804 26.2458 212.152 0.000396667 -0.00125626 0.999949 -0.909786 2.84657 20.8374 1.40447 47.1932 0
30681802 18.6753 25.9698 212.142 -0.00300788 -0.00184157 0.999994 19.6587 26.2189 212.066 0.00134713 -0.00158755 0.999961 -0.969251 2.81382 20.1992 1.46336 47.5837 0
30810468 17.6623 25.832 212.135 0.000270353 -0.00458048 0.999989 18.4194 26.0962 212.106 0.000995165 -7.93525e-005 0.999938 -1.01981 2.7871 19.6372 1.51966 47.9473 0
30940299 16.4486 25.8306 212.128 0.00149731 -0.00577068 0.999982 17.3061 26.0768 212.133 0.000124172 0.00111081 0.999959 -1.06664 2.7601 19.0895 1.58143 48.2981 0
31071691 15.2624 25.8985 212.108 0.00124579 -0.00533047 0.999985 16.08 26.1677 212.039 0.000225541 0.00221151 0.999967 -1.10513 2.73654 18.599 1.6383 48.6077 0
31199199 14.128 25.9917 212.105 -0.000334792 -0.00410304 0.999992 14.8732 26.265 212.056 -0.00146343 0.00384271 0.999963 -1.13788 2.71557 18.1672 1.6903 48.8934 0
31327513 12.9035 26.0224 212.106 -0.00163135 -0.00332591 0.999993 13.5524 26.359 211.964 -0.0031305 0.00571575 0.999933 -1.17465 2.69345 17.7147 1.74804 49.1919 0
31455835 11.6728 26.0627 212.113 -0.00392252 -0.00183211 0.999991 12.3237 26.248 212.116 -0.00434423 0.0071813 0.999935 -1.20855 2.67305 17.2845 1.80406 49.4808 0
31589475 10.5339 26.0482 212.106 -0.00446782 -0.000943911 0.99999 10.9973 26.1368 212.158 -0.00728433 0.00854914 0.999864 -1.2413 2.65611 16.8877 1.85922 49.738 0
31720358 9.44173 26.0218 212.095 -0.00364727 -0.000157391 0.999993 9.77145 26.1289 212.076 -0.00828143 0.00838435 0.999781 -1.27203 2.6426 16.5194 1.91495 49.9824 0
31848976 8.27204 26.0188 212.103 -0.00451319 -4.40176e-005 0.99999 8.63666 25.8976 212.125 -0.00899691 0.00858476 0.9999 -1.30076 2.62968 16.2304 1.97154 50.1682 0
31978272 7.11845 26.0213 212.119 -0.00590794 0.000294134 0.999983 7.50329 25.7868 212.053 -0.00906716 0.00649308 0.99987 -1.32633 2.61847 15.9669 2.02612 50.3492 0
32106495 6.10092 25.9812 212.103 -0.00193699 0.000384538 0.999998 6.23921 25.5789 212.105 -0.00783153 0.00526938 0.999843 -1.35046 2.61301 15.7082 2.08357 50.5254 0
32236896 4.87142 25.9895 212.109 -0.00351144 0.000847221 0.999993 5.07588 25.3594 212.155 -0.00547726 0.00419929 0.999897 -1.37057 2.60497 15.4907 2.13902 50.6698 0
32366283 3.81131 25.9554 212.08 -0.000851755 0.00104591 0.999999 3.91274 25.1341 212.094 -0.00342366 0.00253455 0.999897 -1.38809 2.60152 15.3113 2.19389 50.7698 0
32495884 2.71854 25.9443 212.074 0.00145242 0.00154786 0.999998 2.75921 25.0229 212.132 -0.00104749 0.00170631 0.999926 -1.3993 2.60009 15.1859 2.24646 50.8571 0
32625697 1.58317 25.9178 212.077 0.00278038 0.00158176 0.999995 1.59619 24.7942 212.183 0.00127282 0.00161479 0.999881 -1.4059 2.59923 15.1351 2.29673 50.8905 0
32753824 0.644636 26.0422 212.013 0.0124294 0.00565555 0.999907 0.593781 24.9002 212.197 0.00150324 0.000117768 0.999906 -1.39556 2.611 15.1128 2.34298 50.9222 0
32882414 -0.627877 25.9629 212.043 0.011627 0.00570589 0.999916 -0.773706 24.8937 212.116 0.00378148 0.000896287 0.999896 -1.39642 2.61072 15.1176 2.39239 50.9349 0
33013783 -1.81841 25.9276 212.064 0.0120138 0.00673707 0.999905 -2.02552 24.7836 212.156 0.00477573 0.00104868 0.999857 -1.38895 2.61416 15.1652 2.43491 50.9349 0
33145682 -3.12324 26.0612 212.031 0.0137125 0.0110218 0.999845 -3.15995 24.657 212.195 0.0050983 0.00188518 0.999886 -1.36367 2.62594 15.2525 2.47225 50.9238 0
33276099 -4.30067 25.9556 212.071 0.0108583 0.0102255 0.999889 -4.40254 24.5357 212.235 0.00510002 0.00323891 0.999871 -1.35333 2.62767 15.3621 2.50644 50.8778 0
33406771 -5.5162 25.9315 212.068 0.00855986 0.010599 0.999907 -5.50604 24.6372 212.251 0.0042492 0.00331718 0.999883 -1.33322 2.63399 15.5192 2.53603 50.7841 0
33535028 -6.56996 25.8995 212.079 0.00821338 0.01155 0.9999 -6.65729 24.3924 212.189 0.0050251 0.00374619 0.999944 -1.31225 2.64289 15.6986 2.56188 50.6968 0
33664351 -7.71181 25.8961 212.065 0.00690756 0.0123423 0.9999 -7.8804 24.4785 212.096 0.00480563 0.00536413 0.999906 -1.28582 2.65381 15.9256 2.58486 50.565 0
33795269 -8.8335 25.8862 212.082 0.00606864 0.0119479 0.99991 -8.89489 24.5442 211.999 0.00605564 0.00696882 0.999836 -1.25853 2.66559 16.24 2.60583 50.3857 0
33924582 -9.94487 25.949 212.064 0.0052944 0.0136 0.999893 -10.0165 24.6222 212.015 0.00715299 0.00957566 0.999789 -1.22521 2.68225 16.5368 2.62192 50.2237 0
34056430 -11.085 25.8329 212.121 0.00312175 0.00904088 0.999954 -11.048 24.3701 212.064 0.00727625 0.0109182 0.999772 -1.20481 2.68828 16.921 2.64289 49.9539 0
34190939 -12.2484 25.8712 212.076 0.00281217 0.00945515 0.999951 -12.0219 24.4882 212.077 0.00444443 0.00810515 0.99988 -1.16977 2.70695 17.3274 2.65783 49.6554 0
34321457 -13.4716 25.9107 212.115 0.00296452 0.00957295 0.99995 -13.1369 24.4874 212.104 0.00375723 0.00730219 0.999855 -1.13185 2.7285 17.81 2.67219 49.376 0
34451399 -14.5918 25.9058 212.117 0.00261009 0.00811714 0.999964 -14.2477 24.6242 212.342 0.00425264 0.00602465 0.999852 -1.09824 2.74688 18.2831 2.68397 49.0331 0
34583631 -15.7512 25.8856 212.128 0.00233107 0.00729124 0.999971 -15.2861 24.4689 212.156 0.00563627 0.00639775 0.999904 -1.06118 2.76814 18.7768 2.6946 48.6966 0
34714169 -16.875 25.883 212.122 0.00231356 0.00672741 0.999975 -16.4195 24.5801 212.173 0.00799865 0.00543618 0.999824 -1.02039 2.79198 19.3118 2.70121 48.3235 0
34846170 -17.9968 25.8468 212.126 0.00211256 0.00552654 0.999982 -17.3426 24.5511 212.196 0.0105758 0.00545562 0.999885 -0.97787 2.81583 19.8658 2.70609 47.9425 0
34976200 -19.1796 25.8289 212.133 0.00170505 0.00431836 0.999989 -18.378 24.5189 212.223 0.0132844 0.00692614 0.999794 -0.926161 2.84369 20.4945 2.70666 47.5234 0
35104264 -20.3484 25.7524 212.131 0.00151671 0.00198928 0.999997 -19.3982 24.7312 212.226 0.0164976 0.0058863 0.999702 -0.871579 2.87041 21.1549 2.7058 47.0757 0
35235668 -21.4472 25.7142 212.169 0.00205306 -0.000861888 0.999998 -20.419 24.7226 212.251 0.0176255 0.0048071 0.999786 -0.809242 2.89827 21.8883 2.6992 46.6312 0
35369980 -22.5779 25.6885 212.177 0.0029311 -0.00221311 0.999993 -21.7678 24.7732 212.393 0.018459 0.00188804 0.999696 -0.730529 2.93074 22.6693 2.68627 46.1915 0
35498546 -23.6932 25.6751 212.191 0.00383925 -0.00367698 0.999986 -23.0948 24.8388 212.533 0.0169406 -0.0026436 0.999827 -0.636592 2.96348 23.4409 2.66501 45.7946 0
35627464 -24.6902 25.5084 212.242 0.00599337 -0.00529426 0.999968 -24.5025 24.8268 212.576 0.0107926 -0.0108364 0.999825 -0.536334 2.99307 24.0521 2.63801 45.4835 0
35759477 -25.2711 25.089 212.262 0.0085221 -0.00581707 0.999947 -25.5808 24.7765 212.615 0.00508588 -0.0182162 0.999731 -0.500426 3.00456 24.1902 2.63772 45.3453 0
35890531 -25.6003 24.4285 212.238 0.0109238 -0.00464763 0.99993 -26.1918 24.1717 212.582 0.00428637 -0.0202408 0.999711 -0.530302 3.00026 24.0949 2.67334 45.3088 0
36019582 -25.9787 23.4041 212.21 0.0105922 -0.00744282 0.999916 -26.7328 23.2271 212.581 0.00469136 -0.0224981 0.999686 -0.593501 2.98043 23.8885 2.73108 45.3072 0
36150845 -26.1078 22.3315 212.195 0.0118282 -0.0105678 0.999874 -27.0653 21.8945 212.626 0.00226818 -0.0327912 0.999322 -0.682555 2.94797 23.5187 2.79945 45.3723 0
36282359 -26.1426 21.2282 212.206 0.012308 -0.0141939 0.999824 -26.5812 20.7775 212.609 0.0119513 -0.0274968 0.999414 -0.77994 2.90603 22.8614 2.87156 45.6454 0
36409999 -26.0711 20.1571 212.178 0.0135119 -0.0136969 0.999815 -26.402 19.9976 212.451 0.0215256 -0.0207166 0.999479 -0.862099 2.86696 22.082 2.93792 46.0518 0
36540189 -25.9555 19.1163 212.145 0.0145113 -0.0110591 0.999834 -26.1654 18.916 212.438 0.0219668 -0.0159386 0.999594 -0.925874 2.83479 21.3533 2.99681 46.4899 0
36670772 -25.7592 18.0181 212.157 0.0175117 -0.00771229 0.999817 -25.929 17.6425 212.449 0.0202778 -0.0143075 0.99959 -0.984477 2.80491 20.7342 3.05685 46.89 0
36803005 -25.6358 16.9381 212.145 0.0199552 -0.0034463 0.999795 -25.9322 16.3991 212.463 0.0204569 -0.0137016 0.999646 -1.02814 2.78365 20.2452 3.112 47.2059 0
36934586 -25.7245 15.7028 212.129 0.0204213 -0.00190471 0.99979 -26.0324 15.2645 212.356 0.0199039 -0.0130411 0.999592 -1.06577 2.76297 19.796 3.17061 47.4885 0
37062001 -25.8313 14.578 212.119 0.0196879 -0.000528282 0.999806 -26.247 14.0359 212.373 0.0189114 -0.0118398 0.999615 -1.09508 2.74688 19.3959 3.2226 47.7631 0
37189461 -25.9165 13.3903 212.115 0.0182248 -0.000860814 0.999834 -26.3383 12.919 212.377 0.017685 -0.0118489 0.999645 -1.12725 2.72764 18.9594 3.27718 48.0616 0
37322718 -25.9515 12.2262 212.119 0.0171718 -0.000819409 0.999852 -26.4495 11.582 212.404 0.0164477 -0.0119789 0.999687 -1.15799 2.71011 18.5577 3.33148 48.341 0
37452287 -25.9942 11.0664 212.109 0.0158668 -0.000990712 0.999874 -26.5511 10.3636 212.42 0.0152524 -0.012979 0.999694 -1.18614 2.69431 18.1815 3.3852 48.5934 0
37583555 -26.0085 9.91672 212.102 0.0148065 -0.00213203 0.999888 -26.4263 9.22553 212.31 0.0144108 -0.0141335 0.999709 -1.21458 2.67822 17.8291 3.43863 48.8236 0
37715149 -26.0394 8.73778 212.085 0.0133555 -0.00411309 0.999902 -26.4222 7.98716 212.324 0.0138031 -0.0140776 0.999718 -1.24158 2.66271 17.483 3.49235 49.0379 0
37845393 -26.062 7.57071 212.097 0.0122745 -0.00568074 0.999909 -26.302 6.85651 212.326 0.0137345 -0.0148155 0.999672 -1.266 2.6495 17.1782 3.5455 49.2538 0
37978377 -26.0635 6.39037 212.116 0.0113284 -0.00676942 0.999913 -26.2938 5.72687 212.328 0.0137593 -0.0145613 0.999768 -1.28898 2.63801 16.8893 3.5995 49.4713 0
38106738 -26.0518 5.22755 212.119 0.010802 -0.00782617 0.999911 -26.1744 4.60787 212.44 0.0140554 -0.0153328 0.999717 -1.30995 2.62795 16.6432 3.65265 49.6364 0
38237377 -26.0433 4.09247 212.12 0.0100789 -0.00840658 0.999914 -26.069 3.34294 212.343 0.0142317 -0.0147393 0.999653 -1.32748 2.6202 16.413 3.70378 49.7983 0
38368014 -26.0405 2.93009 212.12 0.00936737 -0.0096909 0.999909 -25.9499 2.20899 212.455 0.0145542 -0.0139029 0.999682 -1.3427 2.61301 16.2035 3.75405 49.9443 0
38501662 -26.0234 1.79647 212.115 0.00885302 -0.00939071 0.999917 -25.9438 1.06003 212.346 0.0145341 -0.012791 0.999692 -1.35305 2.60928 16.0447 3.80289 50.057 0
38628968 -26.0336 0.674683 212.113 0.0085326 -0.0106699 0.999907 -25.6897 0.133126 212.323 0.0141694 -0.0127574 0.999697 -1.35908 2.60583 15.9304 3.84627 50.1364 0
38758046 -26.0183 -0.446957 212.111 0.00837925 -0.0106477 0.999908 -25.6972 -1.11916 212.336 0.0148036 -0.0112053 0.999769 -1.36109 2.60497 15.8637 3.88936 50.1872 0
38888678 -26.0088 -1.60948 212.113 0.0081375 -0.0110787 0.999906 -25.5575 -2.13998 212.437 0.0139966 -0.0106434 0.999731 -1.35879 2.60526 15.8256 3.93044 50.2253 0
39018972 -25.9941 -2.7768 212.105 0.00776038 -0.0120008 0.999898 -25.5526 -3.28884 212.329 0.0140979 -0.00954267 0.999739 -1.35305 2.60641 15.805 3.96865 50.2444 0
39145548 -25.9824 -3.91208 212.101 0.00716168 -0.0126957 0.999894 -25.5259 -4.29473 212.431 0.0134902 -0.00948677 0.999747 -1.3427 2.60957 15.8177 4.00312 50.2539 0
39272099 -25.9897 -4.99132 212.09 0.0060699 -0.0133367 0.999893 -25.5025 -5.21437 212.299 0.013758 -0.00925488 0.99984 -1.32805 2.61474 15.8463 4.03299 50.2602 0
39406129 -25.976 -6.12164 212.083 0.00429949 -0.0123641 0.999914 -25.3729 -6.35394 212.3 0.0126751 -0.00903333 0.999843 -1.30823 2.62393 15.9209 4.06431 50.2587 0
39534177 -25.9743 -7.22751 212.054 0.00241456 -0.0124709 0.999919 -25.4619 -7.35031 212.404 0.0125645 -0.00890122 0.999832 -1.2864 2.6337 16.0034 4.09188 50.2364 0
39664677 -25.977 -8.47109 212.084 0.0019519 -0.0136934 0.999904 -25.537 -8.2585 212.274 0.0114706 -0.00880059 0.999847 -1.26026 2.64461 16.1876 4.11946 50.1825 0
39796272 -25.9793 -9.50274 212.064 -0.001257 -0.0115359 0.999933 -25.3925 -9.40976 212.275 0.00878736 -0.00732179 0.999881 -1.23096 2.66185 16.3797 4.14331 50.1205 0
39925566 -25.9869 -10.6965 212.088 -0.00185814 -0.0123705 0.999922 -25.5595 -10.4265 212.269 0.00482188 -0.00511538 0.999872 -1.20079 2.67679 16.6495 4.166 50.0126 0
40056039 -25.9681 -11.7568 212.079 -0.0036288 -0.0101455 0.999942 -25.6374 -11.547 212.273 0.00215883 -0.00474846 0.999896 -1.16977 2.69604 16.9877 4.18726 49.8237 0
40184340 -25.9178 -12.789 212.096 -0.00396285 -0.00793312 0.999961 -25.4099 -12.6681 212.272 0.00250908 -0.0076104 0.999935 -1.14075 2.71413 17.3861 4.20679 49.5776 0
40316617 -25.9187 -13.9405 212.079 -0.00589878 -0.00593951 0.999965 -25.4331 -13.8925 212.287 0.00482767 -0.00905566 0.999906 -1.1014 2.73941 17.8624 4.22288 49.276 0
40444959 -25.9462 -15.0975 212.117 -0.00463393 -0.00582327 0.999972 -25.4165 -15.0227 212.401 0.00423261 -0.00752509 0.999886 -1.06319 2.76125 18.3894 4.23408 48.9379 0
40574379 -25.9339 -16.2545 212.118 -0.00450044 -0.00467619 0.999979 -25.4231 -16.2785 212.415 0.00477809 -0.00559907 0.999922 -1.02125 2.78653 18.9482 4.24385 48.5521 0
40703554 -25.91 -17.3565 212.123 -0.00545842 -0.00253026 0.999982 -25.2829 -17.3303 212.516 0.00391053 -0.00170144 0.999912 -0.974422 2.81554 19.5435 4.2496 48.1536 0
40831925 -25.8988 -18.488 212.13 -0.00543865 -0.001142 0.999985 -25.4838 -18.3648 212.399 0.00331719 0.00118286 0.999877 -0.922139 2.84542 20.1738 4.25103 47.7298 0
40963007 -25.8689 -19.784 212.157 -0.00221944 -0.00223647 0.999995 -25.4725 -19.5151 212.513 0.00328951 0.00488129 0.999868 -0.864685 2.87271 20.8278 4.25074 47.2948 0
41093651 -25.8321 -20.9697 212.169 0.000120384 -0.0027002 0.999996 -25.2424 -20.6823 212.512 0.00335975 0.00697297 0.999898 -0.801773 2.90115 21.4581 4.24557 46.8884 0
41223683 -25.8109 -22.1205 212.181 0.00252917 -0.00278282 0.999993 -25.2602 -21.7968 212.515 0.00617547 0.00560391 0.99985 -0.728519 2.93131 22.1201 4.23408 46.4756 0
41354405 -25.8169 -23.2001 212.178 0.00349802 -0.00169375 0.999992 -25.1777 -23.0092 212.639 0.00936789 0.00298089 0.99992 -0.644348 2.96348 22.7598 4.21627 46.0962 0
41483838 -25.8083 -24.3249 212.187 0.00494426 -0.00102375 0.999987 -25.1463 -24.441 212.675 0.0156163 -0.00104595 0.999817 -0.549836 2.99451 23.3266 4.19329 45.7708 0
41612082 -25.5346 -25.1339 212.227 0.00607877 0.00024158 0.999981 -25.091 -25.6347 212.689 0.0214517 -0.00688907 0.999664 -0.495829 3.01232 23.5504 4.1864 45.6057 0
41744213 -24.9097 -25.5446 212.271 0.00469754 0.00374364 0.999982 -24.7205 -26.2333 212.52 0.0234805 -0.00880806 0.999567 -0.505884 3.01606 23.5282 4.21196 45.5644 0
41874715 -24.0278 -25.9257 212.242 0.00815569 0.00238431 0.999964 -23.7853 -26.8802 212.564 0.0250935 -0.00859065 0.999507 -0.551847 3.00083 23.4028 4.25678 45.5565 0
42004334 -22.9921 -26.1462 212.206 0.0113514 0.00265789 0.999932 -22.9758 -27.4006 212.598 0.0293476 -0.008982 0.999447 -0.622803 2.97296 23.2011 4.31653 45.5819 0
42135545 -21.9111 -26.1471 212.186 0.0131885 0.00380254 0.999906 -21.3486 -27.6028 212.702 0.0447984 -0.0155038 0.99877 -0.718177 2.9339 22.7106 4.38777 45.7835 0
42266487 -20.7312 -26.2315 212.196 0.0170548 0.00374203 0.999848 -20.3549 -27.4757 212.762 0.037059 -0.00108033 0.999196 -0.814125 2.88765 22.0407 4.46333 46.1328 0
42393820 -19.7031 -26.1258 212.19 0.0173819 0.00499499 0.999836 -19.3418 -27.0758 212.578 0.0288284 0.00536159 0.999467 -0.891114 2.84858 21.3358 4.52566 46.5407 0
42522113 -18.5567 -26.0948 212.179 0.0169427 0.00566235 0.99984 -18.223 -27.1846 212.562 0.0280352 0.00605688 0.999537 -0.953164 2.81525 20.6548 4.58656 46.9662 0
42650737 -17.4952 -25.8922 212.182 0.0142483 0.00822748 0.999865 -17.0998 -27.0442 212.524 0.0289263 0.00375483 0.999506 -1.00545 2.78911 20.077 4.64086 47.3377 0
42779796 -16.3509 -25.8649 212.179 0.0135863 0.0098916 0.999859 -15.8848 -27.1595 212.396 0.0294546 0.00284006 0.999465 -1.0494 2.76527 19.5991 4.69573 47.6298 0
42906151 -15.2413 -25.8683 212.151 0.0119538 0.00993997 0.999879 -14.6709 -27.3804 212.39 0.0293111 0.0026094 0.999491 -1.08416 2.74688 19.1356 4.74715 47.9298 0
43036334 -14.0336 -25.956 212.136 0.0117084 0.00956971 0.999886 -13.5548 -27.4889 212.264 0.0285243 0.00205947 0.999443 -1.1172 2.72821 18.7006 4.80173 48.2171 0
43163787 -12.9353 -25.9848 212.122 0.0107132 0.00903479 0.999902 -12.3063 -27.4705 212.345 0.0270888 0.00109416 0.999575 -1.14592 2.7127 18.3005 4.852 48.4918 0
43295371 -11.7552 -26.0453 212.119 0.0113069 0.00797684 0.999904 -11.0824 -27.5808 212.328 0.0269453 0.000863496 0.999602 -1.17551 2.69546 17.8941 4.90515 48.7696 0
43423235 -10.5944 -26.1308 212.103 0.0121812 0.00634528 0.999906 -9.97301 -27.6679 212.313 0.027162 -0.000766849 0.999518 -1.20137 2.68024 17.5084 4.95657 49.0347 0
43550914 -9.48457 -26.1659 212.11 0.0130104 0.00505853 0.999903 -8.86475 -27.6538 212.286 0.0285767 -0.00138472 0.999548 -1.22693 2.66587 17.148 5.00684 49.2982 0
43682586 -8.31512 -26.1302 212.107 0.0125552 0.00440444 0.999911 -7.73982 -27.5112 212.359 0.0295555 -0.00271938 0.999416 -1.25451 2.65237 16.7892 5.06257 49.5506 0
43813300 -7.21011 -26.0838 212.107 0.0122501 0.00376878 0.999918 -6.51953 -27.6234 212.342 0.0297985 -0.00274174 0.999413 -1.28037 2.64031 16.4654 5.11629 49.7792 0
43940658 -6.04343 -26.133 212.102 0.0137185 0.00269533 0.999902 -5.15937 -27.5291 212.3 0.029105 -0.00229949 0.999507 -1.3022 2.6291 16.178 5.16915 49.9793 0
44071215 -4.92191 -26.0977 212.102 0.0134028 0.0024324 0.999907 -4.03226 -27.4075 212.261 0.0295692 -0.00258606 0.999525 -1.32461 2.61991 15.9256 5.22373 50.1571 0
44203319 -3.70652 -26.0975 212.111 0.0140271 0.00216957 0.999899 -2.78734 -27.3105 212.221 0.0293169 -0.00133088 0.999526 -1.34414 2.61158 15.7082 5.28004 50.3206 0
44334561 -2.57523 -26.0835 212.111 0.0138783 0.00201121 0.999902 -1.53603 -27.206 212.181 0.0283774 -0.000878662 0.999501 -1.35994 2.60583 15.5335 5.33261 50.4523 0
44464447 -1.42505 -26.0583 212.114 0.0141456 0.00216348 0.999898 -0.4109 -27.1991 212.265 0.0282576 0.000486253 0.999488 -1.37402 2.60066 15.3938 5.3846 50.5555 0
44596411 -0.28146 -26.0681 212.107 0.0135436 0.00150391 0.999907 0.853713 -26.9774 212.324 0.0272431 0.00144575 0.999536 -1.38005 2.59951 15.2795 5.43258 50.6476 0
44723721 0.863294 -26.0642 212.106 0.0133729 0.00125905 0.99991 1.98538 -26.9771 212.185 0.0258624 0.00108505 0.999605 -1.38263 2.59923 15.216 5.47768 50.7016 0
44851894 2.08195 -26.0848 212.102 0.0147995 0.00114465 0.99989 3.11917 -26.8572 212.146 0.0256083 0.000986491 0.999621 -1.37976 2.59951 15.1874 5.51905 50.7286 0
44980188 3.09626 -26.0476 212.083 0.0130306 0.000368053 0.999915 4.25574 -26.7445 212.108 0.0250553 0.00164701 0.999567 -1.37258 2.60411 15.197 5.55553 50.7301 0
45106495 4.1942 -26.048 212.08 0.0132795 -0.000409699 0.999912 5.14677 -26.7172 212.085 0.025928 0.00181059 0.999529 -1.35937 2.60928 15.2351 5.58799 50.7301 0
45234922 5.32133 -26.0424 212.082 0.0133932 -0.00159644 0.999909 6.1678 -26.5721 212.158 0.0261273 0.00130453 0.999576 -1.34127 2.61675 15.3002 5.61902 50.7301 0
45365367 6.43737 -25.9972 212.076 0.0128809 -0.00284519 0.999913 7.18749 -26.4371 212.122 0.0261913 0.000676337 0.999516 -1.32145 2.62594 15.4018 5.65004 50.7016 0
45492924 7.55696 -26.0002 212.065 0.0128438 -0.00405693 0.999909 8.0989 -26.2979 212.086 0.0259482 0.0006987 0.99952 -1.29387 2.63858 15.5891 5.67561 50.619 0
45625068 8.69631 -25.9816 212.068 0.0135971 -0.00480483 0.999896 9.1331 -26.0529 212.037 0.0255288 0.00012763 0.999588 -1.26571 2.65151 15.805 5.70031 50.5285 0
45757214 9.80301 -25.9807 212.045 0.0135943 -0.00643808 0.999887 10.1739 -26.0076 211.899 0.021966 -0.00397208 0.999722 -1.2321 2.66875 16.0765 5.72186 50.3999 0
45889462 11.0137 -25.9837 212.066 0.0149787 -0.00645708 0.999867 11.0966 -25.9384 211.986 0.0197172 -0.0070953 0.999725 -1.19763 2.68512 16.4178 5.74225 50.2349 0
46018717 12.1951 -25.9906 212.069 0.0160576 -0.00631518 0.999851 12.2236 -25.9064 211.96 0.0191141 -0.00963834 0.999631 -1.16201 2.70293 16.8019 5.76035 50.0189 0
46146752 13.2792 -25.9841 212.062 0.0157396 -0.00662852 0.999854 13.3278 -25.8919 212.044 0.0212489 -0.00909049 0.999648 -1.12639 2.72275 17.2226 5.77558 49.7554 0
46277445 14.4527 -26.001 212.101 0.0161923 -0.00529884 0.999855 14.5484 -25.9122 212.015 0.0225346 -0.00711063 0.999661 -1.08818 2.74315 17.7227 5.78851 49.4474 0
46407170 15.6152 -25.9913 212.112 0.0166307 -0.00432118 0.999852 15.6805 -25.7898 212.087 0.0227357 -0.00626295 0.999692 -1.04883 2.76469 18.2164 5.79971 49.1188 0
46535513 16.7853 -25.9789 212.118 0.0173197 -0.00248331 0.999847 16.8045 -25.8035 212.06 0.0224632 -0.00389588 0.999702 -1.00832 2.78624 18.7355 5.80861 48.7521 0
46664805 17.855 -25.9599 212.098 0.0167562 -0.00274745 0.999856 17.9414 -25.8 212.033 0.0207944 -0.00337658 0.999688 -0.961495 2.81324 19.2626 5.81264 48.3854 0
46790965 19.0139 -25.8645 212.154 0.015452 0.00262482 0.999877 18.8561 -25.6794 212.108 0.0204798 -0.00013947 0.999733 -0.925299 2.83105 19.8896 5.82212 47.9044 0
46921372 20.1796 -25.902 212.179 0.0163749 0.00607151 0.999847 20.0017 -25.6883 211.97 0.0175956 0.000491652 0.999736 -0.870143 2.85748 20.5341 5.81896 47.4694 0
47048398 21.312 -25.8982 212.15 0.0161837 0.00724083 0.999843 21.0222 -25.7879 212.066 0.0156992 0.00252038 0.999819 -0.80206 2.89081 21.1866 5.81034 47.017 0
47177224 22.397 -25.901 212.121 0.016108 0.00786026 0.999839 22.2532 -25.9079 212.049 0.0147925 0.00333537 0.999757 -0.726795 2.92499 21.7756 5.79684 46.6328 0
47306318 23.4997 -25.9286 212.097 0.0156729 0.00778302 0.999847 23.2423 -25.9048 211.913 0.0167948 0.00377348 0.999788 -0.639465 2.96147 22.3074 5.7773 46.3074 0
47437873 24.5932 -25.9247 212.078 0.0153722 0.00776499 0.999852 24.5579 -26.0384 211.894 0.0187413 0.00494832 0.999745 -0.555869 2.9925 22.682 5.75949 46.0804 0
47568040 25.2135 -25.676 212.056 0.0128464 0.00445487 0.999908 25.6631 -25.9193 211.856 0.0215587 0.00493299 0.999681 -0.528291 3.00715 22.763 5.7661 46.0296 0
47696341 25.6119 -25.0034 212.055 0.0101099 0.00265817 0.999945 26.2451 -25.6418 211.814 0.0219562 0.00526221 0.999638 -0.55472 3.00313 22.763 5.80172 46.0296 0
47824581 25.9205 -24.0446 212.07 0.00884954 0.00319259 0.999956 26.8844 -24.8039 211.936 0.022137 0.00722178 0.999679 -0.604418 2.98647 22.6487 5.85199 46.0915 0
47953923 26.171 -22.9557 212.093 0.0087327 0.00526493 0.999948 27.5347 -23.7817 212.036 0.0232925 0.0131407 0.999538 -0.669341 2.95889 22.3487 5.9106 46.2534 0
48083412 26.2782 -21.8697 212.107 0.0093267 0.00765349 0.999927 28.0604 -22.5016 211.995 0.0288421 0.026888 0.999109 -0.742308 2.92614 21.8867 5.9715 46.5042 0
48216699 26.2743 -20.6855 212.135 0.00793434 0.00925972 0.999926 28.2384 -21.608 212.243 0.0180712 0.0176827 0.999565 -0.822743 2.88793 21.2946 6.03843 46.8376 0
48347061 26.2056 -19.5528 212.13 0.00585114 0.00798635 0.999951 28.2269 -20.7958 212.052 0.014619 0.0134509 0.99971 -0.890827 2.8549 20.6739 6.10077 47.2027 0
48477111 26.1245 -18.4222 212.136 0.00382113 0.00674291 0.99997 28.2344 -19.5425 212.037 0.0139767 0.0117903 0.999772 -0.951153 2.82416 20.0801 6.1611 47.5758 0
48608618 26.01 -17.3201 212.128 0.00194619 0.00466541 0.999987 28.3347 -18.4263 212.033 0.0142308 0.0118889 0.999756 -1.0043 2.79744 19.5166 6.21884 47.9346 0
48739848 25.9959 -16.1281 212.124 0.000332452 0.00337546 0.999994 28.4365 -17.2138 211.907 0.0151254 0.0122943 0.999693 -1.05227 2.77274 19.0054 6.27916 48.26 0
48872209 26.0717 -14.9773 212.095 0.000175995 0.00176838 0.999998 28.5638 -15.8554 211.989 0.0149163 0.0113381 0.999796 -1.08991 2.75378 18.5482 0.0525705 48.5585 0
49003218 26.1277 -13.8174 212.083 0.00062322 0.0010254 0.999999 28.5674 -14.4947 211.964 0.0157763 0.010027 0.999787 -1.12725 2.73424 18.0799 0.10945 48.8744 0
49134150 26.1203 -12.5562 212.12 0.000964273 0.005282 0.999986 28.5498 -13.3884 211.851 0.0164826 0.0110594 0.999665 -1.17149 2.70638 17.5878 0.168053 49.1934 0
49264162 26.102 -11.4567 212.082 0.00139256 0.00255859 0.999996 28.441 -12.0357 211.937 0.0177573 0.0129183 0.999691 -1.20682 2.69115 17.1417 0.225795 49.4871 0
49393697 26.1393 -10.3967 212.056 0.00284405 0.00100184 0.999995 28.3218 -10.8006 211.814 0.0185085 0.0130931 0.999655 -1.23842 2.67736 16.7242 0.281238 49.7792 0
49522904 26.1629 -9.30771 212.048 0.00346493 -0.000675677 0.999994 28.2106 -9.53737 211.912 0.0189618 0.0126856 0.999686 -1.27261 2.66357 16.3431 0.34099 50.0491 0
49651608 26.0541 -8.02962 212.104 0.00245142 0.0011082 0.999996 28.0252 -8.04095 211.878 0.0173224 0.0108602 0.999666 -1.31742 2.64232 15.9606 0.409361 50.3063 0
49780863 26.1691 -6.8923 212.081 0.00391868 0.0014459 0.999991 27.9063 -7.02192 211.888 0.0161755 0.01171 0.999728 -1.34041 2.63255 15.6843 0.464804 50.4904 0
49913057 26.1818 -5.73947 212.082 0.00444455 0.00222231 0.999988 27.5923 -5.73654 211.99 0.0145269 0.0111174 0.999705 -1.36683 2.62135 15.4272 0.523407 50.6666 0
50043153 26.1916 -4.54305 212.091 0.00535241 0.00397445 0.999978 27.3687 -4.57347 211.989 0.0137631 0.00946796 0.999768 -1.38924 2.611 15.1779 0.580287 50.846 0
50176826 26.1769 -3.34647 212.084 0.00568174 0.00465863 0.999973 27.1584 -3.32203 211.866 0.0123713 0.00898634 0.99985 -1.41251 2.60181 14.9858 0.641188 50.9762 0
50305625 26.178 -2.18794 212.077 0.00646662 0.00556019 0.999964 26.8291 -2.14333 211.979 0.0112976 0.00797508 0.999856 -1.43319 2.59377 14.8033 0.699217 51.1159 0
50433088 26.1691 -1.07259 212.081 0.00703252 0.00601614 0.999957 26.4994 -0.989887 211.981 0.00999344 0.00846084 0.999837 -1.45215 2.58716 14.681 0.756097 51.2112 0
50569962 26.1171 0.131205 212.079 0.00693263 0.00688441 0.999952 26.183 0.180818 212.095 0.00752685 0.0083093 0.999787 -1.46652 2.58199 14.6128 0.813263 51.2715 0
50700347 25.9997 1.4431 212.1 0.00640312 0.00899271 0.999939 25.843 1.34654 212.096 0.00732867 0.00747402 0.999877 -1.46882 2.5794 14.5604 0.861525 51.3191 0
50828764 25.9843 2.41699 212.085 0.00718563 0.00784634 0.999943 25.8268 2.37563 212.105 0.00708386 0.00614265 0.999896 -1.46422 2.58256 14.5604 0.897721 51.3191 0
50958542 25.9636 3.51664 212.078 0.00785792 0.00756171 0.999941 25.6828 3.29354 212.126 0.0075591 0.005977 0.999902 -1.45244 2.58745 14.5794 0.931619 51.3191 0
51084693 25.9752 4.58282 212.078 0.00861075 0.00707964 0.999938 25.6427 4.18917 212.036 0.00853146 0.00588755 0.999888 -1.43492 2.59492 14.6556 0.960346 51.2921 0
51211929 25.9241 5.71573 212.082 0.00871561 0.00719357 0.999936 25.3935 5.21326 211.937 0.00916108 0.00607349 0.999855 -1.41596 2.60239 14.7747 0.989935 51.2302 0
51338369 25.8601 6.78653 212.084 0.00810272 0.00821102 0.999933 25.1459 6.14422 212.071 0.00910806 0.00682261 0.999902 -1.39183 2.61072 14.9462 1.01148 51.1159 0
51465950 25.8795 7.93428 212.064 0.00929234 0.00853686 0.99992 24.7786 7.16986 211.863 0.010202 0.00672198 0.999887 -1.35707 2.62537 15.1748 1.03073 50.9921 0
51594175 25.8794 8.99925 212.041 0.0106494 0.00865157 0.999906 24.7405 8.30906 211.861 0.0133933 0.0054403 0.99982 -1.32202 2.64117 15.4494 1.04796 50.8444 0
51718756 25.8749 10.0794 212.041 0.0118606 0.00842057 0.999894 24.5804 9.31804 211.76 0.0164008 0.00615173 0.9998 -1.2841 2.65927 15.8145 1.06376 50.6603 0
51844583 25.8578 11.1775 212.051 0.0117906 0.00811046 0.999898 24.826 10.6255 211.732 0.0151312 0.00835399 0.999727 -1.24675 2.67736 16.2542 1.0787 50.3999 0
51972085 25.8532 12.3202 212.057 0.0119338 0.00815654 0.999896 24.8238 11.8547 211.829 0.0158201 0.0105107 0.999736 -1.20769 2.69718 16.713 1.09278 50.1237 0
52098499 25.8288 13.4382 212.023 0.0124502 0.00883283 0.999883 24.8044 12.9623 211.826 0.0169952 0.0126226 0.999739 -1.16948 2.71701 17.1385 1.10542 49.8332 0
52226240 25.865 14.5877 212.08 0.0114295 0.00812802 0.999902 24.9184 14.0657 211.822 0.0157815 0.0140882 0.99974 -1.12782 2.7397 17.7163 1.11461 49.4744 0
52356488 25.8652 15.7668 212.109 0.00990539 0.00788578 0.99992 24.9314 15.1981 211.93 0.013759 0.014762 0.999719 -1.08531 2.76268 18.2942 1.12294 49.0776 0
52484334 25.8575 16.8211 212.135 0.00879637 0.00813324 0.999928 25.0517 16.3205 211.926 0.0118673 0.0141918 0.999698 -1.04394 2.78509 18.8117 1.12754 48.7362 0
52611971 25.8416 17.9729 212.122 0.00770723 0.00797169 0.999939 25.0402 17.3514 211.934 0.0111144 0.0126633 0.999749 -0.994244 2.81267 19.4277 1.12984 48.287 0
52740191 25.8056 19.1248 212.141 0.00481783 0.00762635 0.999959 25.1301 18.3569 211.831 0.0111346 0.0115514 0.99974 -0.942535 2.83938 20.0754 1.12984 47.8218 0
52867181 25.7846 20.2285 212.111 0.00379909 0.00813949 0.99996 25.3657 19.5903 211.813 0.00987361 0.00982576 0.999823 -0.881634 2.87098 20.7088 1.12438 47.3821 0
52997165 25.7859 21.3509 212.114 0.00328574 0.00731857 0.999968 25.4705 20.7301 211.808 0.00964898 0.0073825 0.999832 -0.808667 2.90833 21.4422 1.11346 46.9344 0
53125311 25.83 22.4189 212.078 0.00345423 0.00655492 0.999973 25.6925 21.9719 211.902 0.0101334 0.00598404 0.999841 -0.729093 2.94596 22.1121 1.09766 46.5217 0
53254345 25.8931 23.5056 212.045 0.00461685 0.00581678 0.999972 26.0424 23.2937 211.871 0.00960347 0.00554507 0.999898 -0.646646 2.98158 22.6503 1.08129 46.2042 0
53381729 25.8913 24.5469 212.037 0.0056895 0.00522936 0.99997 25.907 24.2949 211.882 0.0102256 0.00831756 0.999846 -0.574541 3.00916 23.0122 1.06893 46.0105 0
53510007 25.6189 25.1338 211.965 0.00946906 0.00478425 0.999944 25.9022 25.2782 211.78 0.00848076 0.0106855 0.999768 -0.554433 3.02065 23.1202 1.08014 45.9676 0
53637147 24.9063 25.5827 211.953 0.0101625 0.0046421 0.999938 25.192 25.9045 211.844 0.0068586 0.0117009 0.999824 -0.575116 3.01606 23.1504 1.11518 45.9819 0
53764754 23.914 25.8935 212.024 0.00777202 0.00382977 0.999962 24.2633 26.5682 211.911 0.00482345 0.0109 0.999831 -0.622228 2.99796 23.0678 1.16345 46.0534 0
53893088 22.7761 26.1782 212.1 0.00375309 0.0036119 0.999986 23.3429 26.9967 212.001 -0.000259554 0.0116115 0.999877 -0.687439 2.96837 22.7582 1.22234 46.209 0
54020516 21.7438 26.3013 212.134 0.000627802 0.00379844 0.999993 22.26 27.2072 212.231 -0.0136456 0.0153908 0.999682 -0.759257 2.93476 22.2614 1.28094 46.4439 0
54148949 20.6037 26.2796 212.162 -0.00257845 0.00331125 0.999991 21.486 26.8939 212.173 -0.00670022 0.00689765 0.999896 -0.842852 2.89224 21.5486 1.34759 46.7931 0
54276683 19.4866 26.2155 212.153 -0.00359869 0.00237043 0.999991 20.535 26.6502 212.109 -0.00356366 0.00501136 0.999892 -0.915245 2.85289 20.8231 1.41079 47.1757 0
54405027 18.3793 26.148 212.157 -0.00417595 0.00126505 0.99999 19.2827 26.4136 212.049 -0.00387072 0.00566192 0.999956 -0.977582 2.81813 20.1722 1.47083 47.552 0
54536233 17.3156 25.9845 212.127 -0.0027594 0.000331501 0.999996 18.0453 26.2791 211.978 -0.00470887 0.00721485 0.99994 -1.03561 2.78796 19.5594 1.52972 47.9282 0
54666273 16.1904 25.8832 212.107 -0.00116745 -0.000214557 0.999999 16.9182 26.0438 212.029 -0.00624516 0.00784389 0.999911 -1.08703 2.76211 19.0133 1.59033 48.287 0
54793219 15.0144 25.9074 212.108 -0.00151829 -0.000416571 0.999999 15.6882 26.049 212.058 -0.00652394 0.00749109 0.999831 -1.12955 2.73913 18.5418 1.64922 48.5918 0
54921882 13.8532 25.9527 212.115 -0.00268965 -0.000409457 0.999996 14.4499 26.0421 211.976 -0.0061812 0.0072157 0.999851 -1.16689 2.71816 18.11 1.70524 48.868 0
55050302 12.6814 25.9811 212.115 -0.00351432 -0.000583718 0.999994 13.3327 26.03 212.003 -0.00663453 0.00762319 0.99982 -1.2028 2.69891 17.7147 1.76241 49.1157 0
55179269 11.521 25.9956 212.099 -0.00391509 0.000251025 0.999992 11.98 25.9303 212.045 -0.00674513 0.0077553 0.999809 -1.23555 2.68196 17.3099 1.819 49.3776 0
55306850 10.3556 26.0214 212.118 -0.00593732 0.000197749 0.999982 10.8655 25.9236 212.072 -0.0074963 0.00758054 0.999845 -1.26571 2.66501 16.9655 1.87301 49.5919 0
55435342 9.19629 26.0175 212.102 -0.00615115 0.000880685 0.999981 9.63075 25.8049 212 -0.0086121 0.00743933 0.999885 -1.29588 2.65065 16.6114 1.93075 49.8173 0
55561399 8.12636 25.973 212.123 -0.00677623 0.000541823 0.999977 8.38487 25.5965 212.052 -0.00933214 0.0062736 0.999899 -1.32633 2.63657 16.3257 1.98648 50.0047 0
55689610 6.99446 25.9919 212.104 -0.00639708 0.00116963 0.999979 7.23718 25.3734 212.103 -0.00866045 0.0055895 0.99983 -1.35017 2.6268 16.0685 2.04364 50.1698 0
55817970 5.88339 25.9591 212.1 -0.00568769 0.0014736 0.999983 5.99238 25.2901 212.143 -0.0084208 0.00285967 0.999858 -1.37545 2.61732 15.8383 2.10282 50.3253 0
55945237 4.74333 25.9305 212.106 -0.0057907 0.00111578 0.999983 4.71439 24.9788 212.206 -0.00676468 0.000865701 0.9999 -1.39642 2.60899 15.6701 2.15999 50.4301 0
56071866 3.72595 25.892 212.074 -0.00349578 0.00223929 0.999991 3.55454 24.752 212.145 -0.00506476 -0.000644573 0.999892 -1.41107 2.60612 15.5256 2.214 50.5381 0
56200091 2.52183 25.8522 212.095 -0.00340574 0.00180109 0.999993 2.41213 24.6501 212.183 -0.00388387 -0.00247289 0.999928 -1.41854 2.60353 15.4669 2.2657 50.5889 0
56330032 1.45648 25.8327 212.065 -0.00117422 0.00318953 0.999994 1.26939 24.5323 212.222 -0.00266842 -0.0025847 0.999911 -1.41768 2.60698 15.4383 2.31224 50.6158 0
56458508 0.249446 25.8146 212.072 -0.000894678 0.00330765 0.999994 0.134509 24.5263 212.249 -0.00122082 -0.0028398 0.999903 -1.41222 2.60985 15.4589 2.35591 50.6158 0
56584846 -0.8315 25.8524 212.068 -4.27567e-005 0.00459364 0.999989 -0.985536 24.6339 212.264 -0.000292252 -0.00341295 0.99994 -1.39958 2.61646 15.5113 2.39124 50.6143 0
56712450 -1.87979 25.8358 212.05 0.0014001 0.00636883 0.999979 -2.00162 24.594 212.179 5.22073e-005 -0.0023346 0.999945 -1.38666 2.62451 15.5843 2.42744 50.6016 0
56839549 -3.03965 25.8268 212.064 0.00163441 0.007063 0.999974 -3.23661 24.602 212.319 0.000593126 -0.00177471 0.999875 -1.36856 2.63341 15.7304 2.46134 50.5428 0
56967108 -4.2187 25.8167 212.072 0.00118967 0.00736196 0.999972 -4.46858 24.59 212.237 0.000250386 -0.00149932 0.999855 -1.34787 2.6426 15.9066 2.49121 50.4507 0
57095185 -5.36104 25.811 212.057 0.00105647 0.00857301 0.999963 -5.48372 24.5603 212.151 0.000493476 -0.00152169 0.999851 -1.32288 2.65496 16.1114 2.51793 50.346 0
57225442 -6.50028 25.8004 212.056 0.00108521 0.00900473 0.999959 -6.82865 24.6724 212.169 0.00170254 -0.000388287 0.999953 -1.29617 2.66846 16.394 2.54235 50.1888 0
57353148 -7.66641 25.8011 212.074 0.00101648 0.00841992 0.999964 -7.64967 24.609 212.193 0.00525269 0.00223677 0.999847 -1.26974 2.6811 16.7114 2.56561 49.9967 0
57478894 -8.75313 25.805 212.089 0.00159021 0.00785812 0.999968 -8.78327 24.8064 212.197 0.00871525 0.00389444 0.999842 -1.24446 2.69374 17.0496 2.58687 49.7761 0
57606377 -9.86579 25.8079 212.105 0.00201098 0.00716836 0.999972 -9.69922 24.6551 212.232 0.00944624 0.00518109 0.999816 -1.21889 2.70609 17.3846 2.60727 49.5538 0
57732940 -11.036 25.8498 212.12 0.00211866 0.00626143 0.999978 -10.8289 24.644 212.259 0.0103327 0.00547799 0.999888 -1.18988 2.71959 17.7497 2.62508 49.2982 0
57858807 -12.0824 25.8357 212.103 0.00288215 0.00670344 0.999973 -11.8172 24.8556 212.261 0.0101208 0.00450938 0.999869 -1.16086 2.73539 18.1116 2.64117 49.0442 0
57985782 -13.1221 25.7965 212.088 0.00386065 0.0078054 0.999962 -12.9542 24.7176 212.189 0.0104433 0.00534588 0.999899 -1.12926 2.75378 18.5006 2.65582 48.7839 0
58112893 -14.0775 25.7805 212.166 0.00575338 0.00542365 0.999969 -13.8536 24.7062 212.324 0.0107504 0.00469532 0.999835 -1.10312 2.76757 18.9451 2.66817 48.4854 0
58241276 -15.29 25.7955 212.141 0.00561457 0.00547775 0.999969 -14.878 24.6958 212.349 0.0122648 0.00382443 0.999889 -1.06089 2.78997 19.4229 2.67708 48.1441 0
58368504 -16.4359 25.7964 212.14 0.00603962 0.00454475 0.999971 -15.9017 24.6589 212.265 0.0134353 0.00457025 0.999785 -1.01694 2.81324 19.9515 2.68253 47.7695 0
58497311 -17.6024 25.7855 212.146 0.00580561 0.00368505 0.999976 -17.0169 24.8914 212.379 0.0151928 0.003677 0.999835 -0.967815 2.83852 20.4881 2.68483 47.4091 0
58625819 -18.8421 25.8003 212.191 0.00631869 0.000667201 0.99998 -18.039 24.8601 212.294 0.0161871 0.00382939 0.999797 -0.912946 2.86524 21.139 2.68483 46.971 0
58754512 -20.0198 25.8119 212.213 0.00707914 -0.00192622 0.999973 -19.1645 24.9705 212.31 0.0176986 0.00294609 0.999729 -0.849172 2.89598 21.8534 2.6788 46.4979 0
58881311 -21.0339 25.7766 212.191 0.00838064 -0.00192121 0.999963 -20.2862 25.0921 212.437 0.0190915 0.00208638 0.999784 -0.778791 2.93045 22.5535 2.6676 46.0518 0
59008001 -22.0479 25.768 212.189 0.0102005 -0.00208602 0.999946 -21.5069 25.3182 212.332 0.0196837 0.000543414 0.999682 -0.703813 2.96348 23.2218 2.65409 45.639 0
59137482 -23.127 25.7652 212.173 0.0115921 -0.00205143 0.999931 -22.7319 25.34 212.361 0.0188733 -0.00160209 0.999675 -0.625676 2.99394 23.7806 2.63973 45.2882 0
59264936 -24.2557 25.7074 212.2 0.0133453 -0.00246323 0.999908 -23.9492 25.2587 212.4 0.016152 -0.00454726 0.999794 -0.538058 3.02352 24.2298 2.62106 45.0009 0
59390224 -24.9819 25.391 212.206 0.0141066 -0.00317777 0.999895 -25.0481 25.1504 212.327 0.0123807 -0.00690811 0.999878 -0.491233 3.03875 24.3616 2.61732 44.8834 0
59518055 -25.422 24.8752 212.174 0.0141548 -0.00205215 0.999898 -25.6333 24.7548 212.27 0.0109642 -0.00764398 0.999863 -0.495255 3.04134 24.3616 2.63801 44.8532 0
59646033 -25.7323 23.9862 212.169 0.0147998 -0.00262054 0.999887 -26.2702 23.9341 212.371 0.0110812 -0.00902129 0.999756 -0.536047 3.0287 24.2918 2.68138 44.8532 0
59775507 -26.0302 22.8915 212.18 0.0151135 -0.00562466 0.99987 -26.6834 23.0996 212.357 0.0107771 -0.0123234 0.999732 -0.594076 3.00485 24.1013 2.73683 44.8977 0
59904271 -26.1619 21.7953 212.198 0.0159612 -0.00865726 0.999835 -27.012 21.7803 212.511 0.00821617 -0.0228224 0.999637 -0.677959 2.96952 23.6695 2.80376 45.0628 0
60033685 -26.2756 20.7238 212.241 0.0156117 -0.013377 0.999789 -26.8195 20.651 212.512 0.0123223 -0.0248105 0.999499 -0.780802 2.91982 22.8884 2.88046 45.4406 0
60161867 -26.1539 19.5863 212.198 0.0162438 -0.0130154 0.999783 -26.3198 19.2831 212.406 0.0178965 -0.0175404 0.999608 -0.884794 2.86782 21.9057 2.96004 45.9676 0
60289865 -26.1071 18.4998 212.175 0.0157968 -0.0132354 0.999788 -26.0752 18.2386 212.394 0.0174788 -0.0167577 0.99966 -0.962357 2.82531 21.0755 3.02726 46.4645 0
60416618 -25.8699 17.4161 212.151 0.0160295 -0.010952 0.999812 -25.8552 16.8517 212.306 0.0161966 -0.0160301 0.999616 -1.01837 2.79716 20.4611 3.08299 46.8678 0
60544129 -25.6211 16.3049 212.123 0.0165679 -0.00817621 0.999829 -25.73 15.7055 212.195 0.0153129 -0.0163146 0.999666 -1.06147 2.77733 19.9992 3.13441 47.1726 0
60669927 -25.6829 15.1517 212.131 0.0167535 -0.00772186 0.99983 -25.7231 14.5818 212.309 0.015757 -0.0154893 0.999694 -1.09364 2.76096 19.6531 3.18641 47.4107 0
60799511 -25.7635 14.0573 212.131 0.0162573 -0.00730508 0.999841 -25.8166 13.5662 212.301 0.0158474 -0.0145095 0.999714 -1.12036 2.74717 19.3308 3.23496 47.6393 0
60926906 -25.8565 12.9289 212.113 0.0149776 -0.00671631 0.999865 -26.0202 12.5596 212.296 0.0158273 -0.0133976 0.999724 -1.14564 2.73396 18.9816 3.28523 47.8854 0
61056790 -25.8839 11.7957 212.116 0.014303 -0.00622715 0.999878 -26.1189 11.4365 212.3 0.0153958 -0.0127483 0.999667 -1.17206 2.72045 18.6466 3.33694 48.1266 0
61184964 -25.9372 10.7361 212.098 0.0128115 -0.00573694 0.999901 -26.23 10.1893 212.316 0.015223 -0.0106343 0.999701 -1.19418 2.70896 18.3164 3.38491 48.3648 0
61312297 -25.952 9.581 212.096 0.0123882 -0.00508029 0.99991 -26.2084 9.16986 212.306 0.0148831 -0.0103465 0.999802 -1.21717 2.69776 18.0307 3.43777 48.5664 0
61437989 -26.0415 8.45951 212.112 0.0118673 -0.00571291 0.999913 -26.3108 8.04371 212.311 0.0148491 -0.00936792 0.999703 -1.23842 2.68598 17.7529 3.4889 48.768 0
61564569 -26.0449 7.31631 212.113 0.0115737 -0.00583164 0.999916 -26.3076 6.81574 212.436 0.0146198 -0.00921223 0.999815 -1.26083 2.67449 17.4782 3.54234 48.9537 0
61693108 -26.0445 6.22131 212.113 0.0108558 -0.00563459 0.999925 -26.296 5.79966 212.427 0.0153491 -0.00927932 0.999805 -1.2795 2.6653 17.2242 3.59318 49.13 0
61819547 -26.0651 5.11107 212.118 0.0104164 -0.00600582 0.999928 -26.288 4.64711 212.319 0.0151187 -0.0077823 0.99978 -1.2976 2.65582 16.9861 3.64432 49.2935 0
61946634 -26.0683 3.96971 212.101 0.00960752 -0.00597933 0.999936 -26.1707 3.38346 212.332 0.0142915 -0.00610845 0.999751 -1.31426 2.64749 16.7464 3.6966 49.4522 0
62075389 -26.0454 2.86944 212.105 0.00932314 -0.00571625 0.99994 -26.1723 2.25937 212.334 0.0153635 -0.00645093 0.999761 -1.32777 2.64117 16.5718 3.74601 49.5792 0
62200019 -26.0375 1.76746 212.112 0.00866177 -0.0057088 0.999946 -25.8134 1.08839 212.332 0.0135311 -0.00505039 0.999784 -1.33868 2.63571 16.4019 3.79398 49.711 0
62329983 -26.0517 0.653076 212.11 0.00838591 -0.00612988 0.999946 -25.9191 0.0761805 212.325 0.0149366 -0.00443545 0.999811 -1.34586 2.6314 16.2812 3.83937 49.7951 0
62459394 -26.0669 -0.484142 212.113 0.00779977 -0.00671271 0.999947 -25.7805 -0.964176 212.314 0.0139659 -0.00299226 0.999809 -1.35103 2.62767 16.1558 3.8839 49.8983 0
62588205 -26.0433 -1.65325 212.121 0.00778267 -0.00675237 0.999947 -25.6611 -2.20851 212.438 0.0131837 -0.00217606 0.999867 -1.35132 2.6268 16.1146 3.92728 49.938 0
62714751 -26.0301 -2.8288 212.157 0.00928537 -0.0085433 0.99992 -25.6453 -3.22951 212.429 0.0134705 -0.00171473 0.999813 -1.35305 2.62278 16.0971 3.96778 49.9459 0
62842102 -26.0065 -3.92236 212.132 0.00870058 -0.00850018 0.999926 -25.4107 -4.25918 212.418 0.0141313 -0.00251975 0.999757 -1.34558 2.62537 16.0971 4.00312 49.9459 0
62969470 -26.0046 -4.99562 212.103 0.00746009 -0.00848294 0.999936 -25.3764 -5.16359 212.397 0.0135017 -0.00270569 0.999791 -1.33236 2.63083 16.1257 4.03443 49.9459 0
63098778 -26.0004 -6.13663 212.082 0.00598466 -0.00878277 0.999944 -25.2424 -6.20024 212.276 0.0127505 -0.00288045 0.999826 -1.31513 2.63801 16.1844 4.06546 49.9443 0
63225862 -26.0103 -7.3425 212.102 0.00579687 -0.00944194 0.999939 -25.2266 -7.32582 212.389 0.0122332 -0.00184476 0.999855 -1.29329 2.64634 16.3162 4.09332 49.9078 0
63352841 -26.0037 -8.35091 212.065 0.0031306 -0.00920006 0.999953 -25.2903 -8.11311 212.359 0.0112718 -0.00163439 0.999856 -1.26887 2.65927 16.4797 4.11803 49.8523 0
63481976 -25.9694 -9.45756 212.049 0.00109581 -0.0088857 0.99996 -25.2551 -9.14181 212.238 0.00919455 -0.00156522 0.999898 -1.24101 2.67392 16.7035 4.14302 49.7649 0
63609063 -25.9738 -10.567 212.029 -0.000413544 -0.00929008 0.999957 -25.313 -10.1664 212.231 0.00545027 0.000376979 0.99991 -1.21171 2.68857 16.9575 4.16485 49.6411 0
63733890 -25.9422 -11.6304 212.044 -0.00130609 -0.00897218 0.999959 -25.2937 -11.2877 212.234 0.00428783 -0.000260327 0.999879 -1.18269 2.70408 17.2718 4.18525 49.484 0
63863456 -25.8791 -12.7127 212.081 -0.00190014 -0.00743839 0.999971 -25.3154 -12.6144 212.371 0.00565595 -0.00137429 0.999838 -1.15023 2.72333 17.7036 4.20449 49.2474 0
63991821 -25.8915 -13.8671 212.109 -0.00208198 -0.00632996 0.999978 -25.3057 -13.6144 212.362 0.00659375 -0.00318024 0.999878 -1.11116 2.74573 18.2164 4.21915 48.9379 0
64119289 -25.9024 -15.0269 212.14 -0.000808229 -0.00570155 0.999983 -25.1981 -14.8714 212.375 0.00680572 -0.00221164 0.999897 -1.07439 2.76556 18.7165 4.23236 48.6013 0
64246565 -25.8983 -16.1562 212.13 -0.000943201 -0.0048786 0.999988 -25.1934 -15.9937 212.488 0.00748197 -0.00152961 0.999934 -1.03073 2.79026 19.253 4.24098 48.233 0
64374201 -25.7883 -17.1755 212.125 -0.00207564 -0.00271607 0.999994 -25.1722 -17.0301 212.48 0.00718474 0.000583208 0.999848 -0.985051 2.81813 19.8245 4.24701 47.8536 0
64503313 -25.8179 -18.3768 212.155 -0.000586694 -0.00215412 0.999998 -25.2762 -18.1664 212.595 0.0076104 0.00387415 0.99987 -0.931906 2.84599 20.4389 4.24816 47.4393 0
64630450 -25.8553 -19.5746 212.193 0.00242776 -0.0018513 0.999995 -25.1527 -19.3227 212.596 0.00718351 0.00588962 0.99992 -0.878187 2.87185 21.0453 4.2473 47.0186 0
64760903 -25.8351 -20.7453 212.183 0.00389351 -0.00112771 0.999992 -25.2596 -20.3428 212.478 0.00843181 0.00614058 0.999865 -0.8147 2.90316 21.6946 4.24184 46.5677 0
64888247 -25.7527 -21.7879 212.178 0.00337494 0.000621917 0.999994 -25.2623 -21.585 212.604 0.008831 0.00782354 0.999806 -0.746904 2.93763 22.3391 4.23351 46.1708 0
65017666 -25.7862 -22.9584 212.181 0.00397618 0.000983906 0.999992 -25.2587 -22.7153 212.606 0.00935287 0.00815398 0.999883 -0.66733 2.97268 22.971 4.21915 45.801 0
65147922 -25.7918 -24.122 212.185 0.0053844 0.00146914 0.999984 -25.1721 -23.9533 212.619 0.0118258 0.00706031 0.999814 -0.58316 3.00456 23.5393 4.20191 45.4549 0
65277057 -25.6287 -25.0036 212.179 0.00598731 0.00221999 0.99998 -24.9779 -25.0644 212.619 0.0157539 0.003125 0.999756 -0.518524 3.02697 23.8425 4.19071 45.2549 0
65404063 -25.1353 -25.4313 212.195 0.00540935 0.0040065 0.999977 -24.7471 -25.9846 212.596 0.0178979 0.00244004 0.999776 -0.519385 3.03071 23.8743 4.20852 45.1993 0
65530925 -24.3299 -25.7162 212.184 0.00532398 0.00564555 0.99997 -24.0235 -26.4936 212.632 0.0194424 0.00191951 0.99967 -0.555869 3.02094 23.7869 4.24758 45.1834 0
65659065 -23.2839 -25.9531 212.194 0.00697865 0.00744323 0.999948 -23.201 -27.0291 212.555 0.0220167 0.00192655 0.999609 -0.609014 3.00083 23.6123 4.29872 45.2041 0
65786428 -22.2381 -26.1338 212.209 0.00867119 0.00879172 0.999924 -22.0846 -27.5512 212.697 0.0294045 -0.000363499 0.999425 -0.670777 2.97584 23.2916 4.35359 45.3152 0
65916117 -21.1584 -26.039 212.189 0.00785855 0.0103603 0.999915 -20.8596 -27.7546 212.692 0.0400164 -0.00357246 0.999136 -0.736275 2.95372 22.8598 4.40616 45.4962 0
66044369 -20.0244 -26.1909 212.201 0.0102588 0.01041 0.999893 -20.0781 -27.5252 212.634 0.0200465 0.0138178 0.999668 -0.812402 2.91264 22.2105 4.47424 45.8676 0
66171669 -18.9648 -26.1919 212.192 0.0103941 0.0109266 0.999886 -19.033 -27.419 212.486 0.0170954 0.0150647 0.99961 -0.891976 2.86811 21.4628 4.54405 46.3201 0
66301666 -17.807 -26.1508 212.18 0.0103126 0.0109206 0.999887 -17.5822 -27.3101 212.442 0.0186081 0.0128401 0.999679 -0.964081 2.82818 20.7262 4.61213 46.7868 0
66427856 -16.6368 -25.9535 212.166 0.00880425 0.0118641 0.999891 -16.2627 -27.4257 212.424 0.0201306 0.0120777 0.999598 -1.0201 2.8006 20.15 4.66987 47.1488 0
66556161 -15.5209 -25.8634 212.16 0.00756572 0.0124852 0.999893 -15.125 -27.2809 212.496 0.0197424 0.0105156 0.999644 -1.06089 2.78107 19.7134 4.72101 47.4282 0
66683813 -14.4048 -25.8878 212.143 0.00696202 0.0122725 0.9999 -13.992 -27.2784 212.357 0.0182182 0.00992429 0.99974 -1.09479 2.76383 19.3134 4.77157 47.6853 0
66812179 -13.336 -25.8912 212.119 0.00599073 0.0113651 0.999917 -12.9846 -27.4722 212.466 0.016649 0.0101906 0.99975 -1.12466 2.74861 18.9165 4.8204 47.9552 0
66940634 -12.1769 -25.9351 212.113 0.00530466 0.0109023 0.999926 -11.8449 -27.4713 212.328 0.0144036 0.00977482 0.999722 -1.15339 2.73396 18.5514 4.87326 48.2092 0
67069416 -11.0147 -26.0205 212.112 0.00514196 0.0100487 0.999936 -10.7248 -27.5653 212.311 0.0134652 0.0088857 0.999835 -1.18011 2.7193 18.1862 4.92669 48.4711 0
67196424 -9.90819 -26.1225 212.108 0.00620925 0.00922428 0.999938 -9.4994 -27.6722 212.295 0.0131646 0.00829105 0.99978 -1.20654 2.70322 17.8227 4.97869 48.7172 0
67324554 -8.75858 -26.1208 212.119 0.00643742 0.00906423 0.999938 -8.27454 -27.6586 212.266 0.0139918 0.0066172 0.999809 -1.23412 2.68828 17.4846 5.03327 48.9506 0
67450947 -7.67666 -26.0921 212.125 0.00603365 0.00874719 0.999944 -6.94135 -27.7869 212.248 0.0140465 0.00722182 0.999746 -1.25825 2.67621 17.1893 5.08498 49.1617 0
67579023 -6.52701 -26.0698 212.107 0.00577293 0.00795253 0.999952 -5.80741 -27.6452 212.32 0.0140557 0.005989 0.999749 -1.28266 2.66386 16.8734 5.14071 49.3712 0
67707631 -5.43192 -26.0777 212.096 0.00555008 0.00712994 0.999959 -4.56413 -27.5367 212.169 0.0137003 0.00478974 0.999757 -1.30249 2.65409 16.6162 5.19299 49.549 0
67836351 -4.28709 -26.0737 212.103 0.00538635 0.00637527 0.999965 -3.32817 -27.5308 212.25 0.0136145 0.00517609 0.999842 -1.32173 2.6449 16.3797 5.24757 49.73 0
67963960 -3.11739 -26.0808 212.114 0.00573492 0.0062637 0.999964 -2.18939 -27.2931 212.2 0.0138996 0.00428368 0.999804 -1.33926 2.63628 16.1971 5.30187 49.8586 0
68092307 -1.94005 -26.1592 212.11 0.00612609 0.00537544 0.999967 -0.949213 -27.291 212.282 0.0133604 0.00507753 0.999858 -1.34816 2.6314 16.0511 5.35157 49.9761 0
68222573 -0.813997 -26.1253 212.116 0.0064649 0.0053436 0.999965 0.291593 -27.2901 212.254 0.0124739 0.00478063 0.999786 -1.36138 2.62508 15.9193 5.40213 50.0666 0
68349908 0.300752 -26.0922 212.107 0.00623909 0.0048764 0.999969 1.54664 -27.0688 212.202 0.0122089 0.00456114 0.999815 -1.36885 2.62221 15.8272 5.44924 50.1332 0
68477882 1.44224 -26.074 212.107 0.00630274 0.00470774 0.999969 2.56477 -26.9384 212.165 0.0124411 0.00441786 0.999824 -1.37143 2.62106 15.7844 5.49319 50.1698 0
68607284 2.50833 -26.0514 212.087 0.00601782 0.00404505 0.999974 3.57741 -26.9189 212.14 0.012187 0.0043193 0.99984 -1.36856 2.62278 15.7685 5.5314 50.1856 0
68735391 3.60428 -26.0285 212.064 0.00545502 0.00285353 0.999981 4.83093 -26.795 212.211 0.0112896 0.00390148 0.999781 -1.35937 2.62767 15.7859 5.56702 50.192 0
68862341 4.72828 -26.0496 212.066 0.00582771 0.00196844 0.999981 5.82664 -26.8948 212.086 0.0114998 0.00351634 0.999816 -1.34414 2.6337 15.8447 5.59804 50.192 0
68990462 5.87268 -26.0451 212.068 0.00634404 0.00091695 0.999979 6.72985 -26.7457 212.05 0.0121387 0.00246947 0.999785 -1.32662 2.64088 15.9225 5.62878 50.192 0
69117140 6.93981 -26.0378 212.05 0.00645966 -0.00117116 0.999978 7.7592 -26.5968 212.123 0.0114434 0.001558 0.999894 -1.30392 2.6518 16.0352 5.65492 50.1777 0
69244505 8.09971 -26.0497 212.052 0.00787141 -0.00221465 0.999967 8.43041 -26.547 212.103 0.0120511 0.00150209 0.999886 -1.27807 2.66214 16.1923 5.68078 50.138 0
69372880 9.13424 -26.0208 212.024 0.00828731 -0.00421513 0.999957 9.46352 -26.2892 212.054 0.0117487 -0.000446299 0.999846 -1.24934 2.6765 16.4035 5.70319 50.0539 0
69501050 10.2532 -26.0134 212.011 0.00838509 -0.00621611 0.999946 10.5089 -26.2234 212.029 0.0079711 -0.00552702 0.99984 -1.212 2.69604 16.7527 5.72358 49.8904 0
69627331 11.3942 -26.0099 212.056 0.00838555 -0.00596675 0.999947 11.5145 -26.1815 212.003 0.00847574 -0.00803736 0.999839 -1.17838 2.7127 17.1607 5.74369 49.6745 0
69754875 12.5606 -26.0201 212.071 0.00853178 -0.00594007 0.999946 12.8342 -26.2064 211.973 0.0110546 -0.00666419 0.999884 -1.14133 2.73137 17.6036 5.7615 49.4094 0
69880082 13.6795 -26.0218 212.088 0.00877479 -0.00546779 0.999947 14.0516 -26.1032 212.045 0.0140391 -0.00485327 0.999752 -1.10571 2.74947 18.0418 5.77673 49.1347 0
70009393 14.8902 -26.0682 212.119 0.00967317 -0.00353702 0.999947 15.1649 -25.9883 212.117 0.0162753 -0.00320471 0.999777 -1.0675 2.76728 18.5196 5.79023 48.8172 0
70138519 15.9813 -26.0436 212.116 0.00959244 -0.00293732 0.99995 16.3943 -26.0117 212.088 0.0166105 -0.000893555 0.999778 -1.02843 2.78825 18.9959 5.8 48.4822 0
70265760 17.0914 -26.0071 212.113 0.00960617 -0.00262502 0.99995 17.2859 -25.8776 212.053 0.0185022 -0.000323337 0.999798 -0.98419 2.81238 19.5007 5.8066 48.1409 0
70392676 18.2013 -25.9982 212.109 0.0100556 -0.00166457 0.999948 18.5325 -25.8796 212.135 0.0172666 0.000900366 0.999825 -0.93679 2.83737 20.0182 5.80919 47.7837 0
70522211 19.4064 -26.018 212.134 0.0105887 0.000634325 0.999944 19.6637 -25.8767 212.108 0.0162165 0.00148469 0.99979 -0.883932 2.8638 20.5881 5.80919 47.398 0
70650999 20.5549 -25.9685 212.133 0.0105718 0.00199716 0.999942 20.6834 -25.867 212.082 0.0152021 0.00244418 0.999838 -0.827627 2.89339 21.1549 5.80632 47.0059 0
70778257 21.6096 -25.9615 212.12 0.0106967 0.00304006 0.999938 21.8077 -25.9658 212.067 0.0138184 0.00207109 0.999786 -0.769598 2.92298 21.6867 5.79971 46.6487 0
70905887 22.717 -25.9503 212.099 0.0103237 0.00293827 0.999942 22.8342 -25.9442 212.041 0.012073 0.00174393 0.99986 -0.70209 2.95774 22.2439 5.79023 46.2947 0
