0	0.078
0	0.094
0	0.109
0	0.141
0	0.156
0	0.187
0	0.203
0	0.219
0	0.25
0	0.265
0	0.281
0	0.312
0	0.328
0	0.343
0	0.375
0	0.39
0	0.421
0	0.437
0	0.453
0	0.468
0	0.499
0	0.517
0	0.533
0	0.564
0	0.579
0	0.595
0	0.626
0	0.642
0	0.657
0	0.689
0	0.704
0	0.735
0	0.751
0	0.782
0	0.798
0	0.813
0	0.829
0	0.862
0	0.878
0	0.893
0	0.925
0	0.94
0	0.971
0	0.989
0	1.005
0	1.02
0	1.051
0	1.067
0	1.098
0	1.114
0	1.129
0	1.145
0	1.176
0	1.192
0	1.207
0	1.239
0	1.254
0	1.285
0	1.301
0	1.332
0	1.348
0	1.363
0	1.379
0	1.41
0	1.429
0	1.444
0	1.476
0	1.491
0	1.507
0	1.539
0	1.555
0	1.57
0	1.601
0	1.617
0	1.633
0	1.664
0	1.679
0	1.695
0	1.726
0	1.742
0	1.757
0	1.789
0	1.804
0	1.835
0	1.851
0	1.867
0	1.898
0	1.913
0	1.945
0	1.96
0	1.976
0	2.007
0	2.023
0	2.038
0	2.07
0	2.086
0	2.102
0	2.117
0	2.148
0	2.164
0	2.18
0	2.211
0	2.226
0	2.242
0	2.273
0	2.304
0	2.32
0	2.336
0	2.351
0	2.384
0	2.4
0	2.416
0	2.447
0	2.462
0	2.494
0	2.509
0	2.525
0	2.54
0	2.572
0	2.587
0	2.603
0	2.634
0	2.65
0	2.681
0	2.696
0	2.728
0	2.728
0	2.759
0	2.774
0	2.806
0	2.821
0	2.837
0	2.868
0	2.884
0	2.915
0	2.93
0	2.946
0	2.977
0	2.993
0	3.018
0	3.032
0	3.064
0	3.079
0	3.095
0	3.11
0	3.142
0	3.157
0	3.173
0	3.204
0	3.235
0	3.251
0	3.266
0	3.285
0	3.316
0	3.332
0	3.347
0	3.363
0	3.394
0	3.425
0	3.441
0	3.457
0	3.503
0	3.519
0	3.55
0	3.566
0	3.581
0	3.613
0	3.628
0	3.644
0	3.659
0	3.691
0	3.722
0	3.722
0	3.753
0	3.784
0	3.8
0	3.815
0	3.847
0	3.862
0	3.878
0	3.893
0	3.926
0	3.941
0	3.972
0	3.988
0	4.004
0	4.035
0	4.05
0	4.066
0	4.097
0	4.113
0	4.128
0	4.16
0	4.175
0	4.191
0	4.222
0	4.24
0	4.255
0	4.286
0	4.302
0	4.333
0	4.349
0	4.364
0	4.38
0	4.411
0	4.427
0	4.458
0	4.474
0	4.505
0	4.536
0	4.552
0	4.583
0	4.598
0	4.614
0	4.645
0	4.661
0	4.676
0	4.708
0	4.723
0	4.754
0	4.77
0	4.786
0	4.801
0	4.832
0	4.864
0	4.879
0	4.895
0	4.91
0	4.942
0	4.957
0	4.988
0	5.004
0	5.02
0	5.037
0	5.068
0	5.084
0	5.1
0	5.131
0	5.149
0	5.165
0	5.196
0	5.212
0	5.227
0	5.259
0	5.274
0	5.305
0	5.321
0	5.337
0	5.352
0	5.383
0	5.399
0	5.415
0	5.446
0	5.461
0	5.493
0	5.524
0	5.555
0	5.572
0	5.587
0	5.618
0	5.634
0	5.665
0	5.681
0	5.696
0	5.728
0	5.743
0	5.759
0	5.774
0	5.807
0	5.822
0	5.838
0	5.869
0	5.885
0	5.9
0	5.931
0	5.947
0	5.963
0	5.994
0	6.009
0	6.041
0	6.056
0	6.084
0	6.096
0	6.111
0	6.143
0	6.158
0	6.189
0	6.205
0	6.236
0	6.252
0	6.267
0	6.283
0	6.314
0	6.33
0	6.345
0	6.377
0	6.392
0	6.408
0	6.439
0	6.455
0	6.47
0	6.501
0	6.548
0	6.565
0	6.596
0	6.612
0	6.627
0	6.643
0	6.674
0	6.69
0	6.705
0	6.736
0	6.752
0	6.768
0	6.799
0	6.814
0	6.83
0	6.861
0	6.877
0	6.908
0	6.924
0	6.939
0	6.97
0	6.986
0	7.004
0	7.019
0	7.05
0	7.066
0	7.084
0	7.115
0	7.13
0	7.162
0	7.177
0	7.193
0	7.224
0	7.24
0	7.271
0	7.286
0	7.302
0	7.318
0	7.349
0	7.364
0	7.396
0	7.411
0	7.442
0	7.458
0	7.474
0	7.489
0	7.52
0	7.536
0	7.554
0	7.585
0	7.6
0	7.616
0	7.632
0	7.664
0	7.679
0	7.711
0	7.726
0	7.742
0	7.773
0	7.789
0	7.82
0	7.835
0	7.851
0	7.867
0	7.898
0	7.913
0	7.945
0	7.962
0	7.978
0	8.009
0	8.025
0	8.04
0	8.071
0	8.088
0	8.104
0	8.135
0	8.15
0	8.166
0	8.197
0	8.213
0	8.228
0	8.26
0	8.275
0	8.291
0	8.322
0	8.338
0	8.353
0	8.384
0	8.4
0	8.431
0	8.447
0	8.462
0	8.478
0	8.509
0	8.525
0	8.556
0	8.572
0	8.603
0	8.618
0	8.634
0	8.665
0	8.681
0	8.696
0	8.712
0	8.743
0	8.759
0	8.79
0	8.806
0	8.837
0	8.852
0	8.871
0	8.887
0	8.918
0	8.933
0	8.949
0	8.965
0	8.996
0	9.027
0	9.043
0	9.058
0	9.089
0	9.105
0	9.121
0	9.136
0	9.167
0	9.183
0	9.199
0	9.23
0	9.245
0	9.261
0	9.292
0	9.308
0	9.323
0	9.355
0	9.37
0	9.401
0	9.417
0	9.433
0	9.464
0	9.479
0	9.495
0	9.527
0	9.543
0	9.558
0	9.59
0	9.605
0	9.621
0	9.652
0	9.668
0	9.683
0	9.714
0	9.73
0	9.761
0	9.777
0	9.792
0	9.826
0	9.841
0	9.857
0	9.888
0	9.904
0	9.919
0	9.95
0	9.966
0	9.982
0	10.013
0	10.044
0	10.044
0	10.076
0	10.092
0	10.123
0	10.139
0	10.154
0	10.17
0	10.201
0	10.217
0	10.248
0	10.263
0	10.279
0	10.31
0	10.326
0	10.357
0	10.373
0	10.388
0	10.404
0	10.435
0	10.451
0	10.466
0	10.497
0	10.513
0	10.544
0	10.575
0	10.593
0	10.624
0	10.655
0	10.671
0	10.687
0	10.702
0	10.733
0	10.752
0	10.768
0	10.783
0	10.814
0	10.83
0	10.846
0	10.877
0	10.908
0	10.924
0	10.939
0	10.955
0	10.986
0	11.002
0	11.017
0	11.048
0	11.066
0	11.082
0	11.113
0	11.128
0	11.144
0	11.175
0	11.191
0	11.206
0	11.238
0	11.253
0	11.269
0	11.3
0	11.347
0	11.362
0	11.379
0	11.41
0	11.426
0	11.457
0	11.473
0	11.488
0	11.504
0	11.535
0	11.551
0	11.566
0	11.598
0	11.614
0	11.63
0	11.661
0	11.676
0	11.694
0	11.725
0	11.741
0	11.756
0	11.788
0	11.819
0	11.819
0	11.85
0	11.866
0	11.897
0	11.912
0	11.944
0	11.959
0	11.975
0	11.99
0	12.022
0	12.037
0	12.053
0	12.084
0	12.1
0	12.115
0	12.146
0	12.162
0	12.178
0	12.209
0	12.224
0	12.256
0	12.271
0	12.287
0	12.318
0	12.334
0	12.349
0	12.38
0	12.396
0	12.427
0	12.443
0	12.474
0	12.49
0	12.505
0	12.536
0	12.552
0	12.568
0	12.583
0	12.602
0	12.633
0	12.649
0	12.68
0	12.695
0	12.711
0	12.742
0	12.758
0	12.773
0	12.805
0	12.82
0	12.836
0	12.867
0	12.883
0	12.898
0	12.929
0	12.945
0	12.961
0	12.992
0	13.007
0	13.039
0	13.054
0	13.085
0	13.101
0	13.117
0	13.132
0	13.163
0	13.179
0	13.21
0	13.226
0	13.242
0	13.258
0	13.289
0	13.305
0	13.32
0	13.352
0	13.367
0	13.398
0	13.414
0	13.43
0	13.445
0	13.476
0	13.492
0	13.523
0	13.539
0	13.571
0	13.587
0	13.603
0	13.618
0	13.649
0	13.665
0	13.681
0	13.712
0	13.727
0	13.743
0	13.774
0	13.79
0	13.821
0	13.837
0	13.868
0	13.868
0	13.899
0	13.915
0	13.946
0	13.961
0	13.977
0	14.008
0	14.024
0	14.055
0	14.071
0	14.086
0	14.119
0	14.135
0	14.151
0	14.166
0	14.197
0	14.213
0	14.229
0	14.26
0	14.291
0	14.291
0	14.322
0	14.353
0	14.369
0	14.385
0	14.4
0	14.431
0	14.447
0	14.466
0	14.497
0	14.512
0	14.544
0	14.559
0	14.577
0	14.608
0	14.624
0	14.639
0	14.655
0	14.686
0	14.702
0	14.717
0	14.748
0	14.764
0	14.78
0	14.811
0	14.826
0	14.858
0	14.873
0	14.889
0	14.92
0	14.936
0	14.967
0	14.982
0	14.998
0	15.014
0	15.045
0	15.06
0	15.092
0	15.108
0	15.155
0	15.171
0	15.186
0	15.202
0	15.233
0	15.249
0	15.28
0	15.295
0	15.311
0	15.342
0	15.358
0	15.373
0	15.405
0	15.422
0	15.438
0	15.469
0	15.485
0	15.516
0	15.531
0	15.547
0	15.578
0	15.594
0	15.609
0	15.625
0	15.656
0	15.672
0	15.687
0	15.719
0	15.734
0	15.75
0	15.781
0	15.797
0	15.828
0	15.843
0	15.859
0	15.89
0	15.906
0	15.921
0	15.953
0	15.968
0	15.999
0	16.015
0	16.031
0	16.046
0	16.077
0	16.093
0	16.109
0	16.14
0	16.155
0	16.187
0	16.202
0	16.218
0	16.249
0	16.265
0	16.296
0	16.311
0	16.33
0	16.346
0	16.377
0	16.392
0	16.408
0	16.439
0	16.455
0	16.486
0	16.502
0	16.533
0	16.533
0	16.564
0	16.58
0	16.611
0	16.626
0	16.658
0	16.673
0	16.72
0	16.736
0	16.767
0	16.767
0	16.798
0	16.814
0	16.845
0	16.86
0	16.876
0	16.892
0	16.923
0	16.938
0	16.97
0	16.986
0	17.002
0	17.033
0	17.049
0	17.064
0	17.096
0	17.112
0	17.128
0	17.159
0	17.174
0	17.19
0	17.221
0	17.252
0	17.268
0	17.286
0	17.301
0	17.317
0	17.348
0	17.364
0	17.379
0	17.41
0	17.442
0	17.442
0	17.473
0	17.488
0	17.52
0	17.535
0	17.551
0	17.582
0	17.607
0	17.622
0	17.653
0	17.669
0	17.685
0	17.731
0	17.747
0	17.763
0	17.778
0	17.809
0	17.825
0	17.856
0	17.872
0	17.887
0	17.919
0	17.934
0	17.965
0	17.981
0	17.997
0	18.028
0	18.043
0	18.059
0	18.09
0	18.106
0	18.137
0	18.153
0	18.168
0	18.187
0	18.218
0	18.234
0	18.249
0	18.28
0	18.296
0	18.327
0	18.343
0	18.358
0	18.39
0	18.405
0	18.421
0	18.436
0	18.468
0	18.483
0	18.514
0	18.53
0	18.546
0	18.577
0	18.592
0	18.608
0	18.639
0	18.655
0	18.67
0	18.702
0	18.733
0	18.764
0	18.78
0	18.795
0	18.827
0	18.843
0	18.874
0	18.89
0	18.905
0	18.937
0	18.952
0	18.983
0	18.999
0	19.015
0	19.03
0	19.061
0	19.077
0	19.093
0	19.132
0	19.147
0	19.163
0	19.194
0	19.21
0	19.225
0	19.257
0	19.272
0	19.288
0	19.303
0	19.335
0	19.35
0	19.366
0	19.397
0	19.413
0	19.444
0	19.459
0	19.475
0	19.506
0	19.522
0	19.537
0	19.569
0	19.584
0	19.602
0	19.633
0	19.649
0	19.664
0	19.695
0	19.711
0	19.758
0	19.773
0	19.805
0	19.82
0	19.836
0	19.867
0	19.883
0	19.898
0	19.929
0	19.945
0	19.961
0	19.992
0	20.007
0	20.042
0	20.042
0	20.073
0	20.104
0	20.104
0	20.136
0	20.152
0	20.183
0	20.199
0	20.214
0	20.245
0	20.261
0	20.277
0	20.308
0	20.339
0	20.339
0	20.37
0	20.386
0	20.417
0	20.433
0	20.464
0	20.479
0	20.495
0	20.526
0	20.542
0	20.557
0	20.573
0	20.604
0	20.62
0	20.635
0	20.667
0	20.683
0	20.699
0	20.746
0	20.777
0	20.792
0	20.824
0	20.839
0	20.855
0	20.87
0	20.902
0	20.917
0	20.933
0	20.964
0	20.98
0	20.997
0	21.028
0	21.044
0	21.06
0	21.091
0	21.106
0	21.138
0	21.153
0	21.169
0	21.2
0	21.216
0	21.231
0	21.247
0	21.278
0	21.294
0	21.325
0	21.356
0	21.387
0	21.403
0	21.418
0	21.45
0	21.465
0	21.496
0	21.512
0	21.528
0	21.543
0	21.574
0	21.59
0	21.626
0	21.641
0	21.661
0	21.676
0	21.692
0	21.723
0	21.739
0	21.754
0	21.786
0	21.801
0	21.817
0	21.848
0	21.864
0	21.895
0	21.913
0	21.929
0	21.945
0	21.976
0	21.991
0	22.023
0	22.038
0	22.069
0	22.085
0	22.101
0	22.116
0	22.147
0	22.163
0	22.194
0	22.21
0	22.225
0	22.241
0	22.272
0	22.303
0	22.319
0	22.335
0	22.366
0	22.381
0	22.397
0	22.428
0	22.444
0	22.459
0	22.475
0	22.506
0	22.522
0	22.538
0	22.57
0	22.601
0	22.601
0	22.632
0	22.648
0	22.663
0	22.694
0	22.71
0	22.726
0	22.757
0	22.772
0	22.804
0	22.819
0	22.835
0	22.852
0	22.884
0	22.899
0	22.93
0	22.946
0	22.962
0	22.993
0	23.008
0	23.024
0	23.055
0	23.071
0	23.102
0	23.118
0	23.133
0	23.164
0	23.18
0	23.211
0	23.227
0	23.242
0	23.258
0	23.289
0	23.305
0	23.32
0	23.352
0	23.367
0	23.398
0	23.414
0	23.43
0	23.445
0	23.476
0	23.492
0	23.523
0	23.539
0	23.554
0	23.586
0	23.601
0	23.632
0	23.65
0	23.666
0	23.697
0	23.712
0	23.728
0	23.744
0	23.762
0	23.793
0	23.825
0	23.84
0	23.856
0	23.887
0	23.903
0	23.918
0	23.934
0	23.965
0	23.981
0	23.996
0	24.027
0	24.043
0	24.074
0	24.09
0	24.121
0	24.121
0	24.152
0	24.184
0	24.184
0	24.216
0	24.247
0	24.262
0	24.278
0	24.309
0	24.325
0	24.34
0	24.372
0	24.387
0	24.404
0	24.419
0	24.451
0	24.466
0	24.482
0	24.513
0	24.56
0	24.575
0	24.607
0	24.622
0	24.638
0	24.653
0	24.686
0	24.707
0	24.724
0	24.74
0	24.771
0	24.787
0	24.802
0	24.833
0	24.849
0	24.865
0	24.896
0	24.911
0	24.927
0	24.958
0	24.974
0	24.989
0	25.021
0	25.036
0	25.067
0	25.083
0	25.099
0	25.114
0	25.145
0	25.161
0	25.193
0	25.209
0	25.224
0	25.256
0	25.271
0	25.287
0	25.318
0	25.334
0	25.349
0	25.38
0	25.396
0	25.412
0	25.443
0	25.458
0	25.474
0	25.505
0	25.521
0	25.552
0	25.568
0	25.599
0	25.615
0	25.633
0	25.649
0	25.664
0	25.697
0	25.729
0	25.744
0	25.76
0	25.775
0	25.807
0	25.838
0	25.869
0	25.885
0	25.9
0	25.931
0	25.947
0	25.978
0	25.994
0	26.009
0	26.025
0	26.056
0	26.072
0	26.087
0	26.119
0	26.134
0	26.165
0	26.183
0	26.199
0	26.23
0	26.245
0	26.262
0	26.278
0	26.309
0	26.324
0	26.356
0	26.371
0	26.402
0	26.418
0	26.434
0	26.465
0	26.48
0	26.496
0	26.512
0	26.543
0	26.558
0	26.576
0	26.607
0	26.623
0	26.638
0	26.67
0	26.685
0	26.702
0	26.733
0	26.764
0	26.764
0	26.795
0	26.827
0	26.858
0	26.873
0	26.889
0	26.92
0	26.936
0	26.967
0	26.983
0	26.998
0	27.029
0	27.045
0	27.061
0	27.092
0	27.107
0	27.139
0	27.154
0	27.17
0	27.185
0	27.217
0	27.248
0	27.263
0	27.279
0	27.31
0	27.326
0	27.341
0	27.357
0	27.388
0	27.419
0	27.435
0	27.451
0	27.466
0	27.485
0	27.516
0	27.532
0	27.547
0	27.578
0	27.594
0	27.625
0	27.641
0	27.656
0	27.688
0	27.703
0	27.719
0	27.75
0	27.766
0	27.781
0	27.812
0	27.828
0	27.875
0	27.89
0	27.922
0	27.937
0	27.953
0	27.968
0	28
0	28.015
0	28.046
0	28.062
0	28.078
0	28.109
0	28.125
0	28.157
0	28.172
0	28.188
0	28.203
0	28.235
0	28.25
0	28.281
0	28.297
0	28.313
0	28.344
0	28.359
0	28.375
0	28.406
0	28.422
0	28.439
0	28.455
0	28.486
0	28.502
0	28.517
0	28.549
0	28.564
0	28.595
0	28.611
0	28.627
0	28.658
0	28.673
0	28.69
0	28.721
0	28.737
0	28.752
0	28.784
0	28.799
0	28.815
0	28.862
0	28.877
0	28.908
0	28.94
0	28.955
0	28.971
0	28.986
0	29.018
0	29.033
0	29.049
0	29.08
0	29.096
0	29.111
0	29.142
0	29.158
0	29.189
0	29.207
0	29.222
0	29.238
0	29.269
0	29.3
0	29.3
0	29.332
0	29.35
0	29.366
0	29.397
0	29.413
0	29.428
0	29.459
0	29.477
0	29.508
0	29.524
0	29.539
0	29.555
0	29.586
0	29.602
0	29.617
0	29.649
0	29.664
0	29.682
0	29.713
0	29.729
0	29.76
0	29.775
0	29.807
0	29.807
0	29.838
0	29.853
0	29.885
0	29.9
0	29.916
0	29.947
0	29.963
0	29.978
0	30.01
0	30.026
0	30.042
0	30.073
0	30.088
0	30.12
0	30.135
0	30.166
0	30.182
0	30.198
0	30.214
0	30.245
0	30.261
0	30.277
0	30.31
0	30.325
0	30.341
0	30.372
0	30.388
0	30.403
0	30.435
0	30.45
0	30.481
0	30.497
0	30.513
0	30.544
0	30.559
0	30.575
0	30.622
0	30.637
0	30.669
0	30.684
0	30.715
0	30.715
0	30.747
0	30.762
0	30.793
0	30.809
0	30.825
0	30.856
0	30.871
0	30.903
0	30.918
0	30.934
0	30.965
0	30.981
0	30.996
0	31.027
0	31.043
0	31.074
0	31.09
0	31.105
0	31.121
0	31.152
0	31.168
0	31.183
0	31.217
0	31.233
0	31.264
0	31.28
0	31.296
0	31.311
0	31.342
0	31.358
0	31.374
0	31.405
0	31.42
0	31.436
0	31.467
0	31.498
0	31.514
0	31.53
0	31.545
0	31.576
0	31.592
0	31.623
0	31.639
0	31.654
0	31.67
0	31.701
0	31.717
0	31.732
0	31.764
0	31.779
0	31.81
0	31.826
0	31.842
0	31.874
0	31.889
0	31.921
0	31.936
0	31.952
0	31.967
0	31.999
0	32.014
0	32.045
0	32.061
0	32.077
0	32.108
0	32.123
0	32.139
0	32.155
0	32.187
0	32.203
0	32.218
0	32.25
0	32.281
0	32.296
0	32.312
0	32.328
0	32.359
0	32.374
0	32.39
0	32.421
0	32.437
0	32.452
0	32.484
0	32.499
0	32.515
0	32.546
0	32.562
0	32.577
0	32.608
0	32.624
0	32.655
0	32.671
0	32.702
0	32.72
0	32.735
0	32.751
0	32.782
0	32.798
0	32.813
0	32.844
0	32.86
0	32.876
0	32.907
0	32.922
0	32.938
0	32.969
0	33
0	33.016
0	33.032
0	33.047
0	33.078
0	33.097
0	33.113
0	33.128
0	33.159
0	33.175
0	33.193
0	33.224
0	33.239
0	33.255
0	33.286
0	33.302
0	33.317
0	33.349
0	33.38
0	33.395
0	33.411
0	33.427
0	33.458
0	33.473
0	33.489
0	33.52
0	33.536
0	33.567
0	33.583
0	33.598
0	33.614
0	33.645
0	33.661
0	33.676
0	33.707
0	33.724
0	33.74
0	33.771
0	33.786
0	33.818
0	33.833
0	33.849
0	33.88
0	33.896
0	33.911
0	33.942
0	33.958
0	33.974
0	34.005
0	34.02
0	34.038
0	34.069
0	34.085
0	34.1
0	34.132
0	34.147
0	34.163
0	34.194
0	34.225
0	34.241
0	34.256
0	34.272
0	34.303
0	34.319
0	34.35
0	34.366
0	34.381
0	34.397
0	34.428
0	34.444
0	34.459
0	34.49
0	34.506
0	34.522
0	34.553
0	34.584
0	34.6
0	34.615
0	34.646
0	34.662
0	34.678
0	34.693
0	34.724
0	34.74
0	34.756
0	34.787
0	34.802
0	34.818
0	34.849
0	34.88
0	34.896
0	34.912
0	34.927
0	34.946
0	34.977
0	34.993
0	35.008
0	35.039
0	35.071
0	35.086
0	35.102
0	35.117
0	35.149
0	35.165
0	35.196
0	35.212
0	35.228
0	35.243
0	35.275
0	35.29
0	35.306
0	35.337
0	35.353
0	35.384
0	35.399
0	35.415
0	35.446
0	35.462
0	35.493
0	35.493
0	35.524
0	35.54
0	35.571
0	35.588
0	35.603
0	35.634
0	35.65
0	35.666
0	35.697
0	35.713
0	35.745
0	35.76
0	35.776
0	35.791
0	35.823
0	35.838
0	35.854
0	35.885
0	35.903
0	35.918
0	35.949
0	35.965
0	35.996
0	36.012
0	36.027
0	36.043
0	36.074
0	36.09
0	36.121
0	36.137
0	36.168
0	36.183
0	36.199
0	36.224
0	36.255
0	36.255
0	36.286
0	36.317
0	36.333
0	36.348
0	36.364
0	36.395
0	36.411
0	36.426
0	36.458
0	36.473
0	36.504
0	36.52
0	36.536
0	36.551
0	36.582
0	36.614
0	36.629
0	36.645
0	36.66
0	36.693
0	36.708
0	36.724
0	36.755
0	36.771
0	36.805
0	36.805
0	36.836
0	36.867
0	36.883
0	36.898
0	36.914
0	36.945
0	36.961
0	36.976
0	37.008
0	37.023
0	37.039
0	37.07
0	37.086
0	37.117
0	37.132
0	37.148
0	37.179
0	37.195
0	37.21
0	37.242
0	37.257
0	37.273
0	37.304
0	37.32
0	37.351
0	37.366
0	37.398
0	37.398
0	37.429
0	37.445
0	37.461
0	37.492
0	37.508
0	37.539
0	37.555
0	37.57
0	37.601
0	37.617
0	37.633
0	37.664
0	37.679
0	37.695
0	37.726
0	37.75
0	37.765
0	37.781
0	37.812
0	37.828
0	37.843
0	37.875
0	37.89
0	37.906
0	37.937
0	37.968
0	37.968
0	37.999
0	38.015
0	38.046
0	38.062
0	38.077
0	38.109
0	38.124
0	38.155
0	38.171
0	38.187
0	38.202
0	38.235
0	38.251
0	38.267
0	38.298
0	38.313
0	38.329
0	38.36
0	38.376
0	38.391
0	38.423
0	38.454
0	38.454
0	38.485
0	38.516
0	38.532
0	38.547
0	38.579
0	38.594
0	38.61
0	38.625
0	38.66
0	38.675
0	38.691
0	38.722
0	38.738
0	38.754
0	38.785
0	38.801
0	38.817
0	38.848
0	38.863
0	38.879
0	38.91
0	38.926
0	38.957
0	38.973
0	39.004
0	39.019
0	39.051
0	39.066
0	39.097
0	39.113
0	39.144
0	39.16
0	39.175
0	39.207
0	39.222
0	39.238
0	39.269
0	39.285
0	39.301
0	39.332
0	39.348
0	39.364
0	39.395
0	39.41
0	39.442
0	39.457
0	39.473
0	39.504
0	39.52
0	39.535
0	39.566
0	39.582
0	39.598
0	39.631
0	39.646
0	39.678
0	39.693
0.05	39.709
0.05	39.724
0.05	39.756
0.05	39.771
0.05	39.787
0.05	39.818
0.05	39.834
0.05	39.865
0.05	39.88
0.05	39.896
0.05	39.927
0.05	39.943
0.1	39.958
0.15	39.99
0.2	40.005
0.25	40.021
0.3	40.052
0.35	40.068
0.4	40.083
0.45	40.114
0.45	40.146
0.5	40.161
0.55	40.177
0.6	40.192
0.65	40.224
0.7	40.252
0.75	40.263
0.8	40.279
0.85	40.294
0.9	40.326
0.95	40.341
1	40.372
1	40.388
1	40.404
1	40.435
1	40.45
1	40.466
1	40.497
1	40.517
1	40.532
1	40.564
1	40.579
1	40.595
1	40.626
1	40.642
1	40.657
1	40.688
1	40.704
1	40.72
1	40.751
1	40.766
1	40.798
1	40.813
1	40.829
1	40.844
1	40.876
1	40.891
1	40.922
1	40.938
1	40.954
1	40.985
1	41
1	41.016
1	41.047
1	41.063
1	41.078
1	41.11
1	41.125
1	41.141
1	41.173
1	41.189
1	41.204
1	41.235
1	41.267
1	41.282
1	41.298
1	41.313
1	41.345
1	41.36
1	41.376
1	41.407
1	41.423
1	41.454
1	41.471
1	41.487
1	41.503
1	41.534
1	41.549
1	41.565
1	41.596
1	41.612
1	41.643
1	41.659
1	41.674
1	41.705
1	41.721
1	41.737
1	41.768
1	41.783
1	41.799
1	41.83
1	41.846
1	41.877
1	41.893
1	41.908
1	41.924
1	41.955
1	41.971
1	42.002
1	42.017
1	42.033
1	42.064
1	42.08
1	42.095
1	42.127
1	42.142
1	42.173
1	42.189
1	42.205
1	42.22
1	42.251
1	42.269
0.95	42.285
0.9	42.316
0.85	42.331
0.8	42.363
0.75	42.381
0.7	42.397
0.65	42.412
0.6	42.444
0.55	42.459
0.5	42.475
0.45	42.506
0.4	42.522
0.35	42.537
0.3	42.568
0.25	42.584
0.2	42.6
0.15	42.631
0.1	42.662
0.05	42.662
0	42.693
0	42.709
0	42.74
0	42.756
0	42.771
0	42.803
0	42.819
0	42.835
0	42.866
0	42.897
0	42.913
0	42.928
0	42.944
0	42.959
0	42.991
0	43.006
0	43.038
0	43.054
0	43.085
0	43.101
0	43.116
0	43.132
0	43.163
0	43.179
0	43.194
0	43.226
0	43.241
0	43.272
0	43.288
0	43.313
0	43.328
0	43.343
0	43.374
0	43.39
0	43.406
0	43.437
0	43.452
0	43.468
0	43.499
0	43.515
0	43.53
0	43.562
0	43.577
0	43.608
0	43.624
0	43.64
0	43.671
0	43.686
0	43.702
0	43.733
0	43.749
0	43.764
0	43.797
0	43.812
0	43.828
0	43.859
0	43.875
0	43.89
0	43.921
0	43.937
0	43.953
0.05	43.984
0.05	43.999
0.05	44.031
0.05	44.046
0.1	44.062
0.1	44.093
0.1	44.109
0.1	44.124
0.1	44.155
0.15	44.171
0.2	44.187
0.25	44.218
0.3	44.236
0.35	44.252
0.4	44.283
0.4	44.299
0.45	44.316
0.5	44.348
0.55	44.363
0.6	44.394
0.6	44.41
0.65	44.426
0.7	44.441
0.75	44.472
0.75	44.488
0.8	44.504
0.85	44.535
0.85	44.55
0.9	44.582
0.9	44.597
0.9	44.613
0.9	44.644
0.9	44.66
0.9	44.675
0.9	44.706
0.95	44.722
0.95	44.738
0.95	44.769
0.95	44.786
0.95	44.802
0.95	44.833
0.95	44.849
0.95	44.864
0.95	44.897
0.95	44.912
0.95	44.928
0.95	44.959
1	44.975
1	44.99
1	45.021
1	45.053
1	45.053
1	45.084
1	45.115
1	45.131
1	45.146
1	45.162
1	45.194
1	45.211
1	45.242
1	45.257
1	45.273
1	45.304
1	45.321
1	45.336
1	45.352
1	45.383
1	45.399
1	45.43
1	45.446
1	45.461
1	45.477
1	45.508
1	45.539
1	45.555
1	45.57
1	45.586
1	45.617
1	45.633
1	45.648
1	45.68
1	45.695
1	45.711
1	45.742
1	45.758
1	45.789
1	45.804
1	45.82
1	45.836
0.95	45.867
0.95	45.882
0.95	45.914
0.95	45.929
0.95	45.96
0.9	45.992
0.85	46.007
0.8	46.038
0.75	46.054
0.7	46.085
0.65	46.104
0.6	46.119
0.55	46.135
0.5	46.166
0.45	46.182
0.4	46.197
0.35	46.229
0.3	46.244
0.25	46.275
0.2	46.291
0.2	46.307
0.15	46.338
0.1	46.353
0.05	46.385
0	46.4
0	46.416
0	46.431
0	46.463
0	46.478
0	46.509
0	46.525
0	46.541
0	46.572
0	46.587
0	46.603
0	46.634
0	46.65
0	46.665
0	46.697
0	46.712
0	46.744
0	46.76
0	46.776
0	46.791
0	46.822
0	46.838
0	46.854
0	46.885
0	46.9
0	46.916
0	46.947
0	46.963
0	46.978
0	47.01
0	47.025
0	47.058
0	47.074
0	47.09
0	47.105
0	47.136
0	47.152
0	47.183
0	47.199
0	47.23
0	47.246
0	47.261
0.05	47.292
0.05	47.309
0.05	47.325
0.05	47.34
0.05	47.371
0.05	47.387
0.05	47.403
0.05	47.434
0.05	47.449
0.05	47.481
0.05	47.496
0.05	47.512
0.05	47.527
0.05	47.559
0.05	47.59
0.05	47.605
0.1	47.621
0.1	47.652
0.1	47.668
0.1	47.683
0.05	47.715
0.1	47.73
0.1	47.746
0.15	47.761
0.2	47.793
0.25	47.808
0.3	47.826
0.3	47.857
0.35	47.873
0.4	47.888
0.45	47.919
0.5	47.935
0.55	47.967
0.6	47.986
0.65	48.001
0.65	48.017
0.65	48.048
0.7	48.064
0.75	48.079
0.8	48.111
0.85	48.126
0.85	48.157
0.9	48.173
0.9	48.204
0.9	48.22
0.9	48.235
0.9	48.251
0.95	48.282
0.95	48.3
0.95	48.331
0.95	48.331
0.95	48.362
0.95	48.378
0.95	48.409
0.95	48.425
1	48.44
1	48.471
1	48.487
1	48.503
1	48.534
1	48.549
1	48.581
1	48.596
1	48.613
1	48.628
1	48.66
1	48.691
1	48.691
1	48.722
1	48.738
1	48.769
1	48.784
1	48.8
1	48.832
1	48.848
1	48.863
1	48.895
1	48.91
1	48.928
1	48.959
1	48.975
1	48.99
1	49.021
1	49.037
1	49.053
1	49.084
1	49.099
1	49.115
1	49.146
1	49.162
1	49.193
1	49.209
1	49.224
1	49.255
1	49.271
1	49.287
1	49.318
1	49.333
1	49.365
1	49.38
1	49.396
1	49.427
0.95	49.443
0.95	49.458
0.95	49.474
0.9	49.505
0.85	49.536
0.8	49.552
0.75	49.567
0.7	49.599
0.65	49.614
0.6	49.63
0.55	49.661
0.5	49.677
0.45	49.692
0.4	49.708
0.35	49.739
0.3	49.755
0.25	49.786
0.2	49.801
0.15	49.817
0.1	49.836
0.1	49.867
0.05	49.882
0	49.914
0	49.929
0	49.945
0	49.96
0	49.992
0	50.023
0	50.023
0	50.054
0	50.07
0	50.101
0	50.116
0	50.132
0	50.163
0	50.179
0	50.194
0	50.226
0	50.241
0	50.257
0	50.288
0	50.304
0	50.335
0	50.35
0	50.366
0	50.397
0.05	50.413
0.1	50.444
0.15	50.46
0.2	50.476
0.25	50.492
0.3	50.523
0.35	50.539
0.4	50.554
0.45	50.585
0.5	50.601
0.55	50.617
0.6	50.648
0.65	50.663
0.7	50.679
0.75	50.71
0.8	50.726
0.85	50.757
0.9	50.773
0.95	50.801
1	50.822
1	50.837
1	50.853
1	50.884
1	50.9
1	50.915
1	50.947
1	50.962
1	50.978
1	51.009
1	51.025
1	51.04
1	51.071
1	51.087
1	51.103
1	51.134
1	51.149
1	51.181
1	51.196
1	51.243
1	51.259
1	51.274
1	51.305
1	51.321
1	51.354
1	51.37
1	51.385
1	51.401
1	51.432
0.95	51.463
0.9	51.463
0.85	51.495
0.85	51.51
0.8	51.541
0.8	51.557
0.75	51.573
0.75	51.604
0.75	51.619
0.75	51.635
0.75	51.666
0.75	51.682
0.75	51.7
0.75	51.732
0.75	51.747
0.75	51.778
0.75	51.794
0.75	51.812
0.75	51.843
0.75	51.858
0.8	51.874
0.85	51.89
0.9	51.921
0.9	51.936
0.95	51.968
0.95	51.983
1	51.999
1	52.014
1	52.046
1	52.077
1	52.077
1	52.108
1	52.139
1	52.139
1	52.17
1	52.202
1	52.217
1	52.233
1	52.248
1	52.28
1	52.295
1	52.311
1	52.343
1	52.359
1	52.374
1	52.405
1	52.421
1	52.437
1	52.468
1	52.483
1	52.499
1	52.53
1	52.546
1	52.561
1	52.593
1	52.608
1	52.639
1	52.657
1	52.673
1	52.704
1	52.719
1	52.751
1	52.766
1	52.782
1	52.797
1	52.829
1	52.844
1	52.875
1	52.891
1	52.907
1	52.938
1	52.953
1	52.969
1	53
1	53.016
1	53.031
1	53.063
1	53.078
1	53.109
1	53.125
1	53.141
1	53.156
1	53.187
1	53.203
1	53.234
1	53.25
1	53.265
1	53.297
1	53.312
1	53.328
1	53.359
1	53.375
1	53.39
1	53.421
1	53.437
1	53.453
1	53.484
1	53.515
1	53.515
1	53.546
1	53.565
1	53.58
1	53.612
1	53.627
1	53.658
1	53.674
1	53.69
1	53.721
1	53.736
1	53.752
1	53.783
1	53.799
1	53.814
1	53.846
1	53.861
1	53.877
1	53.908
1	53.924
1	53.939
1	53.97
1	53.986
1	54.002
1	54.033
1	54.064
1	54.08
1	54.095
1	54.111
1	54.142
1	54.158
1	54.173
1	54.205
1	54.221
1	54.237
1	54.268
1	54.283
1	54.315
1	54.331
1	54.347
1	54.362
1	54.394
1	54.409
1	54.425
1	54.456
1	54.472
1	54.503
1	54.52
1	54.536
1	54.552
1	54.583
1	54.598
1	54.63
1	54.645
1	54.661
1	54.692
1	54.708
1	54.723
1	54.754
1	54.77
1	54.786
1	54.817
1	54.84
1	54.856
1	54.887
1	54.903
1	54.918
1	54.934
1	54.965
1	54.981
1	55.012
1	55.028
1	55.059
1	55.074
1	55.09
1	55.106
1	55.121
1	55.152
1	55.168
1	55.199
1	55.215
1	55.246
1	55.262
1	55.293
1	55.324
1	55.355
1	55.371
1	55.386
1	55.402
1	55.421
1	55.452
1	55.467
1	55.483
1	55.514
1	55.545
1	55.561
1	55.577
0.95	55.592
0.95	55.623
0.9	55.639
0.85	55.67
0.8	55.686
0.75	55.701
0.7	55.717
0.65	55.748
0.6	55.764
0.55	55.795
0.5	55.811
0.45	55.826
0.4	55.857
0.35	55.873
0.3	55.889
0.25	55.92
0.2	55.935
0.15	55.967
0.1	55.982
0.05	55.998
0.05	56.013
0	56.045
0	56.061
0	56.077
0	56.108
0	56.124
0	56.155
0	56.17
0	56.186
0	56.202
0	56.233
0	56.264
0	56.264
0	56.295
0	56.311
0	56.326
0	56.365
0	56.381
0	56.397
0	56.412
0	56.444
0	56.475
0	56.475
0	56.506
0	56.522
0	56.553
0	56.568
0	56.584
0	56.615
0	56.631
0	56.646
0	56.678
0	56.693
0	56.709
0	56.74
0	56.756
0	56.771
0	56.802
0	56.818
0	56.836
0	56.867
0	56.882
0	56.914
0	56.929
0	56.945
0	56.976
0	56.992
0	57.007
0	57.038
0	57.054
0	57.085
0	57.101
0	57.116
0	57.148
0	57.163
0	57.179
0	57.194
0	57.226
0	57.241
0	57.257
0	57.291
0	57.307
0	57.322
0	57.353
0	57.37
0	57.386
0	57.417
0	57.432
0	57.448
0	57.479
0	57.51
0	57.51
0	57.542
0	57.557
0	57.588
0	57.604
0	57.62
0	57.651
0	57.666
0	57.682
0	57.713
0	57.729
0	57.744
0	57.776
0	57.791
0	57.807
0	57.838
0	57.869
0	57.885
0	57.9
0	57.917
0	57.948
0	57.964
0	57.995
0	58.011
0	58.026
0	58.042
0	58.073
0	58.089
0	58.104
0	58.135
0	58.151
0	58.167
0	58.198
0	58.213
0	58.231
0	58.262
0	58.278
0	58.309
0	58.325
0	58.356
0	58.356
0	58.387
0	58.403
0	58.434
0	58.449
0	58.465
0	58.496
0	58.512
0	58.543
0	58.559
0	58.574
0	58.59
0	58.621
0	58.637
0	58.668
0	58.683
0	58.699
0	58.73
0	58.746
0	58.761
0	58.793
0	58.808
0	58.824
0	58.866
0	58.879
0	58.895
0	58.91
0	58.941
0	58.957
0	58.988
0	59.004
0	59.019
0	59.035
0	59.066
0	59.082
0	59.097
0	59.132
0	59.147
0	59.163
0	59.194
0	59.21
0	59.225
0	59.256
0	59.272
0	59.288
0	59.319
0	59.334
0	59.366
0	59.381
0	59.397
0	59.428
0	59.444
0	59.459
0	59.49
0	59.506
0	59.522
0	59.553
0	59.568
0	59.584
0	59.615
0	59.631
0	59.662
0	59.678
0	59.693
0	59.724
0	59.74
0	59.756
0	59.788
0	59.803
0	59.819
0	59.85
0	59.866
0	59.881
0	59.913
0	59.928
0	59.959
0	59.975
0	59.991
0	60.006
0	60.037
0	60.069
0	60.069
0	60.102
0	60.117
0	60.133
0	60.164
0	60.195
0	60.211
0	60.227
0	60.242
0	60.273
0	60.289
0	60.305
0	60.336
0	60.351
0	60.367
0	60.398
0	60.414
0	60.429
0	60.461
0	60.476
0	60.492
0	60.523
0	60.554
0	60.57
0	60.585
0	60.601
0	60.632
0	60.648
0	60.663
0	60.695
0	60.71
0	60.741
0	60.757
0	60.773
0	60.788
0	60.819
0	60.835
0	60.866
0	60.884
0	60.899
0	60.915
0	60.946
0	60.977
0	60.996
0	61.012
0	61.027
0	61.058
0	61.074
0	61.09
0	61.121
0	61.136
0	61.152
0	61.168
0	61.199
0	61.214
0	61.246
0	61.261
0	61.277
0	61.308
0	61.324
0	61.339
0	61.37
0	61.386
0	61.402
0	61.434
0	61.449
0	61.465
0	61.496
0.05	61.527
0.1	61.527
0.15	61.559
0.2	61.574
0.25	61.605
0.25	61.621
0.25	61.653
0.25	61.669
0.3	61.684
0.35	61.7
0.35	61.731
0.35	61.747
0.35	61.778
0.35	61.794
0.35	61.809
0.35	61.825
0.4	61.856
0.45	61.887
0.5	61.903
0.55	61.923
0.55	61.942
0.55	61.958
0.55	61.974
0.55	62.005
0.55	62.02
0.6	62.052
0.65	62.067
0.7	62.083
0.7	62.114
0.7	62.13
0.75	62.145
0.8	62.176
0.85	62.192
0.9	62.223
0.95	62.239
1	62.254
1	62.27
1	62.301
1	62.317
1	62.348
1	62.364
1	62.41
1	62.427
1	62.443
1	62.458
1	62.489
1	62.521
1	62.536
1	62.552
1	62.567
1	62.599
1	62.614
1	62.645
1	62.661
1	62.692
1	62.708
1	62.723
1	62.739
1	62.77
1	62.786
1	62.801
1	62.833
1	62.851
1	62.867
1	62.882
1	62.914
1	62.931
1	62.962
1	62.978
1	62.994
1	63.025
1	63.04
1	63.056
1	63.087
1	63.103
1	63.134
1	63.15
1	63.165
1	63.181
1	63.212
1	63.228
1	63.243
1	63.274
1	63.29
1	63.321
1	63.337
1	63.368
1	63.368
1	63.401
1	63.417
1	63.448
1	63.464
1	63.496
1	63.511
1	63.527
1	63.543
1	63.574
1	63.589
1	63.605
1	63.636
1	63.652
1	63.667
1	63.699
1	63.714
1	63.745
1	63.761
1	63.777
1	63.792
1	63.825
1	63.841
1	63.872
1	63.888
1	63.903
1	63.919
1	63.951
0.95	63.967
0.95	63.982
0.9	64.014
0.85	64.029
0.8	64.045
0.75	64.076
0.7	64.092
0.65	64.123
0.6	64.138
0.55	64.154
0.5	64.185
0.45	64.201
0.4	64.216
0.35	64.248
0.3	64.263
0.25	64.279
0.2	64.31
0.15	64.326
0.1	64.357
0.05	64.372
0.05	64.388
0	64.419
0	64.435
0	64.466
0	64.482
0	64.497
0	64.528
0	64.544
0	64.56
0	64.575
0	64.606
0	64.622
0	64.653
0	64.669
0	64.7
0.05	64.716
0.05	64.734
0.1	64.75
0.1	64.765
0.15	64.797
0.15	64.812
0.15	64.843
0.15	64.859
0.2	64.875
0.2	64.906
0.2	64.921
0.2	64.937
0.2	64.968
0.2	64.984
0.25	64.999
0.25	65.031
0.3	65.046
0.3	65.077
0.3	65.093
0.35	65.109
0.3	65.14
0.35	65.155
0.35	65.171
0.4	65.202
0.35	65.218
0.4	65.233
0.45	65.265
0.5	65.28
0.45	65.296
0.45	65.327
0.45	65.343
0.45	65.375
0.5	65.39
0.55	65.406
0.55	65.453
0.6	65.468
0.6	65.5
0.65	65.515
0.65	65.546
0.6	65.562
0.6	65.578
0.55	65.609
0.55	65.624
0.5	65.64
0.5	65.656
0.45	65.673
0.45	65.704
0.4	65.72
0.4	65.751
0.45	65.767
0.5	65.798
0.55	65.814
0.5	65.829
0.5	65.845
0.5	65.876
0.5	65.892
0.45	65.907
0.45	65.939
0.45	65.955
0.45	65.971
0.45	66.002
0.5	66.017
0.45	66.033
0.45	66.064
0.45	66.08
0.45	66.111
0.4	66.127
0.4	66.142
0.4	66.173
0.4	66.189
0.35	66.205
0.3	66.236
0.3	66.251
0.25	66.267
0.25	66.298
0.25	66.314
0.25	66.329
0.25	66.361
0.3	66.376
0.3	66.407
0.3	66.423
0.3	66.442
0.3	66.473
0.35	66.488
0.35	66.504
0.4	66.52
0.45	66.551
0.5	66.566
0.55	66.585
0.55	66.616
0.6	66.632
0.65	66.663
0.7	66.679
0.75	66.694
0.7	66.71
0.7	66.741
0.75	66.757
0.75	66.788
0.75	66.803
0.8	66.819
0.85	66.85
0.85	66.866
0.9	66.881
0.9	66.915
0.9	66.93
0.85	66.961
0.8	66.977
0.8	66.993
0.75	67.008
0.75	67.039
0.75	67.055
0.7	67.071
0.7	67.102
0.7	67.117
0.75	67.133
0.75	67.164
0.75	67.18
0.75	67.211
0.75	67.228
0.75	67.243
0.75	67.259
0.75	67.29
0.75	67.306
0.75	67.337
0.8	67.352
0.85	67.368
0.9	67.399
0.85	67.43
0.85	67.447
0.8	67.478
0.8	67.494
0.85	67.525
0.85	67.543
0.8	67.558
0.8	67.589
0.75	67.605
0.7	67.636
0.65	67.652
0.6	67.683
0.55	67.683
0.5	67.714
0.5	67.745
0.45	67.761
0.4	67.777
0.35	67.792
0.3	67.823
0.25	67.839
0.25	67.855
0.3	67.886
0.3	67.901
0.25	67.917
0.2	67.948
0.2	67.964
0.2	67.995
0.15	68.011
0.15	68.042
0.2	68.042
0.25	68.073
0.3	68.089
0.3	68.12
0.35	68.135
0.3	68.151
0.35	68.182
0.35	68.198
0.4	68.213
0.45	68.245
0.45	68.276
0.45	68.276
0.45	68.307
0.45	68.323
0.45	68.354
0.5	68.369
0.5	68.385
0.55	68.416
0.55	68.432
0.6	68.466
0.55	68.497
0.55	68.528
0.5	68.544
0.5	68.56
0.45	68.575
0.45	68.606
0.4	68.622
0.4	68.653
0.35	68.669
0.35	68.684
0.4	68.716
0.45	68.731
0.45	68.747
0.5	68.778
0.5	68.794
0.45	68.809
0.45	68.84
0.45	68.856
0.45	68.887
0.4	68.903
0.4	68.918
0.35	68.95
0.35	68.965
0.35	68.981
0.4	68.996
0.4	69.028
0.4	69.043
0.45	69.074
0.5	69.091
0.5	69.107
0.5	69.122
0.5	69.153
0.5	69.169
0.45	69.2
0.5	69.216
0.5	69.247
0.45	69.263
0.4	69.278
0.45	69.294
0.45	69.325
0.45	69.341
0.45	69.356
0.5	69.387
0.5	69.409
0.45	69.436
0.45	69.467
0.45	69.467
0.45	69.482
0.4	69.514
0.35	69.529
0.3	69.56
0.25	69.576
0.2	69.607
0.2	69.623
0.15	69.638
0.15	69.654
0.15	69.685
0.15	69.701
0.15	69.716
0.2	69.748
0.2	69.763
0.25	69.779
0.2	69.81
0.25	69.826
0.25	69.841
0.25	69.872
0.25	69.888
0.25	69.919
0.25	69.935
0.3	69.968
0.35	69.984
0.4	69.999
0.4	70.015
0.4	70.046
0.45	70.062
0.5	70.093
0.55	70.108
0.6	70.124
0.6	70.14
0.6	70.171
0.6	70.186
0.55	70.202
0.55	70.233
0.55	70.249
0.6	70.264
0.65	70.296
0.7	70.314
0.65	70.345
0.7	70.361
0.7	70.377
0.65	70.392
0.65	70.425
0.65	70.441
0.65	70.472
0.65	70.488
0.6	70.503
0.6	70.535
0.6	70.55
0.55	70.566
0.55	70.581
0.6	70.613
0.6	70.628
0.65	70.644
0.65	70.675
0.6	70.691
0.6	70.722
0.55	70.737
0.6	70.753
0.6	70.784
0.6	70.8
0.65	70.815
0.6	70.847
0.6	70.878
0.65	70.878
0.6	70.909
0.65	70.925
0.65	70.94
0.65	70.972
0.7	70.988
0.7	71.019
0.65	71.035
0.7	71.066
0.65	71.082
0.65	71.097
0.7	71.113
0.65	71.144
0.65	71.16
0.65	71.191
0.65	71.206
0.6	71.222
0.55	71.238
0.6	71.271
0.65	71.286
0.65	71.318
0.7	71.333
0.7	71.364
0.7	71.38
0.7	71.396
0.7	71.411
0.65	71.427
0.65	71.458
0.65	71.474
0.65	71.505
0.65	71.52
0.65	71.552
0.7	71.567
0.75	71.583
0.75	71.614
0.75	71.63
0.8	71.645
0.8	71.676
0.8	71.692
0.8	71.708
0.8	71.739
0.75	71.754
0.75	71.77
0.75	71.801
0.75	71.817
0.75	71.832
0.8	71.864
0.8	71.879
0.8	71.895
0.8	71.926
0.8	71.942
0.8	71.973
0.75	71.988
0.7	72.004
0.65	72.02
0.6	72.051
0.55	72.066
0.55	72.098
0.5	72.113
0.45	72.129
0.4	72.16
0.4	72.179
0.35	72.21
0.35	72.225
0.3	72.241
0.25	72.257
0.2	72.288
0.25	72.303
0.2	72.319
0.2	72.35
0.15	72.366
0.1	72.397
0.1	72.413
0.1	72.428
0.1	72.459
0.1	72.475
0.1	72.491
0.1	72.506
0.1	72.537
0.1	72.553
0.1	72.584
0.15	72.6
0.2	72.615
0.15	72.647
0.15	72.662
0.15	72.678
0.2	72.709
0.15	72.725
0.2	72.74
0.2	72.771
0.2	72.787
0.2	72.803
0.25	72.835
0.3	72.85
0.35	72.866
0.4	72.897
0.4	72.913
0.4	72.928
0.4	72.961
0.45	72.976
0.5	73.007
0.45	73.023
0.45	73.039
0.5	73.07
0.5	73.085
0.55	73.101
0.55	73.134
0.6	73.15
0.6	73.165
0.65	73.197
0.65	73.212
0.7	73.228
0.7	73.259
0.7	73.275
0.7	73.29
0.65	73.321
0.7	73.337
0.7	73.353
0.75	73.384
0.7	73.431
0.7	73.454
0.75	73.47
0.75	73.485
0.75	73.501
0.8	73.532
0.75	73.548
0.75	73.579
0.7	73.595
0.7	73.61
0.7	73.641
0.75	73.657
0.7	73.673
0.65	73.704
0.6	73.719
0.6	73.735
0.6	73.766
0.6	73.782
0.65	73.813
0.6	73.829
0.65	73.86
0.65	73.86
0.65	73.891
0.65	73.907
0.6	73.938
0.6	73.953
0.6	73.969
0.55	74
0.55	74.016
0.55	74.05
0.55	74.066
0.55	74.081
0.6	74.097
0.6	74.128
0.65	74.144
0.6	74.175
0.6	74.19
0.55	74.206
0.55	74.237
0.6	74.253
0.55	74.268
0.5	74.284
0.5	74.315
0.45	74.331
0.45	74.362
0.45	74.378
0.5	74.409
0.5	74.424
0.5	74.44
0.45	74.456
0.45	74.487
0.45	74.502
0.4	74.534
0.45	74.549
0.4	74.565
0.45	74.58
0.45	74.612
0.45	74.627
0.45	74.643
0.4	74.675
0.45	74.691
0.45	74.706
0.4	74.737
0.4	74.753
0.4	74.769
0.4	74.8
0.4	74.831
0.4	74.847
0.45	74.862
0.45	74.878
0.45	74.909
0.4	74.925
0.45	74.94
0.4	74.973
0.4	74.995
0.4	75.011
0.4	75.026
0.4	75.057
0.35	75.073
0.35	75.089
0.35	75.12
0.4	75.135
0.45	75.167
0.5	75.182
0.5	75.213
0.45	75.229
0.45	75.245
0.45	75.26
0.4	75.291
0.4	75.307
0.35	75.323
0.35	75.354
0.3	75.369
0.35	75.385
0.4	75.416
0.35	75.432
0.35	75.465
0.4	75.481
0.4	75.496
0.45	75.512
0.45	75.543
0.45	75.559
0.45	75.574
0.45	75.605
0.5	75.637
0.5	75.652
0.45	75.668
0.45	75.683
0.45	75.715
0.45	75.73
0.5	75.746
0.5	75.777
0.55	75.793
0.5	75.808
0.45	75.839
0.45	75.855
0.5	75.871
0.45	75.889
0.5	75.92
0.5	75.952
0.45	75.967
0.4	75.984
0.4	75.999
0.4	76.031
0.4	76.046
0.4	76.062
0.45	76.093
0.45	76.109
0.5	76.14
0.5	76.155
0.5	76.171
0.55	76.187
0.5	76.218
0.5	76.233
0.55	76.265
0.6	76.28
0.6	76.296
0.65	76.311
0.65	76.343
0.6	76.358
0.65	76.389
0.7	76.405
0.7	76.421
0.7	76.452
0.7	76.483
0.75	76.499
0.7	76.514
0.75	76.531
0.7	76.546
0.75	76.578
0.75	76.593
0.75	76.609
0.8	76.64
0.85	76.656
0.85	76.687
0.8	76.702
0.75	76.718
0.75	76.749
0.75	76.765
0.8	76.78
0.8	76.812
0.8	76.827
0.75	76.845
0.7	76.876
0.7	76.892
0.65	76.907
0.65	76.938
0.65	76.954
0.65	76.97
0.6	77.001
0.6	77.032
0.55	77.032
0.55	77.063
0.55	77.079
0.55	77.11
0.6	77.126
0.6	77.141
0.6	77.172
0.6	77.188
0.6	77.219
0.55	77.235
0.55	77.25
0.55	77.282
0.55	77.297
0.5	77.313
0.5	77.328
0.5	77.36
0.45	77.375
0.5	77.406
0.5	77.422
0.45	77.438
0.45	77.476
0.4	77.49
0.35	77.508
0.3	77.524
0.25	77.555
0.3	77.571
0.25	77.586
0.25	77.618
0.2	77.633
0.25	77.664
0.25	77.68
0.25	77.696
0.3	77.711
0.3	77.743
0.3	77.761
0.3	77.777
0.3	77.808
0.25	77.823
0.25	77.839
0.3	77.87
0.3	77.886
0.3	77.901
0.3	77.933
0.3	77.948
0.3	77.979
0.25	77.995
0.25	78.011
0.2	78.026
0.2	78.057
0.15	78.073
0.15	78.104
0.15	78.12
0.1	78.135
0.1	78.167
0.15	78.182
0.15	78.198
0.15	78.229
0.15	78.245
0.2	78.276
0.2	78.291
0.2	78.307
0.2	78.323
0.25	78.354
0.25	78.369
0.25	78.391
0.25	78.422
0.25	78.438
0.3	78.453
0.3	78.485
0.3	78.501
0.3	78.517
0.35	78.548
0.35	78.564
0.4	78.579
0.35	78.61
0.4	78.626
0.4	78.657
0.45	78.673
0.45	78.69
0.45	78.706
0.45	78.737
0.5	78.768
0.5	78.768
0.55	78.8
0.6	78.815
0.65	78.831
0.7	78.862
0.7	78.893
0.75	78.909
0.75	78.924
0.75	78.94
0.7	78.971
0.75	78.987
0.75	79.01
0.8	79.026
0.8	79.057
0.8	79.073
0.75	79.088
0.75	79.12
0.75	79.135
0.8	79.166
0.8	79.182
0.8	79.198
0.8	79.229
0.8	79.244
0.8	79.26
0.8	79.276
0.75	79.307
0.75	79.322
0.8	79.338
0.75	79.369
0.8	79.385
0.8	79.416
0.8	79.432
0.75	79.447
0.7	79.478
0.75	79.494
0.75	79.51
0.75	79.541
0.75	79.556
0.7	79.572
0.65	79.606
0.6	79.622
0.55	79.653
0.5	79.669
0.45	79.684
0.45	79.7
0.5	79.731
0.5	79.747
0.5	79.762
0.55	79.793
0.55	79.809
0.5	79.825
0.5	79.856
0.55	79.871
0.6	79.887
0.6	79.918
0.6	79.934
0.6	79.965
0.6	79.981
0.65	79.996
0.7	80.027
0.7	80.043
0.7	80.074
0.75	80.09
0.8	80.105
0.8	80.121
0.75	80.152
0.75	80.168
0.7	80.183
0.7	80.215
0.7	80.231
0.7	80.262
0.7	80.278
0.7	80.309
0.7	80.325
0.7	80.34
0.75	80.356
0.7	80.387
0.7	80.403
0.65	80.418
0.65	80.45
0.65	80.465
0.7	80.496
0.65	80.512
0.6	80.536
0.55	80.551
0.55	80.567
0.5	80.598
0.5	80.614
0.45	80.629
0.4	80.66
0.4	80.676
0.4	80.692
0.4	80.723
0.35	80.738
0.3	80.754
0.25	80.785
0.25	80.801
0.2	80.832
0.2	80.848
0.15	80.863
0.15	80.894
0.1	80.91
0.15	80.926
0.15	80.957
0.2	80.972
0.2	80.988
0.2	81.021
0.2	81.037
0.2	81.052
0.2	81.084
0.2	81.115
0.15	81.115
0.1	81.146
0.1	81.177
0.1	81.193
0.1	81.208
0.1	81.224
0.1	81.255
0.1	81.271
0.1	81.286
0.1	81.318
0.15	81.333
0.1	81.364
0.1	81.38
0.05	81.396
0.05	81.411
0.05	81.445
0.05	81.461
0.05	81.477
0.05	81.508
0.05	81.523
0.05	81.54
0.05	81.571
0.05	81.587
0.05	81.618
0.05	81.634
0.05	81.649
0.05	81.68
0.05	81.696
0.1	81.712
0.1	81.727
0.1	81.758
0.1	81.774
0.1	81.805
0.1	81.821
0.1	81.836
0.1	81.868
0.1	81.883
0.15	81.899
0.2	81.93
0.25	81.946
0.25	81.961
0.3	81.992
0.3	82.008
0.35	82.039
0.35	82.055
0.35	82.07
0.4	82.103
0.45	82.118
0.4	82.134
0.45	82.165
0.4	82.181
0.45	82.212
0.5	82.227
0.55	82.243
0.6	82.274
0.65	82.29
0.65	82.305
0.6	82.321
0.6	82.352
0.55	82.368
0.6	82.383
0.6	82.417
0.6	82.432
0.6	82.463
0.6	82.479
0.65	82.495
0.65	82.51
0.6	82.541
0.6	82.557
0.6	82.588
0.65	82.604
0.65	82.635
0.65	82.651
0.65	82.666
0.65	82.697
0.65	82.713
0.7	82.729
0.75	82.744
0.75	82.775
0.8	82.807
0.8	82.807
0.8	82.838
0.8	82.853
0.8	82.885
0.85	82.9
0.85	82.916
0.85	82.947
0.9	82.963
0.95	82.978
0.95	83.009
0.95	83.026
0.95	83.042
0.95	83.073
0.95	83.088
0.95	83.12
0.95	83.135
0.95	83.151
0.95	83.166
0.95	83.198
0.95	83.213
0.95	83.244
0.95	83.26
1	83.276
1	83.307
1	83.325
1	83.341
1	83.357
1	83.388
1	83.403
1	83.435
0.95	83.45
0.95	83.466
0.9	83.497
0.9	83.513
0.9	83.529
0.9	83.56
0.9	83.576
0.9	83.592
0.9	83.623
0.85	83.638
0.85	83.654
0.8	83.685
0.75	83.701
0.7	83.716
0.7	83.748
0.65	83.763
0.6	83.779
0.6	83.81
0.6	83.841
0.55	83.857
0.6	83.872
0.55	83.888
0.55	83.919
0.5	83.935
0.45	83.951
0.4	83.983
0.35	83.998
0.35	84.014
0.3	84.047
0.3	84.063
0.25	84.094
0.25	84.109
0.25	84.125
0.25	84.156
0.2	84.172
0.2	84.187
0.2	84.203
0.15	84.234
0.1	84.25
0.1	84.283
0.05	84.299
0.05	84.33
0.05	84.33
0.05	84.361
0.05	84.377
0.05	84.392
0.05	84.423
0	84.439
0	84.47
0	84.486
0	84.501
0	84.534
0	84.555
0	84.57
0.05	84.586
0.05	84.617
0.1	84.633
0.1	84.648
0.1	84.679
0.15	84.695
0.15	84.711
0.2	84.742
0.2	84.757
0.2	84.773
0.25	84.804
0.3	84.82
0.3	84.838
0.35	84.87
0.4	84.885
0.4	84.901
0.45	84.932
0.45	84.948
0.5	84.979
0.5	84.994
0.5	85.026
0.5	85.041
0.5	85.057
0.55	85.072
0.6	85.104
0.55	85.119
0.6	85.135
0.55	85.166
0.6	85.182
0.65	85.213
0.65	85.228
0.6	85.26
0.65	85.275
0.6	85.291
0.6	85.322
0.65	85.338
0.65	85.353
0.7	85.369
0.7	85.4
0.75	85.416
0.75	85.447
0.8	85.462
0.75	85.479
0.75	85.495
0.75	85.526
0.75	85.541
0.75	85.557
0.8	85.588
0.8	85.604
0.8	85.635
0.8	85.651
0.85	85.666
0.85	85.698
0.85	85.714
0.85	85.73
0.85	85.761
0.85	85.776
0.8	85.794
0.8	85.825
0.8	85.841
0.8	85.856
0.8	85.888
0.85	85.903
0.85	85.934
0.85	85.95
0.9	85.966
0.9	85.981
0.9	86.012
0.85	86.028
0.85	86.045
0.85	86.076
0.8	86.091
0.8	86.107
0.8	86.138
0.75	86.154
0.75	86.169
0.75	86.201
0.75	86.216
0.75	86.247
0.75	86.263
0.75	86.279
0.7	86.31
0.65	86.325
0.6	86.341
0.55	86.372
0.55	86.388
0.5	86.403
0.45	86.435
0.45	86.466
0.4	86.466
0.35	86.497
0.4	86.513
0.35	86.544
0.4	86.561
0.4	86.577
0.4	86.593
0.35	86.624
0.4	86.639
0.4	86.671
0.35	86.686
0.3	86.705
0.3	86.72
0.3	86.752
0.3	86.767
0.3	86.798
0.25	86.814
0.3	86.83
0.35	86.861
0.4	86.876
0.45	86.892
0.45	86.923
0.4	86.939
0.4	86.954
0.4	86.986
0.4	87.001
0.35	87.017
0.4	87.05
0.35	87.066
0.3	87.081
0.3	87.112
0.3	87.128
0.3	87.144
0.3	87.175
0.3	87.19
0.3	87.206
0.35	87.237
0.35	87.253
0.3	87.268
0.25	87.3
0.2	87.331
0.2	87.347
0.2	87.363
0.2	87.379
0.2	87.41
0.2	87.425
0.2	87.441
0.15	87.472
0.15	87.488
0.15	87.503
0.2	87.535
0.25	87.55
0.25	87.582
0.25	87.598
0.3	87.629
0.3	87.629
0.25	87.662
0.2	87.678
0.2	87.694
0.2	87.725
0.2	87.74
0.25	87.756
0.3	87.787
0.3	87.803
0.3	87.834
0.35	87.85
0.35	87.865
0.4	87.896
0.45	87.912
0.5	87.943
0.5	87.959
0.5	87.974
0.5	87.99
0.5	88.021
0.45	88.037
0.5	88.052
0.55	88.084
0.6	88.099
0.65	88.13
0.7	88.146
0.75	88.162
0.75	88.193
0.7	88.208
0.7	88.224
0.7	88.255
0.7	88.271
0.75	88.286
0.75	88.318
0.7	88.333
0.7	88.364
0.7	88.38
0.7	88.396
0.75	88.427
0.8	88.442
0.85	88.458
0.85	88.489
0.85	88.505
0.85	88.52
0.85	88.552
0.8	88.57
0.8	88.601
0.75	88.617
0.75	88.633
0.8	88.664
0.8	88.679
0.8	88.695
0.8	88.726
0.75	88.742
0.8	88.757
0.75	88.773
0.75	88.804
0.75	88.82
0.7	88.835
0.65	88.867
0.65	88.882
0.6	88.898
0.6	88.929
0.55	88.96
0.5	88.976
0.5	88.991
0.45	89.007
0.5	89.038
0.55	89.054
0.5	89.069
0.45	89.101
0.4	89.116
0.35	89.147
0.35	89.163
0.3	89.179
0.35	89.194
0.3	89.226
0.25	89.242
0.3	89.273
0.3	89.289
0.25	89.304
0.25	89.336
0.25	89.351
0.25	89.367
0.25	89.398
0.25	89.414
0.25	89.429
0.2	89.46
0.2	89.476
0.25	89.492
0.25	89.525
0.3	89.54
0.35	89.555
0.35	89.587
0.4	89.602
0.35	89.618
0.35	89.649
0.4	89.665
0.35	89.68
0.4	89.711
0.45	89.727
0.45	89.743
0.45	89.774
0.45	89.789
0.45	89.821
0.45	89.836
0.45	89.852
0.45	89.883
0.45	89.899
0.4	89.914
0.45	89.945
0.45	89.961
0.45	89.977
0.45	90.008
0.4	90.023
0.45	90.039
0.45	90.072
0.45	90.088
0.5	90.103
0.5	90.135
0.5	90.15
0.55	90.181
0.55	90.197
0.6	90.228
0.6	90.244
0.65	90.259
0.65	90.275
0.7	90.306
0.7	90.322
0.7	90.337
0.65	90.369
0.65	90.384
0.6	90.4
0.6	90.434
0.6	90.45
0.6	90.481
0.65	90.496
0.65	90.512
0.65	90.545
0.65	90.561
0.65	90.576
0.6	90.592
0.6	90.623
0.6	90.639
0.65	90.654
0.65	90.686
0.7	90.701
0.7	90.717
0.7	90.748
0.75	90.764
0.8	90.795
0.8	90.81
0.85	90.826
0.9	90.857
0.95	90.873
0.9	90.904
0.9	90.92
0.9	90.935
0.85	90.966
0.8	90.982
0.75	90.998
0.75	91.029
0.75	91.044
0.7	91.06
0.65	91.092
0.6	91.108
0.55	91.123
0.55	91.155
0.5	91.17
0.5	91.186
0.45	91.217
0.45	91.233
0.45	91.248
0.4	91.279
0.4	91.295
0.45	91.311
0.45	91.342
0.45	91.357
0.45	91.391
0.5	91.406
0.5	91.422
0.5	91.437
0.5	91.469
0.5	91.5
0.5	91.5
0.5	91.531
0.5	91.547
0.45	91.562
0.5	91.593
0.5	91.625
0.55	91.64
0.5	91.656
0.45	91.671
0.45	91.703
0.45	91.718
0.4	91.734
0.35	91.765
0.3	91.781
0.3	91.796
0.3	91.827
0.3	91.843
0.35	91.859
0.3	91.89
0.3	91.905
0.35	91.937
0.35	91.952
0.35	91.968
0.35	91.999
0.3	92.015
0.25	92.03
0.25	92.061
0.25	92.077
0.25	92.093
0.25	92.124
0.2	92.139
0.2	92.155
0.25	92.186
0.25	92.202
0.25	92.233
0.25	92.249
0.25	92.28
0.2	92.296
0.2	92.314
0.2	92.33
0.15	92.345
0.2	92.376
0.2	92.392
0.2	92.423
0.2	92.439
0.2	92.454
0.15	92.486
0.2	92.501
0.25	92.532
0.3	92.548
0.3	92.564
0.3	92.579
0.3	92.61
0.3	92.642
0.35	92.642
0.35	92.673
0.35	92.688
0.4	92.72
0.4	92.735
0.4	92.751
0.45	92.782
0.45	92.798
0.5	92.813
0.55	92.844
0.6	92.86
0.6	92.876
0.65	92.907
0.6	92.922
0.55	92.939
0.55	92.97
0.6	92.986
0.65	93.001
0.65	93.033
0.65	93.048
0.65	93.065
0.65	93.096
0.65	93.112
0.65	93.127
0.65	93.158
0.7	93.19
0.7	93.205
0.7	93.221
0.65	93.236
0.6	93.27
0.55	93.285
0.6	93.301
0.55	93.332
0.6	93.348
0.6	93.363
0.55	93.394
0.55	93.41
0.5	93.426
0.5	93.457
0.5	93.488
0.5	93.488
0.5	93.519
0.55	93.535
0.55	93.566
0.6	93.59
0.6	93.605
0.55	93.621
0.55	93.652
0.6	93.668
0.6	93.683
0.6	93.714
0.6	93.73
0.6	93.746
0.55	93.761
0.6	93.792
0.6	93.808
0.6	93.839
0.65	93.855
0.65	93.87
0.7	93.902
0.65	93.917
0.65	93.933
0.65	93.964
0.6	93.995
0.6	93.995
0.6	94.026
0.65	94.042
0.65	94.058
0.65	94.089
0.65	94.104
0.7	94.136
0.65	94.154
0.7	94.17
0.75	94.185
0.75	94.217
0.75	94.248
0.75	94.263
0.7	94.279
0.7	94.295
0.7	94.326
0.7	94.341
0.65	94.373
0.65	94.388
0.7	94.404
0.7	94.435
0.7	94.451
0.7	94.466
0.7	94.482
0.65	94.513
0.7	94.529
0.65	94.544
0.7	94.575
0.7	94.591
0.7	94.622
0.65	94.638
0.65	94.653
0.65	94.685
0.65	94.7
0.6	94.716
0.55	94.747
0.6	94.763
0.6	94.778
0.55	94.81
0.55	94.826
0.55	94.857
0.5	94.873
0.45	94.888
0.4	94.904
0.45	94.935
0.45	94.966
0.45	94.982
0.4	94.998
0.4	95.013
0.4	95.044
0.4	95.06
0.4	95.076
0.35	95.109
0.35	95.127
0.35	95.143
0.35	95.174
0.3	95.19
0.3	95.205
0.35	95.236
0.3	95.252
0.25	95.283
0.3	95.299
0.3	95.314
0.3	95.33
0.25	95.361
0.25	95.377
0.25	95.408
0.25	95.424
0.2	95.439
0.2	95.455
0.2	95.486
0.2	95.502
0.25	95.517
0.25	95.548
0.25	95.566
0.25	95.582
0.25	95.613
0.25	95.628
0.2	95.66
0.2	95.675
0.25	95.706
0.2	95.722
0.2	95.738
0.25	95.753
0.3	95.784
0.25	95.8
0.3	95.816
0.3	95.847
0.3	95.862
0.25	95.878
0.25	95.909
0.25	95.925
0.25	95.94
0.25	95.972
0.25	95.987
0.25	96.006
0.3	96.037
0.35	96.053
0.35	96.068
0.35	96.1
0.35	96.116
0.35	96.147
0.35	96.163
0.35	96.178
0.3	96.21
0.3	96.225
0.3	96.241
0.35	96.272
0.4	96.288
0.45	96.303
0.5	96.334
0.55	96.35
0.55	96.381
0.6	96.397
0.65	96.412
0.65	96.428
0.65	96.459
0.65	96.475
0.65	96.49
0.65	96.522
0.65	96.553
0.7	96.553
0.75	96.584
0.75	96.6
0.8	96.631
0.8	96.647
0.75	96.663
0.7	96.694
0.7	96.71
0.7	96.741
0.7	96.757
0.7	96.772
0.7	96.788
0.7	96.819
0.65	96.85
0.7	96.85
0.7	96.881
0.65	96.897
0.65	96.928
0.7	96.944
0.7	96.961
0.65	96.993
0.65	97.008
0.65	97.039
0.65	97.055
0.7	97.071
0.75	97.086
0.75	97.117
0.75	97.133
0.7	97.149
0.7	97.18
0.7	97.195
0.7	97.227
0.7	97.242
0.7	97.258
0.7	97.273
0.7	97.305
0.75	97.32
0.8	97.351
0.8	97.367
0.8	97.383
0.85	97.414
0.85	97.429
0.85	97.445
0.8	97.476
0.8	97.492
0.8	97.507
0.8	97.539
0.75	97.554
0.8	97.57
0.8	97.602
0.75	97.618
0.75	97.649
0.75	97.664
0.8	97.68
0.8	97.696
0.8	97.727
0.75	97.758
0.7	97.774
0.65	97.789
0.6	97.82
0.55	97.836
0.55	97.852
0.5	97.87
0.55	97.901
0.5	97.917
0.45	97.933
0.5	97.964
0.55	97.979
0.55	97.995
0.55	98.026
0.55	98.042
0.5	98.073
0.45	98.09
0.4	98.105
0.35	98.121
0.3	98.152
0.35	98.168
0.35	98.183
0.4	98.214
0.45	98.23
0.45	98.246
0.4	98.277
0.4	98.292
0.35	98.324
0.35	98.339
0.35	98.355
0.3	98.386
0.25	98.402
0.25	98.433
0.25	98.448
0.25	98.464
0.25	98.495
0.25	98.512
0.25	98.527
0.25	98.543
0.25	98.574
0.25	98.59
0.25	98.607
0.2	98.639
0.2	98.654
0.2	98.685
0.2	98.701
0.2	98.717
0.2	98.732
0.2	98.763
0.2	98.779
0.2	98.81
0.2	98.831
0.15	98.85
0.1	98.866
0.1	98.897
0.1	98.913
0.15	98.928
0.15	98.944
0.15	98.975
0.15	98.991
0.1	99.006
0.15	99.038
0.2	99.053
0.2	99.084
0.25	99.1
0.25	99.132
0.25	99.148
0.25	99.163
0.25	99.179
0.25	99.21
0.25	99.226
0.25	99.241
0.25	99.273
0.25	99.288
0.25	99.304
0.25	99.335
0.2	99.351
0.2	99.382
0.2	99.397
0.2	99.429
0.2	99.429
0.15	99.46
0.1	99.475
0.05	99.507
0.05	99.522
0.1	99.553
0.15	99.569
0.2	99.585
0.25	99.616
0.25	99.631
0.25	99.647
0.25	99.663
0.25	99.694
0.25	99.709
0.25	99.728
0.25	99.759
0.25	99.775
0.25	99.79
0.25	99.822
0.25	99.837
0.25	99.853
0.25	99.884
0.25	99.9
0.25	99.931
0.2	99.946
0.15	99.962
0.1	99.993
0.05	100.009
0	100.024
0	100.056
0.05	100.071
0.1	100.087
0.15	100.118
0.2	100.134
0.25	100.149
0.3	100.18
0.3	100.196
0.3	100.212
0.3	100.243
0.3	100.274
0.3	100.29
0.3	100.305
0.3	100.336
0.3	100.352
0.3	100.369
0.3	100.384
0.3	100.415
0.3	100.431
0.3	100.447
0.3	100.478
0.25	100.509
0.2	100.509
0.15	100.54
0.1	100.571
0.1	100.571
0.1	100.604
0.15	100.635
0.2	100.65
0.25	100.666
0.3	100.684
0.35	100.715
0.35	100.73
0.35	100.746
0.35	100.777
0.35	100.793
0.35	100.808
0.35	100.84
0.35	100.855
0.35	100.871
0.35	100.902
0.35	100.918
0.35	100.933
0.35	100.964
0.35	100.98
0.3	100.996
0.25	101.027
0.2	101.058
0.15	101.074
0.15	101.089
0.15	101.105
0.15	101.122
0.2	101.154
0.25	101.169
0.3	101.2
0.35	101.216
0.4	101.232
0.45	101.263
0.45	101.278
0.45	101.294
0.45	101.325
0.45	101.356
0.45	101.372
0.45	101.388
0.45	101.403
0.45	101.45
0.45	101.466
0.45	101.497
0.45	101.512
0.4	101.544
0.35	101.559
0.3	101.575
0.25	101.593
0.25	101.625
0.25	101.64
0.25	101.671
0.25	101.687
0.25	101.703
0.3	101.718
0.35	101.749
0.4	101.765
0.45	101.781
0.45	101.812
0.45	101.827
0.45	101.843
0.45	101.874
0.45	101.89
0.45	101.921
0.45	101.937
0.45	101.952
0.45	101.983
0.45	101.999
0.45	102.015
0.4	102.046
0.35	102.061
0.3	102.077
0.25	102.108
0.25	102.125
0.25	102.14
0.25	102.172
0.25	102.187
0.25	102.218
0.3	102.235
0.35	102.251
0.4	102.266
0.45	102.297
0.5	102.313
0.5	102.329
0.5	102.36
0.5	102.375
0.5	102.391
0.5	102.422
0.5	102.438
0.5	102.469
0.5	102.485
0.5	102.5
0.5	102.531
0.45	102.549
0.4	102.565
0.35	102.596
0.3	102.611
0.25	102.627
0.25	102.658
0.25	102.674
0.25	102.705
0.25	102.721
0.25	102.736
0.3	102.752
0.35	102.783
0.4	102.799
0.45	102.83
0.5	102.845
0.5	102.861
0.5	102.892
0.5	102.908
0.5	102.939
0.5	102.955
0.5	102.97
0.5	102.986
0.5	103.017
0.5	103.033
0.5	103.048
0.45	103.079
0.4	103.095
0.35	103.131
0.3	103.133
0.3	103.164
0.3	103.18
0.3	103.211
0.3	103.227
0.3	103.258
0.3	103.258
0.35	103.289
0.4	103.305
0.45	103.336
0.5	103.352
0.55	103.367
0.55	103.398
0.55	103.414
0.55	103.449
0.55	103.465
0.55	103.48
0.55	103.512
0.55	103.527
0.55	103.543
0.55	103.558
0.5	103.59
0.45	103.605
0.4	103.621
0.35	103.653
0.35	103.669
0.35	103.7
0.35	103.715
0.35	103.731
0.35	103.747
0.35	103.778
0.35	103.793
0.4	103.809
0.45	103.84
0.5	103.856
0.55	103.887
0.55	103.903
0.55	103.918
0.55	103.949
0.55	103.965
0.55	103.996
0.55	104.012
0.55	104.027
0.55	104.043
0.55	104.074
0.5	104.091
0.45	104.106
0.4	104.138
0.35	104.153
0.3	104.169
0.3	104.2
0.3	104.216
0.3	104.231
0.3	104.262
0.3	104.278
0.3	104.309
0.35	104.325
0.4	104.356
0.45	104.372
0.5	104.387
0.55	104.405
0.6	104.436
0.6	104.452
0.6	104.483
0.6	104.498
0.6	104.514
0.6	104.53
0.6	104.561
0.6	104.576
0.6	104.592
0.55	104.623
0.5	104.639
0.45	104.654
0.4	104.686
0.4	104.701
0.4	104.732
0.4	104.748
0.4	104.779
0.4	104.795
0.4	104.81
0.4	104.826
0.4	104.857
0.45	104.873
0.5	104.904
0.55	104.92
0.6	104.935
0.6	104.966
0.6	104.982
0.6	104.998
0.6	105.013
0.6	105.044
0.6	105.06
0.6	105.091
0.6	105.107
0.55	105.122
0.5	105.154
0.45	105.171
0.4	105.187
0.35	105.218
0.35	105.234
0.35	105.249
0.35	105.28
0.35	105.296
0.35	105.316
0.35	105.347
0.35	105.362
0.4	105.378
0.45	105.409
0.5	105.425
0.55	105.44
0.6	105.472
0.6	105.487
0.6	105.503
0.6	105.534
0.6	105.55
0.6	105.565
0.6	105.596
0.6	105.612
0.6	105.628
0.55	105.661
0.5	105.676
0.45	105.692
0.4	105.723
0.4	105.739
0.4	105.77
0.4	105.786
0.4	105.801
0.4	105.832
0.4	105.848
0.4	105.864
0.4	105.895
0.45	105.91
0.5	105.926
0.55	105.958
0.6	105.974
0.65	105.989
0.65	106.021
0.65	106.036
0.65	106.067
0.65	106.083
0.65	106.099
0.65	106.13
0.65	106.145
0.6	106.161
0.55	106.178
0.5	106.209
0.45	106.224
0.4	106.256
0.4	106.273
0.4	106.289
0.4	106.32
0.4	106.336
0.4	106.351
0.4	106.382
0.4	106.398
0.4	106.414
0.45	106.445
0.5	106.46
0.55	106.476
0.6	106.507
0.6	106.523
0.6	106.538
0.6	106.57
0.6	106.585
0.6	106.601
0.6	106.632
0.6	106.663
0.6	106.679
0.55	106.694
0.5	106.71
0.45	106.741
0.4	106.757
0.4	106.772
0.4	106.804
0.4	106.819
0.4	106.85
0.4	106.866
0.4	106.882
0.4	106.897
0.4	106.928
0.45	106.944
0.5	106.975
0.55	106.991
0.6	107.006
0.65	107.038
0.65	107.053
0.65	107.084
0.65	107.1
0.65	107.116
0.65	107.131
0.65	107.162
0.65	107.181
0.6	107.197
0.55	107.228
0.5	107.243
0.45	107.275
0.4	107.29
0.4	107.306
0.4	107.321
0.4	107.353
0.4	107.368
0.4	107.384
0.4	107.415
0.4	107.431
0.4	107.462
0.45	107.477
0.5	107.509
0.55	107.524
0.6	107.54
0.6	107.555
0.6	107.587
0.6	107.602
0.6	107.633
0.6	107.649
0.6	107.68
0.6	107.696
0.6	107.711
0.55	107.743
0.5	107.743
0.45	107.774
0.4	107.789
0.4	107.821
0.4	107.837
0.4	107.853
0.4	107.884
0.4	107.9
0.4	107.915
0.4	107.946
0.4	107.962
0.45	107.993
0.5	108.009
0.55	108.024
0.6	108.056
0.65	108.071
0.65	108.087
0.65	108.102
0.65	108.146
0.65	108.166
0.65	108.166
0.65	108.197
0.65	108.213
0.6	108.244
0.55	108.26
0.5	108.275
0.45	108.307
0.4	108.322
0.4	108.338
0.4	108.369
0.4	108.385
0.4	108.4
0.4	108.431
0.4	108.463
0.4	108.463
0.4	108.494
0.45	108.509
0.5	108.541
0.55	108.556
0.6	108.572
0.65	108.587
0.65	108.619
0.65	108.634
0.65	108.665
0.65	108.683
0.65	108.699
0.65	108.73
0.65	108.745
0.6	108.761
0.55	108.792
0.5	108.808
0.45	108.823
0.4	108.855
0.4	108.87
0.4	108.886
0.4	108.917
0.4	108.933
0.4	108.964
0.4	108.979
0.4	108.995
0.4	109.026
0.45	109.045
0.5	109.06
0.55	109.076
0.6	109.107
0.6	109.123
0.6	109.156
0.6	109.172
0.6	109.187
0.6	109.218
0.6	109.234
0.6	109.25
0.6	109.281
0.55	109.296
0.5	109.312
0.45	109.328
0.4	109.359
0.4	109.374
0.4	109.406
0.4	109.421
0.4	109.452
0.4	109.468
0.4	109.499
0.4	109.499
0.4	109.53
0.45	109.546
0.5	109.562
0.55	109.593
0.6	109.608
0.65	109.624
0.65	109.655
0.65	109.671
0.65	109.703
0.65	109.719
0.65	109.734
0.65	109.765
0.65	109.781
0.6	109.797
0.55	109.828
0.5	109.859
0.45	109.859
0.4	109.89
0.4	109.921
0.4	109.921
0.4	109.953
0.4	109.968
0.4	109.999
0.4	110.017
0.4	110.033
0.4	110.048
0.45	110.079
0.5	110.111
0.55	110.111
0.6	110.142
0.6	110.173
0.6	110.189
0.6	110.204
0.6	110.22
0.6	110.251
0.6	110.267
0.6	110.298
0.6	110.313
0.55	110.329
0.5	110.345
0.45	110.376
0.4	110.391
0.4	110.423
0.4	110.438
0.4	110.454
0.4	110.485
0.4	110.501
0.4	110.516
0.4	110.547
0.4	110.563
0.45	110.579
0.5	110.61
0.55	110.625
0.6	110.657
0.65	110.672
0.65	110.688
0.65	110.719
0.65	110.735
0.65	110.766
0.65	110.781
0.65	110.797
0.65	110.828
0.6	110.844
0.55	110.859
0.5	110.875
0.45	110.908
0.4	110.925
0.4	110.956
0.4	110.972
0.4	110.987
0.4	111.003
0.4	111.034
0.4	111.065
0.4	111.065
0.4	111.096
0.45	111.112
0.5	111.128
0.55	111.159
0.6	111.174
0.6	111.206
0.6	111.221
0.6	111.237
0.6	111.268
0.6	111.284
0.6	111.315
0.6	111.33
0.6	111.346
0.55	111.377
0.5	111.393
0.45	111.408
0.4	111.424
0.35	111.455
0.35	111.471
0.35	111.502
0.35	111.518
0.35	111.533
0.35	111.55
0.35	111.581
0.35	111.597
0.4	111.628
0.45	111.643
0.5	111.676
0.55	111.691
0.6	111.707
0.6	111.722
0.6	111.754
0.6	111.769
0.6	111.785
0.6	111.816
0.6	111.832
0.6	111.865
0.6	111.88
0.55	111.896
0.5	111.912
0.45	111.943
0.45	111.958
0.45	111.974
0.45	112.005
0.45	112.036
0.45	112.052
0.45	112.068
0.45	112.083
0.45	112.114
0.45	112.13
0.5	112.146
0.55	112.185
0.6	112.186
0.65	112.217
0.65	112.233
0.65	112.248
0.65	112.279
0.65	112.295
0.65	112.326
0.65	112.342
0.65	112.357
0.6	112.389
0.55	112.404
0.5	112.435
0.45	112.451
0.4	112.467
0.4	112.482
0.4	112.513
0.4	112.529
0.4	112.56
0.4	112.576
0.4	112.607
0.4	112.623
0.4	112.638
0.45	112.654
0.5	112.685
0.55	112.701
0.6	112.716
0.65	112.747
0.65	112.766
0.65	112.782
0.65	112.813
0.65	112.828
0.65	112.844
0.65	112.875
0.65	112.891
0.6	112.906
0.55	112.938
0.5	112.953
0.45	112.984
0.4	113
0.4	113.016
0.4	113.047
0.4	113.062
0.4	113.078
0.4	113.109
0.4	113.125
0.4	113.14
0.4	113.172
0.45	113.187
0.5	113.203
0.55	113.234
0.6	113.25
0.6	113.265
0.6	113.296
0.6	113.312
0.6	113.343
0.6	113.359
0.6	113.374
0.6	113.407
0.6	113.422
0.55	113.438
0.5	113.453
0.45	113.485
0.4	113.5
0.35	113.531
0.35	113.547
0.35	113.578
0.35	113.594
0.35	113.609
0.35	113.641
0.35	113.656
0.35	113.672
0.4	113.708
0.45	113.711
0.5	113.742
0.55	113.758
0.6	113.773
0.6	113.805
0.6	113.82
0.6	113.836
0.6	113.867
0.6	113.883
0.6	113.898
0.6	113.929
0.6	113.961
0.55	113.976
0.5	113.992
0.45	114.007
0.4	114.039
0.4	114.054
0.4	114.07
0.4	114.101
0.4	114.117
0.4	114.132
0.4	114.163
0.4	114.181
0.4	114.212
0.45	114.228
0.5	114.243
0.55	114.259
0.6	114.29
0.6	114.306
0.6	114.337
0.6	114.353
0.6	114.368
0.6	114.384
0.6	114.415
0.6	114.431
0.6	114.462
0.55	114.477
0.5	114.509
0.45	114.524
0.4	114.54
0.35	114.555
0.35	114.587
0.35	114.602
0.35	114.636
0.35	114.652
0.35	114.668
0.35	114.683
0.35	114.715
0.4	114.731
0.45	114.762
0.5	114.778
0.55	114.793
0.6	114.809
0.6	114.84
0.6	114.856
0.6	114.871
0.6	114.903
0.6	114.934
0.6	114.934
0.6	114.965
0.6	114.981
0.55	115.012
0.5	115.027
0.45	115.043
0.4	115.074
0.4	115.09
0.4	115.105
0.4	115.137
0.4	115.152
0.4	115.168
0.4	115.199
0.4	115.215
0.4	115.246
0.45	115.262
0.5	115.294
0.55	115.309
0.6	115.325
0.6	115.34
0.6	115.372
0.6	115.387
0.6	115.418
0.6	115.434
0.6	115.45
0.6	115.465
0.6	115.496
0.55	115.512
0.5	115.543
0.45	115.559
0.4	115.576
0.4	115.608
0.4	115.623
0.4	115.639
0.4	115.67
0.4	115.686
0.4	115.717
0.4	115.717
0.4	115.748
0.45	115.764
0.5	115.795
0.55	115.81
0.6	115.826
0.6	115.857
0.6	115.873
0.6	115.888
0.6	115.92
0.6	115.951
0.6	115.951
0.6	115.982
0.6	115.998
0.55	116.029
0.5	116.044
0.45	116.076
0.4	116.076
0.35	116.107
0.35	116.138
0.35	116.154
0.35	116.169
0.35	116.185
0.35	116.219
0.35	116.224
0.35	116.256
0.4	116.287
0.45	116.302
0.5	116.318
0.55	116.334
0.6	116.365
0.6	116.38
0.6	116.396
0.6	116.427
0.6	116.443
0.6	116.458
0.6	116.477
0.6	116.508
0.6	116.539
0.55	116.555
0.5	116.571
0.45	116.586
0.4	116.617
0.4	116.633
0.4	116.664
0.4	116.68
0.4	116.695
0.4	116.727
0.4	116.742
0.4	116.773
0.4	116.789
0.45	116.805
0.5	116.82
0.55	116.851
0.6	116.867
0.6	116.883
0.6	116.914
0.6	116.945
0.6	116.945
0.6	116.976
0.6	116.992
0.6	117.007
0.6	117.039
0.55	117.054
0.5	117.085
0.45	117.101
0.4	117.133
0.4	117.149
0.4	117.164
0.4	117.196
0.4	117.211
0.4	117.227
0.4	117.258
0.4	117.274
0.4	117.305
0.45	117.305
0.5	117.336
0.55	117.352
0.6	117.383
0.65	117.398
0.65	117.414
0.65	117.432
0.65	117.463
0.65	117.478
0.65	117.494
0.65	117.525
0.65	117.541
0.6	117.572
0.55	117.588
0.5	117.603
0.45	117.634
0.4	117.65
0.4	117.666
0.4	117.697
0.4	117.712
0.4	117.744
0.4	117.759
0.4	117.79
0.4	117.806
0.4	117.822
0.45	117.837
0.5	117.868
0.55	117.884
0.6	117.9
0.6	117.931
0.6	117.946
0.6	117.962
0.6	117.993
0.6	118.009
0.6	118.024
0.6	118.056
0.6	118.071
0.55	118.087
0.5	118.118
0.45	118.134
0.4	118.149
0.4	118.18
0.4	118.196
0.4	118.228
0.4	118.245
0.4	118.26
0.4	118.292
0.4	118.307
0.4	118.323
0.45	118.341
0.5	118.373
0.55	118.404
0.6	118.404
0.6	118.435
0.6	118.466
0.6	118.482
0.6	118.497
0.6	118.513
0.6	118.544
0.6	118.56
0.6	118.575
0.55	118.607
0.5	118.622
0.45	118.653
0.4	118.669
0.35	118.685
0.35	118.7
0.35	118.731
0.35	118.747
0.35	118.764
0.35	118.795
0.35	118.826
0.35	118.842
0.4	118.857
0.45	118.873
0.5	118.904
0.55	118.92
0.55	118.951
0.55	118.966
0.55	118.983
0.55	118.999
0.55	119.03
0.55	119.045
0.55	119.061
0.55	119.092
0.55	119.108
0.5	119.123
0.45	119.155
0.4	119.17
0.35	119.201
0.3	119.217
0.3	119.233
0.3	119.271
0.3	119.285
0.3	119.303
0.3	119.335
0.3	119.335
0.35	119.366
0.4	119.381
0.45	119.413
0.5	119.428
0.55	119.444
0.55	119.475
0.55	119.491
0.55	119.522
0.55	119.537
0.55	119.553
0.55	119.569
0.55	119.6
0.55	119.631
0.55	119.631
0.5	119.662
0.45	119.678
0.4	119.693
0.4	119.725
0.4	119.74
0.4	119.772
0.4	119.788
0.4	119.804
0.4	119.835
0.4	119.85
0.4	119.866
0.45	119.897
0.5	119.913
0.55	119.944
0.6	119.96
0.65	119.975
0.65	120.006
0.65	120.022
0.65	120.038
0.65	120.053
0.65	120.084
0.65	120.1
0.65	120.131
0.6	120.147
0.55	120.162
0.5	120.195
0.45	120.212
0.4	120.228
0.35	120.243
0.35	120.277
0.35	120.292
0.35	120.308
0.35	120.339
0.35	120.355
0.35	120.37
0.35	120.401
0.4	120.417
0.45	120.448
0.5	120.464
0.55	120.479
0.55	120.511
0.55	120.526
0.55	120.542
0.55	120.573
0.55	120.589
0.55	120.62
0.55	120.635
0.55	120.667
0.55	120.667
0.5	120.698
0.45	120.713
0.4	120.746
0.4	120.762
0.4	120.778
0.4	120.809
0.4	120.825
0.4	120.857
0.4	120.872
0.4	120.888
0.4	120.904
0.45	120.935
0.5	120.95
0.55	120.966
0.6	120.997
0.65	121.013
0.65	121.028
0.65	121.06
0.65	121.075
0.65	121.106
0.65	121.122
0.65	121.153
0.65	121.155
0.6	121.186
0.55	121.202
0.5	121.218
0.45	121.249
0.4	121.264
0.4	121.297
0.4	121.312
0.4	121.328
0.4	121.359
0.4	121.375
0.4	121.406
0.4	121.421
0.4	121.437
0.45	121.468
0.5	121.484
0.55	121.499
0.6	121.515
0.6	121.546
0.6	121.562
0.6	121.593
0.6	121.609
0.6	121.624
0.6	121.64
0.6	121.671
0.6	121.687
0.55	121.718
0.5	121.733
0.45	121.749
0.4	121.78
0.35	121.796
0.35	121.827
0.35	121.843
0.35	121.858
0.35	121.874
0.35	121.905
0.35	121.921
0.35	121.936
0.4	121.967
0.45	121.999
0.5	122.014
0.55	122.03
0.55	122.045
0.55	122.064
0.55	122.095
0.55	122.111
0.55	122.142
0.55	122.158
0.55	122.173
0.55	122.189
0.55	122.22
0.5	122.236
0.45	122.267
0.4	122.282
0.35	122.314
0.35	122.329
0.35	122.345
0.35	122.376
0.35	122.392
0.35	122.423
0.35	122.438
0.35	122.454
0.4	122.47
0.45	122.501
0.5	122.516
0.55	122.548
0.6	122.563
0.6	122.579
0.6	122.594
0.6	122.626
0.6	122.641
0.6	122.672
0.6	122.688
0.6	122.705
0.6	122.736
0.55	122.751
0.5	122.783
0.45	122.798
0.4	122.814
0.4	122.829
0.4	122.861
0.4	122.876
0.4	122.907
0.4	122.923
0.4	122.939
0.4	122.954
0.4	122.985
0.45	123.001
0.5	123.019
0.55	123.05
0.6	123.065
0.65	123.081
0.65	123.112
0.65	123.128
0.65	123.143
0.65	123.175
0.65	123.19
0.65	123.221
0.65	123.237
0.6	123.253
0.55	123.285
0.5	123.3
0.45	123.332
0.45	123.347
0.45	123.363
0.45	123.378
0.45	123.41
0.45	123.425
0.45	123.441
0.45	123.472
0.45	123.488
0.45	123.519
0.5	123.534
0.55	123.55
0.6	123.566
0.65	123.597
0.65	123.628
0.65	123.628
0.65	123.659
0.65	123.69
0.65	123.706
0.65	123.722
0.65	123.737
0.6	123.768
0.55	123.786
0.5	123.802
0.45	123.833
0.4	123.848
0.4	123.88
0.4	123.895
0.4	123.911
0.4	123.929
0.4	123.961
0.4	123.976
0.4	123.992
0.4	124.023
0.45	124.039
0.5	124.07
0.55	124.085
0.6	124.101
0.65	124.132
0.65	124.148
0.65	124.163
0.65	124.179
0.65	124.21
0.65	124.226
0.65	124.259
0.65	124.275
0.6	124.29
0.55	124.306
0.5	124.337
0.45	124.353
0.4	124.368
0.4	124.399
0.4	124.415
0.4	124.446
0.4	124.462
0.4	124.478
0.4	124.509
0.4	124.524
0.4	124.556
0.45	124.572
0.5	124.588
0.55	124.603
0.6	124.635
0.65	124.65
0.65	124.666
0.65	124.697
0.65	124.713
0.65	124.728
0.65	124.759
0.65	124.775
0.65	124.807
0.6	124.823
0.55	124.838
0.5	124.87
0.45	124.887
0.4	124.903
0.35	124.934
0.35	124.95
0.35	124.965
0.35	124.996
0.35	125.012
0.35	125.028
0.35	125.059
0.35	125.074
0.4	125.106
0.45	125.121
0.5	125.146
0.55	125.172
0.6	125.172
0.6	125.204
0.6	125.219
0.6	125.25
0.6	125.266
0.6	125.282
0.6	125.313
0.6	125.328
0.6	125.344
0.55	125.375
0.5	125.391
0.45	125.406
0.4	125.453
0.35	125.453
0.35	125.472
0.35	125.503
0.35	125.519
0.35	125.534
0.35	125.565
0.35	125.581
0.35	125.612
0.4	125.628
0.45	125.643
0.5	125.675
0.55	125.69
0.6	125.706
0.6	125.737
0.6	125.753
0.6	125.768
0.6	125.799
0.6	125.815
0.6	125.831
0.6	125.862
0.6	125.877
0.55	125.893
0.5	125.924
0.45	125.94
0.4	125.955
0.35	125.987
0.35	126.002
0.35	126.033
0.35	126.049
0.35	126.065
0.35	126.096
0.35	126.112
0.35	126.128
0.4	126.159
0.45	126.175
0.5	126.19
0.55	126.222
0.6	126.237
0.6	126.253
0.6	126.284
0.6	126.315
0.6	126.331
0.6	126.362
0.6	126.378
0.6	126.409
0.6	126.426
0.55	126.458
0.5	126.473
0.45	126.489
0.4	126.52
0.4	126.536
0.4	126.567
0.4	126.582
0.4	126.598
0.4	126.629
0.4	126.645
0.4	126.66
0.4	126.676
0.45	126.707
0.5	126.723
0.55	126.754
0.6	126.77
0.65	126.786
0.65	126.817
0.65	126.833
0.65	126.849
0.65	126.864
0.65	126.895
0.65	126.911
0.65	126.942
0.6	126.958
0.55	126.973
0.5	127.005
0.45	127.02
0.4	127.036
0.4	127.067
0.4	127.098
0.4	127.098
0.4	127.129
0.4	127.161
0.4	127.176
0.4	127.192
0.4	127.207
0.45	127.239
0.5	127.254
0.55	127.27
0.6	127.31
0.65	127.323
0.65	127.34
0.65	127.355
0.65	127.386
0.65	127.402
0.65	127.433
0.65	127.449
0.65	127.464
0.6	127.48
0.55	127.511
0.5	127.542
0.45	127.558
0.4	127.574
0.4	127.589
0.4	127.605
0.4	127.636
0.4	127.652
0.4	127.683
0.4	127.698
0.4	127.714
0.4	127.745
0.45	127.761
0.5	127.792
0.55	127.808
0.6	127.823
0.65	127.854
0.65	127.87
0.65	127.886
0.65	127.901
0.65	127.932
0.65	127.948
0.65	127.98
0.65	127.996
0.6	128.011
0.55	128.043
0.5	128.058
0.45	128.105
0.4	128.121
0.4	128.152
0.4	128.167
0.4	128.183
0.4	128.199
0.4	128.23
0.4	128.245
0.4	128.261
0.4	128.294
0.45	128.31
0.5	128.325
0.55	128.372
0.6	128.403
0.6	128.419
0.6	128.435
0.6	128.45
0.6	128.481
0.6	128.497
0.6	128.528
0.6	128.544
0.6	128.559
0.55	128.591
0.5	128.606
0.45	128.637
0.4	128.653
0.4	128.669
0.4	128.7
0.4	128.715
0.4	128.747
0.4	128.747
0.4	128.778
0.4	128.793
0.4	128.825
0.45	128.84
0.5	128.856
0.55	128.887
0.6	128.903
0.65	128.934
0.65	128.949
0.65	128.981
0.65	128.981
0.65	129.012
0.65	129.027
0.65	129.059
0.65	129.074
0.6	129.105
0.55	129.121
0.5	129.137
0.45	129.152
0.4	129.185
0.35	129.202
0.35	129.218
0.35	129.233
0.35	129.264
0.35	129.297
0.35	129.312
0.35	129.328
0.35	129.343
0.4	129.375
0.45	129.421
0.5	129.437
0.55	129.453
0.55	129.468
0.55	129.499
0.55	129.515
0.55	129.531
0.55	129.562
0.55	129.577
0.55	129.609
0.55	129.624
0.55	129.655
0.5	129.655
0.45	129.687
0.4	129.718
0.35	129.733
0.35	129.749
0.35	129.765
0.35	129.796
0.35	129.813
0.35	129.829
0.35	129.86
0.35	129.876
0.4	129.907
0.45	129.923
0.5	129.954
0.55	129.954
0.6	129.985
0.65	130.001
0.65	130.032
0.65	130.047
0.65	130.063
0.65	130.094
0.65	130.11
0.65	130.125
0.65	130.159
0.6	130.174
0.55	130.205
0.5	130.205
0.45	130.237
0.4	130.268
0.4	130.285
0.4	130.301
0.4	130.332
0.4	130.348
0.4	130.363
0.4	130.395
0.4	130.426
0.4	130.441
0.45	130.473
0.5	130.488
0.55	130.504
0.6	130.535
0.6	130.551
0.6	130.582
0.6	130.597
0.6	130.629
0.6	130.644
0.6	130.66
0.6	130.675
0.6	130.707
0.55	130.725
0.5	130.741
0.45	130.772
0.4	130.788
0.35	130.803
0.35	130.835
0.35	130.851
0.35	130.867
0.35	130.898
0.35	130.913
0.35	130.929
0.35	130.96
0.4	130.976
0.45	130.991
0.5	131.023
0.55	131.038
0.6	131.054
0.65	131.085
0.65	131.116
0.65	131.116
0.65	131.147
0.65	131.179
0.65	131.194
0.65	131.21
0.65	131.225
0.6	131.257
0.55	131.272
0.5	131.288
0.45	131.319
0.4	131.335
0.4	131.35
0.4	131.382
0.4	131.398
0.4	131.445
0.4	131.46
0.4	131.507
0.4	131.523
0.4	131.554
0.45	131.57
0.5	131.585
0.55	131.616
0.55	131.632
0.55	131.648
0.55	131.681
0.55	131.696
0.55	131.712
0.55	131.743
0.55	131.759
0.55	131.79
0.55	131.806
0.5	131.821
0.45	131.852
0.4	131.868
0.35	131.899
0.35	131.899
0.35	131.93
0.35	131.962
0.35	131.977
0.35	131.993
0.35	132.008
0.35	132.04
0.4	132.055
0.45	132.086
0.5	132.102
0.55	132.118
0.6	132.133
0.6	132.164
0.6	132.18
0.6	132.211
0.6	132.227
0.6	132.242
0.6	132.258
0.6	132.289
0.6	132.32
0.55	132.329
0.5	132.344
0.45	132.376
0.4	132.391
0.35	132.422
0.35	132.454
0.35	132.485
0.35	132.5
0.35	132.516
0.35	132.547
0.35	132.563
0.35	132.581
0.4	132.613
0.45	132.628
0.5	132.644
0.55	132.675
0.55	132.691
0.55	132.706
0.55	132.737
0.55	132.753
0.55	132.769
0.55	132.8
0.55	132.815
0.55	132.831
0.55	132.862
0.5	132.878
0.45	132.893
0.4	132.925
0.35	132.94
0.35	132.971
0.35	132.987
0.35	133.003
0.35	133.034
0.35	133.049
0.35	133.081
0.35	133.096
0.4	133.112
0.45	133.127
0.5	133.159
0.55	133.174
0.6	133.19
0.65	133.222
0.65	133.253
0.65	133.284
0.65	133.3
0.65	133.316
0.65	133.347
0.65	133.362
0.65	133.394
0.6	133.409
0.55	133.425
0.5	133.456
0.45	133.472
0.45	133.487
0.45	133.518
0.45	133.536
0.45	133.552
0.45	133.583
0.45	133.598
0.45	133.614
0.45	133.645
0.45	133.661
0.5	133.676
0.55	133.708
0.6	133.723
0.6	133.739
0.6	133.77
0.6	133.801
0.6	133.817
0.6	133.832
0.6	133.864
0.6	133.879
0.6	133.895
0.55	133.91
0.5	133.942
0.45	133.957
0.4	133.973
0.35	134.004
0.35	134.02
0.35	134.051
0.35	134.066
0.35	134.098
0.35	134.113
0.35	134.129
0.35	134.144
0.4	134.176
0.45	134.191
0.5	134.222
0.55	134.238
0.6	134.254
0.65	134.269
0.65	134.3
0.65	134.316
0.65	134.334
0.65	134.365
0.65	134.38
0.65	134.396
0.65	134.427
0.6	134.446
0.55	134.461
0.5	134.493
0.45	134.508
0.4	134.524
0.4	134.555
0.4	134.571
0.4	134.586
0.4	134.617
0.4	134.633
0.4	134.649
0.4	134.68
0.4	134.696
0.45	134.728
0.5	134.743
0.55	134.759
0.6	134.79
0.65	134.806
0.65	134.837
0.65	134.852
0.65	134.869
0.65	134.885
0.65	134.916
0.65	134.931
0.65	134.947
0.6	134.978
0.55	135.009
0.5	135.025
0.45	135.041
0.4	135.056
0.4	135.088
0.4	135.104
0.4	135.12
0.4	135.135
0.4	135.166
0.4	135.182
0.4	135.213
0.4	135.229
0.45	135.244
0.5	135.276
0.55	135.291
0.6	135.322
0.65	135.338
0.65	135.354
0.65	135.383
0.65	135.393
0.65	135.424
0.65	135.44
0.65	135.456
0.65	135.487
0.6	135.502
0.55	135.518
0.5	135.549
0.45	135.565
0.45	135.58
0.45	135.612
0.45	135.643
0.45	135.658
0.45	135.674
0.45	135.69
0.45	135.721
0.45	135.736
0.45	135.768
0.5	135.783
0.55	135.799
0.6	135.814
0.65	135.846
0.7	135.862
0.7	135.878
0.7	135.909
0.7	135.925
0.7	135.94
0.7	135.971
0.7	135.987
0.65	136.003
0.6	136.034
0.55	136.049
0.5	136.081
0.45	136.096
0.4	136.112
0.4	136.143
0.4	136.159
0.4	136.174
0.4	136.205
0.4	136.237
0.4	136.252
0.4	136.268
0.4	136.283
0.45	136.302
0.5	136.333
0.55	136.349
0.6	136.364
0.6	136.398
0.6	136.413
0.6	136.429
0.6	136.46
0.6	136.491
0.6	136.522
0.6	136.538
0.6	136.554
0.55	136.585
0.5	136.6
0.45	136.616
0.4	136.647
0.4	136.663
0.4	136.678
0.4	136.71
0.4	136.741
0.4	136.756
0.4	136.772
0.4	136.803
0.4	136.819
0.45	136.834
0.5	136.868
0.55	136.883
0.6	136.899
0.65	136.914
0.65	136.947
0.65	136.962
0.65	136.978
0.65	137.009
0.65	137.025
0.65	137.056
0.65	137.071
0.6	137.103
0.55	137.118
0.5	137.134
0.45	137.149
0.4	137.165
0.4	137.196
0.4	137.212
0.4	137.243
0.4	137.261
0.4	137.292
0.4	137.307
0.4	137.323
0.4	137.339
0.45	137.37
0.5	137.386
0.55	137.402
0.6	137.433
0.65	137.449
0.65	137.48
0.65	137.496
0.65	137.527
0.65	137.558
0.65	137.574
0.65	137.589
0.65	137.62
0.6	137.636
0.55	137.667
0.5	137.683
0.45	137.698
0.45	137.73
0.45	137.745
0.45	137.761
0.45	137.792
0.45	137.808
0.45	137.823
0.45	137.854
0.45	137.87
0.45	137.886
0.5	137.917
0.55	137.932
0.6	137.964
0.6	137.979
0.6	138.01
0.6	138.026
0.6	138.042
0.6	138.057
0.6	138.088
0.6	138.104
0.6	138.135
0.55	138.151
0.5	138.169
0.45	138.201
0.4	138.216
0.35	138.232
0.35	138.263
0.35	138.279
0.35	138.31
0.35	138.341
0.35	138.357
0.35	138.388
0.35	138.403
0.4	138.419
0.45	138.45
0.5	138.466
0.55	138.481
0.55	138.513
0.55	138.528
0.55	138.544
0.55	138.575
0.55	138.591
0.55	138.622
0.55	138.637
0.55	138.653
0.55	138.669
0.5	138.7
0.45	138.715
0.4	138.731
0.35	138.762
0.35	138.778
0.35	138.81
0.35	138.826
0.35	138.841
0.35	138.872
0.35	138.888
0.35	138.904
0.4	138.935
0.45	138.95
0.5	138.982
0.55	138.997
0.6	139.013
0.6	139.028
0.6	139.06
0.6	139.075
0.6	139.091
0.6	139.124
0.6	139.14
0.6	139.171
0.6	139.186
0.55	139.202
0.5	139.233
0.45	139.249
0.4	139.264
0.35	139.296
0.35	139.311
0.35	139.327
0.35	139.358
0.35	139.375
0.35	139.39
0.35	139.421
0.35	139.437
0.4	139.453
0.45	139.484
0.5	139.499
0.55	139.515
0.6	139.546
0.6	139.562
0.6	139.577
0.6	139.609
0.6	139.624
0.6	139.64
0.6	139.671
0.6	139.702
0.6	139.702
0.55	139.733
0.5	139.749
0.45	139.78
0.4	139.796
0.35	139.827
0.35	139.843
0.35	139.858
0.35	139.891
0.35	139.907
0.35	139.923
0.35	139.938
0.35	139.969
0.4	139.985
0.45	140.016
0.5	140.035
0.55	140.05
0.6	140.066
0.6	140.097
0.6	140.113
0.6	140.128
0.6	140.16
0.6	140.175
0.6	140.191
0.6	140.222
0.6	140.253
0.55	140.253
0.5	140.284
0.45	140.3
0.4	140.331
0.35	140.347
0.35	140.364
0.35	140.396
0.35	140.411
0.35	140.427
0.35	140.458
0.35	140.474
0.35	140.489
0.4	140.52
0.45	140.552
0.5	140.583
0.55	140.598
0.55	140.614
0.55	140.645
0.55	140.661
0.55	140.693
0.55	140.709
0.55	140.724
0.55	140.755
0.55	140.771
0.55	140.787
0.5	140.818
0.45	140.833
0.4	140.849
0.35	140.88
0.35	140.897
0.35	140.912
0.35	140.944
0.35	140.959
0.35	140.975
0.35	141.008
0.35	141.024
0.4	141.039
0.45	141.07
0.5	141.086
0.55	141.102
0.55	141.133
0.55	141.148
0.55	141.164
0.55	141.195
0.55	141.211
0.55	141.242
0.55	141.258
0.55	141.273
0.55	141.304
0.5	141.32
0.45	141.336
0.4	141.367
0.35	141.382
0.35	141.414
0.35	141.429
0.35	141.445
0.35	141.46
0.35	141.492
0.35	141.507
0.35	141.538
0.4	141.554
0.45	141.601
0.5	141.616
0.55	141.632
0.6	141.663
0.6	141.679
0.6	141.71
0.6	141.726
0.6	141.741
0.6	141.757
0.6	141.788
0.6	141.804
0.6	141.819
0.55	141.85
0.5	141.866
0.45	141.9
0.4	141.916
0.4	141.931
0.4	141.947
0.4	141.978
0.4	142.009
0.4	142.009
0.4	142.041
0.4	142.056
0.4	142.087
0.45	142.103
0.5	142.119
0.55	142.15
0.6	142.165
0.65	142.197
0.65	142.212
0.65	142.228
0.65	142.259
0.65	142.275
0.65	142.29
0.65	142.306
0.65	142.337
0.6	142.353
0.55	142.368
0.5	142.399
0.45	142.415
0.45	142.446
0.45	142.462
0.45	142.477
0.45	142.509
0.45	142.524
0.45	142.556
0.45	142.572
0.45	142.619
0.45	142.634
0.5	142.666
0.55	142.681
0.6	142.697
0.6	142.728
0.6	142.728
0.6	142.759
0.6	142.79
0.6	142.806
0.6	142.822
0.6	142.856
0.6	142.87
0.55	142.885
0.5	142.901
0.45	142.932
0.4	142.948
0.4	142.963
0.4	142.995
0.4	143.026
0.4	143.041
0.4	143.057
0.4	143.073
0.4	143.088
0.4	143.119
0.45	143.135
0.5	143.166
0.55	143.182
0.6	143.213
0.65	143.229
0.65	143.244
0.65	143.275
0.65	143.291
0.65	143.307
0.65	143.338
0.65	143.353
0.65	143.369
0.6	143.402
0.55	143.418
0.5	143.433
0.45	143.449
0.4	143.48
0.4	143.511
0.4	143.543
0.4	143.558
0.4	143.574
0.4	143.605
0.4	143.621
0.4	143.652
0.4	143.667
0.45	143.683
0.5	143.714
0.55	143.73
0.55	143.745
0.55	143.78
0.55	143.795
0.55	143.811
0.55	143.842
0.55	143.858
0.55	143.875
0.55	143.906
0.55	143.922
0.5	143.953
0.45	143.969
0.4	143.984
0.35	144
0.35	144.031
0.35	144.047
0.35	144.062
0.35	144.094
0.35	144.109
0.35	144.125
0.35	144.156
0.4	144.172
0.45	144.187
0.5	144.218
0.55	144.25
0.6	144.265
0.6	144.281
0.6	144.296
0.6	144.328
0.6	144.343
0.6	144.359
0.6	144.39
0.6	144.407
0.6	144.422
0.55	144.453
0.5	144.469
0.45	144.485
0.4	144.516
0.35	144.547
0.35	144.563
0.35	144.578
0.35	144.609
0.35	144.641
0.35	144.656
0.35	144.687
0.35	144.703
0.4	144.721
0.45	144.752
0.5	144.767
0.55	144.799
0.55	144.814
0.55	144.83
0.55	144.861
0.55	144.877
0.55	144.908
0.55	144.923
0.55	144.939
0.55	144.955
0.55	144.97
0.5	145.001
0.45	145.017
0.4	145.048
0.4	145.064
0.4	145.079
0.4	145.111
0.4	145.126
0.4	145.142
0.4	145.173
0.4	145.189
0.4	145.22
0.45	145.235
0.5	145.251
0.55	145.282
0.6	145.298
0.65	145.313
0.65	145.345
0.65	145.36
0.65	145.391
0.65	145.407
0.65	145.423
0.65	145.438
0.65	145.469
0.6	145.485
0.55	145.516
0.5	145.532
0.45	145.547
0.4	145.579
0.4	145.594
0.4	145.627
0.4	145.659
0.4	145.674
0.4	145.705
0.4	145.721
0.4	145.752
0.4	145.768
0.45	145.783
0.5	145.815
0.55	145.83
0.6	145.846
0.6	145.861
0.6	145.893
0.6	145.908
0.6	145.924
0.6	145.956
0.6	145.972
0.6	145.987
0.6	146.018
0.55	146.034
0.5	146.065
0.45	146.081
0.4	146.112
0.4	146.128
0.4	146.143
0.4	146.159
0.4	146.19
0.4	146.206
0.4	146.221
0.4	146.252
0.4	146.268
0.45	146.284
0.5	146.315
0.55	146.33
0.6	146.362
0.65	146.377
0.65	146.394
0.65	146.425
0.65	146.441
0.65	146.456
0.65	146.487
0.65	146.503
0.65	146.519
0.6	146.55
0.55	146.565
0.5	146.581
0.45	146.613
0.4	146.644
0.4	146.676
0.4	146.691
0.4	146.707
0.4	146.738
0.4	146.754
0.4	146.769
0.4	146.8
0.4	146.832
0.45	146.832
0.5	146.863
0.55	146.894
0.6	146.911
0.6	146.927
0.6	146.943
0.6	146.974
0.6	146.99
0.6	147.021
0.6	147.036
0.6	147.052
0.6	147.068
0.55	147.099
0.5	147.114
0.45	147.146
0.4	147.161
0.4	147.177
0.4	147.192
0.4	147.224
0.4	147.255
0.4	147.27
0.4	147.286
0.4	147.317
0.4	147.333
0.45	147.348
0.5	147.364
0.55	147.397
0.6	147.413
0.6	147.428
0.6	147.46
0.6	147.475
0.6	147.491
0.6	147.522
0.6	147.538
0.6	147.553
0.6	147.584
0.55	147.6
0.5	147.616
0.45	147.647
0.4	147.694
0.4	147.709
0.4	147.725
0.4	147.756
0.4	147.772
0.4	147.803
0.4	147.82
0.4	147.837
0.4	147.868
0.45	147.884
0.5	147.899
0.55	147.916
0.6	147.947
0.6	147.963
0.6	147.978
0.6	148.01
0.6	148.025
0.6	148.041
0.6	148.072
0.6	148.088
0.6	148.119
0.55	148.134
0.5	148.15
0.45	148.166
0.4	148.197
0.4	148.228
0.4	148.228
0.4	148.259
0.4	148.29
0.4	148.306
0.4	148.322
0.4	148.353
0.4	148.368
0.45	148.384
0.5	148.415
0.55	148.431
0.6	148.446
0.65	148.479
0.65	148.494
0.65	148.51
0.65	148.525
0.65	148.557
0.65	148.588
0.65	148.603
0.65	148.619
0.6	148.635
0.55	148.666
0.5	148.697
0.45	148.728
0.45	148.744
0.45	148.777
0.45	148.793
0.45	148.808
0.45	148.824
0.45	148.855
0.45	148.871
0.45	148.886
0.45	148.917
0.5	148.933
0.55	148.964
0.6	148.98
0.65	148.995
0.65	149.027
0.65	149.042
0.65	149.058
0.65	149.089
0.65	149.105
0.65	149.12
0.65	149.151
0.6	149.167
0.55	149.183
0.5	149.214
0.45	149.229
0.45	149.245
0.45	149.276
0.45	149.307
0.45	149.323
0.45	149.339
0.45	149.37
0.45	149.385
0.45	149.407
0.45	149.425
0.5	149.441
0.55	149.456
0.6	149.487
0.6	149.503
0.6	149.519
0.6	149.55
0.6	149.581
0.6	149.581
0.6	149.612
0.6	149.628
0.6	149.659
0.55	149.693
0.5	149.709
0.45	149.74
0.4	149.771
0.35	149.787
0.3	149.802
0.3	149.818
0.3	149.849
0.3	149.865
0.3	149.88
0.3	149.912
0.3	149.927
0.35	149.943
0.4	149.974
0.4	149.99
0.4	150.021
0.4	150.036
0.4	150.052
0.4	150.068
0.4	150.099
0.4	150.114
0.4	150.146
0.4	150.161
0.4	150.192
0.4	150.208
0.4	150.224
0.35	150.239
0.3	150.27
0.25	150.286
0.2	150.318
0.15	150.334
0.1	150.349
0.1	150.381
0.1	150.396
0.15	150.427
0.2	150.443
0.25	150.459
0.25	150.474
0.25	150.505
0.25	150.521
0.25	150.537
0.25	150.568
0.25	150.583
0.25	150.599
0.25	150.632
0.25	150.648
0.25	150.663
0.25	150.695
0.25	150.726
0.25	150.757
0.25	150.773
0.25	150.788
0.2	150.819
0.15	150.851
0.1	150.866
0.05	150.882
0	150.897
0.05	150.929
0.1	150.944
0.15	150.96
0.15	150.991
0.15	151.007
0.15	151.022
0.15	151.053
0.15	151.069
0.15	151.1
0.15	151.116
0.15	151.147
0.15	151.163
0.15	151.178
0.15	151.194
0.15	151.225
0.15	151.241
0.15	151.272
0.15	151.287
0.15	151.303
0.15	151.319
0.1	151.35
0.05	151.365
0	151.397
0	151.412
0	151.43
0	151.461
0	151.477
0	151.492
0	151.508
0	151.543
0	151.559
0	151.574
0	151.605
0	151.621
0	151.637
0	151.668
0	151.683
0	151.715
0	151.746
0	151.761
0	151.793
0	151.808
0	151.839
0	151.855
0	151.871
0	151.902
0	151.917
0	151.933
0	151.965
0	151.981
0	152.012
0	152.028
0	152.043
0	152.059
0	152.09
0	152.106
0	152.121
0	152.152
0	152.168
0	152.185
0	152.216
0	152.231
0	152.263
0	152.278
0	152.309
0	152.325
0	152.341
0	152.372
0	152.387
0	152.403
0	152.434
0	152.45
0	152.479
0	152.489
0	152.505
0	152.521
0	152.552
0	152.567
0	152.599
0	152.614
0	152.63
0	152.661
0	152.677
0	152.692
0	152.723
0	152.755
0	152.786
0	152.801
0	152.833
0	152.848
0	152.864
0	152.895
0	152.911
0	152.926
0	152.958
0	152.974
0	153.005
0	153.021
0	153.036
0	153.052
0	153.083
0	153.099
0	153.13
0	153.146
0	153.161
0	153.192
0	153.208
0	153.224
0	153.255
0	153.27
0	153.302
0	153.317
0	153.333
0	153.348
0	153.38
0	153.399
0	153.415
0	153.446
0	153.462
0	153.479
0	153.495
0	153.526
0	153.542
0	153.573
0	153.588
0	153.62
0	153.635
0	153.651
0	153.666
0	153.698
0	153.713
0	153.744
0	153.776
0	153.791
0	153.822
0	153.838
0	153.869
0	153.885
0	153.916
0	153.932
0	153.949
0	153.965
0	153.98
0	154.012
0	154.044
0	154.059
0	154.075
0	154.091
0	154.106
0	154.137
0	154.153
0	154.184
0	154.2
0	154.215
0	154.247
0	154.262
0	154.278
0	154.309
0	154.325
0	154.356
0	154.373
0	154.389
0	154.405
0	154.436
0	154.451
0	154.483
0	154.499
0	154.515
0	154.53
0	154.562
0	154.577
0	154.608
0	154.624
0	154.64
0	154.671
0	154.686
0	154.702
0	154.733
0	154.764
0	154.796
0	154.811
0	154.827
0	154.858
0	154.874
0	154.889
0	154.92
0	154.936
0	154.967
0	154.983
0	154.998
0	155.03
0	155.045
0	155.076
0	155.092
0	155.108
0	155.139
0	155.155
0	155.171
0	155.187
0	155.218
0	155.233
0	155.249
0	155.283
0	155.299
0	155.314
0	155.346
0	155.361
0	155.392
0	155.408
0	155.424
0	155.439
0	155.47
0	155.486
0	155.517
0	155.533
0	155.548
0	155.58
0	155.595
0	155.611
0	155.642
0	155.658
0	155.673
0	155.704
0	155.72
0	155.736
0	155.767
0	155.814
0	155.829
0	155.845
0	155.876
0	155.892
0	155.908
0	155.939
0	155.955
0	155.971
0	156.002
0	156.017
0	156.033
0	156.064
0	156.08
0	156.095
0	156.127
0	156.142
0	156.173
0	156.189
0	156.205
0	156.222
0	156.253
0	156.269
0	156.285
0	156.316
0	156.331
0	156.363
0	156.378
0	156.394
0	156.425
0	156.441
0	156.456
0	156.488
0	156.504
0	156.52
0	156.551
0	156.566
0	156.582
0	156.613
0	156.629
0	156.66
0	156.676
0	156.707
0	156.722
0	156.738
0	156.754
0	156.785
0	156.8
0	156.816
0	156.847
0	156.863
0	156.894
0	156.91
0	156.925
0	156.941
0	156.972
0	156.99
0	157.005
0	157.036
0	157.068
0	157.068
0	157.099
0	157.132
0	157.133
0	157.164
0	157.18
0	157.195
0	157.227
0	157.258
0	157.273
0	157.289
0	157.305
0	157.336
0	157.351
0	157.367
0	157.398
0	157.414
0	157.429
0	157.463
0	157.478
0	157.494
0	157.525
0	157.541
0	157.556
0	157.587
0	157.603
0	157.619
0	157.65
0	157.681
0	157.681
0	157.712
0	157.728
0	157.759
0	157.776
0	157.791
0	157.822
0	157.838
0	157.854
0	157.885
0	157.9
0	157.916
0	157.947
0	157.963
0	157.978
0	158.011
0	158.026
0	158.042
0	158.073
0	158.091
0	158.122
0	158.137
0	158.153
0	158.169
0	158.2
0	158.215
0	158.231
0	158.262
0	158.278
0	158.309
0	158.325
0	158.34
0	158.371
0	158.387
0	158.403
0	158.434
0	158.449
0	158.465
0	158.496
0	158.512
0	158.543
0	158.559
0	158.59
0	158.59
0	158.621
0	158.652
0	158.668
0	158.683
0	158.699
0	158.73
0	158.746
0	158.777
0	158.793
0	158.839
0	158.855
0	158.871
0	158.886
0	158.917
0	158.949
0	158.964
0	158.98
0	158.998
0	159.014
0	159.045
0	159.076
0	159.092
0	159.108
0	159.123
0	159.154
0	159.17
0	159.201
0	159.217
0	159.232
0	159.248
0	159.279
0	159.295
0	159.31
0	159.342
0	159.357
0	159.388
0	159.404
0	159.435
0	159.435
0	159.466
0	159.482
0	159.513
0	159.529
0	159.56
0	159.576
0	159.591
0	159.607
0	159.639
0	159.655
0	159.67
0	159.701
0	159.717
0	159.748
0	159.764
0	159.795
0	159.795
0	159.826
0	159.857
0	159.889
0	159.904
0	159.935
0	159.958
0	159.968
0	159.999
0	160.015
0	160.03
0	160.062
0	160.077
0	160.108
0	160.124
0	160.14
0	160.171
0	160.186
0	160.202
0	160.218
0	160.249
0	160.28
0	160.296
0	160.311
0	160.342
0	160.358
0	160.374
0	160.389
0	160.42
0	160.436
0	160.452
0	160.483
0	160.5
0	160.516
0	160.547
0	160.563
0	160.578
0	160.61
0	160.625
0	160.656
0	160.672
0	160.688
0	160.719
0	160.734
0	160.75
0	160.781
0	160.797
0	160.812
0	160.844
0	160.878
0	160.909
0	160.925
0	160.94
0	160.973
0	160.989
0	161.005
0	161.036
0	161.051
0	161.067
0	161.098
0	161.114
0	161.129
0	161.161
0	161.176
0	161.192
0	161.223
0	161.239
0	161.27
0	161.285
0	161.317
0	161.332
0	161.348
0	161.363
0	161.395
0	161.41
0	161.441
0	161.457
0	161.473
0	161.505
0	161.536
0	161.567
0	161.583
0	161.598
0	161.614
0	161.645
0	161.661
0	161.692
0	161.708
0	161.723
0	161.754
0	161.77
0	161.786
0	161.818
0	161.834
0	161.866
0	161.897
0	161.912
0	161.944
0	161.959
0	161.99
0	162.006
0	162.022
0	162.037
0	162.068
0	162.084
0	162.1
0	162.131
0	162.146
0	162.178
0	162.193
0	162.209
0	162.24
0	162.256
0	162.271
0	162.302
0	162.318
0	162.334
0	162.365
0	162.38
0	162.396
0	162.427
0	162.458
0	162.474
0	162.49
0	162.505
0	162.536
0	162.552
0	162.583
0	162.599
0	162.614
0	162.63
0	162.661
0	162.677
0	162.692
0	162.728
0	162.743
0	162.759
0	162.79
0	162.806
0	162.837
0	162.852
0	162.884
0	162.915
0	162.93
0	162.962
0	162.977
0	162.993
0	163.024
0	163.04
0	163.055
0	163.086
0	163.102
0	163.118
0	163.149
0	163.164
0	163.196
0	163.211
0	163.227
0	163.258
0	163.274
0	163.289
0	163.32
0	163.336
0	163.368
0	163.384
0	163.399
0	163.415
0	163.446
0	163.462
0	163.494
0	163.525
0	163.541
0	163.572
0	163.588
0	163.603
0	163.634
0	163.65
0	163.666
0	163.699
0	163.714
0	163.73
0	163.761
0	163.777
0	163.808
0	163.824
0	163.839
0	163.87
0	163.886
0	163.917
0	163.933
0	163.948
0	163.964
0	163.997
0	164.003
0	164.034
0	164.05
0	164.081
0	164.097
0	164.112
0	164.144
0	164.159
0	164.175
0	164.206
0	164.222
0	164.253
0	164.268
0	164.284
0	164.3
0	164.331
0	164.346
0	164.378
0	164.393
0	164.409
0	164.44
0	164.456
0	164.471
0	164.502
0	164.518
0	164.534
0	164.565
0	164.583
0	164.599
0	164.63
0	164.646
0	164.661
0	164.693
0	164.708
0	164.724
0	164.755
0	164.771
0	164.786
0	164.817
0	164.833
0	164.864
0	164.88
0	164.895
0	164.927
0	164.942
0	164.973
0	164.989
0	165.005
0	165.02
0	165.051
0	165.067
0	165.098
0	165.114
0	165.129
0	165.145
0	165.176
0	165.207
0	165.224
0	165.24
0	165.255
0	165.286
0	165.302
0	165.333
0	165.349
0	165.364
0	165.38
0	165.411
0	165.427
0	165.442
0	165.474
0	165.489
0	165.52
0	165.544
0	165.56
0	165.575
0	165.591
0	165.622
0	165.638
0	165.653
0	165.684
0	165.7
0	165.731
0	165.747
0	165.778
0	165.794
0	165.809
0	165.84
0	165.856
0	165.872
0	165.903
0	165.918
0	165.934
0	165.965
0	165.981
0	165.998
0	166.014
0	166.045
0	166.061
0	166.076
0	166.108
0	166.123
0	166.154
0	166.17
0	166.186
0	166.217
0	166.232
0	166.248
0	166.279
0	166.295
0	166.326
0	166.342
0	166.357
0	166.388
0	166.404
0	166.435
0	166.438
0	166.469
0	166.485
0	166.516
0	166.533
0	166.548
0	166.58
0	166.595
0	166.611
0	166.626
0	166.658
0	166.673
0	166.689
0	166.72
0	166.736
0	166.751
0	166.782
0	166.814
0	166.829
0	166.845
0	166.86
0	166.892
0	166.907
0	166.923
0	166.954
0	166.985
0	166.985
0	167.016
0	167.032
0	167.063
0	167.08
0	167.095
0	167.127
0	167.142
0	167.158
0	167.189
0	167.205
0	167.22
0	167.251
0	167.267
0	167.283
0	167.314
0	167.329
0	167.345
0	167.376
0	167.394
0	167.425
0	167.441
0	167.456
0	167.472
0	167.503
0	167.519
0	167.55
0	167.565
0	167.581
0	167.612
0	167.628
0	167.643
0	167.675
0	167.69
0	167.706
0	167.737
0	167.753
0	167.768
0	167.799
0	167.815
0	167.846
0	167.862
0	167.877
0	167.909
0	167.924
0	167.94
0	167.971
0	167.987
0	168.002
0	168.035
0	168.042
0	168.073
0	168.089
0	168.12
0	168.135
0	168.151
0	168.182
0	168.198
0	168.213
0	168.245
0	168.26
0	168.276
0	168.31
0	168.326
0	168.341
0	168.372
0	168.388
0	168.419
0	168.435
0	168.45
0	168.466
0	168.497
0	168.513
0	168.544
0	168.56
0	168.575
0	168.606
0	168.622
0	168.653
0	168.669
0	168.684
0	168.716
0	168.731
0	168.747
0	168.762
0	168.794
0	168.809
0	168.825
0	168.856
0	168.872
0	168.887
0	168.918
0	168.935
0	168.966
0	168.982
0	168.997
0	169.029
0	169.044
0	169.06
0	169.091
0	169.122
0	169.153
0	169.169
0	169.185
0	169.216
0	169.231
0	169.249
0	169.28
0	169.296
0	169.311
0	169.343
0	169.358
0	169.374
0	169.405
0	169.421
0	169.452
0	169.467
0	169.499
0	169.514
0	169.53
0	169.545
0	169.577
0	169.592
0	169.608
0	169.639
0	169.655
0	169.686
0	169.701
0	169.733
0	169.748
0	169.764
0	169.779
0	169.811
0	169.826
0	169.842
0	169.873
0	169.889
0	169.904
0	169.935
0	169.951
0	169.982
0	169.998
0	170.013
0	170.029
0	170.062
0	170.093
0	170.093
0	170.125
0	170.14
0	170.159
0	170.19
0	170.206
0	170.221
0	170.252
0	170.268
0	170.284
0	170.315
0	170.33
0	170.362
0	170.377
0	170.393
0	170.424
0	170.44
0	170.471
0	170.486
0	170.502
0	170.533
0	170.549
0	170.564
0	170.597
0	170.612
0	170.628
0	170.643
0	170.675
0	170.69
0	170.706
0	170.737
0	170.753
0	170.768
0	170.8
0	170.816
0	170.847
0	170.863
0	170.878
0	170.91
0	170.925
0	170.941
0	170.972
0	170.988
0	171.019
0	171.034
0	171.05
0	171.066
0	171.101
0	171.121
0	171.136
0	171.152
0	171.183
0	171.199
0	171.214
0	171.246
0	171.261
0	171.292
0	171.308
0	171.324
0	171.355
0	171.37
0	171.386
0	171.417
0	171.433
0	171.448
0	171.48
0	171.495
0	171.511
0	171.542
0	171.558
0	171.59
0	171.605
0	171.621
0	171.637
0	171.668
0	171.699
0	171.715
0	171.73
0	171.746
0	171.777
0	171.793
0	171.808
0	171.839
0	171.871
0	171.871
0	171.902
0	171.917
0	171.933
0	171.964
0	171.995
0	171.995
0	172.03
0	172.045
0	172.076
0	172.094
0	172.11
0	172.125
0	172.156
0	172.172
0	172.188
0	172.219
0	172.234
0	172.25
0	172.281
0	172.297
0	172.328
0	172.344
0	172.375
0	172.39
0	172.406
0	172.422
0	172.453
0	172.468
0	172.484
0	172.515
0	172.531
0	172.546
0	172.58
0	172.595
0	172.626
0	172.642
0	172.659
0	172.674
0	172.705
0	172.721
0	172.737
0	172.768
0	172.783
0	172.799
0	172.83
0	172.846
0	172.877
0	172.893
0	172.924
0	172.939
0	172.955
0	172.988
0	173.004
0	173.019
0	173.035
0	173.066
0	173.082
0	173.098
0	173.13
0	173.145
0	173.176
0	173.192
0	173.208
0	173.223
0	173.254
0	173.286
0	173.286
0	173.317
0	173.332
0	173.364
0	173.379
0	173.41
0	173.426
0	173.442
0	173.457
0	173.488
0	173.504
0	173.52
0	173.551
0	173.566
0	173.582
0	173.613
0	173.629
0	173.66
0	173.676
0	173.691
0	173.722
0	173.738
0	173.754
0	173.785
0	173.8
0	173.816
0	173.847
0	173.863
0	173.881
0	173.913
0	173.928
0	173.959
0	173.975
0	173.991
0	174.022
0	174.037
0	174.053
0	174.084
0	174.1
0	174.115
0	174.147
0	174.162
0	174.193
0	174.209
0	174.225
0	174.256
0	174.271
0	174.334
0	174.365
0	174.381
0	174.396
0	174.427
0	174.443
0	174.459
0	174.49
0	174.505
0	174.522
