58 20.7009 -2.4146 209.826 -0.00257638 0.0100535 0.999946 24.4119 -3.61324 207.982 -0.0604352 0.057419 0.996426 1.81929 -2.24301 15.1081 5.24499 46.9297 
87318 20.4768 -0.937326 209.916 -0.00176964 0.00507173 0.999986 24.4193 -3.49688 207.969 -0.0605895 0.0568199 0.996494 1.83566 -2.22664 14.5905 5.30991 47.4551 
175567 20.2178 0.418723 209.974 -0.00164251 0.00425583 0.99999 24.6109 -1.71908 208.008 -0.0598497 0.0343945 0.99759 1.84859 -2.21773 14.2318 5.3688 47.8044 
262801 20.0276 1.66529 209.992 -0.000778713 0.00315225 0.999995 24.5514 -0.516354 208.106 -0.058637 0.0274695 0.997836 1.85433 -2.21285 14.0079 5.42855 48.0123 
349918 19.7636 2.86454 210.009 -0.00162567 0.00473261 0.999987 24.4097 1.04494 208.17 -0.0586446 0.0183839 0.997973 1.86008 -2.2117 13.8825 5.48371 48.1251 
437174 19.5442 3.97456 210.011 -0.00114178 0.00282796 0.999995 24.2572 2.32548 208.148 -0.0589869 0.0143524 0.998053 1.86123 -2.20854 13.819 5.54203 48.1838 
525430 19.2571 5.14029 210.011 -0.00096814 0.00243048 0.999997 23.9805 3.60707 208.127 -0.057954 0.0108665 0.99817 1.8618 -2.20768 13.7857 5.60235 48.214 
612680 18.9312 6.15238 210.011 -0.00121172 0.00169977 0.999998 23.7249 5.00677 208.095 -0.0585553 0.0065928 0.998159 1.86295 -2.20624 13.7714 5.65579 48.2235 
699927 18.5507 7.21878 210.008 -0.00126054 0.00164774 0.999998 23.3497 6.40951 208.064 -0.0582818 0.00264907 0.998218 1.86295 -2.20624 13.7682 5.71267 48.2235 
787076 18.1187 8.18163 210.008 -0.00176223 0.0014501 0.999997 22.9556 7.33722 207.972 -0.0587491 0.000825125 0.998181 1.8641 -2.20566 13.7635 5.76495 48.2235 
875308 17.6334 9.24951 210.002 -0.00164526 0.00250516 0.999996 22.58 8.64128 208.065 -0.0588435 -0.00311186 0.998123 1.86266 -2.20768 13.7619 5.82355 48.2235 
962545 17.1082 10.1759 210.001 -0.00161522 0.00187967 0.999997 21.9685 9.82672 208.061 -0.0584005 -0.00620086 0.998208 1.86295 -2.20681 13.7603 5.87756 48.2235 
1049805 16.5178 11.1087 210.001 -0.00126205 0.00102193 0.999999 21.3561 11.0169 208.057 -0.0578638 -0.00979449 0.998224 1.86295 -2.20566 13.7603 5.93415 48.2235 
1136933 15.9 11.9551 210.003 -0.0014083 0.000637536 0.999999 20.7307 11.9843 208.078 -0.0571988 -0.0132736 0.998225 1.86353 -2.20509 13.7603 5.98672 48.2235 
1225191 15.1729 12.8456 210.006 -0.00170867 0.000360432 0.999998 19.9944 13.1813 208.076 -0.0553214 -0.0169408 0.998225 1.8641 -2.2048 13.7651 6.04418 48.2203 
1312450 14.4562 13.6658 210.004 -0.00168515 0.000574168 0.999998 19.1518 14.2695 208.088 -0.0546434 -0.0201776 0.998199 1.86353 -2.20538 13.7666 6.09904 48.2187 
1399678 13.6859 14.4459 210.005 -0.00171067 0.000625789 0.999998 18.5298 15.2357 208.109 -0.0543375 -0.0235156 0.998191 1.86324 -2.20566 13.7682 6.1542 48.2187 
1486817 12.9153 15.1136 210.008 -0.00209767 0.000350134 0.999998 17.678 16.2156 208.133 -0.0533068 -0.0270148 0.998187 1.8641 -2.20538 13.7682 6.20476 48.2187 
1574190 12.0128 15.8724 210.004 -0.00261512 0.00131968 0.999996 16.6945 16.9691 208.183 -0.051356 -0.0293359 0.998161 1.86295 -2.20739 13.7682 6.26336 48.2187 
1662293 11.1199 16.5026 210.007 -0.00233581 0.000718051 0.999997 15.7118 17.8293 208.109 -0.0490849 -0.0325251 0.998223 1.86324 -2.20653 13.7698 0.0356216 48.2187 
1749604 10.1733 17.1098 210.008 -0.00350565 0.00147805 0.999993 14.8538 18.6905 208.145 -0.0480088 -0.0351762 0.998126 1.86295 -2.20854 13.7714 0.0904903 48.2187 
1836819 9.2302 17.6581 210.006 -0.00177028 0.000582638 0.999998 13.6331 19.4504 208.087 -0.0447497 -0.0381766 0.99815 1.86209 -2.20653 13.7746 0.148232 48.2187 
1924058 8.2156 18.1383 210.009 -0.00311161 0.00088312 0.999995 12.5288 20.1005 208.15 -0.0424397 -0.0406389 0.998132 1.86266 -2.20796 13.7746 0.202526 48.2187 
2012181 7.28801 18.5169 210.017 -0.00389911 0.000712599 0.999992 11.4081 20.6177 208.114 -0.0392138 -0.042031 0.998226 1.86324 -2.20854 13.7793 0.251649 48.2187 
2099435 6.18753 18.9332 210.012 -0.00181095 5.42519e-005 0.999998 10.307 21.3745 208.054 -0.0368295 -0.0453614 0.998179 1.86238 -2.20624 13.7793 0.313987 48.2187 
2186685 5.17662 19.2144 210.012 -0.00225396 -0.000244237 0.999997 9.30162 21.805 208.141 -0.0344452 -0.0486918 0.998132 1.86324 -2.20624 13.7762 0.365696 48.2187 
2273930 4.01933 19.483 210.015 -0.00517229 0.000291431 0.999987 7.93928 22.2393 208.121 -0.0298454 -0.0517657 0.99814 1.86353 -2.20997 13.7762 0.421426 48.2187 
2362198 3.09727 19.657 210.01 -0.00155865 -0.000598696 0.999999 6.58846 22.6558 208.1 -0.0264847 -0.0529222 0.998205 1.86324 -2.20538 13.7746 0.473422 48.2187 
2449323 1.99651 19.7926 210.012 -0.00253848 -0.000653244 0.999997 5.46349 22.9453 208.089 -0.0240795 -0.0536616 0.998242 1.86353 -2.20653 13.7746 0.527716 48.2187 
2536577 0.951778 19.864 210.011 -0.00107921 -0.00103601 0.999999 4.33451 23.2444 208.079 -0.0212431 -0.0554237 0.998138 1.86381 -2.20452 13.773 0.58201 48.2187 
2623817 -0.134246 19.8735 210.013 -0.00260307 -0.00124605 0.999996 2.73906 23.4579 208.086 -0.0168201 -0.0572594 0.998136 1.86439 -2.20624 13.7714 0.634294 48.2187 
2712061 -1.26356 19.8337 210.012 -0.0031981 -0.00136907 0.999994 1.47894 23.4001 208.002 -0.0139953 -0.0570363 0.998183 1.86439 -2.2071 13.7698 0.690312 48.2187 
2799185 -2.35569 19.7338 210.011 -0.00178442 -0.00146404 0.999997 0.350357 23.6126 208.226 -0.0114026 -0.0587851 0.998081 1.86439 -2.20538 13.7698 0.747191 48.2187 
2886419 -3.34976 19.5702 210.012 -0.000685541 -0.00182061 0.999998 -1.15369 23.5773 208.145 -0.00631614 -0.0596716 0.998086 1.86525 -2.20365 13.7698 0.798613 48.2171 
2973672 -4.43545 19.3661 210.01 -0.00126744 -0.00173976 0.999998 -2.42938 23.2924 208.085 -0.00309103 -0.0588495 0.998182 1.86467 -2.2048 13.7714 0.853769 48.2156 
3061952 -5.55082 19.0763 210.01 -0.00181546 -0.00196025 0.999996 -3.69738 23.1297 208.014 -5.70442e-005 -0.0592589 0.998172 1.86467 -2.20566 13.7714 0.910935 48.2156 
3149191 -6.63611 18.7197 210.011 -0.000921106 -0.00196707 0.999998 -4.84449 23.1064 208.152 0.00303607 -0.060792 0.998038 1.86496 -2.20452 13.7714 0.969251 48.2156 
3236438 -7.64494 18.3655 210.006 -0.00151356 -0.00161057 0.999998 -6.13997 22.6003 208.116 0.00711432 -0.0600167 0.998124 1.86353 -2.20595 13.773 1.02326 48.214 
3323564 -8.62263 17.9201 210.008 -0.0025139 -0.00227463 0.999994 -7.30333 22.1982 208.068 0.00960594 -0.0591678 0.998108 1.86381 -2.20739 13.773 1.07554 48.214 
3411805 -9.60479 17.4207 210.006 -0.00233325 -0.0022457 0.999995 -8.5892 21.8243 208.133 0.013506 -0.0593817 0.99806 1.86353 -2.20739 13.773 1.13127 48.214 
3499057 -10.5611 16.8732 210.003 -0.00132719 -0.00162927 0.999998 -9.76868 21.312 208.097 0.0170946 -0.058593 0.998031 1.86295 -2.20624 13.7746 1.18844 48.2124 
3586183 -11.4485 16.253 210.011 -0.00267747 -0.00321511 0.999991 -11.0738 20.6885 208.075 0.0215773 -0.0571108 0.998032 1.8641 -2.20825 13.7762 1.23957 48.2124 
3673422 -12.3821 15.6105 210.003 -0.00140136 -0.00154728 0.999998 -11.9084 20.0549 208.157 0.0236031 -0.0558584 0.998103 1.86209 -2.20681 13.7777 1.30019 48.2124 
3761681 -13.2273 14.9096 210.002 -0.00147512 -0.00158807 0.999998 -13.103 19.3018 208.146 0.02755 -0.0529967 0.998086 1.8618 -2.2071 13.7777 1.35534 48.2124 
3848939 -14.0207 14.175 210.001 -0.00171636 -0.00178792 0.999997 -14.1701 18.6902 208.232 0.0306164 -0.0528003 0.998008 1.86151 -2.20768 13.7777 1.40935 48.2124 
3936464 -14.7719 13.3865 209.998 -0.000924227 -0.00262601 0.999996 -15.1416 17.8071 208.119 0.0336777 -0.0504976 0.998068 1.86266 -2.2071 13.7825 1.46422 48.2124 
4023729 -15.548 12.9301 209.827 0.00440172 -0.00553609 0.999975 -15.991 16.941 208.116 0.0358166 -0.0493864 0.99803 1.86755 -2.20193 13.5158 1.52397 48.5156 
4110814 -16.2936 12.1031 209.767 0.00539784 -0.00663529 0.999963 -17.0013 15.5644 208.286 0.0283108 -0.0503114 0.998268 1.88076 -2.19389 12.7364 1.58775 49.3776 
4199476 -16.9383 11.1997 209.753 0.0047444 -0.00602949 0.999971 -18.0186 14.2308 208.33 0.0219911 -0.0452533 0.998689 1.89369 -2.18498 11.8855 1.64951 50.338 
4286321 -17.5447 10.1553 209.765 0.00333205 -0.00507847 0.999982 -18.6012 12.765 208.604 0.0166522 -0.0379133 0.999087 1.90633 -2.17665 11.0282 1.71472 51.3271 
4373575 -17.9552 9.36502 209.761 0.00249634 -0.0084747 0.999961 -19.0699 11.4056 208.753 0.0114748 -0.0320672 0.9994 1.91638 -2.17521 10.5202 1.75953 51.9573 
4460848 -18.4479 8.20242 209.781 0.00205396 -0.00583735 0.999981 -19.5565 10.196 209.004 0.00907107 -0.0291003 0.999487 1.92787 -2.16602 9.78677 1.82877 52.8066 
4549081 -18.8738 7.08952 209.795 0.00100427 -0.00374056 0.999992 -19.9238 8.49937 209.08 0.00283425 -0.0246946 0.999609 1.93563 -2.15769 9.2121 1.89455 53.4924 
4636182 -19.234 5.91616 209.83 0.000518878 -0.00314095 0.999995 -20.1867 7.04184 209.241 -0.00114743 -0.0215196 0.999702 1.94252 -2.15137 8.80888 1.95976 54.0322 
4723471 -19.4933 4.86643 209.827 -9.00013e-005 -0.00321479 0.999995 -20.468 5.72364 209.502 -0.00229271 -0.0201067 0.999691 1.94827 -2.14649 8.48661 2.0175 54.4433 
4810689 -19.7142 3.71165 209.859 -0.000361382 -0.00260603 0.999997 -20.4095 4.2431 209.549 -0.00509671 -0.0177388 0.999728 1.95344 -2.14045 8.2215 2.08013 54.8164 
4898936 -19.8788 2.60611 209.887 -0.000162087 -0.00296875 0.999996 -20.6985 3.03744 209.796 -0.00478372 -0.016514 0.999833 1.95718 -2.13643 8.04211 2.13816 55.0958 
4986081 -19.9915 1.45038 209.907 -0.000295868 -0.00288041 0.999996 -20.7729 1.67191 209.833 -0.0046432 -0.0139431 0.999794 1.96062 -2.13212 7.88336 2.1982 55.3387 
5073314 -20.0334 0.370591 209.917 -0.00017208 -0.00259167 0.999997 -20.7201 0.421546 209.965 -0.00534713 -0.0111909 0.999874 1.96378 -2.12781 7.76906 2.25393 55.5196 
5160831 -20.007 -0.763364 209.932 1.03284e-005 -0.00220169 0.999998 -20.544 -0.736626 209.975 -0.00690642 -0.00840519 0.999843 1.96694 -2.12379 7.67222 2.31195 55.6784 
5248858 -19.9346 -1.82527 209.939 6.22298e-005 -0.00184693 0.999998 -20.4972 -1.84579 210.095 -0.00632295 -0.00892324 0.999889 1.96953 -2.12006 7.59444 2.36654 55.8101 
5335942 -19.8073 -2.94214 209.94 -0.000231178 -0.00177715 0.999998 -20.3339 -3.11071 210.005 -0.0073658 -0.00788051 0.999916 1.97154 -2.1169 7.50871 2.42399 55.9435 
5423201 -19.6061 -3.97874 209.937 -0.000186429 -0.00145813 0.999999 -19.9326 -4.24751 210.234 -0.0087354 -0.00609077 0.999868 1.97441 -2.11345 7.4341 2.47742 56.0514 
5510737 -19.4133 -5.12335 209.934 -0.00135562 -0.00318295 0.999994 -19.6548 -5.27729 210.23 -0.00860056 -0.00585514 0.999839 1.97298 -2.11431 7.36743 2.53459 56.153 
5597731 -19.049 -6.0913 209.951 -0.000540418 -0.00127525 0.999999 -19.3762 -6.41711 210.237 -0.00920347 -0.00570056 0.999834 1.97843 -2.10799 7.3071 2.58802 56.2515 
5685838 -18.6782 -7.16079 209.958 -0.00101228 -0.000832383 0.999999 -19.103 -7.44664 210.233 -0.00858112 -0.00549166 0.999799 1.98016 -2.10455 7.24519 2.64576 56.3483 
5773173 -18.274 -8.15667 209.956 -0.00129452 -0.00107629 0.999999 -18.4868 -8.71608 210.248 -0.0101591 -0.00528361 0.999805 1.98159 -2.10253 7.18963 2.69977 56.4293 
5860521 -17.8029 -9.11306 209.956 -0.0014509 -0.000412242 0.999999 -17.8605 -9.62903 210.338 -0.0107071 -0.00636061 0.999811 1.9836 -2.09909 7.16581 2.75349 56.4801 
5947605 -17.2568 -10.1173 209.967 -0.00169509 -0.000490775 0.999998 -17.2423 -10.5668 210.428 -0.0103747 -0.0047723 0.999876 1.98475 -2.09708 7.13724 2.81066 56.5356 
6035906 -16.6807 -11.0206 209.977 -0.00169603 -0.000221919 0.999999 -16.6211 -11.5973 210.53 -0.0110057 -0.00511567 0.999802 1.98648 -2.09478 7.12295 2.86409 56.5753 
6123113 -16.0391 -11.9585 209.979 -0.00165219 -0.000561637 0.999998 -16.0108 -12.5297 210.509 -0.0100437 -0.00541146 0.999817 1.98705 -2.09392 7.11978 2.92011 56.596 
6210382 -15.3667 -12.8049 209.984 -0.00148562 -0.000709277 0.999999 -15.2776 -13.4666 210.486 -0.0103133 -0.00588272 0.999874 1.98849 -2.09277 7.10072 2.97325 56.6293 
6297482 -14.6174 -13.6472 209.986 -0.00130207 -0.000854347 0.999999 -14.5313 -14.1628 210.55 -0.0105022 -0.00710093 0.999888 1.98992 -2.09162 7.08485 3.0287 56.6563 
6385927 -13.8622 -14.4074 209.987 -0.000981022 -0.00121639 0.999999 -13.806 -14.9915 210.515 -0.00928993 -0.00728893 0.999886 1.99136 -2.09104 7.05945 3.08127 56.688 
6472935 -13.0175 -15.1682 209.991 -0.000478903 -0.00146905 0.999999 -12.7247 -15.8228 210.588 -0.0101777 -0.00786124 0.999843 1.9928 -2.09076 7.04675 3.13671 56.7071 
6560066 -12.1792 -15.8555 209.993 -0.000269341 -0.0016343 0.999999 -12.1002 -16.5157 210.654 -0.00925024 -0.00877613 0.999803 1.99366 -2.09018 7.04199 3.18985 56.7166 
6647324 -11.2712 -16.5141 209.994 -0.000114236 -0.00166692 0.999999 -10.8953 -17.1248 210.7 -0.0101769 -0.0100754 0.99984 1.99481 -2.08932 7.03405 3.24501 56.7245 
6735589 -10.3705 -17.1007 209.995 -3.24981e-005 -0.00173226 0.999998 -10.0544 -17.7499 210.528 -0.0083552 -0.0102968 0.999831 1.99567 -2.08846 7.02929 3.29787 56.7325 
6822829 -9.39119 -17.635 209.994 0.000103353 -0.00136236 0.999999 -8.95406 -18.1389 210.552 -0.00874897 -0.0107747 0.999768 1.99768 -2.08702 7.02135 3.35274 56.7404 
6910122 -8.43017 -18.1239 209.991 -6.01413e-005 -0.00141513 0.999999 -8.09672 -18.6361 210.59 -0.00761745 -0.0102158 0.999808 1.99826 -2.08587 7.01659 3.40617 56.7468 
6997191 -7.39844 -18.5719 209.992 -0.000163102 -0.00148618 0.999999 -6.77105 -19.0342 210.61 -0.00827442 -0.0110438 0.999788 1.99912 -2.08472 7.0023 3.4619 56.7627 
7085644 -6.39148 -18.9378 209.994 -0.000100504 -0.00152088 0.999999 -5.91239 -19.5281 210.648 -0.00728422 -0.0108416 0.999871 2.00027 -2.08386 6.98643 3.51447 56.7785 
7172683 -5.31216 -19.2729 209.996 -0.000218073 -0.00153965 0.999999 -4.93189 -19.8083 210.549 -0.00635677 -0.0117565 0.999832 2.00113 -2.08271 6.9769 3.57049 56.788 
7259998 -4.27441 -19.5282 209.997 -0.000169993 -0.00150981 0.999999 -3.72023 -20.0825 210.669 -0.00588222 -0.0120255 0.999852 2.00228 -2.08185 6.96579 3.62306 56.7992 
7347084 -3.16306 -19.7406 210.001 -2.90714e-005 -0.00166004 0.999999 -2.61619 -20.1427 210.545 -0.00498069 -0.0134251 0.999867 2.00314 -2.08128 6.9515 3.67879 56.8135 
7435425 -2.10698 -19.875 210.005 0.000150358 -0.00164696 0.999999 -1.62571 -20.3046 210.546 -0.00427108 -0.013842 0.999777 2.00429 -2.0807 6.94197 3.73107 56.823 
7522570 -0.968751 -19.9752 210.006 0.000435851 -0.00179419 0.999998 -0.3877 -20.3625 210.642 -0.00535503 -0.0135395 0.999763 2.00458 -2.0807 6.94515 3.78709 56.8198 
7609872 0.0862839 -19.9986 210.009 0.000312119 -0.00161136 0.999999 0.726809 -20.316 210.615 -0.00472398 -0.0131961 0.999837 2.00544 -2.07984 6.95468 3.83909 56.8103 
7697074 1.21793 -19.9563 210.016 0.000366192 -0.00142003 0.999999 1.83768 -20.3636 210.712 -0.00412107 -0.0133507 0.999843 2.00659 -2.07927 6.95468 3.89482 56.8103 
7785210 2.28227 -19.854 210.024 0.000389621 -0.00125118 0.999999 2.84656 -20.0752 210.663 -0.00284095 -0.014528 0.999826 2.00774 -2.07869 6.95468 3.94739 56.8103 
7872424 3.39629 -19.6993 210.019 0.000272297 -0.00141234 0.999999 4.07278 -20.0471 210.525 -0.00245587 -0.0141845 0.999781 2.00831 -2.07783 6.94832 4.00312 56.8103 
7959816 4.45577 -19.4964 210.015 0.000550137 -0.00160683 0.999999 5.19638 -19.644 210.573 -0.000673064 -0.0151329 0.999852 2.0086 -2.07783 6.94197 4.05598 56.8087 
8046940 5.53735 -19.2089 210.011 0.000704414 -0.0014337 0.999999 6.19795 -19.5981 210.549 0.000118742 -0.0140693 0.999844 2.00975 -2.07754 6.9388 4.11084 56.8039 
8134200 6.56734 -18.8896 210.012 0.000938479 -0.00137389 0.999999 7.44662 -19.2019 210.596 0.000436798 -0.0149507 0.999812 2.01032 -2.07754 6.94039 4.1637 56.7976 
8222310 7.61378 -18.4727 210.015 0.00102629 -0.00101567 0.999999 8.35635 -18.6816 210.634 0.00188637 -0.0152733 0.999821 2.01204 -2.07725 6.93245 4.21857 56.7976 
8309579 8.58986 -18.0423 210.014 0.00140606 -0.000891417 0.999999 9.60048 -18.4291 210.583 0.00183799 -0.0139205 0.999796 2.01291 -2.07754 6.92134 4.27057 56.7976 
8396808 9.60501 -17.5333 210.01 0.00149009 -0.000726971 0.999999 10.3129 -17.797 210.5 0.000958928 -0.0143584 0.99986 2.01348 -2.07754 6.92928 4.3263 56.7817 
8484116 10.5248 -16.9974 210.01 0.001589 -0.000558049 0.999999 11.2319 -17.1673 210.527 0.00204935 -0.0145397 0.99986 2.01434 -2.07754 6.9261 4.37858 56.7785 
8572627 11.4018 -16.342 210.019 0.00128064 0.00066293 0.999999 12.1544 -16.5354 210.554 0.00275896 -0.0149566 0.99977 2.01808 -2.07754 6.92451 4.43144 56.7722 
8659486 12.313 -15.7401 210.007 0.00117029 -0.00055327 0.999999 13.0787 -15.8027 210.457 0.00370158 -0.0156158 0.999825 2.01635 -2.07611 6.92134 4.48688 56.7722 
8746843 13.112 -15.0053 210.019 0.000502553 0.000227796 1 13.8807 -15.2914 210.497 0.00475011 -0.0143233 0.999787 2.0198 -2.07524 6.91975 4.54003 56.7722 
8833944 13.9626 -14.315 210.004 0.00035063 -0.00140353 0.999999 14.8172 -14.4415 210.499 0.00523762 -0.01435 0.999781 2.01779 -2.07295 6.91499 4.59633 56.7738 
8922220 14.7778 -13.4684 210.014 0.00120936 -0.000491084 0.999999 15.6328 -13.6973 210.515 0.00609725 -0.0142756 0.999757 2.01865 -2.07524 6.91023 4.65264 56.7738 
9009374 15.4414 -12.7084 209.996 -0.000125628 -0.00193261 0.999998 16.242 -12.8239 210.52 0.00582109 -0.0148681 0.999828 2.0198 -2.07065 6.90705 4.70521 56.7674 
9096585 16.0948 -11.855 210.002 -0.000235117 -0.00170222 0.999999 16.8376 -11.9677 210.416 0.00679611 -0.0149215 0.999816 2.02095 -2.07065 6.91816 4.75807 56.7547 
9183845 16.7527 -10.9185 210.004 -8.37063e-005 -0.00171804 0.999999 17.5567 -10.9859 210.519 0.00754682 -0.0145982 0.999766 2.02152 -2.07065 6.91975 4.81466 56.7499 
9272075 17.4027 -9.97376 210.002 0.00135736 -0.00135383 0.999998 18.1584 -10.1247 210.525 0.00807543 -0.0138846 0.999801 2.01951 -2.07323 6.91975 4.87039 56.7436 
9359330 17.8421 -9.01026 210.017 9.40577e-006 -0.00142208 0.999999 18.6541 -9.13617 210.52 0.00866538 -0.0142815 0.999834 2.02325 -2.07093 6.92769 4.92238 56.7404 
9446597 18.2866 -8.04559 210.009 -0.000236517 -0.00173879 0.999998 19.148 -8.15887 210.516 0.00944201 -0.0134735 0.999731 2.02468 -2.06979 6.91816 4.97553 56.7357 
9533672 18.7272 -7.00066 210.009 0.000117897 -0.00157741 0.999999 19.5293 -7.17553 210.512 0.0103427 -0.0126589 0.999748 2.02497 -2.07036 6.91658 5.03155 56.7293 
9622133 19.0717 -5.9841 210.009 6.64286e-005 -0.00173894 0.999998 19.8065 -5.96046 210.375 0.0115139 -0.0135871 0.999706 2.02612 -2.06979 6.91023 5.08498 56.7293 
9709205 19.3792 -4.89497 210.012 0.000255668 -0.00144625 0.999999 20.3111 -4.97738 210.48 0.0113524 -0.0120933 0.999791 2.02698 -2.07036 6.90387 5.14071 56.7293 
9796436 19.6225 -3.85227 210.01 0.00042113 -0.00157699 0.999999 20.478 -3.86652 210.468 0.0119812 -0.0117632 0.999743 2.02756 -2.07007 6.89594 5.19414 56.7293 
9883595 19.8106 -2.74262 210.007 0.000571475 -0.00167328 0.999998 20.646 -2.75584 210.454 0.0124904 -0.0114132 0.999818 2.02842 -2.06979 6.88483 5.25016 56.7293 
9971802 19.9242 -1.6735 210.01 0.00058901 -0.00145828 0.999999 20.8069 -1.75689 210.454 0.0131257 -0.0109619 0.999757 2.02957 -2.07007 6.87689 5.3033 56.7293 
10059085 19.969 -0.547103 210.012 0.000395597 -0.00146608 0.999999 20.7555 -0.525338 210.431 0.0138916 -0.0103829 0.999802 2.03129 -2.06979 6.86736 5.35932 56.7293 
10146316 19.9623 0.512431 210.008 0.000417825 -0.00153571 0.999999 20.5856 0.477212 210.324 0.0139305 -0.009656 0.999722 2.03244 -2.0695 6.85625 5.41218 56.7293 
10233589 19.9032 1.64704 210.005 0.000656191 -0.00139886 0.999999 20.651 1.49933 210.435 0.0130708 -0.00973037 0.999746 2.03301 -2.06979 6.84514 5.46877 56.7293 
10320813 19.7916 2.70188 210.006 0.000787471 -0.00155289 0.999998 20.3768 2.74423 210.415 0.0138302 -0.00927253 0.999804 2.03359 -2.0695 6.84196 5.52192 56.7293 
10408997 19.6042 3.82681 210.011 0.000882248 -0.00129392 0.999999 20.1989 3.76289 210.419 0.0149466 -0.00896921 0.999751 2.03416 -2.07007 6.83879 5.57851 56.7293 
10496230 19.3727 4.83574 209.997 0.0011546 -0.000814676 0.999999 19.8024 4.79002 210.425 0.0155971 -0.00826237 0.999784 2.03474 -2.07093 6.81339 5.62993 56.7293 
10583577 19.0519 5.97592 210.012 0.000904682 0.000458247 0.999999 19.648 5.90933 210.416 0.0148174 -0.00686953 0.999768 2.03503 -2.07381 6.81656 5.68739 56.7261 
10670724 18.729 6.94587 210.005 0.00140685 -0.000867758 0.999999 19.1284 6.9559 210.424 0.0167328 -0.00759558 0.99969 2.03531 -2.07093 6.82291 5.74053 56.7182 
10758831 18.3014 8.00661 210.009 0.00144095 -0.000334146 0.999999 18.7277 7.86185 210.442 0.0172001 -0.00577164 0.999727 2.0356 -2.07208 6.81815 5.79712 56.7182 
10846090 17.8435 8.96114 210.01 0.00157409 -0.000564082 0.999999 18.3348 8.87537 210.337 0.0172477 -0.00491022 0.999755 2.03646 -2.07151 6.8118 5.85056 56.7182 
10933468 17.3619 9.86464 209.999 0.00231336 -0.00193404 0.999995 17.8307 9.91644 210.344 0.017485 -0.00504474 0.999765 2.03704 -2.06835 6.81974 5.90399 56.7071 
11020562 16.7323 10.8653 210.011 0.00135101 -0.00050945 0.999999 17.4281 10.5957 210.387 0.0168813 -0.00267601 0.999762 2.0379 -2.07208 6.82767 5.96087 56.6928 
11108701 16.1016 11.791 210.011 0.00150821 -0.000554764 0.999999 16.6919 11.5407 210.409 0.0174712 -0.00307291 0.999795 2.0379 -2.07208 6.84196 6.01746 56.6753 
11195931 15.4551 12.6435 210.007 0.00159103 -0.000351684 0.999999 15.946 12.3334 210.222 0.0180387 -0.00163243 0.999749 2.03761 -2.07266 6.85784 6.07118 56.6547 
11283339 14.7499 13.4358 210.01 0.00147945 -0.000517481 0.999999 15.4389 13.1479 210.255 0.0173269 -0.00122885 0.999718 2.03847 -2.07266 6.87054 6.12461 56.6404 
11370424 13.962 14.2566 210.009 0.00148184 -0.000341295 0.999999 14.5746 13.8562 210.191 0.0182146 -0.000656542 0.999762 2.03847 -2.07323 6.88324 6.18178 56.6261 
11458710 13.1344 15.0236 210.009 0.00157373 -0.000261673 0.999999 13.7251 14.686 210.227 0.0183776 7.70325e-005 0.999801 2.03847 -2.07352 6.89594 6.23866 56.6118 
11545854 12.3098 15.714 210.011 0.00142684 0.000139016 0.999999 12.873 15.406 210.276 0.0181663 0.000696193 0.999737 2.03819 -2.07467 6.90864 0.00919266 56.5975 
11633190 11.4515 16.3353 210.011 0.00124099 0.00018353 0.999999 12.1268 15.9967 210.224 0.0177134 0.00134203 0.999797 2.03876 -2.07524 6.91658 0.0623377 56.5848 
11720337 10.5064 16.9641 210.012 0.000926904 0.00060442 0.999999 11.143 16.6028 210.175 0.0188297 0.00164535 0.999744 2.03847 -2.07668 6.92928 0.11893 56.569 
11808581 9.54848 17.6008 210.009 0.000293094 0.00244538 0.999997 10.1737 17.2361 210.348 0.0188297 0.00164535 0.999744 2.03503 -2.0807 6.94515 0.175235 56.5499 
11895892 8.57666 18.0085 210.012 0.00039856 0.000784676 1 9.18096 17.5945 210.214 0.0194166 0.0034493 0.999658 2.03847 -2.07869 6.97055 0.228667 56.5213 
11983150 7.59657 18.446 210.011 2.2326e-005 0.00108067 0.999999 8.20883 18.2057 210.164 0.0192818 0.00321367 0.999686 2.03819 -2.08013 6.98325 0.2821 56.5039 
12070243 6.56685 18.8355 210.009 0.000348462 0.000934043 1 7.22934 18.5901 210.25 0.018883 0.00484208 0.99976 2.03819 -2.07984 6.99754 0.338118 56.488 
12158455 5.55196 19.1694 210.009 0.000238273 0.00115943 0.999999 6.23309 18.8566 210.238 0.019431 0.00591908 0.999755 2.03761 -2.0807 7.01341 0.391837 56.4721 
12245707 4.47996 19.4497 210.002 0.00138194 0.00092766 0.999999 5.02691 19.2335 210.105 0.019004 0.00704955 0.999762 2.03761 -2.07869 7.02135 0.449291 56.4642 
12333319 3.41119 19.6732 210.001 0.00108686 0.00111545 0.999999 4.1624 19.5075 210.203 0.0175869 0.00797786 0.999686 2.03704 -2.07984 7.04675 0.503873 56.4388 
12420167 2.33008 19.8407 209.992 0.00176602 0.000826563 0.999998 2.83325 19.798 210.194 0.0179806 0.00845575 0.999749 2.03646 -2.07898 7.09755 0.559891 56.388 
12508630 1.25318 19.9251 209.99 0.001522 0.000621365 0.999999 1.60595 19.8439 210.098 0.0179128 0.00944501 0.999765 2.03675 -2.07984 7.1293 0.61361 56.3531 
12595596 0.127214 19.9749 209.985 0.00179091 0.000841281 0.999998 0.614161 19.896 210.111 0.016707 0.00975417 0.999753 2.03617 -2.07984 7.14676 0.67049 56.3356 
12682803 -0.925374 19.95 209.984 0.00174247 0.000662731 0.999998 -0.500354 19.9392 210.014 0.0164956 0.0103733 0.999689 2.03617 -2.08041 7.18169 0.72306 56.3007 
12770004 -2.05748 19.8544 209.984 0.00179985 0.000609816 0.999998 -1.6279 19.6663 210.176 0.01621 0.0118606 0.999654 2.03646 -2.0807 7.19915 0.77994 56.2832 
12858536 -3.1258 19.7141 209.982 0.00161843 0.000699857 0.999998 -2.63447 19.5957 210.089 0.0157377 0.012143 0.999754 2.03617 -2.08156 7.21979 0.83366 56.2626 
12945483 -4.24962 19.5163 209.98 0.0014265 0.00102291 0.999998 -3.64348 19.4154 210.014 0.014891 0.0123109 0.999751 2.03531 -2.08243 7.23566 0.890827 56.2467 
13032689 -5.28452 19.255 209.982 0.00123008 0.000918358 0.999999 -4.77374 19.1552 210.176 0.0148975 0.0124321 0.999738 2.03531 -2.08329 7.25789 0.943972 56.2277 
13120030 -6.37935 18.9268 209.983 0.00100434 0.00112722 0.999999 -5.79944 18.7479 210.127 0.0145707 0.0131791 0.999662 2.03474 -2.08415 7.27059 1.00114 56.215 
13208387 -7.38358 18.5516 209.989 0.00117601 0.00125878 0.999999 -6.81595 18.4657 210.175 0.0141113 0.0137037 0.999735 2.03474 -2.08415 7.28011 1.05515 56.2134 
13295315 -8.40954 18.0961 209.992 0.00124745 0.00119508 0.999999 -7.83914 18.0628 210.126 0.0135149 0.0139795 0.999716 2.03503 -2.08444 7.2944 1.11145 56.2007 
13382641 -9.36631 17.6172 209.994 0.000923754 0.000835379 0.999999 -8.7592 17.5409 210.088 0.0131752 0.0144842 0.999667 2.03474 -2.0853 7.3071 1.16488 56.188 
13469907 -10.3596 17.0557 209.994 0.000669153 0.000753462 0.999999 -9.67448 17.0233 210.049 0.0123221 0.014531 0.999677 2.03416 -2.08645 7.33409 1.22176 56.1626 
13557076 -11.2449 16.4766 209.993 0.000908662 0.000818646 0.999999 -10.5993 16.3904 210.022 0.0118627 0.0150556 0.999751 2.03416 -2.08645 7.35155 1.27519 56.1467 
13645204 -12.1607 15.8175 209.992 0.00101642 0.000961593 0.999999 -11.5184 15.883 210.094 0.0116319 0.0153113 0.999727 2.03359 -2.08673 7.37695 1.33207 56.1245 
13732440 -12.9776 15.1339 209.997 0.00128865 0.000787172 0.999999 -12.3354 15.1185 209.967 0.010698 0.016105 0.99978 2.03388 -2.08702 7.40711 1.38551 56.1023 
13819761 -13.8155 14.3832 209.997 0.00131044 0.000891578 0.999999 -13.1474 14.4999 210.051 0.0103107 0.0157483 0.999703 2.03301 -2.0876 7.44204 1.4421 56.0737 
13906976 -14.5592 13.6369 209.993 0.00131347 0.00112679 0.999999 -13.857 13.6453 210.157 0.00960754 0.0162864 0.99978 2.03244 -2.08788 7.45791 1.49524 56.0578 
13995067 -15.3086 12.793 209.994 0.000980075 0.00106546 0.999999 -14.5655 12.865 209.918 0.00878031 0.0168178 0.999737 2.03187 -2.08903 7.4722 1.55155 56.0435 
14082326 -15.9797 11.9569 209.99 0.000628264 0.00156756 0.999999 -15.1613 12.0043 210.024 0.00783121 0.0173559 0.999695 2.031 -2.08989 7.48807 1.60527 56.0276 
14169570 -16.6903 11.0418 209.996 -0.00101384 0.00108882 0.999999 -15.8867 11.0282 210.031 0.00797474 0.017726 0.999775 2.02784 -2.09363 7.5103 1.66186 56.0102 
14256838 -17.1883 10.136 209.991 0.000664241 0.00170871 0.999998 -16.6019 10.2675 209.904 0.00808144 0.0174637 0.999679 2.03014 -2.09076 7.53411 1.71501 55.9895 
14345151 -17.7352 9.14913 209.991 0.00065222 0.00173192 0.999998 -16.9748 9.28793 210.018 0.00649703 0.0175506 0.999698 2.02957 -2.09133 7.5611 1.7716 55.9673 
14432201 -18.202 8.17774 209.991 0.000292259 0.00144329 0.999999 -17.3653 8.26532 209.91 0.00636787 0.0196502 0.999716 2.02899 -2.09277 7.57539 1.82503 55.953 
14519682 -18.6113 7.18454 209.993 0.000342862 0.00155845 0.999999 -17.9801 7.3048 210.028 0.00682076 0.0190044 0.999656 2.02871 -2.09305 7.59285 1.87904 55.9403 
14606711 -18.9742 6.12389 209.994 0.000617718 0.00115482 0.999999 -18.1323 6.29734 210.028 0.00525801 0.0194681 0.999756 2.02871 -2.09363 7.61031 1.93506 55.9245 
14695190 -19.3099 4.9893 210.009 -0.000127213 -0.000489957 1 -18.5186 5.32795 210.031 0.00488669 0.0171528 0.999771 2.02756 -2.09794 7.63889 1.99194 55.9022 
14782207 -19.5349 4.00509 209.997 0.000435886 0.000965865 0.999999 -18.6861 4.1029 209.945 0.00347254 0.0158803 0.999814 2.02727 -2.09535 7.66111 2.04479 55.8832 
14869610 -19.7327 2.93381 210 0.000296865 0.000361597 1 -19.0757 3.24029 209.937 0.00410217 0.0139962 0.999763 2.02612 -2.09736 7.69763 2.09851 55.8514 
14956723 -19.8657 1.81551 210.002 0.000384725 4.6443e-005 1 -19.137 2.03171 210.072 0.00367599 0.0129125 0.999767 2.02555 -2.09851 7.72779 2.15453 55.826 
15044857 -19.945 0.744044 210.006 0.0001837 -0.0004908 1 -19.1892 1.02143 209.96 0.00312146 0.0117144 0.999786 2.0244 -2.10024 7.75001 2.20768 55.807 
15132081 -19.9496 -0.374987 210.006 0.000310238 -0.000723216 1 -19.2503 -0.0784326 210.082 0.00331986 0.0108529 0.999877 2.02411 -2.1011 7.76589 2.26341 55.7911 
15219719 -19.9069 -1.45803 210.01 0.000144619 -0.0012071 0.999999 -19.2022 -1.20096 210.093 0.00354196 0.0104627 0.999793 2.02325 -2.10253 7.77224 2.31713 55.7863 
15306431 -19.7955 -2.57586 210.01 7.92979e-005 -0.00144994 0.999999 -19.2566 -2.32025 210.104 0.00280421 0.0103817 0.999815 2.02267 -2.1034 7.77383 2.37314 55.7847 
15393723 -19.6245 -3.63606 210.013 0.00015828 -0.00171336 0.999999 -18.9633 -3.22835 210.087 0.001897 0.00944589 0.999812 2.02239 -2.10426 7.777 2.42658 55.7816 
15481986 -19.3847 -4.71368 210.007 0.000269633 -0.000974325 0.999999 -18.8025 -4.38864 209.874 0.00155303 0.00984273 0.999897 2.02239 -2.10311 7.78653 2.48288 55.772 
15569268 -19.0949 -5.74291 210.003 0.000522879 -0.000726572 1 -18.5169 -5.40318 209.98 0.00105904 0.0097483 0.999917 2.02239 -2.10311 7.80081 2.5366 55.7578 
15656466 -18.7512 -6.80611 209.997 -8.75161e-006 -3.83352e-005 1 -18.123 -6.43582 209.975 0.000684705 0.00963389 0.999813 2.02152 -2.10253 7.81669 2.59348 55.7435 
15743607 -18.3677 -7.77465 209.994 -0.000108835 0.0010447 0.999999 -17.723 -7.33762 210.066 0.000510986 0.00867131 0.999922 2.02124 -2.10081 7.84209 2.6472 55.7244 
15831880 -17.9064 -8.80725 209.988 -0.000491753 0.00159246 0.999999 -17.4569 -8.47787 210.074 0.00125521 0.00887352 0.999886 2.02038 -2.09995 7.85637 2.70494 55.7117 
15919092 -17.4184 -9.75882 209.989 -0.000690397 0.00153925 0.999999 -17.0637 -9.3961 210.055 0.00159493 0.00836883 0.999935 2.01951 -2.10024 7.86749 2.75866 55.7038 
16006342 -16.8432 -10.7209 209.988 -0.000887858 0.00170328 0.999998 -16.5631 -10.329 209.925 0.00215674 0.007474 0.9999 2.01923 -2.09995 7.87066 2.81525 55.7022 
16093478 -16.2548 -11.6001 209.987 -0.000942897 0.00146695 0.999998 -15.8101 -11.1537 210.002 0.000604726 0.00816668 0.999853 2.01865 -2.10052 7.87701 2.86811 55.6959 
16181728 -15.5573 -12.4964 209.989 -0.000844107 0.00157489 0.999998 -15.1897 -11.9655 210.079 0.00133599 0.00812658 0.999844 2.01894 -2.10052 7.88336 2.92499 55.6911 
16268973 -14.8765 -13.3147 209.99 -0.00113698 0.0015622 0.999998 -14.3316 -12.806 210.044 0.000258532 0.00855021 0.999817 2.01808 -2.10052 7.8913 2.97871 55.6879 
16356208 -14.0937 -14.1253 209.99 -0.000997644 0.00159504 0.999998 -13.8217 -13.5039 209.999 0.00130359 0.00752078 0.999911 2.01808 -2.10081 7.90559 3.03502 55.6736 
16443484 -13.2994 -14.8617 209.992 -0.000749862 0.00153894 0.999999 -12.9637 -14.2233 210.062 0.00109224 0.00813994 0.999847 2.01808 -2.10139 7.91988 3.08902 55.6609 
16531656 -12.4382 -15.5916 209.994 -0.000800894 0.00177058 0.999998 -12.1091 -15.0649 210.025 0.000389108 0.00867799 0.999923 2.0175 -2.10139 7.95004 3.1459 55.6371 
16618819 -11.5882 -16.2405 209.994 -0.000547531 0.00148985 0.999999 -11.246 -15.6666 210.075 0.000260749 0.00856352 0.999938 2.01664 -2.10253 7.97385 3.19905 55.6149 
16706064 -10.6538 -16.8824 209.99 -0.000602228 0.00133359 0.999999 -10.2649 -16.1691 210.001 -0.000152463 0.00772215 0.999915 2.01549 -2.10311 7.99608 3.25593 55.5927 
16793325 -9.73318 -17.4235 209.991 -0.000530175 0.00141917 0.999999 -9.52501 -16.7733 210.053 0.000992018 0.00852341 0.999929 2.0152 -2.1034 8.01354 3.30936 55.5784 
16880879 -8.81367 -17.911 209.982 -0.00158732 0.00204307 0.999997 -8.52295 -17.165 210.077 -0.000816712 0.00898715 0.999911 2.01463 -2.10139 8.02941 3.36337 55.5657 
16968851 -7.75503 -18.3904 209.994 -0.000227796 0.00116901 0.999999 -7.65623 -17.657 210.116 -0.000694834 0.00898046 0.99991 2.01406 -2.10483 8.03894 3.41938 55.5562 
17056014 -6.69808 -18.8081 209.994 6.57156e-005 0.000865996 1 -6.78465 -18.0538 210.031 -0.000675394 0.00934394 0.99987 2.01319 -2.10598 8.04846 3.47598 55.5466 
17143191 -5.6894 -19.1333 209.994 7.86437e-005 0.000867911 1 -5.55127 -18.3425 210.04 -0.0027538 0.00933641 0.999909 2.01291 -2.10627 8.05164 3.52912 55.5434 
17230542 -4.66771 -19.4102 209.992 -0.000111291 0.000821581 1 -4.79163 -18.5984 210.055 -0.00182635 0.00842152 0.999869 2.01233 -2.10627 8.05481 3.58255 55.5403 
17318694 -3.56525 -19.6315 209.993 -4.38409e-005 0.000888515 1 -3.5636 -18.7746 210.052 -0.00269246 0.00822599 0.999906 2.01233 -2.10656 8.0564 3.63886 55.5387 
17405950 -2.49499 -19.7783 209.997 0.000225325 0.00113186 0.999999 -2.57209 -19.0612 209.953 -0.00294918 0.00799704 0.999936 2.01262 -2.10713 8.06751 3.69258 55.5292 
17493073 -1.3658 -19.9011 209.995 0.000380362 0.000934653 0.999999 -1.33716 -19.1131 210.05 -0.0037021 0.00766036 0.999864 2.01147 -2.10799 8.0818 3.74946 55.5165 
17581786 -0.301631 -19.9459 209.997 0.00033547 0.00102732 0.999999 -0.336478 -19.1523 210.148 -0.00323403 0.00727015 0.999898 2.0109 -2.10828 8.09926 3.80289 55.5022 
17668607 0.82467 -19.9305 210.002 0.000430864 0.00122291 0.999999 0.660741 -19.2093 210.136 -0.00261168 0.00747905 0.999864 2.01032 -2.10885 8.12625 3.85919 55.4815 
17755717 1.89968 -19.8709 210.002 0.000481696 0.00100115 0.999999 2.01099 -19.1856 209.997 -0.00358023 0.00765368 0.999863 2.00917 -2.10943 8.13419 3.9132 55.4768 
17842958 3.01588 -19.717 210.002 0.000395229 0.00124092 0.999999 2.91226 -18.9938 210.071 -0.00313159 0.00689999 0.999937 2.00946 -2.10943 8.13736 3.96951 55.4736 
17930397 4.07064 -19.541 210.003 0.000635042 0.00102937 0.999999 4.03731 -18.8355 210.033 -0.00299676 0.00713562 0.999909 2.00831 -2.11029 8.14371 4.02294 55.4688 
18018466 5.1641 -19.2848 210.003 0.00065375 0.000948069 0.999999 4.93977 -18.6594 209.998 -0.00289432 0.00676546 0.999948 2.00774 -2.11058 8.14371 4.07924 55.4688 
18105898 6.1803 -18.9864 210.002 0.000838764 0.000895327 0.999999 6.0817 -18.2706 209.935 -0.00330105 0.00604526 0.999911 2.00716 -2.11115 8.14371 4.1321 55.4688 
18192986 7.24724 -18.6032 210.003 0.000877422 0.000934372 0.999999 7.22479 -17.9754 210.107 -0.00403232 0.00608536 0.99992 2.00687 -2.11144 8.14371 4.18869 55.4688 
18280070 8.23421 -18.1718 210.008 0.00120347 0.00129209 0.999998 8.02067 -17.5746 210.048 -0.00317917 0.00603857 0.99991 2.00716 -2.1123 8.14371 4.24184 55.4688 
18368353 9.26132 -17.6821 210.007 0.0012291 0.00115834 0.999999 9.05779 -17.1835 209.987 -0.00429773 0.00572195 0.999842 2.0063 -2.11259 8.1453 4.29901 55.4688 
18455778 10.1787 -17.1557 210.008 0.00109581 0.00137997 0.999998 9.9754 -16.6649 210.026 -0.00369482 0.00556737 0.999848 2.00659 -2.11259 8.1453 4.35186 55.4688 
18542834 11.1344 -16.5656 210.009 0.000982013 0.00121106 0.999999 11.0256 -16.0344 210.051 -0.0047239 0.00463826 0.999846 2.00572 -2.11259 8.15006 4.40846 55.4688 
18630026 12.0071 -15.9518 210.01 0.00116342 0.00124788 0.999999 11.8316 -15.512 210.09 -0.00410582 0.00473931 0.999946 2.00515 -2.11316 8.15006 4.4616 55.4688 
18718229 12.8942 -15.2516 210.009 0.00123629 0.00121569 0.999998 12.6438 -14.8899 210.007 -0.00374018 0.00471926 0.999942 2.00458 -2.11345 8.14848 4.51819 55.4704 
18805452 13.6884 -14.5369 210.009 0.00112722 0.00130028 0.999999 13.5943 -14.0328 210.009 -0.00476279 0.00391131 0.999926 2.00458 -2.11345 8.14689 4.57163 55.472 
18892701 14.4806 -13.7537 210.003 0.000472821 0.000788073 1 14.2969 -13.398 210.039 -0.00436475 0.00449705 0.999855 2.00429 -2.11201 8.1453 4.62851 55.4736 
18979997 15.1926 -12.9571 210.003 0.000393159 0.0008371 1 15.0073 -12.6378 210.055 -0.00417284 0.00351442 0.999959 2.00429 -2.11201 8.14371 4.68194 55.4752 
19068069 15.8572 -12.1224 209.99 0.000313054 0.00075264 1 15.8461 -11.7792 210.059 -0.00516952 0.0031911 0.99989 2.00458 -2.11173 8.12625 4.73537 55.4768 
19155326 16.5005 -11.2507 209.988 -0.000228245 0.000134175 1 16.4484 -10.9087 210.065 -0.00469497 0.00292205 0.999911 2.00429 -2.11029 8.12784 4.79053 55.4799 
19242581 17.1113 -10.2854 209.988 -0.000791003 -0.000375263 1 16.9467 -9.91236 210.06 -0.00439635 0.00167711 0.999919 2.00458 -2.10885 8.12784 4.84856 55.4847 
19329930 17.6364 -9.35244 209.987 -0.00126325 -0.00100094 0.999999 17.4312 -9.15451 210.08 -0.00387644 0.00225616 0.999846 2.00458 -2.10742 8.1326 4.90314 55.4847 
19417073 18.1323 -8.33165 209.99 -0.00139813 -0.00107644 0.999998 18.0567 -8.06089 210.061 -0.00463363 0.00181163 0.999909 2.00486 -2.10713 8.13419 4.96002 55.4863 
19505178 18.5594 -7.35857 209.991 -0.0011192 -0.0011477 0.999999 18.4475 -7.07004 210.058 -0.0047555 0.00181832 0.99991 2.00429 -2.10742 8.13101 5.01316 55.4895 
19592744 19.0146 -6.30325 209.99 0.000445852 -0.000809504 1 18.7216 -6.067 210.056 -0.00430261 0.00117248 0.99985 2.00084 -2.11 8.12784 5.07004 55.4927 
19679793 19.249 -5.26961 209.991 -0.00112083 -0.00144655 0.999998 19.1198 -4.95978 210.04 -0.00457877 0.000580056 0.99992 2.00458 -2.10684 8.1199 5.12347 55.5006 
19766977 19.533 -4.12029 210.004 -0.000330259 0.000113619 1 19.5118 -3.96786 210.036 -0.004829 0.000472265 0.999936 2.004 -2.11029 8.11673 5.18035 55.5038 
19855206 19.7158 -3.1181 209.993 -0.00084968 -0.0014379 0.999999 19.5655 -2.8405 210.025 -0.00401696 -0.000314781 0.999885 2.00429 -2.10713 8.11514 5.2335 55.5053 
19942602 19.8589 -2.05569 209.992 -0.000690851 -0.00151947 0.999999 19.7322 -1.83961 210.024 -0.004004 -7.24644e-005 0.999858 2.004 -2.10713 8.11355 5.28722 55.5069 
20029594 19.9422 -0.926618 209.992 -0.000620658 -0.00154319 0.999999 19.7919 -0.722722 209.901 -0.00405584 -0.00104173 0.999965 2.004 -2.10713 8.11196 5.34381 55.5085 
20117047 19.9615 0.140447 209.993 -0.000562247 -0.00141909 0.999999 19.8588 0.411679 210.001 -0.00443665 -0.00127731 0.999875 2.004 -2.10742 8.11196 5.39696 55.5085 
20205106 19.9144 1.27231 209.995 -0.000620869 -0.00126201 0.999999 19.8017 1.42936 210.002 -0.00432773 -0.00152631 0.999901 2.00429 -2.10771 8.11196 5.45326 55.5085 
20292354 19.8235 2.33163 209.994 -0.000490218 -0.00117274 0.999999 19.7446 2.44817 210.004 -0.00422529 -0.00189647 0.999939 2.004 -2.10799 8.11196 5.50641 55.5085 
20379447 19.664 3.4529 209.994 -0.00037192 -0.00107562 0.999999 19.6952 3.45978 210.006 -0.00493712 -0.00149289 0.999908 2.00371 -2.10828 8.11196 5.563 55.5085 
20466724 19.4535 4.48747 209.994 -0.000357297 -0.00110065 0.999999 19.2959 4.49736 210.012 -0.00398154 -0.00190983 0.999936 2.00371 -2.10828 8.11196 5.61586 55.5085 
20554967 19.1558 5.59682 209.996 -0.000470031 -0.000969125 0.999999 18.9096 5.65112 210.006 -0.00379184 -0.00290578 0.999919 2.004 -2.10857 8.11196 5.67302 55.5085 
20642246 18.8375 6.60081 209.996 -0.000358046 -0.00102276 0.999999 18.6168 6.55155 209.913 -0.00315653 -0.00245456 0.999858 2.00371 -2.10857 8.11355 5.72588 55.5085 
20729337 18.4418 7.66262 209.995 -0.000208841 -0.000775734 1 18.3509 7.71437 210.016 -0.00371754 -0.00377388 0.99989 2.00314 -2.10914 8.11355 5.78247 55.5085 
20816568 18.0056 8.63585 209.994 -0.000199797 -0.000810483 1 17.9429 8.50763 209.935 -0.00331081 -0.00305367 0.999927 2.00314 -2.10914 8.11355 5.8359 55.5085 
20904863 17.4941 9.63946 209.992 -7.72257e-005 -0.000835982 1 17.4344 9.44473 209.955 -0.00323651 -0.00392177 0.999898 2.00285 -2.10914 8.11355 5.8925 55.5085 
20992226 16.9396 10.5473 209.994 -0.000312275 -0.00105523 0.999999 16.8124 10.4992 209.964 -0.00230906 -0.00483666 0.999858 2.00371 -2.10885 8.11355 5.94564 55.5085 
21079352 16.3114 11.4796 209.997 -0.000462802 -0.00100998 0.999999 16.1787 11.2071 210.009 -0.00203069 -0.00423093 0.99991 2.004 -2.10914 8.11514 6.00166 55.5085 
21166443 15.6745 12.3211 210.001 -0.00055616 -0.00112206 0.999999 15.56 12.1502 210.031 -0.00207827 -0.00509235 0.999882 2.00429 -2.10914 8.11831 6.05452 55.5085 
21254683 14.9339 13.2124 210.005 -0.000795582 -0.000716486 0.999999 14.9283 12.9649 209.953 -0.00160371 -0.0053614 0.999903 2.004 -2.11029 8.12308 6.11197 55.5053 
21342050 14.2192 13.992 210.004 -0.000667214 -0.000624014 1 14.0725 13.8053 209.988 -0.000770008 -0.00577167 0.999933 2.00343 -2.11058 8.12466 6.16512 55.5038 
21429219 13.3991 14.766 210.005 -0.000841297 -0.000657044 0.999999 13.3183 14.3966 209.937 -0.000371973 -0.00518592 0.999861 2.00371 -2.11087 8.12625 6.22142 55.5022 
21516449 12.5897 15.4803 210.007 -0.000849294 -0.000305083 1 12.5752 15.1266 209.984 -0.000310634 -0.00629634 0.999859 2.00285 -2.11173 8.12784 6.27543 55.5022 
21604609 11.6947 16.1635 210.007 -0.000939853 -0.000326974 1 11.7112 15.8395 209.922 0.000548992 -0.00622197 0.999835 2.00285 -2.11201 8.12943 0.0485488 55.5006 
21691844 10.8212 16.7646 210.006 -0.000940739 -0.000299691 1 10.8526 16.4567 209.982 0.000414154 -0.00645761 0.999864 2.00256 -2.1123 8.13101 0.101694 55.499 
21779106 9.8529 17.3469 210.006 -0.00119893 -0.000341857 0.999999 9.98484 17.0575 209.931 0.00103872 -0.0062354 0.999951 2.00256 -2.11288 8.14054 0.157999 55.4895 
21866344 8.91154 17.8581 210.007 -0.00140022 -0.000158668 0.999999 9.12418 17.6794 209.992 0.0011195 -0.00698234 0.999908 2.00199 -2.11374 8.14689 0.211431 55.4831 
21953811 7.92891 18.3115 210.009 -0.00174935 -7.09757e-005 0.999998 8.00872 17.9391 209.871 0.00228342 -0.00581761 0.999882 2.00199 -2.1146 8.14689 0.265151 55.4831 
22041727 6.8728 18.7177 210.011 -0.00184679 -0.00037471 0.999998 7.02798 18.4485 209.945 0.00265554 -0.0057165 0.999864 2.00256 -2.1146 8.14689 0.321743 55.4847 
22128950 5.81374 19.0902 210.009 -0.00170414 -0.000208884 0.999999 6.04213 18.8413 210.031 0.00294039 -0.00498961 0.999902 2.0017 -2.11489 8.1453 0.378336 55.4863 
22216206 4.78414 19.3603 210.009 -0.0016223 -0.00054603 0.999999 4.81246 19.1187 209.911 0.00440293 -0.00506982 0.999884 2.00228 -2.1146 8.14371 0.431768 55.4879 
22303466 3.64584 19.6082 210.022 -0.00314648 2.43019e-005 0.999995 3.81638 19.3886 209.898 0.00493154 -0.00435629 0.999919 2.0017 -2.11805 8.14371 0.488073 55.4895 
22391586 2.64695 19.774 210.01 -0.00161086 -0.000537291 0.999999 2.82737 19.6796 209.997 0.00491858 -0.00459861 0.999946 2.0017 -2.11517 8.14371 0.540931 55.4895 
22479200 1.55312 19.8982 210.002 -0.000424512 -0.0007793 1 1.71559 19.8541 209.999 0.00526903 -0.00487429 0.999847 2.00142 -2.11316 8.1453 0.59781 55.4895 
22566098 0.491738 19.9595 209.996 0.000464213 -0.000828009 1 0.58916 19.7978 210.025 0.00591952 -0.00416745 0.99988 2.00113 -2.11173 8.1453 0.652392 55.4895 
22653336 -0.564023 19.9642 209.988 0.00165093 -0.000807469 0.999998 -0.419774 19.7253 209.939 0.00570169 -0.00366945 0.99983 2.00084 -2.10972 8.14689 0.706973 55.4895 
22741632 -1.69145 19.9042 209.991 0.00146161 -0.000565083 0.999999 -1.55163 19.6738 209.964 0.00693564 -0.00348066 0.999909 2.00055 -2.11029 8.14054 0.763278 55.4974 
22828729 -2.74248 19.7687 209.991 0.00186115 -0.000630849 0.999998 -2.5648 19.6071 209.877 0.00717292 -0.00361519 0.99992 2.00142 -2.10943 8.12625 0.816711 55.5117 
22915989 -3.84914 19.5818 209.993 0.0019122 -0.000423534 0.999998 -3.69977 19.3438 210.039 0.00768635 -0.00315729 0.99986 2.00142 -2.10943 8.11514 0.873016 55.5228 
23003388 -4.89868 19.3304 209.996 0.00179029 -0.000543617 0.999998 -4.71892 19.1652 209.965 0.00793011 -0.00317066 0.999857 2.00199 -2.10972 8.11196 0.926735 55.526 
23091558 -5.98243 19.0321 209.996 0.00160904 -0.000317463 0.999999 -5.74657 18.8871 210.015 0.00866786 -0.0030896 0.999835 2.00142 -2.11029 8.11196 0.98304 55.526 
23178718 -6.99836 18.6795 209.996 0.00168371 -0.000235138 0.999999 -6.6652 18.4772 209.963 0.00881139 -0.0027195 0.999914 2.00142 -2.11029 8.11038 1.03705 55.5276 
23265825 -8.06899 18.2513 209.996 0.0014798 -4.20021e-005 0.999999 -7.81224 18.0823 209.915 0.00954914 -0.00263845 0.999892 2.00084 -2.11087 8.11038 1.09479 55.5276 
23353333 -9.03321 17.7961 209.996 0.00141228 7.28879e-005 0.999999 -8.73896 17.4527 210 0.00950724 -0.00116456 0.999854 2.00055 -2.11115 8.11038 1.14822 55.5276 
23441458 -10.0258 17.2581 209.997 0.00133228 0.000182913 0.999999 -9.77235 17.0672 210.061 0.0102256 -0.00144698 0.999872 2.00027 -2.11144 8.11038 1.20481 55.5276 
23528661 -11.0451 16.7068 210 -0.000542683 0.000706228 1 -10.588 16.4296 210.033 0.0100012 -0.00107013 0.999834 1.99653 -2.11517 8.11038 1.26169 55.5276 
23615738 -11.8586 16.0497 210 0.00105349 0.000199871 0.999999 -11.4072 15.7875 210.005 0.0101707 -0.000215399 0.99986 1.99998 -2.1123 8.10879 1.31455 55.5292 
23703383 -12.7156 15.3882 210.001 0.000693615 0.000203787 1 -12.2185 15.1631 210.089 0.00969614 5.36539e-005 0.999839 1.9994 -2.11316 8.10879 1.36856 55.5292 
23791271 -13.5659 14.6361 210.004 0.000532602 6.30242e-005 1 -13.1603 14.5323 210.062 0.0110585 0.000356913 0.999904 1.9994 -2.11374 8.10879 1.42515 55.5292 
23878501 -14.3274 13.8832 210.007 0.000294236 -0.000203697 1 -13.7579 13.7693 210.044 0.0107252 0.000982758 0.999842 1.9994 -2.1146 8.11038 1.4783 55.5276 
23965684 -15.0889 13.0535 210.009 0.0001438 -0.00028625 1 -14.5874 13.0214 210.029 0.0113541 0.00131281 0.999794 1.99912 -2.11517 8.11038 1.5346 55.5276 
24052876 -15.7617 12.2343 210.009 0.0001379 -0.000291999 1 -15.3065 12.145 209.912 0.0112474 0.00157512 0.99989 1.99883 -2.11546 8.11355 1.58775 55.5244 
24141076 -16.4372 11.3227 210.009 -3.70777e-005 -0.000324163 1 -15.7904 11.3937 210.004 0.0108817 0.00159517 0.999894 1.99826 -2.11604 8.11514 1.64462 55.5228 
24228348 -17.005 10.428 210.01 0.000153121 -0.000395455 1 -16.2882 10.2973 210.132 0.0101021 0.00298801 0.999879 1.99854 -2.11604 8.11673 1.69777 55.5212 
24315570 -17.5703 9.45659 210.01 4.67991e-005 -0.000462554 1 -17.1298 9.53888 210.006 0.0118213 0.00313676 0.999831 1.99797 -2.11661 8.12308 1.75408 55.5149 
24402810 -18.0625 8.50618 210.009 -0.000170062 -0.000436479 1 -17.284 8.42705 210.129 0.0100472 0.00421959 0.999867 1.99711 -2.11719 8.12466 1.80779 55.5133 
24490947 -18.5125 7.47606 210.01 -0.000121461 -0.000325496 1 -17.8974 7.56177 210.123 0.0107655 0.00393717 0.999885 1.99682 -2.11719 8.12466 1.86439 55.5133 
24578240 -18.8886 6.48718 210.008 -0.000122004 -0.000151213 1 -18.2893 6.55417 210.016 0.0107914 0.0044218 0.999832 1.99624 -2.11719 8.12784 1.91782 55.5101 
24665449 -19.2122 5.41165 210.009 7.93007e-005 -0.000186723 1 -18.6739 5.5706 210.13 0.0104539 0.0049398 0.999904 1.99653 -2.11719 8.12942 1.97412 55.5085 
24752714 -19.4774 4.35949 210.011 5.17775e-005 -0.000506898 1 -19.0661 4.5753 210.134 0.0107236 0.00541106 0.999847 1.99624 -2.11805 8.13736 2.02813 55.5006 
24840327 -19.6672 3.35555 210 0.000820428 0.000787102 0.999999 -19.1146 3.54887 210.023 0.00977452 0.00594917 0.999805 1.99653 -2.11546 8.15483 2.08128 55.4831 
24928071 -19.8247 2.20165 210.01 0.000595679 -0.000681401 1 -19.3974 2.55209 210.025 0.010262 0.00592243 0.9998 1.99624 -2.11862 8.16911 2.13758 55.4688 
25015359 -19.9113 1.09114 210.009 0.000789845 -0.00058082 1 -19.3424 1.31994 210.158 0.0093281 0.00671616 0.999852 1.99624 -2.11862 8.17546 2.1936 55.4625 
25102606 -19.9521 0.00774237 210.012 0.000586323 -0.000927032 0.999999 -19.401 0.298575 210.047 0.00944998 0.00670948 0.999851 1.99538 -2.11977 8.17864 2.24761 55.4593 
25190282 -19.924 -1.05687 210.011 0.000645266 -0.000928416 0.999999 -19.4638 -0.935884 210.071 0.00898191 0.00709969 0.999817 1.9951 -2.12006 8.18181 2.30104 55.4561 
25278077 -19.8408 -2.20043 210.014 0.000568777 -0.00144538 0.999999 -19.4078 -1.95238 210.069 0.00898839 0.00722085 0.999803 1.99423 -2.12149 8.18975 2.35792 55.4482 
25365238 -19.7067 -3.21575 209.999 0.000477645 0.000199537 1 -19.2314 -2.97786 210.065 0.00803502 0.00765111 0.999896 1.99395 -2.11862 8.18658 2.41164 55.4482 
25452432 -19.4724 -4.36993 210.012 0.000750098 -0.00164844 0.999998 -19.0667 -4.09914 210.185 0.00791962 0.00777895 0.999884 1.99395 -2.12236 8.18499 2.46794 55.4466 
25539926 -19.2161 -5.39538 210.01 0.000752296 -0.00136027 0.999999 -18.9048 -5.13711 210.071 0.00831118 0.00824353 0.999826 1.99366 -2.12207 8.1834 2.52138 55.4466 
25627948 -18.866 -6.46636 210.012 0.00112418 -0.00123857 0.999999 -18.5041 -6.17025 210.065 0.0072078 0.00818253 0.999853 1.99423 -2.12207 8.18499 2.57768 55.445 
25715226 -18.4962 -7.46216 210.008 0.00112775 -0.000921183 0.999999 -18.1127 -7.20739 210.059 0.00710536 0.00855269 0.999814 1.99395 -2.12178 8.18816 2.6314 55.4403 
25802344 -18.0562 -8.48844 210.005 0.00101743 -0.000595861 0.999999 -17.7155 -8.11807 210.152 0.00722724 0.008546 0.999813 1.99337 -2.12149 8.19293 2.68799 55.4355 
25889661 -17.5762 -9.44643 210.001 0.000862984 -1.46666e-005 1 -17.0898 -9.06047 210.13 0.00653707 0.00932637 0.999863 1.99308 -2.12063 8.19769 2.74257 55.4307 
25977845 -17.0269 -10.4183 209.995 0.000514008 0.000697384 1 -16.7007 -10.0964 210.124 0.00667191 0.009562 0.999834 1.99251 -2.11948 8.20563 2.79974 55.4228 
26065290 -16.4468 -11.306 209.991 0.000261475 0.00135027 0.999999 -15.9538 -10.9263 210.089 0.00556852 0.009501 0.999861 1.99251 -2.11833 8.2088 2.85375 55.4196 
26152191 -15.778 -12.2238 209.989 -3.78113e-005 0.0016701 0.999999 -15.3398 -11.9645 210.192 0.00571632 0.00997895 0.999806 1.99222 -2.11776 8.2088 2.9112 55.4196 
26239540 -15.1204 -13.0397 209.985 -0.000550509 0.0020506 0.999998 -14.7016 -12.5662 210.134 0.00558796 0.00986447 0.999821 1.99165 -2.1169 8.2088 2.96463 55.4196 
26327736 -14.3518 -13.8707 209.989 -0.000422579 0.00185463 0.999998 -13.8435 -13.4056 210.098 0.00450402 0.0101669 0.999808 1.99165 -2.11747 8.2088 3.02094 55.4196 
26415165 -13.6023 -14.6204 209.989 -0.000572272 0.00157102 0.999999 -13.2186 -14.1112 210.163 0.00538531 0.0106181 0.999865 1.99079 -2.11805 8.2088 3.07408 55.4196 
26502203 -12.7544 -15.3477 209.994 -0.000299034 0.00144825 0.999999 -12.3485 -14.7278 210.102 0.00429488 0.0107994 0.999865 1.99107 -2.11862 8.2088 3.12953 55.4196 
26589459 -11.8977 -16.0263 209.994 -0.000424166 0.00131317 0.999999 -11.5913 -15.3272 210.154 0.00357658 0.0110818 0.999847 1.9905 -2.11891 8.2088 3.1844 55.4196 
26676584 -10.9687 -16.6678 209.995 -0.000576808 0.00147222 0.999999 -10.625 -16.0637 210.105 0.00348062 0.0115732 0.999795 1.9905 -2.11862 8.2088 3.24128 55.4196 
26764914 -10.0658 -17.2337 209.994 -0.000805717 0.00140464 0.999999 -9.63629 -16.5555 210.141 0.00246671 0.0108997 0.999887 1.98992 -2.11862 8.2088 3.295 55.4196 
26852092 -9.07492 -17.7915 209.993 -0.000944949 0.00103154 0.999999 -8.77316 -17.1741 210.081 0.00212052 0.0112832 0.999852 1.98878 -2.1192 8.2088 3.35216 55.4196 
26939244 -8.11749 -18.2367 210.011 -0.00039504 0.000936517 0.999999 -7.66119 -17.5581 210.104 0.000475567 0.0102664 0.99987 1.98878 -2.12035 8.22309 3.40416 55.4196 
27027458 -7.08739 -18.6643 210.014 -0.00031991 0.000736043 1 -6.90761 -17.944 210.02 0.00120035 0.0101051 0.999875 1.9882 -2.12092 8.22468 3.45989 55.4196 
27114729 -6.07017 -19.0235 210.016 -7.7617e-005 0.000497106 1 -5.80973 -18.4466 210.166 0.000651503 0.0112423 0.999883 1.98763 -2.12178 8.22626 3.51361 55.418 
27201964 -4.97576 -19.3384 210.012 -0.000184754 0.000465387 1 -4.80851 -18.6158 210.055 -1.19455e-005 0.0102931 0.999876 1.98734 -2.12178 8.22309 3.57078 55.4164 
27289198 -3.93089 -19.5656 210.011 -0.000141398 0.000630064 1 -3.82723 -19.1197 210.093 -0.000223301 0.0109123 0.999812 1.98763 -2.12178 8.22309 3.62421 55.4149 
27376369 -2.81601 -19.757 210.01 -9.33784e-005 0.000627969 1 -2.59391 -19.1759 210.077 -0.00102159 0.00972747 0.999834 1.98734 -2.12207 8.22626 3.6808 55.4101 
27464696 -1.77626 -19.8598 210.009 -0.00016205 0.000981756 1 -1.71004 -19.2198 210.066 -0.000194362 0.00919604 0.999877 1.98791 -2.12178 8.23261 3.73308 55.4022 
27551823 -0.617818 -19.9385 210.009 6.43337e-005 0.000823004 1 -0.593823 -19.3967 210.065 -0.00102159 0.00972747 0.999834 1.98705 -2.12264 8.24214 3.79111 55.3926 
27639086 0.417087 -19.9474 210.015 0.000204281 0.000797308 1 0.538771 -19.2252 210.027 -0.001698 0.00853599 0.999854 1.98648 -2.12322 8.25166 3.84282 55.3895 
27726486 1.55116 -19.9152 210.015 0.000557052 0.000587059 1 1.42247 -19.3827 210.139 -0.00127182 0.00961968 0.99985 1.98533 -2.12437 8.26119 3.89999 55.3799 
27814463 2.59719 -19.7847 210.016 0.000530277 0.000849475 0.999999 2.67086 -19.2209 210.1 -0.0024163 0.00881841 0.999836 1.98562 -2.12437 8.26595 3.95198 55.3752 
27901763 3.70204 -19.5956 210.018 -4.55783e-005 0.00132932 0.999999 3.68986 -18.9345 210.049 -0.00222439 0.00783578 0.999941 1.9859 -2.12351 8.29453 4.00858 55.3545 
27988970 4.72392 -19.3705 210.042 -0.000166143 0.0017853 0.999998 4.82111 -18.771 210.123 -0.00253818 0.0088251 0.999838 1.98562 -2.12379 8.33739 4.06086 55.3402 
28076370 5.79528 -19.0836 210.026 4.87515e-007 0.00160137 0.999999 5.95332 -18.6232 209.974 -0.00339133 0.00887189 0.999848 1.98504 -2.12437 8.32945 4.1163 55.3307 
28164458 6.85465 -18.7244 210.024 1.5047e-005 0.00171575 0.999999 6.98886 -18.2064 210.134 -0.00390476 0.00841399 0.999908 1.98504 -2.12465 8.33104 4.17203 55.326 
28251838 7.97363 -18.2765 210.032 0.00158137 0.00214246 0.999996 7.90015 -17.8185 209.964 -0.00369562 0.00778152 0.999851 1.98447 -2.1281 8.33263 4.23006 55.3196 
28338843 8.89751 -17.8713 210.01 -0.000247456 0.00137234 0.999999 8.81896 -17.2988 210.002 -0.00322107 0.00751247 0.999872 1.98389 -2.12465 8.32945 4.28407 55.3164 
28426407 9.85136 -17.3587 210.01 -6.65496e-005 0.00152363 0.999999 9.96511 -16.916 209.939 -0.0040807 0.0074381 0.999895 1.98389 -2.12523 8.32786 4.33779 55.3164 
28513355 10.8046 -16.7579 210.011 7.34113e-005 0.00181582 0.999998 10.7769 -16.3916 209.979 -0.00408718 0.00731694 0.999909 1.98418 -2.1258 8.32786 4.39294 55.3149 
28601799 11.6849 -16.1654 210.011 0.00010746 0.00171019 0.999999 11.7204 -15.6452 209.993 -0.0049879 0.00650231 0.999892 1.9836 -2.12609 8.32628 4.44609 55.3164 
28688841 12.5833 -15.4992 210.009 0.000143407 0.00161322 0.999999 12.6452 -15.0136 210.02 -0.00451983 0.0061121 0.999926 1.98303 -2.12638 8.32469 4.50268 55.3164 
28775967 13.3497 -14.8111 210.032 -9.47804e-005 0.00193426 0.999998 13.4623 -14.4962 210.06 -0.00509682 0.00675131 0.999867 1.9836 -2.12638 8.33263 4.55324 55.3307 
28863224 14.18 -14.0407 210.023 -5.48572e-006 0.00167901 0.999999 14.169 -13.7583 209.966 -0.00472471 0.00685242 0.999849 1.98332 -2.12638 8.30881 4.6107 55.3434 
28951902 14.9395 -13.2507 210.016 0.000401013 0.00164181 0.999999 14.8969 -12.7611 210.069 -0.00492008 0.00551305 0.999876 1.98246 -2.12724 8.2977 4.66528 55.345 
29038603 15.6711 -12.3771 210.01 0.000339058 0.00145556 0.999999 15.7172 -12.0138 210.085 -0.00456741 0.00525068 0.999899 1.98246 -2.12695 8.27865 4.72244 55.3561 
29125842 16.3073 -11.5247 210.007 0.000247919 0.00148185 0.999999 16.4362 -11.2631 210.102 -0.00529868 0.00529078 0.999908 1.98246 -2.12695 8.27548 4.77559 55.3561 
29213108 16.9277 -10.584 210.006 -0.000108903 0.00136807 0.999999 17.0496 -10.2865 209.984 -0.00560297 0.00420042 0.99991 1.98274 -2.12638 8.27389 4.83218 55.3577 
29301429 17.4646 -9.66742 210.002 -0.000686299 0.000839569 0.999999 17.5508 -9.28361 210.091 -0.00539383 0.00356795 0.999853 1.98303 -2.12494 8.2723 4.88619 55.3593 
29388591 17.9759 -8.65411 210.002 -0.000960268 0.000854103 0.999999 18.0503 -8.30308 209.974 -0.00543919 0.00271984 0.999946 1.9836 -2.12465 8.27071 4.94278 55.3609 
29475719 18.4132 -7.70355 209.994 -0.00135114 -7.64614e-005 0.999999 18.5573 -7.31508 209.97 -0.00607024 0.00237647 0.999873 1.98332 -2.12293 8.26754 4.9965 55.3625 
29562983 18.8294 -6.64396 209.991 -0.00143117 -0.000483221 0.999999 18.8204 -6.43185 209.98 -0.00507356 0.00269979 0.999942 1.98303 -2.12236 8.26754 5.05395 55.3625 
29651365 19.1553 -5.64847 209.986 -0.00160872 -0.00125319 0.999998 19.3379 -5.31538 210.073 -0.00598076 0.001764 0.999938 1.98303 -2.12092 8.2596 5.10739 55.3704 
29738470 19.4482 -4.54896 209.989 -0.00123322 -0.00122642 0.999998 19.5033 -4.20755 209.95 -0.00540599 0.00111148 0.999877 1.98303 -2.12121 8.2342 5.16398 55.3942 
29825726 19.6595 -3.49768 209.99 -0.00122544 -0.00120558 0.999999 19.6568 -3.32396 209.961 -0.00462067 0.00205395 0.999882 1.98332 -2.12121 8.22944 5.21741 55.399 
29912859 19.8331 -2.38236 209.991 -0.000930322 -0.00131916 0.999999 19.9504 -2.19408 210.058 -0.00541247 0.000990319 0.99989 1.98303 -2.12121 8.21515 5.274 55.4133 
30001368 19.9287 -1.30834 209.992 -0.000854217 -0.00129389 0.999999 19.9 -0.944247 210.035 -0.0047547 -0.000395836 0.999907 1.98332 -2.12121 8.20404 5.32772 55.4228 
30088330 19.9679 -0.172335 209.992 -0.000850271 -0.00142161 0.999999 20.1871 0.0477797 210.033 -0.00570381 0.00014227 0.999866 1.9836 -2.12092 8.19769 5.3846 55.4292 
30175585 19.9439 0.89922 209.993 -0.000829957 -0.00140255 0.999999 19.9064 1.19223 210.025 -0.00488306 -0.000510311 0.999922 1.98389 -2.12092 8.19134 5.43803 55.4339 
30262712 19.8592 2.03621 209.995 -0.000790113 -0.00113996 0.999999 19.8458 2.20784 210.027 -0.00439555 -0.000537047 0.999916 1.98389 -2.12149 8.19134 5.49463 55.4339 
30350983 19.7136 3.0796 209.996 -0.000948025 -0.00125677 0.999999 19.6877 3.35797 210.13 -0.00455205 -0.00114946 0.999863 1.98447 -2.12121 8.19134 5.5472 55.4339 
30438239 19.509 4.2007 210.001 -0.000884227 -0.000743986 0.999999 19.3995 4.26142 210.035 -0.00442147 -0.00102168 0.99997 1.98418 -2.12236 8.19134 5.6035 55.4339 
30525452 19.2677 5.23982 210 -0.000693292 -0.000698233 1 19.2446 5.51711 210.015 -0.00449719 -0.00238104 0.999875 1.9836 -2.12264 8.19134 5.65694 55.4339 
30612868 18.9552 6.25754 210.003 -0.000821723 -0.000580859 0.999999 18.8485 6.55113 210.021 -0.0038878 -0.00241446 0.999867 1.98389 -2.12293 8.19134 5.70979 55.4339 
30700916 18.5789 7.31401 210.003 -0.000748935 -0.000508506 1 18.6768 7.45368 210.036 -0.00408397 -0.00153967 0.999898 1.9836 -2.12322 8.19134 5.76581 55.4339 
30788099 18.1391 8.34962 210.004 -0.00074959 -0.000559715 1 18.2946 8.50838 210.153 -0.00474742 -0.00248883 0.999891 1.9836 -2.12322 8.19134 5.82212 55.4339 
30875331 17.6673 9.30693 210.005 -0.000799968 -0.000475193 1 17.6574 9.4153 209.952 -0.00325675 -0.0020711 0.999941 1.9836 -2.12351 8.19134 5.87526 55.4339 
30962650 17.1449 10.23 210.005 -0.000819344 -0.000661563 0.999999 17.1535 10.4755 210.071 -0.00281681 -0.00295925 0.999907 1.98389 -2.12322 8.18975 5.92841 55.4355 
31049915 16.5356 11.1812 210.005 -0.000826151 -0.000864154 0.999999 16.6367 11.3894 209.98 -0.00206611 -0.00263588 0.999858 1.98418 -2.12293 8.18975 5.985 55.4355 
31138050 15.8782 12.0277 210.063 -0.00204185 -0.00103381 0.999997 16.1252 12.2063 210.011 -0.00230116 -0.00248804 0.999969 1.98562 -2.12379 8.24372 6.03671 55.4387 
31225200 15.1907 12.8899 210.028 -0.0014258 -0.000961261 0.999999 15.383 13.0382 210.045 -0.00169825 -0.00264262 0.999975 1.9859 -2.12322 8.18658 6.09244 55.4561 
31312476 14.4896 13.7032 210.016 -0.000985963 -0.000888448 0.999999 14.6404 13.9747 209.957 -0.000642451 -0.00344304 0.999921 1.98504 -2.12322 8.17705 6.14673 55.4545 
31399712 13.7092 14.5076 210.01 -0.000790452 -0.000880047 0.999999 13.9972 14.5675 210.015 2.7478e-005 -0.00237272 0.999914 1.98475 -2.12322 8.17229 6.20361 55.4545 
31487844 12.8196 15.2883 210.028 -0.00223562 0.000664091 0.999997 13.2453 15.2662 209.951 0.000812805 -0.00143025 0.999919 1.98447 -2.12753 8.17546 6.25934 55.453 
31575225 12.0198 15.9305 210.009 -0.000978241 -0.000650878 0.999999 12.5082 16.1082 209.986 0.000867664 -0.00266183 0.99993 1.98475 -2.12408 8.16911 0.0301634 55.453 
31662605 11.1458 16.558 210.009 -0.00091959 -0.00071851 0.999999 11.5245 16.8388 210.036 0.00283067 -0.00252645 0.99988 1.98475 -2.12408 8.16911 0.0841703 55.453 
31749657 10.2076 17.1612 210.014 -0.00113085 -0.000475366 0.999999 10.6713 17.525 209.862 0.00230996 -0.000891358 0.999955 1.98447 -2.12494 8.1707 0.139614 55.4545 
31838044 9.28344 17.6538 210.01 -0.00122694 -0.000911343 0.999999 9.69135 18.0444 210.047 0.00281691 -0.000554619 0.999909 1.9859 -2.12437 8.16276 0.191897 55.4561 
31925077 8.24695 18.1707 210.009 -0.0015486 -0.000570359 0.999999 8.81543 18.5346 210.009 0.00368302 -0.00035909 0.999872 1.98562 -2.12552 8.158 0.249351 55.4561 
32012186 7.25351 18.5845 210.008 -0.00148843 -0.00081651 0.999999 7.843 19.2466 209.948 0.00421811 0.000475592 0.999893 1.98619 -2.12523 8.15483 0.303358 55.4577 
32099466 6.18237 18.9764 210.007 -0.00148095 -0.000650603 0.999999 7.06206 19.4913 209.822 0.00536259 0.00127685 0.999907 1.98619 -2.12552 8.13895 0.360525 55.4704 
32188044 5.15858 19.271 210.007 -0.00142086 -0.000839125 0.999999 5.83449 19.9054 209.911 0.00767179 0.0010287 0.999892 1.98705 -2.12523 8.12466 0.413957 55.4831 
32275004 4.04814 19.5382 210.01 -0.00146887 -0.000662185 0.999999 4.97395 20.4024 209.984 0.0071035 0.00180238 0.999941 1.98734 -2.12552 8.10085 0.471124 55.5053 
32362102 3.00267 19.7404 210.011 -0.00172341 -0.00041283 0.999998 3.85692 20.5645 209.985 0.00801718 0.00285932 0.999931 1.98705 -2.12638 8.09132 0.524269 55.5117 
32449335 1.89437 19.8659 210.009 -0.00140203 -0.000659299 0.999999 2.85576 20.718 209.985 0.00845632 0.00418532 0.9999 1.9882 -2.12552 8.0691 0.580574 55.5308 
32537605 0.812348 19.9527 210.012 -0.00183135 -0.000464599 0.999998 1.88338 21.0909 209.961 0.00707376 0.00573274 0.999879 1.98791 -2.12667 8.06434 0.634581 55.5339 
32624837 -0.300438 19.967 210.01 -0.00154523 -0.000520916 0.999999 0.641627 21.032 209.989 0.00814172 0.0073888 0.9998 1.98849 -2.12609 8.04688 0.690886 55.5482 
32712104 -1.32956 19.9393 209.992 -0.000441225 -0.000307266 1 -0.475684 21.1034 210.002 0.00844904 0.00627832 0.999916 1.98849 -2.12408 8.02465 0.744318 55.5577 
32799233 -2.45724 19.8242 209.989 -0.000204229 -0.00037412 1 -1.62442 20.5227 210.09 0.00831278 0.00381522 0.999821 1.98935 -2.12351 8.00719 0.801485 55.5704 
32887463 -3.48723 19.6628 209.982 0.00124299 -0.000311159 0.999999 -3.24998 18.942 210.194 0.00492444 -0.00891907 0.999805 1.98992 -2.12063 7.99449 0.855779 55.5831 
32974704 -4.61298 19.4182 209.984 0.00153664 -0.00031661 0.999999 -4.39394 18.4514 210.269 0.00491148 -0.00916138 0.999832 1.99021 -2.12006 7.98973 0.913808 55.5879 
33061945 -5.61072 19.1446 209.983 0.00210273 -0.000165494 0.999998 -5.39502 18.7984 210.245 0.00661617 -0.00482665 0.999817 1.9905 -2.11891 7.9802 0.966379 55.5974 
33149249 -6.62744 18.8217 209.988 0.00169803 1.48031e-005 0.999999 -6.16755 19.3253 210.192 0.00898573 0.00268469 0.999932 1.99021 -2.11977 7.97226 1.01952 55.6054 
33237440 -7.66648 18.4207 209.992 0.00172326 8.86589e-005 0.999999 -6.84156 19.4371 210.077 0.00997939 0.00520885 0.999883 1.9905 -2.11977 7.9675 1.07554 55.6117 
33324590 -8.76464 17.9368 210.005 9.93216e-005 -0.000142417 1 -7.87576 19.1265 210.016 0.0112039 0.00747732 0.999857 1.98992 -2.12322 7.96115 1.13386 55.6181 
33411839 -9.6747 17.4611 209.995 0.00163931 0.000423378 0.999999 -8.79963 18.5931 210.089 0.0114922 0.0105262 0.999763 1.9905 -2.12006 7.95798 1.18786 55.6212 
33499094 -10.6499 16.8898 209.995 0.00167057 0.000610237 0.999998 -9.6977 18.3976 210.013 0.0106996 0.0116767 0.999774 1.9905 -2.12006 7.95639 1.24503 55.6228 
33587348 -11.5504 16.2927 209.998 0.00142348 0.000668921 0.999999 -10.5049 17.7443 210.096 0.00978427 0.0150481 0.99979 1.9905 -2.12063 7.95321 1.29933 55.626 
33674522 -12.458 15.614 210 0.00131229 0.000776195 0.999999 -11.4166 17.1016 210.07 0.0079142 0.0166223 0.999774 1.9905 -2.12092 7.95321 1.35649 55.626 
33761747 -13.2666 14.931 210.001 0.00139303 0.00102291 0.999999 -12.3365 16.4549 210.044 0.0069232 0.0186343 0.999694 1.99079 -2.12063 7.94527 1.41021 55.6339 
33849080 -14.0344 14.1927 210.007 0.00119019 0.00079454 0.999999 -13.2425 16.0068 209.994 0.0057006 0.0231161 0.999594 1.99165 -2.12121 7.93892 1.46336 55.6403 
33936250 -14.8332 13.3632 210.009 0.000953753 0.000832429 0.999999 -14.1572 15.3723 209.967 0.0041508 0.0238221 0.999667 1.99165 -2.12178 7.93892 1.52139 55.6403 
34024576 -15.6102 12.5336 210.011 -0.000414865 0.000958762 0.999999 -14.9562 14.6156 210.064 0.00172319 0.0263989 0.999552 1.98906 -2.12437 7.93734 1.57827 55.6419 
34111659 -16.2028 11.6686 210.01 0.00103302 0.00123364 0.999999 -15.7712 13.8622 210.048 0.00079574 0.0273138 0.999591 1.99222 -2.12149 7.93734 1.63198 55.6419 
34198883 -16.8136 10.7809 210.008 0.000839843 0.00137833 0.999999 -16.273 13.0996 210.028 0.0021364 0.0272403 0.999575 1.99222 -2.12178 7.93416 1.68657 55.6419 
34286162 -17.4031 9.79852 210.01 0.000548388 0.00118246 0.999999 -16.9777 12.2278 210.136 0.00092108 0.0296291 0.999458 1.99251 -2.12264 7.93099 1.74402 55.6419 
34374315 -17.8895 8.86711 210.01 0.000663678 0.00138485 0.999999 -17.5787 11.2361 210.031 -0.000541456 0.0297093 0.999476 1.99308 -2.12236 7.9294 1.79745 55.6419 
34461721 -18.3659 7.84394 210.011 0.00049463 0.00149493 0.999999 -18.1751 10.1364 210.05 -0.00292718 0.0308123 0.999398 1.99308 -2.12264 7.9294 1.85462 55.6419 
34548729 -18.753 6.84859 210.01 0.000487607 0.00158492 0.999999 -18.8662 9.26861 210.045 -0.00582633 0.0314573 0.999381 1.99366 -2.12264 7.92623 1.90863 55.6419 
34635981 -19.1184 5.77234 210.011 0.000138825 0.00143227 0.999999 -19.4436 8.28799 210.051 -0.00960455 0.0316645 0.999427 1.99366 -2.12351 7.92305 1.96579 55.6419 
34724462 -19.4061 4.75212 210.009 -0.00011351 0.00152924 0.999999 -20.2367 7.28996 209.951 -0.0143825 0.0337493 0.999286 1.99366 -2.12379 7.91987 2.01951 55.6419 
34811551 -19.6366 3.64867 210.01 -8.69551e-005 0.00157093 0.999999 -20.7014 6.30554 209.956 -0.0182977 0.0337075 0.999239 1.99452 -2.12379 7.91829 2.07639 55.6419 
34898993 -19.8081 2.60017 210.008 -0.000300351 0.00159681 0.999999 -21.0652 5.2046 209.973 -0.0217277 0.0336258 0.999065 1.99481 -2.12408 7.91511 2.13011 55.6419 
34985843 -19.9177 1.48464 210.008 -0.000323923 0.00165904 0.999999 -21.4495 3.97775 209.89 -0.0237932 0.0338606 0.999077 1.99567 -2.12408 7.91194 2.1867 55.6419 
35074427 -19.9735 0.40355 210.01 -0.000566061 0.0013783 0.999999 -21.594 2.88173 209.903 -0.0268328 0.0319347 0.999098 1.99596 -2.12494 7.91035 2.241 55.6419 
35161345 -19.9654 -0.73385 210.007 -0.000767965 0.00118446 0.999999 -22.1651 1.78538 209.924 -0.0319302 0.0326734 0.998865 1.99653 -2.12552 7.90241 2.29817 55.6419 
35248577 -19.9036 -1.81416 210.011 -0.00100992 0.000445366 0.999999 -22.1192 0.471512 209.958 -0.0327407 0.0290321 0.99891 1.99682 -2.12724 7.89924 2.35189 55.6419 
35335851 -19.7725 -2.92456 210.01 -0.00109529 0.000366986 0.999999 -21.7612 -0.973822 209.889 -0.0320185 0.0243347 0.999044 1.99739 -2.12753 7.89606 2.40819 55.6419 
35423987 -19.5866 -3.97352 210.008 -0.00116124 -4.10978e-005 0.999999 -20.9204 -2.63677 210.057 -0.0241401 0.0185426 0.999413 1.99797 -2.12839 7.88812 2.46134 55.6419 
35511249 -19.3274 -5.08823 210.005 -0.00123953 -0.00060599 0.999999 -20.3402 -3.98458 210.084 -0.0224848 0.0152656 0.999496 1.99826 -2.12954 7.8786 2.51822 55.6419 
35598446 -19.0145 -6.10551 210.007 -0.00104143 -0.000743358 0.999999 -19.5661 -5.12247 210.194 -0.0162357 0.0132351 0.999727 1.99912 -2.12983 7.87542 2.57136 55.6419 
35685662 -18.6899 -7.22074 210.013 -0.00177965 -0.00278666 0.999995 -19.091 -6.47356 210.223 -0.0152598 0.0109675 0.999713 1.99567 -2.13413 7.87225 2.62824 55.6419 
35773823 -18.2259 -8.15728 210.01 -0.000986473 -0.00111982 0.999999 -19.3204 -7.87149 210.164 -0.0232842 0.00511636 0.999641 1.9994 -2.13069 7.87384 2.68138 55.6387 
35861071 -17.7477 -9.15809 210.008 -0.000995438 -0.00130278 0.999999 -19.1463 -9.29846 210.1 -0.0267579 -0.000241832 0.999556 1.99969 -2.13097 7.86907 2.73683 55.6387 
35948321 -17.2286 -10.099 210.007 -0.00107987 -0.000921998 0.999999 -18.4408 -10.3496 210.089 -0.0246837 -0.000342152 0.999652 2.00027 -2.13011 7.87066 2.79112 55.6371 
36035613 -16.652 -11.0193 210.006 -0.00120076 -0.000557532 0.999999 -17.7166 -11.1782 210.054 -0.0233496 -0.000536835 0.999648 2.00084 -2.12925 7.87066 2.84599 55.6371 
36122719 -16.0398 -11.8888 209.998 -0.00166655 0.000281441 0.999999 -16.78 -11.9167 210.003 -0.0202528 0.000170791 0.99976 2.00142 -2.12724 7.86907 2.90057 55.6371 
36210986 -15.3287 -12.7884 209.995 -0.00183257 0.000674942 0.999998 -15.7344 -12.7601 210.187 -0.0170848 0.00221116 0.999724 2.0017 -2.12638 7.88178 2.9586 55.6244 
36298224 -14.6375 -13.5892 209.99 -0.00196408 0.000883997 0.999998 -14.478 -13.5164 210.243 -0.0122083 0.00417126 0.999788 2.00113 -2.12609 7.91194 3.01203 55.5943 
36385711 -13.8854 -14.3507 209.991 -0.0017034 0.000770437 0.999998 -13.8477 -14.2243 210.197 -0.0121188 0.00355878 0.999854 2.00113 -2.12667 7.93416 3.06518 55.572 
36472739 -13.0593 -15.1252 209.986 -0.00179518 0.00067701 0.999998 -13.4155 -15.0299 210.168 -0.0153374 0.00285784 0.999744 2.00027 -2.12695 7.95956 3.12206 55.545 
36560877 -12.1818 -15.9005 209.992 -0.00123204 -0.00100343 0.999999 -12.7311 -15.5321 210.098 -0.0198015 0.00395326 0.999705 1.99768 -2.13069 7.97544 3.17923 55.5292 
36648098 -11.2941 -16.4679 209.989 -0.00140161 0.000616637 0.999999 -12.0917 -16.2403 210.053 -0.0206893 0.00338095 0.999661 2.00084 -2.12781 7.98814 3.23266 55.5165 
36735478 -10.393 -17.0527 209.988 -0.00166205 0.000682373 0.999998 -11.1092 -16.828 210.102 -0.02167 0.00109911 0.999684 2.00084 -2.12753 7.9929 3.28695 55.5117 
36822570 -9.40309 -17.6098 209.991 -0.00145313 0.000582587 0.999999 -9.82609 -17.3201 210.133 -0.0183892 -0.00152452 0.999789 2.00113 -2.1281 8.00243 3.34354 55.5022 
36910978 -8.44742 -18.1057 209.991 -0.00154034 0.000164454 0.999999 -8.45259 -17.9568 210.177 -0.0134795 -0.00117278 0.999783 2.00027 -2.12868 8.0056 3.39755 55.499 
36998001 -7.40866 -18.5403 209.993 -0.00159376 0.000289803 0.999999 -6.74062 -17.9641 210.253 -0.00497334 0.00231632 0.999859 2.00084 -2.12839 8.0056 3.45386 55.499 
37085476 -6.39152 -18.9182 209.995 -0.00129981 -1.44837e-005 0.999999 -4.95231 -18.4173 210.266 0.00454104 0.00414359 0.999854 2.00027 -2.12925 8.01354 3.50758 55.4911 
37172462 -5.31365 -19.2522 209.996 -0.00120422 -0.000206024 0.999999 -3.22844 -18.5382 210.245 0.0109125 0.00662927 0.999833 1.99969 -2.12954 8.0183 3.56359 55.4863 
37260787 -4.23719 -19.4522 210.006 -0.000444863 0.00054206 1 -2.55864 -18.8086 210.261 0.009517 0.00793437 0.999838 2.00228 -2.12983 8.02306 3.61645 55.4815 
37347853 -3.18407 -19.7125 209.996 -0.00112981 -0.000280455 0.999999 -1.96173 -19.1561 210.179 0.0031196 0.00496405 0.999912 1.99912 -2.12954 8.02783 3.67189 55.4768 
37435265 -2.13225 -19.8492 209.997 -0.00110324 -0.000269963 0.999999 -1.58017 -19.2698 210.187 -0.0025949 0.00330637 0.999953 1.99912 -2.12954 8.031 3.72475 55.4736 
37522310 -0.991484 -19.9389 209.999 -0.000858936 -0.000367644 1 -0.445111 -19.435 210.187 -0.00544789 0.00258537 0.999839 1.99883 -2.13011 8.03735 3.78163 55.4672 
37610671 0.078265 -19.9589 209.999 -0.000715223 -0.000253802 1 0.960323 -19.5168 210.168 -0.000786172 0.00284263 0.999971 1.99883 -2.1304 8.05005 3.83478 55.4545 
37697845 1.2123 -19.9239 210 -0.000564015 -0.000253741 1 2.68812 -19.2886 210.11 0.00707456 0.00351859 0.999876 1.99854 -2.13069 8.05957 3.89108 55.445 
37785368 2.2771 -19.8266 210.002 -0.000205974 -0.000216277 1 3.90539 -19.2408 210.083 0.00863953 0.00306822 0.999897 1.99854 -2.13126 8.06275 3.94365 55.4418 
37872236 3.40054 -19.6805 210 -6.0312e-005 -0.000430026 1 4.90424 -19.1822 210.058 0.00972348 0.00276575 0.99991 1.99768 -2.13155 8.06751 3.99996 55.4371 
37960535 4.44181 -19.4706 210 3.36169e-005 -0.000410447 1 6.04146 -18.7798 210.106 0.0100415 0.00188428 0.999878 1.99768 -2.13155 8.06751 4.05253 55.4371 
38047759 5.53642 -19.1872 210.001 0.00011979 -0.000392044 1 7.06784 -18.6105 210.069 0.00880331 0.00158764 0.999933 1.99768 -2.13155 8.06751 4.10855 55.4371 
38134962 6.56198 -18.8733 210.001 0.000326245 -0.000538743 1 8.0819 -18.3315 210.021 0.00952588 0.00141307 0.999816 1.99711 -2.13184 8.06751 4.16169 55.4371 
38222076 7.61177 -18.4699 210.001 0.000289619 -0.000445193 1 9.21358 -17.8201 210.057 0.0110779 0.000720389 0.999864 1.99739 -2.13155 8.06751 4.21742 55.4371 
38309319 8.59287 -18.042 210 0.000380807 -0.000519702 1 9.82038 -17.5189 210.013 0.00765883 0.000786382 0.999919 1.99711 -2.13155 8.06751 4.27057 55.4371 
38397626 9.58969 -17.5146 210.001 0.000150596 -0.000304288 1 10.4334 -17.0855 210.067 0.00442946 -0.000143569 0.999957 1.99797 -2.13097 8.06751 4.32658 55.4371 
38484859 10.5243 -16.9759 210.003 0.000455606 -0.000268152 1 11.0678 -16.5478 210.11 -0.000473795 -0.000374151 0.999949 1.99768 -2.13155 8.06751 4.38002 55.4371 
38572105 11.4822 -16.3247 210.018 0.00183344 0.000732593 0.999998 11.6679 -16.05 209.931 -0.00210659 0.00106548 0.999944 1.99826 -2.13471 8.06751 4.43517 55.4371 
38659238 12.2985 -15.7156 210.006 0.000369837 8.50117e-005 1 12.6066 -15.5236 210.081 -0.00355616 0.001388 0.999935 1.99854 -2.13155 8.06751 4.48832 55.4371 
38747451 13.1826 -14.9961 210.007 0.000752685 0.000171201 1 13.5487 -14.7806 210.096 -0.00431557 0.000930164 0.999877 1.99797 -2.13241 8.06751 4.54491 55.4371 
38834707 13.9664 -14.2691 210.009 0.000817033 0.000317546 1 14.4614 -13.9283 210.098 -0.0012751 0.000641905 0.999853 1.99797 -2.1327 8.0691 4.59806 55.4355 
38921988 14.7602 -13.4565 210.011 0.00140556 0.000727777 0.999999 15.3805 -13.3133 210.012 -0.000413257 0.000729583 0.99995 1.99768 -2.13413 8.06593 4.65379 55.4355 
39009148 15.4489 -12.6564 210.01 0.00144287 0.000965909 0.999998 16.0902 -12.4564 209.906 0.000276913 -5.07793e-005 0.9999 1.99797 -2.13442 8.06275 4.70607 55.4355 
39097343 16.1594 -11.7695 210.008 0.00161796 0.000883946 0.999998 16.6122 -11.6816 210.037 -0.00302027 8.52982e-006 0.999954 1.99711 -2.13471 8.06275 4.76295 55.4355 
39184643 16.7417 -10.8986 210.007 0.00108467 0.00088035 0.999999 16.9065 -10.9155 210.059 -0.00602186 0.00102374 0.999898 1.99797 -2.13385 8.06275 4.81552 55.4355 
39271938 17.3218 -9.92886 210.009 0.000857022 0.00110178 0.999999 17.3072 -10.0375 210.068 -0.00784355 0.00124516 0.999907 1.99854 -2.13385 8.06275 4.87182 55.4355 
39359176 17.8259 -8.99344 210.008 0.000658968 0.00101795 0.999999 17.9218 -8.93521 210.049 -0.00742954 -0.00012763 0.999927 1.99854 -2.13356 8.06275 4.92526 55.4355 
39447354 18.3056 -7.97489 210.007 0.000475129 0.000917342 0.999999 18.5209 -8.07691 209.944 -0.00683311 -0.000403367 0.999946 1.99854 -2.13327 8.06275 4.98185 55.4355 
39534511 18.6974 -7.00098 210.001 -9.07068e-005 0.000216366 1 19.0374 -6.95913 210.039 -0.00762713 -0.00148031 0.999833 1.99883 -2.13155 8.06275 5.03557 55.4355 
39621808 18.9903 -5.9379 210.01 -0.00118575 0.000718839 0.999999 19.1998 -5.95349 210.038 -0.00715258 -0.00174936 0.999854 2.00228 -2.13097 8.06275 5.08958 55.4355 
39708979 19.3615 -4.9164 209.991 -0.000529796 -0.000979207 0.999999 19.4856 -5.06912 210.048 -0.00860864 -0.00154799 0.999858 1.99854 -2.12925 8.06275 5.14703 55.4355 
39797479 19.6049 -3.76166 210.004 -0.000323354 0.000357052 1 19.4676 -3.81555 210.137 -0.0112027 -0.00202673 0.999836 1.99912 -2.13184 8.06275 5.20391 55.4355 
39884353 19.7729 -2.76339 209.988 -0.000928536 -0.00179309 0.999998 19.5539 -2.6945 210.126 -0.0138992 -0.00213531 0.999774 1.99912 -2.12753 8.06275 5.25792 55.4355 
39971635 19.8957 -1.69355 209.99 -0.0007304 -0.00146806 0.999999 19.2938 -1.54767 210.118 -0.0152939 -0.00304436 0.999776 1.99883 -2.12839 8.06116 5.31135 55.4355 
