833 22.0936 -22.0067 214.172 0.214019 -0.215322 0.952802 24.5013 -19.5389 214.608 0.206458 0.0169788 0.97819 -1.16172 2.56561 8.17387 6.07376 60.8282 0
85115 23.2218 -22.9899 213.593 0.210698 -0.210104 0.954706 24.5068 -19.5416 214.607 0.205862 0.017264 0.978293 -1.08847 2.59923 10.5059 6.03958 58.3581 0
173197 24.2353 -23.5671 213.074 0.205244 -0.199425 0.958178 24.4663 -20.0582 213.919 0.171446 0.0317414 0.984605 -1.0336 2.62307 12.6268 6.02005 56.0784 0
260522 24.8917 -23.7572 212.712 0.19795 -0.190284 0.961565 25.0217 -20.2326 213.566 0.159146 0.0445423 0.986218 -1.00573 2.63715 14.0492 6.0166 54.5005 0
347784 25.2341 -23.7271 212.478 0.188717 -0.185113 0.964427 25.5594 -20.281 213.432 0.149688 0.0581014 0.986979 -0.999415 2.6449 14.9176 6.02493 53.486 0
435028 25.4763 -23.4148 212.325 0.179256 -0.179578 0.967274 25.7914 -19.9371 213.155 0.13872 0.0658739 0.988089 -1.01091 2.6449 15.5034 6.04647 52.7494 0
523329 25.6444 -22.9452 212.231 0.17099 -0.174497 0.969697 26.2333 -19.5923 212.989 0.129332 0.073531 0.988819 -1.03159 2.64031 15.8463 6.07434 52.2621 0
610407 25.7524 -22.3263 212.172 0.162407 -0.169005 0.972142 26.4626 -18.9782 212.915 0.120175 0.0784767 0.989569 -1.06118 2.63169 16.0701 6.1091 51.8858 0
697648 25.8642 -21.6136 212.141 0.156088 -0.162243 0.974327 26.4521 -18.2336 212.722 0.113234 0.0813292 0.990125 -1.0922 2.6202 16.1908 6.1453 51.6239 0
784860 25.9183 -20.8686 212.127 0.148744 -0.155952 0.976501 26.6615 -17.4937 212.751 0.106986 0.0858497 0.990505 -1.12581 2.60813 16.2796 6.1835 51.3937 0
873089 25.9417 -20.1523 212.109 0.142075 -0.150404 0.978363 26.7559 -16.8894 212.685 0.10035 0.0924451 0.990564 -1.15741 2.59664 16.3193 6.2197 51.2112 0
960266 25.96 -19.3303 212.112 0.135812 -0.143504 0.980287 26.8479 -16.0536 212.708 0.0953084 0.0991918 0.990461 -1.1916 2.58285 16.3257 6.25934 51.0667 0
1047463 25.9601 -18.5741 212.112 0.130002 -0.137392 0.981948 26.8036 -15.1195 212.616 0.0933553 0.106709 0.989746 -1.22205 2.5705 16.3241 0.0123526 50.9381 0
1134758 25.9746 -17.8214 212.102 0.124616 -0.131791 0.983413 26.769 -14.1716 212.633 0.0905345 0.113928 0.989319 -1.24991 2.55929 16.3178 0.0479742 50.8127 0
1223036 25.9803 -17.0633 212.092 0.119138 -0.126984 0.984724 26.7378 -13.2258 212.539 0.0871767 0.120189 0.988872 -1.27692 2.54895 16.2987 0.0841703 50.7016 0
1310309 26.0049 -16.2046 212.098 0.114535 -0.11941 0.986216 26.926 -12.5246 212.467 0.0830232 0.127694 0.98819 -1.3045 2.53574 16.2892 0.12209 50.592 0
1397394 25.9911 -15.4837 212.103 0.109326 -0.115586 0.987263 26.7834 -11.57 212.486 0.0798271 0.134787 0.987535 -1.32834 2.52683 16.2654 0.156563 50.5111 0
1484595 26.001 -14.7323 212.095 0.105139 -0.110773 0.988269 26.7475 -10.7418 212.405 0.0763813 0.14177 0.986895 -1.35046 2.51735 16.24 0.190748 50.4253 0
1572901 26.0006 -13.9475 212.091 0.100412 -0.106018 0.989281 26.7309 -9.77429 212.422 0.0716211 0.146873 0.98646 -1.37287 2.50787 16.2304 0.226657 50.3253 0
1660177 26.0086 -13.1614 212.093 0.0958684 -0.101383 0.990218 26.583 -9.04598 212.353 0.0676561 0.153262 0.985764 -1.39355 2.49897 16.2352 0.262278 50.2253 0
1747385 26.0038 -12.4173 212.101 0.0917471 -0.0971476 0.991032 26.5795 -8.18135 212.378 0.0608994 0.157505 0.985566 -1.41251 2.49064 16.232 0.295889 50.1459 0
1834501 25.9947 -11.6707 212.103 0.0877559 -0.0933948 0.991754 26.3677 -7.4959 212.31 0.051232 0.157173 0.986109 -1.43061 2.48288 16.2257 0.329787 50.0682 0
1945322 26.2241 -7.02257 212.315 0.044244 0.154108 0.987063 26.17 -6.47337 212.434 0.0421458 0.158747 0.986333 -1.44152 2.47972 16.4416 0.349608 49.7602 0
2072721 25.9463 -7.37918 212.262 0.0272199 0.137668 0.990104 25.3225 -7.77767 212.444 0.0038662 0.11295 0.993513 -1.43463 2.49064 16.7511 0.330936 49.3681 0
2199947 25.718 -7.64137 212.241 0.0136017 0.117398 0.992992 25.2509 -8.02604 212.358 -0.00235191 0.103288 0.99456 -1.42975 2.49983 16.7527 0.336681 49.2935 0
2325724 25.6737 -7.23696 212.197 0.00336439 0.104196 0.994551 25.4055 -7.68544 212.322 -0.00523329 0.101851 0.994745 -1.4309 2.50759 16.6178 0.36943 49.3395 0
2452957 25.6703 -6.41611 212.188 -0.0028624 0.0982195 0.995161 25.724 -6.55999 212.319 -0.00947535 0.100105 0.994857 -1.4398 2.5096 16.3495 0.41367 49.5221 0
2580049 25.8631 -5.32728 212.174 -0.00701226 0.0911922 0.995809 26.0364 -5.44215 212.317 -0.0130662 0.0991783 0.994879 -1.44354 2.51506 15.9828 0.466815 49.8078 0
2705303 25.9439 -4.3087 212.212 -0.0129336 0.0834539 0.996428 25.8522 -4.79777 212.377 -0.0272836 0.0686578 0.997127 -1.45359 2.5185 15.543 0.521684 50.1523 0
2831356 25.9666 -3.30055 212.258 -0.0198898 0.0690382 0.997416 26.0419 -4.20672 212.442 -0.0337651 0.041472 0.99844 -1.46336 2.51822 15.0255 0.580574 50.5397 0
2957696 25.8567 -2.91391 212.33 -0.0290834 0.0351727 0.998958 25.8478 -3.14693 212.349 -0.0321807 0.0241471 0.999149 -1.47772 2.52511 14.4699 0.638028 50.9206 0
3085069 25.9204 -1.58485 212.254 -0.0287587 0.0244634 0.999287 25.7597 -2.01743 212.248 -0.0294305 0.0106558 0.999462 -1.48174 2.52396 14.0699 0.701802 51.1683 0
3211088 25.8944 -0.196817 212.193 -0.0264738 0.0205866 0.999438 25.6894 -0.616958 212.227 -0.0266578 0.00499561 0.999491 -1.48174 2.52051 13.8254 0.759831 51.3461 0
3338127 25.8888 1.11335 212.153 -0.0246677 0.0159387 0.999569 25.622 0.74934 212.094 -0.0243702 0.00182846 0.999648 -1.47628 2.52367 13.7666 0.81154 51.3874 0
3465061 25.8756 2.25768 212.11 -0.0225548 0.0126969 0.999665 25.5735 2.01556 212.196 -0.0243471 -0.000142866 0.999597 -1.46824 2.52884 13.7651 0.854343 51.389 0
3590546 25.8407 3.38479 212.078 -0.0199144 0.0083838 0.999767 25.3861 3.02923 212.098 -0.022902 -0.000580059 0.999619 -1.4556 2.53832 13.8206 0.895997 51.354 0
3717890 25.77 4.57048 212.032 -0.0147379 0.00252672 0.999888 25.1113 4.40001 212.08 -0.02211 -0.00184803 0.99961 -1.41969 2.56332 14.1508 0.929321 51.1969 0
3844127 25.2286 5.68523 212.05 -0.0177854 -0.00072907 0.999842 24.9445 5.57759 211.972 -0.0222947 -0.00798042 0.999606 -1.32087 2.62393 16.132 0.914383 50.0062 0
3970995 26.0689 6.86647 212.227 -0.024403 -0.0182963 0.999535 26.7519 6.74582 212.528 -0.0305212 -0.0281459 0.999023 -1.22894 2.67047 18.4577 0.887379 48.4965 0
4099014 26.5335 7.84193 212.359 -0.0280092 -0.0269141 0.999245 27.1782 7.67353 212.55 -0.0355384 -0.0330877 0.998727 -1.21142 2.6788 18.7006 0.918692 48.2425 0
4226245 26.5173 8.99505 212.335 -0.0293797 -0.0290177 0.999147 27.0066 8.82363 212.553 -0.0350277 -0.0350834 0.998672 -1.20395 2.68052 18.7435 0.957473 48.0949 0
4351349 26.3968 10.1493 212.273 -0.0290657 -0.0298041 0.999133 26.7038 9.97024 212.445 -0.0325705 -0.0372861 0.998731 -1.19275 2.68311 18.8149 0.991659 47.9457 0
4478721 26.2746 11.3713 212.222 -0.0286068 -0.028626 0.999181 26.5278 11.2173 212.327 -0.0311886 -0.0389605 0.998631 -1.17494 2.68656 18.9594 1.02153 47.7631 0
4605123 26.2102 12.4299 212.183 -0.0265069 -0.0313862 0.999156 26.3417 12.3272 212.217 -0.0292968 -0.0378148 0.998735 -1.15282 2.69345 19.1102 1.04567 47.598 0
4732128 26.1108 13.6172 212.126 -0.0263229 -0.0303653 0.999192 26.1677 13.4273 212.108 -0.0286966 -0.0356193 0.998877 -1.12782 2.69862 19.2991 1.06893 47.4091 0
4859376 26.0025 14.7556 212.087 -0.0267124 -0.0280052 0.999251 25.8856 14.5134 211.999 -0.0284792 -0.0313129 0.999061 -1.10025 2.7035 19.4753 1.08732 47.2599 0
4988235 25.9136 15.8765 212.061 -0.0264688 -0.0260366 0.999311 25.7357 15.8276 211.978 -0.029123 -0.0270971 0.999144 -1.06434 2.71097 19.669 1.10111 47.1519 0
5113108 25.8252 17.016 212.023 -0.027485 -0.0227771 0.999363 25.5927 16.9849 211.858 -0.0312896 -0.0191201 0.999246 -1.02527 2.71902 19.8833 1.11231 47.0567 0
5238439 25.7047 18.172 212.005 -0.02921 -0.0173271 0.999423 25.3454 18.2686 211.839 -0.0334502 -0.0110218 0.999335 -0.981317 2.72878 20.0912 1.11892 47.0202 0
5365950 25.6125 19.3359 211.994 -0.0318554 -0.0101319 0.999441 25.2284 19.5398 211.931 -0.0374721 -0.00100595 0.999262 -0.931619 2.74056 20.3246 1.12007 47.0011 0
5493095 25.4781 20.6056 212.016 -0.0364181 4.29346e-005 0.999337 25.1338 20.7786 211.915 -0.0440706 0.0113159 0.998876 -0.87675 2.75493 20.585 1.11978 46.9948 0
5619719 25.3459 21.8576 212.035 -0.0425199 0.0113616 0.999031 24.813 22.1705 212.002 -0.0495549 0.0214902 0.998441 -0.819009 2.77245 20.8723 1.11432 46.9773 0
5747116 25.3228 22.9268 212.045 -0.0507928 0.0241154 0.998418 24.8286 23.3089 211.999 -0.0566097 0.0320838 0.997742 -0.755809 2.79543 21.3088 1.09651 46.8424 0
5872107 25.2585 24.1499 212.07 -0.0554784 0.0326169 0.997927 24.8456 24.3585 212.118 -0.0642135 0.0414765 0.997047 -0.685715 2.83191 21.8359 1.07755 46.6233 0
6006069 25.2192 25.0883 212.117 -0.0599427 0.038659 0.997453 25.0268 25.1491 212.264 -0.0672589 0.0417263 0.996822 -0.61045 2.8819 22.69 1.05342 46.1042 0
6141220 25.1357 25.614 212.155 -0.0616106 0.035489 0.997469 25.3894 25.7758 212.202 -0.0673665 0.0321847 0.997154 -0.588905 2.90143 22.917 1.05601 45.9264 0
6273090 24.6153 25.9504 212.171 -0.0606273 0.0289454 0.997741 24.9593 26.2828 212.272 -0.0665478 0.0289694 0.997338 -0.614472 2.88765 22.5106 1.09105 46.1836 0
6399974 23.7038 26.2057 212.167 -0.0611036 0.0285315 0.997724 24.5485 26.7651 212.345 -0.0678003 0.0283998 0.997167 -0.657275 2.85748 21.8915 1.13644 46.6106 0
6525670 22.6605 26.3333 212.172 -0.0619962 0.0295685 0.997638 23.641 26.7921 212.352 -0.0661148 0.0302977 0.997323 -0.714442 2.81841 21.285 1.18815 47.0138 0
6652415 21.7109 26.3766 212.169 -0.0606779 0.0300554 0.997705 22.5806 27.0293 212.345 -0.0707906 0.0346547 0.996838 -0.775056 2.78394 20.7231 1.24043 47.3583 0
6778129 20.5876 26.4164 212.16 -0.0618688 0.0318698 0.997575 21.5095 27.0472 212.249 -0.0756616 0.03755 0.996377 -0.8463 2.74803 20.2167 1.30105 47.6187 0
6905010 19.6387 26.3425 212.171 -0.0606126 0.0295237 0.997725 20.0903 27.1287 212.266 -0.0788902 0.0365807 0.996153 -0.909499 2.72476 19.7229 1.35649 47.879 0
7032980 18.507 26.3076 212.165 -0.0611126 0.0286079 0.997721 19.0374 26.7932 212.315 -0.0758981 0.0303377 0.996604 -0.97672 2.70178 19.053 1.42084 48.2679 0
7158580 17.3762 26.1655 212.181 -0.0584238 0.0234214 0.998017 17.9318 26.4707 212.251 -0.0674094 0.0215209 0.997351 -1.04251 2.68282 18.2815 1.48864 48.7616 0
7285191 16.3226 25.9833 212.179 -0.0521971 0.0163828 0.998502 16.802 26.1431 212.297 -0.0561439 0.0144258 0.998255 -1.10341 2.66731 17.3766 1.55758 49.3538 0
7412074 15.1714 25.9082 212.146 -0.0468534 0.0125901 0.998822 15.4198 25.7822 212.124 -0.0420696 0.00975629 0.999001 -1.15942 2.6495 16.3844 1.62911 50.0285 0
7538430 13.891 25.8393 212.124 -0.0399368 0.00963286 0.999156 13.9669 25.5167 212.056 -0.0316155 0.00853965 0.999336 -1.20884 2.63255 15.4827 1.70179 50.6698 0
7665319 12.7545 25.7515 212.096 -0.0287106 0.00558905 0.999572 12.5339 25.3557 211.978 -0.0227165 0.00800895 0.999625 -1.24158 2.62451 14.789 1.76499 51.1635 0
7792362 11.5793 25.7087 212.092 -0.0215472 0.00410777 0.999759 11.3712 25.4091 211.987 -0.0175689 0.008262 0.99977 -1.27002 2.61531 14.281 1.82331 51.535 0
7918505 10.3161 25.7684 212.082 -0.0183685 0.00448582 0.999821 9.98618 25.3684 212.012 -0.0130641 0.00791491 0.999738 -1.29444 2.60526 13.8809 1.88105 51.8303 0
8044292 9.24788 25.7519 212.081 -0.0116323 0.00287529 0.999928 8.83109 25.2969 211.921 -0.00948932 0.00848994 0.999874 -1.31197 2.60124 13.6063 1.93161 52.0319 0
8171991 8.18291 25.7567 212.08 -0.00564506 0.00221031 0.999982 7.80784 25.2414 211.942 -0.00792828 0.00792532 0.999906 -1.32518 2.59865 13.3666 1.98102 52.2113 0
8298397 7.05987 25.8011 212.075 -0.00372176 0.00295116 0.999989 6.67414 25.4216 212.053 -0.00513026 0.00766365 0.999891 -1.33667 2.59434 13.1666 2.02928 52.3637 0
8426054 5.84855 25.8504 212.089 -0.00382177 0.00367133 0.999986 5.42805 25.2638 212.087 -0.00416688 0.00737219 0.999906 -1.35046 2.58745 12.9935 2.08013 52.4954 0
8553196 4.73893 25.844 212.101 -0.00336233 0.0040453 0.999986 4.52626 25.1977 212.107 -0.00367923 0.00734778 0.999901 -1.36138 2.58228 12.8634 2.12667 52.5907 0
8679253 3.53998 25.9096 212.09 -0.00556421 0.00499732 0.999972 3.28603 25.1352 212.019 -0.00293585 0.00755382 0.99987 -1.3654 2.57854 12.7887 2.17177 52.6478 0
8805601 2.45165 25.8662 212.084 -0.00218111 0.00491619 0.999986 2.27395 25.1916 212.028 -0.00199032 0.00689839 0.999921 -1.36827 2.5794 12.7268 2.21744 52.6923 0
8933205 1.39828 25.8552 212.081 -0.00226635 0.00519331 0.999984 1.14984 25.1255 211.939 -0.0017465 0.00688618 0.999918 -1.36827 2.5794 12.7173 2.25737 52.7018 0
9059329 0.309269 25.8503 212.075 -0.00230225 0.00550339 0.999982 0.139401 25.0771 212.071 -0.00138672 0.00674655 0.999927 -1.36482 2.58113 12.7284 2.2973 52.7034 0
9185658 -0.810457 25.8674 212.077 -0.00133199 0.00624596 0.99998 -1.09449 25.0288 212.094 -0.00114885 0.00661303 0.999936 -1.35506 2.58659 12.7554 2.33637 52.7082 0
9312240 -1.89886 25.8417 212.085 -0.00131573 0.00669854 0.999977 -2.20301 25.0721 211.994 -0.00199628 0.00677706 0.999933 -1.34644 2.59089 12.7983 2.37343 52.7002 0
9438549 -2.98582 25.8366 212.082 -0.000711686 0.00715615 0.999974 -3.21525 24.8935 212.026 -0.00220438 0.00751721 0.999863 -1.33351 2.59779 12.8856 2.40848 52.6606 0
9564892 -4.10436 25.8313 212.085 -0.00123557 0.00734792 0.999972 -4.55512 24.8471 212.051 -0.0025582 0.00777816 0.999842 -1.31771 2.60526 13.0237 2.44151 52.5875 0
9690771 -5.24663 25.821 212.079 -0.000856937 0.00797796 0.999968 -5.88666 24.7846 211.963 -0.00398363 0.00859135 0.999905 -1.29731 2.61531 13.1761 2.47225 52.5034 0
9818888 -6.39281 25.7864 212.07 -0.00142697 0.00832726 0.999964 -7.00073 24.7146 211.874 -0.00481915 0.00899803 0.999877 -1.27462 2.62565 13.3698 2.49897 52.397 0
9944654 -7.52454 25.7483 212.057 -0.0020418 0.00862081 0.999961 -8.23173 24.6323 211.786 -0.00506818 0.0113455 0.999894 -1.24819 2.63743 13.6174 2.5208 52.2621 0
10071748 -8.713 25.7136 212.04 -0.00316278 0.00905892 0.999954 -9.24148 24.6669 211.796 -0.00437348 0.0130256 0.99984 -1.21602 2.65093 13.9349 2.53718 52.0986 0
10198173 -9.83368 25.6834 212.044 -0.00357629 0.00976012 0.999946 -10.362 24.8384 211.908 -0.00299672 0.0136864 0.999755 -1.18097 2.6653 14.2921 2.54665 51.9319 0
10326102 -10.9728 25.6646 212.047 -0.00376343 0.0103131 0.99994 -11.3367 25.0072 212.018 -0.00530114 0.014045 0.999753 -1.14248 2.68081 14.7366 2.55269 51.6985 0
10452786 -12.0636 25.6816 212.053 -0.00492123 0.0103058 0.999935 -12.3143 25.071 212.027 -0.00806239 0.01259 0.999815 -1.10283 2.69604 15.2033 2.55556 51.4398 0
10578087 -13.1177 25.6923 212.066 -0.00664407 0.0099363 0.999929 -13.2689 25.2563 212.026 -0.0127154 0.00998925 0.999773 -1.0629 2.71126 15.6558 2.55786 51.1873 0
10704674 -14.2694 25.7327 212.074 -0.0088429 0.0092369 0.999918 -14.2304 25.4398 212.026 -0.0166251 0.00759455 0.999699 -1.0155 2.72993 16.1558 2.55815 50.9111 0
10831829 -15.3597 25.8275 212.112 -0.0128693 0.00660117 0.999895 -15.2794 25.7704 212.126 -0.0223523 0.00307741 0.999617 -0.970401 2.74717 16.6686 2.55872 50.6222 0
10960120 -16.4146 25.9129 212.149 -0.0166434 0.00372117 0.999855 -16.3534 25.7527 212.259 -0.0271392 0.000240124 0.9996 -0.92415 2.76613 17.1893 2.55872 50.3047 0
11086389 -17.5487 25.9405 212.147 -0.0207936 0.00100761 0.999783 -17.4408 25.9257 212.149 -0.029678 -0.00161508 0.999453 -0.873016 2.78854 17.7275 2.55872 49.9523 0
11213846 -18.6132 25.9471 212.143 -0.0238351 -0.00132178 0.999715 -18.5304 25.9125 212.172 -0.032961 -0.00613293 0.999335 -0.820445 2.8141 18.3164 2.55728 49.5586 0
11341253 -19.6771 25.9249 212.137 -0.0250935 -0.0031352 0.99968 -19.5328 26.0039 212.183 -0.0330606 -0.0105548 0.999283 -0.760693 2.84858 19.0324 2.55384 49.0633 0
11468574 -20.81 25.9772 212.135 -0.0260858 -0.00605326 0.999641 -20.7311 26.0715 212.191 -0.0240773 -0.0118315 0.999523 -0.70209 2.88391 19.7801 2.55269 48.5172 0
11595926 -21.915 26.0118 212.13 -0.0238892 -0.00750143 0.999686 -21.8938 25.9369 212.224 -0.0200906 -0.0152175 0.999554 -0.643199 2.9247 20.558 2.55269 47.9361 0
11722411 -22.9819 26.0372 212.15 -0.0174936 -0.0085863 0.99981 -22.8204 25.9395 212.229 -0.00436906 -0.0112979 0.999793 -0.590054 2.96435 21.2517 2.55556 47.39 0
11848729 -23.9786 25.9631 212.166 -0.00718023 -0.00781872 0.999944 -23.7264 25.8279 212.248 0.00855689 -0.00701949 0.999793 -0.541218 3.00083 21.8518 2.56245 46.8963 0
11974865 -24.8198 25.6688 212.206 0.00551587 -0.00525525 0.999971 -24.7185 25.4951 212.179 0.0174163 -0.00340095 0.999795 -0.509618 3.0241 22.2328 2.57596 46.5439 0
12099560 -25.3417 25.1003 212.174 0.0122626 -0.00421406 0.999916 -25.3435 25.1653 212.219 0.0229269 -0.00073362 0.999696 -0.509331 3.0241 22.2883 2.59808 46.4614 0
12227770 -25.6939 24.3078 212.158 0.0166006 -0.00364352 0.999856 -25.9431 24.4024 212.191 0.0231886 -0.000381851 0.999657 -0.528291 3.01175 22.2217 2.62881 46.4645 0
12354366 -25.9339 23.4295 212.144 0.017893 -0.00457398 0.999829 -26.4234 23.7695 212.261 0.023377 -0.00149799 0.999642 -0.559316 2.9902 22.0486 2.66415 46.5614 0
12481934 -25.9639 22.4274 212.167 0.0233566 -0.00150538 0.999726 -26.6711 23.1374 212.33 0.0225229 -0.00391189 0.999648 -0.607865 2.96291 21.7629 2.70954 46.7455 0
12608402 -26.3035 21.4549 212.185 0.0211504 -0.00412179 0.999768 -27.0305 22.1107 212.444 0.0193569 -0.0110018 0.99966 -0.657563 2.9293 21.3581 2.76125 46.9948 0
12735037 -26.4824 20.3723 212.205 0.0175991 -0.00917259 0.999803 -27.6114 20.9636 212.459 0.015265 -0.0170602 0.999706 -0.733402 2.87931 20.7612 2.82847 47.3234 0
12861361 -26.5421 19.1686 212.187 0.0134344 -0.0136463 0.999817 -27.6479 19.3359 212.404 0.0100604 -0.0233304 0.999544 -0.820158 2.82646 20.0404 2.90459 47.7234 0
12988382 -26.4456 17.9608 212.169 0.0115867 -0.0148197 0.999823 -27.5663 17.8157 212.337 0.00472205 -0.0298372 0.999408 -0.896859 2.78681 19.3769 2.97498 48.1076 0
13115810 -26.3037 16.7911 212.156 0.0105457 -0.0154266 0.999825 -27.526 16.288 212.38 0.00400694 -0.0343499 0.999374 -0.962931 2.75579 18.7974 3.0399 48.4537 0
13241985 -26.0832 15.653 212.156 0.0117232 -0.0140151 0.999833 -27.2807 15.1262 212.376 0.00756278 -0.0316942 0.999427 -1.02297 2.73137 18.2783 3.10224 48.7648 0
13368187 -25.9834 14.555 212.152 0.0128631 -0.0125061 0.999839 -27.0235 13.8824 212.384 0.0092499 -0.0321556 0.999325 -1.06922 2.71356 17.8545 3.1594 49.0204 0
13495037 -26.0057 13.4116 212.14 0.0120922 -0.0130132 0.999842 -26.7865 12.5765 212.39 0.0131075 -0.0259396 0.999512 -1.108 2.6969 17.4433 3.21628 49.2808 0
13620883 -26.068 12.2295 212.128 0.0112316 -0.0134284 0.999847 -26.9758 11.4129 212.279 0.0152677 -0.0218642 0.999568 -1.14219 2.68196 17.0417 3.27345 49.5443 0
13748218 -26.1033 11.0505 212.124 0.0101586 -0.0144736 0.999844 -26.8238 10.2565 212.386 0.0170502 -0.018013 0.999652 -1.17666 2.66616 16.6226 3.33148 49.8253 0
13874950 -26.1179 9.98105 212.121 0.00919047 -0.0152803 0.999841 -26.8833 8.99771 212.397 0.016831 -0.0150589 0.999608 -1.20682 2.65208 16.2193 3.38405 50.0983 0
13999810 -26.1072 8.86148 212.12 0.00885956 -0.0149495 0.999849 -26.7119 7.93634 212.272 0.0167473 -0.0118562 0.99966 -1.23641 2.63887 15.8145 3.43921 50.3698 0
14127074 -26.1053 7.70382 212.12 0.0083144 -0.0147661 0.999856 -26.6586 6.67406 212.281 0.016396 -0.00912666 0.999763 -1.26399 2.62594 15.4097 3.49551 50.646 0
14253519 -26.1016 6.61924 212.116 0.00757092 -0.0154162 0.999852 -26.4848 5.5235 212.388 0.0158247 -0.00589957 0.999821 -1.28898 2.6133 15.0382 3.54866 50.8952 0
14379821 -26.0376 5.5432 212.115 0.0077639 -0.0129343 0.999886 -26.4108 4.59202 212.254 0.0148127 -0.0041341 0.999783 -1.3111 2.60411 14.6953 3.60209 51.127 0
14506298 -26.0027 4.46442 212.109 0.00767426 -0.0102523 0.999918 -26.2325 3.44011 212.362 0.0137597 -0.000761281 0.999833 -1.32748 2.5975 14.4048 3.65322 51.3239 0
14633051 -26.026 3.3046 212.11 0.00726425 -0.00992736 0.999924 -26.1671 2.2855 212.25 0.0125097 0.00113772 0.999786 -1.34069 2.59061 14.1778 3.70493 51.4826 0
14759017 -25.9573 2.26277 212.109 0.00758863 -0.00484582 0.999959 -26.0974 1.24065 212.125 0.0113895 0.00316395 0.999848 -1.34874 2.58975 14.0191 3.75176 51.5938 0
14884088 -25.9687 1.14624 212.107 0.00755087 -0.0035129 0.999965 -26.033 0.113895 212.235 0.0105974 0.00443192 0.999857 -1.35305 2.58802 13.9349 3.79657 51.6509 0
15009736 -25.9915 0.0517668 212.101 0.0070643 -0.00303059 0.99997 -26.0834 -1.02735 212.234 0.00997669 0.0066764 0.999889 -1.35218 2.58802 13.8809 3.8365 51.6938 0
15135955 -25.9243 -1.01458 212.094 0.006426 0.00140929 0.999978 -25.8921 -2.05568 212.221 0.00793992 0.00750807 0.999837 -1.34845 2.59233 13.846 3.87586 51.7271 0
15262167 -25.9136 -2.15265 212.089 0.00534156 0.00336618 0.99998 -25.9387 -3.07449 212.209 0.00750169 0.00851509 0.999866 -1.33753 2.59836 13.873 3.91148 51.7303 0
15387725 -25.918 -3.24215 212.09 0.00419464 0.00334143 0.999986 -25.9804 -4.08889 212.198 0.00655021 0.0090492 0.999828 -1.32374 2.6044 13.9254 3.94222 51.7303 0
15514923 -25.8767 -4.31127 212.097 0.00265353 0.00662752 0.999975 -26.1313 -4.97871 212.176 0.00592279 0.00871574 0.99987 -1.30392 2.61589 14.0397 3.96979 51.7017 0
15641209 -25.8762 -5.39884 212.097 0.00124139 0.0092038 0.999957 -26.3816 -5.8726 212.156 0.00400197 0.00941999 0.999828 -1.27864 2.62968 14.2365 3.99306 51.6065 0
15767477 -25.9107 -6.54845 212.094 -2.96486e-005 0.00782106 0.999969 -26.306 -7.00533 212.153 0.00183912 0.0101485 0.999911 -1.25135 2.64145 14.427 4.01518 51.5287 0
15894856 -25.9103 -7.65544 212.083 -0.00141471 0.0092509 0.999956 -26.5501 -7.91286 212.022 -0.000923178 0.0111381 0.999854 -1.22205 2.65639 14.6779 4.03529 51.3953 0
16020322 -25.9388 -8.76462 212.086 -0.00250749 0.00971529 0.99995 -26.7824 -8.83276 212.002 -0.00478193 0.0146392 0.999809 -1.1916 2.67104 14.9668 4.05396 51.2429 0
16147163 -25.9896 -9.90987 212.083 -0.00325741 0.01021 0.999943 -26.9255 -9.84244 212.103 -0.00664737 0.0164474 0.99978 -1.15942 2.68627 15.316 4.07264 51.0318 0
16273815 -26.0426 -10.9937 212.089 -0.0040162 0.0108107 0.999933 -27.0786 -10.8468 212.093 -0.00762267 0.0164962 0.99979 -1.12725 2.70149 15.6701 4.08901 50.819 0
16400030 -26.0818 -12.1112 212.098 -0.00444213 0.0106736 0.999933 -27.0127 -11.9686 212.092 -0.00874548 0.0160538 0.999728 -1.09536 2.71586 16.0288 4.10625 50.5984 0
16526485 -26.092 -13.1827 212.094 -0.00487639 0.0106844 0.999931 -27.0735 -13.184 212.102 -0.00883063 0.0143433 0.999775 -1.06463 2.72993 16.3749 4.12291 50.3745 0
16652897 -26.1036 -14.3384 212.097 -0.00454125 0.00893623 0.99995 -27.0018 -14.3039 212.1 -0.0105749 0.0136887 0.999743 -1.03073 2.74401 16.7511 4.139 50.1348 0
16778163 -26.1033 -15.4529 212.106 -0.00470289 0.0092051 0.999947 -26.9411 -15.2984 212.087 -0.010562 0.0114868 0.999838 -0.994531 2.76096 17.1766 4.15279 49.8586 0
16903948 -26.1166 -16.5491 212.116 -0.00457031 0.0085249 0.999953 -26.79 -16.404 212.084 -0.00886785 0.00870208 0.999843 -0.954601 2.77934 17.6163 4.16255 49.5713 0
17030644 -26.1076 -17.6487 212.117 -0.00435766 0.00776759 0.99996 -26.7562 -17.6211 212.204 -0.00695894 0.00775518 0.999909 -0.912372 2.79945 18.0545 4.17031 49.2792 0
17157221 -26.0931 -18.7837 212.121 -0.00351098 0.00627492 0.999974 -26.5971 -18.75 212.201 -0.00611747 0.00746982 0.999925 -0.864685 2.82215 18.5291 4.17462 48.9664 0
17283222 -26.0641 -19.9031 212.122 -0.00245194 0.00548017 0.999982 -26.4434 -19.8717 212.199 -0.00470395 0.00641399 0.999886 -0.813838 2.84771 19.0387 4.17605 48.6156 0
17410060 -26.0239 -21.0545 212.131 -0.000968979 0.00373961 0.999993 -26.5143 -21.1083 212.209 -0.00369709 0.00698381 0.999937 -0.753798 2.87845 19.5848 4.17146 48.2632 0
17536622 -26.0025 -22.1432 212.117 0.000168766 0.00277313 0.999996 -26.5754 -22.1229 212.198 -0.00257011 0.00753552 0.999866 -0.686002 2.91551 20.1801 4.16025 47.8711 0
17662301 -25.9971 -23.251 212.11 0.000825263 0.0026332 0.999996 -26.5028 -23.2916 212.086 -0.00460019 0.0109451 0.999804 -0.596661 2.96693 20.939 4.13871 47.4075 0
17789629 -26.1238 -24.3807 212.138 -0.000980226 0.00585673 0.999982 -26.8639 -24.5815 212.323 -0.00798869 0.0214157 0.999677 -0.444121 3.0534 22.1709 4.09447 46.8059 0
17916236 -26.418 -25.3667 212.305 -0.00889259 0.0219194 0.99972 -27.1011 -25.9921 212.573 -0.0133135 0.0323239 0.999289 -0.403615 3.07581 22.5265 4.10108 46.563 0
18042190 -25.7077 -25.8839 212.28 -0.00932558 0.0246538 0.999653 -26.5782 -26.4697 212.5 -0.0121182 0.0317776 0.999326 -0.461357 3.05024 22.2518 4.14819 46.5534 0
18167746 -24.7296 -26.0605 212.23 -0.00788367 0.0267468 0.999611 -25.5429 -26.9392 212.531 -0.00592168 0.0285485 0.999554 -0.537484 3.01376 21.9391 4.20536 46.5884 0
18293771 -23.5993 -26.2118 212.218 -0.00493089 0.027418 0.999612 -24.1155 -27.4187 212.449 0.00589215 0.0228128 0.99958 -0.624814 2.96693 21.4644 4.27286 46.7693 0
18421043 -22.4847 -26.3298 212.208 -0.00267696 0.0274882 0.999619 -23.0623 -27.517 212.44 0.000527738 0.0279825 0.999515 -0.708697 2.91896 20.9072 4.3421 47.0424 0
18547458 -21.346 -26.3478 212.203 -0.00158358 0.0270886 0.999632 -21.9618 -27.5619 212.428 0.002059 0.0268112 0.999608 -0.791431 2.8707 20.2833 4.41219 47.3932 0
18673931 -20.1158 -26.3301 212.186 -6.0716e-005 0.0252215 0.999682 -20.4368 -27.6028 212.413 0.00589215 0.0228128 0.99958 -0.868419 2.82646 19.642 4.48085 47.7695 0
18800393 -18.9235 -26.2772 212.164 0.000858233 0.0235406 0.999723 -19.1366 -27.6494 212.287 0.00975864 0.019445 0.999733 -0.932194 2.79227 19.0705 4.54118 48.1124 0
18926309 -17.8018 -26.1919 212.157 -7.26937e-005 0.0236268 0.999721 -17.9269 -27.6997 212.276 0.0115319 0.0182495 0.999703 -0.987637 2.76613 18.5545 4.59604 48.4394 0
19054857 -16.6675 -26.0889 212.154 -0.00138026 0.0242587 0.999705 -16.8 -27.6483 212.254 0.0108183 0.0186501 0.999674 -1.03906 2.74344 18.0751 4.65034 48.7442 0
19181040 -15.5711 -26.0457 212.145 -0.00237441 0.0243965 0.9997 -15.7647 -27.4857 212.222 0.00854548 0.0196273 0.999733 -1.081 2.72505 17.6608 4.70147 49.0093 0
19306392 -14.4658 -26.0508 212.124 -0.00366993 0.0241078 0.999703 -14.7252 -27.538 212.324 0.00482575 0.0210297 0.999649 -1.11691 2.70954 17.2623 4.75203 49.2617 0
19435333 -13.3085 -26.0752 212.121 -0.00395601 0.0230285 0.999727 -13.6843 -27.4945 212.192 0.00119221 0.0216981 0.999636 -1.15109 2.69374 16.8654 4.80518 49.5332 0
19562495 -12.2155 -26.1134 212.123 -0.00535981 0.0223173 0.999737 -12.6497 -27.6453 212.304 -0.00259301 0.0217659 0.999685 -1.18068 2.68081 16.4908 4.85631 49.7951 0
19688544 -11.0814 -26.1365 212.116 -0.00528708 0.0209553 0.999766 -11.4974 -27.5848 212.282 -0.00604406 0.0211968 0.99967 -1.21113 2.66616 16.1177 4.91032 50.0428 0
19815112 -9.92087 -26.162 212.109 -0.00446368 0.0195493 0.999799 -10.3562 -27.635 212.271 -0.00888554 0.0205972 0.999648 -1.2413 2.65093 15.7621 4.96662 50.2714 0
19941186 -8.82118 -26.1418 212.112 -0.00452386 0.018584 0.999817 -9.21821 -27.6817 212.26 -0.0113792 0.0196153 0.999659 -1.27089 2.63657 15.4097 5.02178 50.5031 0
20067600 -7.71431 -26.1446 212.11 -0.00443907 0.017547 0.999836 -7.97376 -27.627 212.238 -0.0127517 0.0190637 0.999611 -1.29789 2.62307 15.0811 5.07722 50.7143 0
20193636 -6.61146 -26.1461 212.111 -0.00435811 0.0166466 0.999852 -6.84631 -27.5632 212.215 -0.0135309 0.0181298 0.999715 -1.32288 2.61043 14.7811 5.13238 50.9064 0
20320162 -5.45298 -26.1442 212.119 -0.00440473 0.0156987 0.999867 -5.48751 -27.5009 212.302 -0.0150373 0.0173417 0.999693 -1.34644 2.59836 14.489 5.18983 51.1016 0
20448506 -4.39266 -26.1692 212.108 -0.00668136 0.0139677 0.99988 -4.45829 -27.4171 212.282 -0.0172402 0.0148616 0.999603 -1.35994 2.59204 14.1937 5.23953 51.3064 0
20575856 -3.21997 -26.1529 212.109 -0.00699225 0.0130659 0.99989 -3.0996 -27.3579 212.257 -0.0189102 0.0132303 0.999666 -1.38034 2.58141 13.946 5.29698 51.4604 0
20702368 -2.10962 -26.1515 212.113 -0.00822525 0.0122893 0.999891 -1.86882 -27.1888 212.111 -0.0184036 0.0111253 0.999744 -1.39757 2.5728 13.7381 5.35042 51.589 0
20830531 -0.917442 -26.1048 212.101 -0.00542299 0.011449 0.99992 -0.631505 -27.0248 212.078 -0.0184233 0.0107493 0.999659 -1.41222 2.56274 13.5857 5.40356 51.6747 0
20956864 0.163172 -26.1545 212.104 -0.0101754 0.0104979 0.999893 0.611174 -26.8432 212.155 -0.0188444 0.00966369 0.99965 -1.42113 2.56016 13.446 5.45125 51.7668 0
21080149 1.25131 -26.1391 212.108 -0.0120545 0.00977981 0.99988 1.61453 -26.8931 212.034 -0.0190276 0.00844453 0.99965 -1.42802 2.557 13.3666 5.49664 51.816 0
21206665 2.38298 -26.0974 212.094 -0.0101133 0.00892876 0.999909 2.63374 -26.5949 212.102 -0.0188076 0.00794703 0.999696 -1.42716 2.55527 13.3396 5.53714 51.8382 0
21332680 3.4652 -26.0518 212.071 -0.0106023 0.0073244 0.999917 3.64757 -26.523 212.081 -0.0193566 0.00674618 0.999701 -1.41251 2.56217 13.3745 5.56932 51.8382 0
21459355 4.54078 -25.9973 212.07 -0.00997461 0.00558887 0.999935 4.65284 -26.5562 212.071 -0.0195696 0.0049204 0.999762 -1.38895 2.57308 13.4698 5.59575 51.8398 0
21586400 5.63431 -25.9548 212.077 -0.0084569 0.00400198 0.999956 5.54743 -26.5671 212.173 -0.0196923 0.00246989 0.999761 -1.35822 2.58716 13.6428 5.61758 51.8065 0
21712899 6.70682 -25.9344 212.078 -0.00789163 0.00242803 0.999966 6.22255 -26.4744 212.045 -0.0199565 -0.000350513 0.999675 -1.32633 2.60239 13.8555 5.6374 51.7319 0
21840989 7.79177 -25.8961 212.075 -0.00334224 0.00182463 0.999993 7.24121 -26.49 212.035 -0.0216094 -0.00407439 0.9997 -1.29013 2.61675 14.127 5.65349 51.6271 0
21968343 8.91439 -25.9119 212.071 -0.0040928 0.000249635 0.999992 8.03728 -26.604 211.928 -0.0240628 -0.00912025 0.999622 -1.25595 2.63341 14.4159 5.67245 51.4858 0
22095661 10.0754 -25.9312 212.073 -0.00323371 -0.000511296 0.999995 9.12862 -26.7429 212.039 -0.0219536 -0.0109406 0.999649 -1.22004 2.6495 14.7699 5.69055 51.2953 0
22221946 11.1988 -25.9793 212.083 -0.00651841 -0.00241604 0.999976 10.3235 -26.9105 212.038 -0.0191674 -0.0114449 0.999657 -1.18786 2.66702 15.1049 5.70922 51.0985 0
22348403 12.2596 -26.0082 212.085 -0.00619325 -0.00363193 0.999974 11.4203 -26.8451 212.016 -0.0166549 -0.0125437 0.999729 -1.1531 2.68311 15.4335 5.72329 50.9191 0
22474538 13.3846 -25.9864 212.069 -0.00509972 -0.00388218 0.999979 12.5082 -26.892 212.115 -0.0135875 -0.0123202 0.999785 -1.11921 2.69805 15.8002 5.73967 50.6746 0
22600122 14.4741 -26.0603 212.104 -0.00746441 -0.00511559 0.999959 13.7024 -26.9587 212.103 -0.0101364 -0.0117511 0.9998 -1.08387 2.71672 16.2114 5.75231 50.4238 0
22726198 15.6213 -26.0738 212.103 -0.00791265 -0.00571659 0.999952 14.9168 -26.9129 212.08 -0.00828215 -0.0113453 0.999855 -1.04595 2.73539 16.6305 5.76495 50.1412 0
22852417 16.7416 -26.0025 212.113 -0.00621037 -0.0044759 0.999971 16.153 -26.7252 212.157 -0.00800335 -0.0130862 0.999778 -1.01062 2.75062 17.0607 5.77845 49.8538 0
22979133 17.8448 -26.0342 212.112 -0.0068204 -0.0050371 0.999964 17.2399 -26.8159 212.035 -0.00518493 -0.0105153 0.99985 -0.966953 2.77274 17.5243 5.7842 49.5363 0
23105115 18.9367 -26.0441 212.113 -0.0069867 -0.00528793 0.999962 18.3634 -26.6455 212.112 -0.00478168 -0.00979362 0.999896 -0.919841 2.79687 18.0069 5.78707 49.2077 0
23231704 20.0424 -26.0486 212.138 -0.00721568 -0.00455058 0.999964 19.3699 -26.6996 212.214 -0.00494631 -0.00819218 0.999862 -0.868419 2.82358 18.5593 5.78707 48.841 0
23357880 21.1857 -25.9558 212.122 -0.00488598 -0.00305629 0.999983 20.3887 -26.5248 212.182 -0.00545182 -0.00853175 0.999903 -0.806369 2.85403 19.1245 5.78219 48.4632 0
23485294 22.2211 -25.9986 212.131 -0.00370283 -0.00114149 0.999992 21.3873 -26.8109 212.194 -0.00611005 -0.00702723 0.999887 -0.731391 2.89253 19.815 5.76495 48.0219 0
23612910 23.4542 -25.9144 212.121 -0.00344778 -0.00214522 0.999992 22.841 -27.116 212.091 -0.00794469 -0.00705703 0.999917 -0.629985 2.9474 20.5627 5.74225 47.5885 0
23739005 24.4857 -26.0185 212.124 -0.00546911 -0.00392854 0.999977 23.9922 -27.2394 212.203 -0.0122755 -0.0105374 0.999834 -0.52312 3.00255 21.3231 5.71324 47.1757 0
23866513 25.1245 -25.9572 212.124 -0.00939219 -0.00746167 0.999928 25.133 -27.3915 212.204 -0.0156558 -0.0121072 0.999671 -0.493531 3.0195 21.52 5.721 47.0519 0
23992566 25.6634 -25.2713 212.116 -0.0112865 -0.00631222 0.999916 25.825 -26.9757 212.153 -0.0158075 -0.0127077 0.999733 -0.543516 2.99652 21.3263 5.76983 47.0535 0
24118711 25.9858 -24.3125 212.123 -0.0127707 -0.00371367 0.999912 26.523 -26.1354 212.279 -0.013903 -0.0088627 0.999815 -0.626825 2.95429 20.9199 5.83418 47.1757 0
24245624 26.1583 -23.2487 212.145 -0.0134968 -0.000753963 0.999909 27.1901 -25.0431 212.261 -0.00710021 0.00248408 0.999942 -0.718751 2.90431 20.3802 5.90456 47.4313 0
24373468 26.2117 -22.1165 212.147 -0.0131051 0.000721114 0.999914 27.3813 -23.7024 212.239 -0.00846685 0.00205388 0.999882 -0.800911 2.85892 19.769 5.97207 47.7869 0
24499747 26.2062 -21.0273 212.136 -0.0123883 0.00131866 0.999922 27.407 -22.6214 212.128 -0.00538079 0.00509792 0.999903 -0.86727 2.82301 19.207 6.03096 48.1378 0
24626339 26.1577 -19.924 212.133 -0.0119077 0.00111999 0.999928 27.5813 -21.2985 212.217 -0.00475857 0.00776667 0.999875 -0.92731 2.79227 18.6498 6.08727 48.5076 0
24752702 26.1205 -18.799 212.137 -0.0127843 0.000273296 0.999918 27.7422 -20.3194 212.117 -0.00480725 0.00924068 0.999853 -0.98304 2.76584 18.1386 6.14328 48.8394 0
24879842 26.0913 -17.7013 212.143 -0.0141052 -0.00122512 0.9999 27.6948 -19.0769 212.106 -0.00508084 0.00864626 0.999916 -1.0336 2.74315 17.6592 6.19758 49.1522 0
25004957 26.0694 -16.5495 212.131 -0.0137315 -0.0014971 0.999905 27.656 -17.9144 212.22 -0.0066861 0.00589298 0.999844 -1.07727 2.72218 17.1956 6.25101 49.457 0
25132575 26.0838 -15.377 212.122 -0.0135643 -0.00203833 0.999906 27.7178 -16.7703 212.22 -0.00730236 0.00334555 0.99986 -1.11748 2.70322 16.7591 0.0224071 49.7411 0
25258890 26.1348 -14.2615 212.115 -0.0129294 -0.00230506 0.999914 27.6722 -15.5154 212.21 -0.00776515 0.00141065 0.999935 -1.15023 2.68742 16.3765 0.0735413 49.9967 0
25385194 26.12 -13.1427 212.11 -0.0119862 -0.00205613 0.999926 27.7177 -14.4943 212.222 -0.00721692 0.000154887 0.999929 -1.18442 2.67047 15.9701 0.125825 50.2698 0
25511604 26.1319 -12.0432 212.117 -0.0110569 -0.00222612 0.999936 27.7744 -13.2456 212.212 -0.00670025 -0.00171952 0.999861 -1.21544 2.65524 15.578 0.177821 50.5428 0
25637785 26.145 -10.8727 212.144 -0.0109714 -0.00181166 0.999938 27.7136 -12.1148 212.213 -0.00611451 -0.00223532 0.999904 -1.25078 2.63801 15.216 0.235562 50.7873 0
25765109 26.1094 -9.76237 212.1 -0.00985244 -0.00188598 0.99995 27.659 -10.9957 212.215 -0.0062007 -0.00150128 0.999832 -1.28123 2.62278 14.8096 0.289856 51.0207 0
25891560 26.0927 -8.61718 212.09 -0.00810843 -0.00160276 0.999966 27.4847 -9.6209 212.195 -0.00423716 -0.00380086 0.999908 -1.30679 2.60928 14.4143 0.34415 51.2937 0
26017606 26.1116 -7.50374 212.087 -0.00683241 -0.00110554 0.999976 27.416 -8.48862 212.196 -0.00280399 -0.0044807 0.999954 -1.32891 2.5975 14.0968 0.396721 51.5096 0
26143074 26.1279 -6.41083 212.099 -0.00652268 -0.00138566 0.999978 27.4685 -7.37259 212.197 -0.00241443 -0.00401371 0.999902 -1.35333 2.58544 13.8127 0.450728 51.6969 0
26269577 26.1024 -5.29452 212.108 -0.00573341 -0.000926179 0.999983 27.1951 -6.01783 212.179 -0.00178106 -0.00355892 0.999848 -1.37804 2.57251 13.5063 0.506171 51.8986 0
26395777 26.1204 -4.21675 212.102 -0.00504537 -0.000734082 0.999987 27.0138 -5.01826 212.081 -0.000992421 -0.00247958 0.999975 -1.39901 2.56159 13.2586 0.559603 52.0462 0
26520757 26.123 -3.12311 212.105 -0.00429823 -0.000174505 0.999991 26.7433 -3.76908 212.075 -0.00124399 -0.00260072 0.999868 -1.42228 2.54924 12.9951 0.616483 52.2129 0
26647423 26.1216 -2.04995 212.1 -0.00367234 -0.000135917 0.999993 26.4736 -2.5247 212.066 -0.00159007 -0.00220642 0.999957 -1.44583 2.53689 12.7506 0.673937 52.3589 0
26773615 26.1003 -0.975204 212.086 -0.00305379 -0.000460644 0.999995 26.2029 -1.39362 212.071 -0.00241368 -0.00155709 0.999905 -1.46537 2.52683 12.5459 0.730817 52.4828 0
26899780 26.0404 0.113621 212.083 -0.0023982 -0.000866921 0.999997 25.8069 -0.261691 211.964 -0.00192604 -0.0015815 0.9999 -1.47628 2.52109 12.4077 0.784249 52.5844 0
27026203 25.9829 1.26446 212.07 -0.00140727 -0.00105838 0.999998 25.6453 0.885175 212.078 -0.00231559 -0.00204849 0.999952 -1.46709 2.5254 12.4062 0.826765 52.6113 0
27152817 25.9162 2.38013 212.053 -0.000253929 7.81364e-005 1 25.6825 1.89868 212.089 -0.000870509 -0.00248568 0.999974 -1.44986 2.53287 12.457 0.861525 52.6113 0
27278994 25.9054 3.48121 212.066 0.00114508 -0.00245058 0.999996 25.6065 2.90463 211.992 0.000584691 -0.00269224 0.99985 -1.42687 2.54579 12.5697 0.891114 52.5923 0
27405318 25.906 4.55385 212.065 0.0026755 -0.00393668 0.999989 25.5469 4.03758 211.993 0.00103661 -0.0034446 0.999918 -1.39815 2.56102 12.7443 0.914095 52.5272 0
27532671 25.8724 5.66722 212.065 0.00360147 -0.00331796 0.999988 25.1388 5.06308 212.008 0.00241516 -0.00277175 0.999954 -1.36798 2.57567 12.9745 0.936215 52.4288 0
27660467 25.8491 6.82151 212.054 0.00480455 -0.00303365 0.999984 25.0425 6.18917 211.9 0.00663265 -0.00396793 0.999887 -1.33351 2.59262 13.2507 0.956037 52.2954 0
27787424 25.8349 7.93815 212.049 0.0057592 -0.00283197 0.999979 24.8484 7.32015 211.792 0.0093872 -0.00509088 0.999835 -1.29961 2.60928 13.573 0.97356 52.1287 0
27913068 25.8572 9.10219 212.062 0.00642023 -0.00340118 0.999974 25.0205 8.55124 211.891 0.00966259 -0.00448444 0.999894 -1.26514 2.6268 13.9571 0.991084 51.9144 0
28039981 25.866 10.2223 212.07 0.00643674 -0.00271484 0.999976 25.0678 9.53913 211.902 0.0100231 -0.00216746 0.999905 -1.23268 2.64232 14.3461 1.00775 51.6842 0
28165968 25.8861 11.349 212.079 0.00609036 -0.00197977 0.999979 25.1403 10.765 212.003 0.00901106 -0.000401987 0.999868 -1.19993 2.65783 14.762 1.02383 51.4207 0
28292758 25.8761 12.4411 212.077 0.00612851 -0.000973149 0.999981 25.1952 11.8607 211.892 0.00896239 0.00107202 0.999845 -1.16661 2.67334 15.1446 1.03877 51.1794 0
28419007 25.8545 13.5789 212.074 0.00539742 0.000986457 0.999985 25.2668 12.973 212.003 0.00747637 0.00311656 0.99991 -1.1307 2.68914 15.5732 1.05313 50.9 0
28545268 25.8936 14.6895 212.091 0.00515908 0.000541383 0.999987 25.2183 14.0762 211.894 0.00656241 0.00439063 0.99992 -1.09594 2.70638 16.0114 1.06606 50.6079 0
28671883 25.8693 15.7681 212.069 0.00502037 0.00164579 0.999986 25.1698 15.0902 212.017 0.00540462 0.00567691 0.999933 -1.05802 2.7239 16.4194 1.07669 50.3253 0
28797736 25.8715 16.8442 212.073 0.00494287 0.00215501 0.999985 25.0927 16.2127 212.02 0.00774476 0.00604627 0.999862 -1.0178 2.74315 16.8512 1.08502 50.0412 0
28924216 25.8754 17.9912 212.101 0.00392559 0.00265594 0.999989 25.0551 17.3073 211.91 0.00565515 0.00824265 0.99992 -0.974135 2.76383 17.3623 1.0922 49.7094 0
29050380 25.8405 19.08 212.071 0.0032497 0.00411675 0.999986 25.0182 18.4175 211.911 0.00366184 0.00993561 0.999905 -0.926161 2.78624 17.837 1.09536 49.3728 0
29177135 25.8103 20.2154 212.1 0.00110388 0.00549258 0.999984 25.1068 19.6452 211.901 0.000747863 0.0103247 0.999909 -0.873303 2.81066 18.4021 1.09565 49.0188 0
29305653 25.7488 21.3877 212.111 -0.00188323 0.00726266 0.999972 24.9632 20.7642 211.904 -0.00175274 0.0116661 0.999813 -0.811827 2.83881 19.026 1.09134 48.6172 0
29433332 25.7431 22.4944 212.104 -0.00416852 0.00844731 0.999956 25.058 22.0027 212.005 -0.00515437 0.0120796 0.999823 -0.7357 2.87558 19.7102 1.07583 48.1838 0
29559531 25.7177 23.575 212.078 -0.00513518 0.0100594 0.999936 25.3451 23.1149 212.003 -0.00602562 0.0117583 0.999867 -0.626537 2.9293 20.5103 1.04337 47.7314 0
29685836 25.7251 24.572 212.063 -0.0051738 0.00995564 0.999937 25.8528 24.4679 212.088 -0.00528894 0.00938641 0.999846 -0.4694 3.00342 21.5295 0.989648 47.271 0
29813555 25.6582 25.3289 212.136 -0.00468449 0.00702184 0.999964 26.1622 25.825 212.175 -0.00720276 0.00776738 0.999911 -0.428895 3.02352 21.7978 0.991371 47.1567 0
29940047 24.9442 25.907 212.118 -0.00809504 0.00668526 0.999945 25.6438 26.3023 212.247 -0.00888571 0.00833811 0.99988 -0.49468 2.99365 21.5422 1.04337 47.1456 0
30065973 24.007 26.1755 212.131 -0.0111908 0.00409465 0.999929 24.7375 26.7532 212.104 -0.0171488 0.0117922 0.99966 -0.605567 2.94136 21.039 1.11863 47.2758 0
30192450 22.9359 26.2331 212.129 -0.0147457 0.00451492 0.999881 23.7604 26.5946 212.136 -0.0211309 0.0103862 0.999612 -0.709559 2.88621 20.3897 1.19447 47.5917 0
30318686 21.8113 26.1886 212.122 -0.0154497 0.00455593 0.99987 22.5129 26.454 212.17 -0.0200148 0.0082507 0.999684 -0.791718 2.84312 19.7499 1.26141 47.9695 0
30444170 20.6956 26.1572 212.126 -0.0157856 0.00419765 0.999867 21.2914 26.4039 212.193 -0.021112 0.00830561 0.999695 -0.858652 2.80893 19.1943 1.32173 48.3187 0
30570757 19.5942 26.0653 212.132 -0.016275 0.00455603 0.999857 20.3147 26.4632 212.203 -0.0239732 0.00733 0.999588 -0.916968 2.77934 18.6577 1.37689 48.6775 0
30697619 18.5525 26.0483 212.147 -0.0139832 0.00180052 0.999901 19.1832 26.2931 212.125 -0.0235213 0.00657765 0.999656 -0.972411 2.75579 18.145 1.43233 48.9998 0
30824266 17.4833 26.0165 212.148 -0.0118674 4.35243e-005 0.99993 18.1442 26.1467 212.157 -0.0208459 0.00386547 0.999639 -1.02153 2.73482 17.6385 1.48605 49.3252 0
30950137 16.2929 25.9943 212.136 -0.0103559 -0.00102021 0.999946 16.9752 26.0009 212.188 -0.0161866 0.00168632 0.999787 -1.06893 2.71385 17.1242 1.54351 49.6506 0
31078542 15.1688 26.0022 212.132 -0.00862122 -0.00204286 0.999961 15.8275 26.0799 212.199 -0.0126442 -0.000813909 0.999859 -1.10915 2.69632 16.667 1.59751 49.9459 0
31205217 14.0356 26.0272 212.134 -0.00713121 -0.00305306 0.99997 14.7817 25.9121 212.231 -0.00924254 -0.00122741 0.99985 -1.14707 2.67966 16.24 1.65238 50.2237 0
31330272 12.9358 26.0068 212.105 -0.00449465 -0.00370825 0.999983 13.6241 25.7422 212.152 -0.00598069 -0.00199878 0.999878 -1.18212 2.66472 15.7859 1.7061 50.5031 0
31456604 11.745 26.0351 212.113 -0.00348757 -0.00454771 0.999984 12.3661 25.8043 212.052 -0.00274266 -0.00325544 0.999955 -1.2186 2.64806 15.3907 1.76528 50.7524 0
31584012 10.6658 26.0724 212.113 0.000980708 -0.00627233 0.99998 11.2224 25.6413 212.085 -0.000803974 -0.00359572 0.99996 -1.25135 2.63542 14.9922 1.82101 51 0
31710235 9.50238 26.037 212.106 0.00192702 -0.00621122 0.999979 9.96374 25.5978 212.109 0.00209631 -0.00423947 0.999858 -1.28525 2.61933 14.5906 1.88076 51.2508 0
31836901 8.40285 26.0809 212.107 0.00569855 -0.00699416 0.999959 8.69675 25.4299 212.032 0.0051322 -0.00463467 0.999853 -1.3134 2.60784 14.2461 1.93735 51.4636 0
31962891 7.30051 26.0995 212.107 0.0102583 -0.00805146 0.999915 7.53939 25.1507 212.076 0.00795582 -0.00439902 0.999911 -1.34443 2.59549 13.9048 1.99624 51.6572 0
32089166 6.19616 26.0257 212.106 0.0107767 -0.00757822 0.999913 6.37922 24.8832 212.121 0.0110821 -0.00541895 0.999843 -1.37574 2.57998 13.5666 2.056 51.8589 0
32215557 5.02998 26.0069 212.122 0.0127903 -0.00802555 0.999886 5.22983 24.6029 212.054 0.0128732 -0.00625044 0.999776 -1.40418 2.56705 13.3221 2.1169 51.9938 0
32341958 3.98073 25.9322 212.119 0.0136313 -0.00805966 0.999875 4.08904 24.4524 212.087 0.0145008 -0.00792509 0.999795 -1.42572 2.55671 13.1459 2.16976 52.0779 0
32468671 2.87236 25.8432 212.109 0.0142455 -0.00743054 0.999871 3.05775 24.1627 212.019 0.0155801 -0.00834398 0.999821 -1.43607 2.55154 13.0348 2.21945 52.1446 0
32594521 1.76869 25.7795 212.103 0.0145435 -0.00680067 0.999871 1.92825 24.1035 212.041 0.0165793 -0.0079075 0.999763 -1.43693 2.55096 13.0205 2.26341 52.1557 0
32721956 0.646022 25.7523 212.081 0.0148649 -0.00559837 0.999874 0.912907 24.1387 211.94 0.0177003 -0.00747712 0.999704 -1.43061 2.55384 13.03 2.30449 52.1557 0
32848090 -0.416542 25.7344 212.075 0.0134067 -0.00466681 0.999899 -0.100373 24.079 212.072 0.0183652 -0.0064037 0.99971 -1.42343 2.55613 13.0666 2.34183 52.151 0
32975859 -1.56511 25.7597 212.076 0.0123651 -0.00356813 0.999917 -1.10655 24.1168 212.082 0.0186763 -0.00506932 0.999696 -1.40992 2.56188 13.1539 2.37831 52.1208 0
33102856 -2.63062 25.8011 212.072 0.0120591 -0.00259929 0.999924 -2.11188 24.148 211.981 0.0187198 -0.00420803 0.999733 -1.39412 2.56935 13.2745 2.40934 52.0636 0
33228840 -3.75752 25.819 212.07 0.0114843 -0.0016474 0.999933 -3.45815 24.2029 211.994 0.0196405 -0.00290416 0.999713 -1.37689 2.57739 13.411 2.44123 52.0017 0
33355856 -4.86992 25.8072 212.067 0.00997715 -0.000475041 0.99995 -4.58126 24.1353 212.016 0.0199516 -0.00156979 0.999699 -1.35707 2.58601 13.5444 2.47082 51.9541 0
33481956 -6.01216 25.8094 212.066 0.00967078 0.000606897 0.999953 -5.58771 24.0509 211.926 0.0195312 -0.000198797 0.999693 -1.33322 2.5975 13.746 2.49782 51.8557 0
33610433 -7.11226 25.8107 212.063 0.00974473 0.00136812 0.999952 -6.93285 24.082 211.828 0.0201534 0.00246996 0.999665 -1.30881 2.60957 13.9889 2.52166 51.7207 0
33736407 -8.27746 25.8277 212.069 0.00984098 0.00197054 0.99995 -7.95768 23.9947 211.85 0.0218848 0.00532645 0.999602 -1.28094 2.62336 14.2953 2.54436 51.5461 0
33863062 -9.39916 25.8469 212.077 0.00922578 0.00206573 0.999955 -8.96845 24.1474 211.848 0.0232752 0.00624193 0.999614 -1.25365 2.63628 14.6191 2.56504 51.3524 0
33988894 -10.4908 25.8426 212.081 0.00894935 0.00265511 0.999956 -9.97463 24.0694 211.87 0.0230006 0.00809212 0.999557 -1.22492 2.65007 14.9303 2.584 51.1715 0
34117331 -11.6451 25.8445 212.085 0.00948714 0.00321698 0.99995 -11.0874 24.1194 211.88 0.0227883 0.00872296 0.999621 -1.19447 2.6653 15.2859 2.60296 50.9445 0
34243662 -12.7427 25.85 212.085 0.00905953 0.00349251 0.999953 -12.183 24.2877 211.879 0.0213135 0.00855353 0.999659 -1.16316 2.68024 15.6399 2.61905 50.719 0
34370133 -13.8203 25.8558 212.093 0.00872876 0.00351648 0.999956 -13.2961 24.2387 212.013 0.0207277 0.00906934 0.999617 -1.13127 2.69546 16.013 2.63341 50.4793 0
34497738 -14.9758 25.8616 212.093 0.00816332 0.00322342 0.999961 -14.4007 24.1774 211.923 0.0188693 0.00855424 0.999695 -1.09536 2.71241 16.4336 2.64691 50.1952 0
34623770 -16.0783 25.8665 212.086 0.00789075 0.00327345 0.999964 -15.399 24.2136 211.933 0.0183329 0.0100527 0.999677 -1.05716 2.7308 16.8559 2.65697 49.9046 0
34751150 -17.1884 25.8591 212.087 0.00726788 0.00268749 0.99997 -16.5041 24.0488 211.965 0.0161266 0.00991984 0.999723 -1.01694 2.74976 17.3099 2.6653 49.5935 0
34877274 -18.3223 25.8322 212.097 0.00682715 0.00238723 0.999974 -17.4929 24.1165 211.974 0.0145666 0.00803986 0.999809 -0.972411 2.7713 17.7798 2.67133 49.2839 0
35003589 -19.3661 25.7874 212.106 0.00809562 0.00281651 0.999963 -18.4957 24.0612 211.996 0.0139255 0.00745173 0.999754 -0.929895 2.79371 18.2275 2.67535 48.976 0
35130038 -20.495 25.7369 212.108 0.00649501 0.00103603 0.999978 -19.7302 24.0232 212.019 0.0142299 0.00620817 0.99975 -0.877325 2.81841 18.7593 2.67535 48.6172 0
35256381 -21.6158 25.7237 212.109 0.00521136 -0.0010658 0.999986 -20.8463 24.0973 212.029 0.0143767 0.00424277 0.99982 -0.816711 2.84743 19.3483 2.66903 48.2251 0
35383941 -22.7208 25.6735 212.099 0.00493715 -0.00150783 0.999987 -21.8522 24.0254 211.939 0.013889 0.00426717 0.999825 -0.748053 2.88247 19.9261 2.6584 47.8536 0
35511189 -23.8025 25.6854 212.095 0.00542023 -0.00200918 0.999983 -23.074 24.3147 211.929 0.0145889 0.00361193 0.999756 -0.665319 2.92499 20.5945 2.63887 47.4424 0
35637254 -24.7508 25.5559 212.084 0.00495502 -0.00237382 0.999985 -24.2158 24.3535 211.94 0.0174918 0.0054368 0.999779 -0.587181 2.96291 21.139 2.62278 47.1472 0
35765448 -25.316 25.1796 212.108 0.0121047 0.00316888 0.999922 -25.0157 24.2722 211.96 0.0190083 0.0064555 0.999655 -0.571669 2.97842 21.2676 2.63456 47.0614 0
35891945 -25.6916 24.4851 212.111 0.0159679 0.00426473 0.999863 -25.4949 23.638 212.03 0.0190826 0.0054788 0.999751 -0.598672 2.96808 21.1866 2.66645 47.0662 0
36019248 -26.0131 23.4763 212.093 0.0148698 0.000299333 0.999889 -25.8633 22.8928 212.111 0.0186359 0.00389586 0.999669 -0.653541 2.93619 20.9215 2.71729 47.1615 0
36145450 -26.1698 22.4537 212.112 0.0138861 -0.00353411 0.999897 -26.2399 21.7706 212.236 0.0167317 -0.00485037 0.999703 -0.726508 2.89483 20.4945 2.7782 47.371 0
36271867 -26.1857 21.3639 212.119 0.0129523 -0.00549546 0.999901 -26.2866 20.5865 212.246 0.0151334 -0.00992692 0.999738 -0.806082 2.85202 19.9007 2.84455 47.698 0
36397936 -26.1854 20.2351 212.136 0.0129377 -0.00698233 0.999892 -26.2295 19.4708 212.244 0.0149561 -0.0110248 0.999727 -0.88307 2.81209 19.3023 2.91206 48.0425 0
36526539 -26.1159 19.1373 212.13 0.0126553 -0.00714477 0.999894 -26.0547 18.2471 212.253 0.0135103 -0.0130442 0.999703 -0.947419 2.77992 18.7244 2.9721 48.3965 0
36652897 -26.0226 18.0264 212.125 0.0127775 -0.00680641 0.999895 -26.0182 17.0123 212.151 0.0147841 -0.0144579 0.999701 -1.00516 2.75205 18.1704 3.02927 48.7458 0
36779501 -25.9555 16.9592 212.149 0.0150735 -0.00460223 0.999876 -25.7491 15.9888 212.248 0.0165402 -0.0135607 0.999709 -1.05486 2.73051 17.7084 3.08213 49.0506 0
36905537 -25.8907 15.8471 212.143 0.0164009 -0.00252909 0.999862 -25.4862 14.9317 212.233 0.0187848 -0.0102313 0.999715 -1.09852 2.71126 17.2591 3.1347 49.3347 0
37033175 -25.8933 14.6952 212.137 0.0175565 -0.000720958 0.999846 -25.5496 13.8944 212.222 0.0201564 -0.00723518 0.999644 -1.13673 2.69431 16.8654 3.18813 49.5792 0
37161250 -25.9035 13.6037 212.121 0.0168256 -0.000217608 0.999858 -25.4947 12.851 212.209 0.0207982 -0.00419044 0.999701 -1.16776 2.67909 16.4924 3.23812 49.8284 0
37288142 -25.9166 12.5123 212.107 0.015543 -0.00102711 0.999879 -25.5528 11.7124 212.208 0.021019 -0.00223132 0.999749 -1.19792 2.66329 16.1352 3.28925 50.065 0
37414954 -25.9577 11.3488 212.112 0.0147826 -0.00186168 0.999889 -25.6072 10.5805 212.207 0.0208365 -0.000993861 0.999752 -1.2278 2.64777 15.805 3.34383 50.2888 0
37541559 -25.9774 10.2454 212.117 0.0139841 -0.00237228 0.999899 -25.6594 9.44629 212.207 0.0204221 0.000498451 0.999733 -1.25365 2.63427 15.4954 3.39525 50.5047 0
37668496 -26.0107 9.08878 212.118 0.0124011 -0.00471658 0.999912 -25.7101 8.31999 212.207 0.0198423 0.00113558 0.999679 -1.27893 2.61962 15.1827 3.44955 50.7254 0
37796671 -26.0152 7.97553 212.106 0.0114023 -0.006131 0.999916 -25.6605 7.07735 212.216 0.0198739 0.00175422 0.99974 -1.30191 2.60669 14.8922 3.50183 50.9143 0
37923171 -25.977 6.87021 212.096 0.010613 -0.0059535 0.999926 -25.4775 5.95042 212.324 0.0183188 0.00244016 0.999695 -1.32231 2.59578 14.5921 3.55354 51.1159 0
38050006 -25.9853 5.72006 212.098 0.00969643 -0.00760461 0.999924 -25.5222 4.92159 212.201 0.0175089 0.00334416 0.99974 -1.33983 2.58515 14.3445 3.60611 51.2905 0
38177183 -25.9696 4.61105 212.101 0.00926518 -0.00716921 0.999931 -25.4578 3.79405 212.2 0.0165395 0.0035143 0.999737 -1.35333 2.57768 14.1254 3.65552 51.4477 0
38302976 -25.9585 3.51136 212.105 0.00885697 -0.00766422 0.999931 -25.501 2.77395 212.188 0.0157415 0.00466094 0.999758 -1.3631 2.57136 13.954 3.70206 51.5731 0
38429395 -25.9543 2.37505 212.106 0.00879004 -0.00630275 0.999942 -25.5516 1.6498 212.187 0.0151516 0.00506744 0.99985 -1.36827 2.56849 13.8349 3.74802 51.6636 0
38556773 -25.9479 1.29681 212.109 0.00859774 -0.00351191 0.999957 -25.5995 0.510803 212.187 0.0142734 0.00706946 0.999787 -1.36856 2.56906 13.7587 3.78968 51.7334 0
38684009 -25.9364 0.0736202 212.098 0.0081445 -0.00517453 0.999953 -25.6366 -0.500443 212.175 0.0128164 0.007264 0.999789 -1.3654 2.56763 13.6984 3.83162 51.7938 0
38810651 -25.9239 -0.958071 212.089 0.00780901 -0.00270122 0.999966 -25.6708 -1.40526 212.152 0.0116288 0.00794366 0.999862 -1.35879 2.57136 13.7031 3.86695 51.8017 0
38936966 -25.9157 -1.98847 212.085 0.00681598 0.000696124 0.999977 -25.716 -2.53523 212.152 0.0104573 0.00897527 0.999777 -1.3473 2.57854 13.7428 3.90085 51.8017 0
39063191 -25.8919 -3.11089 212.092 0.00613705 0.000406524 0.999981 -25.7621 -3.54489 212.141 0.0099697 0.00899968 0.999782 -1.33294 2.584 13.8047 3.93302 51.8033 0
39190421 -25.8872 -4.16383 212.089 0.00437664 0.00269361 0.999987 -25.7868 -4.32755 212.106 0.00835507 0.00847238 0.999858 -1.31398 2.59434 13.8952 3.96347 51.7954 0
39316779 -25.9029 -5.23615 212.095 0.00229856 0.00430716 0.999988 -25.9372 -5.55477 212.229 0.00610008 0.00981357 0.999881 -1.29071 2.60669 14.0286 3.99191 51.7763 0
39443400 -25.9044 -6.32262 212.07 -0.000260361 0.00590659 0.999983 -25.9743 -6.56602 212.217 0.00464309 0.0100081 0.999883 -1.26629 2.6202 14.1794 4.02064 51.7144 0
39569362 -25.8994 -7.42855 212.068 -0.00170879 0.006789 0.999975 -26.0024 -7.69458 212.217 0.00163102 0.0108886 0.999841 -1.24446 2.63226 14.3858 4.04937 51.6049 0
39696838 -25.9275 -8.48113 212.058 -0.00448066 0.00978007 0.999942 -26.1418 -8.83893 212.107 -0.0015695 0.0128852 0.999813 -1.22004 2.64835 14.635 4.07637 51.4652 0
39823131 -25.9229 -9.61767 212.072 -0.00518655 0.00973296 0.999939 -26.1951 -9.97391 211.996 -0.00203929 0.0132736 0.999781 -1.19677 2.6607 14.9176 4.10251 51.3032 0
39949600 -25.944 -10.8056 212.074 -0.00544865 0.00905104 0.999944 -26.1274 -11.1039 211.994 -0.00336245 0.0137047 0.999758 -1.1689 2.67478 15.2652 4.12607 51.081 0
40077091 -25.9631 -11.9054 212.086 -0.00705696 0.0109081 0.999916 -26.0558 -12.1061 212.092 -0.00434966 0.0135109 0.999792 -1.14133 2.69144 15.6129 4.14761 50.8587 0
40203223 -25.947 -13.0549 212.107 -0.00700923 0.0110252 0.999915 -26.0029 -13.3523 212.101 -0.00466597 0.0145118 0.99982 -1.11346 2.70609 15.9907 4.16801 50.6063 0
40329409 -25.9547 -14.1738 212.103 -0.00676747 0.0106428 0.99992 -25.9381 -14.3553 212.2 -0.00491575 0.0144027 0.999835 -1.08129 2.72218 16.3971 4.18352 50.3126 0
40456717 -25.9648 -15.3138 212.111 -0.00616451 0.0101643 0.999929 -25.8647 -15.4844 212.198 -0.00685443 0.0147429 0.999829 -1.04538 2.7397 16.8448 4.19616 49.9967 0
40584069 -25.9713 -16.4852 212.107 -0.0042318 0.00628519 0.999971 -25.8203 -16.4883 212.186 -0.00508113 0.0135475 0.999799 -1.00085 2.7578 17.3179 4.20392 49.684 0
40710465 -25.969 -17.5858 212.118 -0.00405079 0.00668517 0.999969 -25.7658 -17.6097 212.184 -0.00498303 0.0130561 0.999846 -0.957186 2.77963 17.8037 4.20967 49.349 0
40836851 -25.9599 -18.6887 212.128 -0.00314202 0.00659211 0.999973 -25.7262 -18.7101 212.293 -0.00310568 0.0114905 0.999851 -0.90835 2.80319 18.3259 4.2111 48.9902 0
40962736 -25.9082 -19.7974 212.135 -0.00124708 0.00569838 0.999983 -25.6908 -19.8495 212.181 -0.00113723 0.0117569 0.999795 -0.856067 2.82732 18.8625 4.21024 48.6283 0
41090736 -25.7776 -21.0486 212.127 0.000106013 0.00385209 0.999993 -25.5479 -21.191 212.2 0.00026617 0.0104704 0.999902 -0.788271 2.85863 19.4372 4.20593 48.2806 0
41217958 -25.8138 -22.1227 212.118 0.00157415 0.00270443 0.999995 -25.6194 -22.3014 212.199 0.00192351 0.00940239 0.999861 -0.711857 2.89483 20.0563 4.18898 47.9187 0
41344113 -25.8608 -23.1677 212.084 0.00198905 0.00135273 0.999997 -25.7984 -23.3954 212.311 0.00333704 0.00834656 0.999822 -0.627974 2.93533 20.631 4.16945 47.5917 0
41470008 -25.9025 -24.2872 212.117 0.00245099 0.00189892 0.999995 -25.7455 -24.6405 212.321 0.00301477 0.00922615 0.999862 -0.549262 2.97469 21.1882 4.15623 47.2884 0
41596507 -25.7574 -25.1225 212.124 0.000766423 0.00427913 0.999991 -25.4699 -25.672 212.305 0.00389971 0.00980208 0.999915 -0.505022 2.99911 21.466 4.15681 47.1122 0
41723891 -25.214 -25.6249 212.151 0.000276253 0.00734232 0.999973 -25.168 -26.3745 212.258 0.00370352 0.0107849 0.99982 -0.516513 2.99595 21.4359 4.17921 47.1043 0
41850143 -24.3306 -26.0229 212.133 0.0039281 0.00676365 0.999969 -24.5262 -26.8427 212.407 0.0044469 0.0109909 0.999789 -0.559891 2.97153 21.266 4.22058 47.136 0
41975516 -23.3504 -26.2331 212.134 0.00738326 0.00550386 0.999958 -23.6827 -27.2003 212.431 0.00788529 0.00886076 0.999827 -0.625963 2.93505 20.9151 4.2743 47.2853 0
42103798 -22.3098 -26.3203 212.164 0.00957244 0.00654848 0.999933 -22.3775 -27.776 212.474 0.0204407 0.00331904 0.999699 -0.70841 2.89368 20.458 4.33922 47.4869 0
42232212 -21.1713 -26.3258 212.162 0.00986684 0.00762789 0.999922 -21.2423 -27.6252 212.441 0.0194227 0.00496319 0.999674 -0.794591 2.85202 19.8515 4.41047 47.7933 0
42358955 -20.048 -26.2962 212.163 0.0110061 0.00730136 0.999913 -20.0099 -27.4667 212.407 0.0199223 0.00518143 0.999645 -0.869281 2.81439 19.2515 4.47654 48.1441 0
42485941 -18.8918 -26.2331 212.148 0.0112382 0.00715925 0.999911 -18.9125 -27.5286 212.396 0.0217885 0.00582986 0.999676 -0.934779 2.78193 18.645 4.53859 48.5172 0
42612003 -17.8004 -26.1551 212.149 0.00956802 0.008342 0.999919 -17.5663 -27.4928 212.371 0.0214662 0.00670945 0.999717 -0.988499 2.75722 18.1005 4.59317 48.8775 0
42739623 -16.7018 -26.0921 212.154 0.00816547 0.00979534 0.999919 -16.4277 -27.4556 212.35 0.0194848 0.00864506 0.999677 -1.03733 2.73482 17.6068 4.64603 49.2014 0
42865714 -15.5627 -26.045 212.143 0.00629825 0.0104648 0.999925 -15.4988 -27.2774 212.318 0.0166689 0.00854275 0.999729 -1.07928 2.71528 17.1194 4.6986 49.5316 0
42993065 -14.4628 -26.0219 212.12 0.00465814 0.0105197 0.999934 -14.3673 -27.4556 212.318 0.014286 0.00976872 0.999765 -1.11404 2.69862 16.6781 4.7483 49.8269 0
43119298 -13.3555 -26.0338 212.119 0.00419323 0.0103983 0.999937 -13.3396 -27.4948 212.419 0.0118418 0.00976943 0.999801 -1.14621 2.68225 16.2812 4.798 50.1015 0
43245695 -12.2306 -26.0596 212.119 0.00395999 0.0100375 0.999942 -12.435 -27.532 212.411 0.0104573 0.00897527 0.999777 -1.1758 2.66673 15.8987 4.84827 50.3634 0
43372219 -11.1219 -26.0686 212.118 0.00350986 0.00953761 0.999948 -11.4176 -27.5739 212.4 0.00894677 0.0080779 0.999888 -1.20309 2.65237 15.5256 4.89825 50.6222 0
43499332 -10.0043 -26.0839 212.117 0.00323576 0.00898285 0.999954 -10.1831 -27.6288 212.388 0.00805587 0.00738065 0.999848 -1.22894 2.63858 15.1668 4.9491 50.8651 0
43627816 -8.86416 -26.1257 212.146 0.00354627 0.00854823 0.999957 -9.05829 -27.5735 212.255 0.00738498 0.0061859 0.999853 -1.25365 2.62508 14.843 5.0011 51.1016 0
43754150 -7.7294 -26.1454 212.125 0.00525593 0.00781013 0.999956 -7.82378 -27.6285 212.242 0.00649587 0.00550067 0.999934 -1.27979 2.60957 14.5016 5.05309 51.2969 0
43880399 -6.61935 -26.1246 212.122 0.00476688 0.00778906 0.999958 -6.7106 -27.6697 212.343 0.00684196 0.00510637 0.999845 -1.30766 2.59549 14.1746 5.10854 51.4906 0
44006732 -5.46547 -26.143 212.124 0.00530947 0.00767906 0.999956 -5.47296 -27.4068 212.187 0.00719579 0.00484542 0.999866 -1.33322 2.58199 13.8952 5.16484 51.6509 0
44134041 -4.40124 -26.1487 212.134 0.00475293 0.0070853 0.999964 -4.2309 -27.3544 212.164 0.00608072 0.00453637 0.999913 -1.35333 2.57193 13.6365 5.21741 51.8303 0
44263369 -3.2203 -26.1817 212.124 0.00541016 0.00655385 0.999964 -3.22143 -27.1859 212.132 0.00658623 0.00487593 0.999872 -1.37373 2.56102 13.3983 5.274 51.97 0
44391141 -2.00966 -26.2551 212.119 0.00735882 0.00624159 0.999953 -1.75438 -27.1492 212.107 0.00525115 0.00506437 0.999873 -1.39355 2.54953 13.184 5.33002 52.0906 0
44517055 -0.969522 -26.2027 212.094 0.00528516 0.00515364 0.999973 -0.732029 -26.8576 212.064 0.0049579 0.00409397 0.99985 -1.40676 2.54407 12.965 5.38144 52.2415 0
44643490 0.173474 -26.1898 212.109 0.00553097 0.00479497 0.999973 0.40217 -26.6786 212.142 0.00421452 0.00388793 0.999882 -1.42055 2.53689 12.811 5.43315 52.351 0
44769591 1.24147 -26.1314 212.11 0.00482722 0.0044289 0.999979 1.54131 -26.3997 212.098 0.00334923 0.003688 0.999914 -1.42888 2.53315 12.711 5.48026 52.4224 0
44894969 2.40723 -26.1314 212.107 0.00534218 0.0039493 0.999978 2.66838 -26.3438 212.075 0.00261181 0.00360328 0.999934 -1.4309 2.53086 12.6284 5.52249 52.4875 0
45021247 3.52704 -26.1339 212.104 0.00576516 0.0037178 0.999976 3.57572 -26.2566 212.167 0.00170305 0.00254206 0.999929 -1.42831 2.53057 12.5903 5.55926 52.5224 0
45147638 4.61662 -26.092 212.092 0.00533806 0.00312412 0.999981 4.47271 -26.1967 212.037 0.00155553 0.00205085 0.999857 -1.41883 2.53402 12.5919 5.59201 52.524 0
45273876 5.67326 -26.0624 212.085 0.00493488 0.00220353 0.999985 5.49136 -26.0028 212.116 0.00125038 0.000837796 0.999859 -1.40073 2.54148 12.6411 5.61844 52.524 0
45400047 6.98234 -26.1158 212.106 0.00865378 0.00297592 0.999958 6.50739 -25.9323 212.094 0.000465316 -0.000217509 0.999975 -1.38551 2.5435 12.7252 5.64746 52.4875 0
45526925 7.97619 -26.0932 212.078 0.0083172 0.00110086 0.999965 7.16374 -25.967 211.977 0.00163501 -0.00126114 0.999939 -1.34586 2.56131 12.9364 5.66268 52.4208 0
45653024 8.7951 -25.9716 212.061 0.00551396 -0.00164236 0.999983 7.96199 -25.8729 211.958 0.000293233 -0.00365063 0.999949 -1.29387 2.59032 13.3729 5.67618 52.2478 0
45779123 9.85126 -25.9556 212.045 0.00471216 -0.00381969 0.999982 8.97756 -26.0912 211.971 -0.00219771 -0.00943646 0.999822 -1.23785 2.62077 13.9571 5.69169 51.9684 0
45904824 10.9837 -25.9879 212.051 0.00501137 -0.0047497 0.999976 10.4844 -26.2939 211.967 0.00300952 -0.00797016 0.999846 -1.19074 2.64605 14.5255 5.70951 51.6572 0
46033066 12.1588 -26.0131 212.072 0.00498746 -0.00523182 0.999974 11.9054 -26.4747 212.186 0.00580234 -0.00589653 0.999845 -1.14707 2.67018 15.0827 5.72732 51.335 0
46160680 13.3159 -26.0504 212.094 0.00573952 -0.00490372 0.999972 13.2267 -26.5511 212.173 0.00756448 -0.00487803 0.999841 -1.10772 2.69086 15.5859 5.74312 51.0143 0
46287085 14.4466 -26.0686 212.109 0.00552144 -0.0044063 0.999975 14.5717 -26.5164 212.149 0.00737008 -0.00388321 0.999868 -1.06951 2.71155 16.0923 5.75633 50.6682 0
46413754 15.6096 -26.046 212.117 0.00545967 -0.00429483 0.999976 15.6981 -26.4497 212.349 0.00705972 -0.00276097 0.999884 -1.02785 2.73338 16.586 5.76782 50.3317 0
46540258 16.7983 -26.0546 212.13 0.00712129 -0.00178528 0.999973 16.8203 -26.3999 212.216 0.00666242 -0.00336131 0.999827 -0.988786 2.75119 17.0861 5.77816 49.9634 0
46666541 17.8983 -26.056 212.138 0.00674865 -0.000905863 0.999977 17.8249 -26.2362 212.295 0.00786443 -0.00132968 0.999854 -0.941673 2.77475 17.629 5.78104 49.5744 0
46792859 19.0459 -26.0035 212.145 0.0065762 -0.00024615 0.999978 19.0516 -26.2192 212.161 0.00822496 0.000987307 0.999864 -0.886805 2.80175 18.1894 5.78104 49.1934 0
46919363 20.1749 -25.9841 212.142 0.00772737 0.00215015 0.999968 20.1687 -26.2968 212.15 0.00797593 0.0033348 0.999881 -0.827052 2.82904 18.7847 5.77587 48.7886 0
47045633 21.3492 -25.9024 212.137 0.00810912 0.00352634 0.999961 21.283 -26.2687 212.128 0.00861006 0.00624621 0.999829 -0.754947 2.86323 19.3975 5.76639 48.4092 0
47172008 22.4068 -25.9589 212.137 0.00961866 0.00592625 0.999936 22.277 -26.3222 212.23 0.00978646 0.00778052 0.999783 -0.675086 2.89971 20.0119 5.74771 48.0441 0
47297998 23.4837 -26.0221 212.128 0.00969204 0.0063968 0.999933 23.6096 -26.5162 212.227 0.00975148 0.00950919 0.999858 -0.590916 2.9405 20.55 5.72933 47.7377 0
47422420 24.5218 -26.165 212.128 0.00779056 0.0055766 0.999954 24.7263 -26.5796 212.106 0.00936609 0.00915151 0.999776 -0.518811 2.97842 20.9834 5.71697 47.4837 0
47549291 25.2745 -25.965 212.143 0.00439552 0.00283081 0.999986 25.6364 -26.5982 212.208 0.00757418 0.00752638 0.99984 -0.498127 2.99422 21.0707 5.72933 47.4297 0
47675990 25.7411 -25.2649 212.149 0.00259268 0.00346308 0.999991 26.2258 -26.066 212.147 0.00705676 0.00694417 0.999906 -0.528865 2.98101 20.9771 5.76437 47.4297 0
47802296 26.0728 -24.2958 212.11 0.00333537 0.00624307 0.999975 26.813 -25.4406 212.075 0.00736787 0.00827855 0.999892 -0.58 2.95343 20.7564 5.81149 47.4885 0
47929084 26.2572 -23.195 212.116 0.00321841 0.00900701 0.999954 27.3993 -24.5043 212.304 0.0100504 0.0155021 0.999751 -0.653254 2.91551 20.404 5.87066 47.6377 0
48054925 26.341 -22.0691 212.132 0.00103665 0.00929112 0.999956 27.8655 -23.5795 212.314 0.0133169 0.0221979 0.999531 -0.737137 2.87615 19.8976 5.93645 47.8822 0
48181798 26.3204 -20.9834 212.143 -0.000211838 0.0094385 0.999955 27.8429 -22.4343 212.203 0.00961113 0.0189538 0.999661 -0.819296 2.83709 19.2991 6.00223 48.2203 0
48308806 26.2674 -19.8358 212.134 -0.0011864 0.00898292 0.999959 27.9218 -21.2207 212.081 0.00757018 0.0196761 0.999743 -0.894848 2.80118 18.6561 6.06802 48.6029 0
48436434 26.199 -18.7321 212.119 -0.00208919 0.00827377 0.999964 27.9035 -19.8482 212.172 0.00492905 0.018203 0.999682 -0.957761 2.7713 18.0608 6.1272 48.9728 0
48561487 26.0539 -17.6278 212.12 -0.0037922 0.0058299 0.999976 27.9594 -18.8242 212.183 0.00436221 0.0166382 0.999722 -1.01263 2.7466 17.4909 6.18207 49.3601 0
48687966 25.9588 -16.4867 212.126 -0.00653186 0.00291877 0.999974 27.9246 -17.6719 212.184 0.00214323 0.0138061 0.99979 -1.0606 2.7262 17.0162 6.23607 49.6729 0
48813934 25.9287 -15.3428 212.114 -0.00724812 0.0011593 0.999973 27.7582 -16.6254 212.197 0.00151506 0.011016 0.99983 -1.10168 2.70695 16.5479 0.00718177 49.9824 0
48941135 25.958 -14.2605 212.11 -0.0078952 -0.000128336 0.999969 27.8156 -15.4788 212.197 0.00137454 0.00820154 0.999865 -1.13558 2.69086 16.1685 0.0580287 50.2317 0
49067782 26.0093 -13.1649 212.106 -0.00716493 -0.000116726 0.999974 27.8719 -14.3528 212.197 0.00134476 0.00759492 0.999925 -1.16862 2.67305 15.751 0.110312 50.5158 0
49193708 26.0381 -12.0292 212.105 -0.00691 -0.00027753 0.999976 27.8056 -13.334 212.211 0.00193467 0.00718843 0.999834 -1.20223 2.65524 15.343 0.164606 50.7825 0
49318030 26.0844 -10.9666 212.155 -0.00683811 0.000252174 0.999977 27.7501 -12.0946 212.201 0.00253232 0.00691527 0.999852 -1.23412 2.63801 14.9858 0.216028 51.0492 0
49443662 26.1635 -9.8334 212.125 -0.00592719 0.00194313 0.999981 27.6952 -10.8655 212.191 0.00306344 0.00775215 0.999884 -1.26945 2.61732 14.5604 0.272333 51.281 0
49569776 26.117 -8.73656 212.091 -0.00508846 0.00121606 0.999986 27.5196 -9.75021 212.084 0.00382468 0.00832216 0.999817 -1.2999 2.60095 14.1413 0.32634 51.5334 0
49696437 26.1332 -7.64709 212.078 -0.00391149 0.00154243 0.999991 27.3512 -8.50977 212.074 0.00456985 0.00854021 0.999907 -1.33035 2.58371 13.7285 0.381208 51.7906 0
49820370 26.1345 -6.51487 212.106 -0.00366021 0.00217012 0.999991 27.1859 -7.27852 212.066 0.00499692 0.00974716 0.999904 -1.36138 2.56734 13.4015 0.438375 52.0065 0
49947098 26.1481 -5.41688 212.119 -0.00311482 0.00333972 0.99999 26.9173 -6.14904 212.182 0.00411868 0.0117492 0.999842 -1.38953 2.55211 13.1031 0.493818 52.197 0
50074188 26.1282 -4.30526 212.108 -0.00250028 0.00401922 0.999989 26.6538 -4.91931 212.064 0.00293528 0.0125381 0.999781 -1.41452 2.53947 12.8379 0.551273 52.351 0
50200456 26.1068 -3.24287 212.092 -0.00159007 0.00490814 0.999987 26.3799 -3.78355 212.068 0.00245359 0.0126839 0.999774 -1.4352 2.52913 12.6046 0.606716 52.4986 0
50328083 26.0693 -2.12393 212.098 -0.00106738 0.00587434 0.999982 26.1273 -2.30618 212.037 0.00143662 0.0118834 0.999868 -1.45043 2.52224 12.457 0.663021 52.6145 0
50454232 26.0309 -1.01083 212.092 -0.000789746 0.00690128 0.999976 25.9672 -1.29298 212.052 0.000131311 0.0126785 0.999808 -1.45905 2.5185 12.3696 0.71473 52.6796 0
50581397 26.0089 0.120067 212.084 -0.000454313 0.00712761 0.999974 25.9155 -0.16155 212.053 -0.000264197 0.0120902 0.999872 -1.46048 2.51793 12.3061 0.762704 52.7367 0
50707786 25.9949 1.23989 212.08 -0.000179386 0.00755072 0.999971 25.8617 0.974614 212.054 -0.000441485 0.0109923 0.999861 -1.45876 2.51822 12.2665 0.806082 52.7764 0
50835170 25.9853 2.35904 212.057 0.000720633 0.00711323 0.999974 25.7906 1.87126 211.967 -9.36119e-005 0.0106101 0.999894 -1.45158 2.5208 12.2172 0.845725 52.8209 0
50960290 25.9751 3.47863 212.063 0.00152091 0.00590971 0.999981 25.7221 2.89242 211.98 0.000728212 0.00994871 0.999824 -1.43664 2.52741 12.2522 0.879623 52.8352 0
51087253 25.9423 4.5148 212.058 0.00226288 0.00575395 0.999981 25.4291 3.91669 211.994 0.0017172 0.0101546 0.999912 -1.42285 2.53287 12.2871 0.910361 52.8336 0
51214394 25.632 5.24009 212.048 0.00529611 -0.000832557 0.999986 25.4699 4.81891 212.017 0.0021852 0.00975416 0.999822 -1.39901 2.54895 12.3649 0.935353 52.8574 0
51341253 25.7183 6.46008 212.043 0.00678074 -0.000788111 0.999977 25.293 5.95321 212.02 0.0032705 0.0094566 0.999835 -1.35678 2.56877 12.6697 0.953739 52.7209 0
51467589 25.7541 7.62367 212.045 0.00798123 0.000655714 0.999968 25.107 7.20596 212.011 0.00590493 0.00835177 0.999906 -1.31398 2.58917 13.0285 0.970688 52.5574 0
51587638 25.6477 8.56162 212.014 0.00992143 -0.000471452 0.999951 24.9195 8.33209 211.903 0.00795182 0.00775072 0.999813 -1.27519 2.611 13.4126 0.985913 52.3573 0
51714390 25.7337 9.82877 212.041 0.00968155 0.00110018 0.999953 24.9948 9.63739 211.882 0.00705052 0.0117241 0.999801 -1.23096 2.63399 13.9698 1.00143 52.043 0
51840859 25.785 11.0867 212.051 0.00960546 0.00243071 0.999951 25.0675 10.9576 211.86 0.00643575 0.0140899 0.999821 -1.18786 2.65697 14.5064 1.01723 51.7255 0
51966069 25.8554 12.2955 212.075 0.00827849 0.00395333 0.999958 25.0308 12.1879 211.962 0.00518582 0.0159889 0.999774 -1.15138 2.67593 15.016 1.03216 51.3985 0
52092165 25.8677 13.4464 212.083 0.00743439 0.00504701 0.99996 24.9956 13.3083 211.964 0.00301523 0.016584 0.999747 -1.11461 2.69517 15.4954 1.04538 51.0778 0
52219518 25.8424 14.6682 212.103 0.00589331 0.00662185 0.999961 25.0694 14.4434 212.075 0.00128464 0.0161841 0.999812 -1.07813 2.71327 15.9653 1.06032 50.7603 0
52346053 25.8598 15.6974 212.091 0.00531736 0.00767106 0.999956 25.0267 15.5722 212.077 -7.60382e-005 0.0158752 0.99974 -1.03791 2.73338 16.4178 1.06692 50.4428 0
52472111 25.8784 16.8034 212.098 0.00430263 0.00828185 0.999956 25.0795 16.5804 212.089 -0.000313908 0.0160088 0.999731 -0.993382 2.7555 16.9226 1.07181 50.0936 0
52596506 25.9071 17.9855 212.105 0.00278275 0.0110489 0.999935 25.0212 17.6919 211.979 -0.000172345 0.0163787 0.999815 -0.940237 2.77934 17.4401 1.07382 49.7554 0
52723207 25.8617 19.045 212.108 0.00055525 0.0123367 0.999924 25.0956 18.7932 211.98 -0.00214779 0.0184356 0.999763 -0.896285 2.79917 17.9084 1.07698 49.4268 0
52850377 25.94 20.1977 212.121 -0.00325701 0.0144714 0.99989 25.0771 20.0217 211.97 -0.0055256 0.0193344 0.999724 -0.839118 2.82358 18.5006 1.07209 49.0204 0
52975693 25.9085 21.2649 212.118 -0.00559562 0.0152768 0.999868 25.1577 20.9002 211.993 -0.00932972 0.0214828 0.99969 -0.778791 2.85116 19.0483 1.0652 48.6585 0
53103421 25.868 22.3743 212.095 -0.00723005 0.0168292 0.999832 25.1177 22.131 211.984 -0.0103972 0.0221444 0.99964 -0.704388 2.88535 19.5928 1.05313 48.3283 0
53229536 25.8316 23.442 212.061 -0.00852281 0.0179161 0.999803 25.3133 23.3545 211.974 -0.0128312 0.0223757 0.99953 -0.630847 2.92011 20.0706 1.04136 48.0441 0
53356516 25.8211 24.5424 212.06 -0.00944394 0.0183238 0.999788 25.2543 24.4772 211.975 -0.0124458 0.0227334 0.999612 -0.557305 2.95602 20.5024 1.0313 47.8203 0
53481939 25.4991 25.1871 212.045 -0.00715857 0.0160682 0.999845 24.9546 25.3875 211.889 -0.0115003 0.022078 0.999663 -0.528291 2.97469 20.631 1.03676 47.7584 0
53608727 24.8476 25.6461 212.067 -0.00737616 0.0141454 0.999873 24.759 25.8624 211.958 -0.0119155 0.0211137 0.999642 -0.542942 2.9698 20.6278 1.06204 47.7599 0
53734578 24.0279 25.9762 212.092 -0.00942891 0.0136475 0.999862 24.1237 26.3482 211.921 -0.013184 0.0201921 0.999629 -0.581436 2.94998 20.4992 1.10025 47.8187 0
53861939 23.0122 26.1913 212.102 -0.0125468 0.0141556 0.999821 23.2643 26.6145 212.019 -0.0153248 0.0213938 0.999541 -0.644348 2.91637 20.196 1.15425 47.9536 0
53989291 21.9902 26.3024 212.138 -0.0153492 0.0136973 0.999788 22.3867 26.9815 212.221 -0.0267356 0.0254799 0.999182 -0.724497 2.87558 19.7452 1.21832 48.1743 0
54113668 20.8776 26.2473 212.143 -0.013892 0.0111471 0.999841 21.397 26.9361 212.13 -0.0289546 0.0226478 0.99925 -0.810391 2.8368 19.0927 1.28755 48.533 0
54239947 19.7916 26.24 212.135 -0.015338 0.0111806 0.99982 20.1225 26.7084 212.174 -0.0255211 0.0179517 0.999419 -0.887954 2.79859 18.4355 1.35506 48.9188 0
54365929 18.7135 26.2071 212.109 -0.0166869 0.0116224 0.999793 18.9829 26.5569 212.095 -0.0241909 0.0151974 0.999549 -0.955175 2.76469 17.783 1.41739 49.3157 0
54492730 17.5764 26.0858 212.109 -0.0151213 0.01012 0.999834 18.0685 26.2805 212.137 -0.0235208 0.0139355 0.999541 -1.01464 2.73683 17.1448 1.47686 49.7443 0
54618785 16.4909 26.0041 212.128 -0.0138607 0.00791638 0.999873 16.9309 26.0094 212.18 -0.0228191 0.0132923 0.999595 -1.06807 2.71155 16.5892 1.53288 50.1126 0
54745075 15.3663 25.8853 212.122 -0.0111225 0.00550323 0.999923 15.664 25.7281 212.114 -0.0203809 0.0131702 0.999571 -1.11375 2.69086 16.0796 1.58717 50.4396 0
54871780 14.209 25.8374 212.119 -0.00886478 0.00419326 0.999952 14.5317 25.6815 212.136 -0.0190815 0.0122538 0.999642 -1.15081 2.67363 15.6288 1.64118 50.7444 0
54998671 13.0485 25.879 212.113 -0.00775924 0.00315562 0.999965 13.2904 25.6437 212.158 -0.0180438 0.0109857 0.999753 -1.18528 2.65668 15.2271 1.69605 50.9937 0
55124597 11.9446 25.938 212.109 -0.00793522 0.00322431 0.999963 12.1608 25.6972 212.058 -0.0166244 0.0100512 0.999701 -1.21688 2.63973 14.8303 1.74919 51.2493 0
55251602 10.8275 25.9105 212.096 -0.00689935 0.00347244 0.99997 11.0384 25.5287 212.091 -0.0169782 0.0103121 0.999681 -1.24589 2.62479 14.4239 1.80291 51.5191 0
55378742 9.69286 25.8405 212.099 -0.00418318 0.00211049 0.999989 9.80024 25.4863 212.114 -0.0162824 0.00954756 0.999746 -1.27519 2.61187 14.0905 1.85835 51.7287 0
55501746 8.60054 25.8872 212.094 -0.00432581 0.00234436 0.999988 8.66955 25.4251 212.024 -0.015331 0.00901345 0.999785 -1.30019 2.59865 13.7793 1.91179 51.9224 0
55627427 7.55768 25.6529 212.084 0.00206849 -0.000654037 0.999998 7.55002 25.2915 212.168 -0.0158134 0.00670257 0.999775 -1.32202 2.59405 13.6317 1.9635 51.9906 0
55753360 6.4408 25.7143 212.083 0.00308484 -0.000409003 0.999995 6.30553 25.2349 212.08 -0.0146122 0.00627758 0.9998 -1.33207 2.59032 13.5031 2.01319 52.0827 0
55879912 5.32542 25.8372 212.087 0.00146681 0.000616412 0.999999 5.17671 25.3051 212.091 -0.0131005 0.00473035 0.999808 -1.34299 2.58371 13.3412 2.0626 52.1986 0
56006631 4.18133 25.8235 212.102 0.00198044 0.000278154 0.999998 4.04924 25.264 212.113 -0.0123204 0.00321973 0.999823 -1.35592 2.57854 13.2348 2.1146 52.2684 0
56133895 3.09612 25.7277 212.085 0.00394095 0.000533396 0.999992 2.91917 25.2161 212.134 -0.0112589 0.00243687 0.999885 -1.35707 2.58084 13.2126 2.15999 52.2827 0
56260116 1.96679 25.7979 212.091 0.00285924 0.000697243 0.999996 1.79817 25.1679 212.156 -0.0111745 0.00169081 0.999835 -1.35764 2.58055 13.211 2.20365 52.2843 0
56385450 0.89595 25.734 212.078 0.00298734 0.001347 0.999995 0.676103 25.1209 212.179 -0.0109742 0.000817321 0.999796 -1.35419 2.58343 13.2142 2.24445 52.2843 0
56510584 -0.159201 25.6605 212.065 0.00285013 0.00250888 0.999993 -0.445741 25.1705 212.078 -0.0103884 0.000301516 0.999838 -1.34414 2.58946 13.2475 2.28093 52.2827 0
56635058 -1.27588 25.6931 212.071 0.00148459 0.00329011 0.999993 -1.56957 25.2268 212.089 -0.00941312 0.000252701 0.999829 -1.33179 2.5952 13.319 2.31626 52.2732 0
56761592 -2.37181 25.7317 212.073 0.000226777 0.00381306 0.999993 -2.46411 25.1457 211.997 -0.00988112 0.000653098 0.999919 -1.31714 2.6021 13.4348 2.34873 52.2256 0
56886572 -3.48634 25.7521 212.062 -0.000922248 0.00434765 0.99999 -3.81407 24.9864 212.033 -0.00973539 0.00113229 0.999869 -1.30019 2.61014 13.5793 2.38004 52.1526 0
57013117 -4.61982 25.7324 212.06 -0.00186275 0.00496751 0.999986 -5.04308 25.0604 212.045 -0.00943694 -0.000232595 0.999877 -1.28094 2.61962 13.746 2.41049 52.0795 0
57139527 -5.6959 25.783 212.066 -0.00306884 0.00505181 0.999983 -6.05113 24.9897 211.954 -0.00968672 -0.000341715 0.999891 -1.26112 2.62881 13.9476 2.43663 51.9763 0
57265435 -6.7925 25.7538 212.06 -0.0034996 0.00544658 0.999979 -7.28576 24.9266 211.977 -0.00936966 0.00111399 0.999865 -1.23814 2.64059 14.1842 2.4622 51.8509 0
57390530 -7.94405 25.7846 212.072 -0.00360173 0.0051318 0.99998 -8.43789 24.8696 211.999 -0.00593647 0.00131913 0.999917 -1.21487 2.65237 14.4778 2.4869 51.6779 0
57516061 -9.04792 25.8098 212.071 -0.0039954 0.00477934 0.999981 -9.35143 24.7961 212.019 -0.00418624 0.00209499 0.999937 -1.19217 2.66329 14.7557 2.50988 51.5017 0
57642418 -10.1546 25.8091 212.077 -0.00358275 0.00475062 0.999982 -10.4866 24.7371 212.041 -0.00257757 0.00250096 0.999874 -1.16517 2.67708 15.0827 2.52999 51.3001 0
57769718 -11.2307 25.6914 212.037 -0.00377827 0.00579413 0.999976 -11.4906 24.7953 212.05 -0.00249733 0.00164559 0.999957 -1.13386 2.69288 15.3764 2.54809 51.1111 0
57896407 -12.3665 25.7581 212.066 -0.00393962 0.00536592 0.999978 -12.6097 24.8323 211.951 -0.00221183 0.00248265 0.99987 -1.10053 2.70896 15.7637 2.56274 50.8841 0
58023475 -13.5586 25.8643 212.115 -0.00312299 0.00412623 0.999987 -13.7208 24.8015 212.083 -0.00301654 0.00105136 0.999901 -1.06692 2.72562 16.2209 2.57682 50.5904 0
58150877 -14.7785 26.0052 212.149 -0.00506713 0.00172108 0.999986 -14.7232 24.753 212.104 -0.00369338 -0.000264713 0.999918 -1.03475 2.73913 16.6337 2.59291 50.311 0
58277228 -15.8132 25.9624 212.131 -0.00516064 0.00121486 0.999986 -15.8461 24.6881 212.015 -0.00357743 -0.000392139 0.999929 -0.998553 2.75665 17.0274 2.6021 50.0253 0
58402458 -16.8853 25.9832 212.122 -0.00551936 0.00020404 0.999985 -16.7253 24.6434 212.146 -0.00534552 -0.00153197 0.999945 -0.956324 2.77676 17.4877 2.60727 49.6903 0
58527575 -18.0029 25.962 212.129 -0.00585525 -0.000761443 0.999983 -17.8325 24.7148 212.157 -0.00616393 -0.00321793 0.999879 -0.907775 2.80003 17.983 2.60985 49.3522 0
58654240 -19.1521 25.9661 212.131 -0.00725803 -0.00253962 0.99997 -18.8307 24.7732 212.056 -0.00687829 -0.00527397 0.999847 -0.853769 2.82502 18.5069 2.60985 48.9966 0
58780475 -20.2765 25.9708 212.138 -0.00869822 -0.00462563 0.999951 -19.9479 24.7327 212.078 -0.00720131 -0.00685099 0.999886 -0.798038 2.85059 19.0229 2.60813 48.6616 0
58907000 -21.362 25.9441 212.133 -0.00948681 -0.00623511 0.999936 -21.0592 24.6977 212.1 -0.00816544 -0.00901615 0.999869 -0.738573 2.87845 19.5277 2.60353 48.3378 0
59034669 -22.4645 25.9242 212.108 -0.0100005 -0.00725721 0.999924 -22.2881 24.7729 212.112 -0.00787295 -0.0105024 0.999889 -0.672213 2.91005 20.0214 2.59607 48.0346 0
59161599 -23.5143 25.8457 212.098 -0.00897908 -0.00692992 0.999936 -23.4146 24.7058 212.023 -0.00737934 -0.0104054 0.999872 -0.609588 2.94136 20.4357 2.59147 47.8028 0
59285868 -24.5504 25.7723 212.079 -0.00889552 -0.00689386 0.999937 -24.3262 24.5324 212.053 -0.00642191 -0.0108182 0.999899 -0.550123 2.97038 20.7866 2.58946 47.6044 0
59413192 -25.1388 25.3202 212.079 -0.00551078 -0.00461987 0.999974 -25.2477 24.2267 212.096 -0.00498382 -0.00893214 0.999813 -0.524556 2.98675 20.9136 2.59664 47.5345 0
59539485 -25.56 24.6111 212.092 -0.00204948 -0.00347831 0.999992 -25.7184 23.9056 212.022 -0.00425235 -0.00896875 0.999806 -0.528578 2.98819 20.9231 2.61617 47.5313 0
59664679 -25.9116 23.8807 212.117 -0.000124403 -0.00443326 0.99999 -26.2024 23.2671 212.093 -0.00366661 -0.00948456 0.999849 -0.556443 2.97498 20.8612 2.64691 47.5393 0
59791370 -26.191 23.0483 212.117 -0.00140675 -0.00702211 0.999974 -26.5687 22.6333 212.051 -0.00392905 -0.0122929 0.999885 -0.602407 2.9497 20.6405 2.68972 47.625 0
59917706 -26.3422 22.0884 212.141 -0.00249657 -0.00969816 0.99995 -26.7164 21.6 212.386 -0.00553684 -0.0175149 0.999689 -0.672213 2.91293 20.2516 2.74717 47.806 0
60043785 -26.4052 21.0586 212.161 -0.00451533 -0.0132781 0.999902 -26.8617 20.4496 212.399 -0.00851023 -0.0256116 0.999553 -0.765289 2.86438 19.6261 2.82243 48.1187 0
60170984 -26.3667 19.8393 212.172 -0.00314603 -0.0139733 0.999897 -26.744 18.9861 212.319 -0.00515207 -0.0268864 0.999507 -0.871867 2.81238 18.7943 2.91005 48.5838 0
60297425 -26.2731 18.6092 212.146 -0.00288475 -0.0145283 0.99989 -26.398 17.3908 212.248 -0.00296361 -0.0271175 0.999497 -0.964942 2.76613 17.9291 2.99164 49.1061 0
60423671 -26.093 17.3684 212.119 -0.00218352 -0.0137052 0.999904 -25.9223 16.0214 212.264 -0.00137875 -0.0271968 0.999482 -1.03303 2.73309 17.2083 3.05714 49.5681 0
60551095 -25.8886 16.1421 212.137 0.00137002 -0.010922 0.999939 -25.7666 14.872 212.26 -0.000180916 -0.0252745 0.999642 -1.08473 2.71097 16.7035 3.11114 49.8999 0
60677494 -25.7649 14.9892 212.128 0.00362213 -0.00840357 0.999958 -25.4916 13.8279 212.245 0.000771312 -0.023352 0.999683 -1.11863 2.69718 16.3447 3.15739 50.1253 0
60803598 -25.7446 13.8579 212.108 0.00388334 -0.00658538 0.999971 -25.7878 12.8113 212.235 0.00319244 -0.0213814 0.999698 -1.13845 2.68914 16.0622 3.2002 50.3269 0
60928989 -25.828 12.7891 212.113 0.00432342 -0.00627849 0.999971 -25.8312 11.9044 212.323 0.00317532 -0.0192888 0.999737 -1.16287 2.67765 15.7891 3.24702 50.5047 0
61055226 -25.9391 11.7366 212.141 0.00470334 -0.00644615 0.999968 -25.8857 10.8848 212.312 0.00359643 -0.0182031 0.999746 -1.18786 2.6653 15.524 3.29557 50.6889 0
61182253 -25.9564 10.6936 212.12 0.00434882 -0.00655387 0.999969 -25.9492 9.86915 212.3 0.00497498 -0.0175303 0.999781 -1.21314 2.65237 15.2128 3.34469 50.8746 0
61308731 -26.0477 9.60645 212.129 0.0037898 -0.00753753 0.999964 -25.9003 8.60868 212.198 0.00492035 -0.0161776 0.999771 -1.24158 2.63657 14.8731 3.39956 51.0969 0
61436048 -26.1645 8.51641 212.114 0.00328007 -0.00881605 0.999956 -25.8473 7.48059 212.197 0.00517608 -0.0159472 0.999745 -1.27146 2.61933 14.5239 3.45644 51.2921 0
61562631 -26.1234 7.41735 212.101 0.00283229 -0.0089386 0.999956 -25.6754 6.4512 212.072 0.00504226 -0.0161837 0.99977 -1.30105 2.60325 14.154 3.51332 51.5207 0
61688977 -26.1346 6.27139 212.106 0.00279618 -0.00946259 0.999951 -25.5217 5.21442 212.191 0.00604912 -0.0156139 0.999821 -1.33638 2.58343 13.7651 3.57623 51.7588 0
61815276 -26.219 5.06203 212.116 0.00279414 -0.0106411 0.999939 -25.03 3.96154 212.085 0.00632196 -0.0174761 0.999756 -1.40044 2.54579 13.1634 3.65811 52.0986 0
61941297 -26.1466 3.83801 212.06 0.000326913 -0.0125944 0.999921 -24.2233 2.69062 211.977 0.00867922 -0.0191994 0.999647 -1.46623 2.50443 12.3744 3.73998 52.6002 0
62069881 -24.7863 2.44708 212.032 0.00501449 -0.0162197 0.999856 -22.76 1.53162 212.074 0.0132915 -0.0222638 0.999514 -1.50817 2.48173 11.9521 3.79571 52.8828 0
62194189 -24.8271 1.57119 212.045 0.00556295 -0.0164399 0.999849 -22.8926 0.965371 212.018 0.0124696 -0.0216025 0.999583 -1.48059 2.49638 12.1188 3.81409 52.7907 0
62320623 -25.0896 0.552013 212.044 0.00556203 -0.0164908 0.999849 -23.3738 0.199903 211.989 0.011982 -0.0215781 0.999588 -1.4556 2.50931 12.2966 3.84225 52.6907 0
62442920 -25.3607 -0.366766 212.028 0.0035826 -0.0151702 0.999879 -23.64 -0.812074 211.869 0.0110186 -0.0212866 0.999573 -1.42486 2.52741 12.4443 3.87183 52.6447 0
62569274 -25.4666 -1.43219 212.026 0.00307622 -0.0144024 0.999892 -24.0271 -2.17007 211.781 0.00930248 -0.0189752 0.999738 -1.40274 2.54062 12.6109 3.90458 52.5844 0
62695332 -25.5694 -2.62823 212.014 0.00133512 -0.0128164 0.999917 -24.398 -3.173 211.883 0.00795029 -0.0166941 0.999778 -1.37028 2.56044 12.8443 3.93877 52.5002 0
62821808 -25.6654 -3.70211 212.04 0.0011336 -0.012478 0.999922 -24.7858 -4.4063 211.897 0.00707384 -0.0146801 0.999837 -1.34615 2.57395 13.0888 3.96549 52.397 0
62947492 -25.7258 -4.61221 212.039 0.000661237 -0.0105289 0.999944 -25.0534 -5.2826 211.987 0.00719575 -0.0146862 0.999835 -1.3203 2.59032 13.3872 3.98588 52.2208 0
63073530 -25.8179 -5.77396 212.064 0.000795185 -0.0100351 0.999949 -25.2196 -6.4168 211.989 0.00705493 -0.0125995 0.999754 -1.29214 2.60583 13.7158 4.01059 52.0446 0
63200067 -25.8615 -6.91423 212.07 0.000812338 -0.00973328 0.999952 -25.3821 -7.54338 211.988 0.00650849 -0.0113317 0.999882 -1.2637 2.62106 14.0349 4.03386 51.862 0
63326149 -25.7403 -8.02247 212.063 -0.000482469 -0.00684146 0.999976 -25.5423 -8.52937 212.089 0.00647098 -0.0120716 0.999833 -1.22636 2.64375 14.4445 4.05282 51.6239 0
63452372 -25.7834 -9.15179 212.088 -0.000680951 -0.00535678 0.999985 -25.8146 -9.64041 212.202 0.0059287 -0.0106945 0.999827 -1.18557 2.66616 14.9223 4.06517 51.3461 0
63578601 -25.9201 -10.3056 212.101 -0.000222485 -0.00604305 0.999982 -26.0919 -10.7611 212.203 0.00574621 -0.00945708 0.99983 -1.14707 2.68483 15.3541 4.07838 51.0842 0
63705092 -25.9093 -11.42 212.116 0.00014863 -0.00522811 0.999986 -26.1481 -11.7669 212.192 0.00633791 -0.00985157 0.99986 -1.11289 2.70264 15.7558 4.09332 50.8302 0
63830752 -25.8501 -12.552 212.101 -0.000358813 -0.00378636 0.999993 -26.3271 -12.9992 212.203 0.00698498 -0.00914211 0.999903 -1.0675 2.72677 16.2336 4.10165 50.5158 0
63956909 -25.8394 -13.6731 212.1 -0.000541779 -0.00248255 0.999997 -26.3771 -14.1336 212.203 0.00632675 -0.0076376 0.999887 -1.01981 2.75177 16.7273 4.10625 50.1983 0
64078447 -25.9606 -14.7697 212.132 0.000343093 -0.00204047 0.999998 -26.5219 -15.0172 212.292 0.0052355 -0.00746136 0.999886 -0.97672 2.77331 17.1972 4.11113 49.8935 0
64200539 -26.0313 -15.8715 212.154 0.00138471 -0.0017205 0.999998 -26.4709 -16.1395 212.29 0.00570528 -0.00784974 0.999917 -0.935353 2.794 17.6465 4.11745 49.5872 0
64325662 -26.0649 -16.9822 212.159 0.00219086 -0.00173288 0.999996 -26.6505 -17.1536 212.169 0.00741205 -0.00793516 0.9999 -0.890252 2.8164 18.0926 4.12205 49.2792 0
64452962 -26.0786 -18.1007 212.15 0.00285291 -0.00199963 0.999994 -26.6077 -18.3961 212.29 0.00835653 -0.006146 0.999832 -0.83998 2.84139 18.5403 4.12435 48.9791 0
64578672 -26.0615 -19.1732 212.147 0.00357483 -0.00209894 0.999991 -26.6638 -19.3996 212.278 0.00893632 -0.00678313 0.999887 -0.791144 2.86581 18.953 4.12607 48.7093 0
64705767 -26.1484 -20.2949 212.159 0.00504581 -0.0029849 0.999983 -26.5018 -20.5388 212.276 0.00946565 -0.00595826 0.999797 -0.738286 2.89081 19.4054 4.12693 48.4235 0
64832125 -26.0943 -21.4111 212.128 0.0055866 -0.00417491 0.999976 -26.2213 -21.6784 212.271 0.00923552 -0.0056914 0.999897 -0.678821 2.91953 19.8134 4.12636 48.1727 0
64957963 -26.0468 -22.5057 212.114 0.00621015 -0.00491302 0.999969 -26.2814 -22.8108 212.16 0.0094853 -0.00558227 0.999882 -0.622516 2.94625 20.196 4.12664 47.9489 0
65085872 -26.0385 -23.6137 212.121 0.00642958 -0.00444919 0.999969 -25.8966 -23.9399 212.266 0.0102049 -0.00586153 0.999899 -0.563338 2.97411 20.6199 4.12664 47.7139 0
65212005 -25.9495 -24.708 212.127 0.00650679 -0.00408834 0.99997 -25.6355 -25.0807 212.263 0.0120574 -0.00546776 0.999833 -0.503873 3.00054 21.0358 4.12779 47.4837 0
65338208 -25.4696 -25.4329 212.168 0.00752197 -0.00310835 0.999967 -25.247 -25.8797 212.336 0.0141358 -0.00545017 0.999801 -0.488935 3.00945 21.1199 4.14101 47.425 0
65464753 -24.8452 -25.8574 212.188 0.00827437 -0.00105566 0.999965 -24.8342 -26.4598 212.387 0.0147632 -0.00511671 0.999759 -0.508756 3.00456 21.0056 4.16485 47.425 0
65590824 -24.0589 -26.1279 212.152 0.00895534 -0.000387578 0.99996 -24.3001 -26.8256 212.304 0.015343 -0.00575384 0.999813 -0.549262 2.98647 20.7818 4.20047 47.4774 0
65716317 -23.0809 -26.2441 212.147 0.00956924 3.74306e-005 0.999954 -23.4637 -27.1885 212.33 0.0195409 -0.007326 0.999662 -0.614472 2.954 20.4262 4.25189 47.6456 0
65841475 -22.018 -26.3106 212.169 0.0107515 0.000169304 0.999942 -22.5251 -27.5374 212.465 0.0249162 -0.00980845 0.999583 -0.686864 2.91752 19.9912 4.31021 47.8742 0
65973736 -20.8619 -26.3101 212.166 0.0115218 0.000154149 0.999934 -21.3841 -27.5219 212.331 0.0225043 -0.00673248 0.999682 -0.765576 2.87702 19.4515 4.37801 48.179 0
66101550 -19.7638 -26.3068 212.161 0.0122376 0.000254386 0.999925 -20.2938 -27.589 212.32 0.0251317 -0.00551404 0.999645 -0.838256 2.83967 18.9006 4.44437 48.4997 0
66224597 -18.6356 -26.2814 212.154 0.0128381 0.000207859 0.999918 -18.8337 -27.5535 212.406 0.0247173 -0.00402172 0.999627 -0.90519 2.80549 18.3244 4.50929 48.8585 0
66352019 -17.4121 -26.1788 212.146 0.0119695 0.00145487 0.999927 -17.6114 -27.5113 212.384 0.0257343 -0.00322127 0.999532 -0.963506 2.7782 17.756 4.56818 49.222 0
66478104 -16.1812 -26.1124 212.159 0.0111563 0.00327013 0.999932 -16.3667 -27.4727 212.361 0.0243267 -0.00204412 0.999559 -1.01837 2.75292 17.2322 4.62736 49.5586 0
66605648 -15.057 -26.0983 212.152 0.0106615 0.00423344 0.999934 -15.2325 -27.434 212.227 0.0226455 -0.00146138 0.999649 -1.0652 2.73051 16.775 4.68366 49.8411 0
66731781 -13.9581 -26.0387 212.127 0.010044 0.0037768 0.999942 -14.1098 -27.4905 212.327 0.0219754 -0.000199509 0.999657 -1.10657 2.70954 16.3098 4.73939 50.1428 0
66858116 -12.8273 -26.0817 212.129 0.00963779 0.00431525 0.999944 -12.8703 -27.4425 212.304 0.021128 -3.54728e-005 0.999653 -1.14592 2.69 15.9082 4.79713 50.3936 0
66984394 -11.7551 -26.0998 212.12 0.00954412 0.00399314 0.999946 -11.6366 -27.5145 212.292 0.02033 0.00111117 0.999674 -1.18154 2.67104 15.5161 4.85344 50.6428 0
67110639 -10.6574 -26.09 212.116 0.00922112 0.00370918 0.999951 -10.6255 -27.4517 212.271 0.0200742 0.000880729 0.999701 -1.21429 2.65381 15.1367 4.90974 50.8952 0
67235934 -9.558 -26.1253 212.121 0.00915739 0.00363475 0.999951 -9.27463 -27.4127 212.246 0.0192465 0.00142075 0.999782 -1.24331 2.63829 14.8096 4.96547 51.1111 0
67362697 -8.42498 -26.1846 212.121 0.0100281 0.00340955 0.999944 -8.15669 -27.4732 212.235 0.0189045 0.00192436 0.999737 -1.27261 2.62106 14.4842 5.02322 51.3191 0
67487586 -7.3154 -26.1263 212.123 0.00909278 0.00344993 0.999953 -6.92307 -27.3148 212.202 0.0192822 0.0021487 0.999709 -1.29559 2.61014 14.1953 5.07694 51.5207 0
67615178 -6.20044 -26.1555 212.127 0.00938083 0.00363121 0.999949 -5.68873 -27.2565 212.29 0.0191722 0.00239745 0.999686 -1.31685 2.59836 13.9571 5.13037 51.6731 0
67741695 -5.09085 -26.1311 212.123 0.0101845 0.00298208 0.999944 -4.56847 -27.2003 212.268 0.0191662 0.00227612 0.999699 -1.33179 2.58888 13.7158 5.18035 51.8573 0
67867601 -3.91774 -26.1519 212.126 0.0103454 0.00273006 0.999943 -3.34738 -27.2747 212.145 0.0195439 0.00250047 0.999671 -1.34098 2.58371 13.5555 5.23034 51.9874 0
67993978 -2.82799 -26.1342 212.13 0.010287 0.00276309 0.999943 -2.10936 -27.211 212.233 0.0190384 0.0021609 0.999712 -1.35046 2.57883 13.4158 5.27774 52.0954 0
68121034 -1.77103 -26.0359 212.093 0.0100063 0.00186782 0.999948 -0.874684 -27.2617 212.332 0.0183069 0.00219751 0.999719 -1.35391 2.57739 13.2666 5.32226 52.2018 0
68248622 -0.618402 -26.0453 212.096 0.00985063 0.00166858 0.99995 0.133193 -27.311 212.322 0.0178133 0.0021006 0.999736 -1.35448 2.57768 13.2094 5.36737 52.2557 0
68375001 0.489543 -26.0579 212.094 0.0099117 0.00154441 0.99995 1.36794 -27.2693 212.187 0.0173078 0.00176103 0.999777 -1.35305 2.57883 13.184 5.40873 52.2811 0
68501628 1.5867 -26.0347 212.08 0.00986956 0.00108154 0.999951 2.379 -27.2076 212.166 0.017058 0.00165191 0.999791 -1.34845 2.58199 13.1713 5.44809 52.297 0
68627706 2.67104 -26.0143 212.078 0.00994759 0.000624525 0.99995 3.61083 -27.2696 212.265 0.0166317 0.00290158 0.999797 -1.34069 2.58687 13.1936 5.48457 52.3018 0
68753981 3.80369 -25.9792 212.082 0.0107634 0.000252864 0.999942 4.62298 -27.0932 212.234 0.0168499 0.00239206 0.999721 -1.3292 2.59233 13.2459 5.51962 52.3034 0
68880315 4.82966 -25.8494 212.064 0.00829734 -0.00287336 0.999961 5.51865 -27.0131 212.214 0.0170205 0.00091195 0.999742 -1.29731 2.61704 13.3983 5.5403 52.2684 0
69006421 5.93127 -25.9265 212.072 0.00931682 -0.00346614 0.999951 6.19425 -27.0481 212.208 0.016295 0.00106988 0.999737 -1.26342 2.63571 13.6714 5.55639 52.151 0
69132955 6.99035 -25.9597 212.065 0.0107334 -0.00418525 0.999934 7.22277 -26.9789 212.075 0.0139916 -0.00101613 0.999855 -1.22693 2.65295 13.9714 5.57334 52.0255 0
69259732 8.10609 -26.0036 212.06 0.0106016 -0.00504523 0.999931 7.92469 -27.0807 212.079 0.00985103 -0.00560058 0.999879 -1.18729 2.67334 14.3381 5.59 51.8525 0
69384576 9.16559 -26.1104 212.075 0.00989752 -0.0054348 0.999936 9.04081 -27.3399 212.201 0.00871036 -0.00640695 0.999853 -1.15196 2.69173 14.7064 5.60666 51.6588 0
69510057 10.2698 -26.1758 212.088 0.00973479 -0.00587454 0.999935 10.1501 -27.392 212.19 0.00930206 -0.00680143 0.999883 -1.11834 2.70781 15.0557 5.62706 51.4604 0
69636360 11.3877 -26.2125 212.097 0.00960701 -0.00594871 0.999936 11.3704 -27.343 212.168 0.0105271 -0.00674112 0.999859 -1.08646 2.7239 15.3907 5.64659 51.254 0
69761755 12.5122 -26.2349 212.114 0.00960503 -0.00610741 0.999935 12.5854 -27.3995 212.267 0.0119039 -0.0060803 0.999773 -1.05227 2.74229 15.7066 5.66297 51.054 0
69885353 13.5983 -26.2823 212.114 0.0099253 -0.00604863 0.999932 13.7059 -27.3399 212.245 0.0118801 -0.0065656 0.999822 -1.0201 2.7601 15.9907 5.67819 50.8429 0
70012633 14.6938 -26.3125 212.105 0.0101584 -0.00659174 0.999927 14.7144 -27.3767 212.235 0.0113192 -0.00800909 0.99985 -0.987349 2.77963 16.2225 5.69141 50.654 0
70140122 15.8874 -26.3939 212.119 0.00975195 -0.0070215 0.999928 15.7327 -27.1911 212.093 0.0106952 -0.0106899 0.999757 -0.95891 2.79945 16.4035 5.70663 50.5031 0
70265518 16.9553 -26.425 212.119 0.0093171 -0.00788564 0.999926 16.6456 -26.9926 212.062 0.00960318 -0.0129702 0.999753 -0.938226 2.81525 16.5305 5.72502 50.3761 0
70390259 17.9811 -26.3754 212.102 0.00886595 -0.00921747 0.999918 17.435 -26.8002 211.921 0.00961433 -0.0151842 0.999726 -0.918117 2.83019 16.6861 5.74513 50.2206 0
70516830 18.9717 -26.2956 212.048 0.00828799 -0.0113811 0.999901 18.3594 -26.4831 211.88 0.00786931 -0.0182954 0.999692 -0.891976 2.84858 16.8908 5.76179 50.038 0
70642951 19.988 -26.2206 212.026 0.0066948 -0.0138366 0.999882 19.4036 -26.2798 211.848 0.00464347 -0.0216973 0.999708 -0.852045 2.87414 17.2417 5.77098 49.7745 0
70770432 21.0263 -26.045 212.016 0.00452289 -0.0162302 0.999858 20.4474 -26.1773 211.828 0.000872824 -0.0261907 0.999595 -0.777642 2.91379 17.9116 5.75949 49.3744 0
70899042 21.9972 -26.4324 211.971 -0.00180082 -0.0244388 0.9997 21.7939 -26.8764 211.882 -0.00358583 -0.0297863 0.999525 -0.5642 3.03042 19.3276 5.66326 48.6696 0
