0	0.062
0	0.093
0	0.109
0	0.125
0	0.156
0	0.171
0	0.203
0	0.218
0	0.234
0	0.265
0	0.281
0	0.296
0	0.327
0	0.343
0	0.359
0	0.39
0	0.405
0	0.421
0	0.452
0	0.483
0	0.483
0	0.515
0	0.53
0	0.561
0	0.577
0	0.593
0	0.624
0	0.639
0	0.655
0	0.686
0	0.702
0	0.733
0	0.749
0	0.764
0	0.78
0	0.811
0	0.827
0	0.842
0	0.873
0	0.889
0	0.92
0	0.936
0	0.967
0	0.983
0	0.998
0	1.014
0	1.045
0	1.061
0	1.092
0	1.107
0	1.123
0	1.139
0	1.17
0	1.185
0	1.217
0	1.232
0	1.263
0	1.279
0	1.295
0	1.31
0	1.341
0	1.357
0	1.373
0	1.404
0	1.419
0	1.451
0	1.466
0	1.482
0	1.513
0	1.529
0	1.544
0	1.575
0	1.591
0	1.607
0	1.638
0	1.653
0	1.669
0	1.7
0	1.716
0	1.731
0	1.763
0	1.778
0	1.809
0	1.825
0	1.841
0	1.872
0	1.887
0	1.903
0	1.934
0	1.95
0	1.965
0	1.997
0	2.012
0	2.028
0	2.059
0	2.075
0	2.09
0	2.121
0	2.137
0	2.168
0	2.184
0	2.199
0	2.231
0	2.246
0	2.277
0	2.293
0	2.309
0	2.34
0	2.355
0	2.371
0	2.387
0	2.418
0	2.433
0	2.465
0	2.48
0	2.511
0	2.527
0	2.543
0	2.558
0	2.589
0	2.605
0	2.621
0	2.652
0	2.667
0	2.683
0	2.714
0	2.73
0	2.761
0	2.777
0	2.792
0	2.808
0	2.839
0	2.855
0	2.886
0	2.901
0	2.917
0	2.948
0	2.964
0	2.979
0	3.011
0	3.026
0	3.042
0	3.073
0	3.089
0	3.104
0	3.135
0	3.167
0	3.182
0	3.198
0	3.213
0	3.245
0	3.26
0	3.276
0	3.307
0	3.323
0	3.338
0	3.369
0	3.385
0	3.416
0	3.432
0	3.463
0	3.463
0	3.494
0	3.51
0	3.541
0	3.557
0	3.572
0	3.603
0	3.619
0	3.635
0	3.666
0	3.681
0	3.713
0	3.728
0	3.744
0	3.775
0	3.791
0	3.806
0	3.837
0	3.853
0	3.869
0	3.9
0	3.915
0	3.947
0	3.962
0	3.978
0	3.993
0	4.025
0	4.04
0	4.071
0	4.087
0	4.103
0	4.134
0	4.149
0	4.165
0	4.196
0	4.212
0	4.227
0	4.259
0	4.274
0	4.29
0	4.321
0	4.352
0	4.352
0	4.383
0	4.399
0	4.43
0	4.446
0	4.461
0	4.493
0	4.508
0	4.524
0	4.555
0	4.571
0	4.586
0	4.617
0	4.633
0	4.649
0	4.68
0	4.695
0	4.711
0	4.742
0	4.758
0	4.789
0	4.805
0	4.82
0	4.851
0	4.867
0	4.898
0	4.914
0	4.929
0	4.945
0	4.976
0	4.992
0	5.007
0	5.039
0	5.07
0	5.085
0	5.101
0	5.117
0	5.148
0	5.163
0	5.195
0	5.21
0	5.226
0	5.241
0	5.288
0	5.304
0	5.335
0	5.351
0	5.366
0	5.397
0	5.413
0	5.444
0	5.46
0	5.475
0	5.507
0	5.522
0	5.538
0	5.569
0	5.585
0	5.6
0	5.631
0	5.647
0	5.663
0	5.694
0	5.709
0	5.741
0	5.756
0	5.772
0	5.803
0	5.819
0	5.85
0	5.865
0	5.881
0	5.897
0	5.928
0	5.943
0	5.959
0	5.99
0	6.006
0	6.037
0	6.053
0	6.068
0	6.099
0	6.115
0	6.131
0	6.162
0	6.177
0	6.193
0	6.224
0	6.24
0	6.271
0	6.287
0	6.302
0	6.318
0	6.349
0	6.365
0	6.396
0	6.411
0	6.427
0	6.458
0	6.474
0	6.489
0	6.521
0	6.536
0	6.552
0	6.583
0	6.599
0	6.614
0	6.645
0	6.677
0	6.677
0	6.708
0	6.723
0	6.755
0	6.77
0	6.786
0	6.817
0	6.833
0	6.848
0	6.879
0	6.895
0	6.911
0	6.942
0	6.957
0	6.973
0	7.004
0	7.02
0	7.035
0	7.067
0	7.082
0	7.113
0	7.129
0	7.145
0	7.176
0	7.191
0	7.223
0	7.238
0	7.254
0	7.269
0	7.301
0	7.316
0	7.347
0	7.363
0	7.379
0	7.41
0	7.425
0	7.441
0	7.472
0	7.488
0	7.503
0	7.535
0	7.55
0	7.566
0	7.597
0	7.613
0	7.628
0	7.659
0	7.675
0	7.706
0	7.722
0	7.737
0	7.769
0	7.784
0	7.8
0	7.831
0	7.847
0	7.862
0	7.893
0	7.909
0	7.925
0	7.956
0	7.971
0	7.987
0	8.018
0	8.034
0	8.065
0	8.081
0	8.112
0	8.127
0	8.143
0	8.174
0	8.19
0	8.205
0	8.221
0	8.252
0	8.268
0	8.283
0	8.315
0	8.33
0	8.346
0	8.377
0	8.393
0	8.424
0	8.439
0	8.455
0	8.486
0	8.502
0	8.533
0	8.549
0	8.564
0	8.58
0	8.611
0	8.627
0	8.658
0	8.673
0	8.689
0	8.72
0	8.736
0	8.751
0	8.783
0	8.798
0	8.829
0	8.845
0	8.876
0	8.876
0	8.907
0	8.923
0	8.939
0	8.97
0	8.985
0	9.001
0	9.032
0	9.048
0	9.079
0	9.095
0	9.11
0	9.141
0	9.157
0	9.173
0	9.204
0	9.219
0	9.235
0	9.266
0	9.282
0	9.313
0	9.329
0	9.344
0	9.375
0	9.391
0	9.407
0	9.438
0	9.453
0	9.469
0	9.5
0	9.516
0	9.547
0	9.563
0	9.578
0	9.594
0	9.625
0	9.641
0	9.672
0	9.687
0	9.703
0	9.734
0	9.75
0	9.765
0	9.797
0	9.812
0	9.843
0	9.859
0	9.875
0	9.906
0	9.921
0	9.937
0	9.968
0	9.984
0	9.999
0	10.031
0	10.046
0	10.062
0	10.093
0	10.109
0	10.124
0	10.155
0	10.171
0	10.202
0	10.218
0	10.233
0	10.265
0	10.28
0	10.296
0	10.327
0	10.343
0	10.358
0	10.389
0	10.405
0	10.436
0	10.452
0	10.467
0	10.483
0	10.514
0	10.53
0	10.545
0	10.577
0	10.592
0	10.623
0	10.639
0	10.655
0	10.686
0	10.701
0	10.733
0	10.748
0	10.764
0	10.779
0	10.811
0	10.826
0	10.842
0	10.873
0	10.889
0	10.904
0	10.935
0	10.951
0	10.967
0	10.998
0	11.013
0	11.045
0	11.06
0	11.076
0	11.107
0	11.123
0	11.138
0	11.169
0	11.185
0	11.201
0	11.232
0	11.247
0	11.263
0	11.294
0	11.31
0	11.341
0	11.357
0	11.372
0	11.403
0	11.419
0	11.435
0	11.466
0	11.481
0	11.497
0	11.528
0	11.544
0	11.575
0	11.591
0	11.622
0	11.637
0	11.653
0	11.669
0	11.7
0	11.715
0	11.731
0	11.762
0	11.778
0.01	11.793
0.03	11.825
0.04	11.84
0.05	11.871
0.06	11.887
0.08	11.903
0.08	11.934
0.08	11.949
0.08	11.965
0.08	11.996
0.08	12.012
0.08	12.043
0.08	12.059
0.08	12.074
0.08	12.09
0.08	12.121
0.08	12.137
0.08	12.152
0.08	12.183
0.08	12.199
0.08	12.23
0.08	12.246
0.08	12.261
0.08	12.293
0.08	12.308
0.08	12.324
0.08	12.355
0.08	12.371
0.08	12.386
0.08	12.417
0.08	12.433
0.08	12.449
0.09	12.48
0.1	12.495
0.12	12.511
0.13	12.542
0.14	12.558
0.15	12.589
0.17	12.605
0.18	12.62
0.19	12.651
0.21	12.667
0.22	12.683
0.23	12.714
0.24	12.729
0.26	12.761
0.27	12.776
0.28	12.807
0.29	12.823
0.29	12.839
0.29	12.854
0.29	12.885
0.29	12.901
0.29	12.917
0.29	12.948
0.29	12.963
0.29	12.979
0.29	13.01
0.29	13.026
0.29	13.057
0.29	13.073
0.29	13.088
0.29	13.119
0.29	13.135
0.29	13.151
0.29	13.182
0.31	13.197
0.32	13.213
0.33	13.244
0.35	13.26
0.36	13.275
0.37	13.307
0.38	13.322
0.4	13.353
0.41	13.369
0.42	13.4
0.44	13.416
0.45	13.431
0.45	13.447
0.45	13.478
0.45	13.494
0.45	13.509
0.45	13.541
0.45	13.556
0.46	13.587
0.47	13.603
0.49	13.619
0.49	13.634
0.49	13.665
0.49	13.681
0.49	13.697
0.49	13.728
0.49	13.743
0.49	13.775
0.49	13.79
0.49	13.821
0.49	13.837
0.49	13.853
0.49	13.868
0.49	13.899
0.49	13.915
0.49	13.931
0.49	13.962
0.5	13.977
0.51	13.993
0.53	14.024
0.54	14.04
0.55	14.071
0.56	14.087
0.58	14.102
0.58	14.118
0.58	14.149
0.58	14.18
0.58	14.196
0.58	14.211
0.58	14.227
0.58	14.258
0.58	14.274
0.58	14.289
0.58	14.321
0.58	14.336
0.58	14.367
0.58	14.383
0.58	14.399
0.58	14.43
0.56	14.445
0.56	14.461
0.56	14.492
0.56	14.508
0.56	14.539
0.56	14.555
0.56	14.57
0.56	14.586
0.56	14.617
0.56	14.633
0.56	14.648
0.56	14.679
0.56	14.695
0.56	14.726
0.56	14.742
0.58	14.757
0.59	14.789
0.6	14.804
0.62	14.82
0.62	14.851
0.62	14.867
0.62	14.882
0.62	14.913
0.62	14.929
0.62	14.96
0.62	14.976
0.62	15.007
0.62	15.023
0.62	15.038
0.62	15.054
0.62	15.085
0.62	15.101
0.62	15.116
0.62	15.147
0.62	15.163
0.62	15.194
0.62	15.21
0.62	15.225
0.62	15.241
0.62	15.272
0.63	15.288
0.64	15.303
0.65	15.335
0.67	15.35
0.68	15.381
0.68	15.397
0.68	15.413
0.68	15.444
0.68	15.459
0.68	15.475
0.68	15.506
0.68	15.522
0.68	15.537
0.69	15.569
0.71	15.584
0.72	15.615
0.72	15.631
0.72	15.662
0.72	15.678
0.72	15.693
0.72	15.725
0.72	15.74
0.72	15.756
0.72	15.771
0.72	15.803
0.72	15.818
0.72	15.834
0.72	15.865
0.72	15.881
0.72	15.912
0.72	15.927
0.72	15.943
0.72	15.974
0.72	15.99
0.72	16.005
0.72	16.037
0.72	16.052
0.72	16.068
0.73	16.099
0.73	16.115
0.74	16.13
0.76	16.161
0.77	16.177
0.78	16.193
0.78	16.224
0.78	16.255
0.78	16.271
0.78	16.286
0.78	16.302
0.78	16.333
0.78	16.349
0.78	16.364
0.78	16.395
0.78	16.411
0.78	16.427
0.78	16.458
0.78	16.473
0.78	16.489
0.78	16.52
0.78	16.551
0.78	16.551
0.78	16.583
0.78	16.614
0.78	16.629
0.78	16.645
0.78	16.661
0.78	16.692
0.78	16.707
0.78	16.723
0.78	16.754
0.78	16.77
0.78	16.785
0.78	16.817
0.78	16.832
0.78	16.863
0.78	16.879
0.78	16.895
0.78	16.926
0.78	16.941
0.77	16.957
0.76	16.988
0.74	17.004
0.73	17.019
0.73	17.051
0.73	17.066
0.73	17.082
0.73	17.113
0.73	17.129
0.73	17.144
0.73	17.175
0.73	17.207
0.72	17.222
0.71	17.238
0.69	17.253
0.68	17.285
0.68	17.3
0.68	17.316
0.68	17.347
0.68	17.363
0.68	17.378
0.68	17.409
0.68	17.425
0.68	17.441
0.68	17.472
0.68	17.487
0.68	17.503
0.68	17.534
0.68	17.565
0.68	17.581
0.68	17.597
0.68	17.612
0.68	17.643
0.68	17.659
0.68	17.69
0.68	17.706
0.67	17.721
0.67	17.753
0.65	17.768
0.64	17.799
0.63	17.815
0.62	17.831
0.6	17.846
0.6	17.877
0.6	17.893
0.6	17.924
0.6	17.94
0.6	17.955
0.6	17.971
0.6	18.002
0.6	18.018
0.6	18.033
0.59	18.065
0.58	18.08
0.56	18.096
0.55	18.127
0.54	18.143
0.54	18.174
0.54	18.189
0.54	18.205
0.54	18.236
0.54	18.252
0.54	18.267
0.54	18.299
0.54	18.314
0.54	18.33
0.54	18.361
0.54	18.392
0.54	18.392
0.54	18.423
0.54	18.439
0.54	18.47
0.54	18.486
0.54	18.501
0.53	18.533
0.51	18.548
0.5	18.564
0.49	18.595
0.49	18.611
0.49	18.642
0.49	18.657
0.49	18.673
0.49	18.689
0.49	18.72
0.49	18.735
0.49	18.751
0.49	18.782
0.49	18.798
0.49	18.829
0.49	18.845
0.49	18.86
0.49	18.891
0.49	18.907
0.49	18.938
0.47	18.954
0.47	18.969
0.46	18.985
0.46	19.016
0.46	19.032
0.46	19.047
0.46	19.079
0.46	19.094
0.46	19.125
0.46	19.141
0.46	19.157
0.46	19.188
0.46	19.203
0.46	19.219
0.46	19.25
0.46	19.266
0.46	19.297
0.45	19.313
0.44	19.328
0.42	19.359
0.42	19.375
0.41	19.391
0.41	19.422
0.41	19.437
0.41	19.453
0.41	19.484
0.41	19.5
0.41	19.531
0.41	19.547
0.41	19.562
0.41	19.578
0.41	19.609
0.41	19.625
0.41	19.656
0.41	19.671
0.41	19.687
0.41	19.718
0.41	19.734
0.41	19.749
0.41	19.781
0.41	19.796
0.41	19.812
0.41	19.843
0.41	19.859
0.41	19.874
0.41	19.905
0.41	19.921
0.41	19.952
0.41	19.968
0.41	19.983
0.41	20.015
0.41	20.046
0.41	20.046
0.41	20.061
0.41	20.093
0.4	20.108
0.38	20.139
0.37	20.155
0.37	20.171
0.37	20.202
0.37	20.217
0.37	20.249
0.37	20.264
0.37	20.28
0.37	20.295
0.37	20.327
0.37	20.342
0.37	20.373
0.37	20.389
0.37	20.405
0.37	20.436
0.37	20.451
0.37	20.467
0.37	20.498
0.37	20.514
0.37	20.545
0.37	20.561
0.37	20.576
0.37	20.592
0.37	20.623
0.38	20.654
0.38	20.654
0.38	20.685
0.38	20.717
0.38	20.732
0.38	20.748
0.38	20.763
0.38	20.795
0.38	20.81
0.38	20.826
0.38	20.857
0.38	20.873
0.38	20.888
0.37	20.919
0.36	20.935
0.36	20.966
0.36	20.982
0.36	21.013
0.36	21.029
0.36	21.044
0.36	21.06
0.36	21.091
0.36	21.107
0.36	21.138
0.36	21.153
0.36	21.169
0.36	21.185
0.36	21.216
0.36	21.231
0.36	21.247
0.36	21.278
0.36	21.294
0.36	21.309
0.36	21.341
0.36	21.356
0.37	21.387
0.38	21.403
0.4	21.434
0.41	21.45
0.41	21.465
0.41	21.481
0.41	21.512
0.41	21.543
0.41	21.543
0.41	21.575
0.41	21.606
0.41	21.621
0.41	21.637
0.41	21.653
0.41	21.699
0.4	21.715
0.38	21.746
0.37	21.762
0.37	21.777
0.37	21.809
0.37	21.824
0.37	21.84
0.37	21.871
0.37	21.887
0.37	21.902
0.37	21.933
0.37	21.949
0.37	21.98
0.37	21.996
0.37	22.011
0.37	22.043
0.37	22.058
0.37	22.074
0.37	22.105
0.37	22.121
0.38	22.136
0.38	22.167
0.4	22.183
0.41	22.214
0.42	22.23
0.44	22.245
0.45	22.277
0.45	22.292
0.45	22.308
0.45	22.339
0.45	22.355
0.45	22.37
0.45	22.401
0.45	22.417
0.45	22.433
0.45	22.464
0.45	22.479
0.45	22.495
0.44	22.526
0.42	22.542
0.41	22.573
0.41	22.589
0.41	22.604
0.41	22.635
0.41	22.651
0.41	22.682
0.41	22.698
0.41	22.713
0.41	22.729
0.41	22.76
0.41	22.776
0.41	22.791
0.41	22.823
0.41	22.838
0.41	22.869
0.41	22.885
0.41	22.901
0.41	22.932
0.41	22.947
0.42	22.963
0.44	22.994
0.45	23.01
0.46	23.025
0.46	23.057
0.46	23.072
0.46	23.088
0.46	23.119
0.46	23.15
0.46	23.166
0.46	23.181
0.46	23.197
0.46	23.228
0.46	23.244
0.46	23.275
0.46	23.291
0.46	23.306
0.46	23.322
0.45	23.353
0.45	23.369
0.45	23.4
0.45	23.415
0.45	23.431
0.45	23.447
0.45	23.478
0.45	23.493
0.45	23.525
0.45	23.54
0.45	23.556
0.45	23.587
0.45	23.603
0.45	23.618
0.45	23.649
0.45	23.665
0.45	23.681
0.46	23.712
0.47	23.727
0.49	23.743
0.5	23.774
0.5	23.79
0.51	23.805
0.51	23.837
0.51	23.852
0.51	23.883
0.51	23.899
0.51	23.915
0.51	23.946
0.51	23.961
0.51	23.977
0.51	24.008
0.51	24.024
0.51	24.039
0.51	24.071
0.51	24.086
0.51	24.117
0.51	24.133
0.51	24.149
0.53	24.18
0.53	24.195
0.53	24.211
0.53	24.242
0.53	24.258
0.53	24.289
0.53	24.305
0.53	24.32
0.53	24.336
0.53	24.367
0.53	24.383
0.53	24.398
0.53	24.429
0.53	24.445
0.53	24.476
0.53	24.492
0.53	24.507
0.54	24.539
0.55	24.554
0.56	24.57
0.58	24.601
0.58	24.617
0.58	24.632
0.58	24.663
0.58	24.679
0.58	24.71
0.58	24.726
0.58	24.741
0.58	24.773
0.58	24.788
0.58	24.804
0.58	24.835
0.58	24.851
0.58	24.882
0.58	24.897
0.58	24.913
0.58	24.944
0.58	24.96
0.58	24.975
0.58	24.991
0.58	25.022
0.58	25.038
0.58	25.053
0.58	25.085
0.58	25.1
0.58	25.131
0.58	25.147
0.58	25.163
0.58	25.194
0.58	25.209
0.58	25.225
0.58	25.256
0.58	25.272
0.58	25.287
0.58	25.319
0.59	25.334
0.59	25.365
0.59	25.381
0.59	25.397
0.59	25.428
0.59	25.443
0.59	25.459
0.59	25.49
0.59	25.506
0.59	25.521
0.59	25.553
0.59	25.568
0.59	25.584
0.59	25.615
0.59	25.646
0.59	25.662
0.59	25.677
0.59	25.693
0.59	25.724
0.59	25.74
0.59	25.755
0.58	25.787
0.56	25.802
0.55	25.818
0.55	25.849
0.55	25.865
0.55	25.88
0.55	25.911
0.55	25.927
0.55	25.943
0.55	25.974
0.55	25.989
0.55	26.021
0.55	26.036
0.55	26.052
0.55	26.083
0.55	26.099
0.55	26.114
0.55	26.145
0.56	26.161
0.56	26.177
0.56	26.208
0.56	26.223
0.56	26.239
0.56	26.27
0.56	26.286
0.56	26.301
0.56	26.333
0.56	26.348
0.56	26.379
0.56	26.395
0.56	26.411
0.56	26.457
0.56	26.473
0.56	26.504
0.56	26.52
0.56	26.535
0.56	26.567
0.55	26.629
0.54	26.66
0.53	26.676
0.51	26.691
0.51	26.707
0.51	26.738
0.51	26.754
0.51	26.769
0.51	26.801
0.51	26.816
0.51	26.832
0.51	26.863
0.51	26.879
0.51	26.91
0.51	26.925
0.51	26.941
0.53	26.972
0.54	26.988
0.55	27.003
0.56	27.035
0.56	27.05
0.56	27.081
0.56	27.097
0.56	27.113
0.56	27.144
0.56	27.159
0.56	27.175
0.56	27.191
0.56	27.222
0.56	27.253
0.56	27.269
0.56	27.284
0.56	27.3
0.56	27.331
0.56	27.347
0.56	27.362
0.55	27.393
0.54	27.409
0.53	27.44
0.51	27.456
0.5	27.471
0.5	27.487
0.5	27.518
0.5	27.534
0.5	27.549
0.5	27.581
0.5	27.596
0.5	27.612
0.5	27.643
0.5	27.659
0.5	27.69
0.5	27.705
0.5	27.737
0.5	27.752
0.5	27.768
0.51	27.783
0.53	27.815
0.54	27.83
0.55	27.846
0.55	27.877
0.55	27.908
0.55	27.924
0.55	27.939
0.55	27.955
0.55	27.986
0.55	28.002
0.55	28.017
0.55	28.049
0.55	28.064
0.55	28.08
0.55	28.111
0.55	28.127
0.55	28.158
0.54	28.173
0.53	28.205
0.51	28.205
0.5	28.236
0.49	28.267
0.49	28.283
0.49	28.298
0.49	28.345
0.49	28.361
0.49	28.361
0.49	28.392
0.49	28.407
0.49	28.423
0.49	28.439
0.49	28.47
0.49	28.501
0.49	28.501
0.49	28.532
0.49	28.548
0.49	28.579
0.5	28.595
0.5	28.61
0.5	28.641
0.5	28.657
0.5	28.688
0.5	28.704
0.5	28.719
0.5	28.735
0.5	28.766
0.5	28.782
0.5	28.813
0.5	28.829
0.5	28.844
0.5	28.875
0.5	28.891
0.5	28.907
0.5	28.938
0.5	28.953
0.49	28.969
0.47	29
0.46	29.031
0.46	29.031
0.46	29.063
0.46	29.078
0.46	29.109
0.46	29.125
0.46	29.141
0.46	29.172
0.46	29.187
0.46	29.203
0.46	29.234
0.46	29.25
0.46	29.265
0.46	29.297
0.46	29.312
0.46	29.328
0.46	29.359
0.47	29.375
0.47	29.39
0.49	29.421
0.49	29.437
0.49	29.468
0.49	29.484
0.49	29.499
0.49	29.531
0.49	29.546
0.49	29.562
0.49	29.593
0.49	29.609
0.49	29.624
0.49	29.655
0.49	29.671
0.49	29.702
0.49	29.718
0.49	29.733
0.49	29.749
0.49	29.78
0.47	29.796
0.47	29.811
0.47	29.843
0.47	29.874
0.47	29.889
0.47	29.905
0.47	29.936
0.47	29.952
0.47	29.967
0.47	29.983
0.47	30.014
0.47	30.03
0.47	30.061
0.47	30.077
0.47	30.092
0.47	30.123
0.47	30.139
0.47	30.155
0.47	30.186
0.47	30.201
0.49	30.217
0.49	30.248
0.49	30.264
0.49	30.279
0.49	30.311
0.49	30.326
0.49	30.357
0.49	30.373
0.49	30.389
0.49	30.42
0.49	30.435
0.49	30.451
0.49	30.482
0.49	30.498
0.49	30.513
0.49	30.545
0.49	30.56
0.49	30.591
0.47	30.607
0.47	30.623
0.47	30.638
0.47	30.669
0.47	30.685
0.47	30.716
0.47	30.732
0.47	30.747
0.47	30.779
0.47	30.794
0.47	30.825
0.47	30.841
0.47	30.857
0.47	30.872
0.47	30.903
0.47	30.919
0.47	30.935
0.47	30.966
0.47	30.981
0.49	30.997
0.49	31.028
0.5	31.044
0.5	31.075
0.5	31.091
0.5	31.106
0.5	31.137
0.5	31.153
0.5	31.169
0.5	31.2
0.5	31.215
0.5	31.231
0.5	31.262
0.5	31.278
0.5	31.293
0.5	31.325
0.49	31.34
0.47	31.371
0.46	31.387
0.45	31.403
0.44	31.434
0.44	31.449
0.44	31.465
0.44	31.496
0.44	31.512
0.44	31.527
0.44	31.559
0.44	31.574
0.44	31.59
0.44	31.621
0.44	31.637
0.44	31.668
0.44	31.683
0.44	31.699
0.44	31.73
0.44	31.746
0.44	31.761
0.45	31.793
0.45	31.808
0.46	31.824
0.47	31.855
0.47	31.871
0.47	31.917
0.47	31.933
0.47	31.964
0.47	31.98
0.47	31.995
0.47	32.027
0.47	32.042
0.47	32.058
0.47	32.089
0.47	32.105
0.47	32.12
0.47	32.151
0.47	32.167
0.47	32.198
0.46	32.214
0.45	32.229
0.44	32.261
0.44	32.276
0.44	32.307
0.44	32.323
0.44	32.339
0.44	32.354
0.44	32.385
0.44	32.401
0.44	32.417
0.44	32.448
0.44	32.463
0.44	32.479
0.44	32.51
0.44	32.526
0.44	32.541
0.44	32.573
0.45	32.604
0.45	32.619
0.46	32.635
0.47	32.651
0.47	32.682
0.47	32.697
0.47	32.713
0.47	32.744
0.47	32.76
0.47	32.775
0.47	32.807
0.47	32.822
0.47	32.838
0.47	32.869
0.47	32.885
0.47	32.916
0.47	32.931
0.47	32.947
0.47	32.978
0.47	32.994
0.47	33.009
0.49	33.041
0.49	33.056
0.49	33.072
0.49	33.103
0.49	33.119
0.49	33.15
0.49	33.165
0.49	33.181
0.49	33.197
0.49	33.243
0.49	33.259
0.49	33.259
0.49	33.29
0.49	33.306
0.49	33.337
0.49	33.353
0.49	33.368
0.49	33.399
0.49	33.415
0.5	33.431
0.5	33.477
0.51	33.493
0.51	33.524
0.51	33.555
0.51	33.571
0.51	33.587
0.51	33.602
0.51	33.633
0.51	33.649
0.51	33.665
0.51	33.696
0.51	33.711
0.51	33.727
0.51	33.758
0.51	33.774
0.51	33.789
0.51	33.821
0.51	33.836
0.5	33.867
0.5	33.883
0.5	33.914
0.5	33.914
0.5	33.945
0.5	33.961
0.5	33.992
0.5	34.008
0.5	34.023
0.5	34.055
0.5	34.07
0.5	34.086
0.5	34.117
0.5	34.133
0.5	34.164
0.5	34.179
0.51	34.211
0.53	34.226
0.54	34.242
0.54	34.257
0.55	34.289
0.55	34.304
0.55	34.32
0.55	34.351
0.55	34.367
0.55	34.382
0.55	34.413
0.55	34.429
0.55	34.445
0.55	34.476
0.55	34.491
0.55	34.523
0.55	34.538
0.55	34.554
0.55	34.585
0.55	34.601
0.55	34.616
0.54	34.647
0.54	34.663
0.54	34.679
0.53	34.71
0.53	34.725
0.53	34.757
0.53	34.772
0.53	34.788
0.53	34.803
0.53	34.835
0.53	34.85
0.53	34.881
0.53	34.897
0.53	34.913
0.53	34.944
0.53	34.959
0.53	34.975
0.53	35.006
0.53	35.022
0.54	35.037
0.55	35.069
0.56	35.1
0.56	35.1
0.56	35.131
0.56	35.147
0.56	35.178
0.56	35.193
0.56	35.209
0.56	35.24
0.56	35.271
0.56	35.287
0.56	35.303
0.56	35.318
0.56	35.334
0.56	35.365
0.56	35.381
0.56	35.412
0.56	35.427
0.56	35.443
0.55	35.474
0.54	35.49
0.54	35.505
0.54	35.537
0.54	35.552
0.54	35.568
0.54	35.599
0.54	35.615
0.54	35.63
0.54	35.661
0.54	35.677
0.54	35.693
0.54	35.724
0.54	35.739
0.54	35.771
0.54	35.786
0.54	35.802
0.54	35.833
0.54	35.849
0.54	35.864
0.54	35.895
0.54	35.911
0.54	35.927
0.54	35.958
0.54	35.973
0.54	36.005
0.54	36.02
0.54	36.036
0.54	36.067
0.54	36.083
0.54	36.098
0.54	36.114
0.54	36.145
0.54	36.161
0.54	36.192
0.54	36.207
0.54	36.223
0.54	36.254
0.53	36.285
0.53	36.301
0.51	36.317
0.51	36.332
0.51	36.348
0.51	36.379
0.51	36.395
0.51	36.426
0.51	36.441
0.51	36.473
0.51	36.488
0.51	36.504
0.51	36.519
0.51	36.551
0.51	36.566
0.51	36.597
0.51	36.613
0.53	36.629
0.54	36.66
0.55	36.675
0.55	36.691
0.55	36.722
0.55	36.738
0.55	36.753
0.55	36.785
0.55	36.8
0.55	36.831
0.55	36.847
0.55	36.878
0.55	36.878
0.55	36.909
0.55	36.925
0.55	36.941
0.55	36.972
0.55	36.987
0.55	37.019
0.55	37.034
0.54	37.065
0.53	37.081
0.51	37.097
0.51	37.112
0.51	37.143
0.51	37.159
0.51	37.175
0.51	37.206
0.51	37.221
0.51	37.253
0.51	37.268
0.51	37.284
0.51	37.315
0.51	37.331
0.51	37.346
0.51	37.377
0.51	37.393
0.51	37.409
0.51	37.455
0.53	37.471
0.54	37.502
0.54	37.518
0.54	37.533
0.54	37.565
0.54	37.58
0.54	37.611
0.54	37.627
0.54	37.643
0.54	37.658
0.54	37.689
0.54	37.705
0.54	37.721
0.54	37.752
0.54	37.767
0.54	37.799
0.54	37.814
0.54	37.83
0.54	37.861
0.53	37.877
0.51	37.892
0.5	37.923
0.5	37.939
0.5	37.955
0.5	37.986
0.5	38.001
0.5	38.033
0.5	38.048
0.5	38.064
0.5	38.095
0.5	38.111
0.5	38.126
0.5	38.157
0.5	38.173
0.5	38.189
0.5	38.22
0.5	38.235
0.5	38.251
0.51	38.282
0.51	38.313
0.51	38.329
0.51	38.345
0.51	38.376
0.51	38.391
0.51	38.407
0.51	38.423
0.51	38.454
0.51	38.485
0.51	38.516
0.51	38.532
0.51	38.563
0.51	38.579
0.51	38.594
0.51	38.61
0.5	38.641
0.49	38.657
0.47	38.688
0.46	38.703
0.45	38.735
0.45	38.75
0.45	38.766
0.45	38.781
0.45	38.813
0.45	38.828
0.45	38.844
0.45	38.875
0.45	38.891
0.45	38.922
0.45	38.937
0.45	38.969
0.45	38.969
0.45	39
0.45	39.031
0.45	39.047
0.45	39.062
0.46	39.078
0.47	39.109
0.49	39.125
0.49	39.14
0.49	39.171
0.49	39.187
0.49	39.218
0.49	39.234
0.49	39.249
0.49	39.281
0.49	39.296
0.49	39.312
0.49	39.343
0.49	39.359
0.49	39.374
0.49	39.405
0.49	39.421
0.47	39.437
0.46	39.468
0.45	39.483
0.44	39.499
0.42	39.53
0.42	39.561
0.42	39.577
0.42	39.593
0.42	39.608
0.42	39.639
0.42	39.655
0.42	39.671
0.42	39.702
0.42	39.733
0.42	39.764
0.42	39.78
0.42	39.795
0.42	39.827
0.44	39.842
0.45	39.873
0.46	39.889
0.47	39.92
0.49	39.936
0.5	39.951
0.5	39.967
0.5	39.998
0.5	40.014
0.5	40.029
0.5	40.061
0.5	40.076
0.5	40.092
0.5	40.123
0.5	40.139
0.5	40.17
0.5	40.185
0.5	40.201
0.5	40.232
0.49	40.248
0.47	40.263
0.46	40.295
0.46	40.31
0.46	40.341
0.46	40.357
0.46	40.373
0.46	40.388
0.46	40.419
0.46	40.435
0.46	40.466
0.46	40.482
0.46	40.497
0.46	40.529
0.46	40.544
0.46	40.575
0.46	40.591
0.46	40.607
0.46	40.622
0.47	40.653
0.49	40.669
0.5	40.685
0.51	40.716
0.53	40.731
0.53	40.763
0.53	40.778
0.53	40.794
0.53	40.825
0.53	40.841
0.53	40.856
0.53	40.887
0.53	40.903
0.53	40.919
0.53	40.95
0.53	40.965
0.53	40.981
0.53	41.012
0.53	41.028
0.51	41.043
0.5	41.075
0.49	41.106
0.49	41.121
0.49	41.137
0.49	41.153
0.49	41.184
0.49	41.199
0.49	41.215
0.49	41.246
0.49	41.262
0.49	41.293
0.49	41.309
0.49	41.324
0.49	41.355
0.49	41.371
0.49	41.418
0.49	41.433
0.5	41.449
0.51	41.48
0.53	41.496
0.53	41.511
0.53	41.543
0.53	41.558
0.53	41.574
0.53	41.605
0.53	41.621
0.53	41.636
0.53	41.667
0.53	41.683
0.53	41.714
0.53	41.73
0.53	41.745
0.53	41.777
0.53	41.792
0.53	41.808
0.51	41.839
0.5	41.855
0.49	41.87
0.47	41.901
0.47	41.917
0.47	41.948
0.47	41.964
0.47	41.979
0.47	42.011
0.47	42.026
0.47	42.042
0.47	42.057
0.47	42.089
0.47	42.104
0.47	42.12
0.47	42.151
0.47	42.167
0.47	42.182
0.47	42.245
0.49	42.26
0.5	42.276
0.51	42.291
0.53	42.323
0.53	42.338
0.53	42.354
0.53	42.385
0.53	42.401
0.53	42.432
0.53	42.447
0.53	42.463
0.53	42.494
0.53	42.51
0.53	42.541
0.53	42.557
0.53	42.572
0.53	42.603
0.53	42.619
0.53	42.635
0.51	42.65
0.5	42.681
0.49	42.697
0.47	42.728
0.47	42.744
0.47	42.775
0.47	42.791
0.47	42.806
0.47	42.822
0.47	42.853
0.47	42.869
0.47	42.884
0.47	42.915
0.47	42.931
0.47	42.947
0.47	42.978
0.47	42.993
0.47	43.009
0.49	43.04
0.5	43.056
0.51	43.087
0.53	43.103
0.53	43.118
0.53	43.149
0.53	43.165
0.53	43.181
0.53	43.212
0.53	43.227
0.53	43.243
0.53	43.274
0.53	43.29
0.53	43.321
0.53	43.337
0.53	43.352
0.53	43.383
0.53	43.399
0.53	43.415
0.51	43.446
0.5	43.461
0.49	43.477
0.49	43.508
0.49	43.524
0.49	43.539
0.49	43.571
0.49	43.586
0.49	43.602
0.49	43.633
0.49	43.649
0.49	43.68
0.49	43.695
0.49	43.711
0.49	43.742
0.49	43.758
0.49	43.773
0.49	43.805
0.49	43.82
0.5	43.836
0.51	43.867
0.53	43.883
0.53	43.898
0.53	43.929
0.53	43.961
0.53	43.976
0.53	43.992
0.53	44.007
0.53	44.039
0.53	44.054
0.53	44.07
0.53	44.101
0.53	44.117
0.53	44.132
0.53	44.163
0.53	44.179
0.53	44.195
0.53	44.226
0.51	44.241
0.5	44.257
0.49	44.288
0.49	44.304
0.49	44.335
0.49	44.351
0.49	44.397
0.49	44.413
0.49	44.429
0.49	44.46
0.49	44.475
0.49	44.491
0.49	44.522
0.49	44.538
0.49	44.553
0.49	44.585
0.49	44.6
0.49	44.616
0.5	44.647
0.51	44.663
0.53	44.694
0.53	44.709
0.53	44.725
0.53	44.756
0.53	44.787
0.53	44.787
0.53	44.819
0.53	44.834
0.53	44.85
0.53	44.881
0.53	44.897
0.53	44.928
0.53	44.943
0.53	44.959
0.53	44.99
0.53	45.006
0.53	45.021
0.51	45.053
0.5	45.068
0.49	45.084
0.49	45.115
0.49	45.131
0.49	45.146
0.49	45.177
0.49	45.209
0.49	45.224
0.49	45.24
0.49	45.255
0.49	45.302
0.49	45.318
0.49	45.349
0.49	45.365
0.49	45.38
0.49	45.411
0.49	45.427
0.5	45.443
0.51	45.474
0.53	45.489
0.54	45.505
0.54	45.536
0.54	45.552
0.54	45.567
0.54	45.599
0.54	45.614
0.54	45.645
0.54	45.661
0.54	45.677
0.54	45.708
0.54	45.723
0.54	45.739
0.54	45.77
0.54	45.801
0.54	45.817
0.53	45.833
0.51	45.848
0.5	45.879
0.49	45.895
0.47	45.911
0.47	45.942
0.47	45.957
0.47	45.973
0.47	46.004
0.47	46.02
0.47	46.035
0.47	46.067
0.47	46.098
0.47	46.098
0.47	46.129
0.47	46.16
0.47	46.16
0.47	46.191
0.47	46.207
0.47	46.238
0.49	46.254
0.5	46.269
0.51	46.301
0.51	46.316
0.51	46.347
0.51	46.363
0.51	46.394
0.51	46.394
0.51	46.425
0.51	46.441
0.51	46.457
0.51	46.488
0.51	46.503
0.51	46.55
0.51	46.566
0.51	46.597
0.5	46.613
0.49	46.628
0.47	46.659
0.46	46.675
0.45	46.691
0.44	46.722
0.44	46.737
0.44	46.753
0.44	46.784
0.44	46.8
0.44	46.831
0.44	46.847
0.44	46.878
0.44	46.893
0.44	46.909
0.44	46.94
0.44	46.956
0.44	46.971
0.44	47.003
0.44	47.018
0.45	47.034
0.46	47.065
0.47	47.081
0.49	47.096
0.49	47.127
0.49	47.143
0.49	47.159
0.49	47.19
0.49	47.205
0.49	47.221
0.49	47.252
0.49	47.268
0.49	47.283
0.49	47.33
0.49	47.346
0.49	47.377
0.49	47.408
0.47	47.408
0.46	47.439
0.45	47.455
0.44	47.486
0.42	47.502
0.42	47.533
0.42	47.549
0.42	47.564
0.42	47.595
0.42	47.611
0.42	47.627
0.42	47.658
0.42	47.673
0.42	47.689
0.42	47.72
0.42	47.736
0.42	47.767
0.42	47.783
0.42	47.798
0.42	47.829
0.42	47.845
0.44	47.861
0.45	47.876
0.46	47.907
0.47	47.923
0.47	47.939
0.47	47.97
0.47	47.985
0.47	48.017
0.47	48.032
0.47	48.048
0.47	48.079
0.47	48.095
0.47	48.11
0.47	48.141
0.47	48.157
0.47	48.173
0.46	48.204
0.45	48.219
0.44	48.235
0.42	48.266
0.42	48.282
0.42	48.297
0.42	48.329
0.42	48.344
0.42	48.36
0.42	48.391
0.42	48.407
0.42	48.438
0.42	48.469
0.42	48.485
0.42	48.5
0.42	48.516
0.42	48.531
0.42	48.563
0.42	48.578
0.42	48.594
0.44	48.625
0.45	48.641
0.46	48.672
0.47	48.687
0.47	48.719
0.47	48.719
0.47	48.75
0.47	48.765
0.47	48.797
0.47	48.812
0.47	48.828
0.47	48.859
0.47	48.875
0.47	48.89
0.47	48.921
0.47	48.937
0.47	48.968
0.47	48.984
0.47	48.999
0.46	49.031
0.45	49.046
0.45	49.062
0.45	49.093
0.45	49.109
0.45	49.124
0.45	49.155
0.45	49.187
0.45	49.187
0.45	49.218
0.45	49.233
0.45	49.249
0.45	49.28
0.45	49.311
0.45	49.311
0.45	49.343
0.45	49.358
0.45	49.389
0.45	49.405
0.46	49.436
0.47	49.452
0.49	49.483
0.5	49.499
0.5	49.514
0.5	49.53
0.5	49.545
0.5	49.577
0.5	49.592
0.5	49.623
0.5	49.639
0.5	49.655
0.5	49.686
0.5	49.701
0.5	49.733
0.5	49.748
0.5	49.764
0.5	49.779
0.5	49.811
0.49	49.826
0.49	49.857
0.49	49.873
0.49	49.889
0.49	49.904
0.49	49.935
0.49	49.951
0.49	49.982
0.49	49.998
0.49	50.029
0.49	50.045
0.49	50.06
0.49	50.076
0.49	50.107
0.49	50.123
0.49	50.138
0.49	50.169
0.49	50.185
0.5	50.201
0.51	50.232
0.53	50.247
0.53	50.263
0.53	50.294
0.53	50.31
0.53	50.341
0.53	50.357
0.53	50.388
0.53	50.403
0.53	50.419
0.53	50.435
0.53	50.466
0.53	50.481
0.53	50.497
0.53	50.528
0.53	50.544
0.53	50.559
0.53	50.591
0.53	50.606
0.51	50.637
0.5	50.653
0.5	50.669
0.5	50.7
0.5	50.715
0.5	50.731
0.5	50.762
0.5	50.793
0.5	50.809
0.5	50.825
0.5	50.856
0.5	50.871
0.5	50.887
0.5	50.934
0.5	50.949
0.5	50.981
0.5	50.996
0.51	51.012
0.53	51.027
0.54	51.059
0.55	51.074
0.55	51.09
0.55	51.121
0.55	51.137
0.55	51.168
0.55	51.183
0.55	51.199
0.55	51.23
0.55	51.246
0.55	51.277
0.55	51.293
0.55	51.339
0.55	51.355
0.55	51.386
0.55	51.402
0.55	51.417
0.54	51.433
0.53	51.464
0.51	51.48
0.5	51.511
0.5	51.527
0.5	51.542
0.5	51.558
0.5	51.589
0.5	51.605
0.5	51.62
0.5	51.651
0.5	51.667
0.5	51.683
0.5	51.714
0.5	51.729
0.5	51.745
0.5	51.776
0.51	51.792
0.53	51.807
0.54	51.839
0.55	51.87
0.56	51.885
0.56	51.901
0.56	51.917
0.56	51.948
0.56	51.963
0.56	51.979
0.56	52.01
0.56	52.026
0.56	52.057
0.56	52.073
0.56	52.088
0.56	52.104
0.56	52.135
0.56	52.151
0.56	52.182
0.56	52.197
0.55	52.213
0.54	52.26
0.53	52.307
0.51	52.322
0.5	52.385
0.5	52.416
0.5	52.431
0.5	52.463
0.5	52.478
0.5	52.494
0.5	52.525
0.5	52.541
0.5	52.556
0.5	52.572
0.51	52.603
0.53	52.619
0.54	52.634
0.55	52.665
0.56	52.681
0.58	52.712
0.59	52.728
0.6	52.743
0.6	52.775
0.6	52.79
0.6	52.806
0.6	52.837
0.6	52.853
0.6	52.868
0.6	52.899
0.6	52.915
0.6	52.946
0.6	52.962
0.6	52.993
0.59	52.993
0.58	53.024
0.56	53.04
0.55	53.055
0.54	53.087
0.53	53.118
0.51	53.133
0.5	53.149
0.5	53.165
0.5	53.196
0.5	53.211
0.5	53.227
0.5	53.258
0.5	53.274
0.5	53.289
0.5	53.321
0.5	53.352
0.5	53.367
0.5	53.383
0.51	53.399
0.53	53.414
0.54	53.445
0.55	53.461
0.56	53.492
0.58	53.508
0.58	53.539
0.58	53.555
0.58	53.586
0.58	53.586
0.58	53.617
0.58	53.633
0.58	53.648
0.58	53.679
0.58	53.711
0.58	53.726
0.58	53.742
0.58	53.757
0.58	53.789
0.58	53.82
0.56	53.851
0.55	53.867
0.54	53.898
0.53	53.913
0.51	53.929
0.5	53.96
0.5	53.976
0.5	54.007
0.5	54.023
0.5	54.038
0.5	54.069
0.5	54.085
0.5	54.101
0.5	54.116
0.5	54.147
0.5	54.163
0.51	54.179
0.51	54.21
0.53	54.225
0.54	54.257
0.54	54.272
0.54	54.288
0.54	54.303
0.54	54.335
0.54	54.35
0.54	54.381
0.54	54.397
0.54	54.413
0.54	54.444
0.54	54.459
0.54	54.475
0.54	54.506
0.54	54.522
0.54	54.553
0.54	54.569
0.54	54.6
0.54	54.615
0.53	54.631
0.51	54.647
0.51	54.678
0.51	54.693
0.51	54.709
0.51	54.74
0.51	54.756
0.51	54.787
0.51	54.803
0.51	54.818
0.51	54.834
0.51	54.865
0.51	54.881
0.51	54.896
0.51	54.927
0.51	54.943
0.51	54.974
0.51	54.99
0.51	55.021
0.53	55.037
0.54	55.052
0.54	55.068
0.54	55.099
0.54	55.115
0.54	55.13
0.54	55.161
0.54	55.177
0.54	55.193
0.54	55.224
0.54	55.239
0.54	55.271
0.54	55.286
0.54	55.302
0.54	55.333
0.54	55.349
0.54	55.364
0.54	55.395
0.54	55.411
0.53	55.427
0.51	55.458
0.5	55.473
0.5	55.489
0.5	55.52
0.5	55.536
0.5	55.567
0.5	55.583
0.5	55.598
0.5	55.629
0.5	55.645
0.5	55.661
0.5	55.692
0.5	55.707
0.5	55.723
0.5	55.754
0.5	55.77
0.5	55.785
0.51	55.817
0.51	55.832
0.53	55.863
0.53	55.879
0.53	55.895
0.53	55.926
0.53	55.941
0.53	55.957
0.53	55.988
0.53	56.004
0.53	56.019
0.53	56.051
0.53	56.066
0.53	56.082
0.53	56.113
0.53	56.144
0.53	56.175
0.53	56.207
0.51	56.222
0.5	56.238
0.49	56.253
0.47	56.285
0.47	56.3
0.47	56.316
0.47	56.347
0.47	56.363
0.47	56.378
0.47	56.409
0.47	56.425
0.47	56.441
0.47	56.472
0.47	56.503
0.47	56.503
0.47	56.534
0.47	56.55
0.47	56.581
0.47	56.597
0.49	56.612
0.5	56.643
0.51	56.659
0.53	56.675
0.53	56.706
0.53	56.721
0.53	56.753
0.53	56.768
0.53	56.784
0.53	56.815
0.53	56.831
0.53	56.862
0.53	56.877
0.53	56.893
0.53	56.909
0.53	56.94
0.53	56.955
0.53	57.002
0.51	57.018
0.5	57.033
0.49	57.065
0.47	57.08
0.46	57.096
0.46	57.127
0.46	57.143
0.46	57.174
0.46	57.189
0.46	57.205
0.46	57.236
0.46	57.252
0.46	57.267
0.46	57.299
0.46	57.314
0.46	57.345
0.46	57.361
0.46	57.377
0.47	57.392
0.47	57.423
0.49	57.439
0.5	57.47
0.51	57.486
0.51	57.501
0.51	57.533
0.51	57.548
0.51	57.564
0.51	57.595
0.51	57.611
0.51	57.626
0.51	57.657
0.51	57.673
0.51	57.704
0.51	57.72
0.51	57.735
0.51	57.751
0.51	57.782
0.51	57.798
0.5	57.813
0.49	57.845
0.47	57.86
0.47	57.876
0.47	57.907
0.47	57.923
0.47	57.954
0.47	57.969
0.47	58.016
0.47	58.047
0.47	58.063
0.47	58.079
0.47	58.094
0.47	58.11
0.47	58.141
0.47	58.157
0.47	58.188
0.49	58.203
0.49	58.219
0.5	58.25
0.51	58.297
0.53	58.313
0.53	58.328
0.53	58.344
0.53	58.375
0.53	58.406
0.53	58.406
0.53	58.437
0.53	58.453
0.53	58.484
0.53	58.5
0.53	58.515
0.53	58.547
0.53	58.562
0.53	58.578
0.51	58.609
0.5	58.625
0.49	58.64
0.47	58.671
0.46	58.687
0.46	58.718
0.46	58.734
0.46	58.765
0.46	58.781
0.46	58.796
0.46	58.812
0.46	58.843
0.46	58.859
0.46	58.874
0.46	58.905
0.46	58.937
0.46	58.937
0.46	58.968
0.47	58.999
0.47	58.999
0.49	59.03
0.5	59.046
0.51	59.077
0.51	59.093
0.53	59.108
0.53	59.139
0.53	59.155
0.53	59.171
0.53	59.202
0.53	59.217
0.53	59.249
0.53	59.264
0.53	59.28
0.53	59.295
0.53	59.327
0.53	59.342
0.51	59.358
0.51	59.389
0.5	59.405
0.49	59.436
0.47	59.451
0.46	59.467
0.45	59.498
0.45	59.514
0.45	59.529
0.45	59.561
0.45	59.592
0.45	59.623
0.45	59.639
0.45	59.654
0.45	59.685
0.45	59.701
0.45	59.732
0.45	59.748
0.45	59.763
0.46	59.795
0.47	59.81
0.49	59.826
0.5	59.857
0.51	59.873
0.51	59.888
0.53	59.919
0.53	59.935
0.53	59.966
0.53	59.982
0.53	59.997
0.53	60.029
0.53	60.044
0.53	60.06
0.53	60.091
0.53	60.107
0.53	60.138
0.51	60.153
0.51	60.169
0.5	60.2
0.49	60.216
0.47	60.231
0.46	60.247
0.46	60.278
0.46	60.294
0.46	60.325
0.46	60.341
0.46	60.356
0.46	60.387
0.46	60.403
0.46	60.419
0.46	60.45
0.46	60.465
0.46	60.497
0.46	60.512
0.46	60.528
0.46	60.543
0.46	60.575
0.47	60.59
0.49	60.606
0.5	60.637
0.5	60.653
0.51	60.668
0.51	60.699
0.51	60.715
0.51	60.746
0.51	60.762
0.51	60.777
0.51	60.809
0.51	60.824
0.51	60.84
0.51	60.871
0.51	60.887
0.51	60.902
0.51	60.933
0.51	60.949
0.5	60.98
0.49	60.996
0.47	61.011
0.47	61.043
0.46	61.058
0.46	61.074
0.46	61.105
0.46	61.121
0.46	61.136
0.46	61.167
0.46	61.183
0.46	61.199
0.46	61.23
0.46	61.245
0.46	61.277
0.46	61.292
0.46	61.308
0.46	61.339
0.47	61.355
0.49	61.37
0.5	61.417
0.51	61.433
0.51	61.464
0.51	61.479
0.51	61.495
0.51	61.526
0.51	61.557
0.51	61.573
0.51	61.589
0.51	61.604
0.51	61.635
0.51	61.651
0.51	61.667
0.51	61.698
0.51	61.729
0.51	61.729
0.51	61.76
0.51	61.776
0.51	61.807
0.51	61.823
0.5	61.838
0.5	61.869
0.5	61.901
0.5	61.932
0.5	61.947
0.5	61.963
0.5	61.994
0.5	62.01
0.5	62.025
0.5	62.057
0.5	62.072
0.5	62.103
0.5	62.119
0.51	62.15
0.53	62.166
0.54	62.181
0.55	62.197
0.56	62.228
0.58	62.244
0.59	62.259
0.59	62.291
0.59	62.322
0.59	62.322
0.59	62.353
0.59	62.369
0.59	62.384
0.59	62.415
0.59	62.431
0.59	62.447
0.59	62.478
0.59	62.509
0.59	62.525
0.59	62.54
0.59	62.556
0.59	62.587
0.58	62.603
0.56	62.618
0.55	62.649
0.55	62.665
0.55	62.696
0.55	62.712
0.55	62.743
0.55	62.774
0.55	62.805
0.55	62.821
0.55	62.837
0.55	62.868
0.55	62.883
0.55	62.899
0.55	62.915
0.55	62.946
0.56	62.961
0.58	62.977
0.59	63.008
0.6	63.024
0.62	63.039
0.62	63.071
0.6	63.086
0.6	63.102
0.6	63.133
0.6	63.149
0.6	63.18
0.6	63.195
0.59	63.211
0.58	63.242
0.56	63.258
0.55	63.273
0.54	63.305
0.53	63.336
0.51	63.336
0.5	63.367
0.49	63.398
0.47	63.398
0.46	63.429
0.45	63.461
0.44	63.461
0.42	63.492
0.42	63.523
0.42	63.539
0.42	63.554
0.42	63.57
0.42	63.601
0.42	63.617
0.42	63.648
0.42	63.663
0.42	63.679
0.42	63.71
0.42	63.726
0.42	63.757
0.42	63.773
0.44	63.788
0.44	63.819
0.44	63.835
0.44	63.851
0.44	63.866
0.42	63.897
0.42	63.913
0.42	63.929
0.42	63.96
0.42	63.975
0.42	63.991
0.42	64.022
0.42	64.053
0.42	64.053
0.42	64.085
0.41	64.1
0.4	64.116
0.38	64.147
0.37	64.178
0.36	64.194
0.35	64.209
0.33	64.225
0.32	64.256
0.32	64.272
0.32	64.287
0.32	64.319
0.32	64.334
0.32	64.365
0.32	64.381
0.32	64.397
0.32	64.428
0.32	64.443
0.32	64.459
0.32	64.475
0.32	64.506
0.32	64.521
0.32	64.553
0.32	64.568
0.32	64.584
0.32	64.631
0.31	64.646
0.29	64.677
0.28	64.693
0.28	64.724
0.28	64.74
0.28	64.755
0.27	64.787
0.26	64.802
0.24	64.818
0.23	64.849
0.23	64.865
0.24	64.88
0.26	64.911
0.27	64.927
0.28	64.943
0.28	64.974
0.28	64.989
0.28	65.005
0.28	65.036
0.28	65.052
0.28	65.083
0.28	65.099
0.28	65.114
0.28	65.145
0.28	65.161
0.28	65.192
0.28	65.208
0.28	65.223
0.28	65.239
0.29	65.27
0.31	65.286
0.32	65.301
0.33	65.333
0.35	65.348
0.36	65.364
0.37	65.395
0.38	65.411
0.4	65.442
0.4	65.457
0.4	65.473
0.4	65.504
0.4	65.52
0.4	65.535
0.41	65.567
0.41	65.582
0.41	65.598
0.41	65.629
0.41	65.645
0.4	65.676
0.38	65.691
0.37	65.723
0.36	65.738
0.35	65.754
0.35	65.769
0.35	65.801
0.35	65.816
0.35	65.832
0.35	65.863
0.35	65.879
0.35	65.91
0.35	65.925
0.35	65.941
0.35	65.957
0.35	65.988
0.35	66.019
0.35	66.035
0.35	66.05
0.35	66.066
0.35	66.097
0.36	66.113
0.37	66.144
0.38	66.159
0.4	66.191
0.41	66.222
0.42	66.237
0.44	66.269
0.45	66.284
0.45	66.315
0.46	66.315
0.47	66.347
0.49	66.362
0.49	66.393
0.49	66.409
0.5	66.425
0.51	66.456
0.53	66.471
0.54	66.487
0.55	66.518
0.54	66.534
0.53	66.549
0.51	66.581
0.5	66.596
0.49	66.612
0.49	66.643
0.49	66.659
0.49	66.69
0.49	66.705
0.49	66.721
0.49	66.752
0.49	66.768
0.49	66.799
0.49	66.815
0.49	66.83
0.5	66.846
0.51	66.877
0.53	66.893
0.54	66.908
0.54	66.939
0.54	66.955
0.54	67.002
0.54	67.017
0.54	67.049
0.54	67.064
0.54	67.111
0.54	67.127
0.54	67.142
0.54	67.173
0.54	67.205
0.54	67.22
0.54	67.236
0.54	67.251
0.54	67.267
0.54	67.298
0.54	67.314
0.54	67.345
0.53	67.361
0.53	67.407
0.53	67.423
0.53	67.454
0.53	67.47
0.53	67.485
0.53	67.501
0.53	67.532
0.53	67.548
0.53	67.563
0.53	67.595
0.53	67.61
0.53	67.626
0.53	67.657
0.54	67.673
0.55	67.704
0.56	67.719
0.58	67.751
0.59	67.766
0.6	67.782
0.62	67.797
0.63	67.829
0.63	67.844
0.63	67.86
0.63	67.891
0.63	67.907
0.63	67.922
0.63	67.953
0.63	67.969
0.63	68
0.63	68.016
0.63	68.031
0.63	68.063
0.63	68.078
0.63	68.094
0.63	68.125
0.63	68.141
0.63	68.156
0.63	68.187
0.63	68.203
0.62	68.234
0.62	68.25
0.62	68.265
0.62	68.297
0.62	68.312
0.62	68.328
0.62	68.359
0.62	68.39
0.62	68.421
0.62	68.437
0.63	68.468
0.64	68.484
0.65	68.499
0.67	68.515
0.68	68.546
0.69	68.562
0.69	68.593
0.69	68.609
0.69	68.624
0.69	68.655
0.69	68.671
0.69	68.687
0.69	68.718
0.69	68.733
0.69	68.765
0.69	68.78
0.69	68.796
0.69	68.811
0.69	68.843
0.69	68.858
0.69	68.889
0.69	68.905
0.69	68.936
0.69	68.952
0.69	68.967
0.68	68.983
0.67	69.014
0.65	69.03
0.65	69.045
0.65	69.077
0.65	69.108
0.65	69.108
0.65	69.139
0.65	69.17
0.65	69.186
0.65	69.201
0.65	69.217
0.65	69.233
0.65	69.264
0.65	69.279
0.65	69.311
0.65	69.326
0.65	69.342
0.65	69.373
0.65	69.389
0.65	69.404
0.65	69.435
0.65	69.451
0.65	69.482
0.65	69.498
0.65	69.513
0.65	69.529
0.65	69.56
0.65	69.576
0.65	69.607
0.65	69.623
0.65	69.638
0.65	69.669
0.65	69.685
0.65	69.701
0.65	69.732
0.65	69.747
0.64	69.763
0.63	69.794
0.62	69.825
0.6	69.841
0.59	69.872
0.58	69.872
0.58	69.903
0.58	69.919
0.58	69.95
0.58	69.966
0.58	69.981
0.58	69.997
0.58	70.028
0.58	70.059
0.58	70.059
0.58	70.091
0.56	70.106
0.55	70.122
0.54	70.153
0.53	70.169
0.53	70.2
0.53	70.215
0.53	70.231
0.53	70.262
0.53	70.293
0.53	70.325
0.53	70.34
0.53	70.356
0.53	70.387
0.53	70.434
0.53	70.449
0.53	70.465
0.53	70.481
0.53	70.512
0.53	70.527
0.53	70.559
0.53	70.574
0.51	70.605
0.5	70.621
0.49	70.652
0.47	70.683
0.47	70.715
0.47	70.73
0.47	70.746
0.47	70.761
0.47	70.793
0.47	70.808
0.47	70.855
0.47	70.871
0.47	70.886
0.47	70.917
0.47	70.933
0.47	70.949
0.47	70.98
0.47	70.995
0.49	71.027
0.5	71.042
0.51	71.058
0.51	71.089
0.51	71.105
0.51	71.12
0.51	71.151
0.51	71.167
0.51	71.183
0.51	71.214
0.51	71.229
0.51	71.245
0.51	71.276
0.51	71.307
0.51	71.307
0.51	71.339
0.51	71.354
0.51	71.37
0.51	71.401
0.5	71.432
0.49	71.448
0.47	71.463
0.46	71.479
0.46	71.51
0.46	71.526
0.46	71.557
0.46	71.573
0.46	71.604
0.46	71.604
0.46	71.635
0.46	71.651
0.46	71.666
0.46	71.697
0.46	71.713
0.46	71.744
0.46	71.76
0.46	71.775
0.46	71.807
0.47	71.822
0.49	71.853
0.5	71.869
0.51	71.885
0.53	71.9
0.53	71.931
0.53	71.947
0.53	71.978
0.53	71.994
0.53	72.009
0.53	72.041
0.53	72.056
0.53	72.072
0.53	72.103
0.53	72.119
0.53	72.134
0.53	72.165
0.53	72.181
0.53	72.197
0.51	72.228
0.5	72.243
0.49	72.259
0.49	72.29
0.49	72.306
0.49	72.321
0.49	72.353
0.49	72.368
0.49	72.399
0.49	72.415
0.49	72.431
0.49	72.462
0.49	72.477
0.49	72.493
0.49	72.524
0.49	72.54
0.49	72.555
0.49	72.587
0.49	72.602
0.5	72.618
0.51	72.649
0.51	72.665
0.51	72.696
0.51	72.711
0.51	72.727
0.51	72.758
0.51	72.774
0.51	72.789
0.51	72.821
0.51	72.836
0.51	72.852
0.51	72.883
0.51	72.899
0.51	72.914
0.51	72.945
0.51	72.961
0.51	72.977
0.5	73.008
0.49	73.023
0.47	73.055
0.47	73.07
0.47	73.101
0.47	73.117
0.47	73.133
0.47	73.148
0.47	73.179
0.47	73.195
0.47	73.226
0.47	73.242
0.47	73.257
0.47	73.273
0.47	73.304
0.47	73.335
0.47	73.351
0.47	73.367
0.47	73.413
0.47	73.429
0.47	73.46
0.49	73.476
0.49	73.491
0.49	73.507
0.49	73.538
0.49	73.554
0.49	73.569
0.49	73.601
0.49	73.616
0.49	73.647
0.49	73.663
0.49	73.679
0.49	73.71
0.49	73.725
0.49	73.741
0.49	73.772
0.49	73.788
0.49	73.803
0.47	73.835
0.46	73.85
0.45	73.866
0.45	73.897
0.45	73.913
0.45	73.928
0.45	73.959
0.45	73.975
0.45	73.991
0.45	74.022
0.45	74.037
0.45	74.069
0.45	74.084
0.45	74.1
0.45	74.131
0.45	74.147
0.45	74.162
0.45	74.193
0.45	74.209
0.45	74.24
0.45	74.256
0.46	74.271
0.46	74.303
0.46	74.318
0.46	74.334
0.46	74.365
0.46	74.381
0.46	74.396
0.46	74.427
0.46	74.443
0.46	74.474
0.46	74.49
0.46	74.505
0.46	74.521
0.46	74.552
0.46	74.568
0.46	74.583
0.46	74.615
0.46	74.63
0.45	74.677
0.45	74.693
0.45	74.724
0.45	74.739
0.45	74.755
0.45	74.786
0.45	74.817
0.45	74.833
0.45	74.849
0.45	74.895
0.45	74.911
0.45	74.927
0.45	74.958
0.45	74.973
0.45	74.989
0.45	75.02
0.45	75.036
0.46	75.051
0.47	75.083
0.49	75.098
0.5	75.114
0.51	75.145
0.51	75.161
0.51	75.176
0.51	75.207
0.51	75.223
0.51	75.254
0.51	75.27
0.51	75.285
0.51	75.317
0.51	75.332
0.51	75.348
0.51	75.379
0.51	75.395
0.51	75.426
0.51	75.441
0.5	75.457
0.49	75.473
0.47	75.504
0.47	75.519
0.47	75.551
0.47	75.566
0.47	75.582
0.47	75.613
0.47	75.629
0.47	75.644
0.47	75.675
0.47	75.691
0.47	75.722
0.47	75.738
0.47	75.753
0.47	75.769
0.47	75.8
0.47	75.816
0.47	75.847
0.47	75.863
0.49	75.878
0.5	75.894
0.51	75.925
0.53	75.941
0.53	75.972
0.53	75.987
0.53	76.003
0.53	76.034
0.53	76.05
0.53	76.081
0.53	76.097
0.53	76.112
0.53	76.143
0.53	76.159
0.53	76.175
0.53	76.206
0.53	76.221
0.53	76.237
0.51	76.268
0.5	76.284
0.49	76.299
0.47	76.331
0.47	76.346
0.47	76.377
0.47	76.393
0.47	76.409
0.47	76.424
0.47	76.455
0.47	76.487
0.47	76.502
0.47	76.518
0.47	76.549
0.47	76.565
0.47	76.58
0.47	76.596
0.47	76.627
0.47	76.643
0.49	76.658
0.5	76.689
0.5	76.705
0.5	76.721
0.5	76.752
0.5	76.767
0.5	76.783
0.5	76.814
0.5	76.845
0.5	76.861
0.5	76.877
0.5	76.892
0.5	76.923
0.5	76.939
0.5	76.955
0.5	76.986
0.5	77.001
0.5	77.017
0.5	77.048
0.5	77.079
0.49	77.095
0.49	77.111
0.49	77.126
0.49	77.157
0.49	77.173
0.49	77.189
0.49	77.22
0.49	77.235
0.49	77.251
0.49	77.282
0.49	77.313
0.49	77.313
0.49	77.345
0.49	77.36
0.49	77.391
0.49	77.407
0.49	77.423
0.49	77.454
0.5	77.469
0.51	77.485
0.53	77.516
0.53	77.532
0.53	77.547
0.53	77.579
0.53	77.594
0.53	77.61
0.53	77.641
0.53	77.657
0.53	77.688
0.53	77.703
0.53	77.735
0.53	77.75
0.53	77.766
0.53	77.797
0.53	77.813
0.53	77.828
0.53	77.844
0.51	77.875
0.5	77.891
0.5	77.906
0.5	77.937
0.5	77.953
0.5	77.969
0.5	78
0.5	78.031
0.5	78.031
0.5	78.062
0.5	78.093
0.5	78.109
0.5	78.125
0.5	78.156
0.5	78.171
0.5	78.187
0.5	78.218
0.5	78.234
0.5	78.249
0.51	78.281
0.53	78.296
0.53	78.312
0.53	78.343
0.53	78.359
0.53	78.374
0.53	78.405
0.53	78.421
0.53	78.437
0.53	78.468
0.53	78.483
0.53	78.499
0.53	78.53
0.53	78.546
0.53	78.577
0.53	78.593
0.53	78.608
0.53	78.624
0.53	78.655
0.51	78.671
0.5	78.702
0.49	78.717
0.49	78.733
0.49	78.764
0.49	78.78
0.49	78.811
0.49	78.827
0.49	78.842
0.49	78.873
0.49	78.889
0.49	78.92
0.49	78.92
0.49	78.951
0.49	78.983
0.49	78.983
0.49	79.014
0.49	79.029
0.5	79.061
0.51	79.076
0.53	79.107
0.53	79.123
0.53	79.139
0.53	79.154
0.53	79.185
0.53	79.201
0.53	79.232
0.53	79.248
0.53	79.263
0.53	79.279
0.53	79.31
0.53	79.326
0.53	79.357
0.53	79.373
0.53	79.388
0.53	79.419
0.53	79.435
0.53	79.451
0.51	79.482
0.5	79.497
0.5	79.513
0.5	79.544
0.5	79.56
0.5	79.575
0.5	79.607
0.5	79.622
0.5	79.653
0.5	79.669
0.5	79.685
0.5	79.716
0.5	79.731
0.5	79.747
0.5	79.778
0.5	79.794
0.5	79.809
0.5	79.841
0.5	79.872
0.5	79.887
0.51	79.903
0.51	79.919
0.51	79.95
0.51	79.965
0.51	79.981
0.51	80.012
0.51	80.028
0.51	80.043
0.51	80.075
0.51	80.09
0.51	80.106
0.51	80.137
0.51	80.153
0.51	80.168
0.51	80.199
0.51	80.215
0.51	80.246
0.51	80.262
0.5	80.277
0.49	80.309
0.49	80.324
0.49	80.355
0.49	80.371
0.49	80.387
0.49	80.402
0.49	80.433
0.49	80.449
0.49	80.465
0.49	80.496
0.49	80.511
0.49	80.543
0.49	80.558
0.49	80.589
0.49	80.605
0.49	80.621
0.49	80.636
0.49	80.667
0.49	80.683
0.49	80.714
0.49	80.73
0.49	80.745
0.49	80.777
0.49	80.792
0.49	80.808
0.49	80.839
0.49	80.855
0.49	80.87
0.49	80.886
0.49	80.917
0.49	80.948
0.49	80.964
0.49	80.979
0.49	80.995
0.49	81.026
0.49	81.042
0.49	81.057
0.47	81.089
0.46	81.104
0.46	81.135
0.46	81.151
0.46	81.167
0.46	81.182
0.46	81.213
0.46	81.229
0.46	81.26
0.46	81.276
0.46	81.291
0.46	81.323
0.46	81.338
0.46	81.369
0.46	81.385
0.46	81.401
0.46	81.416
0.46	81.447
0.47	81.463
0.49	81.479
0.5	81.51
0.51	81.525
0.51	81.557
0.51	81.572
0.51	81.603
0.51	81.619
0.51	81.635
0.51	81.65
0.51	81.681
0.51	81.697
0.51	81.713
0.51	81.744
0.51	81.759
0.51	81.791
0.51	81.822
0.51	81.837
0.5	81.869
0.49	81.884
0.47	81.915
0.46	81.931
0.46	81.962
0.46	81.978
0.46	81.993
0.46	82.009
0.46	82.04
0.46	82.056
0.46	82.087
0.46	82.103
0.46	82.134
0.46	82.134
0.46	82.165
0.46	82.181
0.46	82.212
0.46	82.227
0.46	82.243
0.46	82.274
0.47	82.29
0.49	82.305
0.5	82.337
0.51	82.352
0.51	82.368
0.51	82.399
0.51	82.415
0.51	82.43
0.51	82.461
0.51	82.477
0.51	82.493
0.51	82.524
0.51	82.555
0.51	82.571
0.51	82.586
0.51	82.602
0.51	82.633
0.51	82.649
0.5	82.664
0.49	82.695
0.47	82.711
0.46	82.727
0.46	82.758
0.46	82.773
0.46	82.805
0.46	82.82
0.46	82.836
0.46	82.851
0.46	82.883
0.46	82.898
0.46	82.945
0.46	82.961
0.46	83.023
0.46	83.054
0.46	83.07
0.47	83.085
0.49	83.117
0.5	83.132
0.51	83.163
0.53	83.179
0.53	83.195
0.53	83.226
0.53	83.241
0.53	83.257
0.53	83.288
0.53	83.319
0.53	83.319
0.53	83.351
0.53	83.366
0.53	83.382
0.53	83.413
0.53	83.429
0.53	83.46
0.51	83.475
0.5	83.491
0.49	83.522
0.47	83.538
0.46	83.553
0.46	83.585
0.46	83.6
0.46	83.616
0.46	83.647
0.46	83.663
0.46	83.678
0.46	83.709
0.46	83.725
0.46	83.756
0.46	83.772
0.46	83.787
0.46	83.819
0.46	83.834
0.46	83.85
0.47	83.881
0.49	83.897
0.5	83.912
0.51	83.943
0.53	83.959
0.54	83.99
0.54	84.006
0.54	84.021
0.54	84.053
0.54	84.068
0.54	84.099
0.54	84.115
0.54	84.131
0.54	84.146
0.54	84.177
0.54	84.193
0.54	84.209
0.54	84.24
0.53	84.255
0.51	84.271
0.5	84.302
0.49	84.318
0.47	84.349
0.46	84.365
0.46	84.396
0.46	84.411
0.46	84.427
0.46	84.443
0.46	84.474
0.46	84.489
0.46	84.521
0.46	84.536
0.46	84.567
0.46	84.583
0.46	84.599
0.46	84.614
0.46	84.63
0.47	84.661
0.49	84.692
0.5	84.708
0.51	84.723
0.51	84.739
0.51	84.77
0.51	84.786
0.51	84.801
0.51	84.833
0.51	84.848
0.51	84.864
0.51	84.895
0.51	84.911
0.51	84.942
0.51	84.957
0.51	84.973
0.51	85.004
0.51	85.02
0.51	85.035
0.5	85.067
0.49	85.082
0.47	85.098
0.47	85.129
0.47	85.145
0.47	85.176
0.47	85.191
0.47	85.207
0.47	85.223
0.47	85.254
0.47	85.269
0.47	85.301
0.47	85.316
0.47	85.332
0.47	85.363
0.47	85.379
0.47	85.394
0.47	85.425
0.47	85.441
0.49	85.457
0.5	85.488
0.51	85.503
0.51	85.535
0.51	85.55
0.51	85.566
0.51	85.613
0.51	85.628
0.51	85.659
0.51	85.675
0.51	85.691
0.51	85.722
0.51	85.737
0.51	85.753
0.51	85.784
0.51	85.8
0.51	85.815
0.51	85.847
0.5	85.862
0.49	85.893
0.47	85.909
0.47	85.925
0.47	85.956
0.47	85.971
0.47	86.003
0.47	86.018
0.47	86.034
0.47	86.049
0.47	86.081
0.47	86.096
0.47	86.112
0.47	86.159
0.47	86.19
0.47	86.205
0.47	86.221
0.49	86.252
0.5	86.268
0.51	86.283
0.53	86.315
0.54	86.33
0.54	86.346
0.54	86.377
0.54	86.393
0.54	86.424
0.54	86.439
0.54	86.455
0.54	86.471
0.54	86.502
0.54	86.517
0.54	86.533
0.54	86.564
0.54	86.58
0.54	86.611
0.54	86.627
0.53	86.658
0.51	86.673
0.5	86.689
0.49	86.72
0.47	86.736
0.47	86.751
0.47	86.783
0.47	86.798
0.47	86.814
0.47	86.829
0.47	86.861
0.47	86.876
0.47	86.907
0.47	86.923
0.47	86.939
0.47	86.97
0.47	86.985
0.47	87.017
0.47	87.032
0.49	87.048
0.5	87.063
0.51	87.095
0.53	87.11
0.54	87.126
0.54	87.157
0.54	87.173
0.54	87.204
0.54	87.219
0.54	87.251
0.54	87.266
0.54	87.282
0.54	87.297
0.54	87.329
0.54	87.344
0.54	87.36
0.54	87.391
0.54	87.407
0.54	87.422
0.53	87.453
0.51	87.469
0.5	87.5
0.49	87.516
0.49	87.531
0.49	87.563
0.49	87.578
0.49	87.594
0.49	87.625
0.49	87.641
0.49	87.672
0.49	87.687
0.49	87.703
0.49	87.734
0.49	87.75
0.49	87.765
0.49	87.781
0.49	87.812
0.49	87.828
0.5	87.859
0.51	87.875
0.51	87.89
0.51	87.921
0.51	87.937
0.51	87.953
0.51	87.984
0.51	87.999
0.51	88.031
0.51	88.046
0.51	88.062
0.51	88.093
0.51	88.109
0.51	88.124
0.51	88.155
0.51	88.171
0.51	88.187
0.51	88.218
0.51	88.233
0.5	88.249
0.49	88.28
0.49	88.296
0.49	88.311
0.49	88.343
0.49	88.358
0.49	88.389
0.49	88.405
0.49	88.421
0.49	88.452
0.49	88.467
0.49	88.483
0.49	88.514
0.49	88.53
0.49	88.561
0.49	88.577
0.49	88.592
0.49	88.608
0.49	88.639
0.5	88.655
0.51	88.67
0.51	88.701
0.51	88.733
0.51	88.764
0.51	88.779
0.51	88.811
0.51	88.826
0.51	88.857
0.51	88.857
0.51	88.889
0.51	88.904
0.51	88.935
0.51	88.951
0.51	88.967
0.51	88.998
0.51	89.013
0.51	89.029
0.5	89.06
0.49	89.076
0.47	89.091
0.47	89.123
0.47	89.138
0.47	89.154
0.47	89.185
0.47	89.216
0.47	89.247
0.47	89.279
0.47	89.294
0.47	89.325
0.47	89.341
0.47	89.357
0.47	89.372
0.47	89.388
0.47	89.419
0.49	89.435
0.5	89.466
0.51	89.481
0.53	89.497
0.54	89.528
0.54	89.544
0.54	89.559
0.54	89.591
0.54	89.606
0.54	89.622
0.54	89.653
0.54	89.669
0.54	89.684
0.54	89.715
0.54	89.731
0.54	89.762
0.54	89.778
0.54	89.793
0.54	89.825
0.54	89.84
0.53	89.856
0.51	89.887
0.5	89.903
0.49	89.934
0.49	89.949
0.49	89.965
0.49	89.996
0.49	90.012
0.49	90.027
0.49	90.074
0.49	90.121
0.49	90.137
0.49	90.152
0.49	90.183
0.49	90.199
0.49	90.215
0.49	90.246
0.5	90.261
0.51	90.277
0.53	90.308
0.54	90.324
0.55	90.355
0.56	90.371
0.56	90.386
0.56	90.417
0.56	90.433
0.56	90.449
0.56	90.48
0.56	90.495
0.56	90.511
0.56	90.542
0.56	90.558
0.56	90.589
0.56	90.605
0.56	90.62
0.56	90.667
0.55	90.683
0.54	90.714
0.53	90.729
0.51	90.761
0.5	90.792
0.5	90.823
0.5	90.839
0.5	90.854
0.5	90.87
0.5	90.901
0.5	90.917
0.5	90.932
0.5	90.963
0.5	90.979
0.5	90.995
0.5	91.026
0.5	91.041
0.51	91.073
0.53	91.088
0.54	91.119
0.55	91.135
0.56	91.151
0.56	91.166
0.56	91.197
0.56	91.213
0.56	91.229
0.56	91.275
0.56	91.307
0.56	91.322
0.56	91.338
0.56	91.369
0.56	91.385
0.56	91.4
0.56	91.431
0.56	91.447
0.55	91.478
0.54	91.494
0.53	91.509
0.51	91.525
0.5	91.556
0.49	91.572
0.47	91.603
0.47	91.619
0.47	91.634
0.47	91.65
0.47	91.681
0.47	91.697
0.47	91.728
0.47	91.743
0.47	91.759
0.47	91.79
0.47	91.806
0.47	91.821
0.47	91.853
0.49	91.884
0.5	91.899
0.51	91.915
0.53	91.931
0.54	91.962
0.54	91.977
0.54	91.993
0.54	92.024
0.54	92.04
0.54	92.055
0.54	92.087
0.54	92.102
0.54	92.118
0.54	92.149
0.54	92.165
0.54	92.18
0.54	92.211
0.54	92.227
0.53	92.243
0.51	92.274
0.5	92.305
0.49	92.321
0.47	92.336
0.46	92.383
0.46	92.399
0.46	92.399
0.46	92.414
0.46	92.445
0.46	92.461
0.46	92.477
0.46	92.508
0.46	92.523
0.46	92.539
0.46	92.586
0.46	92.617
0.46	92.633
0.47	92.664
0.49	92.679
0.5	92.695
0.51	92.711
0.53	92.742
0.53	92.757
0.53	92.773
0.53	92.804
0.53	92.835
0.53	92.835
0.53	92.867
0.53	92.882
0.53	92.913
0.53	92.929
0.53	92.96
0.53	92.976
0.53	92.991
0.53	93.007
0.53	93.038
0.51	93.054
0.5	93.069
0.49	93.101
0.47	93.116
0.47	93.132
0.47	93.163
0.47	93.179
0.47	93.21
0.47	93.225
0.47	93.241
0.47	93.288
0.47	93.319
0.47	93.335
0.47	93.35
0.47	93.366
0.47	93.397
0.47	93.413
0.47	93.428
0.47	93.459
0.49	93.475
0.5	93.506
0.51	93.522
0.53	93.537
0.53	93.569
0.53	93.584
0.53	93.6
0.53	93.631
0.53	93.647
0.53	93.662
0.53	93.693
0.53	93.709
0.53	93.725
0.53	93.756
0.53	93.771
0.53	93.787
0.53	93.818
0.53	93.834
0.51	93.849
0.5	93.881
0.49	93.896
0.47	93.927
0.47	93.943
0.47	93.959
0.47	93.99
0.47	94.005
0.47	94.021
0.47	94.052
0.47	94.083
0.47	94.099
0.47	94.115
0.47	94.13
0.47	94.161
0.47	94.177
0.47	94.208
0.47	94.224
0.47	94.239
0.47	94.271
0.49	94.286
0.5	94.302
0.5	94.317
0.5	94.349
0.5	94.38
0.5	94.411
0.5	94.427
0.5	94.442
0.5	94.473
0.5	94.489
0.5	94.52
0.5	94.536
0.5	94.551
0.5	94.583
0.5	94.598
0.5	94.614
0.49	94.645
0.47	94.661
0.46	94.676
0.45	94.739
0.44	94.739
0.44	94.754
0.44	94.77
0.44	94.785
0.44	94.801
0.44	94.832
0.44	94.879
0.44	94.895
0.44	94.926
0.44	94.941
0.44	94.957
0.44	94.973
0.44	95.004
0.44	95.019
0.44	95.035
0.44	95.066
0.45	95.082
0.46	95.113
0.47	95.129
0.49	95.144
0.49	95.175
0.49	95.191
0.49	95.207
0.49	95.238
0.49	95.253
0.49	95.285
0.49	95.3
0.49	95.316
0.49	95.331
0.49	95.363
0.49	95.378
0.47	95.394
0.46	95.425
0.45	95.441
0.44	95.472
0.42	95.487
0.41	95.503
0.4	95.534
0.4	95.55
0.4	95.581
0.4	95.597
0.4	95.612
0.4	95.628
0.4	95.659
0.4	95.675
0.4	95.706
0.4	95.721
0.4	95.737
0.4	95.768
0.4	95.784
0.4	95.815
0.4	95.831
0.4	95.846
0.4	95.877
0.4	95.893
0.4	95.909
0.4	95.924
0.4	95.955
0.4	95.971
0.4	96.002
0.4	96.018
0.4	96.033
0.4	96.065
0.4	96.08
0.4	96.096
0.38	96.127
0.37	96.174
0.36	96.189
0.35	96.205
0.33	96.236
0.32	96.252
0.31	96.283
0.29	96.283
0.28	96.314
0.28	96.33
0.28	96.345
0.28	96.377
0.28	96.408
0.28	96.423
0.28	96.439
0.28	96.455
0.28	96.486
0.28	96.501
0.28	96.517
0.28	96.548
0.28	96.564
0.28	96.595
0.28	96.611
0.28	96.626
0.28	96.657
0.28	96.673
0.28	96.689
0.28	96.72
0.28	96.735
0.27	96.751
0.26	96.782
0.24	96.798
0.23	96.813
0.22	96.845
0.21	96.86
0.19	96.876
0.18	96.907
0.17	96.923
0.15	96.938
0.14	96.969
0.13	97.001
0.12	97.001
0.1	97.032
0.09	97.063
0.09	97.079
0.09	97.094
0.09	97.125
0.09	97.141
0.09	97.157
0.09	97.172
0.09	97.203
0.09	97.219
0.09	97.25
0.09	97.266
0.09	97.297
0.09	97.297
0.09	97.344
0.09	97.375
0.09	97.391
0.09	97.406
0.09	97.437
0.09	97.453
0.09	97.5
0.09	97.531
0.09	97.531
0.09	97.562
0.09	97.578
0.09	97.593
0.09	97.625
0.09	97.656
0.09	97.671
0.08	97.687
0.06	97.703
0.05	97.734
0.04	97.749
0.03	97.765
0.01	97.796
0	97.812
0	97.827
0	97.859
0	97.874
0	97.89
0	97.921
0	97.937
0	97.952
0	97.983
0	97.999
0	98.03
0	98.046
0	98.061
0	98.093
0	98.108
0	98.124
0	98.155
0	98.171
0	98.186
0	98.217
0	98.249
0	98.249
0	98.28
0	98.311
0	98.327
0	98.342
0	98.358
0	98.389
0	98.405
0	98.42
0	98.451
0	98.467
0	98.498
0	98.514
0	98.529
0	98.545
0	98.576
0	98.592
0	98.623
0	98.639
0	98.654
0	98.67
0	98.701
0	98.717
0	98.748
0	98.763
0	98.779
0	98.81
0	98.841
0	98.841
0	98.873
0	98.888
0	98.904
0	98.935
0	98.951
0	98.966
0	98.997
0	99.013
0	99.044
0	99.06
0	99.075
0	99.091
0	99.122
0	99.138
0	99.169
0	99.185
0	99.2
0	99.231
0	99.247
0	99.278
0	99.294
0	99.309
0	99.325
0	99.356
0	99.372
0	99.403
0	99.419
0	99.434
0	99.465
0	99.481
0	99.497
0	99.528
0	99.559
0	99.575
0	99.59
0	99.606
0	99.637
0	99.653
0	99.684
0	99.699
0	99.715
0	99.731
0	99.762
0	99.777
0	99.793
0	99.824
0	99.84
0	99.855
0	99.887
0	99.902
0	99.918
0	99.949
0	99.965
0	99.996
0	100.011
0	100.027
0	100.058
0	100.074
0	100.089
0	100.121
0	100.136
0	100.152
0	100.183
0	100.214
0	100.23
0	100.245
0	100.261
0	100.277
0	100.308
0	100.323
0	100.355
0	100.37
0	100.401
0	100.417
0	100.433
0	100.448
0	100.479
0	100.495
0	100.511
0	100.542
0	100.557
0	100.573
0	100.604
0	100.62
0	100.651
0	100.667
0	100.682
0	100.713
0	100.729
0	100.745
0	100.776
0	100.791
0	100.807
0	100.838
0	100.854
0	100.869
0	100.901
0	100.916
0	100.932
0	100.963
0	100.979
0	101.01
0	101.025
0	101.041
0	101.072
0	101.088
0	101.103
0	101.135
0	101.15
0	101.166
0	101.197
0	101.213
0	101.228
0	101.259
0	101.275
0	101.306
0	101.322
0	101.337
0	101.369
0	101.384
0	101.4
0	101.431
0	101.447
0	101.462
0	101.493
0	101.509
0	101.525
0	101.556
0	101.571
0	101.587
0	101.618
0	101.649
0	101.665
0	101.681
0	101.696
0	101.727
0	101.743
0	101.774
0	101.79
0	101.805
0	101.821
0	101.852
0	101.868
0	101.883
0	101.915
0	101.946
0	101.946
0	101.977
0	101.993
0	102.024
0	102.055
0	102.086
0	102.102
0	102.117
0	102.149
0	102.164
0	102.195
0	102.211
0	102.258
0	102.273
0	102.289
0	102.32
0	102.336
0	102.351
0	102.383
0	102.398
0	102.414
0	102.445
0	102.461
0	102.476
0	102.507
0	102.523
0	102.554
0	102.57
0	102.585
0	102.617
0	102.632
0	102.648
0	102.679
0	102.695
0	102.71
0	102.741
0	102.757
0	102.773
0	102.804
0	102.819
0	102.835
0	102.866
0	102.882
0	102.913
0	102.929
0	102.944
0	102.975
0	102.991
0	103.007
0	103.038
0	103.053
0	103.069
0	103.1
0	103.116
0	103.131
0	103.163
0	103.178
0	103.194
0	103.225
0	103.241
0	103.272
0	103.287
0	103.303
0	103.334
0	103.35
0	103.365
0	103.397
0	103.412
0	103.428
0	103.459
0	103.49
0	103.49
0	103.521
0	103.553
0	103.553
0	103.584
0	103.599
0	103.631
0	103.646
0	103.662
0	103.693
0	103.709
0	103.724
0	103.755
0	103.771
0	103.787
0	103.818
0	103.833
0	103.849
0	103.88
0	103.896
0	103.927
0	103.943
0	103.958
0	103.989
0	104.005
0	104.021
