0	0.047
0	0.062
0	0.093
0	0.109
0	0.125
0	0.156
0	0.171
0	0.203
0	0.218
0	0.247
0	0.258
0	0.289
0	0.305
0	0.336
0	0.351
0	0.367
0	0.383
0	0.414
0	0.429
0	0.445
0	0.476
0	0.492
0	0.507
0	0.539
0	0.585
0	0.601
0	0.617
0	0.648
0	0.663
0	0.679
0	0.71
0	0.727
0	0.758
0	0.774
0	0.789
0	0.805
0	0.836
0	0.852
0	0.867
0	0.898
0	0.914
0	0.945
0	0.961
0	0.976
0	0.992
0	1.023
0	1.054
0	1.07
0	1.086
0	1.101
0	1.132
0	1.148
0	1.168
0	1.199
0	1.214
0	1.23
0	1.248
0	1.279
0	1.294
0	1.326
0	1.341
0	1.357
0	1.372
0	1.404
0	1.419
0	1.45
0	1.466
0	1.482
0	1.513
0	1.528
0	1.56
0	1.591
0	1.606
0	1.638
0	1.653
0	1.684
0	1.7
0	1.718
0	1.749
0	1.78
0	1.812
0	1.828
0	1.843
0	1.875
0	1.89
0	1.906
0	1.937
0	1.953
0	1.968
0	1.999
0	2.015
0	2.031
0	2.062
0	2.077
0	2.093
0	2.126
0	2.142
0	2.157
0	2.189
0	2.204
0	2.22
0	2.252
0	2.268
0	2.299
0	2.314
0	2.346
0	2.361
0	2.377
0	2.392
0	2.424
0	2.439
0	2.455
0	2.486
0	2.502
0	2.517
0	2.548
0	2.564
0	2.58
0	2.611
0	2.642
0	2.658
0	2.673
0	2.689
0	2.704
0	2.736
0	2.751
0	2.782
0	2.798
0	2.814
0	2.845
0	2.86
0	2.876
0	2.907
0	2.938
0	2.938
0	2.97
0	2.985
0	3.016
0	3.035
0	3.051
0	3.066
0	3.097
0	3.113
0	3.129
0	3.16
0	3.175
0	3.207
0	3.222
0	3.238
0	3.269
0	3.285
0	3.316
0	3.331
0	3.347
0	3.363
0	3.394
0	3.409
0	3.425
0	3.456
0	3.472
0	3.503
0	3.519
0	3.534
0	3.565
0	3.581
0	3.597
0	3.628
0	3.643
0	3.659
0	3.691
0	3.707
0	3.738
0	3.754
0	3.769
0	3.785
0	3.816
0	3.832
0	3.863
0	3.878
0	3.894
0	3.925
0	3.941
0	3.972
0	3.99
0	4.005
0	4.021
0	4.036
0	4.068
0	4.083
0	4.114
0	4.13
0	4.161
0	4.177
0	4.192
0	4.224
0	4.24
0	4.256
0	4.271
0	4.303
0	4.318
0	4.334
0	4.365
0	4.396
0	4.412
0	4.427
0	4.443
0	4.474
0	4.49
0	4.505
0	4.537
1	4.552
0	4.583
0	4.599
0	4.63
0	4.63
0	4.661
0	4.677
0	4.708
0	4.724
0	4.739
0	4.757
0	4.788
0	4.804
0	4.835
0	4.851
0	4.882
0	4.897
0	4.916
0	4.947
0	4.963
0	4.978
0	4.994
0	5.025
0	5.041
0	5.072
0	5.088
0	5.103
0	5.119
0	5.15
0	5.166
0	5.197
0	5.212
0	5.23
0	5.246
1	5.277
0	5.292
0	5.324
0	5.339
0	5.355
0	5.386
0	5.402
0	5.417
0	5.448
0	5.464
0	5.48
1	5.511
1	5.526
0	5.543
0	5.574
0	5.59
0	5.605
0	5.637
0	5.652
1	5.668
1	5.699
1	5.715
1	5.73
1	5.762
1	5.794
0	5.794
0	5.825
0	5.84
0	5.858
1	5.889
0	5.905
0	5.936
0	5.952
0	5.967
0	5.998
0	6.014
0	6.045
0	6.061
0	6.076
0	6.108
0	6.123
0	6.139
0	6.17
0	6.186
1	6.201
0	6.217
0	6.248
0	6.264
1	6.279
0	6.31
0	6.326
0	6.357
0	6.373
1	6.388
0	6.42
1	6.435
0	6.451
1	6.482
1	6.498
0	6.529
0	6.544
0	6.56
1	6.591
1	6.607
0	6.622
1	6.654
1	6.669
1	6.7
1	6.716
0	6.732
0	6.766
0	6.767
0	6.798
0	6.814
0	6.829
0	6.86
1	6.892
0	6.907
0	6.923
0	6.938
1	6.97
0	6.985
1	7.001
0	7.032
1	7.048
1	7.079
1	7.094
1	7.126
1	7.126
0	7.157
0	7.172
1	7.204
0	7.219
1	7.235
0	7.266
1	7.282
1	7.297
0	7.328
0	7.344
0	7.391
1	7.407
1	7.423
1	7.454
1	7.47
1	7.501
1	7.517
1	7.532
0	7.563
1	7.579
0	7.61
1	7.626
0	7.641
0	7.673
0	7.688
0	7.704
0	7.732
1	7.752
1	7.768
1	7.783
0	7.814
1	7.83
1	7.861
1	7.877
1	7.892
0	7.908
0	7.939
0	7.955
0	7.986
1	8.002
1	8.017
0	8.048
1	8.064
1	8.08
1	8.111
1	8.126
0	8.158
1	8.173
1	8.204
0	8.204
0	8.236
0	8.251
0	8.284
0	8.3
0	8.316
0	8.331
0	8.362
0	8.378
0	8.409
0	8.425
0	8.44
0	8.472
0	8.487
0	8.503
0	8.534
0	8.55
0	8.565
0	8.596
0	8.612
0	8.631
0	8.662
0	8.677
0	8.709
0	8.724
0	8.742
1	8.757
1	8.789
1	8.804
1	8.835
1	8.851
1	8.867
0	8.882
0	8.913
0	8.929
0	8.945
0	8.976
0	9.007
0	9.023
0	9.038
0	9.054
0	9.069
0	9.101
0	9.132
0	9.147
0	9.163
0	9.194
0	9.21
0	9.225
0	9.257
0	9.273
0	9.289
0	9.304
0	9.336
0	9.351
0	9.382
1	9.398
1	9.429
1	9.445
1	9.46
0	9.492
0	9.507
0	9.523
0	9.554
0	9.57
0	9.587
0	9.603
0	9.634
0	9.65
0	9.681
0	9.696
0	9.712
0	9.743
0	9.759
0	9.774
0	9.79
0	9.821
0	9.837
0	9.852
0	9.884
0	9.899
0	9.93
0	9.946
0	9.962
0	9.993
0	10.008
0	10.024
1	10.055
1	10.071
1	10.102
1	10.118
0	10.133
0	10.164
0	10.18
0	10.211
0	10.211
0	10.242
0	10.258
0	10.289
0	10.305
0	10.32
0	10.352
0	10.367
0	10.383
0	10.414
0	10.43
0	10.461
0	10.476
0	10.495
0	10.526
0	10.542
0	10.573
0	10.589
0	10.604
0	10.62
0	10.635
1	10.667
1	10.682
1	10.713
1	10.729
1	10.745
0	10.776
0	10.791
0	10.807
0	10.838
0	10.854
0	10.869
0	10.901
0	10.916
0	10.947
0	10.963
0	10.979
0	11.01
0	11.025
0	11.041
0	11.072
0	11.088
0	11.103
0	11.136
0	11.151
0	11.167
0	11.198
0	11.214
0	11.229
0	11.261
1	11.277
1	11.293
1	11.324
1	11.339
0	11.371
0	11.386
0	11.402
0	11.417
0	11.451
0	11.466
0	11.482
0	11.513
0	11.544
0	11.544
0	11.575
0	11.591
0	11.622
0	11.638
0	11.669
0	11.685
0	11.716
0	11.731
0	11.747
0	11.772
0	11.787
0	11.803
0	11.818
0	11.85
1	11.865
1	11.896
1	11.912
1	11.943
0	11.959
0	11.99
0	12.006
0	12.021
0	12.037
0	12.068
0	12.084
0	12.115
0	12.131
0	12.147
0	12.178
0	12.178
0	12.209
0	12.225
0	12.256
0	12.272
0	12.287
0	12.319
0	12.351
0	12.353
0	12.368
0	12.4
0	12.431
0	12.446
1	12.462
1	12.478
1	12.509
1	12.54
0	12.54
0	12.571
0	12.602
0	12.618
0	12.634
0	12.665
0	12.68
0	12.696
0	12.727
0	12.743
0	12.758
0	12.79
0	12.805
0	12.821
0	12.852
0	12.868
0	12.883
0	12.899
0	12.93
0	12.946
0	12.977
0	12.993
0	13.009
0	13.04
1	13.056
1	13.087
1	13.103
1	13.118
1	13.134
0	13.165
0	13.181
0	13.196
0	13.227
0	13.243
0	13.259
0	13.314
0	13.33
0	13.361
0	13.377
0	13.392
0	13.408
0	13.439
0	13.455
0	13.486
0	13.502
0	13.533
0	13.533
0	13.564
0	13.58
0	13.611
0	13.626
0	13.642
1	13.673
1	13.689
1	13.72
1	13.736
1	13.751
0	13.769
0	13.8
0	13.816
0	13.831
0	13.862
0	13.878
0	13.909
0	13.925
0	13.94
0	13.956
0	13.987
0	14.018
0	14.018
0	14.05
0	14.065
0	14.096
0	14.112
0	14.128
0	14.159
0	14.174
0	14.19
0	14.224
0	14.24
0	14.255
1	14.287
1	14.303
1	14.319
1	14.35
1	14.366
0	14.397
0	14.412
0	14.428
0	14.459
0	14.475
0	14.49
0	14.506
0	14.537
0	14.553
0	14.568
0	14.6
0	14.631
0	14.646
0	14.662
0	14.678
0	14.709
0	14.724
0	14.74
0	14.771
0	14.802
0	14.802
0	14.834
0	14.85
0	14.866
1	14.897
1	14.913
1	14.928
1	14.959
1	14.975
0	15.006
0	15.022
0	15.037
0	15.069
0	15.084
0	15.1
0	15.131
0	15.147
0	15.18
0	15.195
0	15.211
0	15.227
0	15.258
0	15.273
0	15.305
0	15.32
0	15.336
0	15.367
0	15.383
0	15.398
0	15.429
0	15.445
0	15.461
1	15.492
1	15.507
1	15.523
1	15.554
1	15.57
1	15.585
0	15.617
0	15.632
0	15.663
0	15.679
0	15.71
0	15.726
0	15.741
0	15.773
0	15.794
0	15.809
0	15.828
0	15.843
0	15.859
0	15.89
0	15.906
0	15.937
0	15.953
0	15.984
0	15.999
0	16.015
0	16.031
0	16.063
0	16.08
0	16.112
1	16.127
1	16.143
1	16.158
1	16.19
1	16.205
1	16.221
1	16.252
0	16.268
0	16.283
0	16.314
0	16.346
0	16.346
0	16.377
0	16.392
0	16.424
0	16.439
0	16.47
0	16.47
0	16.502
0	16.517
0	16.548
0	16.564
0	16.58
0	16.611
0	16.626
0	16.642
0	16.673
0	16.689
0	16.705
0	16.737
0	16.752
1	16.783
1	16.799
1	16.83
1	16.846
1	16.861
1	16.893
1	16.908
0	16.924
0	16.955
0	16.971
0	16.986
0	17.002
0	17.035
0	17.051
0	17.066
0	17.097
0	17.129
0	17.144
0	17.16
0	17.175
0	17.207
0	17.222
0	17.253
0	17.269
0	17.285
0	17.3
0	17.331
0	17.347
0	17.363
0	17.394
1	17.409
1	17.441
1	17.456
1	17.472
1	17.487
1	17.519
1	17.55
0	17.565
0	17.581
0	17.597
0	17.628
0	17.643
0	17.659
0	17.69
0	17.706
0	17.737
0	17.753
0	17.768
0	17.817
0	17.833
0	17.848
0	17.879
0	17.895
0	17.911
0	17.945
0	17.96
0	17.992
0	18.007
0	18.023
1	18.038
1	18.07
1	18.085
1	18.101
1	18.132
1	18.148
1	18.163
1	18.194
1	18.21
1	18.241
0	18.257
0	18.288
0	18.304
0	18.319
0	18.335
0	18.367
0	18.398
0	18.414
0	18.429
0	18.445
0	18.476
0	18.492
0	18.507
0	18.523
0	18.554
0	18.571
0	18.586
0	18.618
0	18.649
0	18.664
0	18.68
1	18.696
1	18.727
1	18.742
1	18.758
1	18.789
1	18.805
1	18.836
1	18.876
1	18.891
0	18.907
0	18.938
0	18.954
0	18.969
0	19
0	19.016
0	19.032
0	19.063
0	19.094
0	19.11
0	19.125
0	19.156
0	19.172
0	19.188
0	19.203
0	19.234
0	19.25
0	19.266
0	19.297
0	19.312
0	19.328
0	19.36
1	19.376
1	19.391
1	19.423
1	19.438
1	19.469
1	19.485
1	19.501
1	19.532
1	19.547
1	19.579
0	19.594
0	19.61
0	19.625
0	19.657
0	19.672
0	19.688
0	19.719
0	19.735
0	19.766
0	19.784
0	19.8
0	19.831
0	19.847
0	19.864
0	19.88
0	19.911
0	19.927
0	19.958
0	19.974
0	19.989
0	20.005
0	20.036
1	20.052
1	20.067
1	20.098
1	20.114
1	20.145
1	20.161
1	20.176
1	20.208
1	20.223
1	20.239
0	20.27
0	20.286
0	20.317
0	20.334
0	20.35
0	20.366
0	20.397
0	20.412
0	20.445
0	20.46
0	20.476
0	20.491
0	20.523
0	20.538
0	20.554
0	20.585
0	20.601
0	20.616
0	20.647
0	20.663
1	20.694
1	20.71
1	20.725
1	20.759
1	20.774
1	20.79
1	20.821
1	20.837
1	20.869
1	20.9
0	20.916
0	20.947
0	20.962
0	20.994
0	21.009
0	21.025
0	21.04
0	21.072
0	21.087
0	21.118
0	21.134
0	21.15
0	21.181
0	21.196
0	21.212
0	21.243
0	21.259
0	21.274
0	21.306
0	21.337
1	21.337
1	21.368
1	21.399
1	21.415
1	21.43
1	21.446
1	21.477
1	21.493
1	21.508
1	21.54
1	21.555
0	21.571
0	21.602
0	21.633
0	21.633
0	21.667
0	21.683
0	21.699
0	21.73
0	21.745
0	21.761
0	21.792
0	21.808
0	21.839
0	21.855
0	21.886
0	21.917
0	21.948
0	21.964
0	21.979
1	21.995
1	22.026
1	22.042
1	22.057
1	22.089
1	22.104
1	22.12
1	22.151
1	22.182
1	22.198
0	22.213
0	22.245
0	22.26
0	22.276
0	22.308
0	22.324
0	22.339
0	22.355
0	22.386
0	22.402
0	22.433
0	22.448
0	22.48
0	22.48
0	22.511
0	22.526
0	22.558
0	22.573
0	22.605
0	22.606
1	22.638
1	22.653
1	22.684
1	22.7
1	22.716
1	22.747
1	22.762
1	22.778
1	22.809
1	22.825
0	22.84
0	22.873
0	22.888
0	22.935
0	22.951
0	22.966
0	22.997
0	23.013
0	23.044
0	23.06
0	23.091
0	23.107
0	23.122
0	23.138
0	23.169
0	23.188
0	23.203
0	23.219
0	23.25
1	23.266
1	23.297
1	23.312
1	23.328
1	23.359
1	23.377
1	23.392
1	23.408
1	23.439
1	23.47
0	23.486
0	23.502
0	23.517
0	23.548
0	23.564
0	23.595
0	23.611
0	23.626
0	23.658
0	23.673
0	23.689
0	23.704
0	23.736
0	23.767
0	23.782
0	23.798
0	23.814
0	23.845
0	23.862
0	23.893
1	23.909
1	23.94
1	23.971
1	23.987
1	24.002
1	24.033
1	24.049
1	24.08
1	24.096
0	24.111
0	24.143
0	24.16
0	24.176
0	24.191
0	24.223
0	24.254
0	24.254
0	24.285
0	24.316
0	24.332
0	24.347
0	24.363
0	24.395
0	24.411
0	24.426
0	24.458
0	24.489
0	24.489
0	24.52
0	24.536
1	24.567
1	24.582
1	24.598
1	24.629
1	24.645
1	24.66
1	24.692
1	24.707
1	24.723
0	24.754
0	24.77
0	24.785
0	24.816
0	24.832
0	24.848
0	24.879
0	24.894
0	24.926
0	24.957
0	24.988
0	25.004
0	25.019
0	25.053
0	25.069
0	25.1
0	25.116
0	25.131
0	25.147
1	25.178
1	25.194
1	25.225
1	25.241
1	25.256
1	25.272
1	25.303
1	25.334
1	25.334
1	25.365
0	25.381
0	25.412
0	25.428
0	25.443
0	25.475
0	25.49
0	25.521
0	25.537
0	25.553
0	25.568
0	25.599
0	25.615
0	25.631
0	25.662
0	25.694
0	25.71
0	25.725
0	25.741
0	25.756
0	25.788
1	25.803
1	25.834
1	25.85
1	25.881
1	25.897
1	25.912
1	25.944
1	25.975
1	25.99
0	26.024
0	26.039
0	26.055
0	26.086
0	26.102
0	26.117
0	26.148
0	26.18
0	26.18
0	26.211
0	26.242
0	26.242
0	26.273
0	26.289
0	26.32
0	26.336
0	26.351
0	26.383
0	26.399
0	26.415
0	26.446
1	26.461
1	26.477
1	26.508
1	26.524
1	26.555
1	26.571
1	26.602
1	26.602
1	26.633
0	26.649
0	26.68
0	26.695
0	26.711
0	26.742
0	26.758
0	26.789
0	26.805
0	26.82
0	26.851
0	26.867
0	26.891
0	26.92
0	26.92
0	26.951
0	26.998
0	27.014
0	27.045
0	27.061
1	27.076
1	27.107
1	27.123
1	27.139
1	27.154
1	27.185
1	27.201
1	27.217
1	27.249
1	27.264
0	27.28
0	27.311
0	27.327
0	27.358
0	27.374
0	27.389
0	27.42
0	27.436
0	27.467
0	27.483
0	27.498
0	27.514
0	27.545
0	27.561
0	27.576
0	27.608
0	27.623
0	27.639
0	27.67
1	27.686
1	27.717
1	27.732
1	27.748
1	27.779
1	27.795
1	27.81
1	27.842
1	27.857
1	27.874
0	27.905
0	27.921
0	27.936
0	27.967
0	27.983
0	27.999
0	28.03
0	28.045
0	28.061
0	28.092
0	28.108
0	28.139
0	28.155
0	28.17
0	28.203
0	28.219
0	28.235
0	28.266
0	28.281
0	28.297
1	28.328
1	28.359
1	28.359
1	28.391
1	28.406
1	28.437
1	28.453
1	28.469
1	28.484
0	28.515
0	28.547
0	28.562
0	28.593
0	28.593
0	28.625
0	28.64
0	28.656
0	28.687
0	28.703
0	28.734
0	28.749
0	28.765
0	28.796
0	28.812
0	28.827
0	28.859
0	28.876
0	28.892
0	28.923
1	28.939
1	28.97
1	28.985
1	29.001
1	29.017
1	29.048
1	29.063
1	29.079
1	29.113
1	29.129
0	29.144
0	29.176
0	29.191
0	29.207
0	29.238
0	29.254
0	29.269
0	29.3
0	29.332
0	29.347
0	29.363
0	29.378
0	29.411
0	29.426
0	29.442
0	29.473
0	29.489
0	29.52
0	29.535
1	29.551
1	29.567
1	29.598
1	29.613
1	29.629
1	29.66
1	29.676
1	29.707
1	29.723
1	29.739
0	29.755
0	29.786
0	29.802
0	29.817
0	29.848
0	29.864
0	29.895
0	29.911
0	29.926
0	29.958
0	29.973
0	29.989
0	30.02
0	30.036
0	30.053
0	30.085
0	30.1
0	30.116
0	30.147
1	30.163
1	30.178
1	30.209
1	30.241
1	30.241
1	30.272
1	30.287
1	30.303
1	30.334
1	30.35
1	30.381
0	30.397
0	30.428
0	30.443
0	30.475
0	30.49
0	30.506
0	30.521
0	30.553
0	30.568
0	30.599
0	30.615
0	30.631
0	30.646
0	30.677
0	30.693
0	30.709
0	30.74
0	30.755
0	30.771
1	30.802
1	30.818
1	30.833
1	30.865
1	30.896
1	30.911
1	30.932
1	30.949
1	30.965
1	30.996
0	31.011
0	31.043
0	31.058
0	31.074
0	31.089
0	31.121
0	31.136
0	31.152
0	31.183
0	31.199
0	31.23
0	31.245
0	31.261
0	31.278
0	31.309
0	31.34
0	31.356
0	31.371
0	31.387
1	31.418
1	31.434
1	31.449
1	31.48
1	31.496
1	31.512
1	31.543
1	31.558
1	31.574
1	31.605
0	31.621
0	31.652
0	31.668
0	31.683
0	31.699
0	31.73
0	31.746
0	31.777
0	31.792
0	31.808
0	31.839
0	31.855
0	31.886
0	31.902
0	31.918
0	31.934
0	31.965
0	31.996
0	31.996
0	32.027
1	32.043
1	32.074
1	32.09
1	32.121
1	32.137
1	32.152
1	32.168
1	32.199
1	32.215
0	32.248
0	32.263
0	32.279
0	32.31
0	32.326
0	32.341
0	32.357
0	32.388
0	32.419
0	32.419
0	32.451
0	32.466
0	32.482
0	32.513
0	32.529
0	32.56
0	32.575
0	32.591
0	32.622
0	32.653
1	32.669
1	32.685
1	32.7
1	32.716
1	32.747
1	32.778
1	32.794
1	32.809
1	32.825
1	32.856
0	32.872
0	32.887
0	32.921
0	32.936
0	32.952
0	32.983
0	32.999
0	33.03
0	33.045
0	33.061
0	33.092
0	33.108
0	33.123
0	33.142
0	33.173
0	33.189
0	33.204
0	33.236
0	33.251
1	33.282
1	33.298
1	33.314
1	33.329
1	33.36
1	33.376
1	33.407
1	33.423
1	33.438
1	33.471
0	33.486
0	33.502
0	33.517
0	33.549
0	33.58
0	33.595
0	33.611
0	33.627
0	33.658
0	33.689
0	33.705
0	33.72
0	33.736
0	33.751
0	33.784
0	33.815
0	33.846
0	33.877
1	33.893
1	33.908
1	33.924
1	33.955
1	33.971
1	33.986
1	34.018
1	34.049
1	34.049
0	34.08
0	34.098
0	34.129
0	34.144
0	34.16
0	34.191
0	34.207
0	34.222
0	34.238
0	34.269
0	34.285
0	34.316
0	34.332
0	34.347
0	34.378
0	34.394
0	34.425
0	34.441
0	34.456
1	34.488
1	34.503
1	34.534
1	34.534
1	34.566
1	34.597
1	34.612
1	34.628
1	34.644
1	34.675
0	34.69
0	34.706
0	34.737
0	34.753
0	34.768
0	34.8
0	34.815
0	34.831
0	34.862
0	34.878
0	34.909
0	34.924
0	34.94
0	34.956
0	34.992
0	35.009
0	35.024
0	35.056
0	35.071
1	35.089
1	35.12
1	35.136
1	35.151
1	35.182
1	35.198
1	35.229
1	35.245
1	35.26
1	35.276
0	35.307
0	35.338
0	35.354
0	35.37
0	35.385
0	35.401
0	35.432
0	35.448
0	35.479
0	35.494
0	35.526
0	35.541
0	35.557
0	35.572
0	35.604
0	35.635
0	35.651
0	35.667
0	35.683
1	35.698
1	35.729
1	35.761
1	35.776
1	35.807
1	35.807
1	35.839
1	35.854
1	35.87
1	35.901
0	35.917
0	35.932
0	35.95
0	35.981
0	35.997
0	36.028
0	36.043
0	36.059
0	36.09
0	36.106
0	36.137
0	36.153
0	36.184
0	36.184
0	36.215
0	36.231
0	36.262
0	36.277
0	36.293
1	36.324
1	36.34
1	36.355
1	36.387
1	36.418
1	36.418
1	36.449
1	36.465
1	36.496
0	36.511
0	36.527
0	36.558
0	36.574
0	36.589
0	36.621
0	36.636
0	36.652
0	36.683
0	36.699
0	36.714
0	36.745
0	36.761
0	36.777
0	36.808
0	36.823
0	36.858
0	36.873
0	36.889
1	36.904
1	36.936
1	36.951
1	36.968
1	36.999
1	37.015
1	37.03
1	37.061
1	37.077
1	37.108
0	37.124
0	37.139
0	37.171
0	37.186
0	37.202
0	37.233
0	37.249
0	37.264
0	37.295
0	37.311
0	37.342
0	37.358
0	37.389
0	37.405
0	37.42
0	37.436
0	37.467
0	37.485
0	37.5
1	37.531
1	37.547
1	37.563
1	37.594
1	37.609
1	37.641
1	37.656
1	37.672
1	37.687
0	37.719
0	37.734
0	37.765
0	37.781
0	37.813
0	37.83
0	37.845
0	37.861
0	37.877
0	37.908
0	37.923
0	37.939
0	37.972
0	37.988
0	38.003
0	38.035
0	38.05
0	38.066
0	38.097
0	38.113
1	38.144
1	38.159
1	38.191
1	38.206
1	38.222
1	38.237
1	38.269
1	38.284
1	38.3
0	38.331
0	38.347
0	38.362
0	38.396
0	38.412
0	38.428
0	38.459
0	38.491
0	38.491
0	38.522
0	38.538
0	38.569
0	38.585
0	38.6
0	38.616
0	38.647
0	38.663
0	38.694
0	38.709
0	38.741
1	38.756
1	38.772
1	38.787
1	38.819
1	38.85
1	38.865
1	38.881
1	38.897
1	38.912
0	38.943
0	38.959
0	38.99
0	39.006
0	39.021
0	39.038
0	39.069
0	39.1
0	39.116
0	39.132
0	39.147
0	39.178
0	39.194
0	39.21
0	39.241
0	39.272
0	39.288
0	39.303
0	39.319
1	39.352
1	39.368
1	39.383
1	39.414
1	39.43
1	39.446
1	39.477
1	39.492
1	39.508
0	39.539
0	39.555
0	39.586
0	39.602
0	39.617
0	39.633
0	39.664
0	39.68
0	39.711
0	39.726
0	39.742
0	39.773
0	39.789
0	39.82
0	39.836
0	39.851
0	39.867
0	39.898
0	39.914
1	39.929
1	39.96
1	39.977
1	40.008
1	40.024
1	40.039
1	40.055
1	40.086
1	40.102
1	40.133
0	40.149
0	40.164
0	40.195
0	40.211
0	40.242
0	40.26
0	40.276
0	40.292
0	40.323
0	40.339
0	40.354
0	40.386
0	40.401
0	40.417
0	40.448
0	40.464
0	40.48
0	40.511
0	40.527
1	40.543
1	40.574
1	40.589
1	40.605
1	40.636
1	40.667
1	40.667
1	40.699
1	40.714
1	40.745
0	40.761
0	40.777
0	40.808
0	40.823
0	40.839
0	40.87
0	40.886
0	40.902
0	40.934
0	40.949
0	40.965
0	40.998
0	41.014
0	41.029
0	41.06
0	41.092
0	41.107
0	41.123
1	41.154
1	41.17
1	41.185
1	41.218
1	41.218
1	41.25
1	41.265
1	41.281
1	41.312
1	41.328
0	41.359
0	41.374
0	41.39
0	41.421
0	41.437
0	41.452
0	41.485
0	41.504
0	41.519
0	41.535
0	41.566
0	41.582
0	41.613
0	41.628
0	41.644
0	41.675
1	41.691
1	41.706
1	41.738
1	41.769
1	41.784
1	41.803
1	41.819
1	41.85
0	41.865
0	41.881
0	41.912
0	41.928
0	41.943
0	41.959
0	41.99
0	42.007
0	42.022
0	42.054
0	42.069
0	42.085
0	42.116
0	42.133
0	42.164
0	42.179
1	42.195
1	42.226
1	42.242
1	42.257
1	42.289
1	42.304
1	42.335
1	42.351
1	42.367
0	42.398
0	42.413
0	42.429
0	42.446
0	42.477
0	42.492
0	42.508
0	42.539
0	42.555
0	42.57
0	42.602
0	42.617
0	42.648
0	42.664
0	42.68
1	42.711
1	42.726
1	42.76
1	42.775
1	42.806
1	42.822
1	42.838
1	42.853
1	42.869
0	42.9
0	42.916
0	42.931
0	42.962
0	42.994
0	42.994
0	43.025
0	43.04
0	43.072
0	43.087
0	43.118
0	43.134
0	43.15
0	43.181
0	43.196
0	43.243
1	43.259
1	43.274
1	43.306
1	43.321
1	43.337
1	43.368
1	43.384
0	43.399
0	43.43
0	43.446
0	43.462
0	43.493
0	43.508
0	43.526
0	43.557
0	43.573
0	43.604
0	43.62
0	43.651
0	43.651
0	43.685
0	43.701
0	43.716
0	43.747
1	43.763
1	43.779
1	43.81
1	43.825
1	43.841
1	43.872
1	43.903
1	43.919
0	43.935
0	43.95
0	43.981
0	43.999
0	44.015
0	44.046
0	44.061
0	44.077
0	44.093
0	44.124
0	44.139
0	44.171
0	44.186
0	44.202
0	44.233
0	44.249
1	44.28
1	44.295
1	44.312
1	44.343
1	44.359
1	44.374
1	44.39
1	44.421
1	44.437
0	44.468
0	44.484
0	44.499
0	44.53
0	44.547
0	44.563
0	44.594
0	44.609
0	44.627
0	44.643
0	44.674
0	44.689
0	44.721
0	44.736
0	44.752
0	44.783
0	44.799
1	44.814
1	44.845
1	44.861
1	44.892
1	44.908
1	44.923
1	44.955
1	44.97
1	45.001
0	45.017
0	45.033
0	45.048
0	45.079
0	45.095
0	45.111
0	45.142
0	45.173
0	45.189
0	45.204
0	45.22
0	45.251
0	45.267
0	45.282
0	45.313
0	45.329
0	45.36
0	45.376
1	45.391
1	45.407
1	45.438
1	45.454
1	45.469
1	45.501
1	45.516
1	45.535
1	45.566
0	45.582
0	45.613
0	45.628
0	45.66
0	45.66
0	45.691
0	45.706
0	45.738
0	45.753
0	45.769
0	45.8
0	45.816
0	45.831
0	45.862
0	45.878
0	45.894
0	45.925
1	45.94
1	45.956
1	45.987
1	46.018
1	46.034
1	46.05
1	46.065
1	46.096
0	46.112
0	46.143
0	46.159
0	46.175
0	46.191
0	46.223
0	46.239
0	46.27
0	46.286
0	46.301
0	46.332
0	46.348
0	46.364
0	46.379
0	46.41
0	46.426
0	46.457
1	46.473
1	46.498
1	46.504
1	46.536
1	46.567
1	46.582
1	46.598
1	46.614
0	46.645
0	46.66
0	46.692
0	46.707
0	46.738
0	46.738
0	46.77
0	46.785
0	46.801
0	46.832
0	46.848
0	46.879
0	46.894
0	46.91
0	46.941
0	46.957
0	46.972
1	47.004
1	47.037
1	47.037
1	47.068
1	47.084
1	47.099
1	47.13
1	47.146
1	47.162
0	47.193
0	47.208
0	47.24
0	47.255
0	47.271
0	47.302
0	47.318
0	47.349
0	47.364
0	47.38
0	47.399
0	47.414
0	47.445
0	47.477
0	47.492
0	47.51
0	47.525
1	47.557
1	47.572
1	47.588
1	47.619
1	47.635
1	47.65
1	47.681
1	47.697
1	47.713
0	47.744
0	47.759
0	47.791
0	47.806
0	47.822
0	47.853
0	47.869
0	47.884
0	47.915
0	47.931
0	47.947
0	47.978
0	47.993
0	48.009
0	48.041
0	48.057
0	48.072
1	48.104
1	48.135
1	48.135
1	48.166
1	48.182
1	48.213
1	48.228
1	48.244
0	48.275
0	48.291
0	48.306
0	48.338
0	48.355
0	48.371
0	48.402
0	48.418
0	48.449
0	48.464
0	48.48
0	48.496
0	48.527
0	48.558
0	48.574
0	48.589
0	48.62
0	48.62
0	48.652
1	48.683
1	48.698
1	48.714
1	48.73
1	48.761
1	48.776
1	48.808
1	48.823
0	48.839
0	48.87
0	48.886
0	48.901
0	48.932
0	48.948
0	48.964
0	48.995
0	49.01
0	49.026
0	49.057
0	49.073
0	49.088
0	49.12
0	49.135
0	49.151
1	49.182
1	49.198
1	49.213
1	49.244
1	49.263
1	49.279
1	49.31
1	49.341
1	49.341
0	49.372
0	49.403
0	49.403
0	49.435
0	49.45
0	49.466
0	49.497
0	49.513
0	49.544
0	49.559
0	49.575
0	49.606
0	49.622
0	49.653
0	49.669
0	49.684
0	49.7
1	49.731
1	49.762
1	49.778
1	49.793
1	49.809
1	49.84
1	49.856
1	49.871
1	49.904
0	49.919
0	49.935
0	49.966
0	49.982
0	49.997
0	50.029
0	50.045
0	50.076
0	50.092
0	50.107
0	50.139
0	50.154
0	50.17
0	50.185
0	50.219
0	50.234
0	50.25
0	50.281
0	50.297
1	50.328
1	50.343
1	50.359
1	50.39
1	50.406
1	50.421
1	50.453
1	50.468
0	50.484
0	50.515
0	50.538
0	50.555
0	50.571
0	50.602
0	50.618
0	50.633
0	50.664
0	50.68
0	50.711
0	50.727
0	50.742
0	50.758
0	50.789
0	50.82
0	50.836
0	50.852
1	50.867
1	50.898
1	50.914
1	50.93
1	50.961
1	50.976
1	51.008
1	51.023
1	51.039
0	51.054
0	51.086
0	51.117
0	51.12
0	51.151
0	51.167
0	51.198
0	51.213
0	51.229
0	51.245
0	51.276
0	51.307
0	51.307
0	51.338
0	51.354
0	51.369
0	51.401
0	51.416
1	51.447
1	51.463
1	51.494
1	51.51
1	51.525
1	51.557
1	51.572
1	51.588
1	51.619
0	51.635
0	51.65
0	51.681
0	51.697
0	51.713
0	51.728
0	51.76
0	51.792
0	51.807
0	51.823
0	51.838
0	51.87
0	51.885
0	51.901
0	51.932
0	51.948
0	51.979
1	51.994
1	52.01
1	52.026
1	52.061
1	52.08
1	52.096
1	52.112
1	52.143
0	52.158
0	52.19
0	52.205
0	52.236
0	52.252
0	52.268
0	52.283
0	52.314
0	52.33
0	52.361
0	52.377
0	52.392
0	52.408
0	52.439
0	52.455
0	52.47
0	52.502
1	52.517
1	52.535
1	52.566
1	52.597
1	52.613
1	52.628
1	52.66
1	52.675
1	52.691
0	52.706
0	52.738
0	52.753
0	52.769
0	52.8
0	52.816
0	52.831
0	52.862
0	52.878
0	52.894
0	52.925
0	52.94
0	52.956
0	52.99
0	53.006
0	53.037
0	53.053
1	53.085
1	53.1
1	53.116
1	53.147
1	53.163
1	53.178
1	53.194
1	53.225
0	53.241
0	53.272
0	53.288
0	53.303
0	53.319
0	53.35
0	53.366
0	53.381
0	53.412
0	53.428
0	53.444
0	53.475
0	53.506
0	53.522
0	53.537
0	53.568
0	53.568
1	53.6
1	53.616
1	53.647
1	53.663
1	53.679
1	53.71
1	53.725
1	53.741
0	53.772
0	53.788
0	53.819
0	53.866
0	53.881
0	53.897
0	53.913
0	53.93
0	53.961
0	53.993
0	53.993
0	54.024
0	54.039
0	54.071
0	54.086
0	54.102
1	54.133
1	54.149
1	54.164
1	54.195
1	54.211
1	54.227
1	54.258
1	54.273
0	54.305
0	54.32
0	54.351
0	54.383
0	54.429
0	54.445
0	54.461
0	54.492
0	54.507
0	54.539
0	54.555
0	54.571
0	54.586
0	54.618
0	54.649
1	54.649
1	54.68
1	54.696
1	54.711
1	54.742
1	54.774
1	54.789
1	54.805
0	54.82
0	54.839
0	54.87
0	54.886
0	54.917
0	54.933
0	54.948
0	54.979
0	54.995
0	55.026
0	55.042
0	55.058
0	55.074
0	55.105
0	55.121
0	55.136
1	55.168
1	55.183
1	55.199
1	55.23
1	55.261
1	55.277
1	55.292
1	55.308
1	55.339
0	55.355
0	55.386
0	55.402
0	55.417
0	55.433
0	55.464
0	55.481
0	55.512
0	55.527
0	55.543
0	55.559
0	55.592
0	55.607
0	55.623
0	55.654
0	55.685
1	55.685
1	55.717
1	55.732
1	55.748
1	55.779
1	55.797
1	55.812
1	55.843
1	55.859
0	55.89
0	55.906
0	55.937
0	55.953
0	55.968
0	55.984
0	56.015
0	56.031
0	56.058
0	56.067
0	56.098
0	56.114
0	56.13
0	56.161
0	56.192
0	56.208
1	56.223
1	56.239
1	56.27
1	56.286
1	56.301
1	56.332
1	56.348
1	56.364
1	56.396
0	56.427
0	56.458
0	56.474
0	56.489
0	56.521
0	56.536
0	56.552
0	56.584
0	56.6
0	56.631
0	56.646
0	56.662
0	56.678
0	56.709
0	56.724
0	56.756
0	56.771
1	56.787
1	56.818
1	56.834
1	56.849
1	56.88
1	56.896
1	56.912
1	56.943
1	56.958
0	56.99
0	57.005
0	57.022
0	57.053
0	57.069
0	57.084
0	57.115
0	57.131
0	57.147
0	57.178
0	57.193
0	57.209
0	57.24
0	57.256
0	57.271
0	57.303
0	57.318
1	57.336
1	57.367
1	57.383
1	57.414
1	57.429
1	57.445
1	57.476
1	57.492
0	57.507
0	57.539
0	57.554
0	57.57
0	57.601
0	57.617
0	57.632
0	57.663
0	57.679
0	57.71
0	57.726
0	57.757
0	57.773
0	57.788
0	57.819
0	57.835
0	57.866
1	57.882
1	57.897
1	57.913
1	57.929
1	57.96
1	57.975
1	58.007
1	58.022
1	58.038
0	58.069
0	58.085
0	58.118
0	58.118
0	58.149
0	58.165
0	58.196
0	58.211
0	58.245
0	58.246
0	58.277
0	58.292
0	58.308
0	58.339
0	58.355
0	58.386
0	58.402
1	58.433
1	58.448
1	58.464
1	58.48
1	58.511
1	58.526
1	58.558
1	58.575
1	58.591
0	58.606
0	58.638
0	58.653
0	58.684
0	58.7
0	58.716
0	58.731
0	58.762
0	58.778
0	58.809
0	58.825
0	58.84
0	58.872
0	58.888
0	58.919
0	58.935
0	58.951
0	58.966
1	58.997
1	59.029
1	59.029
1	59.06
1	59.091
1	59.091
1	59.123
1	59.139
0	59.154
0	59.186
0	59.203
0	59.234
0	59.25
0	59.266
0	59.281
0	59.312
0	59.328
0	59.344
0	59.375
0	59.39
0	59.422
0	59.437
0	59.468
0	59.5
1	59.515
1	59.546
1	59.562
1	59.593
1	59.609
1	59.624
1	59.64
1	59.671
1	59.687
0	59.718
0	59.734
0	59.765
0	59.78
0	59.796
0	59.812
0	59.843
0	59.858
0	59.874
0	59.905
0	59.921
0	59.952
0	59.968
0	59.983
0	59.999
0	60.03
0	60.046
1	60.077
1	60.092
1	60.111
1	60.142
1	60.158
1	60.173
1	60.205
1	60.22
0	60.251
0	60.267
0	60.283
0	60.298
0	60.329
0	60.361
0	60.376
0	60.392
0	60.423
0	60.439
0	60.454
0	60.485
0	60.517
0	60.532
0	60.563
0	60.579
1	60.595
1	60.626
1	60.643
1	60.675
1	60.69
1	60.706
1	60.721
1	60.754
1	60.769
0	60.785
0	60.816
0	60.832
0	60.847
0	60.878
0	60.894
0	60.91
0	60.941
0	60.956
0	60.988
0	61.003
0	61.019
0	61.034
0	61.072
0	61.093
0	61.112
0	61.128
1	61.143
1	61.175
1	61.206
1	61.221
1	61.237
1	61.268
1	61.284
1	61.299
0	61.331
0	61.331
0	61.362
0	61.377
0	61.409
0	61.424
0	61.44
0	61.471
0	61.487
0	61.533
0	61.565
0	61.565
0	61.596
0	61.628
0	61.644
0	61.659
1	61.675
1	61.706
1	61.722
1	61.737
1	61.768
1	61.784
1	61.815
1	61.831
1	61.846
0	61.878
0	61.893
0	61.924
0	61.924
0	61.956
0	61.974
0	62.005
0	62.021
0	62.037
0	62.052
0	62.083
0	62.099
0	62.115
0	62.146
0	62.177
0	62.193
0	62.208
1	62.239
1	62.255
1	62.271
1	62.302
1	62.317
1	62.333
1	62.349
1	62.38
0	62.411
0	62.427
0	62.442
0	62.473
0	62.489
0	62.505
0	62.551
0	62.567
0	62.598
0	62.615
0	62.63
0	62.662
0	62.677
0	62.693
0	62.708
0	62.74
1	62.771
1	62.771
1	62.802
1	62.833
1	62.849
1	62.864
1	62.88
1	62.911
1	62.929
0	62.944
0	62.976
0	62.991
0	63.007
0	63.038
0	63.054
0	63.069
0	63.1
0	63.116
0	63.147
0	63.163
0	63.178
0	63.194
0	63.225
0	63.241
0	63.256
0	63.288
1	63.319
1	63.334
1	63.35
1	63.366
1	63.397
1	63.412
1	63.428
1	63.459
1	63.475
0	63.49
0	63.522
0	63.553
0	63.568
0	63.584
0	63.6
0	63.633
0	63.648
0	63.664
0	63.68
0	63.711
0	63.742
0	63.758
0	63.773
0	63.789
0	63.82
0	63.839
1	63.854
1	63.885
1	63.901
1	63.932
1	63.948
1	63.963
1	63.995
1	64.01
1	64.026
0	64.041
0	64.073
0	64.088
0	64.119
0	64.135
0	64.167
0	64.167
0	64.198
0	64.214
0	64.23
0	64.261
0	64.276
0	64.308
0	64.323
0	64.339
0	64.37
0	64.386
0	64.401
1	64.432
1	64.464
1	64.464
1	64.496
1	64.511
1	64.543
1	64.558
1	64.574
1	64.605
0	64.621
0	64.636
0	64.667
0	64.683
0	64.699
0	64.73
0	64.745
0	64.777
0	64.794
0	64.81
0	64.825
0	64.857
0	64.872
0	64.888
0	64.919
0	64.95
0	64.966
1	64.981
1	65.013
1	65.028
1	65.044
1	65.059
1	65.091
1	65.106
1	65.122
1	65.153
0	65.169
0	65.184
0	65.215
0	65.231
0	65.247
0	65.278
0	65.293
0	65.309
0	65.34
0	65.356
0	65.387
0	65.403
0	65.418
0	65.449
0	65.465
0	65.496
0	65.512
0	65.527
1	65.559
1	65.59
1	65.621
1	65.637
1	65.652
1	65.69
1	65.705
0	65.721
0	65.737
0	65.768
0	65.783
0	65.799
0	65.83
0	65.846
0	65.861
0	65.893
0	65.908
0	65.924
0	65.955
0	65.971
0	65.986
0	66.018
0	66.05
0	66.05
1	66.081
1	66.112
1	66.128
1	66.143
1	66.159
1	66.19
1	66.206
1	66.221
1	66.252
0	66.268
0	66.284
0	66.315
0	66.33
0	66.362
0	66.377
0	66.393
0	66.424
0	66.44
0	66.455
0	66.486
0	66.502
0	66.518
0	66.549
0	66.564
0	66.611
0	66.627
0	66.642
0	66.675
1	66.69
1	66.706
1	66.737
1	66.753
1	66.768
1	66.799
1	66.831
1	66.846
0	66.862
0	66.877
0	66.909
0	66.924
0	66.94
0	66.973
0	66.989
0	67.004
0	67.035
0	67.051
0	67.082
0	67.098
0	67.113
0	67.145
0	67.16
0	67.191
0	67.207
0	67.223
1	67.238
1	67.269
1	67.285
1	67.301
1	67.332
1	67.347
1	67.363
1	67.394
1	67.41
0	67.425
0	67.457
0	67.488
0	67.488
0	67.519
0	67.55
0	67.566
0	67.581
0	67.597
0	67.628
0	67.644
0	67.661
0	67.693
0	67.708
0	67.724
0	67.755
0	67.771
0	67.786
1	67.817
1	67.833
1	67.864
1	67.898
1	67.93
1	67.945
1	67.961
1	67.976
0	68.008
0	68.023
0	68.039
0	68.07
0	68.101
0	68.101
0	68.132
0	68.148
0	68.179
0	68.196
0	68.211
0	68.243
0	68.258
0	68.289
0	68.305
0	68.321
0	68.336
0	68.367
1	68.383
1	68.399
1	68.43
1	68.445
1	68.477
1	68.492
1	68.508
1	68.524
1	68.556
1	68.571
0	68.602
0	68.634
0	68.665
0	68.68
0	68.696
0	68.727
0	68.743
0	68.758
0	68.79
0	68.805
0	68.838
0	68.854
0	68.87
0	68.885
0	68.916
0	68.932
0	68.948
0	68.979
0	69.01
1	69.01
1	69.041
1	69.057
1	69.088
1	69.104
1	69.135
1	69.15
1	69.182
1	69.182
0	69.213
0	69.228
0	69.244
0	69.275
0	69.291
0	69.306
0	69.338
0	69.369
0	69.384
0	69.4
0	69.431
0	69.447
0	69.462
0	69.478
0	69.509
0	69.525
0	69.54
1	69.572
1	69.603
1	69.618
1	69.665
1	69.665
1	69.696
1	69.725
1	69.734
0	69.765
0	69.781
0	69.796
0	69.828
0	69.843
0	69.859
0	69.89
0	69.921
0	69.937
0	69.952
0	69.968
0	69.984
0	70.015
0	70.046
0	70.062
0	70.078
0	70.109
0	70.125
1	70.141
1	70.156
1	70.187
1	70.203
1	70.234
1	70.25
1	70.265
1	70.281
1	70.312
0	70.328
0	70.343
0	70.375
0	70.39
0	70.406
0	70.437
0	70.453
0	70.484
0	70.499
0	70.515
0	70.546
0	70.562
0	70.593
0	70.609
0	70.624
0	70.671
1	70.687
1	70.719
1	70.734
1	70.766
1	70.781
1	70.797
1	70.828
1	70.844
1	70.859
0	70.89
0	70.906
0	70.922
0	70.937
0	70.968
0	70.984
0	71
0	71.033
0	71.048
0	71.064
0	71.095
0	71.111
0	71.126
0	71.158
0	71.173
0	71.204
0	71.22
1	71.236
1	71.267
1	71.282
1	71.298
1	71.329
1	71.345
1	71.36
1	71.392
1	71.407
0	71.423
0	71.454
0	71.47
0	71.501
0	71.516
0	71.532
0	71.563
0	71.579
0	71.594
0	71.626
0	71.641
0	71.657
0	71.688
0	71.706
0	71.737
0	71.752
0	71.768
1	71.784
1	71.815
1	71.83
1	71.846
1	71.877
1	71.893
1	71.924
1	71.943
1	71.958
0	71.974
0	72.005
0	72.021
0	72.036
0	72.067
0	72.083
0	72.099
0	72.13
0	72.146
0	72.162
0	72.193
0	72.209
0	72.24
0	72.257
0	72.288
0	72.303
1	72.319
1	72.35
1	72.366
1	72.381
1	72.397
1	72.428
1	72.444
1	72.459
0	72.491
0	72.506
0	72.537
0	72.553
0	72.585
0	72.585
0	72.616
0	72.648
0	72.663
0	72.694
0	72.726
0	72.741
0	72.772
0	72.788
0	72.804
0	72.819
1	72.85
1	72.866
1	72.884
1	72.915
1	72.93
1	72.946
1	72.977
1	72.993
0	73.008
0	73.04
0	73.055
0	73.086
0	73.102
0	73.118
0	73.149
0	73.164
0	73.196
0	73.211
0	73.227
0	73.242
0	73.274
0	73.289
0	73.32
0	73.336
1	73.352
1	73.383
1	73.398
1	73.414
1	73.445
1	73.461
1	73.476
1	73.508
1	73.523
0	73.554
0	73.57
0	73.586
0	73.601
0	73.632
0	73.648
0	73.679
0	73.695
0	73.71
0	73.742
0	73.762
0	73.779
0	73.81
0	73.826
0	73.842
0	73.873
1	73.888
1	73.904
1	73.935
1	73.951
1	73.966
1	73.982
1	74.013
1	74.029
1	74.044
0	74.076
0	74.091
0	74.123
0	74.139
0	74.155
0	74.186
0	74.201
0	74.217
0	74.248
0	74.264
0	74.279
0	74.311
0	74.326
0	74.342
0	74.373
0	74.389
1	74.404
1	74.435
1	74.451
1	74.482
1	74.498
1	74.513
1	74.545
1	74.56
0	74.576
0	74.607
0	74.623
0	74.638
0	74.669
0	74.685
0	74.732
0	74.748
0	74.764
0	74.795
0	74.811
0	74.842
0	74.858
0	74.873
0	74.904
0	74.92
1	74.936
1	74.967
1	74.982
1	74.998
1	75.029
1	75.045
1	75.062
1	75.094
0	75.125
0	75.125
0	75.156
0	75.172
0	75.203
0	75.218
0	75.234
0	75.25
0	75.281
0	75.296
0	75.328
0	75.343
0	75.359
0	75.39
0	75.406
0	75.437
1	75.452
1	75.468
1	75.499
1	75.515
1	75.53
1	75.546
1	75.577
1	75.608
1	75.624
0	75.64
0	75.671
0	75.686
0	75.702
0	75.718
0	75.751
0	75.766
0	75.782
0	75.813
0	75.844
0	75.86
0	75.876
0	75.891
0	75.907
0	75.938
0	75.954
0	75.972
1	76.003
1	76.019
1	76.035
1	76.066
1	76.081
1	76.113
1	76.128
0	76.144
0	76.175
0	76.191
0	76.206
0	76.237
0	76.253
0	76.285
0	76.285
0	76.316
0	76.332
0	76.363
0	76.379
0	76.41
0	76.426
0	76.457
0	76.472
0	76.488
1	76.504
1	76.519
1	76.55
1	76.582
1	76.597
1	76.614
1	76.629
1	76.661
0	76.676
0	76.692
0	76.723
0	76.739
0	76.754
0	76.785
0	76.801
0	76.832
0	76.848
0	76.879
0	76.879
0	76.91
0	76.928
0	76.943
0	76.975
0	76.99
0	77.006
1	77.037
1	77.053
1	77.084
1	77.099
1	77.131
1	77.146
1	77.162
1	77.193
0	77.209
0	77.224
0	77.24
0	77.271
0	77.287
0	77.302
0	77.333
0	77.365
0	77.38
0	77.396
0	77.411
0	77.443
0	77.458
0	77.474
0	77.505
0	77.521
1	77.536
1	77.567
1	77.583
1	77.599
1	77.63
1	77.645
1	77.661
1	77.692
1	77.708
0	77.739
0	77.755
0	77.786
0	77.802
0	77.823
0	77.839
0	77.87
0	77.901
0	77.933
0	77.948
0	77.964
0	77.979
0	78.011
0	78.026
0	78.042
0	78.073
1	78.089
1	78.12
1	78.135
1	78.168
1	78.183
1	78.199
1	78.214
1	78.246
1	78.261
0	78.277
0	78.308
0	78.324
0	78.339
0	78.37
0	78.386
0	78.402
0	78.433
0	78.448
0	78.48
0	78.495
0	78.511
0	78.542
0	78.558
0	78.573
0	78.604
0	78.62
0	78.636
0	78.667
0	78.682
0	78.714
0	78.729
0	78.745
0	78.76
0	78.793
0	78.808
0	78.839
0	78.855
0	78.886
0	78.902
0	78.917
0	78.933
0	78.964
0	78.98
0	78.995
0	79.027
0	79.042
0	79.058
0	79.089
0	79.107
0	79.122
0	79.153
0	79.169
0	79.185
0	79.216
0	79.231
0	79.263
0	79.278
0	79.294
0	79.325
0	79.341
0	79.356
0	79.387
0	79.403
0	79.434
0	79.45
0	79.465
0	79.497
0	79.512
0	79.543
0	79.543
0	79.575
0	79.59
0	79.606
0	79.637
0	79.653
0	79.684
0	79.699
0	79.715
0	79.746
0	79.762
0	79.777
0	79.81
0	79.841
0	79.856
0	79.872
0	79.888
0	79.903
0	79.934
0	79.95
0	79.966
0	80.003
0	80.018
0	80.034
0	80.065
0	80.081
0	80.096
0	80.128
0	80.143
0	80.174
0	80.19
0	80.206
0	80.221
0	80.252
0	80.284
0	80.284
0	80.316
0	80.331
0	80.363
0	80.378
0	80.394
0	80.425
0	80.441
0	80.472
0	80.487
0	80.503
0	80.519
0	80.55
0	80.565
0	80.581
0	80.612
0	80.628
0	80.644
0	80.676
0	80.691
0	80.707
0	80.738
0	80.754
0	80.785
0	80.8
0	80.816
0	80.847
0	80.863
0	80.894
0	80.91
0	80.925
0	80.941
0	80.974
0	80.99
0	81.005
0	81.036
0	81.052
0	81.068
0	81.099
0	81.114
0	81.146
0	81.161
0	81.177
0	81.192
0	81.224
0	81.239
0	81.255
0	81.286
0	81.317
0	81.333
0	81.348
0	81.38
0	81.395
0	81.411
0	81.426
0	81.458
0	81.489
0	81.489
0	81.52
0	81.536
0	81.567
0	81.582
0	81.598
0	81.629
0	81.645
0	81.66
0	81.692
0	81.707
0	81.723
0	81.754
0	81.785
0	81.801
0	81.816
0	81.841
0	81.854
0	81.885
0	81.901
0	81.932
0	81.948
0	81.963
0	81.979
0	82.01
0	82.026
0	82.041
0	82.072
0	82.088
0	82.119
0	82.135
0	82.15
0	82.166
0	82.198
0	82.229
0	82.229
0	82.261
0	82.276
0	82.292
0	82.323
0	82.339
0	82.37
0	82.385
0	82.401
0	82.432
0	82.448
0	82.463
0	82.495
0	82.526
0	82.526
0	82.557
0	82.588
0	82.588
0	82.619
0	82.651
0	82.666
0	82.682
0	82.713
0	82.729
0	82.744
0	82.76
0	82.791
0	82.807
0	82.823
0	82.854
0	82.87
0	82.901
0	82.917
0	82.932
0	82.964
0	82.979
0	82.995
0	83.01
0	83.042
0	83.057
0	83.088
0	83.104
0	83.12
0	83.137
0	83.168
0	83.184
0	83.215
0	83.231
0	83.262
0	83.278
0	83.293
0	83.309
0	83.34
0	83.356
0	83.371
0	83.402
0	83.418
0	83.449
0	83.465
0	83.48
0	83.512
0	83.527
0	83.543
0	83.574
0	83.59
0	83.605
0	83.636
0	83.668
0	83.683
0	83.699
0	83.714
0	83.73
0	83.761
0	83.792
0	83.808
0	83.826
0	83.841
0	83.857
0	83.888
0	83.904
0	83.935
0	83.95
0	83.966
0	83.997
0	84.013
0	84.047
0	84.047
0	84.078
0	84.094
0	84.109
0	84.141
0	84.172
0	84.203
0	84.234
0	84.25
0	84.281
0	84.281
0	84.312
0	84.328
0	84.343
0	84.376
0	84.391
0	84.407
0	84.438
0	84.454
0	84.485
0	84.5
0	84.532
0	84.547
0	84.563
0	84.578
0	84.61
0	84.625
0	84.641
0	84.672
0	84.689
0	84.704
0	84.735
0	84.751
0	84.767
0	84.798
0	84.829
0	84.845
0	84.86
0	84.891
0	84.907
0	84.923
0	84.938
0	84.969
0	84.991
0	85.009
0	85.024
0	85.055
0	85.071
0	85.102
0	85.118
0	85.133
0	85.149
0	85.18
0	85.196
0	85.211
0	85.243
0	85.274
0	85.274
0	85.305
0	85.321
0	85.352
0	85.368
0	85.384
0	85.4
0	85.431
0	85.462
0	85.478
0	85.493
0	85.524
0	85.54
0	85.556
0	85.587
0	85.602
0	85.618
0	85.634
0	85.665
0	85.696
0	85.696
0	85.727
0	85.743
0	85.774
0	85.79
0	85.805
0	85.836
0	85.852
0	85.881
0	85.905
0	85.921
0	85.936
0	85.968
0	85.983
0	85.999
0	86.014
0	86.046
0	86.077
0	86.092
0	86.108
0	86.124
0	86.155
0	86.17
0	86.186
0	86.217
0	86.234
0	86.265
0	86.281
0	86.296
0	86.312
0	86.343
0	86.359
0	86.374
0	86.405
0	86.421
0	86.452
0	86.468
0	86.499
0	86.499
0	86.53
0	86.546
0	86.577
0	86.593
0	86.624
0	86.639
0	86.671
0	86.671
0	86.702
0	86.717
0	86.733
0	86.764
0	86.78
0	86.795
0	86.827
0	86.842
0	86.874
0	86.89
0	86.921
0	86.921
0	86.952
0	86.984
0	86.999
0	87.015
0	87.03
0	87.062
0	87.077
0	87.108
0	87.124
0	87.155
0	87.155
0	87.188
0	87.204
0	87.22
0	87.251
0	87.266
0	87.282
0	87.313
0	87.329
0	87.36
0	87.376
0	87.407
0	87.422
0	87.438
0	87.454
0	87.485
0	87.5
0	87.516
0	87.547
0	87.563
0	87.594
0	87.61
0	87.625
0	87.641
0	87.672
0	87.688
0	87.719
0	87.734
0	87.75
0	87.781
0	87.797
0	87.812
0	87.844
0	87.862
0	87.893
0	87.909
0	87.925
0	87.956
0	87.971
0	87.987
0	88.003
0	88.034
0	88.049
0	88.081
0	88.099
0	88.115
0	88.13
0	88.162
0	88.193
0	88.208
0	88.224
0	88.24
0	88.271
0	88.286
0	88.302
0	88.333
0	88.349
0	88.38
0	88.397
0	88.412
0	88.443
0	88.459
0	88.475
0	88.49
0	88.521
0	88.537
0	88.553
0	88.584
0	88.599
0	88.615
0	88.646
0	88.662
0	88.693
0	88.709
0	88.725
0	88.756
0	88.772
0	88.803
0	88.819
0	88.834
0	88.85
0	88.897
0	88.912
0	88.975
0	88.99
0	89.006
0	89.022
0	89.043
0	89.074
0	89.09
0	89.121
0	89.121
0	89.152
0	89.184
0	89.199
0	89.215
0	89.246
0	89.262
0	89.277
0	89.308
0	89.324
0	89.34
0	89.371
0	89.387
0	89.419
0	89.419
0	89.45
0	89.465
0	89.497
0	89.512
0	89.528
0	89.559
0	89.575
0	89.606
0	89.621
0	89.637
0	89.653
0	89.684
0	89.699
0	89.731
0	89.746
0	89.762
0	89.793
0	89.809
0	89.84
0	89.855
0	89.871
0	89.887
0	89.923
0	89.94
0	89.955
0	89.971
0	90.002
0	90.018
0	90.049
0	90.065
0	90.096
0	90.111
0	90.127
0	90.143
0	90.174
0	90.189
0	90.205
0	90.236
0	90.253
0	90.268
0	90.3
0	90.315
0	90.331
0	90.362
0	90.378
0	90.393
0	90.424
0	90.44
0	90.456
0	90.487
0	90.502
0	90.518
0	90.549
0	90.565
0	90.596
0	90.612
0	90.627
0	90.658
0	90.674
0	90.705
0	90.721
0	90.736
0	90.768
0	90.783
0	90.814
0	90.83
0	90.846
0	90.861
0	90.892
0	90.909
0	90.925
0	90.971
0	90.987
0	91.018
0	91.034
0	91.049
0	91.081
0	91.096
0	91.127
0	91.143
0	91.174
0	91.19
0	91.207
0	91.223
0	91.254
0	91.27
0	91.285
0	91.317
0	91.332
0	91.363
0	91.379
0	91.395
0	91.426
0	91.441
0	91.457
0	91.488
0	91.504
0	91.519
0	91.551
0	91.566
0	91.597
0	91.597
0	91.629
0	91.66
0	91.675
0	91.691
0	91.707
0	91.738
0	91.753
0	91.785
0	91.8
0	91.816
0	91.831
0	91.863
0	91.878
0	91.911
0	91.927
0	91.943
0	91.989
0	92.005
0	92.036
0	92.052
0	92.067
0	92.083
0	92.116
0	92.147
0	92.163
0	92.179
0	92.194
0	92.21
0	92.241
0	92.272
0	92.288
0	92.303
0	92.335
0	92.35
0	92.366
0	92.397
0	92.413
0	92.43
0	92.461
0	92.477
0	92.493
0	92.508
0	92.539
0	92.555
0	92.586
0	92.602
0	92.617
0	92.649
0	92.664
0	92.695
0	92.711
0	92.727
0	92.742
0	92.773
0	92.789
0	92.805
0	92.836
0	92.867
0	92.867
0	92.898
0	92.914
0	92.929
0	92.961
0	92.992
0	93.023
0	93.054
0	93.07
0	93.086
0	93.102
0	93.133
0	93.149
0	93.164
0	93.196
0	93.211
0	93.227
0	93.258
0	93.274
0	93.289
0	93.32
0	93.352
0	93.352
0	93.383
0	93.4
0	93.416
0	93.447
0	93.463
0	93.494
0	93.51
0	93.541
0	93.556
0	93.572
0	93.588
0	93.619
0	93.634
0	93.65
0	93.681
0	93.712
0	93.728
0	93.744
0	93.759
0	93.79
0	93.806
0	93.837
0	93.853
0	93.868
0	93.884
0	93.915
0	93.946
0	93.946
0	93.978
0	94.009
0	94.04
0	94.071
0	94.087
0	94.102
0	94.134
0	94.149
0	94.165
0	94.18
0	94.212
0	94.227
0	94.258
0	94.274
0	94.29
0	94.308
0	94.339
0	94.355
0	94.371
0	94.402
0	94.418
0	94.45
0	94.465
0	94.481
0	94.496
0	94.528
0	94.543
0	94.559
0	94.59
0	94.621
0	94.621
0	94.652
0	94.668
0	94.684
0	94.715
0	94.746
0	94.762
0	94.777
0	94.793
0	94.824
0	94.84
0	94.871
0	94.886
0	94.902
0	94.935
0	94.951
0	94.966
0	94.998
0	95.013
0	95.029
0	95.06
0	95.076
0	95.107
0	95.107
0	95.138
0	95.169
0	95.185
0	95.2
0	95.232
0	95.247
0	95.265
0	95.28
0	95.312
0	95.327
0	95.358
0	95.374
0	95.39
0	95.407
0	95.438
0	95.454
0	95.47
0	95.501
0	95.516
0	95.548
0	95.563
0	95.579
0	95.594
0	95.626
0	95.641
0	95.672
0	95.688
0	95.719
0	95.735
0	95.75
0	95.782
0	95.797
0	95.813
0	95.828
0	95.847
0	95.878
0	95.894
0	95.925
0	95.942
0	95.957
0	95.988
0	96.02
0	96.051
0	96.066
0	96.082
0	96.113
0	96.129
0	96.16
0	96.176
0	96.208
0	96.223
0	96.239
0	96.255
0	96.286
0	96.301
0	96.317
0	96.348
0	96.364
0	96.379
0	96.411
0	96.426
0	96.442
0	96.473
0	96.49
0	96.505
0	96.536
0	96.552
0	96.583
0	96.599
0	96.614
0	96.646
0	96.661
0	96.692
0	96.708
0	96.724
0	96.739
0	96.77
0	96.786
0	96.804
0	96.835
0	96.85
0	96.882
0	96.897
0	96.913
0	96.928
0	96.96
0	96.991
0	96.991
0	97.022
0	97.069
0	97.084
0	97.116
0	97.131
0	97.147
0	97.178
0	97.194
0	97.209
0	97.24
0	97.256
0	97.272
0	97.303
0	97.318
0	97.334
0	97.365
0	97.381
0	97.412
0	97.433
0	97.449
0	97.467
0	97.483
0	97.498
0	97.53
0	97.561
0	97.576
0	97.592
0	97.608
0	97.639
0	97.654
0	97.67
0	97.703
0	97.72
0	97.751
0	97.767
0	97.782
0	97.813
0	97.829
0	97.845
0	97.86
0	97.891
0	97.907
0	97.923
0	97.954
0	97.969
0	98.001
0	98.016
0	98.032
0	98.079
0	98.094
0	98.125
0	98.141
0	98.157
0	98.188
0	98.203
0	98.235
0	98.25
0	98.281
0	98.281
0	98.313
0	98.345
0	98.36
0	98.376
0	98.407
0	98.423
0	98.438
0	98.454
0	98.485
0	98.501
0	98.516
0	98.548
0	98.563
0	98.579
0	98.61
0	98.626
0	98.641
0	98.674
0	98.69
0	98.721
0	98.737
0	98.752
0	98.768
0	98.799
0	98.815
0	98.846
0	98.862
0	98.893
0	98.893
0	98.924
0	98.94
0	98.971
0	98.986
0	99.018
0	99.033
0	99.049
0	99.096
0	99.111
0	99.127
0	99.158
0	99.174
0	99.189
0	99.22
0	99.236
0	99.267
0	99.283
0	99.298
0	99.314
0	99.345
0	99.361
0	99.392
0	99.408
0	99.423
0	99.455
0	99.472
0	99.488
0	99.519
0	99.534
0	99.568
0	99.568
0	99.599
0	99.63
0	99.646
0	99.661
0	99.677
0	99.708
0	99.724
0	99.755
0	99.77
0	99.802
0	99.802
0	99.833
0	99.864
0	99.864
0	99.896
0	99.912
0	99.943
0	99.959
0	99.974
0	100.006
0	100.022
0	100.038
0	100.069
0	100.131
0	100.162
0	100.178
0	100.194
0	100.209
0	100.24
0	100.256
0	100.287
0	100.303
0	100.318
0	100.35
0	100.365
0	100.381
0	100.412
0	100.428
0	100.443
0	100.474
0	100.49
0	100.506
0	100.521
0	100.553
0	100.569
0	100.6
0	100.616
0	100.631
0	100.663
0	100.678
0	100.709
0	100.725
0	100.741
0	100.756
0	100.787
0	100.803
0	100.819
0	100.852
0	100.867
0	100.883
0	100.914
0	100.93
0	100.945
0	100.977
0	100.992
0	101.008
0	101.039
0	101.055
0	101.07
0	101.101
0	101.117
0	101.148
0	101.164
0	101.179
0	101.211
0	101.226
0	101.257
0	101.273
0	101.289
0	101.304
0	101.335
0	101.367
0	101.382
0	101.398
0	101.429
0	101.445
0	101.46
0	101.477
0	101.492
0	101.524
0	101.555
0	101.57
0	101.586
0	101.617
0	101.633
0	101.648
0	101.695
0	101.695
0	101.726
0	101.761
0	101.776
0	101.792
0	101.823
0	101.854
0	101.87
0	101.885
0	101.917
0	101.917
0	101.948
0	101.98
0	101.996
0	102.011
0	102.027
0	102.058
0	102.074
0	102.089
0	102.12
0	102.152
0	102.169
0	102.2
0	102.232
0	102.247
0	102.263
0	102.294
0	102.31
0	102.325
0	102.341
0	102.372
0	102.403
0	102.404
0	102.435
0	102.451
0	102.467
0	102.502
0	102.52
0	102.536
0	102.552
0	102.583
0	102.598
0	102.614
0	102.645
0	102.661
0	102.692
0	102.71
0	102.741
0	102.741
0	102.772
0	102.788
0	102.819
0	102.834
0	102.85
0	102.881
0	102.897
0	102.912
0	102.944
0	102.959
0	102.975
0	103.007
0	103.023
0	103.054
0	103.069
0	103.085
0	103.101
0	103.132
0	103.147
0	103.179
0	103.194
0	103.21
0	103.241
0	103.257
0	103.272
0	103.303
0	103.319
0	103.35
0	103.366
0	103.381
0	103.413
0	103.428
0	103.459
0	103.459
0	103.491
0	103.522
0	103.537
0	103.553
0	103.569
0	103.6
0	103.618
0	103.634
0	103.65
0	103.681
0	103.696
0	103.728
0	103.743
0	103.774
0	103.79
0	103.806
0	103.821
0	103.852
0	103.868
0	103.884
0	103.915
0	103.93
0	103.946
0	103.977
0	103.993
0	104.024
0	104.04
0	104.055
0	104.086
0	104.118
0	104.118
0	104.149
0	104.164
0	104.18
0	104.211
0	104.242
0	104.242
0	104.275
0	104.306
0	104.306
0	104.337
0	104.353
0	104.368
0	104.399
0	104.415
0	104.446
0	104.462
0	104.477
0	104.51
0	104.525
0	104.541
0	104.574
0	104.59
0	104.621
0	104.636
0	104.652
0	104.668
0	104.699
0	104.714
0	104.746
0	104.761
0	104.777
0	104.808
0	104.839
0	104.839
0	104.855
0	104.886
0	104.902
0	104.933
0	104.948
0	104.964
0	104.995
0	105.013
0	105.028
0	105.06
0	105.075
0	105.106
0	105.122
0	105.138
0	105.169
0	105.184
0	105.2
0	105.216
0	105.247
0	105.262
0	105.294
0	105.309
0	105.34
0	105.356
0	105.372
0	105.387
0	105.418
0	105.434
0	105.45
0	105.483
0	105.498
0	105.514
0	105.545
0	105.561
0	105.576
0	105.608
0	105.639
0	105.654
0	105.67
0	105.686
0	105.701
0	105.732
0	105.748
0	105.764
0	105.795
0	105.827
0	105.843
0	105.858
0	105.874
0	105.905
0	105.921
0	105.952
0	105.967
0	105.983
0	105.999
0	106.031
0	106.046
0	106.062
0	106.093
0	106.109
0	106.124
0	106.156
0	106.171
0	106.187
0	106.218
0	106.234
0	106.265
0	106.28
0	106.296
0	106.327
0	106.343
0	106.358
0	106.405
0	106.421
0	106.453
0	106.469
0	106.484
0	106.515
0	106.531
0	106.547
0	106.578
0	106.593
0	106.625
0	106.656
0	106.656
0	106.687
0	106.703
0	106.718
0	106.749
0	106.767
0	106.783
0	106.814
0	106.845
0	106.845
0	106.876
0	106.892
0	106.907
0	106.939
0	106.954
0	106.97
0	107.001
0	107.032
0	107.032
0	107.063
0	107.079
0	107.11
0	107.141
0	107.141
0	107.173
0	107.204
0	107.219
0	107.235
0	107.251
0	107.266
0	107.297
0	107.329
0	107.329
0	107.36
0	107.391
0	107.407
0	107.422
0	107.453
0	107.469
0	107.485
0	107.5
0	107.533
0	107.565
0	107.565
0	107.596
0	107.611
0	107.627
0	107.658
0	107.676
0	107.691
0	107.723
0	107.738
0	107.754
0	107.785
0	107.801
0	107.816
0	107.847
0	107.879
0	107.894
0	107.91
0	107.925
0	107.957
0	107.972
0	107.988
0	108.021
0	108.037
0	108.068
0	108.083
0	108.099
0	108.115
0	108.146
0	108.161
0	108.193
0	108.208
0	108.239
0	108.255
0	108.271
0	108.286
0	108.317
0	108.333
0	108.349
0	108.38
0	108.395
0	108.411
0	108.442
0	108.458
0	108.489
0	108.505
0	108.52
0	108.537
0	108.568
0	108.584
0	108.615
0	108.63
0	108.647
0	108.663
0	108.694
0	108.709
0	108.741
0	108.756
0	108.772
0	108.803
0	108.819
0	108.834
0	108.865
0	108.881
0	108.897
0	108.928
0	108.943
0	108.961
0	108.992
0	109.008
0	109.023
0	109.055
0	109.07
0	109.086
0	109.117
0	109.133
0	109.164
0	109.179
0	109.211
0	109.226
0	109.242
0	109.257
0	109.289
0	109.304
0	109.32
0	109.351
0	109.367
0	109.398
0	109.413
0	109.429
0	109.445
0	109.476
0	109.507
0	109.523
0	109.538
0	109.554
0	109.585
0	109.601
0	109.616
0	109.647
0	109.663
0	109.679
0	109.71
0	109.725
0	109.757
0	109.772
0	109.803
0	109.819
0	109.835
0	109.85
0	109.87
0	109.901
0	109.917
0	109.932
0	109.963
0	109.979
0	110.01
0	110.026
0	110.057
0	110.073
0	110.088
0	110.104
0	110.135
0	110.151
0	110.166
0	110.197
0	110.213
0	110.244
0	110.307
0	110.322
0	110.338
0	110.369
0	110.385
0	110.416
0	110.431
0	110.447
0	110.463
0	110.494
0	110.512
0	110.544
0	110.559
0	110.575
0	110.606
0	110.622
0	110.637
0	110.653
0	110.684
0	110.7
0	110.731
0	110.746
0	110.778
0	110.793
0	110.809
0	110.826
0	110.842
0	110.873
0	110.889
0	110.92
0	110.936
0	110.951
0	110.982
0	110.998
0	111.014
0	111.048
0	111.063
0	111.095
0	111.095
0	111.126
0	111.141
0	111.173
0	111.188
0	111.219
0	111.235
0	111.251
0	111.282
0	111.297
0	111.313
0	111.329
0	111.36
0	111.391
0	111.426
0	111.442
0	111.473
0	111.504
0	111.537
0	111.537
0	111.569
0	111.584
0	111.615
0	111.631
0	111.647
0	111.678
0	111.693
0	111.709
0	111.74
0	111.756
0	111.771
0	111.803
0	111.818
0	111.834
0	111.865
0	111.881
0	111.912
0	111.927
0	111.943
0	111.974
0	111.99
0	112.005
0	112.037
0	112.053
0	112.069
0	112.1
0	112.116
0	112.131
0	112.162
0	112.178
0	112.194
0	112.225
0	112.24
0	112.272
0	112.303
0	112.35
0	112.367
0	112.398
0	112.414
0	112.43
0	112.461
0	112.476
0	112.492
0	112.523
0	112.554
0	112.554
0	112.586
0	112.617
0	112.617
0	112.648
0	112.664
0	112.679
0	112.71
0	112.726
0	112.757
0	112.773
0	112.788
0	112.82
0	112.835
0	112.866
0	112.882
0	112.898
0	112.913
0	112.944
0	112.96
0	112.991
0	113.007
0	113.022
0	113.054
0	113.069
0	113.085
0	113.116
0	113.147
0	113.147
0	113.178
0	113.21
0	113.225
0	113.241
0	113.256
0	113.275
0	113.322
0	113.337
0	113.369
0	113.384
0	113.4
0	113.431
0	113.447
0	113.462
0	113.493
0	113.509
0	113.54
0	113.556
0	113.575
0	113.591
0	113.622
0	113.638
0	113.653
0	113.685
0	113.716
0	113.731
0	113.747
0	113.763
0	113.794
0	113.809
0	113.825
0	113.856
0	113.872
0	113.887
0	113.921
0	113.936
0	113.952
0	113.983
0	113.999
0	114.014
0	114.047
0	114.063
0	114.079
0	114.11
0	114.125
0	114.141
0	114.172
0	114.188
0	114.203
0	114.235
0	114.266
0	114.281
0	114.297
0	114.313
0	114.344
0	114.359
0	114.375
0	114.406
0	114.422
0	114.437
0	114.469
0	114.5
0	114.515
0	114.531
0	114.562
0	114.579
0	114.594
0	114.61
0	114.641
0	114.657
0	114.672
0	114.704
0	114.719
0	114.735
0	114.766
0	114.782
0	114.797
0	114.831
0	114.847
0	114.878
0	114.894
0	114.909
0	114.925
0	114.956
0	114.972
0	114.987
0	115.019
0	115.05
0	115.065
0	115.081
0	115.097
0	115.112
0	115.143
0	115.159
0	115.19
0	115.206
0	115.237
0	115.253
0	115.268
0	115.284
0	115.315
0	115.346
0	115.346
0	115.377
0	115.409
0	115.424
0	115.44
0	115.456
0	115.472
0	115.503
0	115.534
0	115.55
0	115.566
0	115.597
0	115.612
0	115.628
0	115.659
0	115.675
0	115.69
0	115.722
0	115.737
0	115.753
0	115.786
0	115.802
0	115.817
0	115.848
0	115.864
0	115.88
0	115.895
0	115.926
0	115.942
0	115.973
0	115.989
0	116.02
0	116.036
0	116.051
0	116.067
0	116.098
0	116.114
0	116.129
0	116.16
0	116.176
0	116.207
0	116.223
0	116.238
0	116.27
0	116.285
0	116.316
0	116.332
0	116.348
0	116.379
0	116.394
0	116.426
0	116.457
0	116.472
0	116.488
0	116.519
0	116.55
0	116.566
0	116.584
0	116.615
0	116.63
0	116.646
0	116.662
0	116.696
0	116.711
0	116.727
0	116.743
0	116.774
0	116.805
0	116.805
0	116.836
0	116.852
0	116.883
0	116.899
0	116.914
0	116.945
0	116.961
0	116.992
0	117.008
0	117.023
0	117.055
0	117.07
0	117.086
0	117.102
0	117.134
0	117.149
0	117.18
0	117.196
0	117.227
0	117.227
0	117.258
0	117.29
0	117.305
0	117.322
0	117.337
0	117.369
0	117.4
0	117.447
0	117.462
0	117.462
0	117.493
0	117.509
0	117.525
0	117.556
0	117.571
0	117.587
0	117.627
0	117.642
0	117.658
0	117.673
0	117.705
0	117.72
0	117.736
0	117.767
0	117.798
0	117.798
0	117.829
0	117.845
0	117.876
0	117.892
0	117.923
0	117.939
0	117.954
0	118.001
0	118.032
0	118.032
0	118.063
0	118.096
0	118.096
0	118.127
0	118.142
0	118.158
0	118.189
0	118.205
0	118.236
0	118.252
0	118.283
0	118.298
0	118.314
0	118.33
0	118.361
0	118.392
0	118.423
0	118.454
0	118.47
0	118.486
0	118.501
0	118.535
0	118.551
0	118.567
0	118.598
0	118.615
0	118.631
0	118.662
0	118.678
0	118.693
0	118.725
0	118.74
0	118.756
0	118.787
0	118.803
0	118.818
0	118.834
0	118.865
0	118.881
0	118.912
0	118.927
0	118.943
0	118.974
0	118.99
0	119.005
0	119.037
0	119.052
0	119.068
0	119.101
0	119.117
0	119.132
0	119.163
0	119.196
0	119.196
0	119.227
0	119.258
0	119.274
0	119.289
0	119.305
0	119.336
0	119.352
0	119.383
0	119.398
0	119.445
0	119.461
0	119.476
0	119.51
0	119.525
0	119.541
0	119.556
0	119.588
0	119.603
0	119.62
0	119.651
0	119.667
0	119.682
0	119.713
0	119.729
0	119.76
0	119.776
0	119.807
0	119.807
0	119.838
0	119.854
0	119.885
0	119.901
0	119.932
0	119.947
0	119.979
0	119.994
0	120.01
0	120.041
0	120.057
0	120.072
0	120.088
0	120.119
0	120.135
0	120.166
0	120.181
0	120.197
0	120.213
0	120.244
0	120.259
0	120.275
0	120.306
0	120.337
0	120.353
0	120.369
0	120.384
0	120.403
0	120.434
0	120.45
0	120.481
0	120.497
0	120.512
0	120.528
0	120.559
0	120.59
0	120.606
0	120.621
0	120.637
0	120.668
0	120.684
0	120.699
0	120.731
0	120.746
0	120.762
0	120.793
0	120.809
0	120.824
0	120.855
0	120.871
0	120.902
0	120.918
0	120.933
0	120.965
0	120.98
0	121.011
0	121.027
0	121.044
0	121.075
0	121.106
0	121.137
0	121.168
0	121.184
0	121.215
0	121.231
0	121.246
0	121.278
0	121.293
0	121.309
0	121.34
0	121.358
0	121.389
0	121.404
0	121.42
0	121.451
0	121.467
0	121.482
0	121.514
0	121.529
0	121.545
0	121.576
0	121.592
0	121.624
0	121.639
0	121.655
0	121.686
0	121.702
0	121.717
0	121.733
0	121.764
0	121.78
0	121.795
0	121.827
0	121.842
0	121.873
0	121.889
0	121.905
0	121.936
0	121.951
0	121.967
0	121.998
0	122.014
0	122.029
0	122.061
0	122.076
0	122.092
0	122.125
0	122.141
0	122.156
0	122.187
0	122.203
0	122.219
0	122.25
0	122.267
0	122.283
0	122.314
0	122.33
0	122.345
0	122.377
0	122.392
0	122.423
0	122.439
0	122.455
0	122.487
0	122.506
0	122.526
0	122.546
0	122.579
0	122.592
0	122.604
0	122.634
0	122.654
0	122.674
0	122.704
0	122.724
0	122.734
0	122.764
0	122.784
0	122.804
0	122.824
0	122.844
0	122.864
0	122.895
0	122.905
0	122.925
0	122.945
0	122.965
0	122.995
0	123.015
0	123.035
0	123.055
0	123.075
0	123.104
0	123.114
0	123.134
0	123.154
0	123.184
0	123.204
0	123.224
0	123.254
0	123.264
0	123.294
0	123.304
0	123.334
0	123.344
0	123.374
0	123.394
0	123.414
0	123.444
0	123.454
0	123.474
0	123.494
0	123.514
0	123.544
0	123.564
0	123.584
0	123.605
0	123.625
0	123.645
0	123.665
0	123.695
0	123.705
0	123.735
0	123.755
0	123.775
0	123.796
0	123.816
0	123.846
0	123.856
0	123.876
0	123.907
0	123.923
0	123.938
0	123.969
0	123.985
0	124.001
0	124.016
0	124.047
0	124.063
0	124.079
0	124.112
0	124.143
0	124.143
0	124.174
0	124.19
0	124.205
0	124.237
0	124.268
0	124.283
0	124.299
0	124.315
0	124.346
0	124.361
0	124.377
0	124.408
0	124.424
0	124.455
0	124.471
0	124.486
0	124.517
0	124.533
0	124.549
0	124.58
0	124.595
0	124.611
0	124.642
0	124.658
0	124.673
0	124.705
0	124.72
0	124.736
0	124.767
0	124.783
0	124.798
0	124.829
0	124.845
0	124.876
0	124.892
0	124.907
0	124.939
0	124.954
0	124.97
0	125.001
0	125.02
0	125.035
0	125.066
0	125.082
0	125.113
0	125.129
0	125.144
0	125.16
0	125.191
0	125.207
0	125.222
0	125.254
0	125.269
0	125.285
0	125.316
0	125.332
0	125.347
0	125.378
0	125.394
0	125.425
0	125.441
0	125.472
0	125.488
0	125.519
0	125.534
0	125.55
0	125.566
0	125.581
0	125.612
0	125.628
0	125.646
0	125.677
0	125.692
0	125.724
0	125.739
0	125.77
0	125.786
0	125.802
0	125.817
0	125.848
0	125.864
0	125.895
0	125.911
0	125.926
0	125.942
0	125.975
0	125.991
0	126.006
0	126.038
0	126.053
0	126.069
0	126.1
0	126.118
0	126.149
0	126.164
0	126.18
0	126.211
0	126.227
0	126.289
0	126.305
0	126.336
0	126.352
0	126.367
0	126.398
0	126.414
0	126.43
0	126.461
0	126.476
0	126.508
0	126.523
0	126.539
0	126.57
0	126.586
0	126.617
0	126.632
0	126.649
0	126.68
0	126.696
0	126.711
0	126.727
0	126.758
0	126.774
0	126.805
0	126.821
0	126.852
0	126.867
0	126.886
0	126.902
0	126.933
0	126.948
0	126.964
0	126.995
0	127.011
0	127.026
0	127.058
0	127.073
0	127.104
0	127.104
0	127.136
0	127.167
0	127.167
0	127.198
0	127.214
0	127.245
0	127.26
0	127.276
0	127.307
0	127.323
0	127.354
0	127.37
0	127.385
0	127.416
0	127.432
0	127.448
0	127.479
0	127.494
0	127.51
0	127.542
0	127.558
0	127.589
0	127.605
0	127.62
0	127.651
0	127.667
0	127.683
0	127.714
0	127.729
0	127.745
0	127.776
0	127.792
0	127.807
0	127.841
0	127.856
0	127.872
0	127.887
0	127.919
0	127.95
0	127.965
0	127.981
0	128.012
0	128.028
0	128.043
0	128.059
0	128.09
0	128.106
0	128.137
0	128.153
0	128.168
0	128.199
0	128.215
0	128.231
0	128.262
0	128.277
0	128.309
0	128.324
0	128.34
0	128.371
0	128.387
0	128.402
0	128.418
0	128.449
0	128.465
0	128.496
0	128.511
0	128.527
0	128.558
0	128.574
0	128.589
0	128.605
0	128.638
0	128.669
0	128.669
0	128.701
0	128.716
0	128.75
0	128.766
0	128.782
0	128.797
0	128.828
0	128.844
0	128.86
0	128.891
0	128.922
0	128.922
0	128.953
0	128.969
0	129
0	129.016
0	129.047
0	129.062
0	129.079
0	129.095
0	129.126
0	129.141
0	129.174
0	129.189
0	129.205
0	129.236
0	129.252
0	129.267
0	129.298
0	129.314
0	129.33
0	129.361
0	129.376
0	129.392
0	129.423
0	129.439
0	129.47
0	129.486
0	129.501
0	129.517
0	129.548
0	129.564
0	129.579
0	129.61
0	129.626
0	129.642
0	129.673
0	129.688
0	129.721
0	129.736
0	129.752
0	129.783
0	129.799
0	129.83
0	129.845
0	129.861
0	129.877
0	129.908
0	129.939
0	129.939
0	129.97
0	130.001
0	130.001
0	130.035
0	130.05
0	130.066
0	130.097
0	130.113
0	130.144
0	130.159
0	130.175
0	130.206
0	130.222
0	130.253
0	130.269
0	130.284
0	130.315
0	130.331
0	130.347
0	130.362
0	130.393
0	130.425
0	130.425
0	130.456
0	130.487
0	130.503
0	130.518
0	130.549
0	130.565
0	130.581
0	130.612
0	130.627
0	130.643
0	130.673
0	130.698
0	130.714
0	130.729
0	130.745
0	130.776
0	130.792
0	130.807
0	130.839
0	130.885
0	130.901
0	130.917
0	130.935
0	130.966
0	130.982
0	131.013
0	131.029
0	131.044
0	131.076
0	131.091
0	131.107
0	131.138
0	131.154
0	131.169
0	131.2
0	131.216
0	131.232
0	131.263
0	131.278
0	131.341
0	131.372
0	131.388
0	131.403
0	131.434
0	131.45
0	131.466
0	131.481
0	131.512
0	131.528
0	131.559
0	131.576
0	131.607
0	131.623
0	131.638
0	131.654
0	131.685
0	131.701
0	131.716
0	131.747
0	131.763
0	131.794
0	131.81
0	131.841
0	131.857
0	131.872
0	131.89
0	131.921
0	131.937
0	131.952
0	131.983
0	131.999
0	132.03
0	132.046
0	132.061
0	132.077
0	132.108
0	132.139
0	132.153
0	132.171
0	132.187
0	132.203
0	132.234
0	132.249
0	132.281
0	132.296
0	132.312
0	132.343
0	132.359
0	132.374
0	132.405
0	132.421
0	132.437
0	132.472
0	132.487
0	132.503
0	132.534
0	132.55
0	132.581
0	132.597
0	132.628
0	132.659
0	132.675
0	132.691
0	132.722
0	132.738
0	132.754
0	132.785
0	132.8
0	132.832
0	132.847
0	132.863
0	132.878
0	132.91
0	132.925
0	132.956
0	132.972
0	133.003
0	133.019
0	133.034
0	133.05
0	133.081
0	133.097
0	133.129
0	133.145
0	133.16
0	133.176
0	133.209
0	133.225
0	133.256
0	133.271
0	133.287
0	133.318
0	133.334
0	133.349
0	133.365
0	133.396
0	133.412
0	133.445
0	133.461
0	133.476
0	133.492
0	133.523
0	133.554
0	133.57
0	133.585
0	133.601
0	133.632
0	133.648
0	133.663
0	133.699
0	133.715
0	133.73
0	133.761
0	133.777
0	133.793
0	133.808
0	133.839
0	133.855
0	133.886
0	133.902
0	133.933
0	133.949
0	133.964
0	133.98
0	134.014
0	134.03
0	134.061
0	134.061
0	134.092
0	134.108
0	134.139
0	134.154
0	134.17
0	134.201
0	134.218
0	134.233
0	134.265
0	134.296
0	134.311
0	134.327
0	134.343
0	134.374
0	134.389
0	134.421
0	134.436
0	134.452
0	134.483
0	134.499
0	134.514
0	134.53
0	134.561
0	134.577
0	134.608
0	134.623
0	134.639
0	134.656
0	134.687
0	134.718
0	134.718
0	134.749
0	134.765
0	134.78
0	134.812
0	134.827
0	134.858
0	134.874
0	134.891
0	134.922
0	134.937
0	134.953
0	134.986
0	135.002
0	135.017
0	135.049
0	135.064
0	135.08
0	135.111
0	135.127
0	135.142
0	135.173
0	135.189
0	135.22
0	135.236
0	135.251
0	135.283
0	135.298
0	135.314
0	135.345
0	135.361
0	135.392
0	135.407
0	135.439
0	135.439
0	135.47
0	135.485
0	135.501
0	135.532
0	135.548
0	135.563
0	135.595
0	135.61
0	135.641
0	135.657
0	135.673
0	135.704
0	135.719
0	135.737
0	135.768
0	135.784
0	135.799
0	135.831
0	135.846
0	135.862
0	135.896
0	135.912
0	135.927
0	135.958
0	135.974
0	136.005
0	136.021
0	136.036
0	136.068
0	136.083
0	136.114
0	136.13
0	136.146
0	136.161
0	136.192
0	136.21
0	136.241
0	136.241
0	136.272
0	136.304
0	136.319
0	136.335
0	136.366
0	136.397
0	136.413
0	136.444
0	136.46
0	136.491
0	136.506
0	136.538
0	136.538
0	136.569
0	136.6
0	136.616
0	136.631
0	136.647
0	136.678
0	136.694
0	136.709
0	136.741
0	136.757
0	136.773
0	136.804
0	136.819
0	136.852
0	136.867
0	136.883
0	136.898
0	136.93
0	136.945
0	136.976
0	136.992
0	137.008
0	137.023
0	137.054
0	137.086
0	137.101
0	137.117
0	137.132
0	137.165
0	137.181
0	137.197
0	137.212
0	137.244
0	137.275
0	137.29
0	137.306
0	137.322
0	137.353
0	137.368
0	137.384
0	137.415
0	137.431
0	137.446
0	137.478
0	137.493
0	137.509
0	137.54
0	137.556
0	137.587
0	137.602
0	137.618
0	137.649
0	137.665
0	137.68
0	137.712
0	137.727
0	137.743
0	137.774
0	137.79
0	137.821
0	137.836
0	137.852
0	137.883
0	137.899
0	137.914
0	137.946
0	137.961
0	137.992
0	138.008
0	138.024
0	138.039
0	138.073
0	138.089
0	138.12
0	138.136
0	138.151
0	138.167
0	138.198
0	138.214
0	138.229
0	138.261
0	138.276
0	138.292
0	138.323
0	138.339
0	138.37
0	138.385
0	138.417
0	138.432
0	138.448
0	138.479
0	138.495
0	138.51
0	138.541
0	138.557
0	138.588
0	138.588
0	138.619
0	138.635
0	138.651
0	138.697
0	138.716
0	138.747
0	138.763
0	138.778
0	138.81
0	138.841
0	138.856
0	138.872
0	138.888
0	138.919
0	138.934
0	138.95
0	138.981
0	138.997
0	139.012
0	139.044
0	139.059
0	139.09
0	139.106
0	139.137
0	139.137
0	139.168
0	139.2
0	139.2
0	139.231
0	139.264
0	139.28
0	139.295
0	139.326
0	139.342
0	139.358
0	139.373
0	139.404
0	139.42
0	139.451
0	139.467
0	139.498
0	139.514
0	139.529
0	139.545
0	139.576
0	139.592
0	139.61
0	139.641
0	139.657
0	139.688
0	139.688
0	139.721
0	139.753
0	139.768
0	139.784
0	139.799
0	139.831
0	139.846
0	139.862
0	139.893
0	139.909
0	139.924
0	139.955
0	139.971
0	140.002
0	140.033
0	140.065
0	140.08
0	140.096
0	140.111
0	140.143
0	140.158
0	140.189
0	140.205
0	140.221
0	140.236
0	140.268
0	140.3
0	140.315
0	140.331
0	140.346
0	140.378
0	140.393
0	140.409
0	140.44
0	140.456
0	140.487
0	140.502
0	140.518
0	140.534
0	140.567
0	140.582
0	140.598
0	140.629
0	140.645
0	140.676
0	140.692
0	140.707
0	140.738
0	140.754
0	140.785
0	140.801
0	140.816
0	140.832
0	140.863
0	140.894
0	140.894
0	140.926
0	140.957
0	140.972
0	140.988
0	141.004
0	141.035
0	141.05
0	141.066
0	141.097
0	141.113
0	141.128
0	141.16
0	141.191
0	141.206
0	141.222
0	141.253
0	141.269
0	141.284
0	141.316
0	141.331
0	141.347
0	141.378
0	141.394
0	141.409
0	141.44
0	141.456
0	141.475
0	141.49
0	141.506
0	141.537
0	141.568
0	141.584
0	141.599
0	141.646
0	141.662
0	141.677
0	141.709
0	141.74
0	141.755
0	141.771
0	141.818
0	141.833
0	141.849
0	141.88
0	141.896
0	141.927
0	141.943
0	141.958
0	141.974
0	142.005
0	142.021
0	142.036
0	142.067
0	142.083
0	142.114
0	142.131
0	142.146
0	142.162
0	142.193
0	142.209
0	142.241
0	142.257
0	142.272
0	142.303
0	142.319
0	142.335
0	142.366
0	142.381
0	142.397
0	142.43
0	142.446
0	142.461
0	142.493
0	142.508
0	142.539
0	142.555
0	142.571
0	142.602
0	142.617
0	142.633
0	142.664
0	142.68
0	142.711
0	142.727
0	142.751
0	142.767
0	142.782
0	142.798
0	142.829
0	142.845
0	142.876
0	142.892
0	142.923
0	142.938
0	142.954
0	142.97
0	143.001
0	143.016
0	143.048
0	143.063
0	143.079
0	143.11
0	143.126
0	143.141
0	143.172
0	143.188
0	143.219
0	143.219
0	143.25
0	143.282
0	143.297
0	143.313
0	143.347
0	143.363
0	143.378
0	143.394
0	143.409
0	143.441
0	143.456
0	143.487
0	143.503
0	143.519
0	143.55
0	143.565
0	143.597
0	143.612
0	143.643
0	143.659
0	143.675
0	143.706
0	143.721
0	143.737
0	143.768
0	143.784
0	143.799
0	143.815
0	143.846
0	143.862
0	143.877
0	143.909
0	143.924
0	143.955
0	143.972
0	144.003
0	144.019
0	144.034
0	144.05
0	144.081
0	144.097
0	144.112
0	144.144
0	144.175
0	144.206
0	144.222
0	144.253
0	144.269
0	144.292
0	144.308
0	144.339
0	144.354
0	144.37
0	144.401
0	144.417
0	144.432
0	144.448
0	144.479
0	144.51
0	144.526
0	144.542
0	144.557
0	144.573
0	144.604
0	144.62
0	144.651
0	144.666
0	144.698
0	144.713
0	144.729
0	144.762
0	144.793
0	144.793
0	144.84
0	144.856
0	144.871
0	144.902
0	144.918
0	144.949
0	144.965
0	144.98
0	145.012
0	145.027
0	145.058
0	145.058
0	145.09
0	145.121
0	145.136
0	145.152
0	145.168
0	145.201
0	145.216
0	145.248
0	145.263
0	145.28
0	145.311
0	145.327
0	145.342
0	145.373
0	145.389
0	145.405
0	145.436
0	145.451
0	145.483
0	145.498
0	145.514
0	145.545
0	145.545
0	145.576
0	145.592
0	145.623
0	145.639
0	145.67
0	145.685
0	145.701
0	145.732
0	145.748
0	145.763
0	145.795
0	145.81
0	145.842
0	145.874
0	145.905
0	145.905
0	145.936
0	145.967
0	145.983
0	146.014
0	146.03
0	146.045
0	146.061
0	146.076
0	146.108
0	146.123
0	146.156
0	146.171
0	146.203
0	146.203
0	146.234
0	146.249
0	146.281
0	146.296
0	146.312
0	146.343
0	146.359
0	146.374
0	146.405
0	146.421
0	146.437
0	146.468
0	146.483
0	146.515
0	146.53
0	146.546
0	146.561
0	146.593
0	146.608
0	146.624
0	146.655
0	146.686
0	146.702
0	146.717
0	146.749
0	146.765
0	146.781
0	146.812
0	146.828
0	146.843
0	146.859
0	146.89
0	146.906
0	146.921
0	146.952
0	146.984
0	146.999
0	147.015
0	147.03
0	147.065
0	147.08
0	147.096
0	147.111
0	147.143
0	147.174
0	147.189
0	147.205
0	147.236
0	147.252
0	147.268
0	147.284
0	147.3
0	147.331
0	147.362
0	147.378
0	147.393
0	147.424
0	147.44
0	147.456
0	147.487
0	147.502
0	147.518
0	147.549
0	147.565
0	147.596
0	147.612
0	147.627
0	147.643
0	147.674
0	147.691
0	147.706
0	147.737
0	147.753
0	147.786
0	147.802
0	147.817
0	147.833
0	147.864
0	147.88
0	147.911
0	147.927
0	147.942
0	147.958
0	147.989
0	148.007
0	148.022
0	148.053
0	148.085
0	148.1
0	148.116
0	148.131
0	148.147
0	148.178
0	148.194
0	148.225
0	148.241
0	148.274
0	148.276
0	148.307
0	148.323
0	148.339
0	148.37
0	148.401
0	148.417
0	148.432
0	148.463
0	148.479
0	148.495
0	148.51
0	148.541
0	148.557
0	148.591
0	148.607
0	148.622
0	148.638
0	148.669
0	148.685
0	148.716
0	148.732
0	148.747
0	148.778
0	148.795
0	148.811
0	148.842
0	148.857
0	148.873
0	148.889
0	148.92
0	148.951
0	148.967
0	148.982
0	149.013
0	149.029
0	149.045
0	149.06
0	149.091
0	149.107
0	149.123
0	149.154
0	149.169
0	149.185
0	149.216
0	149.233
0	149.264
0	149.28
0	149.295
0	149.311
0	149.342
0	149.373
0	149.389
0	149.404
0	149.42
0	149.451
0	149.467
0	149.482
0	149.514
0	149.529
0	149.547
0	149.578
0	149.594
0	149.609
0	149.64
0	149.656
0	149.672
0	149.703
0	149.734
0	149.734
0	149.765
0	149.781
0	149.812
0	149.828
0	149.843
0	149.874
0	149.89
0	149.906
0	149.937
0	149.952
0	149.968
0	149.999
0	150.015
0	150.03
0	150.062
0	150.077
0	150.093
0	150.124
0	150.14
0	150.171
0	150.186
0	150.202
0	150.233
0	150.249
0	150.28
0	150.296
0	150.313
0	150.329
0	150.36
0	150.376
0	150.391
0	150.422
0	150.455
0	150.457
0	150.488
0	150.503
0	150.535
0	150.55
0	150.566
0	150.597
0	150.613
0	150.628
0	150.644
0	150.675
0	150.706
0	150.706
0	150.737
0	150.753
0	150.769
0	150.802
0	150.817
0	150.833
0	150.864
0	150.88
0	150.911
0	150.927
0	150.942
0	150.973
0	150.989
0	151.005
0	151.036
0	151.051
0	151.067
0	151.099
0	151.115
0	151.13
0	151.162
0	151.177
0	151.193
0	151.224
0	151.24
0	151.255
0	151.286
0	151.302
0	151.334
0	151.35
0	151.365
0	151.397
0	151.414
0	151.43
0	151.461
0	151.477
0	151.492
0	151.523
0	151.539
0	151.57
0	151.586
0	151.601
0	151.617
0	151.648
0	151.664
0	151.679
0	151.711
0	151.742
0	151.742
0	151.773
0	151.789
0	151.82
0	151.835
0	151.882
0	151.898
0	151.913
0	151.945
0	151.96
0	151.991
0	152.007
0	152.023
0	152.054
0	152.069
0	152.085
0	152.116
0	152.132
0	152.163
0	152.179
0	152.194
0	152.21
0	152.241
0	152.257
0	152.288
0	152.303
0	152.322
0	152.353
0	152.369
0	152.384
0	152.416
0	152.431
0	152.447
0	152.462
0	152.494
0	152.509
0	152.54
0	152.556
0	152.572
0	152.587
0	152.618
0	152.634
0	152.665
0	152.681
0	152.696
0	152.728
0	152.743
0	152.774
0	152.79
0	152.821
0	152.837
0	152.852
0	152.868
0	152.899
0	152.915
0	152.946
0	152.962
0	152.978
0	152.994
0	153.025
0	153.041
0	153.072
0	153.087
0	153.103
0	153.134
0	153.15
0	153.165
0	153.197
0	153.212
0	153.228
0	153.243
0	153.28
0	153.292
0	153.323
0	153.338
0	153.37
0	153.385
0	153.401
0	153.416
0	153.448
0	153.463
0	153.479
0	153.51
0	153.526
0	153.541
0	153.572
0	153.604
0	153.604
0	153.635
0	153.65
0	153.682
0	153.697
0	153.713
0	153.744
0	153.76
0	153.791
0	153.806
0	153.824
0	153.855
0	153.871
0	153.902
0	153.902
0	153.933
0	153.949
0	153.964
0	153.996
0	154.027
0	154.042
0	154.058
0	154.074
0	154.105
0	154.12
0	154.136
0	154.167
0	154.186
0	154.201
0	154.217
0	154.248
0	154.279
0	154.297
0	154.313
0	154.328
0	154.359
0	154.375
0	154.406
0	154.422
0	154.437
0	154.453
0	154.484
0	154.5
0	154.515
0	154.547
0	154.562
0	154.578
0	154.609
0	154.64
0	154.656
0	154.671
0	154.687
0	154.703
0	154.734
0	154.749
0	154.781
0	154.796
0	154.812
0	154.844
0	154.86
0	154.875
0	154.906
0	154.922
0	154.938
0	154.969
0	155
0	155.016
0	155.031
0	155.047
0	155.062
0	155.094
0	155.109
0	155.141
0	155.158
0	155.189
0	155.205
0	155.22
0	155.236
0	155.267
0	155.283
0	155.314
0	155.33
0	155.345
0	155.376
0	155.392
0	155.408
0	155.439
0	155.454
0	155.47
0	155.486
0	155.517
0	155.532
0	155.548
0	155.579
0	155.61
0	155.626
0	155.642
0	155.673
0	155.688
0	155.704
0	155.72
0	155.751
0	155.766
0	155.798
0	155.813
0	155.829
0	155.86
0	155.876
0	155.891
0	155.922
0	155.938
0	155.954
0	155.985
0	156
0	156.016
0	156.05
0	156.066
0	156.097
0	156.113
0	156.128
0	156.144
0	156.175
0	156.191
0	156.222
0	156.237
0	156.253
0	156.284
0	156.3
0	156.315
0	156.347
0	156.362
0	156.378
0	156.409
0	156.425
0	156.456
0	156.471
0	156.503
0	156.503
0	156.534
0	156.549
0	156.565
0	156.596
0	156.612
0	156.643
0	156.659
0	156.691
0	156.706
0	156.722
0	156.753
0	156.769
0	156.784
0	156.8
0	156.832
0	156.848
0	156.879
0	156.895
0	156.91
0	156.941
0	156.957
0	156.973
0	156.988
0	157.021
0	157.037
0	157.068
0	157.084
0	157.099
0	157.131
0	157.146
0	157.162
0	157.193
0	157.209
0	157.224
0	157.255
0	157.271
0	157.287
0	157.327
0	157.342
0	157.358
0	157.374
0	157.405
0	157.42
0	157.436
0	157.467
0	157.483
0	157.498
0	157.53
0	157.545
0	157.561
0	157.592
0	157.608
0	157.623
0	157.654
0	157.67
0	157.701
0	157.717
0	157.732
0	157.764
0	157.779
0	157.795
0	157.826
0	157.842
0	157.873
0	157.888
0	157.907
0	157.938
0	157.954
0	157.969
0	157.985
0	158.016
0	158.032
0	158.063
0	158.079
0	158.094
0	158.125
0	158.141
0	158.157
0	158.172
0	158.203
0	158.219
0	158.25
0	158.266
0	158.297
0	158.313
0	158.328
0	158.344
0	158.375
0	158.406
0	158.406
0	158.437
0	158.453
0	158.469
0	158.5
0	158.531
0	158.548
0	158.563
0	158.594
0	158.61
0	158.626
0	158.657
0	158.672
0	158.688
0	158.704
0	158.735
0	158.75
0	158.782
0	158.797
0	158.813
0	158.848
0	158.868
0	158.883
0	158.899
0	158.914
0	158.946
0	158.961
0	158.977
0	159.008
0	159.024
0	159.039
0	159.07
0	159.102
0	159.117
0	159.133
0	159.148
0	159.18
0	159.195
0	159.226
0	159.242
0	159.258
0	159.273
0	159.304
0	159.322
0	159.353
0	159.369
0	159.384
0	159.416
0	159.431
0	159.447
0	159.462
0	159.494
0	159.525
0	159.54
0	159.556
0	159.572
0	159.603
0	159.618
0	159.65
0	159.665
0	159.681
0	159.696
0	159.728
0	159.743
0	159.762
0	159.793
0	159.809
0	159.824
0	159.856
0	159.872
0	159.903
0	159.919
0	159.934
0	159.95
0	159.981
0	159.997
0	160.012
0	160.044
0	160.075
0	160.09
0	160.106
0	160.122
0	160.153
0	160.168
0	160.2
0	160.215
0	160.246
0	160.262
0	160.278
0	160.293
0	160.309
0	160.34
0	160.371
0	160.387
0	160.403
0	160.419
0	160.435
0	160.466
0	160.497
0	160.513
0	160.528
0	160.544
0	160.575
0	160.591
0	160.622
0	160.637
0	160.653
0	160.684
0	160.7
0	160.717
0	160.749
0	160.764
0	160.78
0	160.811
0	160.827
0	160.842
0	160.873
0	160.889
0	160.905
0	160.936
0	160.951
0	160.983
0	160.998
0	161.014
0	161.029
0	161.061
0	161.076
0	161.092
0	161.123
0	161.139
0	161.154
0	161.185
0	161.217
0	161.232
0	161.248
0	161.263
0	161.295
0	161.31
0	161.344
0	161.365
0	161.381
0	161.397
0	161.428
0	161.443
0	161.459
0	161.475
0	161.506
0	161.521
0	161.537
0	161.568
0	161.584
0	161.618
0	161.618
0	161.649
0	161.68
0	161.696
0	161.712
0	161.727
0	161.758
0	161.79
0	161.805
0	161.821
0	161.852
0	161.852
0	161.883
0	161.899
0	161.914
0	161.946
0	161.977
0	161.992
0	162.008
0	162.039
0	162.055
0	162.07
0	162.086
0	162.117
0	162.148
0	162.181
0	162.196
0	162.227
0	162.243
0	162.26
0	162.275
0	162.306
0	162.322
0	162.353
0	162.369
0	162.384
0	162.416
0	162.431
0	162.447
0	162.478
0	162.494
0	162.509
0	162.54
0	162.556
0	162.574
0	162.605
0	162.636
0	162.652
0	162.667
0	162.683
0	162.714
0	162.73
0	162.745
0	162.776
0	162.792
0	162.823
0	162.839
0	162.854
0	162.886
0	162.901
0	162.917
0	162.948
0	162.964
0	162.979
0	162.995
0	163.026
0	163.042
0	163.057
0	163.088
0	163.104
0	163.135
0	163.151
0	163.182
0	163.182
0	163.213
0	163.229
0	163.26
0	163.276
0	163.291
0	163.322
0	163.354
0	163.371
0	163.387
0	163.418
0	163.418
0	163.449
0	163.465
0	163.499
0	163.515
0	163.53
0	163.546
0	163.577
0	163.593
0	163.608
0	163.639
0	163.671
0	163.686
0	163.702
0	163.717
0	163.749
0	163.764
0	163.795
0	163.811
0	163.827
0	163.858
0	163.873
0	163.905
0	163.921
0	163.937
0	163.952
0	163.968
0	163.999
0	164.015
0	164.046
0	164.062
0	164.077
0	164.108
0	164.125
0	164.156
0	164.172
0	164.187
0	164.219
0	164.234
0	164.25
0	164.281
0	164.297
0	164.312
0	164.343
0	164.359
0	164.39
0	164.411
0	164.43
0	164.445
0	164.461
0	164.492
0	164.508
0	164.523
0	164.539
0	164.57
0	164.586
0	164.617
0	164.633
0	164.664
0	164.679
0	164.695
0	164.711
0	164.742
0	164.757
0	164.773
0	164.804
0	164.82
0	164.835
0	164.867
0	164.882
0	164.914
0	164.93
0	164.946
0	164.977
0	164.992
0	165.008
0	165.039
0	165.055
0	165.07
0	165.102
0	165.133
0	165.148
0	165.164
0	165.18
0	165.195
0	165.226
0	165.242
0	165.258
0	165.289
0	165.304
0	165.339
0	165.354
0	165.37
0	165.385
0	165.419
0	165.434
0	165.465
0	165.481
0	165.497
0	165.512
0	165.543
0	165.559
0	165.575
0	165.606
0	165.621
0	165.653
0	165.668
0	165.699
0	165.699
