2857 20.687 -2.33391 209.827 -0.00235464 0.0122565 0.999922 26.1783 2.37834 206.574 0.0470119 0.197056 0.979129 1.82043 -2.24502 15.089 5.24528 46.9424 
91098 20.4321 -0.84482 209.913 -0.00110099 0.0073833 0.999972 26.1954 2.50359 206.558 0.0452895 0.195522 0.979553 1.83796 -2.22807 14.5096 5.30991 47.5186 
178213 20.2147 0.533807 209.964 -0.000186427 0.00548023 0.999985 25.48 4.17906 206.815 0.0281493 0.176625 0.983802 1.84859 -2.21917 14.1413 5.37282 47.879 
265475 19.9997 1.83563 209.994 -0.000153903 0.00394885 0.999992 24.9223 5.89645 206.745 0.0179841 0.17301 0.984642 1.85491 -2.21342 13.9492 5.43574 48.0679 
352741 19.7842 2.94037 210 -0.000535194 0.00268818 0.999996 24.734 7.28199 206.596 0.00365079 0.167618 0.985707 1.85864 -2.20969 13.8635 5.49089 48.1409 
440995 19.5327 4.03069 210.004 -0.0011499 0.00282467 0.999995 23.8197 8.32686 206.716 -0.00478459 0.166373 0.985912 1.86123 -2.20854 13.819 5.5449 48.1774 
528091 19.2576 5.08893 210.005 -0.00119534 0.00193605 0.999997 23.2494 9.6848 206.69 -0.0139485 0.165609 0.985948 1.86238 -2.20681 13.7905 5.60006 48.2013 
615339 18.8856 6.25155 210.008 -0.00242543 0.00529791 0.999983 22.7907 10.8404 206.796 -0.0232442 0.163874 0.986089 1.86353 -2.21084 13.7714 5.65607 48.2156 
702614 18.5277 7.22508 210.006 -0.00161858 0.00191145 0.999997 21.9895 12.0792 206.673 -0.0318001 0.162969 0.986013 1.86381 -2.20624 13.7603 5.71238 48.2251 
790838 18.073 8.29727 210.008 -0.00215245 0.00283951 0.999994 21.1918 13.3372 206.547 -0.0407426 0.160004 0.98616 1.86381 -2.20768 13.7619 5.76955 48.2251 
878099 17.6366 9.16085 210.008 -0.00195977 0.00142992 0.999997 20.5099 14.4966 206.657 -0.0500415 0.158122 0.986071 1.86439 -2.20566 13.7603 5.81953 48.2251 
965218 17.1467 10.2105 209.995 -0.000716277 0.00229097 0.999997 19.3579 15.6789 206.768 -0.0567954 0.154284 0.986292 1.86065 -2.20796 13.7619 5.87957 48.2251 
1052465 16.5049 11.0707 210.009 -0.00178696 0.000613302 0.999998 18.6788 16.715 206.668 -0.0667176 0.151182 0.986216 1.86439 -2.2048 13.7619 5.93214 48.2251 
1140715 15.7978 12.0583 210.012 -0.00320661 0.00251846 0.999992 17.6411 17.6484 206.581 -0.0742035 0.147569 0.986175 1.86439 -2.20796 13.7635 5.99017 48.2251 
1227965 15.1914 12.8434 210.008 -0.00214946 0.00141136 0.999997 16.6133 18.498 206.73 -0.0826705 0.143589 0.986057 1.86353 -2.20653 13.7635 6.04245 48.2251 
1315234 14.4549 13.6578 210.01 -0.00198413 0.00076962 0.999998 15.4615 19.4732 206.864 -0.0896862 0.13815 0.986206 1.86381 -2.20566 13.7651 6.09818 48.2251 
1402490 13.6695 14.4614 210.01 -0.0021538 0.00112777 0.999997 14.3067 20.1949 206.802 -0.0968155 0.133561 0.986265 1.86324 -2.20653 13.7666 6.15449 48.2251 
1490622 12.8769 15.1547 210.014 -0.00257064 0.000970279 0.999996 13.3876 20.9179 206.74 -0.105294 0.128585 0.986009 1.86381 -2.20653 13.7682 6.20677 48.2251 
1577843 12.0037 15.8553 210.014 -0.00262117 0.000824077 0.999996 12.1189 21.9007 206.764 -0.111842 0.121185 0.98624 1.86381 -2.20653 13.7682 6.26308 48.2251 
1665090 11.11 16.5169 210.01 -0.00250755 0.00103705 0.999996 10.8379 22.1812 206.752 -0.117876 0.116438 0.986061 1.86295 -2.2071 13.7682 0.0361961 48.2251 
1752345 10.1548 17.1059 210.013 -0.00252903 0.000565178 0.999997 9.5615 22.8149 206.702 -0.124054 0.109507 0.986117 1.86353 -2.20653 13.7682 0.0925012 48.2251 
1840495 9.25828 17.6001 210.014 -0.00233907 0.000156 0.999997 8.39199 23.2305 206.787 -0.129858 0.103301 0.986092 1.86381 -2.20595 13.7682 0.14421 48.2251 
1927727 8.20612 18.1357 210.01 -0.00186548 0.000169721 0.999998 7.1066 23.7569 206.749 -0.135186 0.0959836 0.986059 1.86295 -2.20595 13.7698 0.204537 48.2235 
2014967 7.25137 18.5244 210.01 -0.00177743 -0.000222479 0.999998 5.81671 24.4031 206.698 -0.139912 0.0877021 0.986246 1.86353 -2.20538 13.7682 0.256245 48.2235 
2102217 6.20306 18.9012 210.009 -0.00237723 -5.43454e-005 0.999997 4.50666 24.5037 206.705 -0.143061 0.0784326 0.986525 1.86353 -2.20624 13.7666 0.311401 48.2235 
2189466 5.16551 19.2173 210.01 -0.00285918 8.62491e-005 0.999996 2.97431 24.815 206.692 -0.146074 0.0706183 0.986648 1.86324 -2.2071 13.7682 0.365408 48.2235 
2277597 4.0519 19.4956 210.007 -0.00193085 -0.000116204 0.999998 1.44091 25.0199 206.69 -0.149091 0.0623185 0.986823 1.86266 -2.20624 13.7714 0.424586 48.2203 
2364843 3.09735 19.6376 210.012 -0.0017623 -0.000920339 0.999998 0.252582 25.1059 206.701 -0.153328 0.0544783 0.986591 1.8641 -2.20509 13.773 0.47256 48.2187 
2452102 1.92371 19.8063 210.009 -0.0019591 -0.000598178 0.999998 -1.29654 24.9537 206.625 -0.155111 0.0475006 0.986614 1.86324 -2.20595 13.773 0.532313 48.2187 
2539374 0.815487 19.902 210.007 -0.00175783 -0.00046435 0.999998 -2.72286 24.9589 206.758 -0.157777 0.0379572 0.986673 1.86238 -2.20624 13.7809 0.588905 48.2124 
2627467 -0.283635 19.9103 210.008 -0.00185222 -0.000682757 0.999998 -3.93686 24.7993 206.569 -0.159692 0.0301181 0.986667 1.86266 -2.20624 13.7809 0.643774 48.2124 
2714720 -1.35217 19.8663 210.008 -0.00203563 -0.000784002 0.999998 -5.37794 24.4614 206.738 -0.161126 0.0216541 0.9866 1.86266 -2.20653 13.7809 0.697206 48.2124 
2801959 -2.47378 19.7644 210.007 -0.00165734 -0.000747547 0.999998 -6.71836 24.2141 206.672 -0.161465 0.0127057 0.986699 1.86238 -2.20624 13.7809 0.754373 48.2124 
2889228 -3.52007 19.6051 210.007 -0.00183638 -0.000861838 0.999998 -7.82555 23.8599 206.729 -0.162899 0.00435004 0.986498 1.86238 -2.20653 13.7809 0.807231 48.2124 
2977474 -4.62811 19.3669 210.008 -0.00209663 -0.00115022 0.999997 -9.28677 23.2916 206.81 -0.162504 -0.00448479 0.986578 1.86266 -2.20681 13.7809 0.863536 48.2124 
3064594 -5.6577 19.1049 210.008 -0.00207085 -0.00103438 0.999997 -10.6462 22.8106 206.656 -0.161134 -0.0134385 0.986785 1.86209 -2.2071 13.7825 0.917255 48.2124 
3151845 -6.72228 18.75 210.009 -0.00251327 -0.00142998 0.999996 -11.8876 22.1269 206.748 -0.160494 -0.0220461 0.986716 1.86238 -2.20768 13.7825 0.972699 48.2124 
3239119 -7.66453 18.3781 210.014 -0.00290608 -0.00190582 0.999994 -13.0274 21.4313 206.728 -0.158877 -0.0307726 0.986775 1.86266 -2.20825 13.7857 1.02268 48.2124 
3327344 -8.76509 17.9006 210.01 -0.00199224 -0.00133321 0.999997 -14.057 20.8539 206.806 -0.156891 -0.0391389 0.986791 1.8618 -2.20739 13.7857 1.08473 48.2124 
3414615 -9.72359 17.3986 210.01 -0.00191696 -0.00143936 0.999997 -15.4368 20.0425 206.688 -0.153693 -0.0483679 0.98689 1.8618 -2.20739 13.7857 1.13903 48.2124 
3501745 -10.6089 16.8583 210.013 -0.00270352 -0.00230098 0.999994 -16.4787 19.1289 206.802 -0.150727 -0.0563806 0.986861 1.86238 -2.20854 13.7857 1.1893 48.2124 
3588971 -11.5256 16.2298 210.013 -0.00246147 -0.00264909 0.999993 -17.5297 18.0832 206.815 -0.147016 -0.0633912 0.987086 1.86295 -2.20825 13.7841 1.24474 48.2124 
3677489 -13.0242 15.7346 209.724 -0.0112122 -0.0073135 0.99991 -18.3503 17.3771 206.684 -0.143821 -0.072659 0.986821 1.86956 -2.1959 13.6619 1.29933 48.3965 
3764728 -14.0192 15.1102 209.602 -0.0136003 -0.00805316 0.999875 -18.9875 16.3066 206.909 -0.136392 -0.074967 0.987741 1.88967 -2.16602 13.192 1.33926 49.0474 
3852043 -14.7518 14.4316 209.626 -0.014523 -0.0111783 0.999832 -19.2379 15.3286 207.221 -0.122334 -0.0745328 0.989662 1.91092 -2.14074 12.8332 1.37086 49.6824 
3939105 -15.426 13.6058 209.648 -0.013055 -0.00999699 0.999865 -19.6037 14.3432 207.646 -0.107765 -0.0719062 0.991468 1.93132 -2.11087 12.2807 1.41567 50.4587 
4027585 -16.0323 12.6245 209.682 -0.0101184 -0.00748037 0.999921 -19.6071 13.0938 207.873 -0.0966002 -0.067691 0.992888 1.95143 -2.0807 11.7489 1.4691 51.1921 
4114612 -16.5988 11.7272 209.718 -0.00820985 -0.00626441 0.999947 -19.9421 11.8588 208.215 -0.0856793 -0.0633648 0.994175 1.96579 -2.05715 11.4283 1.52081 51.7096 
4202290 -17.1584 10.8008 209.743 -0.00746331 -0.0057644 0.999956 -20.2665 10.5114 208.46 -0.076115 -0.0601555 0.995225 1.977 -2.0379 11.187 1.57338 52.1319 
4288978 -17.6908 9.82241 209.782 -0.00624611 -0.00560789 0.999965 -20.5729 9.52504 208.784 -0.0680374 -0.0586945 0.99586 1.98763 -2.02124 11.0377 1.62883 52.4446 
4377244 -18.1882 8.77625 209.815 -0.00537612 -0.00565278 0.99997 -20.7615 8.28832 208.91 -0.0610547 -0.0568576 0.996464 1.99711 -2.00544 10.906 1.68628 52.7209 
4464520 -18.6316 7.77846 209.829 -0.00507114 -0.00565156 0.999971 -20.9401 7.06235 209.148 -0.0550483 -0.0549019 0.996941 2.00486 -1.99136 10.8075 1.74057 52.9384 
4551767 -19.0178 6.75123 209.845 -0.00469638 -0.00601512 0.999971 -21.2365 5.92346 209.043 -0.0485666 -0.0540696 0.997288 2.01233 -1.97872 10.7409 1.79458 53.1178 
4638978 -19.3468 5.65836 209.866 -0.00376823 -0.00597047 0.999975 -21.1851 4.72429 209.393 -0.0431927 -0.0539798 0.997479 2.02009 -1.96579 10.7044 1.85117 53.259 
4726124 -19.6114 4.62479 209.894 -0.00351741 -0.00575973 0.999977 -21.36 3.6102 209.51 -0.0375688 -0.0533941 0.997737 2.02669 -1.95373 10.6663 1.9046 53.3797 
4814372 -19.8157 3.50543 209.939 -0.00275388 -0.00534306 0.999982 -21.4257 2.14352 209.66 -0.0320447 -0.0508263 0.998153 2.03359 -1.94195 10.6615 1.9612 53.4353 
4901701 -19.9614 2.44966 209.973 -0.0024123 -0.00489825 0.999985 -21.3669 1.13997 209.654 -0.0275369 -0.0517242 0.99821 2.03933 -1.93161 10.6583 2.01377 53.4511 
4988865 -20.0412 1.34591 210.059 -0.00195322 -0.00494087 0.999986 -21.201 -0.20799 209.683 -0.0228952 -0.0515182 0.998272 2.04537 -1.92184 10.6663 2.06777 53.4432 
5076131 -20.0717 0.238443 210.018 -0.00159351 -0.00506456 0.999986 -21.1423 -1.20093 209.788 -0.0182631 -0.0522831 0.998437 2.05025 -1.91351 10.6853 2.12149 53.4035 
5164402 -20.0498 -0.88632 209.987 -0.00124483 -0.00479089 0.999988 -20.9685 -2.44137 209.805 -0.0143501 -0.051705 0.998465 2.05456 -1.90518 10.7234 2.17694 53.3527 
5251615 -19.979 -1.95602 209.953 -0.00120337 -0.00466162 0.999988 -20.6852 -3.69608 209.71 -0.0103129 -0.050994 0.9986 2.05801 -1.898 10.7504 2.22951 53.3241 
5338764 -19.8348 -3.07819 209.929 -0.000883668 -0.00464935 0.999989 -20.5161 -4.60348 209.692 -0.00554548 -0.050425 0.998622 2.06174 -1.8911 10.7869 2.28438 53.2955 
5425979 -19.6335 -4.12636 209.918 -0.000569403 -0.00439444 0.99999 -19.9942 -5.73745 209.805 -0.00283782 -0.0484729 0.998759 2.06519 -1.8845 10.8266 2.33666 53.2733 
5514111 -19.3525 -5.21969 209.923 -9.70373e-005 -0.00411089 0.999992 -19.7044 -6.76515 209.798 0.000840473 -0.0470297 0.998819 2.06864 -1.87846 10.8695 2.39182 53.2638 
5601486 -19.0273 -6.2137 209.946 0.0004977 -0.00333677 0.999994 -19.5375 -7.9213 209.692 0.0055035 -0.0448557 0.998916 2.07266 -1.87214 10.9202 2.44151 53.2574 
5688669 -18.6497 -7.2901 209.936 0.000432456 -0.00322515 0.999995 -18.7787 -8.71441 209.769 0.00709973 -0.0440101 0.998935 2.07496 -1.86697 10.9409 2.49753 53.2543 
5775846 -18.2514 -8.27864 209.935 0.000276793 -0.0031167 0.999995 -18.3708 -9.74293 209.872 0.0101808 -0.0413337 0.998991 2.07668 -1.86209 10.9679 2.55039 53.2479 
5863167 -17.7871 -9.35253 209.932 0.00113485 -0.00451571 0.999989 -17.7395 -10.6667 209.85 0.0132524 -0.0395198 0.999017 2.07639 -1.86123 11.0044 2.60583 53.2447 
5951409 -17.1915 -10.2213 209.956 0.00155508 -0.00282074 0.999995 -17.1014 -11.3685 209.805 0.0158358 -0.0377007 0.999047 2.08185 -1.85462 11.033 2.65869 53.2432 
6038564 -16.5545 -11.1964 209.965 0.00329523 -0.00356629 0.999988 -16.3475 -12.3924 210.016 0.0178229 -0.0346354 0.999194 2.08357 -1.85405 11.0631 2.71442 53.24 
6125806 -15.9717 -12.0337 209.966 0.00196041 -0.00258971 0.999995 -15.8209 -13.1152 209.861 0.0202961 -0.0317097 0.999229 2.08501 -1.84773 11.079 2.76699 53.2368 
6213983 -15.7051 -12.88 209.963 0.00656212 -0.00367614 0.999972 -14.9361 -13.5613 210.013 0.0207891 -0.0312294 0.999173 2.09018 -1.85117 11.0742 2.78882 53.2432 
6301303 -15.2793 -13.279 209.921 0.0119097 -0.00548737 0.999914 -14.8461 -13.9369 209.936 0.0226554 -0.0280415 0.999308 2.09449 -1.85606 11.0361 2.80893 53.2463 
6388650 -14.864 -13.6097 209.846 0.0164935 -0.00736076 0.999837 -14.4087 -14.1715 209.957 0.0233962 -0.0271997 0.999212 2.09909 -1.86151 10.9631 2.82703 53.2463 
6475635 -14.3508 -14.0549 209.774 0.021299 -0.0091965 0.999731 -14.0805 -14.5325 209.878 0.0236556 -0.0258413 0.999311 2.10311 -1.86812 10.8901 2.85202 53.2511 
6563862 -13.7592 -14.5174 209.714 0.0258963 -0.0109807 0.999604 -13.4144 -14.7463 210.009 0.0238951 -0.026221 0.999226 2.10771 -1.87473 10.7726 2.88075 53.3019 
6651209 -13.1514 -14.9863 209.681 0.0300915 -0.0123895 0.99947 -12.8776 -15.3304 209.952 0.025496 -0.0249983 0.999328 2.11173 -1.88105 10.6615 2.91091 53.3702 
6738571 -12.5011 -15.421 209.648 0.0336187 -0.0130267 0.99935 -12.1955 -15.6798 209.982 0.0237978 -0.0239961 0.999358 2.11661 -1.88593 10.5345 2.9428 53.4464 
6825496 -11.7674 -15.8911 209.614 0.0373082 -0.013626 0.999211 -11.8447 -16.1635 209.915 0.021507 -0.0213835 0.999467 2.12178 -1.89168 10.3742 2.97871 53.5527 
6912856 -11.0403 -16.3413 209.592 0.0401184 -0.0143663 0.999092 -11.1634 -16.5156 209.835 0.0197982 -0.0213653 0.999479 2.12667 -1.89656 10.1662 3.01462 53.7178 
7000978 -10.2335 -16.7859 209.586 0.043039 -0.0145955 0.998967 -10.6093 -16.8469 209.755 0.0197757 -0.0234545 0.999457 2.13155 -1.90173 9.97251 3.05455 53.8877 
7088359 -9.40039 -17.1147 209.597 0.0459512 -0.0137799 0.998849 -9.72759 -17.2957 209.797 0.0205022 -0.0239608 0.999382 2.13816 -1.90604 9.7709 3.09391 54.0623 
7175366 -8.42967 -17.3736 209.585 0.0493381 -0.0121005 0.998709 -8.85481 -17.3897 209.803 0.0225464 -0.0268135 0.999301 2.14792 -1.91064 9.52325 3.13613 54.2433 
7262683 -7.54238 -17.6538 209.56 0.0520466 -0.0117808 0.998575 -7.76906 -17.7183 209.831 0.025457 -0.0285699 0.999218 2.15396 -1.91581 9.28671 3.17635 54.4227 
7350896 -6.6271 -17.9638 209.556 0.0546105 -0.0116279 0.99844 -6.80373 -18.1638 209.762 0.029094 -0.0308327 0.999061 2.15826 -1.92127 9.07399 3.22002 54.61 
7438363 -5.7384 -18.1784 209.569 0.0568074 -0.0109105 0.998326 -6.06865 -18.3706 209.782 0.0338262 -0.0333629 0.9988 2.16344 -1.92558 8.86761 3.26167 54.8021 
7525376 -4.78873 -18.3538 209.584 0.058824 -0.00969031 0.998221 -5.10588 -18.5856 209.8 0.0380772 -0.0352681 0.998599 2.16889 -1.92931 8.66441 3.30677 54.9894 
7612641 -3.87825 -18.4774 209.592 0.0605882 -0.00840468 0.998127 -4.14528 -18.707 209.696 0.0425783 -0.036569 0.998331 2.17406 -1.93247 8.47232 3.35015 55.164 
7700756 -2.89007 -18.5349 209.604 0.062872 -0.0065877 0.998 -3.06108 -18.702 209.801 0.0461111 -0.0371183 0.998114 2.1801 -1.93678 8.28818 3.3964 55.3307 
7787999 -1.93431 -18.5515 209.618 0.0649718 -0.00475038 0.997876 -1.99019 -18.842 209.695 0.0507554 -0.036561 0.998015 2.18613 -1.9408 8.09767 3.44093 55.5022 
7875257 -0.864906 -18.5126 209.629 0.0672029 -0.00237445 0.997737 -1.14745 -18.7278 209.791 0.0563671 -0.03666 0.99761 2.19274 -1.94511 7.89606 3.49063 55.68 
7962582 0.0424231 -18.4952 209.624 0.0699096 -0.00156048 0.997552 -0.0847416 -18.6324 209.774 0.0622288 -0.036263 0.997272 2.19647 -1.95057 7.69921 3.53314 55.8498 
8050786 1.09014 -18.4167 209.632 0.0720933 0.000300485 0.997398 0.981671 -18.4243 209.634 0.0677087 -0.0373317 0.996972 2.19992 -1.95373 7.51665 3.58514 56.0308 
8138414 2.25976 -18.2663 209.691 0.0656119 0.00128865 0.997844 2.04619 -18.4556 209.74 0.0733582 -0.0339803 0.996689 2.19848 -1.93764 7.42775 3.66213 56.1816 
8225118 3.22207 -17.9841 209.727 0.0685551 0.00516856 0.997634 3.59111 -18.0726 209.681 0.0757284 -0.0292197 0.996652 2.20538 -1.94396 7.31821 3.70723 56.3023 
8312446 4.13399 -17.7497 209.746 0.0712699 0.00756143 0.997428 4.58716 -17.7589 209.75 0.0770938 -0.0270364 0.99653 2.20882 -1.94942 7.20233 3.75147 56.4277 
8400622 5.13276 -17.4751 209.763 0.0724026 0.00998862 0.997325 5.45334 -17.4529 209.82 0.0804227 -0.02389 0.996411 2.21026 -1.95028 7.10072 3.80548 56.5483 
8487784 5.87836 -17.0675 209.783 0.0721248 0.0131288 0.997309 6.21377 -17.0442 209.769 0.0831379 -0.0209928 0.996202 2.21629 -1.94999 7.00389 3.84799 56.6388 
8575008 6.74031 -16.5475 209.816 0.0702237 0.0170998 0.997385 7.09361 -16.6495 209.716 0.085014 -0.0167254 0.996099 2.22261 -1.94712 6.93563 3.90171 56.715 
8662279 9.16698 -16.0797 209.863 0.0470954 0.00692402 0.998866 8.66523 -15.5476 209.461 0.0852414 -0.00700864 0.996288 2.18642 -1.88881 7.62936 4.09677 56.2324 
8749836 12.0968 -15.1995 209.864 0.0259087 0.00307489 0.99966 10.989 -14.3497 208.939 0.0526338 0.0131899 0.99846 2.13758 -1.85807 9.70264 4.3059 54.5163 
8837654 13.3816 -14.2896 209.945 0.00865655 -0.000187798 0.999963 12.5227 -13.0542 209.788 0.00993765 0.0153414 0.999697 2.12236 -1.84026 11.0171 4.41679 53.4432 
8924863 14.4988 -13.4342 209.972 0.00309288 0.000251836 0.999995 13.4736 -12.3571 210.044 -0.00727986 0.0149056 0.999766 2.10943 -1.83968 11.7045 4.49751 52.8955 
9012107 15.3067 -12.6291 209.998 0.000919261 0.000366811 1 14.352 -11.6698 210.19 -0.0168098 0.0142533 0.999671 2.1034 -1.83968 11.968 4.55899 52.6971 
9099369 16.0175 -11.7812 210.009 -8.98057e-005 0.000707139 1 15.0691 -10.7569 210.202 -0.0208625 0.0120728 0.99957 2.09995 -1.84026 12.0871 4.61615 52.6097 
9187601 16.6842 -10.8613 210.013 -0.000990402 0.00117699 0.999999 15.5457 -9.94543 210.337 -0.0230775 0.0103841 0.999646 2.09708 -1.84112 12.1791 4.67418 52.5335 
9275101 17.2682 -9.84816 210.006 -0.00122146 0.00290088 0.999995 16.0138 -9.16928 210.14 -0.0246832 0.00867596 0.999597 2.09564 -1.84399 12.2061 4.73221 52.5113 
9362032 17.7678 -8.95509 210.011 -0.00204189 0.000770436 0.999998 16.5941 -8.13563 210.252 -0.0258018 0.00684119 0.999556 2.09478 -1.84026 12.2045 4.78593 52.5129 
9449256 18.2291 -7.99816 210.012 -0.00207804 0.000411292 0.999998 17.0551 -7.3567 210.166 -0.0265424 0.00610782 0.999518 2.09363 -1.83968 12.1839 4.83965 52.5335 
9537493 18.651 -6.95588 210.012 -0.00186339 0.000502373 0.999998 17.5114 -6.45147 210.179 -0.0265543 0.0050025 0.999513 2.09277 -1.83968 12.1394 4.89595 52.578 
9624737 19.0248 -5.88729 210.013 -0.00171588 0.000541344 0.999998 17.8573 -5.65381 210.204 -0.0268127 0.00365705 0.999537 2.09162 -1.83968 12.1077 4.95283 52.6097 
9712124 19.2986 -4.86567 210.018 -0.00185244 0.000506797 0.999998 18.0857 -4.61652 210.317 -0.0260994 0.00181565 0.999604 2.09133 -1.83939 12.0759 5.00598 52.6415 
9799105 19.543 -3.82329 210.019 -0.00166639 0.000361272 0.999999 18.4397 -3.6053 210.208 -0.0270948 0.000100951 0.99955 2.09018 -1.83911 12.0458 5.05999 52.6717 
9887362 19.7323 -2.70507 210.017 -0.0016651 0.000420369 0.999999 18.5609 -2.57476 210.323 -0.0268613 -0.000885607 0.999531 2.08932 -1.83911 12.0156 5.11687 52.6971 
9974748 19.8477 -1.69744 210.026 -0.000946637 -0.00196475 0.999998 18.6766 -1.66828 210.337 -0.0262594 -0.00174175 0.999617 2.08846 -1.83595 11.9966 5.1703 52.7129 
10061977 19.9173 -0.521274 210.019 -0.00126299 -0.000325306 0.999999 18.6911 -0.411549 210.319 -0.0264099 -0.00432816 0.999526 2.08731 -1.83882 11.9775 5.22747 52.7288 
10149082 19.928 0.528805 210.023 -0.00116362 -0.000924274 0.999999 18.5813 0.493965 210.335 -0.0255602 -0.0048228 0.999572 2.08587 -1.83796 11.9775 5.28119 52.7288 
10237280 19.8728 1.6559 210.02 -0.00107363 -0.00132872 0.999999 18.5934 1.51607 210.34 -0.0256954 -0.00604819 0.999581 2.08444 -1.83738 11.9744 5.33864 52.7288 
10324650 19.7446 2.68841 210.017 -0.000943403 -0.00187513 0.999998 18.3732 2.65503 210.333 -0.0247356 -0.00764945 0.999621 2.08415 -1.83623 11.9521 5.3915 52.7399 
10411800 19.5554 3.81082 210.009 -0.000984225 -0.00146242 0.999998 18.2692 3.56738 210.35 -0.0245045 -0.00887875 0.999627 2.08329 -1.83681 11.9236 5.44809 52.7574 
10498866 19.3057 4.84207 210.014 -0.00109235 -0.00180864 0.999998 18.1718 4.60376 210.467 -0.0247639 -0.0102372 0.999529 2.083 -1.83623 11.9124 5.50181 52.7653 
10587122 18.9994 5.93065 210.009 -0.00139816 -0.00119592 0.999998 17.9527 5.62608 210.473 -0.0240422 -0.0112289 0.999506 2.08214 -1.83738 11.8902 5.55783 52.778 
10674553 18.6603 6.93036 210.01 -0.00138963 -0.000946009 0.999999 17.6111 6.48822 210.159 -0.0225704 -0.0106248 0.999552 2.08128 -1.83767 11.8616 5.61068 52.805 
10761608 18.2796 7.93793 209.988 -0.000676616 -0.00140015 0.999999 17.2859 7.52692 210.276 -0.0223406 -0.0119755 0.999571 2.08013 -1.83623 11.8315 5.66555 52.8114 
10848893 17.814 8.9622 209.979 -0.0010516 -0.000725026 0.999999 16.8389 8.4593 210.406 -0.0211379 -0.0137007 0.999622 2.07869 -1.83767 11.8172 5.72128 52.8177 
10937118 17.2683 9.96882 209.988 -0.00120495 -0.000939184 0.999999 16.1635 9.34377 210.205 -0.0196743 -0.0138378 0.999624 2.07783 -1.83767 11.8188 5.77903 52.8241 
11024584 16.7102 10.8826 209.991 -0.00123303 -0.0011179 0.999999 15.6095 10.3929 210.325 -0.0188436 -0.0160575 0.999609 2.07668 -1.83767 11.8204 5.83303 52.8272 
11111508 16.06 11.8019 210 -0.00107645 -0.00134007 0.999999 15.1684 11.1922 210.357 -0.0184845 -0.0166813 0.99955 2.07639 -1.8371 11.7966 5.88962 52.8526 
11198764 15.4065 12.6573 209.999 -0.00114075 -0.00128761 0.999999 14.379 11.9856 210.279 -0.0167841 -0.0175492 0.999628 2.07524 -1.83738 11.787 5.94363 52.8622 
11285977 14.6701 13.4974 210.002 -0.00117216 -0.00131742 0.999998 13.9367 12.6693 210.322 -0.0164191 -0.0176745 0.999638 2.07467 -1.83738 11.768 5.99965 52.8812 
11374237 13.9323 14.2552 210.008 -0.000878218 -0.00134196 0.999999 13.2621 13.4745 210.355 -0.014965 -0.0186741 0.99961 2.07409 -1.83681 11.7378 6.05308 52.913 
11461358 13.0545 15.0443 210.009 -0.00282688 -0.000465119 0.999996 12.3586 13.9342 210.425 -0.0132492 -0.0180725 0.999654 2.07381 -1.84054 11.7172 6.10967 52.9368 
11548636 12.2694 15.6787 210.02 -0.000732749 -0.00156138 0.999999 11.5727 14.8523 210.335 -0.0118094 -0.0204202 0.999647 2.07352 -1.83623 11.6965 6.16339 52.9574 
11635932 11.4877 16.3477 210.085 -0.00261985 -0.00102239 0.999996 10.7845 15.3047 210.294 -0.0105888 -0.0204333 0.999638 2.0695 -1.84112 11.7664 6.21481 52.9796 
11724113 10.5676 16.8239 210.114 -0.00168508 -0.00236186 0.999996 10.0172 15.9046 210.573 -0.0112003 -0.0205481 0.999655 2.07295 -1.83767 11.7235 6.26624 53.0241 
11811366 9.64716 17.3954 210.084 -0.000999004 -0.00189508 0.999998 9.11397 16.3559 210.533 -0.00961107 -0.0203223 0.999617 2.07237 -1.83652 11.6584 0.0390688 53.0495 
11898548 8.58053 17.9818 210.048 -0.000756525 -0.00123082 0.999999 8.09903 16.8881 210.369 -0.00799835 -0.0179944 0.999724 2.07065 -1.83652 11.6156 0.100257 53.0558 
11985754 7.60126 18.4304 210.031 -0.000530873 -0.00102059 0.999999 7.32736 17.5861 210.525 -0.00812041 -0.017993 0.999724 2.0695 -1.83623 11.5965 0.154839 53.0558 
12074056 6.53217 18.8383 210.019 -0.000575261 -0.00097462 0.999999 6.31247 18.1519 210.474 -0.00641157 -0.0180113 0.999712 2.06892 -1.83623 11.5791 0.212293 53.0558 
12161244 5.45157 19.1877 210.015 -0.000548109 -0.000996549 0.999999 5.19968 18.47 210.334 -0.00651593 -0.0164062 0.999787 2.06806 -1.83623 11.5743 0.26946 53.0558 
12248447 4.41732 19.4476 210.014 -0.000586999 -0.00122203 0.999999 4.06965 18.8281 210.418 -0.00456417 -0.0165485 0.999786 2.06777 -1.83623 11.5727 0.322892 53.0543 
12335629 3.37546 19.6379 210.013 -0.000188969 -0.00153356 0.999999 3.17888 19.1661 210.39 -0.0044373 -0.0160643 0.999733 2.06806 -1.83537 11.5695 0.376325 53.0511 
12423881 2.24086 19.8123 210.01 -0.000600326 -0.00161081 0.999999 2.16976 19.2844 210.384 -0.00382236 -0.0156938 0.999811 2.0672 -1.83623 11.568 0.433492 53.0495 
12511643 1.19382 19.8969 210.011 -0.000168142 -0.00174116 0.999998 0.931549 19.4171 210.493 -0.00247609 -0.015344 0.999762 2.0672 -1.83537 11.5616 0.486637 53.0511 
12598267 0.0738068 19.9374 210.01 0.000121603 -0.00168457 0.999999 -0.198096 19.5225 210.378 -0.00100432 -0.0147399 0.999808 2.06691 -1.8348 11.5489 0.542942 53.0558 
12685488 -0.997493 19.9183 210.011 0.000119194 -0.00172705 0.999999 -1.31757 19.6535 210.374 -0.000525532 -0.0156077 0.999774 2.06663 -1.8348 11.5394 0.596374 53.0638 
12773752 -2.13997 19.8266 210.008 -6.49257e-005 -0.00167191 0.999999 -2.45062 19.4158 210.295 0.000958092 -0.0138982 0.999824 2.06691 -1.8348 11.506 0.652966 53.0876 
12861206 -3.20535 19.6959 210.009 -0.000411347 -0.00165161 0.999999 -3.2286 19.3296 210.424 0.00058607 -0.0143927 0.999758 2.06634 -1.83537 11.4886 0.706111 53.105 
12948265 -4.30617 19.4871 210.008 -0.000512061 -0.00167367 0.999998 -4.35607 19.1139 210.456 0.0015696 -0.0137833 0.999807 2.06634 -1.83537 11.4664 0.761842 53.1193 
13035588 -5.35112 19.2211 210.009 -0.000798671 -0.00166084 0.999998 -5.37628 18.9984 210.363 0.00303895 -0.0134219 0.999879 2.06691 -1.83537 11.4219 0.814987 53.1543 
13123604 -6.42214 18.8948 210.01 -0.000641688 -0.00145838 0.999999 -6.41611 18.6537 210.406 0.00648276 -0.0110051 0.999837 2.06691 -1.8348 11.3933 0.871005 53.1765 
13211000 -7.43144 18.5283 210.006 -0.000741729 -0.00121466 0.999999 -7.42156 18.3094 210.338 0.00612844 -0.00989586 0.999844 2.06691 -1.83451 11.3552 0.924437 53.2051 
13298128 -8.46429 18.0804 210.009 -0.00077317 -0.00143258 0.999999 -8.44973 17.8497 210.283 0.00809807 -0.00832593 0.999783 2.06691 -1.8348 11.3457 0.980455 53.213 
13385406 -9.40369 17.5916 210.013 -0.000340523 -0.00151919 0.999999 -9.35412 17.3048 210.458 0.00884452 -0.00709412 0.999891 2.06749 -1.83422 11.3394 1.0336 53.2162 
13473607 -10.3684 17.0476 210.014 0.000433863 -0.000838321 1 -10.4914 16.8402 210.293 0.0104409 -0.0061401 0.999775 2.0672 -1.8325 11.3314 1.09019 53.2162 
13561079 -11.2809 16.4781 210.007 0.000563463 -0.000578854 1 -11.2862 16.2834 210.358 0.0113072 -0.00504392 0.999774 2.06663 -1.83221 11.3235 1.1442 53.2162 
13648036 -12.1861 15.8179 210.008 0.00102518 -0.000250142 0.999999 -12.0718 15.6002 210.323 0.0109575 -0.00355761 0.999864 2.06663 -1.83135 11.3203 1.20079 53.2162 
13735242 -13.0092 15.1471 210.01 0.00163562 0.00052471 0.999999 -12.9781 15.0527 210.389 0.0118143 -0.003324 0.999831 2.06663 -1.82963 11.3124 1.25509 53.2193 
13822477 -13.8296 14.3971 210.013 0.00158543 0.000705455 0.999998 -13.6555 14.2586 210.366 0.0117066 -0.00197462 0.999811 2.06691 -1.82934 11.2886 1.31053 53.2368 
13910729 -14.5624 13.6455 210.013 0.00159455 0.00112242 0.999998 -14.5743 13.5722 210.333 0.0136808 -2.7623e-005 0.999832 2.06749 -1.82848 11.2536 1.3631 53.2606 
13997872 -15.3379 12.7974 210.002 0.00106669 0.00123774 0.999999 -15.2562 12.88 210.298 0.014194 0.00229917 0.999825 2.0672 -1.82877 11.2139 1.41998 53.2844 
14085147 -15.9873 11.9616 210.003 0.00116999 0.00166611 0.999998 -15.9359 11.9601 210.287 0.0142249 0.00523805 0.999757 2.06777 -1.8279 11.1885 1.47312 53.3019 
14172373 -16.6655 10.9829 209.999 0.000452797 -0.00020423 1 -16.5051 11.0458 210.275 0.0143707 0.00744739 0.999765 2.06835 -1.83164 11.1695 1.52972 53.3194 
14260661 -17.1975 10.1162 210.008 0.00107104 0.00133895 0.999999 -17.066 10.2465 210.14 0.0136442 0.00795367 0.99984 2.06864 -1.82877 11.16 1.58257 53.3289 
14347766 -17.7466 9.14354 210.009 0.000919622 0.00154483 0.999998 -17.6342 9.48521 210.338 0.0140128 0.0081925 0.999811 2.06835 -1.82877 11.1457 1.63859 53.3432 
14434981 -18.2173 8.17319 210.011 0.000839993 0.00138666 0.999999 -18.0895 8.34545 210.349 0.0136727 0.0106498 0.999797 2.06835 -1.82934 11.1362 1.69231 53.3511 
14522358 -18.637 7.17359 210.009 0.000781229 0.00140043 0.999999 -18.5409 7.20757 210.25 0.0128279 0.0116299 0.9997 2.06835 -1.82963 11.125 1.74632 53.3559 
14610518 -19.0202 6.09598 210.01 0.00066957 0.00110761 0.999999 -18.879 6.20081 210.359 0.0121086 0.0128645 0.999697 2.06835 -1.83049 11.1123 1.80291 53.367 
14697666 -19.3152 5.02472 210.012 0.000874915 0.00137944 0.999999 -19.2122 5.19118 210.356 0.0107694 0.0131345 0.999802 2.06892 -1.8302 11.1076 1.85864 53.367 
14784912 -19.5643 3.9864 210.01 0.000785504 0.00145304 0.999999 -19.3256 4.1748 210.353 0.00980012 0.0138732 0.999732 2.06864 -1.83049 11.1012 1.91207 53.3686 
14872140 -19.7519 2.92493 210.009 0.000769151 0.00116689 0.999999 -19.792 3.16784 210.352 0.0107778 0.0139841 0.999712 2.06864 -1.83135 11.0933 1.96551 53.3733 
14960379 -19.8863 1.81683 210.013 0.000769426 0.00152707 0.999999 -19.9009 2.15467 210.348 0.00931772 0.0143769 0.999805 2.06864 -1.83106 11.0885 2.02181 53.3749 
15047687 -19.9509 0.742872 210.015 0.000811238 0.00137469 0.999999 -19.7864 0.893985 210.256 0.00750349 0.0159873 0.999771 2.06892 -1.83164 11.0774 2.07524 53.3813 
15134769 -19.9559 -0.391697 210.013 0.000838668 0.00123084 0.999999 -19.9045 -0.214713 210.375 0.00701525 0.0159925 0.999775 2.06921 -1.83221 11.0647 2.13155 53.3876 
15222189 -19.9094 -1.46142 210.008 0.000816429 0.0012907 0.999999 -19.9164 -1.47631 210.284 0.00679021 0.0178287 0.999703 2.06921 -1.8325 11.0568 2.18498 53.3876 
15310239 -19.7847 -2.57255 210.011 0.000915646 0.00150409 0.999998 -19.8045 -2.48449 210.39 0.00570112 0.018703 0.999742 2.06979 -1.8325 11.0488 2.24071 53.3908 
15397681 -19.634 -3.63858 210.006 0.000731298 0.00142937 0.999999 -19.5808 -3.49884 210.384 0.00448173 0.0188374 0.999738 2.06921 -1.83307 11.0393 2.29443 53.3924 
15484747 -19.3967 -4.73801 210.008 0.000793123 0.00140906 0.999999 -19.3605 -4.50976 210.378 0.0036249 0.0186038 0.99977 2.06921 -1.83365 11.0361 2.35045 53.394 
15571923 -19.1197 -5.7815 210.009 0.000870152 0.00125441 0.999999 -19.1379 -5.52747 210.372 0.00253117 0.0191011 0.999727 2.06892 -1.83451 11.0346 2.40417 53.394 
15660159 -18.7534 -6.83798 210.011 0.000984127 0.00137003 0.999999 -18.8024 -6.66699 210.267 0.00106886 0.0193595 0.999711 2.0695 -1.8348 11.025 2.4599 53.3987 
15747602 -18.3975 -7.95118 209.991 0.00104983 -0.000396073 0.999999 -18.4751 -7.69047 210.26 0.000713332 0.0203474 0.999732 2.06634 -1.83882 11.0155 2.51649 53.4035 
15834624 -17.9047 -8.85473 210.006 0.00102978 0.00115865 0.999999 -18.1411 -8.69526 210.364 -0.000260742 0.0206006 0.999713 2.06921 -1.83623 11.006 2.56877 53.4067 
15922634 -17.415 -9.78738 210.003 0.000956425 0.00126046 0.999999 -17.5755 -9.6096 210.232 -0.00221731 0.0202573 0.999766 2.06921 -1.83652 10.9965 2.62135 53.4098 
16008990 -16.82 -10.7387 210.006 0.000871066 0.0015934 0.999998 -17.0114 -10.4967 210.323 -0.00381234 0.0195331 0.999734 2.07007 -1.83623 10.9806 2.67765 53.421 
16097553 -16.2033 -11.602 210.017 0.00128636 0.001175 0.999998 -16.224 -11.4095 210.302 -0.00551637 0.0200369 0.999695 2.07065 -1.83767 10.9584 2.72878 53.4479 
16184503 -15.5452 -12.5254 210.011 0.00121393 0.000808489 0.999999 -15.8977 -12.0726 210.259 -0.00541459 0.0180806 0.99978 2.0695 -1.83882 10.9488 2.78653 53.4527 
16271781 -14.8511 -13.3455 210.009 0.00128515 0.000618665 0.999999 -14.992 -12.9702 210.348 -0.00773476 0.0180925 0.999676 2.06921 -1.83968 10.9361 2.84025 53.4622 
16358880 -14.0455 -14.1582 210.01 0.00151825 0.000572669 0.999999 -14.3195 -13.7583 210.314 -0.00896378 0.0172559 0.999775 2.0695 -1.84054 10.925 2.89626 53.4702 
16447227 -13.2944 -14.8563 210.021 0.0015203 0.00078021 0.999999 -13.6574 -14.7841 210.306 -0.00932154 0.0181095 0.999687 2.06979 -1.84083 10.9187 2.94768 53.4813 
16534415 -12.4311 -15.5968 210.02 0.00170717 0.000678148 0.999998 -12.7528 -15.216 210.347 -0.0110553 0.0157957 0.999703 2.06921 -1.84198 10.9187 3.00456 53.4829 
16621682 -11.5848 -16.2522 210.012 0.00110906 0.000788209 0.999999 -11.9769 -16.0024 210.424 -0.0112982 0.0159197 0.999692 2.06892 -1.84141 10.8996 3.06001 53.486 
16708870 -10.6397 -16.8975 210.012 0.000951212 0.00085392 0.999999 -10.9673 -16.8184 210.278 -0.0128802 0.0164222 0.999652 2.06864 -1.84169 10.8933 3.11746 53.4876 
16797000 -9.72709 -17.4544 210.004 0.000289305 0.000905301 1 -10.0695 -17.255 210.318 -0.0138757 0.0145991 0.999732 2.06806 -1.84112 10.8822 3.17176 53.4876 
16884243 -8.72327 -17.9634 210.009 -5.06839e-005 0.00118328 0.999999 -9.06347 -17.7124 210.247 -0.0146188 0.013623 0.99972 2.06835 -1.84083 10.8806 3.22864 53.4876 
16971543 -7.77694 -18.3773 210.017 -0.000501028 0.00153744 0.999999 -8.17164 -18.1416 210.399 -0.0148771 0.0122775 0.999743 2.06892 -1.84026 10.879 3.28092 53.4892 
17058999 -6.76395 -18.7848 210.02 -0.00102689 0.00141171 0.999998 -7.0427 -18.6095 210.327 -0.0168301 0.0122984 0.999757 2.06835 -1.83997 10.871 3.33636 53.4956 
17147063 -5.69487 -19.1331 210.02 -0.00153627 0.00105262 0.999998 -6.03667 -18.9571 210.244 -0.0174499 0.0114423 0.999731 2.06835 -1.83939 10.8361 3.39324 53.5226 
17234275 -4.60168 -19.4294 210.01 -0.00163955 0.000746319 0.999998 -5.03302 -19.1704 210.261 -0.0175944 0.00935438 0.99971 2.06806 -1.83968 10.8171 3.45012 53.5289 
17321451 -3.55851 -19.6464 210.011 -0.00185019 0.000437396 0.999998 -4.49222 -19.3654 210.502 -0.0157732 0.0083638 0.9998 2.06777 -1.83968 10.798 3.50413 53.5432 
17408662 -2.39591 -19.8094 210.004 -3.13494e-005 0.000377523 1 -3.02034 -19.8532 210.318 -0.0186988 0.00886768 0.999648 2.06777 -1.84342 10.7837 3.5613 53.5511 
17496940 -1.3742 -19.9342 210.008 -0.00167622 -5.68294e-005 0.999999 -1.7809 -19.8624 210.197 -0.0200593 0.00716985 0.999718 2.06691 -1.84083 10.7742 3.61501 53.5575 
17584160 -0.249814 -19.9769 210.01 -0.0018505 -0.000212969 0.999998 -0.775083 -19.8571 210.19 -0.0202003 0.00544601 0.999658 2.06691 -1.84083 10.7631 3.67161 53.567 
17671299 0.819799 -19.9564 210.006 -0.00159205 -0.000219518 0.999999 0.228614 -19.8672 210.072 -0.0202146 0.00409795 0.999679 2.06691 -1.84169 10.7567 3.72504 53.5718 
17758473 1.88963 -19.8744 210.009 -0.00180826 -0.000179517 0.999998 1.34893 -19.8509 210.285 -0.0204635 0.00361506 0.999733 2.0672 -1.84169 10.7552 3.77905 53.5734 
17846739 3.01353 -19.732 210.011 -0.0015861 -0.000129365 0.999999 2.46741 -19.7394 210.265 -0.0205998 0.0022683 0.999755 2.0672 -1.84255 10.752 3.83564 53.5765 
17934004 4.12833 -19.5187 210.012 -0.00153045 -7.28147e-006 0.999999 3.46863 -19.5109 210.234 -0.0200096 0.000415253 0.999702 2.06749 -1.84313 10.7504 3.89252 53.5781 
18021164 5.14512 -19.2677 210.014 -0.00163559 -2.60774e-005 0.999999 4.59152 -19.2975 210.202 -0.0205015 5.63535e-005 0.999745 2.06749 -1.84342 10.7504 3.94538 53.5781 
18108366 6.18349 -18.9759 210.01 -0.00144148 -0.000199574 0.999999 5.71411 -18.9391 210.381 -0.02064 -0.00142474 0.999658 2.06663 -1.84428 10.7488 3.99967 53.5781 
18195630 7.25231 -18.603 210.011 -0.00151015 -0.000425097 0.999999 6.72107 -18.7341 210.238 -0.0207681 -0.0020303 0.999724 2.06605 -1.84457 10.7472 4.05684 53.5781 
18284068 8.23509 -18.1939 210.01 -0.00144768 -0.000471353 0.999999 7.72309 -18.2775 210.295 -0.0199268 -0.00326614 0.999726 2.06576 -1.84514 10.7456 4.11027 53.5781 
18371127 9.24462 -17.6965 210.01 -0.00127793 -0.000328354 0.999999 8.61478 -17.9507 210.252 -0.0194421 -0.00363548 0.999761 2.06576 -1.846 10.744 4.16657 53.5781 
18458273 10.18 -17.1755 210.009 -0.0014589 -0.000471493 0.999999 9.7422 -17.3962 210.186 -0.0200665 -0.0048686 0.999653 2.06576 -1.846 10.7409 4.22058 53.5781 
18545536 11.1377 -16.5672 210.009 -0.00144222 -0.000415127 0.999999 10.5164 -16.824 210.231 -0.0186173 -0.00635371 0.999676 2.06576 -1.84658 10.7409 4.27746 53.5781 
18633957 12.0158 -15.9555 210.008 -0.00144659 -0.000646522 0.999999 11.5311 -16.1586 210.153 -0.0189953 -0.00745511 0.999674 2.06519 -1.84686 10.7393 4.33147 53.5781 
18721015 12.8838 -15.237 210.009 -0.00149059 -0.000441086 0.999999 12.3143 -15.4778 210.187 -0.0183981 -0.00868834 0.999678 2.06576 -1.84744 10.7377 4.38777 53.5781 
18808318 13.692 -14.5213 210.007 -0.00136297 -0.000354795 0.999999 13.323 -14.8051 210.219 -0.0180379 -0.00929912 0.99974 2.06548 -1.8483 10.7377 4.44178 53.5781 
18895369 14.4888 -13.7362 210.007 -0.0014146 -0.000502074 0.999999 13.9912 -14.1297 210.255 -0.0170673 -0.00980802 0.999663 2.06519 -1.84859 10.7377 4.49809 53.5781 
18983870 15.2079 -12.9402 210.007 -0.0012922 -0.000396919 0.999999 14.7723 -13.3532 210.165 -0.0162213 -0.0106668 0.999748 2.0649 -1.84945 10.7377 4.5518 53.5781 
19070871 15.9233 -12.06 210.005 -0.00126087 -0.000416008 0.999999 15.6764 -12.4646 210.064 -0.0164772 -0.0117695 0.999745 2.06461 -1.85002 10.7377 4.60868 53.5781 
19158178 16.5481 -11.1907 210.003 -0.00129869 -0.000368624 0.999999 16.2396 -11.4331 210.176 -0.0157626 -0.0133811 0.999665 2.06461 -1.8506 10.7377 4.66212 53.5781 
19245385 17.1457 -10.2369 210.007 -0.00145626 -0.000403554 0.999999 16.7936 -10.6384 210.31 -0.0142968 -0.0133838 0.999776 2.0649 -1.85089 10.7377 4.71842 53.5781 
19333498 17.6701 -9.31732 210.007 -0.00152097 -0.000713236 0.999999 17.3482 -9.766 210.1 -0.0130786 -0.0136396 0.999793 2.06461 -1.85089 10.7377 4.77185 53.5781 
19420733 18.1663 -8.29405 210.008 -0.00157933 -0.000476 0.999999 18.0345 -8.75325 210.1 -0.0137006 -0.01463 0.999658 2.0649 -1.85175 10.7377 4.82845 53.5781 
19508030 18.5922 -7.31498 210.006 -0.00155475 -0.000508438 0.999999 18.3644 -7.73805 210.101 -0.0120002 -0.0154979 0.999737 2.06461 -1.85232 10.7377 4.88188 53.5781 
19595263 18.9665 -6.25668 210.007 -0.00163192 -0.000437058 0.999999 18.8126 -6.72626 210.103 -0.0110308 -0.0161281 0.999673 2.0649 -1.8529 10.7345 4.9379 53.5813 
19683551 19.2613 -5.22356 210.007 -0.00164543 -5.80714e-007 0.999999 19.1549 -5.7191 210.105 -0.0106646 -0.0161321 0.99967 2.06548 -1.85405 10.7218 4.99104 53.5924 
19770662 19.5436 -4.11977 210 -0.00136733 0.000772762 0.999999 19.2604 -4.59051 210.096 -0.00872005 -0.0170026 0.999747 2.06461 -1.85634 10.7171 5.04735 53.5972 
19857868 19.7208 -3.07457 209.998 -0.00138956 0.000872376 0.999999 19.6049 -3.70014 210.109 -0.00871301 -0.0163827 0.999803 2.0649 -1.85692 10.7028 5.10049 53.6083 
19945136 19.8702 -1.95875 209.992 -0.00111485 0.00118041 0.999999 19.6054 -2.44395 210.202 -0.00726238 -0.0176381 0.999679 2.06433 -1.85807 10.6821 5.1568 53.6242 
20032405 19.9442 -0.899492 209.991 -0.00102643 0.00121537 0.999999 19.7154 -1.43442 210.204 -0.00591869 -0.0176395 0.999791 2.06404 -1.85864 10.6694 5.21023 53.6353 
20120646 19.9699 0.172237 209.992 -0.000773013 0.000807673 0.999999 19.7205 -0.313788 210.197 -0.00518512 -0.0175259 0.999773 2.06347 -1.85835 10.6551 5.26481 53.648 
20207738 19.9151 1.27986 209.998 -0.000763743 2.14971e-006 1 19.729 0.810195 210.189 -0.00482135 -0.0177726 0.999796 2.06375 -1.85721 10.6504 5.3214 53.6527 
20295344 19.8188 2.43326 209.99 -0.000945647 0.00144828 0.999999 19.7286 1.80001 210.082 -0.00371215 -0.0168004 0.999805 2.06289 -1.86065 10.6456 5.378 53.6591 
20382272 19.6593 3.45193 210.004 -0.000329536 -0.000855629 1 19.3876 3.04675 210.065 -0.00164899 -0.0179279 0.999785 2.06318 -1.85634 10.6361 5.43258 53.6686 
20470766 19.4099 4.59658 210 -0.000645789 9.63485e-005 1 19.2766 3.8231 210.094 -0.000779104 -0.0164676 0.999745 2.06318 -1.85864 10.6282 5.49032 53.6765 
20557623 19.1597 5.57979 210.009 0.000412439 -0.00163927 0.999999 18.9411 4.96601 210.2 0.000679601 -0.0170902 0.999799 2.0626 -1.85519 10.6155 5.54404 53.6892 
20645132 18.7516 6.59616 210.02 -0.00056395 -0.00172328 0.999998 18.6048 6.08307 210.085 0.00201762 -0.0174816 0.999707 2.06576 -1.85548 10.6139 5.59776 53.6908 
20732243 18.4288 7.64317 210.008 0.000832799 -0.00173119 0.999998 18.1623 7.09625 210.091 0.00275342 -0.0172337 0.999797 2.06203 -1.85548 10.6059 5.65464 53.6988 
20820365 17.9885 8.6152 210.007 0.000957514 -0.00151667 0.999998 17.8315 7.99272 210.11 0.00337197 -0.0164991 0.999836 2.06174 -1.85606 10.5964 5.70836 53.7083 
20907640 17.4864 9.63225 210 0.00128202 -0.00118383 0.999998 17.2707 9.01079 210.119 0.00483446 -0.0166491 0.999717 2.06031 -1.85692 10.5948 5.76581 53.7099 
20994734 16.9355 10.5563 209.998 0.00121147 -0.000922859 0.999999 16.8237 9.7975 210.15 0.00581918 -0.0159183 0.999753 2.06002 -1.85778 10.5932 5.81982 53.7115 
21082062 16.3024 11.4939 210.001 0.00131537 -0.00105549 0.999999 16.2711 10.9203 210.036 0.00642124 -0.016666 0.999705 2.06002 -1.85778 10.5948 5.87698 53.7115 
21170490 15.6587 12.3434 210.001 0.00133036 -0.00107076 0.999999 15.602 11.7047 210.068 0.00728975 -0.0154355 0.999812 2.06002 -1.85807 10.5948 5.9307 53.7115 
21257516 14.9384 13.2182 209.999 0.001377 -0.000812796 0.999999 14.9296 12.4985 210.101 0.00851275 -0.0152058 0.999777 2.05916 -1.85893 10.598 5.98787 53.7115 
21344620 14.2003 13.9926 210.002 0.00137678 -0.000850456 0.999999 14.2594 13.1743 210.146 0.00937783 -0.014231 0.999789 2.05916 -1.85922 10.6012 6.04188 53.7115 
21431935 13.3895 14.7706 210.008 0.00142398 -0.000785091 0.999999 13.4767 13.9552 210.069 0.0103591 -0.013756 0.999729 2.05858 -1.85979 10.6091 6.09876 53.7115 
21520440 12.5744 15.4693 210.008 0.00121854 -0.000524833 0.999999 12.7004 14.6474 210.225 0.0107323 -0.0131401 0.999783 2.05801 -1.86094 10.6139 6.15276 53.7115 
21607379 11.6782 16.1564 210.009 0.00125575 -0.000419246 0.999999 11.9134 15.303 210.049 0.0119612 -0.0124119 0.999818 2.05743 -1.86151 10.6186 6.20993 53.7099 
21694945 10.7905 16.7546 210.006 0.00122353 -0.000355966 0.999999 10.9041 15.9776 209.985 0.0131842 -0.0121822 0.999783 2.05715 -1.86209 10.6218 6.26394 53.7067 
21781972 9.82975 17.348 210.007 0.00132107 -0.000237856 0.999999 10.1289 16.6641 210.142 0.0134414 -0.0109581 0.999773 2.05628 -1.86266 10.6297 0.0379197 53.7035 
21870096 8.90546 17.8422 210.005 0.00148719 -0.000131957 0.999999 9.23907 17.2138 210.09 0.0137022 -0.00936994 0.999724 2.05571 -1.86295 10.6313 0.0910648 53.702 
21957250 7.86847 18.3233 210.007 0.00116025 -9.49548e-005 0.999999 8.22974 17.7693 210.038 0.0148126 -0.00827637 0.999721 2.05542 -1.8641 10.644 0.148232 53.694 
22044527 6.89365 18.7232 210.005 0.00146324 -0.000135735 0.999999 7.34335 18.3223 209.984 0.0147046 -0.00703542 0.999835 2.05485 -1.8641 10.6567 0.201664 53.6813 
22131748 5.8197 19.078 210.006 0.00147286 -0.000306801 0.999999 6.10388 18.6713 210.069 0.0164231 -0.0060827 0.999718 2.05513 -1.86439 10.6663 0.258256 53.6734 
22219864 4.79758 19.3647 210.004 0.00158976 -0.00025475 0.999999 5.22209 19.1145 210.028 0.0157026 -0.00496955 0.999729 2.05485 -1.86467 10.671 0.311689 53.6686 
22307109 3.7003 19.6047 210.005 0.00166433 -0.000295892 0.999999 3.9859 19.2242 210.136 0.0168319 -0.00215084 0.999786 2.05485 -1.86496 10.679 0.367994 53.6623 
22394374 2.64422 19.7786 210.003 0.00151039 -0.000256271 0.999999 2.87323 19.4382 210.009 0.0165972 -0.00128565 0.999819 2.05456 -1.86582 10.6885 0.421426 53.6543 
22481619 1.51242 19.8981 210.003 0.00130098 -0.000263098 0.999999 1.76002 19.8068 210.204 0.0168413 -0.00128826 0.999817 2.05456 -1.86669 10.6932 0.478018 53.6496 
22568879 0.445205 19.9523 210.004 0.001368 -0.000221882 0.999999 0.640539 19.7922 210.101 0.0171021 0.00029994 0.999768 2.05456 -1.86697 10.6948 0.531451 53.648 
22657025 -0.691502 19.947 210.003 0.00128629 -0.0001741 0.999999 -0.474405 19.8918 209.987 0.0169931 0.00152794 0.999761 2.05456 -1.86755 10.6948 0.588043 53.648 
22744261 -1.7582 19.8898 210.002 0.0010956 -9.79839e-005 0.999999 -1.58853 19.7932 210.118 0.0167621 0.00275725 0.999754 2.05427 -1.86841 10.6964 0.641188 53.648 
22831635 -2.91954 19.7511 209.993 -0.000503884 -0.000423709 1 -2.70672 19.6789 210.027 0.0167657 0.00312137 0.999715 2.05399 -1.87214 10.698 0.697781 53.6464 
22918736 -3.93816 19.5633 210 0.000633531 -0.00034856 1 -3.82752 19.4495 210.059 0.0170323 0.00520802 0.999736 2.05485 -1.87013 10.698 0.750351 53.6464 
23006866 -5.03656 19.3213 210 0.000352324 -0.000292241 1 -4.70789 19.3479 210.077 0.0155676 0.00522369 0.999747 2.05427 -1.87128 10.7012 0.806369 53.6448 
23094151 -6.06226 19.0254 210.001 2.53733e-005 -0.000433534 1 -5.82629 19.131 210.109 0.0155758 0.00596489 0.99979 2.05427 -1.87243 10.7012 0.859227 53.6448 
23181383 -7.14411 18.6171 209.999 -0.00180628 -0.00142103 0.999997 -6.71444 18.6721 210.052 0.0144915 0.00732471 0.999777 2.05427 -1.87703 10.7028 0.915245 53.6448 
23268603 -8.11335 18.2318 210.006 -0.000532026 -0.00100598 0.999999 -7.72458 18.2298 210.107 0.0146243 0.00830735 0.999794 2.05485 -1.87473 10.7028 0.968102 53.6448 
23356860 -9.13146 17.7431 210.007 -0.000654318 -0.00115097 0.999999 -8.84609 18.0102 210.027 0.014866 0.00806199 0.999818 2.05485 -1.87559 10.7028 1.02441 53.6448 
23443995 -10.0536 17.2185 210.009 -0.000849569 -0.00140334 0.999999 -9.96787 17.3369 210.107 0.0147654 0.0101396 0.99972 2.05485 -1.87674 10.7044 1.07755 53.6448 
23531360 -10.9686 16.6691 210.01 -0.000822599 -0.00131207 0.999999 -10.8606 16.7891 210.172 0.0141585 0.0104018 0.99982 2.05427 -1.87731 10.7075 1.13098 53.6432 
23618557 -11.9106 16.0308 210.01 -0.00102999 -0.00139745 0.999998 -11.8703 16.2133 210.018 0.0139228 0.0112541 0.999731 2.0537 -1.87846 10.7075 1.18758 53.6432 
23706752 -12.798 15.357 210.013 -0.000110484 -0.000839855 1 -12.6526 15.5443 210.095 0.0133256 0.0124873 0.999727 2.05427 -1.87674 10.7075 1.24331 53.6432 
23794004 -13.5966 14.6542 210.018 0.000610083 -0.00022443 1 -13.4281 14.8819 210.171 0.0119888 0.0130001 0.999806 2.05456 -1.8753 10.7091 1.29731 53.6416 
23881630 -14.3414 13.9137 210.022 0.00131417 0.000498953 0.999999 -14.2137 14.1077 210.26 0.0116286 0.0136109 0.999744 2.05513 -1.87358 10.7059 1.35075 53.6416 
23968384 -15.0967 13.0961 210.015 0.00153027 0.00113686 0.999998 -15.0011 13.2933 210.016 0.0111522 0.0147214 0.999753 2.05513 -1.87272 10.6964 1.40705 53.6416 
24056648 -15.778 12.2462 210.011 0.0014408 0.00100417 0.999998 -15.5543 12.5024 209.992 0.00969697 0.0155997 0.999794 2.05571 -1.87329 10.6901 1.46106 53.6416 
24143863 -16.4322 11.3498 210.011 0.00169635 0.001578 0.999997 -16.4642 11.6304 210.205 0.0106795 0.0161961 0.999722 2.056 -1.87243 10.6869 1.51708 53.6416 
24231190 -17.0201 10.4514 210.01 0.00140299 0.00133855 0.999998 -17.0216 10.6034 210.093 0.00934866 0.0173158 0.999737 2.056 -1.87358 10.6821 1.57022 53.6416 
24318236 -17.563 9.47867 210.011 0.00153765 0.00140451 0.999998 -17.4621 9.83225 210.179 0.00788274 0.0172101 0.99976 2.05686 -1.87358 10.6774 1.62567 53.6416 
24406557 -18.0511 8.52401 210.01 0.00119523 0.00120908 0.999999 -18.0264 8.92435 210.056 0.0073969 0.017458 0.999738 2.05657 -1.87473 10.671 1.6791 53.6432 
24493738 -18.5133 7.475 210.007 0.00107342 0.00121003 0.999999 -18.4792 7.79709 210.067 0.00679846 0.0185699 0.999747 2.05657 -1.8753 10.6678 1.73626 53.6432 
24581307 -18.8926 6.47097 210.007 0.00101827 0.00133469 0.999999 -18.931 6.91621 210.165 0.00642987 0.0183311 0.999776 2.05657 -1.87559 10.6663 1.78998 53.6448 
24668237 -19.231 5.38988 210.008 0.000928481 0.00132307 0.999999 -19.2686 5.77825 210.065 0.00533976 0.0191924 0.999693 2.05657 -1.87617 10.6647 1.84658 53.6464 
24755541 -19.4882 4.34805 210.009 0.000906672 0.00125399 0.999999 -19.6145 4.66735 210.185 0.0053456 0.0196909 0.999762 2.05686 -1.87674 10.6615 1.90001 53.6464 
24843643 -19.7043 3.24291 210.008 0.000827908 0.00151671 0.999999 -19.6013 3.64466 210.071 0.00265925 0.0197066 0.999661 2.05686 -1.87674 10.6583 1.9566 53.6464 
24931293 -19.8493 2.18004 210.008 0.000736352 0.0013497 0.999999 -19.8321 2.54055 210.191 0.00228946 0.0193464 0.999702 2.05686 -1.8776 10.6567 2.01003 53.6464 
25018128 -19.9469 1.05829 210.009 0.000547848 0.00149561 0.999999 -19.9464 1.40697 210.088 0.00119212 0.0194796 0.999697 2.05657 -1.87789 10.6536 2.06663 53.6464 
25106570 -19.9594 -0.0212628 210.01 0.000744695 0.00134914 0.999999 -20.1838 0.170933 210.109 0.00132123 0.0200981 0.999753 2.05743 -1.87846 10.652 2.12006 53.6464 
25193591 -19.9443 -1.15686 210.01 0.000504513 0.0012432 0.999999 -20.0662 -0.939037 210.227 -0.000511907 0.0199833 0.999658 2.05686 -1.87933 10.6488 2.17665 53.6464 
25280751 -19.8136 -2.20584 210.012 0.000804469 0.000942358 0.999999 -19.9607 -2.07622 210.122 -0.00124083 0.0202469 0.999759 2.05801 -1.88019 10.6424 2.22922 53.6464 
25368007 -19.677 -3.32151 210.01 0.000466774 0.000983054 0.999999 -19.7324 -2.97159 210.105 -0.00283586 0.0195227 0.999727 2.05715 -1.88076 10.6393 2.28581 53.6464 
25455253 -19.4795 -4.3766 210.01 0.000243961 0.000984766 0.999999 -19.5122 -4.20055 210.234 -0.00380632 0.02014 0.999669 2.05657 -1.88134 10.6377 2.33982 53.6464 
25543391 -19.1952 -5.46999 210.01 0.000188506 0.00119626 0.999999 -19.4123 -5.21978 210.117 -0.00381114 0.0196545 0.999721 2.05686 -1.88134 10.6345 2.39641 53.6464 
25630679 -18.8945 -6.49505 210.009 1.09575e-005 0.000928812 1 -19.0758 -6.23081 210.11 -0.00515741 0.0193047 0.99977 2.056 -1.88249 10.6345 2.44984 53.6464 
25717890 -18.4917 -7.55066 210.008 -5.69408e-005 0.00112444 0.999999 -18.6334 -7.24624 210.104 -0.0058908 0.0192996 0.999654 2.05628 -1.88249 10.6313 2.50644 53.6464 
25805141 -18.068 -8.51928 210.01 -0.000211257 0.00132557 0.999999 -18.3016 -8.24311 210.207 -0.00662917 0.0187006 0.999724 2.05628 -1.88249 10.6297 2.55958 53.6464 
25893555 -17.5495 -9.51881 210.009 -0.000239329 0.0014815 0.999999 -17.7394 -9.38506 210.1 -0.00845767 0.0189629 0.999712 2.05686 -1.88249 10.6234 2.61589 53.6464 
25980557 -17.0194 -10.4474 210.01 -0.000364791 0.00143667 0.999999 -17.0694 -10.2744 210.19 -0.00944119 0.0183535 0.999662 2.05657 -1.88306 10.6234 2.66932 53.6464 
26067925 -16.4227 -11.3394 210.011 -0.000404382 0.00160221 0.999999 -16.629 -11.0708 210.047 -0.009817 0.0173864 0.999769 2.05715 -1.88306 10.6186 2.72304 53.6464 
26154989 -15.7497 -12.2585 210.013 -0.000240696 0.00135971 0.999999 -16.1936 -12.0709 210.151 -0.00969958 0.0170081 0.999685 2.05715 -1.88421 10.6186 2.77963 53.6448 
26243243 -15.0836 -13.1715 210 -0.000309005 6.02651e-005 1 -15.4052 -13.0749 210.252 -0.0115341 0.0166635 0.999738 2.05427 -1.88737 10.6091 2.83565 53.6432 
26330511 -14.3134 -13.9096 210.009 -0.000154907 0.00110824 0.999999 -14.3876 -13.7476 210.205 -0.0137501 0.0149619 0.999692 2.05743 -1.88565 10.6043 2.88851 53.6416 
26417964 -13.553 -14.6671 210.005 -4.6134e-005 0.00064878 1 -13.9602 -14.5257 210.284 -0.0125331 0.0145847 0.999722 2.05686 -1.88708 10.5948 2.94194 53.6416 
26504913 -12.7007 -15.4136 210.004 0.000292044 0.000381545 1 -12.9459 -15.3373 210.138 -0.0146081 0.0146069 0.999738 2.05686 -1.88852 10.5916 2.99796 53.6416 
26593435 -11.8555 -16.1593 209.998 0.00078353 -0.00103783 0.999999 -12.1664 -15.8975 210.081 -0.015114 0.0130083 0.999667 2.0537 -1.89254 10.5885 3.0534 53.6416 
26680392 -10.941 -16.6922 210.003 0.000567476 0.000415294 1 -11.2709 -16.4496 210.133 -0.0159827 0.0116694 0.999694 2.05743 -1.88995 10.5853 3.10626 53.6416 
26767606 -10.0301 -17.264 210.001 0.000618942 0.000326839 1 -10.3878 -17.3646 210.11 -0.0159757 0.0122892 0.999751 2.05715 -1.89082 10.5837 3.15998 53.6416 
26854776 -9.04267 -17.807 210 0.000746245 0.000298692 1 -9.37942 -17.7019 210.028 -0.0168514 0.0103305 0.999722 2.05715 -1.89168 10.5805 3.216 53.6416 
26942018 -8.08452 -18.255 209.997 0.000562232 0.000498056 1 -8.60926 -18.145 210.07 -0.0161297 0.00933871 0.999699 2.05743 -1.89168 10.5789 3.26914 53.6416 
27030258 -7.02285 -18.6979 209.998 0.000887883 0.000367982 1 -7.48161 -18.712 210.121 -0.0179606 0.0093583 0.999712 2.05715 -1.89311 10.5789 3.32631 53.6416 
27117649 -6.01924 -19.0322 210.001 0.000605424 0.000683508 1 -6.36406 -19.0387 210.148 -0.0184702 0.00739563 0.999681 2.05772 -1.89283 10.5789 3.37945 53.6416 
27204660 -4.95207 -19.3514 210 -0.000468127 0.00075587 1 -5.35937 -19.2611 210.165 -0.0187261 0.00629292 0.999678 2.05715 -1.89139 10.5789 3.43662 53.6416 
27293083 -3.91449 -19.5775 210.002 -0.000953815 0.000889789 0.999999 -4.23741 -19.486 210.18 -0.0195912 0.00531811 0.999666 2.05743 -1.89082 10.5789 3.49034 53.6416 
27380157 -2.81146 -19.7742 210.001 -0.00182745 0.000798897 0.999998 -3.24299 -19.8273 210.208 -0.0188613 0.00506753 0.999687 2.05715 -1.88967 10.5758 3.54751 53.6416 
27467423 -1.74262 -19.9008 210.003 -0.00157545 0.000644776 0.999999 -2.36111 -19.835 210.09 -0.0177782 0.00358634 0.999713 2.05686 -1.89082 10.5758 3.60123 53.6416 
27554648 -0.630946 -19.9772 210.003 -0.00175753 0.000360934 0.999998 -1.00486 -20.0585 210.215 -0.0197323 0.00348585 0.99974 2.05628 -1.8911 10.571 3.65753 53.6448 
27641831 0.438837 -19.982 210.006 -0.00171918 0.000275012 0.999998 -0.00697928 -19.9376 210.196 -0.0189016 0.00126607 0.999725 2.05628 -1.89168 10.5678 3.71096 53.6464 
27730008 1.57628 -19.9105 210.003 -0.00174157 0.000177352 0.999998 1.22425 -19.8272 210.175 -0.01916 -7.93828e-005 0.999748 2.05657 -1.89196 10.5583 3.76813 53.6464 
27817269 2.63886 -19.7974 210.003 -0.00171159 -4.25705e-006 0.999999 2.22296 -19.7048 210.267 -0.0183175 -0.00119384 0.999737 2.05628 -1.89254 10.5551 3.82185 53.6464 
27904512 3.74105 -19.6027 210.008 -0.00175447 8.11138e-007 0.999998 3.21288 -19.6151 210.137 -0.0167319 -0.00133219 0.999738 2.05657 -1.89283 10.5551 3.87815 53.6464 
27991779 4.80279 -19.3676 210.009 -0.00155974 -1.44611e-005 0.999999 4.55793 -19.5117 210.114 -0.0172273 -0.00205521 0.999819 2.05657 -1.89369 10.5535 3.93245 53.6464 
28079877 5.88949 -19.0559 210.008 -0.00199012 -0.000149615 0.999998 5.44856 -19.0646 210.061 -0.0165103 -0.00342407 0.999714 2.05686 -1.89311 10.5535 3.98962 53.6464 
28167133 6.90702 -18.7278 210.003 -0.00157834 -0.000318067 0.999999 6.68191 -18.8536 210.028 -0.0168789 -0.0036629 0.999742 2.056 -1.89455 10.5535 4.04305 53.6464 
28254540 7.99944 -18.3733 209.993 -0.000217258 -0.000914969 1 7.68845 -18.3993 210.085 -0.0165233 -0.00465076 0.999722 2.05226 -1.89828 10.5535 4.10022 53.6464 
28341683 8.9357 -17.8588 210.001 -0.0014449 -0.000549673 0.999999 8.69388 -17.8284 210.128 -0.0159297 -0.00624811 0.999765 2.05542 -1.8957 10.5535 4.15365 53.6464 
28429763 9.93606 -17.3241 210 -0.00135894 -0.000659106 0.999999 9.58094 -17.5096 210.086 -0.0149474 -0.0057601 0.999827 2.05513 -1.89627 10.5535 4.21053 53.6464 
28517019 10.831 -16.7739 210 -0.00127913 -0.000657387 0.999999 10.5921 -16.8243 210.119 -0.0148466 -0.0077293 0.999791 2.05513 -1.89685 10.5535 4.2631 53.6464 
28604364 11.7641 -16.1388 210.001 -0.00138758 -0.000916523 0.999999 11.4857 -16.2681 210.164 -0.0142351 -0.00761445 0.999774 2.05485 -1.89685 10.5535 4.31998 53.6464 
28691610 12.6008 -15.489 210.002 -0.00142923 -0.000903167 0.999999 12.3764 -15.6144 209.976 -0.0133914 -0.00860754 0.99975 2.05513 -1.89714 10.5535 4.37283 53.6464 
28779753 13.456 -14.7507 210.003 -0.00143586 -0.000998018 0.999998 13.156 -14.813 210.108 -0.0121804 -0.00959159 0.999844 2.05513 -1.89742 10.5535 4.42943 53.6464 
28867017 14.2266 -14.0086 210.006 -0.00121977 -0.000990445 0.999999 14.0613 -14.0354 210.018 -0.0126805 -0.0106917 0.999843 2.05485 -1.89828 10.5535 4.48286 53.6464 
28954348 15.0481 -13.2119 209.998 0.000151489 -0.000709208 1 14.9559 -13.3739 210.052 -0.012063 -0.00996997 0.999761 2.05197 -1.90202 10.5535 4.53945 53.6464 
29041370 15.6831 -12.3585 210.008 -0.00113978 -0.00106009 0.999999 15.5148 -12.5854 210.076 -0.0112146 -0.010586 0.99982 2.05485 -1.89915 10.5535 4.59288 53.6464 
29128679 16.3231 -11.5135 210.005 -0.00108063 -0.00122151 0.999999 16.1762 -11.5936 209.964 -0.00926161 -0.0106069 0.999805 2.05456 -1.89943 10.5535 4.64603 53.6464 
29216870 16.9561 -10.5662 210.003 -0.000977291 -0.00137264 0.999999 16.852 -10.8059 210.098 -0.00888839 -0.00999096 0.999859 2.05427 -1.89972 10.552 4.7032 53.6464 
29304000 17.5256 -9.55204 210.007 -0.000318863 0.000122364 1 17.4175 -9.68207 210.087 -0.0084096 -0.0108588 0.999825 2.05485 -1.90346 10.5472 4.75921 53.6464 
29391263 18.0093 -8.64036 209.999 -0.00076599 -0.00137517 0.999999 17.8623 -8.78701 210.1 -0.007189 -0.0108718 0.999816 2.05427 -1.90058 10.5456 4.81293 53.6464 
29478822 18.4407 -7.67634 209.992 -0.000722504 -0.00167454 0.999998 18.4279 -7.77998 210.1 -0.00682522 -0.0111185 0.999839 2.05427 -1.9003 10.5377 4.86608 53.6464 
29566774 18.8511 -6.61188 209.987 -0.000520209 -0.00146673 0.999999 18.8851 -6.77743 210.101 -0.00682161 -0.0107544 0.9998 2.05427 -1.90116 10.5313 4.92267 53.6464 
29654124 19.175 -5.58944 209.989 -0.000546434 -0.00142166 0.999999 19.2184 -5.67793 209.98 -0.0054707 -0.0100275 0.999834 2.05456 -1.90144 10.5313 4.9761 53.6464 
29741145 19.4471 -4.49735 209.988 -0.000676485 -0.00158442 0.999999 19.3329 -4.55282 209.971 -0.00449904 -0.0105235 0.999879 2.05513 -1.90116 10.5297 5.03241 53.648 
29828408 19.6631 -3.43981 209.988 -0.000576899 -0.0012147 0.999999 19.6751 -3.66581 209.984 -0.00424426 -0.00954213 0.999895 2.05513 -1.90231 10.5297 5.08584 53.648 
29916608 19.8204 -2.32554 209.989 -0.000617078 -0.0010614 0.999999 19.7953 -2.54064 209.977 -0.00388392 -0.0100445 0.999822 2.05542 -1.90288 10.5297 5.14186 53.648 
30004087 19.9237 -1.25975 209.989 -0.000426493 -0.000523368 1 19.6786 -1.42109 209.969 -0.00204838 -0.009687 0.999891 2.05485 -1.9046 10.5313 5.195 53.648 
30091143 19.9616 -0.12986 209.988 -0.000268017 1.59293e-005 1 19.6892 -0.403039 210.085 -0.00192151 -0.00920281 0.999839 2.05427 -1.90633 10.5313 5.25131 53.648 
30178236 19.931 0.942902 209.992 -0.000377343 0.000634447 1 19.8197 0.81878 209.954 -0.00265628 -0.00943773 0.99987 2.05427 -1.90805 10.5329 5.30445 53.648 
30266504 19.8509 2.06461 209.989 -0.000303055 0.000796723 1 19.6025 2.06239 210.047 -0.00179825 -0.00908275 0.999825 2.0537 -1.90891 10.5329 5.36076 53.6496 
30354052 19.7112 3.11641 209.992 -0.000326102 0.000871556 1 19.3778 2.94586 209.954 -0.000691459 -0.0083533 0.99986 2.05341 -1.90949 10.5345 5.4139 53.6496 
30440995 19.5102 4.22869 209.993 -0.000167818 0.000756464 1 19.2734 3.96853 210.07 -0.000202016 -0.00823715 0.999844 2.05255 -1.90978 10.5392 5.47107 53.6496 
30528262 19.2502 5.24795 209.992 -0.000160772 0.000502595 1 18.9462 4.96986 209.966 4.33077e-005 -0.00811838 0.999829 2.05255 -1.90949 10.5392 5.52422 53.6496 
30616391 18.9201 6.31096 209.998 -2.78605e-005 -0.000269809 1 18.6199 5.97728 209.972 0.000295676 -0.0073798 0.999871 2.05255 -1.90805 10.5472 5.5811 53.6496 
30703690 18.5425 7.32011 210 -0.000135409 -0.000162289 1 18.298 7.12242 210.078 0.000286225 -0.00824237 0.99984 2.05255 -1.90863 10.5504 5.6351 53.6496 
30790881 18.1102 8.34176 209.999 0.000316009 -0.000964433 0.999999 17.8558 8.01048 209.986 0.000780306 -0.00774914 0.999906 2.05226 -1.9069 10.5519 5.69198 53.6496 
30878147 17.6342 9.30066 209.996 0.000670834 -0.00135322 0.999999 17.3017 8.90934 210.006 0.00139885 -0.00701447 0.999945 2.05197 -1.90604 10.5519 5.74656 53.6496 
30966251 17.0831 10.2819 209.994 0.00100347 -0.00148874 0.999998 16.8641 9.91875 209.903 0.00151387 -0.0076356 0.999888 2.0514 -1.90575 10.5535 5.80373 53.6496 
31053527 16.5105 11.1811 209.992 0.00108975 -0.00132419 0.999999 16.1984 10.8199 209.924 0.00213122 -0.00702231 0.99994 2.05083 -1.90633 10.5583 5.85745 53.648 
31140740 15.8956 12.1357 209.987 0.00118927 0.000178644 0.999999 15.535 11.7456 210.056 0.00261121 -0.00776873 0.999893 2.04709 -1.91035 10.5678 5.91433 53.6464 
31228034 15.1841 12.9293 209.997 0.00131313 -0.00110907 0.999999 15.0906 12.5307 209.976 0.0032179 -0.00813938 0.999927 2.04968 -1.90719 10.571 5.96805 53.6464 
31315580 14.4792 13.7195 209.992 0.00147185 -0.00101199 0.999998 14.089 13.4379 210 0.00395387 -0.00778309 0.999883 2.0491 -1.90748 10.5742 6.02148 53.6448 
31403575 13.6694 14.5212 209.992 0.00135642 -0.000636175 0.999999 13.6457 13.9976 209.944 0.00419799 -0.0077857 0.999881 2.04853 -1.90863 10.5758 6.07865 53.6432 
31490753 12.8758 15.2287 209.991 0.00159011 -0.000600145 0.999999 12.6385 14.7903 209.979 0.00542684 -0.00705756 0.999916 2.04795 -1.90863 10.5789 6.13266 53.6432 
31577906 11.9783 15.9296 209.991 0.00144961 -0.000505246 0.999999 11.9809 15.363 210.036 0.00481774 -0.00692966 0.999907 2.04795 -1.9092 10.5837 6.18982 53.6385 
31666169 11.057 16.5777 209.991 0.00135177 -0.00065578 0.999999 11.0877 15.9196 209.983 0.00543749 -0.00607361 0.999933 2.04795 -1.90949 10.6043 6.24641 53.6194 
31753435 10.1491 17.1301 209.996 0.00111006 -0.000751777 0.999999 9.96774 16.4881 210.043 0.00654789 -0.00498004 0.99993 2.04824 -1.91006 10.6202 0.0163744 53.6099 
31840827 9.23025 17.6649 209.996 0.00125622 -0.000664787 0.999999 9.19762 17.2779 209.966 0.00617587 -0.00547458 0.999863 2.04709 -1.91064 10.6424 0.0700941 53.5908 
31927759 8.21764 18.1731 209.99 0.00121307 -0.000505947 0.999999 8.07784 17.838 209.915 0.0071606 -0.00474382 0.9999 2.04623 -1.9115 10.6583 0.126974 53.5781 
32015167 7.23562 18.5898 209.993 0.00125776 -0.000523986 0.999999 7.07974 18.1832 209.997 0.00692833 -0.00363589 0.999906 2.04594 -1.91179 10.671 0.180406 53.5718 
32103419 6.1675 18.9701 210 0.00124249 -0.000629888 0.999999 6.07638 18.6216 209.847 0.00717727 -0.00315301 0.999852 2.04594 -1.91207 10.6869 0.236998 53.5654 
32190393 5.15655 19.2776 210.005 0.00154858 -0.000687226 0.999999 5.07807 18.9776 210.041 0.00706827 -0.00192501 0.999845 2.04565 -1.91179 10.6996 0.290143 53.5607 
32277627 4.06413 19.5338 210.009 0.00154425 -0.000675969 0.999999 3.84676 19.318 210.014 0.00780767 -0.00131302 0.999896 2.04565 -1.91207 10.7075 0.346161 53.5591 
32365187 3.01847 19.7286 210.009 0.00159716 -0.000580933 0.999999 2.96625 19.6604 209.985 0.00683119 -0.00130257 0.999903 2.04537 -1.91236 10.7139 0.399306 53.5543 
32453158 1.88427 19.8625 210.007 0.00153528 -0.000611877 0.999999 1.84467 19.746 209.759 0.0073349 0.000161646 0.999866 2.04565 -1.91265 10.7186 0.456186 53.5495 
32540657 0.811706 19.9279 210.004 0.00145083 -0.000787634 0.999999 0.613251 19.8774 209.867 0.00795104 0.000653568 0.999931 2.04623 -1.91294 10.7282 0.509331 53.5416 
32627504 -0.312576 19.9292 210.007 0.00136743 -0.00107436 0.999998 -0.380153 19.8942 209.986 0.00685852 0.00127219 0.999874 2.04709 -1.91322 10.7409 0.564774 53.5321 
32714786 -1.38111 19.8902 210.005 0.00119234 -0.00100116 0.999999 -1.61456 19.7754 209.896 0.00735741 0.00225091 0.999888 2.0468 -1.91408 10.7488 0.617919 53.5273 
32803017 -2.50518 19.7938 209.998 0.000943481 -0.000733403 0.999999 -2.73068 19.673 209.916 0.00723896 0.00261634 0.99985 2.04594 -1.91523 10.752 0.674224 53.5241 
32890280 -3.56566 19.639 209.996 0.000764042 -0.000565562 1 -3.85021 19.5704 209.935 0.00748772 0.0029908 0.999931 2.04537 -1.9161 10.7552 0.727657 53.5226 
32977539 -4.66704 19.4061 209.997 0.000542618 -0.000600146 1 -4.85349 19.3604 209.967 0.00711931 0.00286039 0.999825 2.04537 -1.91696 10.7583 0.783387 53.521 
33064760 -5.70175 19.1325 209.997 0.000336393 -0.000554346 1 -5.97073 19.1457 209.999 0.00700309 0.00336015 0.999895 2.04508 -1.91782 10.7599 0.836532 53.5194 
33152902 -6.7772 18.7776 209.995 -1.11173e-005 -0.000663532 1 -6.86338 18.8048 209.93 0.00652087 0.00397224 0.999834 2.04508 -1.91897 10.7599 0.89255 53.5194 
33240122 -7.76097 18.3915 209.995 -0.000124752 -0.000703773 1 -7.98389 18.3728 209.986 0.00652087 0.00397224 0.999834 2.04508 -1.91954 10.7599 0.945121 53.5194 
33327406 -8.78417 17.9149 209.996 -0.000206407 -0.000953204 1 -8.9961 17.9198 209.929 0.00677444 0.0048322 0.999863 2.04565 -1.92012 10.7615 1.00085 53.5194 
33414624 -9.74934 17.4133 209.995 -0.000596452 -0.00109566 0.999999 -10.0084 17.3698 209.995 0.0070256 0.00544942 0.999918 2.04537 -1.92155 10.7615 1.05457 53.5194 
33502828 -10.7145 16.8228 210 -0.000945753 -0.00156545 0.999998 -10.8975 17.0437 209.927 0.00616053 0.00447461 0.999906 2.04594 -1.92299 10.7615 1.11001 53.5194 
33590011 -11.6141 16.2371 209.997 -0.000870535 -0.0014095 0.999999 -11.7992 16.1376 209.918 0.00605634 0.0061881 0.999847 2.04537 -1.92328 10.7631 1.16373 53.5194 
33677266 -12.5162 15.5609 209.995 -0.00100527 -0.00148719 0.999998 -12.6929 15.5792 209.873 0.00544725 0.00631601 0.999839 2.04508 -1.92414 10.7631 1.21975 53.5194 
33764567 -13.3476 14.8737 209.989 -0.00106107 -0.00140373 0.999998 -13.4772 14.9062 209.838 0.00496365 0.00669831 0.999925 2.04451 -1.92471 10.7631 1.27347 53.5194 
33852754 -14.1562 14.1098 209.989 -0.000698488 -0.00125906 0.999999 -14.3812 14.1344 209.928 0.00533464 0.00717988 0.99987 2.04479 -1.92414 10.7631 1.3292 53.5194 
33940004 -14.872 13.3373 209.993 -0.000459295 -0.00143772 0.999999 -15.169 13.3471 209.905 0.00509877 0.00792369 0.999916 2.04565 -1.92414 10.7631 1.3812 53.5194 
34027128 -15.5899 12.4991 209.991 0.000406095 -0.000547065 1 -15.7277 12.681 209.87 0.00435936 0.0073117 0.999864 2.04594 -1.92155 10.7631 1.4375 53.5194 
34114381 -16.2415 11.6403 209.991 0.000651679 -0.000287531 1 -16.5212 11.6836 209.982 0.00461173 0.00805029 0.999906 2.04623 -1.92098 10.7615 1.49151 53.521 
34201679 -16.8209 10.777 209.993 0.0015602 0.000763806 0.999998 -17.0866 10.7712 209.859 0.00425277 0.00878245 0.999831 2.04709 -1.91782 10.7615 1.54465 53.521 
34289764 -17.4057 9.79957 209.992 0.00144639 0.000786753 0.999999 -17.6467 9.89151 209.958 0.003518 0.00854754 0.999862 2.04738 -1.91811 10.7536 1.60125 53.5289 
34377290 -17.9429 8.75958 209.992 0.00100322 -5.38227e-005 0.999999 -18.2156 8.99777 209.946 0.00364006 0.00854623 0.999861 2.04795 -1.9204 10.7425 1.65813 53.54 
34464255 -18.3709 7.81976 209.998 0.00132443 0.00113503 0.999998 -18.5557 7.86705 209.956 0.00292197 0.00990213 0.999846 2.04853 -1.91753 10.7171 1.71098 53.5654 
34551871 -18.7629 6.82772 210.002 0.00125392 0.00149705 0.999998 -19.0223 6.75744 210.077 0.00390429 0.0103901 0.999908 2.04881 -1.91696 10.7012 1.76442 53.5813 
34639756 -19.1278 5.75719 210.006 0.000866203 0.00145273 0.999999 -19.1311 5.86116 210.063 0.00255819 0.0101488 0.999822 2.04881 -1.91753 10.6774 1.82043 53.6051 
34726962 -19.401 4.72438 210.007 0.000806465 0.00154968 0.999998 -19.48 4.72659 209.961 0.00268609 0.0106459 0.999891 2.0491 -1.91753 10.671 1.87387 53.6115 
34814126 -19.6308 3.61502 210.011 0.000727286 0.00134639 0.999999 -19.7095 3.60609 209.971 0.002077 0.0107738 0.999883 2.04968 -1.91811 10.6599 1.92988 53.6226 
34901386 -19.8215 2.55673 210.008 0.000341115 0.00159029 0.999999 -19.8252 2.59425 209.967 0.00134704 0.0110244 0.999862 2.04853 -1.91839 10.6599 1.98418 53.6226 
34989654 -19.9088 1.44411 210.011 0.000568404 0.00165886 0.999998 -20.0603 1.47947 209.976 0.00134223 0.0105389 0.999914 2.04968 -1.91811 10.6583 2.03962 53.6242 
35076971 -19.9612 0.364373 210.014 0.000464162 0.0015557 0.999999 -19.9483 0.368429 210.095 0.000120602 0.010539 0.999801 2.04968 -1.91868 10.6567 2.09334 53.6257 
35164019 -19.953 -0.760982 210.015 0.000292947 0.00149533 0.999999 -20.0728 -0.6484 209.98 0.000237849 0.0100522 0.999852 2.04939 -1.91926 10.6567 2.14965 53.6257 
35251654 -19.88 -1.8382 210.016 0.000288598 0.00146193 0.999999 -19.9711 -1.87383 210.11 -2.66148e-006 0.010419 0.999815 2.04968 -1.91954 10.6551 2.20337 53.6257 
35339507 -19.7453 -2.9609 210.017 0.000200219 0.00134282 0.999999 -19.7517 -3.01211 210.005 -0.000976735 0.0106722 0.999796 2.04968 -1.92012 10.652 2.25967 53.6257 
35426759 -19.5632 -4.01275 210.013 7.79138e-005 0.00132172 0.999999 -19.6543 -4.13622 210.011 -0.000730383 0.0108039 0.999903 2.04968 -1.9204 10.6456 2.31282 53.6257 
35513897 -19.3241 -5.1172 210.008 -0.00019424 0.00122615 0.999999 -19.3157 -5.13078 210.115 -0.00220456 0.00995697 0.999883 2.0491 -1.92098 10.6393 2.36912 53.6257 
35601162 -19.014 -6.13848 210.006 -0.000223644 0.00115626 0.999999 -19.1042 -6.26672 210.01 -0.00232662 0.00995828 0.999884 2.04939 -1.92127 10.6329 2.42227 53.6257 
35689375 -18.6299 -7.19765 210.008 -0.000150692 0.00123417 0.999999 -18.778 -7.28667 210.004 -0.00256472 0.0105678 0.999821 2.04996 -1.92127 10.6313 2.47828 53.6257 
35776647 -18.2154 -8.1851 210.01 -0.000130058 0.00122188 0.999999 -18.2205 -8.30007 209.995 -0.00366687 0.0102154 0.999868 2.05025 -1.92155 10.6297 2.53143 53.6257 
35863908 -17.7279 -9.18966 210.009 -0.000262327 0.00130653 0.999999 -17.7771 -9.18363 210.087 -0.00428782 0.00923797 0.999855 2.05025 -1.92155 10.6282 2.58745 53.6257 
35951029 -17.2078 -10.1317 210.011 -0.000337622 0.0012825 0.999999 -17.2299 -10.2037 210.079 -0.00428421 0.00960209 0.999816 2.05025 -1.92184 10.6266 2.64117 53.6257 
36039271 -16.6053 -11.0945 210.005 -0.00048286 0.00118151 0.999999 -16.5599 -11.0954 210.168 -0.0052643 0.00924842 0.999862 2.05025 -1.92213 10.6155 2.69776 53.6257 
36126520 -15.9901 -11.9593 210.001 -0.000571114 0.00120208 0.999999 -16.0146 -12.1381 209.938 -0.0052619 0.00949116 0.999836 2.05054 -1.92213 10.6075 2.75062 53.6242 
36213836 -15.2841 -12.8512 210 -0.000555455 0.00109508 0.999999 -15.3492 -12.9141 210.016 -0.00563753 0.00863251 0.999808 2.05054 -1.9227 10.6075 2.80721 53.6242 
36301013 -14.5763 -13.6448 210.003 -0.000526947 0.00108882 0.999999 -14.6826 -13.8092 210.106 -0.00624783 0.00863904 0.999813 2.05083 -1.92299 10.6059 2.86007 53.6242 
36389116 -13.7763 -14.4588 210.005 -0.000418936 0.000893964 1 -13.9043 -14.6041 210.072 -0.00686054 0.00840282 0.999843 2.05083 -1.92385 10.6043 2.91666 53.6242 
36476374 -12.9906 -15.1802 209.999 -0.000333142 0.000671865 1 -13.0144 -15.2881 210.025 -0.00735239 0.00804392 0.999886 2.05083 -1.92471 10.5964 2.96923 53.6242 
36563648 -12.1062 -15.8812 210.001 -0.000119374 0.000547346 1 -12.2373 -15.8411 210.079 -0.0074863 0.0069399 0.999882 2.05111 -1.92558 10.5948 3.02525 53.6242 
36650868 -11.232 -16.5044 210.008 0.000311955 0.000345948 1 -11.4662 -16.5012 210.255 -0.00700047 0.00669193 0.999904 2.0514 -1.92701 10.5948 3.07811 53.6242 
36738190 -10.351 -17.0637 210.015 0.000669998 0.000120723 1 -10.3418 -16.9622 210.184 -0.00847344 0.0059664 0.999871 2.0514 -1.92845 10.5932 3.12981 53.6242 
36826374 -9.36988 -17.6456 210.011 0.000618956 -0.000250927 1 -9.57467 -17.5502 210.015 -0.00773988 0.00607994 0.999853 2.05025 -1.9296 10.5869 3.18698 53.6242 
36913504 -8.36447 -18.1318 210.009 0.000568142 -0.00010983 1 -8.4538 -18.1127 210.066 -0.00884323 0.0056062 0.999913 2.05054 -1.9296 10.5837 3.243 53.6242 
37000791 -7.3789 -18.5425 210.008 0.000702747 -8.39865e-005 1 -7.45136 -18.5616 210.107 -0.00909439 0.00498899 0.999858 2.05083 -1.93017 10.5789 3.29614 53.6242 
37088006 -6.37869 -18.9126 210.009 0.000714024 -0.000122273 1 -6.44651 -18.7993 210.012 -0.00946882 0.0042517 0.999817 2.05054 -1.93075 10.5789 3.34958 53.6242 
37176241 -5.29907 -19.2427 210.009 0.000730254 -0.000160427 1 -5.56138 -19.2483 210.053 -0.00910746 0.00376229 0.999866 2.05025 -1.93132 10.5789 3.40617 53.6242 
37263394 -4.20194 -19.5202 210.008 0.000587042 -0.000235859 1 -4.56245 -19.4775 210.069 -0.00874489 0.00339425 0.999902 2.04968 -1.93161 10.5789 3.46334 53.6242 
37350634 -3.16224 -19.7132 210.009 0.000345255 -0.00013795 1 -3.32668 -19.8249 210.095 -0.00996428 0.00352868 0.999898 2.04968 -1.93132 10.5789 3.51677 53.6242 
37437876 -2.10951 -19.869 210.008 -0.000119529 -0.000201991 1 -2.32547 -19.8253 210.088 -0.00960996 0.00241945 0.999891 2.0491 -1.93075 10.5789 3.57078 53.6242 
37526162 -0.993383 -19.9429 210.007 -0.000710236 -5.42862e-006 1 -1.0965 -19.9437 210.091 -0.00986113 0.00180223 0.999836 2.04968 -1.92931 10.5773 3.62765 53.6242 
37613260 0.0736295 -19.9656 210.007 -0.0012866 -2.77436e-005 0.999999 -0.0942224 -19.9499 210.083 -0.00962182 0.00131413 0.999886 2.04968 -1.92816 10.5773 3.68195 53.6242 
37700594 1.19458 -19.9335 210.007 -0.00165072 -0.000183192 0.999999 1.02306 -19.9585 210.075 -0.00974749 0.00095131 0.999926 2.04939 -1.92759 10.5773 3.73883 53.6242 
37787757 2.26458 -19.8417 210.005 -0.00185763 -0.000272762 0.999998 2.25192 -19.9727 210.066 -0.00986835 0.00107399 0.999914 2.04939 -1.9273 10.5773 3.79284 53.6242 
37876015 3.382 -19.6878 210.007 -0.00164376 -0.000398958 0.999999 3.14168 -19.6439 209.913 -0.00927815 -0.000779057 0.999861 2.0491 -1.92816 10.5773 3.84914 53.6242 
37963498 4.42527 -19.4707 210.004 -0.00169436 -0.000423657 0.999998 4.37939 -19.5355 210.004 -0.0101314 -0.000648544 0.999855 2.04939 -1.92816 10.5758 3.90257 53.6242 
38050395 5.5322 -19.1827 210.006 -0.00154302 -0.000372381 0.999999 5.49659 -19.4375 209.984 -0.0101302 -0.00052717 0.999842 2.04968 -1.92874 10.5758 3.95945 53.6242 
38137674 6.546 -18.8586 210.003 -0.00161419 -0.000379373 0.999999 6.50429 -18.9811 210.04 -0.00989911 -0.00175648 0.999848 2.04996 -1.92874 10.5758 4.0126 53.6242 
38225887 7.6101 -18.4644 210.005 -0.00161664 -0.000524109 0.999999 7.51077 -18.647 210.108 -0.00965499 -0.00175909 0.999846 2.04968 -1.92902 10.5774 4.06948 53.6226 
38313165 8.58812 -18.0404 210.007 -0.00149679 -0.000630041 0.999999 8.63705 -18.0927 210.04 -0.0101563 -0.00298056 0.999858 2.04939 -1.9296 10.5774 4.12262 53.6226 
38400376 9.60486 -17.52 210.008 -0.00136322 -0.00066178 0.999999 9.51962 -17.6547 209.986 -0.00857312 -0.00336165 0.999885 2.04939 -1.93017 10.5758 4.1795 53.6226 
38487557 10.5236 -16.9678 210.009 -0.00132963 -0.000533201 0.999999 10.4122 -17.0917 210.032 -0.0078478 -0.00398931 0.999824 2.04996 -1.93046 10.5758 4.23293 53.6226 
38574759 11.4541 -16.352 210.008 -0.00138874 -0.00066731 0.999999 11.4268 -16.4286 209.952 -0.0082224 -0.00483501 0.999917 2.04996 -1.93046 10.5758 4.28895 53.6226 
38663247 12.3138 -15.7271 210.006 -0.00142324 -0.000877482 0.999999 12.3227 -15.9869 210.01 -0.00797347 -0.00435213 0.999863 2.04968 -1.93046 10.5758 4.34238 53.6226 
38750265 13.1824 -15.0015 210.006 -0.00147569 -0.000933201 0.999998 13.1048 -15.1962 210.032 -0.00713091 -0.00546659 0.999852 2.04996 -1.93046 10.5758 4.39898 53.6226 
38837360 13.9596 -14.2728 210.007 -0.00142259 -0.000933399 0.999999 13.8893 -14.4231 209.943 -0.00664748 -0.00595731 0.999901 2.05025 -1.93075 10.5726 4.45212 53.6226 
38924724 14.7439 -13.4453 210.005 -0.00142811 -0.000837048 0.999999 14.7952 -13.6332 210.076 -0.00701246 -0.00583202 0.99989 2.05083 -1.93103 10.5726 4.50871 53.621 
39013079 15.4477 -12.647 210.006 -0.00127636 -0.000899935 0.999999 15.467 -12.7399 209.976 -0.00629436 -0.00718792 0.999906 2.05054 -1.93161 10.5726 4.56186 53.621 
39100140 16.1354 -11.7538 210.005 -0.00133025 -0.000980155 0.999999 16.2523 -12.0785 210.01 -0.00591873 -0.00632926 0.999934 2.05083 -1.93161 10.5726 4.61816 53.6194 
39187459 16.7471 -10.8823 210.002 -0.0012217 -0.00111388 0.999999 16.6951 -11.0728 209.9 -0.00446707 -0.00757162 0.999932 2.05054 -1.9319 10.5726 4.6716 53.6194 
39274599 17.3943 -9.9521 209.992 -1.52448e-005 -0.000973758 1 17.4962 -10.1696 210.022 -0.00544458 -0.00757413 0.999817 2.04738 -1.93534 10.5726 4.7279 53.6194 
39362881 17.833 -8.98118 209.999 -0.00124014 -0.0011756 0.999999 17.9391 -9.41611 209.825 -0.00433779 -0.00684469 0.999853 2.05111 -1.93218 10.5726 4.78105 53.6194 
39449997 18.3245 -7.95752 209.992 -0.00100819 -0.00120908 0.999999 18.4006 -8.26874 210.035 -0.00446707 -0.00757162 0.999932 2.05083 -1.93276 10.5662 4.83793 53.6194 
39537280 18.7193 -6.96812 209.989 -0.00104499 -0.00122822 0.999999 18.8513 -7.49772 209.949 -0.00409969 -0.00745417 0.999916 2.0514 -1.93276 10.5599 4.89107 53.6194 
39624488 19.0887 -5.90519 209.989 -0.000902473 -0.00133891 0.999999 19.0728 -6.24288 210.039 -0.00240511 -0.00882051 0.999925 2.05111 -1.93304 10.5599 4.94766 53.6194 
39712638 19.3678 -4.8688 209.989 -0.000984791 -0.00136656 0.999999 19.5336 -5.25449 209.929 -0.00288734 -0.00820842 0.999864 2.05169 -1.93304 10.5599 5.00138 53.6194 
39799875 19.6104 -3.75538 209.991 -0.000935862 -0.00125265 0.999999 19.647 -4.127 209.922 -0.00179704 -0.00896137 0.999812 2.05197 -1.93362 10.5583 5.05826 53.621 
39887152 19.7858 -2.7092 209.988 -0.000780791 -0.00134842 0.999999 19.8799 -3.12556 209.924 -0.00166674 -0.00822148 0.999855 2.05169 -1.93391 10.5583 5.1117 53.621 
39974370 19.8923 -1.64381 209.991 -0.000834034 -0.00107323 0.999999 19.9955 -2.00159 209.915 -0.000815926 -0.00859474 0.999887 2.05226 -1.93477 10.5583 5.16484 53.621 
