3715 20.1338 -2.79951 209.944 -0.00138728 -0.00266474 0.999995 26.8715 -1.27389 208.127 -0.00645974 0.0967217 0.995193 1.81584 -2.24502 15.0795 5.24585 46.9376 
90961 20.2141 -1.80086 209.949 -0.0010161 -0.0023862 0.999997 26.8723 -1.16302 208.113 -0.00682584 0.0967136 0.995197 1.81727 -2.24531 15.0335 5.29411 46.9836 
178204 20.2076 -0.586767 209.962 -0.00107633 -0.00215947 0.999997 27.0072 0.427657 208.147 -0.0130278 0.0955926 0.995268 1.82101 -2.24445 14.9763 5.35214 47.0408 
266333 20.1129 0.60692 209.978 -0.000747276 -0.0024599 0.999997 26.9132 1.91949 208.195 -0.018334 0.0926582 0.995427 1.82532 -2.24244 14.8779 5.41017 47.1392 
353570 19.9765 1.7084 209.99 -0.000589429 -0.00313905 0.999995 26.7018 3.40556 208.133 -0.0231264 0.0886442 0.99571 1.82877 -2.23985 14.816 5.46504 47.2011 
440839 19.7852 2.79588 209.992 -0.00029372 -0.00357751 0.999994 26.3816 4.78268 208.197 -0.0278196 0.0856022 0.995875 1.83193 -2.23784 14.7509 5.51962 47.2567 
528087 19.5233 3.9418 210 -0.000278428 -0.00386771 0.999992 26.0569 6.14525 208.151 -0.0321496 0.0826894 0.996022 1.83509 -2.23612 14.7096 5.57765 47.2948 
616347 19.2906 5.09194 209.992 0.000360824 -0.00266253 0.999996 25.5085 7.63172 208.205 -0.0365913 0.0792746 0.996106 1.83307 -2.23928 14.6874 5.63568 47.3154 
703467 18.9023 6.12355 210.005 -0.000191114 -0.00337932 0.999994 25.0783 8.89231 208.286 -0.0411722 0.0765842 0.996105 1.83738 -2.2364 14.6763 5.68997 47.325 
790710 18.5316 7.11979 210.008 -0.000128985 -0.00339583 0.999994 24.4127 10.3651 208.231 -0.0451201 0.0729378 0.996213 1.83825 -2.23612 14.6683 5.74312 47.3329 
877959 18.0753 8.16864 210.009 -0.000306102 -0.00305667 0.999995 23.9824 11.6147 208.2 -0.0498173 0.0700024 0.996243 1.83911 -2.23669 14.6652 5.79971 47.3345 
965211 17.6178 9.1247 210.006 -0.000100379 -0.00296222 0.999996 23.2083 12.8577 208.174 -0.0535354 0.0669673 0.996275 1.83882 -2.23698 14.6636 5.85314 47.3345 
1053469 17.0531 10.1192 210.008 -0.00035689 -0.00257881 0.999997 22.5492 14.1035 208.147 -0.0576207 0.0639095 0.996191 1.83939 -2.23784 14.6636 5.90973 47.3345 
1140579 16.5034 11.0123 210.006 -0.000196113 -0.00239021 0.999997 21.5465 15.2363 208.136 -0.0604704 0.0602874 0.996285 1.83882 -2.23841 14.6636 5.96259 47.3345 
1227830 15.8466 11.9113 210.009 -0.000261772 -0.00248831 0.999997 20.777 16.3866 208.235 -0.0643003 0.0567503 0.996256 1.83968 -2.23813 14.6636 6.01832 47.3345 
1315098 15.1885 12.739 210.006 -0.000190357 -0.00237445 0.999997 19.8918 17.4136 208.236 -0.0675115 0.0528632 0.996263 1.83968 -2.23841 14.6604 6.07147 47.3345 
1403346 14.4271 13.5795 210.007 -0.000349831 -0.00229336 0.999997 18.8928 18.4392 208.239 -0.0704757 0.0488603 0.996281 1.84026 -2.2387 14.6604 6.12806 47.3345 
1490598 13.6785 14.3404 210.006 -0.000449715 -0.00202199 0.999998 17.6687 19.3444 208.259 -0.0729633 0.0453528 0.996236 1.83997 -2.23956 14.6604 6.18149 47.3345 
1577730 12.8499 15.0944 210.005 -0.000462422 -0.00185633 0.999998 16.6688 20.2504 208.165 -0.0756733 0.0408561 0.996188 1.83968 -2.24014 14.6604 6.2378 47.3345 
1664994 12.0296 15.7626 210.004 -0.00050006 -0.00169744 0.999998 15.4364 21.1691 208.183 -0.0772724 0.0359134 0.996307 1.83939 -2.24071 14.6604 0.00775631 47.3345 
1753230 11.1254 16.3938 210.007 -0.000444516 -0.00194668 0.999998 14.2147 21.976 208.216 -0.0797298 0.0310586 0.9963 1.84026 -2.24014 14.6604 0.0631996 47.3345 
1840473 10.2369 16.944 210.01 -0.000368942 -0.0021933 0.999998 13.1015 22.659 208.15 -0.0817047 0.0264568 0.996259 1.84112 -2.23956 14.6604 0.11577 47.3345 
1927722 9.27839 17.4996 210.008 6.22082e-005 -0.00219953 0.999998 11.7654 23.254 208.322 -0.0831887 0.0217446 0.996226 1.84054 -2.23928 14.6604 0.172362 47.3345 
2014854 8.31757 17.9583 210.011 -8.38857e-005 -0.00231415 0.999997 10.42 23.9352 208.258 -0.0841788 0.0168008 0.996216 1.84141 -2.23928 14.6604 0.225508 47.3345 
2103109 7.29619 18.4085 210.009 8.44646e-005 -0.00217889 0.999998 9.08087 24.4048 208.333 -0.0851775 0.0122205 0.996162 1.84083 -2.23956 14.6604 0.2821 47.3345 
2190355 6.28686 18.7882 210.005 -0.00016459 -0.00189915 0.999998 7.73834 24.8655 208.296 -0.0859208 0.00716096 0.996164 1.84026 -2.24071 14.6588 0.336107 47.3345 
2277611 5.15871 19.1229 210.005 -0.0017816 -0.00158427 0.999997 6.27742 25.3224 208.259 -0.0859335 0.00225329 0.996263 1.84054 -2.24416 14.6588 0.392699 47.3345 
2364971 4.00505 21.4184 209.438 -0.0274847 -0.0029406 0.999618 4.9345 25.558 208.25 -0.0860751 -0.00242932 0.996213 1.85778 -2.23583 14.3524 0.431481 47.6552 
2453230 3.02536 22.1851 209.244 -0.0425731 -0.00490138 0.999081 3.6785 25.3559 208.4 -0.0823299 -0.00599818 0.996484 1.89828 -2.22204 13.5777 0.451015 48.4648 
2540473 2.16123 22.4202 209.225 -0.0512571 -0.00585412 0.998668 2.67811 24.7916 208.588 -0.0812333 -0.00583821 0.996578 1.93707 -2.20997 12.7745 0.467102 49.2744 
2627751 1.19209 22.3374 209.316 -0.0571899 -0.00634967 0.998343 1.80001 24.1025 208.679 -0.0811215 -0.00533627 0.996639 1.98044 -2.1959 11.8712 0.487211 50.138 
2715046 0.228185 22.0935 209.411 -0.0617294 -0.00611593 0.998074 0.814111 23.2131 208.909 -0.0807423 -0.00594862 0.996586 2.02095 -2.18153 10.9457 0.511916 50.9762 
2802524 -0.828466 21.7037 209.486 -0.0657003 -0.00496406 0.997827 -0.382287 22.3861 208.906 -0.082234 -0.00475465 0.99658 2.05829 -2.16717 9.94711 0.54524 51.8716 
2890438 -1.95253 20.956 209.513 -0.0689146 -0.00489852 0.997611 -1.59558 21.4667 209.027 -0.0815149 -0.0041181 0.996619 2.08875 -2.15223 9.06605 0.596087 52.7098 
2977641 -3.11629 20.4255 209.479 -0.0711069 -0.00364398 0.997462 -2.81848 20.7521 209.01 -0.0804371 -0.00309538 0.996732 2.10569 -2.14017 8.32627 0.652966 53.4892 
3064933 -4.36186 19.9612 209.161 -0.0723756 -0.00333801 0.997372 -4.2753 20.172 209.204 -0.0782553 -0.00229079 0.99686 2.11546 -2.12925 7.78176 0.715591 54.2211 
3152379 -5.49853 19.4243 209.245 -0.0734528 -0.00290052 0.997294 -5.37665 19.4913 209.408 -0.0780215 -0.00178616 0.99692 2.12351 -2.11862 7.28964 0.775056 55.018 
3240242 -6.60404 19.0077 209.422 -0.0727538 -0.00156229 0.997349 -6.612 19.057 209.807 -0.0757091 -0.00134238 0.99709 2.12121 -2.10684 6.9642 0.838256 55.6514 
3327894 -7.68951 18.5617 209.554 -0.0723334 4.04654e-006 0.997381 -7.62487 18.4925 209.996 -0.0732701 -0.00115283 0.997167 2.1169 -2.09736 6.65781 0.900881 56.1848 
3414770 -8.65748 18.0123 209.673 -0.0700275 -3.01816e-005 0.997545 -8.63689 17.9503 210.295 -0.0708084 -0.0019326 0.99736 2.11948 -2.07927 6.45779 0.959197 56.5848 
3502320 -9.59466 17.4729 209.793 -0.067898 0.000537227 0.997692 -9.65232 17.4081 210.594 -0.0679806 -0.0027043 0.997549 2.11776 -2.06404 6.2911 1.01837 56.8976 
3590259 -10.5589 16.8622 209.887 -0.0654352 0.00124051 0.997856 -10.559 16.7283 210.682 -0.0647912 -0.003211 0.997825 2.11517 -2.04795 6.14823 1.08071 57.1325 
3677438 -11.4336 16.2495 209.97 -0.062983 0.00175757 0.998013 -11.459 16.05 210.771 -0.0623323 -0.00386961 0.998004 2.11288 -2.03244 6.06409 1.13903 57.2691 
3764624 -12.3321 15.5505 210.044 -0.0605502 0.00188778 0.998163 -12.3574 15.2511 210.763 -0.0598661 -0.0049063 0.998106 2.11029 -2.01722 6.0244 1.20108 57.3262 
3851910 -13.1462 14.8394 210.105 -0.0582036 0.00188051 0.998303 -13.262 14.5796 210.853 -0.0569031 -0.00629573 0.998245 2.10857 -2.00285 6.0117 1.25911 57.3357 
3940109 -13.9743 14.0509 210.143 -0.0562466 0.00169918 0.998415 -14.155 13.7911 210.845 -0.0550225 -0.00845095 0.998363 2.10656 -1.98992 5.98313 1.32001 57.3278 
4027851 -14.7003 13.2694 210.151 -0.054468 0.0012498 0.998515 -14.9357 12.8661 210.739 -0.0530558 -0.00901374 0.998412 2.10541 -1.97815 5.98313 1.37631 57.2786 
4114483 -15.4326 12.3993 210.142 -0.0525191 0.000458248 0.99862 -15.6077 12.0766 210.728 -0.0509442 -0.0105432 0.998576 2.10483 -1.96666 6.01011 1.4352 57.1833 
4201761 -16.0719 11.5452 210.131 -0.0507347 -9.56329e-005 0.998712 -16.2632 11.0607 210.634 -0.0501574 -0.0129795 0.998616 2.1034 -1.9566 6.04027 1.49094 57.0849 
4290045 -16.6919 10.606 210.112 -0.0489585 -0.00109625 0.9988 -16.9226 10.1613 210.527 -0.0492354 -0.0160336 0.998606 2.1034 -1.94597 6.09743 1.54896 56.9595 
4377245 -17.2434 9.69703 210.095 -0.0477068 -0.00218542 0.998859 -17.4689 9.16575 210.543 -0.0480723 -0.0189611 0.998579 2.10225 -1.93764 6.14664 1.60383 56.8563 
4464409 -17.7773 8.71848 210.069 -0.0462256 -0.00328766 0.998926 -17.9114 8.14233 210.336 -0.0463063 -0.0214971 0.998621 2.10081 -1.92902 6.23236 1.66186 56.7134 
4551623 -18.2304 7.75125 210.046 -0.0448575 -0.00440727 0.998984 -18.4757 7.13357 210.35 -0.0432185 -0.023005 0.998773 2.10024 -1.92098 6.29745 1.71644 56.6007 
4639898 -18.6388 6.71846 210.029 -0.043293 -0.00542557 0.999048 -18.8058 6.23341 210.239 -0.0417052 -0.0251829 0.998775 2.10024 -1.91236 6.37206 1.77332 56.4832 
4727142 -18.965 5.71472 210.02 -0.0416127 -0.00647154 0.999113 -19.1458 5.22218 210.142 -0.0388495 -0.0273312 0.998761 2.10052 -1.90489 6.44826 1.82704 56.3816 
4814399 -19.2601 4.63952 210.001 -0.0399473 -0.00769294 0.999172 -19.3692 4.0969 210.056 -0.036251 -0.0288645 0.998798 2.10052 -1.89771 6.54986 1.8845 56.2626 
4901685 -19.4877 3.61152 209.987 -0.0383682 -0.00876392 0.999225 -19.4814 3.09585 210.065 -0.033779 -0.0301435 0.998928 2.10052 -1.8911 6.64987 1.9385 56.1467 
4989767 -19.6606 2.50942 209.973 -0.0367214 -0.00972922 0.999278 -19.5881 1.93461 209.866 -0.0318498 -0.0289808 0.999015 2.10081 -1.8845 6.75624 1.99567 56.0356 
5077021 -19.7654 1.47095 209.957 -0.0352464 -0.0102611 0.999326 -19.6037 1.07873 209.735 -0.0284327 -0.0232125 0.999272 2.10081 -1.87846 6.85308 2.04939 55.9387 
5164362 -19.8057 0.43238 209.941 -0.0336345 -0.0100628 0.999384 -19.6098 0.313643 209.813 -0.0261027 -0.0124249 0.999549 2.10139 -1.87243 6.9515 2.10368 55.8403 
5251519 -19.7914 -0.659229 209.931 -0.0318859 -0.00928851 0.999448 -19.6079 -0.458544 209.782 -0.0247383 -0.00230847 0.999547 2.10225 -1.86697 7.06739 2.16114 55.7308 
5338800 -19.7391 -1.77895 209.913 -0.0299916 -0.00916572 0.999508 -19.5837 -1.45645 209.778 -0.0252157 0.00825227 0.999509 2.10253 -1.86582 7.19121 2.21917 55.626 
5426894 -19.6153 -2.76725 209.94 -0.0289736 -0.00623847 0.999561 -19.4409 -2.31455 209.759 -0.0267294 0.0159582 0.999457 2.10311 -1.85893 7.33091 2.27404 55.5165 
5514548 -19.4459 -3.78569 209.948 -0.0277587 -0.00417168 0.999606 -19.2901 -3.2572 209.867 -0.0287034 0.0222768 0.999206 2.10397 -1.85577 7.48649 2.32919 55.3879 
5601432 -19.2096 -4.87299 209.961 -0.0267013 -0.0025359 0.99964 -19.1472 -4.30954 209.875 -0.029664 0.0270418 0.999134 2.10483 -1.85433 7.63571 2.38779 55.2688 
5688656 -18.9245 -5.88544 209.967 -0.0257906 -0.000799024 0.999667 -18.8845 -5.22318 209.869 -0.0317858 0.0290705 0.999032 2.10627 -1.85318 7.78494 2.44295 55.145 
5776776 -18.5572 -6.9375 209.98 -0.0251816 0.000650984 0.999683 -18.5134 -6.22844 209.987 -0.0331681 0.0307372 0.998845 2.10771 -1.85261 7.92305 2.50127 55.0339 
5864321 -18.1593 -7.91117 209.991 -0.0245737 0.00238796 0.999695 -18.1481 -7.2439 209.992 -0.0340525 0.0320658 0.998816 2.10943 -1.85203 8.08974 2.55613 54.8926 
5951281 -17.6856 -8.91993 210.003 -0.0239052 0.00368497 0.999707 -17.7807 -8.24678 209.997 -0.0351507 0.0320416 0.99883 2.11115 -1.85261 8.2596 2.61359 54.7513 
6038567 -17.2036 -9.84603 210.011 -0.0222256 0.00737065 0.999726 -17.1913 -9.24815 209.999 -0.0361355 0.0323836 0.998798 2.11259 -1.85347 8.40724 2.66846 54.6259 
6126840 -16.6067 -10.7936 210.02 -0.0220459 0.00869352 0.999719 -16.7153 -10.3629 210.017 -0.0366322 0.0327363 0.99876 2.11517 -1.85376 8.58504 2.72534 54.4687 
6214209 -15.9965 -11.6527 210.044 -0.0227965 0.00985346 0.999692 -16.0172 -11.2263 210.115 -0.0374676 0.0318547 0.998751 2.11661 -1.85318 8.69775 2.77992 54.3766 
6301177 -15.3076 -12.5407 210.053 -0.0232897 0.010632 0.999672 -15.32 -12.1098 210.103 -0.0383202 0.0317002 0.998655 2.11776 -1.85376 8.8438 2.83737 54.2481 
6388666 -14.6353 -13.3129 210.059 -0.0241638 0.0125619 0.999629 -14.7424 -12.9915 210.092 -0.0383059 0.0310943 0.998728 2.11948 -1.85232 9.06764 2.89081 54.0385 
6476663 -13.8449 -14.1226 210.067 -0.0247353 0.0132359 0.999606 -13.8268 -13.764 210.064 -0.0389246 0.0314444 0.998692 2.12092 -1.85318 9.22321 2.94826 53.8972 
6563969 -13.0696 -14.8518 210.06 -0.0251149 0.0144511 0.99958 -13.1402 -14.5237 210.148 -0.0387998 0.0313259 0.998705 2.12236 -1.85405 9.45499 3.00255 53.6797 
6651042 -12.214 -15.5584 210.071 -0.026029 0.0157355 0.999537 -12.2283 -15.1755 210.218 -0.0391829 0.0320448 0.998622 2.12379 -1.85433 9.67248 3.05943 53.4797 
6738365 -11.3586 -16.1865 210.07 -0.0264208 0.016629 0.999513 -11.3143 -15.7343 210.163 -0.0401865 0.0332496 0.99861 2.12523 -1.85606 9.8725 3.11287 53.2924 
6826544 -10.4046 -16.8163 210.075 -0.0266975 0.0167868 0.999503 -10.4029 -16.2706 210.22 -0.0408035 0.0334638 0.998467 2.1258 -1.85893 10.0233 3.17003 53.1574 
6914280 -9.47787 -17.3496 210.076 -0.02686 0.0173651 0.999488 -9.49603 -16.8159 210.165 -0.0410419 0.0332161 0.998499 2.12667 -1.86151 10.1979 3.22289 52.9955 
7000940 -8.4818 -17.8547 210.071 -0.0267624 0.0180819 0.999478 -8.47981 -17.3513 210.218 -0.0409273 0.0335969 0.998575 2.12781 -1.86525 10.3868 3.27805 52.8209 
7088266 -7.51145 -18.2876 210.069 -0.0266842 0.0184852 0.999473 -7.45832 -17.7709 210.26 -0.0416578 0.033445 0.998477 2.1281 -1.86927 10.5345 3.33033 52.6844 
7176433 -6.44524 -18.6933 210.059 -0.0264748 0.0188356 0.999472 -6.44622 -18.0922 210.177 -0.0417741 0.0332 0.998508 2.12839 -1.87387 10.6742 3.38606 52.5542 
7263741 -5.43349 -19.0239 210.056 -0.0262115 0.0188915 0.999478 -5.4283 -18.5052 210.218 -0.0421214 0.0323292 0.998493 2.12781 -1.87875 10.771 3.43806 52.47 
7350858 -4.35071 -19.3049 210.057 -0.0261223 0.0188897 0.99948 -4.40958 -18.8072 210.246 -0.0428348 0.0314503 0.998483 2.12753 -1.88335 10.8456 3.49264 52.405 
7438062 -3.30373 -19.5144 210.055 -0.0258976 0.0191771 0.999481 -3.28428 -18.9905 210.258 -0.0432899 0.029971 0.998542 2.12753 -1.88823 10.9234 3.54435 52.3351 
7526312 -2.18642 -19.6707 210.053 -0.0256448 0.0193871 0.999483 -2.2727 -19.1819 210.273 -0.0435152 0.0291028 0.998526 2.12753 -1.8934 10.9885 3.59893 52.278 
7613564 -1.14056 -19.7484 210.052 -0.0258289 0.0195118 0.999476 -1.26284 -19.2523 210.273 -0.0438369 0.0271415 0.998642 2.12781 -1.89742 11.0218 3.64977 52.2446 
7700824 -0.0204747 -19.7844 210.048 -0.0257609 0.0193163 0.999481 -0.139491 -19.207 210.259 -0.0446422 0.0249125 0.998672 2.12724 -1.90231 11.0425 3.70436 52.2256 
7788055 1.03413 -19.7564 210.045 -0.0258048 0.0191425 0.999484 0.870052 -19.1664 210.247 -0.0452091 0.0229313 0.998671 2.12667 -1.9069 11.0568 3.75578 52.2129 
7876204 2.15661 -19.6717 210.04 -0.0256858 0.0188949 0.999491 1.99111 -19.1199 210.234 -0.0457686 0.0205719 0.998591 2.1258 -1.91207 11.0695 3.81065 52.2034 
7963480 3.20488 -19.5294 210.038 -0.0257503 0.0186495 0.999494 3.11634 -18.9515 210.317 -0.0469428 0.018456 0.998611 2.12523 -1.91667 11.0758 3.86207 52.1986 
8050771 4.29837 -19.3762 210.022 -0.0248538 0.0181461 0.999526 4.11983 -18.7979 210.292 -0.0471379 0.0162405 0.998634 2.12178 -1.92385 11.079 3.91607 52.1986 
8137922 5.31987 -19.0697 210.034 -0.0259957 0.0178006 0.999504 5.12671 -18.6443 210.266 -0.0476991 0.0140169 0.998661 2.12379 -1.92558 11.079 3.96778 52.1986 
8226113 6.40276 -18.7437 210.027 -0.0259578 0.0173359 0.999513 6.12925 -18.2466 210.324 -0.0482387 0.0108094 0.998684 2.12293 -1.93046 11.079 4.02294 52.1986 
8313317 7.37554 -18.3851 210.027 -0.026388 0.0165706 0.999514 7.12788 -17.9835 210.285 -0.0481926 0.00872037 0.998689 2.12207 -1.93391 11.079 4.07407 52.1986 
8400715 8.39836 -17.946 210.025 -0.0265714 0.0159334 0.99952 8.12499 -17.6073 210.233 -0.0482628 0.00638636 0.998725 2.12178 -1.93793 11.0727 4.12894 52.2049 
8487806 9.35044 -17.4714 210.022 -0.0265175 0.0151746 0.999533 9.11597 -17.1146 210.167 -0.0479539 0.00344 0.998708 2.12121 -1.94195 11.0504 4.18094 52.2287 
8575392 10.2782 -16.9362 210.02 -0.0263584 0.0144424 0.999548 9.99758 -16.6023 210.324 -0.0476551 0.000992893 0.998754 2.12092 -1.94597 11.0203 4.23322 52.2621 
8663195 11.2218 -16.3209 210.026 -0.0263536 0.0135668 0.999561 10.9931 -16.1083 210.259 -0.0478315 -0.00208539 0.998757 2.12092 -1.94999 10.9869 4.28809 52.2986 
8750958 12.1568 -15.7161 210.009 -0.0251429 0.0130251 0.999599 11.8736 -15.6082 210.305 -0.0475299 -0.00465366 0.998818 2.11747 -1.95689 10.9488 4.34296 52.3383 
8837704 12.9616 -15.0053 210.025 -0.0260865 0.0119263 0.999589 12.7575 -15.1068 210.352 -0.0475928 -0.00736576 0.998776 2.11977 -1.95804 10.9218 4.39524 52.3653 
8925211 13.7452 -14.2896 210.028 -0.0260437 0.011268 0.999597 13.5139 -14.27 210.36 -0.0467871 -0.0106649 0.998797 2.12006 -1.96177 10.8885 4.44695 52.3986 
9013065 14.5402 -13.4933 210.028 -0.0260036 0.0105681 0.999606 14.2724 -13.675 210.284 -0.0457546 -0.0132316 0.998727 2.11977 -1.96608 10.8631 4.50211 52.424 
9100403 15.2559 -12.7019 210.029 -0.0256332 0.00984037 0.999623 15.0324 -12.8328 210.403 -0.0452118 -0.0156733 0.99877 2.1192 -1.97039 10.8171 4.55439 52.47 
9187597 15.9464 -11.8313 210.037 -0.0253294 0.00883274 0.99964 15.6733 -12.1232 210.425 -0.0437058 -0.0174731 0.99885 2.1192 -1.97384 10.7536 4.60897 52.5335 
9274875 16.5589 -10.9628 210.041 -0.0250907 0.00815393 0.999652 16.3148 -11.2912 210.434 -0.0425398 -0.0205218 0.998837 2.11948 -1.97757 10.7028 4.66097 52.5812 
9363111 17.1562 -10.0093 210.043 -0.0248598 0.00728877 0.999664 17.0725 -10.4612 210.443 -0.0418733 -0.0230966 0.998772 2.11977 -1.98131 10.6456 4.71612 52.6304 
9450224 17.6618 -9.07067 210.043 -0.0245935 0.00670958 0.999675 17.5943 -9.51565 210.551 -0.0399939 -0.0252664 0.998769 2.12092 -1.98504 10.5805 4.76783 52.6828 
9537441 18.1478 -8.06062 210.042 -0.0242127 0.00593999 0.999689 18.1137 -8.58012 210.548 -0.0379839 -0.027797 0.998809 2.12149 -1.98878 10.5123 4.8227 52.7383 
9624701 18.5623 -7.08326 210.041 -0.0238015 0.00531617 0.999703 18.7482 -7.6432 210.544 -0.0363428 -0.0302146 0.998838 2.12178 -1.9928 10.4488 4.8747 52.7891 
9711966 18.9331 -6.02922 210.043 -0.0234959 0.00436988 0.999714 19.154 -6.71807 210.544 -0.0341087 -0.0318917 0.998773 2.12264 -1.99596 10.3805 4.92957 52.8431 
9800450 19.2317 -5.01256 210.044 -0.0231107 0.00364895 0.999726 19.5505 -5.74214 210.527 -0.031158 -0.027118 0.99903 2.12351 -1.99912 10.3122 4.98156 52.8971 
9887325 19.4949 -3.91837 210.046 -0.0226753 0.00287032 0.999739 19.8294 -4.55097 210.595 -0.0280037 -0.0204923 0.999309 2.12408 -2.00199 10.2472 5.03729 52.9463 
9974579 19.6798 -2.88294 210.047 -0.0220867 0.00196582 0.999754 20.1112 -3.24953 210.54 -0.0255526 -0.0152447 0.999514 2.12465 -2.00343 10.1773 5.08958 52.9971 
10061818 19.8161 -1.75661 210.047 -0.0214269 0.00155809 0.999769 20.2964 -2.051 210.612 -0.0243314 -0.00967515 0.99957 2.12552 -2.00544 10.0995 5.14531 53.0543 
10150234 19.8773 -0.716276 210.049 -0.0207245 0.000465284 0.999785 20.3664 -0.851139 210.575 -0.0228259 -0.00594686 0.999598 2.12638 -2.00486 10.0265 5.1973 53.105 
10237324 19.8801 0.410119 210.049 -0.0200301 -0.00022245 0.999799 20.4491 0.242656 210.55 -0.0224071 -0.00272744 0.999698 2.12753 -2.00486 9.95029 5.25303 53.1559 
10324586 19.8145 1.46918 210.049 -0.0192771 -0.000757498 0.999814 20.4163 1.45405 210.515 -0.0218459 -0.000503831 0.999671 2.12925 -2.00429 9.86139 5.30532 53.2178 
10411762 19.6907 2.58333 210.048 -0.0183373 -0.00129412 0.999831 20.2756 2.55559 210.493 -0.0213982 0.00135359 0.999689 2.1304 -2.00343 9.76931 5.36105 53.2828 
10499971 19.522 3.64324 210.05 -0.0177442 -0.00142129 0.999842 20.0253 3.66388 210.474 -0.0211729 0.00222172 0.999705 2.13126 -2.00371 9.69946 5.41419 53.3337 
10587223 19.2798 4.72911 210.054 -0.0169344 -0.00196272 0.999855 19.6649 4.67333 210.579 -0.0207007 0.00297406 0.999733 2.13212 -2.00256 9.62485 5.46992 53.3892 
10674395 18.9965 5.75823 210.052 -0.0163114 -0.00184326 0.999865 19.417 5.76848 210.45 -0.0208427 0.00381952 0.999633 2.1327 -2.00285 9.55024 5.52307 53.4416 
10761598 18.6414 6.82967 210.046 -0.0156096 -0.00146751 0.999877 19.0599 6.77032 210.444 -0.0208444 0.00395528 0.999739 2.13299 -2.00343 9.46134 5.57937 53.5083 
10849867 18.2502 7.80795 210.044 -0.0147828 -0.00150236 0.99989 18.5889 7.76754 210.441 -0.0206089 0.00432416 0.999693 2.13327 -2.00256 9.37879 5.63252 53.5686 
10937138 17.7719 8.83396 210.038 -0.0143908 -0.00122687 0.999896 18.118 8.76588 210.437 -0.0203705 0.00457187 0.99966 2.13385 -2.00285 9.30418 5.68911 53.6194 
11024343 17.2798 9.776 210.027 -0.013867 -0.00101754 0.999903 17.6562 9.66386 210.447 -0.0208399 0.00369836 0.999647 2.13356 -2.00285 9.23591 5.74283 53.6639 
11111902 16.7524 10.7547 210.007 -0.013411 0.000223965 0.99991 17.0692 10.6508 210.334 -0.020224 0.00346948 0.999669 2.13069 -2.00544 9.15495 5.79942 53.7226 
11199837 16.0927 11.6106 210.023 -0.012897 -0.000737286 0.999917 16.4936 11.5417 210.345 -0.0204595 0.0031006 0.999715 2.13413 -2.0017 9.08669 5.85314 53.7766 
11287295 15.445 12.4536 210.024 -0.0126813 -0.000617309 0.999919 15.8126 12.317 210.37 -0.0210668 0.00296599 0.999737 2.13442 -2.00142 9.02636 5.90686 53.8242 
11374216 14.7106 13.2991 210.023 -0.0123474 -0.000684411 0.999924 14.8901 13.0818 210.288 -0.0198249 0.00200897 0.999718 2.13471 -2.00055 8.96762 5.96374 53.867 
11461497 13.9699 14.0667 210.023 -0.0121296 -0.000473608 0.999926 14.2056 13.8607 210.314 -0.0200587 0.00150434 0.999658 2.13471 -2.00027 8.90413 6.01775 53.9178 
11549733 13.148 14.8354 210.025 -0.0118722 -0.000455473 0.999929 13.5256 14.6406 210.339 -0.0207767 0.000882377 0.99974 2.13442 -1.99969 8.85015 6.0752 53.9623 
11637600 12.3433 15.5133 210.025 -0.0116383 -0.000495722 0.999932 12.4965 15.2899 210.272 -0.0197845 0.00016231 0.999694 2.13385 -1.99912 8.80729 6.12921 53.9956 
11724130 11.4463 16.1916 210.112 -0.0116488 -0.000650489 0.999932 11.8178 15.9659 210.311 -0.0203645 -0.00119855 0.99974 2.13327 -1.99912 8.77712 6.18666 54.0052 
11811820 10.5626 16.7706 210.08 -0.0114563 -0.000746595 0.999934 10.9085 16.5082 210.255 -0.0199796 -0.00205323 0.999717 2.13327 -1.99826 8.7295 6.24067 54.0131 
11899618 9.60669 17.3354 210.062 -0.0110391 -0.000829103 0.999939 9.89022 16.9482 210.326 -0.0194784 -0.00266289 0.999662 2.13241 -1.99711 8.68505 0.0149381 54.029 
11986851 8.66363 17.8206 210.051 -0.0109016 -0.000821976 0.99994 8.98464 17.3807 210.282 -0.0192115 -0.00362683 0.999776 2.13184 -1.99653 8.6406 0.0695195 54.0528 
12073978 7.633 18.2776 210.044 -0.0109468 -0.00093868 0.99994 7.9641 17.8096 210.241 -0.0185826 -0.00447613 0.999749 2.13155 -1.99624 8.60091 0.127261 54.0782 
12161258 6.63897 18.6568 210.036 -0.0108485 -0.00106679 0.999941 7.0619 18.2434 210.199 -0.0186802 -0.0055839 0.999761 2.13097 -1.99567 8.5644 0.18213 54.102 
12248482 5.57424 19.0006 210.032 -0.0106963 -0.00125873 0.999942 5.81399 18.5565 210.174 -0.017319 -0.00641706 0.999725 2.13011 -1.9951 8.53424 0.239871 54.1274 
12337418 4.54505 19.2793 210.027 -0.010827 -0.00140326 0.99994 4.91778 18.8906 210.256 -0.0176663 -0.00728788 0.99971 2.12896 -1.99538 8.50884 0.29474 54.1512 
12423875 3.46425 19.4965 210.029 -0.0106195 -0.00172938 0.999942 3.79654 19.0956 210.243 -0.0176476 -0.00815063 0.999691 2.12839 -1.99452 8.48344 0.351619 54.1718 
12511112 2.39856 19.6702 210.019 -0.010836 -0.00178807 0.99994 2.67348 19.184 210.244 -0.0171537 -0.0083822 0.999714 2.12667 -1.9951 8.45645 0.40735 54.1925 
12598353 1.28834 19.7573 210.018 -0.0107679 -0.00202043 0.99994 1.54773 19.3878 210.231 -0.0166497 -0.00911302 0.999674 2.12667 -1.99423 8.41676 0.464229 54.2195 
12686683 0.220445 19.8127 210.013 -0.0111599 -0.00206497 0.999936 0.424985 19.3664 210.244 -0.015909 -0.00946038 0.999709 2.12494 -1.9951 8.38343 0.519098 54.2528 
12773882 -0.90073 19.7959 210.015 -0.0115989 -0.00215443 0.99993 -0.70256 19.4425 210.133 -0.0150462 -0.00980505 0.999742 2.12379 -1.99567 8.33739 0.576265 54.2988 
12860984 -1.96527 19.7235 210.012 -0.0118458 -0.00237758 0.999927 -1.70797 19.4203 210.146 -0.0149242 -0.00980236 0.999741 2.12264 -1.99596 8.30405 0.630847 54.3322 
12948278 -3.08125 19.5849 210.011 -0.0117818 -0.00269769 0.999927 -2.83032 19.2859 210.173 -0.0139451 -0.00990201 0.999744 2.12149 -1.99567 8.28024 0.688588 54.356 
13036854 -4.1193 19.3907 210.012 -0.0117425 -0.00306974 0.999926 -3.73782 19.2681 210.183 -0.0123529 -0.0101094 0.999753 2.12092 -1.99538 8.25643 0.742595 54.3782 
13123733 -5.20532 19.1401 210.009 -0.0111677 -0.00307265 0.999933 -4.86655 19.018 210.223 -0.0104078 -0.00968825 0.999807 2.1192 -1.99395 8.2342 0.800624 54.4004 
13210983 -6.21342 18.8387 210.01 -0.0107538 -0.00321419 0.999937 -5.87465 18.7619 210.151 -0.00955076 -0.00979059 0.999811 2.11833 -1.9928 8.21197 0.854918 54.4227 
13298137 -7.27909 18.4746 210.002 -0.0108635 -0.00325825 0.999936 -6.88031 18.4128 210.203 -0.00856026 -0.0103749 0.999872 2.11632 -1.9928 8.17705 0.913234 54.4576 
13386372 -8.21997 18.0551 210.008 -0.0091407 -0.00236573 0.999955 -7.88751 17.9248 210.158 -0.00723954 -0.0093614 0.99986 2.11575 -1.98734 8.14848 0.967815 54.4846 
13473613 -9.21535 17.5684 210.006 -0.00782471 -0.00161848 0.999968 -8.78144 17.5614 210.098 -0.00637963 -0.0095849 0.999879 2.11431 -1.98332 8.13578 1.02642 54.4973 
13560926 -10.1333 17.0363 210.012 -0.00696752 -0.0013522 0.999975 -9.77934 16.9685 210.066 -0.00577801 -0.00920796 0.999828 2.11431 -1.98044 8.12308 1.08129 54.5084 
13648228 -11.0191 16.4635 210.015 -0.00585857 -0.00066938 0.999983 -10.7748 16.2814 210.158 -0.00504582 -0.00919183 0.999819 2.11374 -1.97671 8.11831 1.13644 54.5132 
13736290 -11.9283 15.8173 210.014 -0.00506143 -8.28258e-005 0.999987 -11.6624 15.6977 210.125 -0.00430509 -0.00953918 0.999854 2.11259 -1.97384 8.11831 1.19476 54.5132 
13823966 -12.7566 15.1591 210.013 -0.00435748 0.00060252 0.99999 -12.4374 15.1321 210.201 -0.00355982 -0.0101435 0.999796 2.11144 -1.97096 8.11831 1.2502 54.5132 
13910749 -13.5997 14.4103 210.013 -0.00399707 0.000875489 0.999992 -13.4335 14.3087 210.085 -0.00270275 -0.0102458 0.9998 2.11058 -1.96924 8.11831 1.30852 54.5132 
13998366 -14.3524 13.6467 210.019 -0.00374584 0.000801491 0.999993 -14.188 13.3047 210.214 -0.00304437 -0.011359 0.999815 2.11058 -1.96809 8.11831 1.3631 54.5132 
14086146 -15.1169 12.8009 210.017 -0.00381591 0.000481885 0.999993 -14.8441 12.5158 210.204 -0.0026424 -0.0129406 0.999878 2.10972 -1.96809 8.11831 1.42113 54.5132 
14173732 -15.8481 11.9634 209.996 -0.0045059 -0.000180348 0.99999 -15.6155 11.593 210.211 -0.00155836 -0.0123106 0.999792 2.10627 -1.97039 8.11831 1.4783 54.5132 
14260626 -16.4435 11.0594 210.018 -0.0038431 -5.50841e-005 0.999993 -16.2689 10.6888 210.214 -0.00116779 -0.0134076 0.999798 2.10799 -1.9678 8.11831 1.53259 54.5132 
14348245 -17.0203 10.1566 210.02 -0.0038867 -0.000650956 0.999992 -16.8173 9.77767 210.217 -6.6656e-005 -0.0135046 0.999799 2.10742 -1.96838 8.11831 1.5866 54.5132 
14436147 -17.5629 9.17656 210.025 -0.00376544 -0.00109388 0.999992 -17.1426 8.97094 210.204 0.000763089 -0.0123807 0.999778 2.10713 -1.96838 8.11831 1.64319 54.5132 
14523283 -18.0944 8.20552 210.003 -0.00440188 -0.00215468 0.999988 -17.6932 8.05742 210.205 0.00210375 -0.0122153 0.999869 2.1034 -1.97154 8.11514 1.70007 54.5132 
14610545 -18.4633 7.19506 210.025 -0.00358945 -0.0018809 0.999992 -18.0103 7.1434 210.205 0.00233188 -0.0114683 0.9999 2.10598 -1.96867 8.11196 1.75379 54.5132 
14697823 -18.8171 6.2037 210.025 -0.00347967 -0.00207066 0.999992 -18.4377 6.12301 210.219 0.00269797 -0.0114603 0.999895 2.10541 -1.96838 8.1072 1.80751 54.5132 
14785077 -19.1398 5.12478 210.025 -0.00330723 -0.00249876 0.999991 -18.759 5.09818 210.233 0.00365714 -0.0107118 0.999796 2.10483 -1.96867 8.10561 1.86467 54.5116 
14873447 -19.3882 4.08665 210.026 -0.0030964 -0.00276065 0.999991 -19.0771 4.08245 210.246 0.00427299 -0.0109407 0.999817 2.10426 -1.96867 8.10561 1.91897 54.5084 
14960398 -19.5924 2.98338 210.02 -0.00295117 -0.00302166 0.999991 -19.274 2.85346 210.285 0.0044138 -0.0118007 0.999797 2.1034 -1.96867 8.10244 1.97614 54.502 
15048287 -19.7262 1.9244 210.017 -0.00269222 -0.00338098 0.999991 -19.3672 1.71386 210.197 0.00501942 -0.0115303 0.999881 2.10282 -1.96895 8.10403 2.03014 54.4941 
15134892 -19.8114 0.812206 210.013 -0.00249238 -0.00355461 0.999991 -19.4633 0.703161 210.208 0.00575615 -0.0117711 0.99978 2.10167 -1.96895 8.1072 2.08702 54.4846 
15223158 -19.8305 -0.249953 210.01 -0.0022461 -0.00374092 0.99999 -19.3244 -0.420249 210.229 0.00550185 -0.0112773 0.999846 2.10081 -1.96895 8.11038 2.14103 54.4751 
15310344 -19.7937 -1.37637 210.007 -0.00195763 -0.00410842 0.99999 -19.425 -1.43119 210.239 0.00672786 -0.0114927 0.99986 2.09966 -1.96953 8.11514 2.1982 54.4671 
15397574 -19.6885 -2.43123 210.011 -0.00161056 -0.00432604 0.999989 -19.2901 -2.67985 210.163 0.00707972 -0.0108788 0.999783 2.09937 -1.96953 8.11514 2.25163 54.4655 
15484783 -19.5164 -3.53975 210.014 -0.00124991 -0.00426033 0.99999 -19.1626 -3.80239 210.184 0.00804858 -0.0104792 0.999849 2.09909 -1.96895 8.1199 2.30822 54.4592 
15573057 -19.2922 -4.57285 210.015 -0.000919053 -0.00423922 0.999991 -18.8041 -4.91167 210.203 0.00818085 -0.0109758 0.999784 2.09909 -1.96838 8.1199 2.36137 54.4544 
15660258 -19.0038 -5.65866 210.015 -0.000580449 -0.00438237 0.99999 -18.5649 -6.04394 210.111 0.00903053 -0.0107 0.999866 2.09851 -1.96838 8.12149 2.41796 54.4497 
15747416 -18.6768 -6.67123 210.01 -0.000346615 -0.00456946 0.999989 -18.1056 -6.93394 210.101 0.00976272 -0.0106839 0.999857 2.09765 -1.96838 8.11673 2.47168 54.4481 
15834710 -18.2653 -7.75535 210.001 0.000860456 -0.00599012 0.999982 -17.6411 -7.93502 210.216 0.0103399 -0.00920185 0.999796 2.09708 -1.97211 8.11196 2.52856 54.4481 
15923013 -17.8296 -8.68814 210.009 0.000534692 -0.00510897 0.999987 -17.2723 -9.04872 210.234 0.00936361 -0.00922336 0.999808 2.0965 -1.96924 8.11037 2.58141 54.4481 
16010214 -17.307 -9.68705 210.01 0.00108705 -0.00534426 0.999985 -16.9155 -9.855 210.101 0.00872728 -0.00799597 0.999912 2.09621 -1.96982 8.10879 2.63772 54.4481 
16097483 -16.7727 -10.5982 210.003 0.00148839 -0.00557868 0.999983 -16.3374 -10.7606 210.091 0.00868287 -0.00604274 0.9998 2.09535 -1.97039 8.10244 2.69086 54.4481 
16184667 -16.1463 -11.5289 210.001 0.00195119 -0.00561108 0.999982 -15.8612 -11.5474 210.067 0.00732174 -0.00520958 0.999836 2.09507 -1.97068 8.09926 2.74717 54.4481 
16272785 -15.5186 -12.3755 209.997 0.00235731 -0.00571694 0.999981 -15.2813 -12.4238 210.166 0.00719517 -0.00495534 0.999929 2.0942 -1.97125 8.09609 2.80032 54.4481 
16360102 -14.8013 -13.2422 209.992 0.00287926 -0.00586812 0.999979 -14.5911 -13.2995 210.154 0.00709477 -0.00594194 0.999926 2.09334 -1.97211 8.09291 2.85691 54.4481 
16447431 -14.0815 -13.9944 209.996 0.00257985 -0.00529987 0.999983 -13.7864 -14.3072 210.042 0.00684786 -0.00582616 0.999915 2.09334 -1.9701 8.08974 2.90977 54.4481 
16534476 -13.3152 -14.7812 209.984 0.00283737 -0.00567547 0.99998 -12.987 -15.0776 210.016 0.00672751 -0.00596461 0.999809 2.09047 -1.97125 8.08656 2.96578 54.4481 
16622649 -12.4636 -15.4215 210.007 0.00158818 -0.00406541 0.99999 -12.0772 -15.8337 210.098 0.0068507 -0.00594732 0.999929 2.0942 -1.96493 8.08339 3.01893 54.4481 
16709990 -11.5746 -16.1054 210.008 0.00129787 -0.00385176 0.999992 -11.1778 -16.4945 210.056 0.00769923 -0.00568617 0.99989 2.09363 -1.9635 8.0818 3.07581 54.4481 
16797164 -10.6878 -16.6947 210.013 0.000828093 -0.00349148 0.999994 -10.0534 -17.0296 210.11 0.00817311 -0.00506958 0.999811 2.09392 -1.9612 8.07863 3.12953 54.4481 
16884508 -9.77106 -17.2484 210.011 0.000438535 -0.00339141 0.999994 -9.04976 -17.4723 210.04 0.00925262 -0.00418263 0.999817 2.09334 -1.95947 8.07386 3.18382 54.4481 
16972647 -8.7791 -17.7681 210.017 -0.000249307 -0.00314926 0.999995 -8.02438 -18.0108 210.094 0.00838247 -0.00345987 0.999861 2.09305 -1.95689 8.07386 3.2407 54.4481 
17060311 -7.78741 -18.2811 210.003 1.66087e-005 -0.00363644 0.999993 -7.10983 -18.4387 210.135 0.00715192 -0.00298751 0.999939 2.08932 -1.95804 8.08339 3.29787 54.4385 
17147027 -6.77809 -18.6245 210.021 -0.00112211 -0.00285108 0.999995 -6.20028 -18.654 210.152 0.00589858 -0.00154584 0.9999 2.09219 -1.95344 8.09133 3.35101 54.429 
17234313 -5.76852 -18.9624 210.017 -0.00142504 -0.00261689 0.999996 -5.50105 -18.9011 210.059 0.003149 0.00134674 0.999947 2.09191 -1.95229 8.11038 3.40502 54.4068 
17321556 -4.69209 -19.26 210.014 -0.00141523 -0.00251799 0.999996 -4.38237 -18.8917 210.156 0.00295924 0.00441695 0.999948 2.09133 -1.952 8.12149 3.46161 54.3941 
17410230 -3.65569 -19.4826 210.009 -0.00130734 -0.00239217 0.999996 -3.48599 -18.8845 210.145 0.00256297 0.00575629 0.999913 2.09076 -1.952 8.13101 3.51533 54.3798 
17496959 -2.54338 -19.66 210.006 -0.00114686 -0.0022654 0.999997 -2.35461 -19.0858 210.159 0.00145329 0.00621674 0.999868 2.08989 -1.95229 8.14371 3.5725 54.3655 
17584529 -1.49527 -19.7628 210.006 -0.0010785 -0.00215545 0.999997 -1.44767 -19.1904 210.16 0.000201114 0.00767302 0.999951 2.08932 -1.95229 8.15006 3.62593 54.3576 
17671421 -0.368092 -19.8177 210.005 -0.000617246 -0.00199144 0.999998 -0.536872 -19.168 210.15 -0.00174685 0.00737306 0.999883 2.08846 -1.95344 8.15641 3.6831 54.3512 
17760267 0.68902 -19.8055 210.005 -0.000431779 -0.00176001 0.999998 0.461698 -19.1448 210.138 -0.00113385 0.00726534 0.99989 2.08788 -1.95402 8.16752 3.73682 54.3401 
17846790 1.81469 -19.7307 210.007 -0.000211803 -0.00156434 0.999999 1.6846 -19.1179 210.123 -0.000645721 0.0072761 0.999884 2.08731 -1.95459 8.17388 3.79398 54.3338 
17934038 2.8615 -19.605 210.007 -7.25139e-005 -0.00147413 0.999999 2.91783 -19.2971 210.024 -0.000822052 0.00419782 0.999887 2.08673 -1.95488 8.17546 3.84742 54.3322 
18021293 3.97515 -19.4214 210.003 0.000292563 -0.00144511 0.999999 4.0217 -19.1384 210.108 0.000300708 0.00311694 0.999884 2.08559 -1.95574 8.17546 3.90458 54.3322 
18109565 5.00085 -19.1869 210.004 0.000435551 -0.00138007 0.999999 5.02863 -18.8911 210.068 -0.000544968 0.00273462 0.999938 2.08501 -1.95603 8.17705 3.95773 54.3306 
18196785 6.075 -18.8774 210.003 0.000530099 -0.00129429 0.999999 5.93667 -18.655 210.031 -0.00275578 0.00329204 0.999892 2.08444 -1.95631 8.18023 4.01432 54.3274 
18284265 7.07569 -18.5413 209.999 0.000789525 -0.0012226 0.999999 7.04127 -18.1911 210.075 -0.00255212 0.00514408 0.999913 2.083 -1.95718 8.1834 4.06804 54.3242 
18371238 8.10369 -18.1131 210.002 0.000788107 -0.0011355 0.999999 8.13044 -17.6007 210.106 -0.00096856 0.00530021 0.999879 2.08243 -1.95718 8.18499 4.12435 54.3227 
18459503 9.07119 -17.6532 210.001 0.00110416 -0.000886764 0.999999 9.32899 -17.0113 210.135 0.000851679 0.0058398 0.99992 2.08156 -1.95804 8.18658 4.17807 54.3211 
18546694 10.0611 -17.0945 210.004 0.00113788 -0.000619735 0.999999 10.3113 -16.4423 210.055 0.001812 0.0066029 0.999941 2.08185 -1.95804 8.18816 4.23466 54.3195 
18633823 10.9598 -16.5317 210.003 0.00115456 -0.000493093 0.999999 11.3109 -15.9803 209.99 0.0011933 0.00695295 0.999905 2.08128 -1.95804 8.19134 4.2878 54.3163 
18721096 11.8761 -15.8886 210 0.00122227 -0.000264721 0.999999 12.1752 -15.1753 209.997 0.00240507 0.00734334 0.999847 2.0807 -1.95832 8.19769 4.34382 54.31 
18809325 12.7099 -15.2337 209.998 0.00130159 -0.000169911 0.999999 13.0478 -14.488 210.018 0.00299075 0.00846187 0.999829 2.07984 -1.95832 8.19928 4.39697 54.3084 
18896606 13.5587 -14.4725 209.999 0.0013725 0.000228071 0.999999 14.0293 -13.6783 210.022 0.00359922 0.00861107 0.999928 2.08013 -1.95861 8.20086 4.45327 54.3068 
18983875 14.3173 -13.7266 209.998 0.00149224 0.000484387 0.999999 14.7913 -12.9853 210.044 0.00408165 0.00886416 0.999893 2.07955 -1.9589 8.20245 4.50613 54.3052 
19071374 15.1166 -12.875 209.984 0.00251629 0.00218715 0.999994 15.4409 -12.0739 209.929 0.00398409 0.00775639 0.999905 2.07869 -1.9635 8.20245 4.56272 54.3052 
19159267 15.7556 -12.0666 209.99 0.0019207 0.00137289 0.999997 15.9979 -11.4814 209.967 0.00279279 0.00636749 0.999837 2.0784 -1.96062 8.20245 4.615 54.3052 
19246492 16.4108 -11.1611 209.989 0.0019218 0.00164269 0.999997 16.5511 -10.6777 209.977 0.00145614 0.00609558 0.999883 2.07812 -1.96091 8.20245 4.67073 54.3052 
19333676 16.9907 -10.2801 209.982 0.00207878 0.00213857 0.999996 17.0926 -9.76 209.974 0.00110429 0.00548169 0.99996 2.07725 -1.96206 8.20245 4.72331 54.3052 
19421230 17.545 -9.30395 209.978 0.00204469 0.00264246 0.999994 17.6344 -8.95751 209.986 0.000983945 0.00534324 0.999855 2.07725 -1.96292 8.20245 4.77904 54.3052 
19509077 18.0158 -8.34828 209.977 0.00190046 0.00305811 0.999994 18.0642 -7.94284 209.971 0.000360705 0.00595021 0.999911 2.07754 -1.9635 8.20245 4.83189 54.3052 
19596619 18.4744 -7.30401 209.968 0.00199302 0.00457192 0.999988 18.486 -6.92946 209.956 0.000588837 0.00669717 0.999942 2.07754 -1.96694 8.20245 4.88762 54.3052 
19683589 18.8162 -6.32731 209.976 0.00149747 0.00363506 0.999992 18.8053 -5.91709 209.943 -0.000157594 0.00728686 0.999878 2.07783 -1.96407 8.20245 4.94019 54.3052 
19771258 19.1617 -5.2387 209.967 0.0014425 0.00487583 0.999987 19.0241 -4.88107 210.043 -0.00197214 0.00650493 0.999866 2.07725 -1.96694 8.20245 4.9965 54.3052 
19858086 19.3924 -4.2304 209.978 0.00101687 0.00348856 0.999993 19.2408 -3.96363 210.044 -0.00340634 0.00512525 0.999923 2.07725 -1.96321 8.20404 5.04964 54.3052 
19946510 19.63 -3.15158 209.97 0.00113473 0.00401448 0.999991 19.3252 -2.85439 209.909 -0.00328716 0.0052491 0.999907 2.07438 -1.96493 8.20721 5.10566 54.3052 
20033473 19.7253 -2.10044 209.989 0.000546175 0.00242413 0.999997 19.5315 -1.72497 209.995 -0.00404383 0.00633805 0.999906 2.07668 -1.96034 8.21198 5.15909 54.3052 
20120682 19.8059 -1.0436 209.992 0.000358311 0.00225004 0.999997 19.633 -0.703733 209.985 -0.00536739 0.00544571 0.999904 2.07639 -1.95976 8.21515 5.21253 54.3052 
20207983 19.8312 0.0664975 209.997 0.000364434 0.0014805 0.999999 19.5139 0.20405 209.99 -0.00668526 0.00431105 0.99993 2.07553 -1.95775 8.21674 5.26941 54.3052 
20296257 19.7907 1.12123 210.002 0.000310595 0.00098784 0.999999 19.3934 1.21927 209.982 -0.00813371 0.00353719 0.999914 2.07524 -1.95631 8.21674 5.32313 54.3068 
20383332 19.6846 2.22239 210.01 0.000394143 2.97526e-005 1 19.2788 2.03349 210.001 -0.00965524 0.000550488 0.999919 2.07496 -1.95373 8.21833 5.38001 54.3068 
20470588 19.5338 3.26142 210.011 0.000556067 -0.000644178 1 19.1721 2.7566 210.035 -0.011742 -0.00455325 0.999816 2.07409 -1.952 8.21833 5.4343 54.3068 
20557819 19.3135 4.34823 210.015 0.000583952 -0.00116996 0.999999 19.0428 3.55716 209.943 -0.0117991 -0.00750768 0.999804 2.07352 -1.95086 8.2215 5.49175 54.3068 
20646489 19.0498 5.35983 210.016 0.000632214 -0.00159134 0.999999 18.6843 4.57807 210.048 -0.0115437 -0.00798696 0.999859 2.07295 -1.94999 8.22309 5.54605 54.3068 
20733357 18.7169 6.441 210.012 0.000648063 -0.00158379 0.999999 18.5492 5.58607 210.041 -0.0114216 -0.00798427 0.999857 2.07151 -1.95028 8.22468 5.60465 54.3068 
20821293 18.3405 7.43636 210.015 0.000562947 -0.00171913 0.999998 18.1703 6.69729 210.023 -0.0093528 -0.00769622 0.999803 2.07093 -1.95028 8.23103 5.65952 54.3068 
20907716 17.8925 8.47086 210.013 0.000467965 -0.00161449 0.999999 17.9994 8.11115 209.961 -0.00650939 -0.00368142 0.999907 2.07007 -1.95086 8.23579 5.71726 54.3068 
20996550 17.4198 9.42429 210.01 0.000320324 -0.00142846 0.999999 17.7255 9.3092 209.928 -0.00401446 -0.000552038 0.999875 2.06979 -1.95143 8.23896 5.77127 54.3068 
21083208 16.8729 10.4118 210.003 0.000331524 -0.00120797 0.999999 17.1358 10.4145 209.912 -0.00328966 -0.000157812 0.999944 2.06864 -1.952 8.24214 5.82872 54.3068 
21170340 16.3034 11.3067 210 0.000307879 -0.00108139 0.999999 16.5658 11.3136 209.924 -0.00411771 -0.00141748 0.999857 2.06806 -1.95229 8.24372 5.88244 54.3068 
21257589 15.64 12.2135 209.997 0.000199625 -0.0010365 0.999999 15.8748 11.8777 209.865 -0.00320315 -0.00409347 0.999925 2.06806 -1.95258 8.24531 5.93932 54.3068 
21345892 14.9635 13.0328 209.994 -1.93179e-005 -0.000967148 1 15.2985 12.5595 209.903 -0.00279949 -0.00581089 0.999882 2.06835 -1.95315 8.24531 5.99304 54.3068 
21433088 14.1996 13.8582 209.995 -0.00013911 -0.00105669 0.999999 14.6014 13.3448 209.929 -0.00167388 -0.00701293 0.999893 2.06864 -1.95344 8.24849 6.05021 54.3068 
21520297 13.44 14.5957 209.993 -0.000322197 -0.00108377 0.999999 13.9042 14.2273 209.941 -0.000825361 -0.00675178 0.999854 2.06892 -1.95402 8.25007 6.10393 54.3068 
21607500 12.6016 15.3215 209.993 -0.000205616 -0.00129655 0.999999 13.1051 14.8771 209.871 -0.000575601 -0.00698873 0.99988 2.06921 -1.95373 8.25166 6.16052 54.3068 
21694785 11.7685 15.9678 209.992 -0.000165416 -0.00144816 0.999999 12.3026 15.5378 209.911 0.000156589 -0.00697259 0.999871 2.0695 -1.95373 8.25325 6.21424 54.3068 
21782979 10.8457 16.6133 209.992 -0.000243043 -0.00147733 0.999999 11.4 16.098 209.966 -5.73016e-005 -0.00832538 0.999913 2.06921 -1.9543 8.25643 6.27169 54.3068 
21870247 9.94762 17.1607 209.994 -7.3739e-005 -0.00171671 0.999999 10.4882 16.7442 209.897 0.000311641 -0.00843847 0.999923 2.0695 -1.95402 8.2596 0.0422288 54.3068 
21957581 8.9952 17.7312 209.977 -0.000917381 -0.000914367 0.999999 9.58154 17.1867 209.966 0.000812851 -0.00904813 0.999869 2.06605 -1.95746 8.26119 0.0993957 54.3068 
22044587 8.00969 18.1442 209.993 9.38952e-005 -0.00192492 0.999998 8.5578 17.6064 209.925 0.00178625 -0.00890545 0.999842 2.06921 -1.9543 8.26278 0.153403 54.3068 
22132908 6.96723 18.5698 209.993 5.7589e-005 -0.00198997 0.999998 7.54402 18.0477 209.995 0.00180219 -0.00964704 0.999808 2.06892 -1.95488 8.26595 0.210857 54.3068 
22220148 5.95467 18.9118 209.995 -3.49551e-005 -0.00215291 0.999998 6.6445 18.3672 209.966 0.00169724 -0.0103767 0.999897 2.06921 -1.95545 8.26913 0.265151 54.3068 
22307386 4.93789 19.1951 209.998 4.82718e-006 -0.00235736 0.999997 5.51177 18.6736 209.939 0.00267065 -0.010234 0.999871 2.0695 -1.95574 8.27389 0.318871 54.3068 
22394494 3.86001 19.4598 209.957 -0.000110222 -0.0025681 0.999997 12.7238 27.3392 189.235 -0.051175 -0.0563687 0.996965 2.06921 -1.95631 8.27865 0.376325 54.3068 
22482802 2.85605 19.8026 209.642 -0.00223345 -0.00315507 0.999993 2.95034 19.4498 209.867 -0.0483848 0.00638367 0.998726 2.06864 -1.95919 8.28659 0.433204 54.3766 
22569999 1.73179 19.8496 209.785 -0.00222391 -0.00374374 0.999991 1.85045 19.5895 210.09 -0.0501544 0.00349816 0.998599 2.07381 -1.95689 8.26913 0.486924 54.4751 
22657323 0.650103 19.8922 209.854 -0.00295604 -0.00377635 0.999989 0.962051 19.5814 210.101 -0.0506152 0.00226116 0.998629 2.07496 -1.95689 8.25166 0.540644 54.5417 
22744553 -0.493623 19.8765 209.907 -0.0037919 -0.00390875 0.999985 -0.47373 19.7038 210.217 -0.0523763 -0.000987849 0.998546 2.07611 -1.95718 8.23261 0.597236 54.5941 
22832602 -1.65395 19.8062 209.942 -0.00556983 -0.00432687 0.999975 -1.46134 19.6993 210.23 -0.0541675 -0.00288945 0.998423 2.07697 -1.96005 8.21515 0.653828 54.6322 
22919853 -2.69101 19.6813 209.968 -0.00526635 -0.00427596 0.999977 -2.46029 19.6933 210.243 -0.0547401 -0.00462839 0.998392 2.07697 -1.95746 8.20245 0.707548 54.6624 
23007468 -3.74074 19.5019 209.992 -0.00576097 -0.00424829 0.999974 -3.66461 19.5527 210.272 -0.0569464 -0.0043279 0.998254 2.07697 -1.9566 8.17229 0.761555 54.7068 
23094354 -4.84422 19.2594 210.004 -0.00664182 -0.00424632 0.999969 -4.3267 19.3187 210.307 -0.0571847 -0.00457561 0.998286 2.07639 -1.95631 8.13736 0.819009 54.7481 
23182531 -5.85343 18.9701 210.013 -0.0067163 -0.00408271 0.999969 -5.66793 19.0949 210.35 -0.0563877 -0.00751122 0.998263 2.07611 -1.95402 8.11355 0.873303 54.7719 
23269752 -6.93384 18.6013 210.02 -0.00741992 -0.00426095 0.999963 -6.55561 18.8628 210.388 -0.056366 -0.00849513 0.998258 2.07582 -1.95344 8.08815 0.931332 54.7973 
23357300 -7.89007 18.1975 210.036 -0.00714626 -0.00389767 0.999967 -7.65931 18.5051 210.33 -0.056946 -0.00985599 0.998305 2.07611 -1.94971 8.06275 0.985339 54.8227 
23444290 -8.91485 17.7253 210.039 -0.00780057 -0.0039377 0.999962 -8.67484 18.0339 210.284 -0.0547295 -0.0106557 0.99838 2.07524 -1.94827 8.03894 1.04365 54.8465 
23531528 -9.8304 17.2244 210.046 -0.0076407 -0.00349925 0.999965 -9.57643 17.4757 210.361 -0.0523722 -0.0123155 0.998434 2.07496 -1.94425 8.02306 1.09852 54.8592 
23619780 -10.7927 16.6439 210.039 -0.00819327 -0.00336368 0.999961 -10.3618 16.9067 210.326 -0.050625 -0.0139888 0.998496 2.07381 -1.94166 7.99766 1.15741 54.8735 
23706903 -11.6465 16.0423 210.041 -0.00827266 -0.00288267 0.999962 -11.2554 16.3354 210.292 -0.049244 -0.0156701 0.998562 2.07352 -1.93707 7.9802 1.21286 54.8783 
23794164 -12.5223 15.3569 210.039 -0.00861107 -0.00262505 0.999959 -12.2404 15.3404 210.313 -0.0489106 -0.0197215 0.998555 2.07295 -1.93276 7.9675 1.27175 54.8783 
23881402 -13.3272 14.6596 210.035 -0.00932438 -0.00268456 0.999953 -13.2276 14.3432 210.335 -0.0483388 -0.0235253 0.998516 2.0718 -1.92902 7.95639 1.32805 54.8783 
23969618 -14.1471 13.8664 210.039 -0.0101386 -0.00315579 0.999944 -14 13.5621 210.327 -0.0474254 -0.0262159 0.998463 2.07065 -1.92586 7.95321 1.3878 54.8783 
24056906 -14.8752 13.0736 210.043 -0.0110465 -0.00392752 0.999931 -14.7675 12.6691 210.333 -0.0467589 -0.0287907 0.998397 2.06979 -1.92328 7.94845 1.44382 54.8783 
24144027 -15.6057 12.1966 210.045 -0.0121425 -0.00498456 0.999914 -15.4289 11.7692 210.337 -0.0455027 -0.0303535 0.998451 2.06806 -1.92069 7.94527 1.50357 54.8783 
24231265 -16.2471 11.331 210.047 -0.0132376 -0.00615017 0.999893 -15.9757 10.9817 210.326 -0.0448607 -0.0318232 0.998376 2.06634 -1.91811 7.93892 1.56017 54.8783 
24319504 -16.8585 10.3873 210.052 -0.0143019 -0.00725615 0.999871 -16.7423 9.85664 210.358 -0.0437294 -0.0332676 0.998416 2.06461 -1.91408 7.93257 1.61963 54.8783 
24406751 -17.3896 9.46055 210.056 -0.0152587 -0.00846671 0.999848 -17.177 8.95721 210.359 -0.0428507 -0.0343538 0.998415 2.06289 -1.90978 7.93575 1.67622 54.8688 
24493874 -17.9 8.461 210.056 -0.0162698 -0.00971046 0.99982 -17.6163 8.05417 210.36 -0.0414912 -0.0350512 0.998486 2.06002 -1.90432 7.94686 1.73684 54.8481 
24581114 -18.3243 7.48751 210.054 -0.017235 -0.0110819 0.99979 -18.1647 7.03961 210.266 -0.0402203 -0.0373703 0.998384 2.05743 -1.89828 7.96433 1.79429 54.8164 
24669438 -18.718 6.44461 210.053 -0.018073 -0.012458 0.999759 -18.594 5.81227 210.306 -0.0390861 -0.0389358 0.998439 2.05399 -1.89053 8.00401 1.85519 54.7608 
24756678 -19.0322 5.41748 210.054 -0.0189831 -0.0140239 0.999721 -18.9164 4.68142 210.222 -0.0378385 -0.0401351 0.998449 2.05083 -1.8822 8.04529 1.91294 54.7021 
24843918 -19.2718 4.40094 210.069 -0.0202612 -0.0153319 0.999677 -19.2332 3.56416 210.249 -0.0370801 -0.0413598 0.998343 2.04709 -1.86927 8.10085 1.97096 54.629 
24931037 -19.5139 3.23857 210.052 -0.0208451 -0.0178365 0.999624 -19.4347 2.31645 210.066 -0.0366765 -0.0430773 0.9983 2.04307 -1.86324 8.15006 2.03215 54.5608 
25019541 -19.6834 2.08375 210.035 -0.021527 -0.0199258 0.99957 -19.7575 1.30639 210.08 -0.0355594 -0.0439158 0.998267 2.03819 -1.85318 8.22468 2.09334 54.4735 
25106548 -19.7821 1.0164 210.032 -0.0220321 -0.0218177 0.999519 -19.8567 0.188008 210.103 -0.0342028 -0.0444921 0.998324 2.03416 -1.84255 8.30088 2.14907 54.3877 
25193759 -19.8379 -0.133836 210.015 -0.022072 -0.0235765 0.999478 -19.9559 -0.939046 210.016 -0.032958 -0.0455702 0.998319 2.02957 -1.83164 8.39454 2.20796 54.283 
25280934 -19.8258 -1.19862 209.998 -0.0217301 -0.0248131 0.999456 -19.9412 -1.97118 209.913 -0.0322434 -0.0446768 0.99845 2.02612 -1.82101 8.49138 2.26197 54.1798 
25369530 -19.7335 -2.21907 209.999 -0.0215144 -0.0247966 0.999461 -19.8118 -2.80078 209.782 -0.0324349 -0.0414708 0.998558 2.02411 -1.80578 8.60568 2.31483 54.0655 
25456422 -19.6028 -3.32804 209.964 -0.0209505 -0.0246749 0.999476 -19.7676 -4.02903 209.691 -0.0346071 -0.0314032 0.998842 2.02267 -1.79831 8.69458 2.37056 53.9766 
25543758 -19.416 -4.39356 209.926 -0.022045 -0.0234796 0.999481 -19.4594 -5.15739 209.587 -0.0414603 -0.0196349 0.998843 2.02152 -1.78941 8.76125 2.42284 53.9099 
25630883 -19.1537 -5.47075 209.873 -0.0242017 -0.021468 0.999477 -19.3609 -6.12732 209.018 -0.0507707 -0.00734372 0.998558 2.02239 -1.7828 8.81364 2.47599 53.867 
25719363 -18.8465 -6.5044 209.607 -0.0274555 -0.0176869 0.999467 -19.2073 -6.84572 208.304 -0.0669655 0.0122052 0.997588 2.0244 -1.77964 8.89936 2.52856 53.8575 
25806336 -18.5118 -7.45992 209.704 -0.0314355 -0.0124059 0.999429 -18.884 -7.55218 209.731 -0.0744057 0.022525 0.996908 2.02727 -1.77964 9.00414 2.57797 53.8766 
25893726 -18.1134 -8.39617 209.797 -0.0347629 -0.00818126 0.999362 -18.6107 -8.13649 209.799 -0.0784018 0.0263162 0.99649 2.03158 -1.7828 9.06923 2.62853 53.8797 
25980763 -17.6383 -9.34041 209.862 -0.0372613 -0.00530387 0.999291 -18.3587 -8.58209 209.851 -0.0803755 0.0271068 0.996291 2.03675 -1.78769 9.09939 2.68225 53.8797 
26068069 -17.1221 -10.2384 209.916 -0.0392894 -0.00340412 0.999222 -17.724 -10.1055 209.923 -0.0848292 0.0240117 0.995968 2.04192 -1.79343 9.11526 2.73367 53.8797 
26156141 -16.5025 -11.2023 209.946 -0.0401633 -0.00290429 0.999189 -17.0254 -10.853 209.897 -0.0861095 0.0211516 0.995956 2.04594 -1.80176 9.12479 2.7894 53.8766 
26243936 -15.865 -12.0481 209.971 -0.0411626 -0.0022119 0.99915 -16.3343 -11.7151 209.884 -0.0862989 0.0186937 0.996008 2.05054 -1.80808 9.14384 2.84111 53.8575 
26330674 -15.1458 -12.9053 209.984 -0.0419491 -0.00165821 0.999118 -15.5413 -12.349 209.954 -0.0858998 0.0172332 0.996057 2.05427 -1.81526 9.17876 2.89598 53.8242 
26417976 -14.4193 -13.6546 210.007 -0.0431605 -0.000600503 0.999068 -14.6412 -13.078 210.034 -0.0847343 0.0143349 0.996272 2.05829 -1.82101 9.23591 2.94711 53.775 
26506218 -13.5966 -14.4419 210.014 -0.0437258 -0.000316699 0.999044 -13.7365 -13.8222 210.005 -0.0841859 0.0116508 0.996344 2.06059 -1.8279 9.29783 3.00313 53.7242 
26593312 -12.7976 -15.1494 210.006 -0.0436676 -0.000175959 0.999046 -12.9502 -14.4674 209.964 -0.0831709 0.00996141 0.996415 2.06117 -1.83566 9.37244 3.0557 53.6607 
26680558 -11.9142 -15.8346 210.005 -0.044378 0.000176273 0.999015 -11.8351 -15.0864 210.029 -0.0814095 0.00768234 0.99655 2.06232 -1.84227 9.45658 3.11085 53.594 
26767809 -11.0352 -16.4353 210.014 -0.0452815 0.00076526 0.998974 -11.0528 -15.603 210.085 -0.0801391 0.00551367 0.996676 2.06375 -1.84859 9.55024 3.16314 53.5241 
26856021 -10.0777 -17.0289 210.018 -0.0459574 0.0014213 0.998942 -9.94583 -16.2153 210.149 -0.0775064 0.00252644 0.996887 2.06461 -1.85606 9.66454 3.21829 53.4368 
26943288 -9.14301 -17.5419 210.021 -0.0468397 0.00148633 0.998901 -9.05501 -16.8503 210.106 -0.0757393 5.03268e-006 0.997051 2.0649 -1.86209 9.76296 3.27086 53.3622 
27030491 -8.13179 -18.0288 210.025 -0.0468005 0.00129739 0.998903 -8.0646 -17.2527 210.145 -0.0731282 -0.00199829 0.997267 2.06519 -1.86956 9.84869 3.32573 53.3003 
27117668 -7.15665 -18.4339 210.023 -0.0467432 0.000862321 0.998907 -6.96137 -17.6572 210.183 -0.0706505 -0.00351964 0.997427 2.0649 -1.87617 9.92489 3.37773 53.24 
27205917 -6.08706 -18.8072 210.028 -0.0463701 0.000487969 0.998924 -5.86528 -17.9509 210.208 -0.0676847 -0.00503024 0.99758 2.06461 -1.88363 10.0058 3.43346 53.1812 
27293182 -5.07636 -19.0985 210.037 -0.0456142 -6.70744e-005 0.998959 -4.76559 -18.2537 210.233 -0.0651067 -0.00556499 0.997743 2.06347 -1.89053 10.0709 3.48574 53.1416 
27380513 -3.97618 -19.3511 210.041 -0.044503 -0.000360955 0.999009 -3.56393 -18.4344 210.242 -0.0617736 -0.00705292 0.998013 2.06174 -1.89857 10.1487 3.54205 53.0908 
27467623 -2.93874 -19.515 210.042 -0.0438664 -0.000729797 0.999037 -2.47868 -18.4991 210.351 -0.0580887 -0.00792696 0.998206 2.05973 -1.90547 10.2297 3.59519 53.032 
27555814 -1.81738 -19.641 210.048 -0.0423257 -0.00109739 0.999103 -1.27473 -18.5849 210.347 -0.0552825 -0.00771475 0.9984 2.056 -1.91322 10.3075 3.65293 52.9828 
27643057 -0.766519 -19.7012 210.052 -0.0414548 -0.0014627 0.999139 -0.0730945 -18.6682 210.345 -0.0522277 -0.00775408 0.998498 2.0514 -1.91983 10.398 3.70752 52.9209 
27730557 0.382488 -19.7279 210.06 -0.0393257 -0.000868584 0.999226 1.11887 -18.6197 210.439 -0.0482988 -0.00862274 0.998688 2.04594 -1.9296 10.4948 3.76583 52.859 
27817442 1.45895 -19.6893 210.074 -0.0391057 -0.00218697 0.999233 2.42831 -18.5889 210.42 -0.0451179 -0.00876595 0.998921 2.0402 -1.93333 10.5789 3.82128 52.7955 
27905665 2.60446 -19.5935 210.086 -0.0373117 -0.00263677 0.9993 3.50836 -18.3458 210.379 -0.0418276 -0.00843641 0.998973 2.03503 -1.93936 10.625 3.87787 52.759 
27992990 3.6855 -19.4327 210.099 -0.034881 -0.0029569 0.999387 4.60927 -18.3038 210.475 -0.0401066 -0.00886882 0.999132 2.02985 -1.94482 10.6329 3.93073 52.751 
28080201 4.80622 -19.2204 210.096 -0.0319622 -0.00226737 0.999487 5.59204 -18.0521 210.325 -0.0384684 -0.0111652 0.999147 2.02267 -1.95229 10.652 3.98502 52.7272 
28167429 5.84704 -18.9063 210.109 -0.0282096 -0.00772623 0.999572 6.58172 -17.785 210.397 -0.0373457 -0.0122461 0.999143 2.02038 -1.95459 10.7171 4.03615 52.6526 
28255768 6.93764 -18.5395 210.107 -0.0280595 -0.00779509 0.999576 7.66974 -17.5428 210.357 -0.0349124 -0.0118142 0.999191 2.01377 -1.96148 10.844 4.08987 52.5193 
28342967 7.92823 -18.145 210.109 -0.0286343 -0.00854502 0.999553 8.54054 -17.414 210.332 -0.0328396 -0.0116327 0.999272 2.00802 -1.96694 10.9806 4.13871 52.3748 
28430092 8.90755 -17.7103 210.099 -0.0282424 -0.00891341 0.999561 9.4201 -17.2801 210.196 -0.0318218 -0.0134432 0.999357 2.0017 -1.97355 11.0981 4.18783 52.2367 
28517352 9.90061 -17.2245 210.088 -0.0278969 -0.00968027 0.999564 10.4168 -17.1266 210.171 -0.0312858 -0.0156572 0.99925 1.99883 -1.97843 11.1504 4.23868 52.1573 
28604585 10.7942 -16.7188 210.073 -0.0276895 -0.0105833 0.999561 11.0725 -16.8596 210.136 -0.0303582 -0.0189536 0.999269 2.00055 -1.98159 11.133 4.28665 52.1303 
28692670 11.6992 -16.1358 210.056 -0.0279012 -0.011873 0.99954 11.85 -16.6008 209.99 -0.0306463 -0.0225339 0.999211 2.00486 -1.98418 11.0901 4.33865 52.1287 
28780233 12.511 -15.5325 210.045 -0.0290063 -0.0137994 0.999484 12.6261 -16.2138 210.052 -0.030834 -0.0251275 0.999157 2.01118 -1.98533 11.0488 4.38863 52.1287 
28867225 13.3644 -14.8215 210.033 -0.0296996 -0.0154856 0.999439 13.5032 -15.6275 209.975 -0.030561 -0.0264841 0.999071 2.01722 -1.98734 11.006 4.4435 52.1335 
28954468 14.1117 -14.1152 210.025 -0.0300897 -0.0171561 0.9994 14.0481 -15.1474 210.025 -0.0301675 -0.0277023 0.999091 2.02382 -1.9882 10.9425 4.49493 52.1589 
29042699 14.8608 -13.3129 210.017 -0.0304992 -0.0187654 0.999359 15.028 -14.328 209.921 -0.0295067 -0.0300348 0.998997 2.03072 -1.98935 10.8853 4.54979 52.1827 
29130164 15.5401 -12.5003 210.012 -0.0308128 -0.0201278 0.999322 15.8963 -13.4902 210.039 -0.028615 -0.0317414 0.998948 2.03732 -1.99079 10.8329 4.60208 52.2065 
29217060 16.2133 -11.5991 210.012 -0.0303503 -0.0211481 0.999316 16.5279 -12.5907 209.923 -0.0267862 -0.0315653 0.999032 2.04364 -1.99222 10.7599 4.65752 52.2542 
29304302 16.7998 -10.7172 210.018 -0.0296217 -0.0217547 0.999324 17.076 -12.003 209.961 -0.0270115 -0.0324335 0.999016 2.0491 -1.99366 10.6869 4.71009 52.3097 
29392593 17.3792 -9.74344 210.02 -0.0284894 -0.0214284 0.999364 17.7179 -10.8423 210.041 -0.026618 -0.0336516 0.999036 2.05399 -1.99624 10.5948 4.76611 52.378 
29480195 17.8825 -8.7814 210.026 -0.0276369 -0.021355 0.99939 18.7844 -9.37521 210.075 -0.0247219 -0.0310204 0.99907 2.05858 -1.99826 10.517 4.81925 52.4335 
29566942 18.3579 -7.74348 210.03 -0.0267212 -0.021163 0.999419 19.3018 -8.2471 210.156 -0.0229335 -0.0289976 0.999178 2.06318 -1.99998 10.4392 4.8747 52.4875 
29654187 18.7548 -6.73255 210.036 -0.0260451 -0.0207866 0.999445 19.8182 -6.88478 210.21 -0.0216031 -0.028333 0.999331 2.06777 -2.00199 10.3678 4.92698 52.5351 
29742481 19.1092 -5.65509 210.037 -0.0252865 -0.0205281 0.999469 20.2314 -5.8923 210.194 -0.0204465 -0.0253398 0.999452 2.07237 -2.00343 10.2964 4.98185 52.578 
29829585 19.3945 -4.61563 210.037 -0.0246458 -0.0202281 0.999492 20.4169 -4.90357 210.182 -0.0188001 -0.0224715 0.999459 2.07639 -2.00515 10.2392 5.03413 52.6097 
29916891 19.6369 -3.50363 210.035 -0.0237367 -0.0193517 0.999531 20.7145 -3.78898 210.155 -0.0174896 -0.0209588 0.999511 2.08013 -2.00687 10.163 5.08958 52.6574 
30004114 19.7909 -2.45809 210.034 -0.0226128 -0.0182561 0.999578 20.8949 -2.5857 210.115 -0.015858 -0.0173344 0.999673 2.08472 -2.00687 10.063 5.14128 52.7288 
30092314 19.8989 -1.33416 210.029 -0.0213281 -0.016986 0.999628 20.9728 -1.3746 210.189 -0.0150903 -0.0133799 0.999682 2.08875 -2.00659 9.9614 5.19673 52.8002 
30179625 19.9337 -0.270837 210.026 -0.0202325 -0.0158599 0.99967 20.9343 -0.175667 210.042 -0.0140369 -0.0112521 0.999784 2.09277 -2.00601 9.86933 5.2493 52.8637 
30266814 19.9086 0.838529 210.017 -0.0184616 -0.0152112 0.999714 21.0053 1.13585 210.102 -0.0128056 -0.00618179 0.999776 2.09621 -2.00285 9.77249 5.30474 52.9352 
30353975 19.8342 1.89317 210.017 -0.0170146 -0.0144728 0.99975 20.9743 2.12544 210.092 -0.0118771 -0.00393552 0.999866 2.09966 -2.00055 9.69629 5.35731 52.9939 
30442199 19.6865 2.99653 210.01 -0.0151431 -0.0141454 0.999785 20.7262 3.22961 209.962 -0.0119963 -0.00405938 0.999882 2.10311 -1.99653 9.62167 5.41362 53.0495 
30529492 19.4939 4.04268 210.007 -0.0139201 -0.0136206 0.99981 20.4934 4.2253 209.956 -0.0133643 -0.00299848 0.999767 2.10627 -1.99395 9.55659 5.46705 53.1003 
30616711 19.2305 5.11743 209.995 -0.0124337 -0.0135802 0.99983 20.6344 5.59237 209.34 -0.0206228 -0.000598101 0.999671 2.10972 -1.98992 9.49944 5.52307 53.1447 
30703814 18.9698 6.14666 209.914 -0.0119503 -0.0125958 0.999849 20.7263 6.90886 208.27 -0.0353396 0.0131498 0.999262 2.11316 -1.9859 9.41054 5.5765 53.2321 
30791085 18.604 7.13523 209.914 -0.0115398 -0.010179 0.999882 19.463 7.27815 209.687 -0.0308382 0.0249259 0.999154 2.11747 -1.98159 9.29465 5.63022 53.3559 
30879355 18.1489 8.15569 209.934 -0.0107468 -0.00844189 0.999907 18.6445 8.06992 210.047 -0.0283217 0.0270714 0.999117 2.12121 -1.977 9.21686 5.68767 53.4464 
30967170 17.6564 9.18427 209.964 -0.0119984 -0.00600896 0.99991 18.1815 8.87745 210.069 -0.0283748 0.0240104 0.99924 2.12322 -1.97757 9.13749 5.7457 53.5384 
31053840 17.1347 10.0708 209.976 -0.0108142 -0.00486941 0.99993 17.5989 10.0218 210.052 -0.028412 0.0202078 0.99933 2.12465 -1.97125 9.06923 5.8 53.6146 
31140970 16.5697 10.9509 209.991 -0.0106248 -0.00412142 0.999935 17.0304 10.7193 210.201 -0.0287349 0.0182319 0.999325 2.12609 -1.96809 9.02636 5.85429 53.6654 
31229202 15.9149 11.8596 209.999 -0.0106615 -0.00309159 0.999938 16.2326 11.608 210.104 -0.0291769 0.0161322 0.999336 2.12667 -1.96522 8.97715 5.91261 53.7146 
31316464 15.2486 12.6862 210.004 -0.0107681 -0.00237754 0.999939 15.6669 12.5162 210.115 -0.0304703 0.0138924 0.999372 2.12695 -1.96292 8.94222 5.96776 53.7496 
31403742 14.4956 13.5381 210.008 -0.0110777 -0.00176571 0.999937 14.8743 13.1955 210.155 -0.0307931 0.0119165 0.999367 2.12609 -1.96148 8.91365 6.02665 53.7781 
31490843 13.7428 14.2976 210.012 -0.0113133 -0.00139709 0.999935 14.1991 13.8682 210.194 -0.0317478 0.0109111 0.999375 2.12523 -1.96005 8.89301 6.0821 53.8004 
31579087 12.919 15.0319 210.015 -0.0113117 -0.00105191 0.999935 13.2913 14.6443 210.223 -0.0319759 0.0101642 0.999344 2.12465 -1.95775 8.87079 6.14012 53.8226 
31666461 12.0819 15.7139 210.016 -0.0118351 -0.000508726 0.99993 12.4924 15.2883 210.152 -0.0317392 0.0105476 0.999418 2.12264 -1.95689 8.8438 6.19586 53.8496 
31753613 11.1782 16.3675 210.016 -0.0119186 -7.53918e-005 0.999929 11.5792 16.0541 210.181 -0.0313817 0.0109192 0.99937 2.12063 -1.95516 8.82316 6.25388 53.8702 
31840938 10.2751 16.9553 210.014 -0.0120817 0.000305935 0.999927 10.7835 16.7074 210.111 -0.0314906 0.0102961 0.999323 2.11805 -1.95402 8.80729 0.0264289 53.8877 
31929092 9.30501 17.5032 210.011 -0.0121414 0.000654723 0.999926 9.76133 17.265 210.167 -0.0308503 0.00896212 0.999355 2.11632 -1.952 8.78665 0.0841703 53.9083 
32016217 8.3487 17.9859 210.011 -0.0124015 0.000857639 0.999923 8.86044 17.6908 210.124 -0.0310886 0.00871441 0.999387 2.11374 -1.95114 8.77236 0.139326 53.9258 
32103482 7.31578 18.4322 210.01 -0.0125002 0.00101441 0.999921 7.84613 18.2521 210.181 -0.0312952 0.00698353 0.999351 2.11144 -1.94971 8.75808 0.197355 53.9417 
32190769 6.31474 18.7966 210.012 -0.012474 0.00100837 0.999922 6.73147 18.4675 210.168 -0.0319841 0.00499957 0.999351 2.10972 -1.94827 8.75173 0.252224 53.9528 
32278976 5.23196 19.1246 210.012 -0.0125541 0.000945732 0.999921 5.61751 18.7983 210.141 -0.0330277 0.00252287 0.999413 2.10742 -1.94712 8.74379 0.310252 53.9655 
32366245 4.19907 19.3774 210.012 -0.012705 0.000817077 0.999919 4.49718 19.0236 210.24 -0.032993 0.000918542 0.99936 2.10512 -1.94626 8.73585 0.364547 53.9766 
32453509 3.09437 19.5842 210.011 -0.0128006 0.00078136 0.999918 3.38277 19.2276 210.227 -0.0337093 0.000160822 0.999335 2.10225 -1.94511 8.72633 0.422001 53.9893 
32540646 2.02946 19.7238 210.012 -0.0128424 0.000507017 0.999917 2.15805 19.3276 210.229 -0.0342819 -0.00157812 0.999304 2.09995 -1.94454 8.72633 0.476582 53.994 
32628935 0.888545 19.8167 210.012 -0.0129514 6.41785e-005 0.999916 1.15076 19.5304 210.214 -0.0345174 -0.001947 0.999351 2.09679 -1.94482 8.7295 0.534324 53.9956 
32716446 -0.150893 19.8364 210.012 -0.0129638 -0.000256931 0.999916 0.255377 19.6262 210.212 -0.0345071 -0.00244625 0.999288 2.09507 -1.94425 8.73109 0.587181 53.9972 
32803229 -1.27762 19.8017 210.01 -0.0130682 -0.000630018 0.999914 -0.974696 19.7111 210.214 -0.0345043 -0.00256742 0.999303 2.09277 -1.94396 8.7295 0.644348 54.0004 
32890496 -2.34645 19.7142 210.009 -0.0133521 -0.00123295 0.99991 -2.09277 19.6842 210.228 -0.0342659 -0.00231971 0.999271 2.09047 -1.94454 8.72791 0.698355 54.0036 
32977740 -3.44348 19.5549 210.01 -0.0134204 -0.0016608 0.999909 -2.8799 19.7788 210.224 -0.033897 -0.0024328 0.999281 2.08932 -1.94396 8.72632 0.75466 54.0068 
33065968 -4.4909 19.3496 210.009 -0.013623 -0.00230475 0.999905 -3.98932 19.5182 210.153 -0.0341439 -0.00231702 0.999269 2.08788 -1.94425 8.72474 0.808667 54.0083 
33153502 -5.51857 19.0817 210.01 -0.0136598 -0.00280926 0.999903 -5.10386 19.3896 210.18 -0.0340048 -0.00304132 0.999355 2.0876 -1.94367 8.72474 0.862674 54.0099 
33240363 -6.59532 18.7371 210.01 -0.0136973 -0.00332605 0.999901 -6.09655 18.9133 210.135 -0.0342443 -0.00330362 0.999266 2.08702 -1.9431 8.72315 0.920128 54.0115 
33327627 -7.64751 18.3486 210.004 -0.0242832 -0.0194267 0.999516 -7.20734 18.578 210.188 -0.0339484 -0.00562956 0.999297 2.08357 -1.94339 8.72315 0.97672 54.0131 
33415916 -8.56248 17.9001 210.028 -0.0129884 -0.00278912 0.999912 -8.1913 18.1278 210.254 -0.035012 -0.0072581 0.999258 2.08788 -1.93936 8.72156 1.02987 54.0306 
33503099 -9.52921 17.3855 210.046 -0.0136355 -0.00328757 0.999902 -9.29646 17.5415 210.223 -0.0348757 -0.00786124 0.999329 2.08989 -1.93793 8.68664 1.08588 54.0734 
33590362 -10.4677 16.846 210.039 -0.0143457 -0.00478399 0.999886 -10.0694 17.0822 210.286 -0.0346288 -0.00797702 0.999341 2.08645 -1.93678 8.68823 1.14104 54.0734 
33677495 -11.3409 16.2582 210.027 -0.0145346 -0.00441015 0.999885 -10.9467 16.4058 210.377 -0.0346101 -0.00883977 0.999321 2.08329 -1.93247 8.68823 1.19591 54.0734 
33765778 -12.2361 15.5871 210.017 -0.0151611 -0.00478326 0.999874 -11.9414 15.8145 210.235 -0.0344619 -0.0100779 0.999223 2.07611 -1.92586 8.70728 1.2548 54.0734 
33853316 -13.0484 14.9069 210.009 -0.0152255 -0.00282 0.99988 -12.7024 15.1361 210.324 -0.0349414 -0.0104522 0.999273 2.06806 -1.91897 8.73268 1.31082 54.0718 
33940264 -13.8614 14.1497 210.008 -0.0153445 -0.00131603 0.999881 -13.5843 14.5502 210.29 -0.0348166 -0.0105706 0.999286 2.06232 -1.91408 8.76284 1.36885 54.0623 
34027394 -14.5964 13.3888 210.007 -0.0157417 -0.000360676 0.999876 -14.3509 13.8595 210.27 -0.0348063 -0.0110699 0.999223 2.05858 -1.91092 8.78348 1.42371 54.0528 
34115612 -15.3392 12.538 210.004 -0.0163966 -0.000450042 0.999865 -15.1161 13.0556 210.261 -0.0346786 -0.0113095 0.999251 2.05542 -1.9092 8.79617 1.48174 54.0449 
34202909 -15.9895 11.6998 210.006 -0.016875 -0.000515483 0.999857 -15.7638 12.155 210.266 -0.0348908 -0.0127981 0.999186 2.05456 -1.90834 8.80888 1.53604 54.0337 
34290108 -16.6207 10.7871 210.007 -0.0174512 -0.000879153 0.999847 -16.3175 11.4666 210.242 -0.0337868 -0.0130162 0.999202 2.0537 -1.90748 8.8184 1.59292 54.0242 
34377671 -17.1874 9.87381 210.009 -0.0177128 -0.00182829 0.999841 -16.9784 10.4512 210.258 -0.0322968 -0.0140744 0.999315 2.05312 -1.90805 8.82951 1.6475 54.0131 
34465505 -17.7277 8.882 210.013 -0.0177655 -0.0027815 0.999838 -17.5208 9.33238 210.288 -0.0312858 -0.0156572 0.99925 2.05312 -1.90891 8.8438 1.70466 53.9988 
34552771 -18.1869 7.90994 210.018 -0.0176207 -0.00353969 0.999838 -17.9406 8.32934 210.302 -0.0317336 -0.0175147 0.999232 2.05341 -1.90978 8.86285 1.75896 53.9798 
34639987 -18.6127 6.86466 210.022 -0.0173063 -0.00420549 0.999841 -18.3748 7.3011 210.205 -0.0307431 -0.018099 0.999293 2.0537 -1.91092 8.88984 1.81584 53.9528 
34727898 -18.9499 5.8646 210.023 -0.0171482 -0.00459002 0.999842 -18.7941 6.17806 210.233 -0.0309683 -0.0189671 0.999277 2.05456 -1.91121 8.90889 1.86927 53.9305 
34815510 -19.2568 4.77467 210.02 -0.0167693 -0.00537294 0.999845 -19.2097 4.95003 210.275 -0.0313026 -0.0204583 0.999213 2.05542 -1.91236 8.92794 1.92615 53.9036 
34902916 -19.4818 3.75112 210.019 -0.0165674 -0.00564127 0.999847 -19.5247 4.03189 210.164 -0.0314189 -0.0207034 0.999244 2.05657 -1.91265 8.94699 1.97901 53.8797 
34989887 -19.6624 2.64809 210.015 -0.0161353 -0.00611269 0.999851 -19.6265 3.12149 210.161 -0.0303394 -0.0198164 0.99925 2.05829 -1.91351 8.96286 2.03531 53.8543 
35077164 -19.7751 1.59697 210.011 -0.0157831 -0.00647445 0.999854 -19.6187 2.09914 210.169 -0.0287792 -0.0185406 0.999327 2.05944 -1.91408 8.97874 2.08875 53.8305 
35164367 -19.8332 0.471171 210.006 -0.0152749 -0.00672146 0.999861 -19.7292 1.07306 210.179 -0.0264896 -0.0171275 0.999381 2.06088 -1.91495 8.99779 2.14563 53.8004 
35252517 -19.8319 -0.598446 210.004 -0.0145613 -0.00723596 0.999868 -19.5043 -0.0702853 210.198 -0.0239878 -0.0142258 0.9995 2.06174 -1.91638 9.01366 2.19934 53.7781 
35339887 -19.764 -1.72198 210.001 -0.0139317 -0.00735216 0.999876 -19.2622 -1.22883 210.105 -0.0234442 -0.0111249 0.999613 2.0626 -1.91753 9.03589 2.25594 53.7496 
35427016 -19.6367 -2.77143 210.002 -0.0132387 -0.00749641 0.999884 -19.0148 -2.1704 210.098 -0.0239213 -0.00609223 0.999626 2.06433 -1.91868 9.047 2.30908 53.7353 
35514460 -19.4661 -3.89854 209.999 -0.011626 -0.0089289 0.999893 -18.7599 -3.09463 210.091 -0.0252122 -0.00292505 0.999626 2.06145 -1.9227 9.06923 2.36539 53.7099 
35602556 -19.2068 -4.90824 209.999 -0.0122679 -0.00736091 0.999898 -18.4837 -4.3257 209.779 -0.0285649 0.00510406 0.999552 2.0649 -1.92098 9.09304 2.41882 53.6845 
35689657 -18.8981 -5.97921 209.996 -0.0118636 -0.00727005 0.999903 -18.4148 -5.45267 210.136 -0.0329493 0.0100215 0.99937 2.06519 -1.92213 9.11209 2.47484 53.6654 
35776911 -18.5527 -6.98866 209.997 -0.0112998 -0.00737092 0.999909 -18.0606 -6.22307 210.225 -0.033077 0.0102611 0.999343 2.06461 -1.92385 9.13114 2.52827 53.6464 
35864688 -18.1404 -8.07049 209.996 -0.00948307 -0.00834545 0.99992 -17.699 -7.23475 210.12 -0.0336769 0.00974841 0.999287 2.06088 -1.92874 9.15495 2.58515 53.6226 
35952383 -17.6701 -8.99642 210.001 -0.0103561 -0.00698533 0.999922 -17.3342 -8.22276 210.125 -0.0344965 0.00812525 0.999245 2.06461 -1.9273 9.17559 2.63829 53.6019 
36039660 -17.134 -9.98637 210.005 -0.00971749 -0.00652941 0.999931 -16.8437 -9.5288 210.057 -0.0361098 0.00378845 0.99929 2.06576 -1.9296 9.1994 2.69431 53.5781 
36126907 -16.5787 -10.8919 210.006 -0.00913633 -0.00639092 0.999938 -16.3653 -10.5063 210.061 -0.0371546 0.00129716 0.999232 2.06634 -1.93161 9.21528 2.74717 53.5607 
36214337 -15.976 -11.7551 210.007 -0.00865527 -0.00626154 0.999943 -15.6823 -11.268 210.035 -0.0367584 -4.21757e-005 0.999266 2.06777 -1.93304 9.22321 2.79974 53.5495 
36302310 -15.2807 -12.6616 210.003 -0.00707818 -0.00648832 0.999954 -15.0027 -12.0309 210.009 -0.0359989 -0.00125228 0.999282 2.06835 -1.93649 9.22321 2.85605 53.54 
36389759 -14.5348 -13.5358 210.004 -0.00515291 -0.00613316 0.999968 -14.2092 -12.7813 210.093 -0.0353699 -0.00210158 0.999255 2.06921 -1.94138 9.23432 2.91206 53.5226 
36476797 -13.8061 -14.2421 210 -0.00661481 -0.00597308 0.99996 -13.4332 -13.3296 210.038 -0.0335326 -0.00228898 0.999383 2.07065 -1.93879 9.24544 2.96435 53.5083 
36564071 -13.0194 -14.9666 210.003 -0.00576592 -0.00591337 0.999966 -12.4309 -14.0939 210.119 -0.0313593 -0.00112089 0.999467 2.07065 -1.94109 9.25179 3.01749 53.5019 
36652138 -12.1507 -15.6726 210.004 -0.00527132 -0.00601446 0.999968 -11.536 -14.8532 210.09 -0.0297484 -0.00219101 0.999458 2.07065 -1.94224 9.25337 3.07351 53.4988 
36739480 -11.2989 -16.2854 210.004 -0.00521192 -0.00615483 0.999967 -10.7385 -15.4935 210.049 -0.0299436 -0.00440654 0.999481 2.07065 -1.94252 9.25655 3.12637 53.4956 
36826690 -10.355 -16.8975 210.004 -0.00492451 -0.00616798 0.999969 -9.93291 -16.2387 210.023 -0.0307357 -0.00725594 0.999462 2.07036 -1.94367 9.26449 3.18267 53.4876 
36914156 -9.4536 -17.4091 209.999 -0.00565821 -0.00644387 0.999963 -9.02502 -16.8741 209.981 -0.0308043 -0.00972572 0.999392 2.0695 -1.9431 9.28195 3.23524 53.4702 
37002160 -8.45148 -17.9196 209.996 -0.00568995 -0.00654284 0.999962 -8.01579 -17.4103 209.925 -0.0300505 -0.0106935 0.999378 2.06835 -1.94425 9.29941 3.29155 53.4527 
37089504 -7.5 -18.3296 209.99 -0.00663343 -0.00700278 0.999953 -7.01113 -17.9455 209.869 -0.0288057 -0.0117717 0.999373 2.06749 -1.94339 9.32005 3.34412 53.4321 
37176517 -6.43213 -18.7367 209.983 -0.0070694 -0.00717982 0.999949 -5.88862 -18.3482 209.907 -0.0284009 -0.0134745 0.999451 2.06576 -1.94454 9.35021 3.40129 53.4019 
37264126 -5.41911 -19.0547 209.978 -0.00794168 -0.00731781 0.999942 -4.88087 -18.7736 209.838 -0.0277691 -0.014445 0.999439 2.06519 -1.94511 9.38355 3.45443 53.3686 
37351940 -4.34424 -19.3239 209.974 -0.00818016 -0.00790179 0.999935 -3.88777 -18.8558 209.838 -0.0262876 -0.0151397 0.999509 2.06461 -1.94511 9.39466 3.51016 53.3575 
37439900 -3.31363 -19.524 209.975 -0.00816444 -0.00826363 0.999933 -2.77558 -19.0621 209.851 -0.025333 -0.0141343 0.999501 2.06433 -1.94568 9.40419 3.56273 53.3511 
37526404 -2.19368 -19.6833 209.976 -0.00794966 -0.00854845 0.999932 -1.6788 -19.0483 209.837 -0.0232818 -0.0129689 0.999587 2.06318 -1.94712 9.41689 3.61904 53.3432 
37613996 -1.13217 -19.7721 209.983 -0.00801836 -0.0087674 0.999929 -0.255679 -18.8149 209.792 -0.0208861 -0.0108115 0.999674 2.06232 -1.94856 9.43911 3.67189 53.3321 
37700978 0.00676136 -19.8095 209.983 -0.00768117 -0.00861882 0.999933 0.954626 -18.6778 209.874 -0.0192095 -0.00929067 0.99972 2.06117 -1.95114 9.45658 3.72762 53.3178 
37789488 1.06857 -19.7683 209.991 -0.00747756 -0.00774261 0.999942 2.06358 -18.6487 209.861 -0.0184671 -0.00977379 0.999648 2.06347 -1.95373 9.46928 3.77962 53.3082 
37876362 2.20402 -19.685 209.985 -0.00664563 -0.00780901 0.999947 2.94703 -18.6225 209.849 -0.0174737 -0.0104793 0.999724 2.05944 -1.95718 9.4788 3.83478 53.3003 
37963856 3.26619 -19.5389 209.988 -0.00644083 -0.00724729 0.999953 4.05332 -18.4804 209.823 -0.0167256 -0.0112047 0.999681 2.05829 -1.96091 9.49785 3.88649 53.2876 
38050810 4.37467 -19.3236 209.99 -0.00620049 -0.00680575 0.999958 5.05587 -18.336 209.797 -0.0168203 -0.0124336 0.999707 2.05628 -1.96493 9.51531 3.94078 53.2765 
38139047 5.4151 -19.0613 209.988 -0.00606221 -0.00652334 0.99996 6.05494 -18.1882 209.772 -0.0165415 -0.0140326 0.999651 2.05341 -1.96924 9.53278 3.99191 53.2654 
38226193 6.47919 -18.725 209.989 -0.00641249 -0.00650857 0.999958 6.93198 -17.9369 209.734 -0.0154188 -0.0151135 0.999648 2.0514 -1.97298 9.55659 4.04535 53.2527 
38313426 7.4621 -18.3546 209.984 -0.00663158 -0.00651745 0.999957 7.81259 -17.6935 209.696 -0.0146809 -0.0153397 0.999668 2.04881 -1.977 9.57564 4.09533 53.2416 
38400701 8.49033 -17.9037 209.978 -0.00675316 -0.00666816 0.999955 8.8099 -17.3265 209.644 -0.0147728 -0.0166898 0.999708 2.04508 -1.98159 9.59151 4.14848 53.2384 
38488955 9.43587 -17.4277 209.976 -0.007104 -0.00702601 0.99995 9.8097 -17.0545 209.716 -0.014738 -0.0182941 0.999655 2.04192 -1.98562 9.60739 4.19846 53.2384 
38576185 10.4104 -16.875 209.97 -0.00758054 -0.00738507 0.999944 10.6885 -16.6854 209.666 -0.0140875 -0.0201273 0.999624 2.03933 -1.98964 9.62167 4.25161 53.2384 
38663330 11.2885 -16.309 209.97 -0.00829646 -0.00777621 0.999935 11.3395 -16.2074 209.715 -0.0130953 -0.0208474 0.999578 2.03933 -1.99194 9.63438 4.30245 53.2384 
38750859 12.2085 -15.6458 209.972 -0.00899217 -0.00792731 0.999928 12.2167 -15.6182 209.749 -0.0127235 -0.0210816 0.999603 2.04048 -1.99423 9.64549 4.35847 53.2384 
38838793 13.0306 -14.9758 209.97 -0.0092648 -0.00803234 0.999925 13.1882 -14.8324 209.642 -0.0111633 -0.0198058 0.99968 2.04336 -1.99481 9.64549 4.41162 53.2384 
38926041 13.8676 -14.2076 209.968 -0.00929561 -0.00818733 0.999923 14.0581 -14.0164 209.76 -0.0104442 -0.0191693 0.99972 2.04594 -1.99538 9.64549 4.46821 53.2384 
39013286 14.6135 -13.4457 209.967 -0.00925219 -0.00833774 0.999922 14.7145 -13.443 209.685 -0.0104339 -0.0196685 0.999657 2.04795 -1.99624 9.64549 4.52135 53.2384 
39100765 15.375 -12.5875 209.96 -0.00925304 -0.00839435 0.999922 15.3683 -12.7491 209.708 -0.010309 -0.019787 0.99967 2.04824 -1.99883 9.64549 4.57766 53.2384 
39188670 15.9938 -11.7771 209.978 -0.00892471 -0.00877071 0.999922 16.233 -11.6254 209.674 -0.00998335 -0.0179323 0.999689 2.05485 -1.9951 9.64549 4.63167 53.2384 
39275934 16.6346 -10.8547 209.984 -0.00872614 -0.00882037 0.999923 16.9876 -10.6074 209.766 -0.00942669 -0.0154517 0.999754 2.05858 -1.99423 9.64549 4.68855 53.2384 
39363233 17.189 -9.95804 209.989 -0.00850665 -0.00885791 0.999925 17.527 -9.7121 209.653 -0.0096793 -0.0150936 0.999713 2.06174 -1.99337 9.6439 4.74198 53.2384 
39450681 17.6974 -9.02487 209.992 -0.00828011 -0.0087689 0.999927 17.9569 -8.80024 209.652 -0.0100397 -0.015344 0.999747 2.0649 -1.99251 9.63914 4.79598 53.2384 
39538591 18.1668 -8.02831 209.992 -0.00788693 -0.00855298 0.999932 18.5029 -7.8725 209.76 -0.0107662 -0.0156025 0.999785 2.06892 -1.9905 9.62644 4.85286 53.2384 
39625844 18.5693 -7.05038 210.005 -0.00841144 -0.00738724 0.999937 18.9313 -6.84631 209.745 -0.0112412 -0.0162337 0.999742 2.07553 -1.98992 9.61691 4.90716 53.2384 
39713046 18.9373 -5.99241 209.992 -0.00774016 -0.00790719 0.999939 19.2495 -5.93227 209.746 -0.0115914 -0.0169833 0.999713 2.07582 -1.98878 9.6058 4.96404 53.2384 
39800440 19.2315 -4.97299 209.992 -0.00783691 -0.00758282 0.999941 19.4547 -5.24707 209.774 -0.0112196 -0.0172176 0.999738 2.07927 -1.9882 9.59628 5.01833 53.2384 
39887457 19.478 -3.87237 209.991 -0.00774594 -0.00756541 0.999941 19.6491 -4.01011 209.735 -0.0110976 -0.0172149 0.999736 2.08214 -1.98734 9.58834 5.07636 53.2384 
39975716 19.6954 -2.71151 209.974 -0.00803149 -0.00757283 0.999939 19.8496 -2.88612 209.711 -0.0113473 -0.0169779 0.99971 2.08128 -1.9905 9.58199 5.13382 53.2384 
