651 22.0841 -22.0081 214.172 0.213911 -0.215438 0.9528 24.8322 -19.741 214.476 0.187578 0.00564453 0.982156 -1.16201 2.56561 8.16594 6.07376 60.8346 0
84946 23.226 -22.9967 213.585 0.210923 -0.210232 0.954628 24.7251 -19.7402 214.476 0.187093 0.00578795 0.982269 -1.08761 2.59951 10.498 6.03901 58.3597 0
172270 24.227 -23.5725 213.075 0.205265 -0.199559 0.958145 24.6616 -20.1687 213.567 0.156375 0.0186679 0.987413 -1.0336 2.62307 12.6173 6.01976 56.088 0
260469 24.8793 -23.782 212.712 0.197412 -0.190798 0.961574 25.3509 -20.4457 213.334 0.141768 0.0328774 0.989284 -1.00516 2.63801 14.0603 6.01602 54.4925 0
347735 25.2227 -23.7535 212.483 0.188065 -0.185558 0.964469 25.8793 -20.3706 213.078 0.133097 0.045255 0.989929 -0.99884 2.64576 14.9382 6.02435 53.4733 0
434827 25.4733 -23.4372 212.327 0.17879 -0.179957 0.96729 26.3141 -20.366 212.943 0.122421 0.0547566 0.990898 -1.01004 2.64576 15.5224 6.0459 52.7367 0
522050 25.644 -22.9459 212.237 0.170733 -0.1741 0.969814 26.6379 -19.7629 212.753 0.112757 0.0598039 0.991708 -1.03188 2.64002 15.8717 6.07434 52.243 0
610382 25.7656 -22.3314 212.174 0.162738 -0.168374 0.972197 26.8379 -19.1433 212.676 0.10455 0.0645551 0.992287 -1.06032 2.6314 16.0923 6.10824 51.87 0
697592 25.8472 -21.674 212.143 0.155466 -0.163082 0.974287 26.9093 -18.5168 212.491 0.0980188 0.0675488 0.992786 -1.09048 2.62163 16.2146 6.14328 51.6096 0
784703 25.9059 -20.948 212.124 0.148801 -0.156713 0.97637 26.9644 -17.7909 212.408 0.0936066 0.0730394 0.992875 -1.12294 2.60957 16.2923 6.18006 51.3905 0
871966 25.9535 -20.1543 212.112 0.142764 -0.149998 0.978325 27.1329 -16.9651 212.315 0.0892106 0.0794882 0.992741 -1.15655 2.59635 16.313 6.21884 51.2239 0
960217 25.9729 -19.3564 212.102 0.136902 -0.143535 0.98013 27.1831 -16.1275 212.335 0.0856719 0.0861508 0.992452 -1.18959 2.58314 16.3035 6.25733 51.0857 0
1047466 25.9739 -18.5992 212.096 0.131282 -0.137497 0.981764 27.2249 -15.1948 212.234 0.0831182 0.0932804 0.992102 -1.22004 2.57079 16.2908 0.0103417 50.9619 0
1134774 25.9744 -17.8455 212.095 0.125649 -0.131885 0.983269 27.158 -14.3455 212.368 0.0803147 0.100159 0.991659 -1.24877 2.55929 16.2812 0.0462506 50.846 0
1221848 25.9833 -17.0488 212.097 0.120328 -0.125876 0.984722 27.3158 -13.4183 212.266 0.077278 0.107649 0.991154 -1.27692 2.54752 16.2669 0.0833085 50.7365 0
1309243 25.9923 -16.3101 212.095 0.115236 -0.120785 0.985967 27.4765 -12.7132 212.189 0.0735077 0.115141 0.990535 -1.30162 2.53746 16.2638 0.117781 50.627 0
1397391 25.995 -15.5076 212.09 0.1103 -0.115552 0.987158 27.2908 -11.7642 212.204 0.07156 0.122221 0.989816 -1.32719 2.52683 16.2352 0.154839 50.5317 0
1484573 26.0029 -14.754 212.089 0.105801 -0.110719 0.988204 27.3419 -10.9403 212.116 0.0677787 0.129105 0.989261 -1.3496 2.51735 16.2209 0.189311 50.4412 0
1571741 26.0091 -13.9541 212.098 0.101463 -0.105392 0.989241 27.4011 -9.99068 212.016 0.0633574 0.134411 0.988756 -1.372 2.5073 16.2035 0.22522 50.3618 0
1704020 27.081 -9.74886 212.058 0.0590982 0.13446 0.989155 27.3477 -9.14848 212.04 0.0589557 0.140809 0.988136 -1.38982 2.50155 16.2177 0.227806 50.2856 0
1842035 26.7382 -9.71548 212.07 0.0550632 0.134889 0.98933 26.885 -9.4784 212.08 0.060065 0.141395 0.988062 -1.40763 2.49954 16.1209 0.219475 50.3222 0
1968369 26.5368 -9.57043 212.082 0.0564224 0.134804 0.989265 26.7602 -9.70813 212.107 0.0610597 0.142456 0.987816 -1.42027 2.49811 15.7685 0.22838 50.5984 0
2099961 26.1807 -9.5188 212.271 0.0404007 0.118905 0.992083 26.0058 -10.3306 212.499 0.0204421 0.0960784 0.995115 -1.45302 2.49696 15.0605 0.266875 51.1492 0
2229478 25.7791 -9.16773 212.335 0.0154851 0.0833104 0.996403 25.5035 -9.79921 212.345 0.00274385 0.0629347 0.997936 -1.48347 2.48144 13.9127 0.33266 51.8604 0
2360760 25.6894 -8.11096 212.244 0.00533076 0.0606057 0.998148 25.4939 -8.38387 212.201 0.00636303 0.0539635 0.998467 -1.50788 2.44726 12.7141 0.413383 52.6225 0
2487612 25.7256 -6.64065 212.09 0.0094883 0.0558987 0.998391 25.6521 -6.58366 211.894 0.0168811 0.0615724 0.997915 -1.52569 2.41451 11.9172 0.492095 53.1685 0
2614446 25.8297 -5.13555 211.968 0.0147893 0.0596749 0.998108 25.6282 -4.87886 211.826 0.0230261 0.0704662 0.997157 -1.53661 2.39842 11.5219 0.555869 53.5464 0
2746108 25.8533 -3.69805 211.92 0.0187517 0.0631196 0.99783 25.7523 -3.37171 211.777 0.0248456 0.0765155 0.996624 -1.54322 2.39239 11.1711 0.613036 53.8988 0
2870113 25.8806 -2.53778 211.92 0.0213958 0.0661949 0.997577 25.764 -2.27606 211.773 0.0258737 0.0793015 0.996443 -1.54523 2.39182 10.8917 0.657563 54.2068 0
2999487 25.8913 -1.37095 211.96 0.022036 0.0667564 0.997526 25.7873 -1.03975 211.868 0.0260111 0.0801488 0.996352 -1.54552 2.39584 10.6774 0.702951 54.4703 0
3124579 25.8969 -0.265605 211.989 0.0219956 0.065847 0.997587 25.7009 -0.0158725 211.874 0.025379 0.0789466 0.996485 -1.54322 2.40589 10.5139 0.746042 54.6751 0
3251979 25.8763 0.858798 211.995 0.0215123 0.0672885 0.997502 25.6235 0.9988 211.881 0.0237881 0.0787341 0.996526 -1.5392 2.41767 10.4408 0.787409 54.8021 0
3380224 25.7573 1.85945 212.023 0.0215302 0.0684839 0.99742 25.4393 1.91501 212.011 0.0215891 0.0786546 0.99656 -1.52914 2.44381 10.4646 0.823318 54.8449 0
3509961 25.6431 2.91255 212.045 0.0213935 0.0717997 0.99719 25.3775 3.04267 212.006 0.0185293 0.0782272 0.996641 -1.50702 2.49696 10.6853 0.853769 54.718 0
3637730 25.3233 4.07257 211.978 0.0197413 0.0740477 0.997059 24.8914 4.07831 211.903 0.0127407 0.0754233 0.997002 -1.47284 2.57107 11.4362 0.874165 54.1718 0
3763418 25.1788 4.4424 211.948 0.0136149 0.0293838 0.999475 24.8458 3.27883 212.054 0.0144113 -0.0176308 0.99962 -1.42601 2.64145 12.9808 0.875027 53.2289 0
3892756 25.5247 4.6492 212.26 0.0161024 -0.029636 0.999431 25.7465 3.7517 212.489 0.0143284 -0.0533653 0.998335 -1.3608 2.66846 14.708 0.882496 52.097 0
4022622 25.9965 5.79709 212.405 0.0121942 -0.048319 0.998758 26.2893 5.3156 212.542 0.00725791 -0.0528535 0.998486 -1.31857 2.67076 15.7653 0.931332 51.1048 0
4146200 26.1324 7.42508 212.364 0.00625043 -0.0487665 0.998791 26.1715 7.58543 212.407 0.00058221 -0.0445847 0.998925 -1.29214 2.67076 16.4336 0.985339 50.3603 0
4274732 26.0463 9.25821 212.235 0.0015767 -0.0433686 0.999058 25.9089 9.64498 212.186 -0.00308609 -0.0385972 0.999199 -1.26026 2.67248 16.9607 1.02728 49.7745 0
4400772 25.9959 10.8475 212.101 -0.00284142 -0.0373173 0.999299 25.9818 11.3618 211.998 -0.00748148 -0.0322442 0.99932 -1.22406 2.67679 17.3798 1.05084 49.3712 0
4529604 25.9421 12.2743 212.036 -0.00654559 -0.0294123 0.999546 25.9124 12.6373 211.968 -0.00928925 -0.0247008 0.999532 -1.18901 2.68167 17.6465 1.06463 49.1982 0
4666272 25.9482 13.4941 212.016 -0.00879468 -0.0219755 0.99972 26.0567 13.6993 211.96 -0.0105137 -0.0185298 0.999636 -1.15224 2.68857 17.837 1.07267 49.1252 0
4797207 26.0273 14.5573 211.992 -0.00958453 -0.0181634 0.999789 25.9642 14.7681 211.955 -0.0102781 -0.0126294 0.999751 -1.11863 2.69632 18.018 1.08014 49.1204 0
4923293 25.9666 15.6733 212.001 -0.0109361 -0.0120435 0.999868 25.9052 15.8022 211.95 -0.0136352 -0.00299223 0.999761 -1.08473 2.70494 18.245 1.08847 49.1204 0
5062302 25.9193 16.7903 212.065 -0.0138113 -0.00376499 0.999898 25.8519 16.9691 212.045 -0.0172575 0.00554437 0.999768 -1.04624 2.71643 18.5101 1.09479 49.1204 0
5189943 25.8891 17.9511 212.097 -0.0169211 0.00568831 0.999841 25.7999 18.1476 212.141 -0.0210265 0.012844 0.99966 -1.00286 2.73281 18.753 1.09939 49.1204 0
5317506 25.8658 19.0589 212.145 -0.0200505 0.0142731 0.999697 25.8285 19.1091 212.148 -0.0220265 0.0181226 0.999486 -0.958048 2.7532 18.9768 1.10341 49.1236 0
5446100 25.7761 20.177 212.173 -0.0212211 0.0203046 0.999569 25.6303 20.3142 212.245 -0.022061 0.0227756 0.999367 -0.913808 2.77705 19.2213 1.10973 49.0141 0
5579925 25.6717 21.4398 212.137 -0.0225906 0.0252385 0.999426 25.4435 21.5187 212.12 -0.0236068 0.0250035 0.999274 -0.86095 2.81008 19.7055 1.11145 48.6108 0
5710894 25.5459 22.5181 212.109 -0.0249853 0.0256507 0.999359 25.3688 22.4348 212.138 -0.0257114 0.0234523 0.999338 -0.812402 2.84542 20.4421 1.10915 47.9981 0
5839000 25.5977 23.5372 212.004 -0.0259233 0.0176483 0.999508 25.7062 23.3205 211.941 -0.0246262 0.00982598 0.999527 -0.758395 2.88966 21.5263 1.09795 47.1297 0
5968006 25.9141 24.1992 212.091 -0.0218274 1.99649e-005 0.999762 26.0141 23.96 212.112 -0.0205955 -0.00938436 0.999653 -0.708984 2.9316 22.5598 1.08962 46.4106 0
6095311 25.912 24.7531 212.1 -0.0155075 -0.0155442 0.999759 26.083 24.5459 212.177 -0.0150077 -0.0236205 0.999485 -0.686002 2.95199 22.8725 1.10168 46.1867 0
6224805 25.2239 25.2883 212.143 -0.014092 -0.0225573 0.999646 25.4032 25.375 212.212 -0.0122561 -0.0266126 0.999521 -0.694046 2.94711 22.8059 1.13587 46.2169 0
6356002 24.3831 25.6367 212.14 -0.0153642 -0.0236957 0.999601 24.8564 25.943 212.16 -0.012384 -0.0268658 0.999427 -0.717315 2.92959 22.5709 1.17005 46.3439 0
6482157 23.5319 26.014 212.179 -0.0134894 -0.0254189 0.999586 24.0869 26.2932 212.243 -0.0128532 -0.0258727 0.999451 -0.763278 2.89741 21.9804 1.22262 46.7185 0
6612711 22.5047 26.4793 212.207 -0.0170979 -0.0202318 0.999649 22.9971 26.6336 212.329 -0.0148755 -0.0231245 0.999554 -0.840267 2.83967 21.0739 1.29703 47.2408 0
6740516 21.1488 26.616 212.162 -0.0204627 -0.0143337 0.999688 21.189 26.8891 212.202 -0.0239467 -0.0121643 0.999493 -0.920415 2.7848 20.2325 1.3654 47.7441 0
6868215 19.8253 26.5145 212.135 -0.0247459 -0.00943045 0.999649 20.0309 26.7327 212.115 -0.0317665 -0.00601444 0.99943 -0.982753 2.74889 19.6261 1.41998 48.1409 0
7000686 18.6923 26.3681 212.139 -0.0268055 -0.00782969 0.99961 18.9454 26.6174 212.139 -0.0352561 -0.00326384 0.999305 -1.03417 2.72361 19.1435 1.46968 48.4807 0
7128816 17.6681 26.0847 212.159 -0.024036 -0.00999141 0.999661 18.061 26.4065 212.171 -0.0365876 -0.00263135 0.999254 -1.08071 2.70638 18.7006 1.51794 48.7823 0
7257346 16.5097 26.1463 212.161 -0.0290907 -0.00691437 0.999553 16.9252 26.4613 212.182 -0.0344586 -0.00623149 0.999238 -1.12466 2.6877 18.2831 1.57252 49.0569 0
7387314 15.4151 26.116 212.146 -0.0265942 -0.00830185 0.999612 15.9936 26.3998 212.2 -0.0304939 -0.00971969 0.999435 -1.16029 2.6765 17.8465 1.62538 49.3458 0
7515990 14.282 26.1145 212.145 -0.024087 -0.0093646 0.999666 14.6916 26.4518 212.211 -0.0224931 -0.0127991 0.999542 -1.19907 2.66415 17.3592 1.68254 49.6681 0
7644507 13.1162 26.1158 212.137 -0.0209559 -0.010205 0.999728 13.6221 26.252 212.132 -0.0160512 -0.014379 0.999633 -1.24015 2.65093 16.8321 1.74373 50.0158 0
7773374 12.0213 26.0408 212.116 -0.0152528 -0.0121596 0.99981 12.3298 25.9582 212.178 -0.00973343 -0.0160779 0.999738 -1.28324 2.63858 16.3066 1.80492 50.3285 0
7901769 10.8172 25.9413 212.142 -0.00957359 -0.014183 0.999854 11.0148 25.6647 212.114 -0.00112161 -0.0190603 0.999705 -1.32719 2.62479 15.7812 1.86898 50.6412 0
8028269 9.69994 25.7314 212.114 -0.00236079 -0.0160315 0.999869 9.82263 25.3623 212.16 0.00642969 -0.0200541 0.999721 -1.3585 2.61388 15.3589 1.9273 50.8778 0
8162574 8.42365 25.7301 212.101 0.000246925 -0.0163832 0.999866 8.65707 25.2769 212.183 0.0115475 -0.0205287 0.999589 -1.37574 2.60267 15.0859 1.98533 51.0572 0
8292311 7.26255 25.8115 212.083 -0.00130777 -0.0166108 0.999861 7.28343 25.2729 211.974 0.0149792 -0.0198528 0.999601 -1.38982 2.58745 14.9081 2.03503 51.1778 0
8419378 6.11759 25.6995 212.073 0.00616084 -0.0175688 0.999827 6.40667 25.299 212.094 0.0133971 -0.0195798 0.999591 -1.40044 2.58113 14.7557 2.08702 51.308 0
8552492 4.93525 25.7011 212.086 0.00837214 -0.0169206 0.999822 5.05951 25.1965 212.118 0.014043 -0.0177452 0.999636 -1.40562 2.57682 14.6445 2.13672 51.4033 0
8679246 3.72945 25.7382 212.094 0.00927278 -0.0160563 0.999828 3.82136 25.3253 212.118 0.0153978 -0.0171512 0.999681 -1.40734 2.57423 14.5794 2.18412 51.4652 0
8807104 2.59047 25.7753 212.095 0.0102076 -0.0152545 0.999832 2.5822 25.3353 212.13 0.0166459 -0.0157051 0.999638 -1.40676 2.57366 14.5445 2.22692 51.5001 0
8934369 1.43968 25.7865 212.086 0.0102406 -0.0139999 0.99985 1.69046 25.3465 212.138 0.0165362 -0.0150832 0.999696 -1.4036 2.57452 14.5128 2.26944 51.5318 0
9065062 0.286115 25.77 212.098 0.0110247 -0.0127918 0.999857 0.336336 25.3609 212.151 0.0181461 -0.0138868 0.999675 -1.39499 2.57912 14.5286 2.30937 51.5525 0
9188401 -0.73264 25.6877 212.117 0.0134292 -0.0122009 0.999835 -0.562568 25.4788 212.148 0.0190215 -0.0127979 0.999673 -1.38637 2.58314 14.5636 2.34499 51.5541 0
9316469 -1.80533 25.6127 212.109 0.0158609 -0.0105417 0.999819 -1.68355 25.4713 212.047 0.0194233 -0.0109587 0.999721 -1.3654 2.59434 14.654 2.37717 51.5318 0
9448568 -2.97201 25.6457 212.113 0.017522 -0.00974619 0.999799 -3.02651 25.6037 212.16 0.0201877 -0.0092606 0.999657 -1.33811 2.60669 14.8414 2.40503 51.4461 0
9580167 -4.27157 25.5925 212.077 0.018674 -0.00788607 0.999795 -4.26573 25.6076 212.061 0.0213028 -0.00841912 0.999679 -1.31139 2.61847 15.0017 2.43347 51.3683 0
9703284 -5.30621 25.5797 212.067 0.0196874 -0.00621208 0.999787 -5.39458 25.3543 211.984 0.0221195 -0.00401239 0.999698 -1.29042 2.62853 15.1763 2.45559 51.2921 0
9829167 -6.39174 25.5829 212.021 0.0207044 -0.00375377 0.999779 -6.52274 25.5808 211.972 0.0238624 -0.00221148 0.999612 -1.2706 2.63858 15.3795 2.48001 51.1826 0
9955658 -7.55866 25.6022 212.002 0.0216645 -0.0014547 0.999764 -7.62042 25.4826 211.994 0.0216824 -0.00130721 0.999665 -1.25307 2.64835 15.5812 2.50558 51.0778 0
10080532 -8.64462 25.6233 212.007 0.0200557 -0.00111811 0.999798 -8.59837 25.3925 212.014 0.0186269 -0.00149183 0.99972 -1.23756 2.65697 15.8224 2.53028 50.9524 0
10209967 -9.77539 25.6478 212.079 0.0172009 -0.00219952 0.99985 -9.70012 25.3195 212.036 0.0168841 -0.00329274 0.999806 -1.22004 2.66616 16.1527 2.5547 50.7968 0
10337219 -10.9012 25.6301 212.102 0.0162018 -0.00311386 0.999864 -10.8254 25.1397 212.181 0.0175974 -0.00429048 0.99978 -1.20079 2.67851 16.5194 2.57596 50.5841 0
10464403 -11.9383 25.5998 212.161 0.0160618 -0.00447793 0.999861 -11.7356 25.2625 212.179 0.0196831 -0.00372311 0.999696 -1.16488 2.69805 17.0623 2.58228 50.2428 0
10593415 -12.9059 25.7552 212.231 0.016347 -0.00490433 0.999854 -12.5223 25.6016 212.263 0.0210678 -0.00153835 0.999697 -1.10571 2.72103 17.8068 2.57395 49.7507 0
10718171 -13.9123 25.9529 212.204 0.0165204 -0.00458759 0.999853 -13.7071 25.9813 212.239 0.0171136 -0.00403841 0.999759 -1.04107 2.74458 18.4656 2.57107 49.2681 0
10846345 -15.096 26.0323 212.186 0.0156977 -0.00433193 0.999867 -15.2092 26.2651 212.23 0.0110658 -0.00748273 0.999822 -0.976433 2.7736 19.0387 2.57136 48.8553 0
10977874 -16.4708 26.0812 212.126 0.0117619 -0.00528838 0.999917 -16.739 26.3936 212.122 0.00764858 -0.0074176 0.999855 -0.91467 2.80692 19.5531 2.5728 48.4918 0
11109226 -17.8926 26.3088 212.053 0.00566532 -0.00770479 0.999954 -17.9599 26.4086 212.022 0.00678771 -0.00776547 0.999902 -0.858365 2.84283 20.0452 2.57538 48.1933 0
11234609 -18.9707 26.2979 212.097 0.00768205 -0.00656021 0.999949 -19.11 26.4262 212.145 0.0106031 -0.00612549 0.999808 -0.824754 2.86696 20.3627 2.58371 48.0314 0
11367316 -19.9643 26.1347 212.128 0.011967 -0.00396426 0.999921 -19.8193 26.1925 212.174 0.0144389 -0.00348898 0.999855 -0.796602 2.88822 20.6119 2.59836 47.8727 0
11497026 -20.9022 25.9844 212.119 0.0177865 -0.000772024 0.999842 -20.7793 25.9394 212.096 0.0211057 0.000429232 0.999735 -0.764427 2.9135 20.9199 2.61301 47.6504 0
11626744 -21.9318 25.8448 212.106 0.022163 0.00235547 0.999752 -21.7361 25.6856 212.131 0.0275525 0.00568731 0.999477 -0.730242 2.93648 21.2565 2.62939 47.4948 0
11750988 -22.7695 25.4393 212.205 0.0317983 0.00883811 0.999455 -22.6738 25.3547 212.286 0.0318794 0.00854454 0.999373 -0.691748 2.95918 21.7089 2.64289 47.2726 0
11882000 -23.6896 24.7516 212.311 0.042088 0.0131245 0.999028 -23.9563 25.0394 212.335 0.0371389 0.0091601 0.999124 -0.552134 3.00744 23.4885 2.59319 45.9026 0
12010116 -24.8961 24.4048 212.341 0.0440021 0.00297402 0.999027 -25.1832 24.6326 212.519 0.0481316 -0.00323622 0.998701 -0.563912 3.01175 23.9235 2.63743 45.4216 0
12138250 -25.6413 24.51 212.331 0.0467959 -0.000929242 0.998904 -26.0921 24.3152 212.341 0.0489415 -0.00558423 0.998692 -0.578563 3.00629 23.8314 2.663 45.3676 0
12264063 -25.9773 23.8985 212.267 0.0482449 -0.00271282 0.998832 -26.2048 24.3126 212.231 0.0489269 -0.00632526 0.998647 -0.544091 3.01548 23.9346 2.64232 45.1691 0
12390724 -26.5869 24.1761 212.232 0.0457988 -0.00954543 0.998905 -25.7738 25.4057 211.989 0.052809 0.00525087 0.998493 -0.558454 3.00859 24.0648 2.66271 44.9898 0
12521004 -26.5239 24.3463 212.023 0.0502127 -0.00356845 0.998732 -26.8914 23.558 211.986 0.0488359 -0.0111101 0.998659 -0.54208 3.01376 24.1489 2.6584 44.8183 0
12649601 -26.5305 23.7528 212.031 0.0527909 -0.00325641 0.9986 -26.6643 24.2735 211.792 0.0497834 -0.00622015 0.998626 -0.529153 3.02697 24.1298 2.64749 44.804 0
12777424 -26.8105 24.0011 212.036 0.0518376 -0.00686672 0.998632 -26.6804 24.1366 211.804 0.0513011 -0.00343081 0.998562 -0.503586 3.03042 24.2584 2.62824 44.8246 0
12905193 -26.8575 24.094 212.002 0.0540317 -0.00513797 0.998526 -26.6848 24.1495 211.915 0.0519092 -0.00356382 0.998569 -0.52944 3.03013 24.5902 2.65697 44.8088 0
13037933 -27.1668 23.9171 212.08 0.0522983 -0.00908887 0.99859 -27.0382 24.0079 212.165 0.053757 -0.00901824 0.998382 -0.526855 3.01634 24.6712 2.66673 44.7865 0
13173249 -27.3041 23.8218 212.243 0.0548116 -0.010228 0.998444 -27.2741 23.5045 212.448 0.0543184 -0.0116044 0.998402 -0.562763 3.00543 24.8506 2.70724 44.6103 0
13306483 -27.4283 23.3373 212.349 0.0556099 -0.0169923 0.998308 -27.4906 23.4293 212.35 0.0532532 -0.0162492 0.99841 -0.387815 2.99997 24.9395 2.58113 44.0976 0
13434744 -27.4361 24.1915 211.732 0.0287707 -0.0428929 0.998665 -29.5911 22.7078 211.05 -0.04983 -0.117102 0.991771 -0.420852 3.00543 24.7283 2.55815 44.2246 0
13561425 -29.1062 22.703 210.804 -0.0137188 -0.0918555 0.995678 -28.9749 22.6 210.645 -0.00807687 -0.0874535 0.996032 -0.655839 2.90345 23.6171 2.76469 43.434 0
13689212 -27.5379 18.0645 211.056 0.0135824 -0.0663407 0.997705 -27.4595 17.8186 211.201 0.0122685 -0.0650527 0.997743 -1.07181 2.67162 19.588 3.09189 47.8028 0
13817180 -26.0547 12.8096 212.213 0.00961828 -0.0637158 0.997922 -25.6541 12.3891 212.088 0.0120019 -0.0661659 0.997618 -1.23785 2.60325 17.6973 3.26684 48.9109 0
13944413 -25.8605 10.5467 212.285 0.0168112 -0.0512558 0.998544 -26.0575 10.6911 212.467 0.0166416 -0.047479 0.998673 -1.17982 2.62824 17.048 3.29959 50.8905 0
14071896 -26.3957 9.32911 213.01 0.0120182 -0.0405554 0.999105 -26.7811 9.52297 213.488 0.00918778 -0.0415407 0.998996 -1.16632 2.6337 16.459 3.34153 51.4033 0
14199259 -26.9246 7.95233 212.788 0.00326005 -0.0409531 0.999156 -27.2848 7.98533 212.645 -0.000699851 -0.0414737 0.999104 -1.22722 2.60382 14.9795 3.42513 51.4556 0
14325781 -26.397 6.35667 212.013 -0.010755 -0.0365417 0.999274 -26.0854 6.08401 212.044 -0.0140851 -0.0390329 0.999004 -1.33294 2.55326 13.6714 3.52912 52.6859 0
14449942 -25.9339 5.1004 212.192 -0.0122231 -0.0353144 0.999301 -25.8041 4.88504 212.39 -0.0104312 -0.0395755 0.999141 -1.34816 2.54895 13.5158 3.58112 52.9098 0
14579010 -25.8958 3.80083 212.262 -0.0103412 -0.0354645 0.999317 -25.9606 3.65277 212.409 -0.00810798 -0.0393769 0.999093 -1.35506 2.54723 13.4364 3.63081 52.9209 0
14706862 -25.9997 2.68452 212.301 -0.00939687 -0.0345596 0.999358 -25.8797 2.51321 212.413 -0.00709816 -0.0376707 0.999148 -1.35908 2.54694 13.3221 3.67534 52.913 0
14831718 -26.0145 1.51529 212.218 -0.00830752 -0.0335717 0.999402 -26.0315 1.35125 212.196 -0.00534809 -0.0356016 0.999279 -1.36367 2.54637 13.1983 3.72188 52.8907 0
14960005 -26.0521 0.431375 212.185 -0.00649678 -0.0321215 0.999463 -25.9487 0.318056 212.188 -0.00432809 -0.0333971 0.999404 -1.36683 2.54665 13.0919 3.7644 52.8907 0
15085486 -25.9818 -0.644457 212.128 -0.00498693 -0.0302528 0.99953 -25.8568 -0.718837 212.07 -0.00442462 -0.0320469 0.999387 -1.36942 2.5478 12.9872 3.80634 52.8907 0
15216237 -25.9231 -1.7659 212.07 -0.00372697 -0.0290261 0.999572 -25.8875 -1.85852 212.075 -0.00341041 -0.0300979 0.999416 -1.36971 2.54953 12.938 3.84914 52.8923 0
15346543 -25.8811 -2.87558 212.036 -0.00268653 -0.0278421 0.999609 -25.8067 -3.00285 211.969 -0.00253718 -0.0291304 0.999427 -1.36856 2.55183 12.8999 3.88878 52.8987 0
15470453 -25.8614 -3.92234 212.032 -0.00184424 -0.0267111 0.999641 -25.8322 -3.79136 211.938 -0.00143739 -0.0291386 0.999538 -1.36511 2.55585 12.8618 3.92699 52.9161 0
15597765 -25.8432 -5.03886 212.039 -0.00142465 -0.0265064 0.999648 -25.7502 -4.93206 211.943 -0.00054741 -0.0273087 0.999581 -1.35735 2.56217 12.8094 3.96549 52.9209 0
15725961 -25.7657 -6.1023 211.991 -0.00153704 -0.0268447 0.999638 -25.5343 -5.97358 211.824 -0.00198203 -0.0256901 0.999551 -1.34471 2.57136 12.73 4.00139 52.8907 0
15854328 -25.6788 -7.18727 211.867 -0.00315384 -0.0250367 0.999682 -25.6655 -7.12903 211.607 -0.00244329 -0.0243201 0.999658 -1.29502 2.59549 12.9919 4.02351 52.3383 0
15985887 -25.9664 -8.39109 211.386 -0.0057115 -0.023853 0.999699 -26.1041 -8.53431 211.086 -0.00669287 -0.0230249 0.999572 -1.23124 2.62163 13.392 4.04391 51.9097 0
16115754 -26.1964 -9.73871 211.304 -0.00792702 -0.0215287 0.999737 -26.4293 -9.88243 211.118 -0.0104551 -0.0218476 0.999615 -1.19476 2.636 13.8222 4.0689 52.1526 0
16246336 -26.2386 -10.9181 211.62 -0.00875157 -0.0224675 0.999709 -26.3521 -11.0277 211.69 -0.00856576 -0.0252003 0.999576 -1.17092 2.64576 14.1603 4.09332 52.505 0
16371461 -26.2417 -12.0646 211.962 -0.00771653 -0.0255554 0.999644 -26.1725 -12.1831 212.15 -0.00583014 -0.0289462 0.999446 -1.13529 2.66243 14.6779 4.10654 52.5796 0
16507493 -26.4651 -13.3521 212.411 -0.000697653 -0.0309148 0.999522 -26.6843 -13.3417 212.505 -0.000887581 -0.0322357 0.999365 -1.0494 2.70896 16.1685 4.08499 51.5779 0
16638650 -26.7874 -14.4748 212.384 0.000977894 -0.0306418 0.99953 -27.2079 -14.597 212.415 0.00477004 -0.0301196 0.999446 -1.01579 2.73453 16.6035 4.09935 50.9953 0
16765277 -26.7477 -15.56 212.276 0.00453476 -0.0278968 0.999601 -26.9078 -15.6483 212.294 0.00628259 -0.0276817 0.999541 -1.01407 2.7397 16.567 4.13497 50.8937 0
16892320 -26.8761 -17.0357 212.078 0.00330976 -0.0350118 0.999381 -26.1567 -16.8934 212.303 0.00701046 -0.0279384 0.999559 -1.03331 2.73625 15.705 4.18553 51.6985 0
17021332 -25.5423 -17.9101 212.585 -0.00111858 -0.0246427 0.999696 -25.0305 -17.6958 212.708 -0.0071898 -0.0235011 0.999627 -1.0675 2.72074 13.9444 4.22805 53.3019 0
17150634 -25.39 -17.8715 212.194 -0.0102006 -0.026315 0.999602 -25.5769 -17.4208 212.015 -0.0206209 -0.0234048 0.999405 -0.939663 2.79198 16.4606 4.17002 50.165 0
17282156 -27.1744 -19.2861 211.241 0.00599346 0.00119864 0.999981 -27.0228 -19.461 211.432 0.0104479 -0.00145738 0.999811 -0.733115 2.8954 21.1644 4.10079 46.3105 0
17408598 -27.0288 -21.0014 211.614 0.0218419 0.0126904 0.999681 -26.9822 -21.4525 211.853 0.0266927 0.0118387 0.999456 -0.801485 2.8615 21.3787 4.18381 46.7376 0
17538524 -26.5261 -22.4437 211.95 0.0295344 0.0164295 0.999429 -26.3332 -22.4739 212.174 0.0272487 0.0153877 0.999446 -0.756958 2.88736 21.7327 4.19185 46.5217 0
17671791 -25.8966 -23.1366 212.065 0.0242566 0.0211274 0.999482 -25.876 -23.2012 212.24 0.0247922 0.021071 0.999369 -0.760118 2.89052 21.7359 4.21972 46.5487 0
17802977 -25.4029 -24.066 212.116 0.020495 0.0291592 0.999365 -25.428 -23.9366 212.195 0.0231834 0.0263739 0.999323 -0.680832 2.94366 22.2121 4.20938 46.0359 0
17926801 -24.8453 -24.4308 212.126 0.0139285 0.0316195 0.999403 -24.8625 -24.5344 212.249 0.0212949 0.0298353 0.999227 -0.778791 2.91321 22.0343 4.27516 46.1962 0
18052066 -24.2389 -25.1273 212.192 0.0189102 0.0291169 0.999397 -24.2929 -25.3512 212.215 0.0184001 0.0317246 0.999186 -0.740871 2.92154 21.9502 4.2878 46.2836 0
18179452 -23.6915 -25.5855 212.227 0.0171985 0.030317 0.999392 -23.5755 -25.5616 212.342 0.0249627 0.0301297 0.999154 -0.783387 2.90316 21.7883 4.32141 46.4248 0
18303625 -22.9089 -25.8621 212.355 0.0250543 0.0300317 0.999235 -22.8372 -26.0001 212.493 0.0288514 0.0291929 0.999084 -0.825616 2.86725 21.5375 4.36249 46.6725 0
18434889 -21.8441 -26.1632 212.425 0.0307424 0.0271288 0.999159 -21.8637 -26.3435 212.63 0.0316649 0.0295035 0.999019 -0.866409 2.84312 21.1676 4.40415 46.7233 0
18562281 -21.0279 -26.1422 212.3 0.0256222 0.0316088 0.999172 -21.3265 -26.108 212.257 0.02213 0.0353218 0.999011 -0.911223 2.81985 20.631 4.44695 46.7852 0
18696194 -20.0474 -26.1771 212.213 0.0204044 0.0366553 0.99912 -20.1966 -26.3645 212.158 0.0200588 0.0354954 0.999139 -0.977582 2.77733 19.8944 4.51676 47.2567 0
18825582 -18.7441 -26.2323 212.111 0.020921 0.0317574 0.999277 -18.5577 -26.3286 212.141 0.0238279 0.0281958 0.999247 -1.04308 2.73855 19.0276 4.58484 47.9631 0
18954993 -17.4323 -26.3574 212.12 0.0242873 0.0256765 0.999375 -17.354 -26.5416 212.152 0.0259591 0.024717 0.999219 -1.0922 2.71471 18.3386 4.63454 48.4775 0
19086918 -16.3061 -26.3403 212.101 0.0251036 0.0225904 0.99943 -16.4365 -26.3223 212.119 0.0237339 0.0231809 0.999406 -1.13903 2.69086 17.7656 4.68136 48.8553 0
19216685 -15.2675 -26.2436 212.091 0.0235353 0.0222748 0.999475 -15.3287 -26.2241 212.208 0.0249608 0.0235218 0.999356 -1.18499 2.66099 17.629 4.73882 48.9823 0
19344684 -13.9769 -26.2901 212.263 0.0317909 0.0245538 0.999193 -13.8662 -26.3751 212.319 0.0356245 0.0258685 0.998986 -1.24446 2.62881 17.6179 4.81408 48.9998 0
19473087 -12.5509 -26.2851 212.421 0.0380993 0.0279968 0.998882 -12.332 -26.3176 212.517 0.0391366 0.0309269 0.99866 -1.27376 2.62106 17.2147 4.8589 49.2093 0
19606072 -11.6812 -26.2275 212.293 0.027437 0.0331028 0.999075 -11.8384 -26.2727 212.277 0.0219991 0.0348386 0.999063 -1.28123 2.61732 16.6114 4.88992 49.6459 0
19738996 -10.6638 -26.3878 212.302 0.0166173 0.029574 0.999424 -10.6612 -26.5517 212.409 0.0149122 0.0280014 0.999371 -1.31943 2.57883 15.6494 4.96289 50.5365 0
19871354 -9.13994 -26.355 212.244 0.0216577 0.0187657 0.999589 -9.15787 -26.3967 212.27 0.021332 0.0188171 0.999523 -1.38091 2.5412 14.3889 5.01805 51.2127 0
20004338 -8.27438 -25.9605 212.106 0.022328 0.0139195 0.999654 -8.59595 -25.6913 212.083 0.0220609 0.0121826 0.999597 -1.42256 2.52741 13.5142 5.0528 51.9636 0
20134858 -7.53609 -25.4346 212.07 0.0168878 0.010254 0.999805 -7.54029 -25.4459 212.159 0.0171151 0.00885143 0.999758 -1.42256 2.53114 13.3587 5.10279 52.1605 0
20262869 -6.30224 -25.6206 212.143 0.0133795 0.00925683 0.999868 -6.29745 -25.6952 212.06 0.0149015 0.00803089 0.999747 -1.41998 2.53488 13.3237 5.15364 52.2065 0
20392330 -5.04409 -25.8607 212.123 0.0128275 0.00830755 0.999883 -5.0725 -26.0517 212.083 0.0145354 0.00803786 0.99975 -1.41998 2.53631 13.2793 5.20535 52.2526 0
20529292 -3.6952 -26.158 212.15 0.0109753 0.00854526 0.999903 -3.49339 -26.4067 212.213 0.0122246 0.00845893 0.999856 -1.42515 2.53919 13.2094 5.26596 52.3081 0
20659873 -2.23296 -26.3607 212.124 0.0127549 0.00690892 0.999895 -2.09324 -26.3271 212.077 0.00574178 0.00784117 0.999873 -1.41797 2.54005 13.1713 5.30991 52.3684 0
20790302 -1.24237 -26.3789 212.114 0.0114144 0.0060543 0.999917 -1.41271 -26.6766 212.106 0.00391772 0.00824021 0.999853 -1.42716 2.53631 12.9856 5.35616 52.5558 0
20920582 -0.297714 -26.4251 212.158 0.00657151 0.00617828 0.999959 -0.73126 -26.6585 212.211 0.00277927 0.00617218 0.999837 -1.40303 2.54005 13.0602 5.3757 52.651 0
21055739 0.527156 -26.5011 212.149 0.00547493 0.00348027 0.999979 0.603551 -26.6726 212.197 0.00324554 0.00494905 0.99996 -1.35419 2.55527 13.3523 5.37512 52.478 0
21189188 1.59879 -26.6746 212.105 0.00598132 0.00313837 0.999977 1.49129 -26.9095 212.101 0.00321643 0.003467 0.99987 -1.43722 2.5277 12.6586 5.49693 52.8844 0
21320176 3.47441 -26.4048 212.208 0.00368769 0.00465027 0.999982 3.72815 -26.2959 212.121 0.00411517 0.00578245 0.999862 -1.42687 2.53086 12.7649 5.55064 52.9177 0
21454810 4.64743 -26.2148 212.198 0.00375891 0.00443119 0.999983 4.83948 -26.1933 212.21 0.00496728 0.00564479 0.999867 -1.43693 2.53459 12.7205 5.59575 52.8622 0
21586213 5.80279 -26.0864 212.205 0.00388715 0.00468143 0.999981 5.96415 -26.1083 212.186 0.00424519 0.006157 0.999944 -1.44354 2.53631 12.6522 5.63482 52.7923 0
21719846 6.95425 -25.912 212.174 0.00416226 0.00600707 0.999973 6.74679 -25.7902 212.144 0.00473336 0.0061477 0.99994 -1.45388 2.53832 12.5697 5.669 52.6669 0
21855067 7.51689 -25.6506 211.868 0.000895961 0.00486076 0.999988 7.35603 -25.4876 211.771 -0.000547952 0.00452289 0.999926 -1.48605 2.53689 12.2442 5.71152 52.5367 0
21988885 7.74915 -24.9798 211.667 -0.00913949 0.00124924 0.999957 7.59386 -24.7929 211.59 -0.0129681 -5.24914e-005 0.999814 -1.37861 2.56619 12.7062 5.6713 52.4113 0
22121756 8.41759 -25.79 211.588 -0.0158161 -0.00718423 0.999849 7.83619 -25.9506 211.495 -0.0176731 -0.00980433 0.999663 -1.30392 2.60612 13.8762 5.70031 51.8541 0
22252826 10.3994 -25.8228 211.824 -0.0141114 -0.00914685 0.999859 10.5827 -25.7516 211.888 -0.012022 -0.00805239 0.999782 -1.27146 2.62077 14.3905 5.77127 51.816 0
22385215 12.415 -25.482 212.099 -0.00979668 -0.00852418 0.999916 12.6901 -25.3036 212.153 -0.00935461 -0.00907462 0.999858 -1.23297 2.64691 14.6858 5.79971 51.7001 0
22512512 14.1597 -25.2601 211.951 -0.00551044 -0.0109556 0.999925 14.0332 -25.1795 212.018 -0.00970213 -0.0144744 0.999815 -1.18901 2.67736 14.8525 5.80804 51.2096 0
22643762 14.6681 -25.7319 211.752 -0.00982055 -0.0156465 0.999829 14.1405 -25.8799 211.423 -0.011368 -0.0185135 0.999644 -1.15512 2.70781 15.0906 5.76725 50.2317 0
22780917 14.3161 -26.2485 211.102 -0.017177 -0.0205416 0.999641 14.1083 -26.3353 211.139 -0.0211809 -0.020806 0.999507 -1.11317 2.74229 16.5051 5.7908 50.0602 0
22913774 16.1518 -26.1181 211.787 -0.0302913 -0.0233878 0.999267 16.0111 -26.149 211.779 -0.032743 -0.025059 0.999106 -1.08186 2.75004 16.2812 5.81206 49.5522 0
23044049 17.243 -26.3669 211.096 -0.0301628 -0.031155 0.999059 16.9909 -26.629 210.599 -0.0324857 -0.0370078 0.99876 -1.00286 2.76986 16.5702 5.81062 48.9887 0
23172345 20.9452 -26.045 212.128 -0.00567314 -0.00317474 0.999979 21.2911 -26.267 212.374 -0.0114581 -0.00412654 0.999855 -0.739722 2.88937 20.758 5.76983 48.0663 0
23301826 22.2946 -26.4884 212.596 -0.0124133 0.0016565 0.999922 22.7784 -26.7658 212.851 -0.015703 0.00380205 0.999809 -0.739148 2.88851 20.7675 5.775 47.8996 0
23435977 22.9366 -26.5654 212.674 -0.0153799 0.00382524 0.999874 23.0078 -26.5526 212.826 -0.0159383 0.00429223 0.999761 -0.769311 2.86409 20.7199 5.80459 47.7774 0
23564948 23.4356 -26.1824 212.435 -0.015411 0.00445041 0.999871 23.4629 -26.1497 212.553 -0.0162855 0.005283 0.999784 -0.744606 2.88247 20.8088 5.80402 47.3853 0
23698844 24.1084 -25.9362 212.255 -0.0146847 0.00609195 0.999874 23.91 -25.7513 212.17 -0.015915 0.00551879 0.999755 -0.775918 2.85231 20.6056 5.84251 47.0281 0
23834846 24.4369 -25.3194 211.929 -0.0145875 0.00600987 0.999876 24.3743 -25.6581 211.71 -0.0181897 0.00150411 0.999711 -0.722773 2.89684 20.831 5.81867 46.8281 0
23962344 24.8662 -25.2626 211.797 -0.0185249 -5.96219e-006 0.999828 24.6089 -25.8515 211.731 -0.019844 -0.00202394 0.999732 -0.704962 2.90948 20.7834 5.82499 46.9186 0
24090388 25.2342 -24.6962 211.79 -0.0182402 -0.00133934 0.999833 25.2861 -25.0618 211.754 -0.0190174 -0.00350954 0.999755 -0.699217 2.9181 20.9279 5.85515 47.0773 0
24224983 25.9516 -23.9509 212.023 -0.0196861 -0.00290606 0.999802 26.5592 -23.9285 212.292 -0.0209248 -0.00103194 0.99964 -0.696344 2.93677 21.3231 5.91404 47.417 0
24356873 26.9078 -22.6408 212.399 -0.0218312 -0.00270372 0.999758 27.5056 -22.7816 212.611 -0.0239927 -0.0018362 0.999638 -0.731104 2.91867 21.1612 5.94995 47.4234 0
24485518 28.2967 -22.1947 212.749 -0.0195493 0.00631513 0.999789 27.6193 -22.3508 212.675 -0.0232138 0.000602951 0.999618 -0.885081 2.79428 20.3182 6.07262 47.8076 0
24620077 27.8623 -19.9131 212.647 -0.0110578 0.0236085 0.99966 28.0789 -19.9224 212.724 -0.00705465 0.0285287 0.999448 -0.951153 2.77015 19.4372 6.10077 48.5489 0
24752377 27.5122 -19.3641 212.601 -0.00721345 0.0263283 0.999627 27.7508 -19.8661 212.725 -0.00776548 0.0231613 0.999651 -1.01493 2.75033 18.3529 6.13668 49.1252 0
24882721 26.8892 -18.5523 212.312 -0.0063568 0.0139668 0.999882 26.963 -18.7865 212.294 -0.00552868 0.0123313 0.999779 -1.12782 2.68972 17.0147 6.22832 49.6618 0
25017399 26.5134 -17.1035 212.184 -0.00540121 0.0136968 0.999892 26.7518 -17.0422 212.221 -0.00323427 0.0174384 0.999708 -1.21113 2.63628 16.359 0.030738 50.2745 0
25150465 26.4067 -15.422 212.261 -0.00343852 0.0187373 0.999819 26.5411 -15.3868 212.382 -0.000937668 0.0226669 0.999624 -1.25623 2.611 15.7717 0.0913521 50.7286 0
25279799 26.3373 -14.1594 212.292 -0.00169049 0.0199991 0.999799 26.6682 -14.1506 212.363 -9.43236e-005 0.0220437 0.999679 -1.28238 2.59836 15.2748 0.137603 50.9826 0
25414082 26.4055 -12.9826 212.236 0.000131652 0.0203189 0.999794 26.773 -13.1501 212.146 0.00243868 0.0204042 0.999699 -1.30737 2.58572 14.7652 0.182991 51.2032 0
25549327 26.4727 -11.8879 212.124 0.00217589 0.0191298 0.999815 26.7643 -12.2492 212.053 0.00509811 0.0190051 0.999692 -1.33696 2.57107 14.1857 0.228955 51.5588 0
25678654 26.4362 -10.8587 212.024 0.0052425 0.0183456 0.999818 26.532 -11.2387 211.949 0.00801399 0.018221 0.99974 -1.37287 2.5501 13.5841 0.278653 52.07 0
25808925 26.3095 -10.0481 211.965 0.0107245 0.0185809 0.99977 26.3061 -10.1178 212.058 0.0107332 0.0200033 0.999645 -1.40332 2.53028 13.1967 0.343289 52.6431 0
25944313 26.2936 -8.3859 212.217 0.0104026 0.0202744 0.99974 26.5772 -8.20902 212.413 0.00994305 0.0234437 0.999539 -1.42142 2.51965 13.0142 0.419128 52.9511 0
26073920 26.3879 -6.87173 212.343 0.00943666 0.0231604 0.999687 26.6178 -6.64458 212.472 0.00887017 0.0248126 0.99953 -1.43434 2.51161 12.8903 0.476008 52.9987 0
26203077 26.4549 -5.58104 212.256 0.00908491 0.0246555 0.999655 26.7579 -5.44335 212.231 0.00802824 0.0254485 0.999596 -1.44468 2.50471 12.7078 0.522545 52.9987 0
26332538 26.8543 -4.31925 212.035 0.00696901 0.0241676 0.999684 26.6599 -4.56227 212.14 0.00828985 0.0264149 0.999492 -1.45991 2.49581 12.1474 0.556443 53.4781 0
26465020 26.1948 -3.4409 212.011 0.00847065 0.0259616 0.999627 26.1178 -3.36057 211.906 0.00881589 0.0283732 0.999526 -1.46278 2.49983 12.1887 0.598959 53.0606 0
26601895 26.0707 -2.40841 211.947 0.00855046 0.0287803 0.999549 26.2406 -2.48822 211.813 0.00933035 0.0298205 0.999368 -1.46451 2.50213 12.1252 0.642337 53.1733 0
26735016 26.1387 -1.26185 211.986 0.00821807 0.0287067 0.999554 26.1584 -1.35653 211.919 0.00860607 0.0302113 0.999458 -1.46336 2.50902 12.2045 0.693759 53.1527 0
26864771 26.1212 -0.169453 211.97 0.00737536 0.0275983 0.999592 26.1857 -0.088437 212.012 0.00831316 0.0276415 0.999486 -1.46508 2.51506 12.0966 0.741446 53.3067 0
26994255 26.0056 1.07161 212.005 0.00668054 0.0272694 0.999606 25.9995 1.02316 211.898 0.00648691 0.0279191 0.999478 -1.4737 2.52195 12.0998 0.794304 53.2368 0
27123186 25.0909 1.75061 211.917 0.00860304 0.0344101 0.999371 25.3786 1.96625 211.698 0.00283689 0.0221093 0.999638 -1.52426 2.52856 11.9617 0.865834 53.1511 0
27257268 25.0255 3.07158 212.126 -0.000728735 0.0204589 0.99979 24.8968 3.19083 212.141 -0.0025064 0.0171817 0.999726 -1.52684 2.54321 11.8934 0.919266 53.4273 0
27395662 25.0462 4.17438 212.014 0.000407135 0.0155655 0.999879 24.7652 3.77294 211.861 0.000448432 0.0119873 0.999868 -1.50415 2.54005 11.9458 0.926448 53.286 0
27526105 25.1522 4.92717 211.937 0.00129364 0.0116317 0.999932 24.6631 4.68646 211.991 0.00142477 0.0119687 0.999859 -1.45416 2.52942 12.2252 0.954313 53.2908 0
27658887 24.5954 6.16937 212.008 0.0023457 0.0102425 0.999945 24.3447 6.04709 212.076 0.00252535 0.0120692 0.999835 -1.42314 2.52942 12.4506 0.98103 53.2987 0
27793503 24.3081 7.23932 211.992 0.0043483 0.010329 0.999937 24.2349 7.15485 211.96 0.0044882 0.0125302 0.999887 -1.37919 2.54953 12.9157 0.994531 52.9018 0
27924367 24.4368 8.56517 211.899 0.00401929 0.0162213 0.99986 24.5065 8.64152 211.797 0.00229551 0.0193014 0.999694 -1.31168 2.58888 13.6698 0.998553 52.2446 0
28055710 25.1425 10.0775 211.792 0.00348311 0.0186023 0.999821 24.9559 10.058 211.64 0.00477423 0.0212224 0.999709 -1.26026 2.62249 14.2238 1.01234 51.9906 0
28186153 25.3141 11.2746 211.858 0.00445807 0.0191051 0.999808 24.9832 11.2028 211.857 0.00440811 0.0212294 0.999712 -1.24216 2.63485 14.5159 1.04251 51.9525 0
28315500 25.2202 12.4213 211.97 0.00391045 0.0187228 0.999817 24.7985 12.4624 211.953 0.00292028 0.0200308 0.999733 -1.22033 2.64864 14.889 1.06692 51.7938 0
28441588 25.0764 13.5585 212.059 0.00197277 0.0180634 0.999835 24.7205 13.3914 212.082 0.00130165 0.0183489 0.999805 -1.17781 2.67363 15.4907 1.07324 51.4048 0
28571263 25.2503 14.5844 212.073 0.00179656 0.0151728 0.999883 25.2856 14.5252 211.96 0.00269621 0.0146413 0.999809 -1.04164 2.73712 16.7829 1.0336 50.5635 0
28705446 26.0219 16.127 212.145 0.00235817 0.0144568 0.999893 26.1309 16.384 212.199 8.78388e-006 0.0210576 0.999659 -0.996255 2.75493 17.3893 1.04308 50.4666 0
28837791 26.0086 17.3736 212.288 -0.000789963 0.0197237 0.999805 25.9596 17.505 212.307 -0.00313224 0.0228302 0.999632 -0.972699 2.76872 17.6576 1.05945 50.2317 0
28973050 25.9379 18.4719 212.25 -0.00468795 0.021741 0.999753 25.882 18.5126 212.204 -0.00485539 0.0221217 0.999604 -0.937364 2.79285 18.0958 1.07612 49.6681 0
29107356 25.6913 19.6833 212.032 -0.0041419 0.0190894 0.999809 25.4502 19.7624 211.968 -0.00418729 0.0186836 0.999711 -0.907201 2.81181 18.4593 1.09479 49.4348 0
29235780 25.4371 20.8224 212.105 -0.00576587 0.0185849 0.999811 25.2521 20.5952 212.109 -0.00509918 0.0156399 0.999795 -0.868419 2.83105 19.0514 1.09536 49.322 0
29366581 25.3452 21.482 212.227 -0.00690225 0.0132634 0.999888 25.2977 21.3044 212.261 -0.00843657 0.0134923 0.999814 -0.814125 2.84283 19.7436 1.08847 48.568 0
29497478 25.3899 22.5065 211.807 -0.00851836 0.0110471 0.999903 24.9921 22.6017 211.681 -0.00954732 0.0128936 0.999767 -0.868707 2.80032 19.5737 1.15397 48.6458 0
29630187 22.1494 16.9619 212.741 -0.017106 0.0123888 0.999777 23.9334 23.015 212.771 -0.025668 0.0192848 0.999407 -0.922139 2.77245 19.4578 1.1804 49.7777 0
29761319 24.0168 23.1429 213.218 -0.0229368 0.0157389 0.999613 24.1711 22.1065 213.314 -0.0166105 0.0138782 0.999745 -0.912946 2.77676 19.7356 1.19217 49.6983 0
29889183 23.9393 23.0652 213.669 -0.0248432 0.0184569 0.999521 24.0114 22.7165 214.152 -0.033252 0.0186625 0.999192 -0.903466 2.78566 18.7911 1.19821 51.0492 0
30020566 22.7697 23.5651 213.643 -0.0228573 0.0204776 0.999529 22.5675 24.5187 212.742 -0.0198538 0.0167455 0.999605 -0.907201 2.7894 18.4815 1.239 50.8794 0
30151145 21.7444 25.1802 212.895 -0.0225863 0.0176085 0.99959 21.9421 24.7907 213.281 -0.0234757 0.0190002 0.999411 -0.850034 2.80778 18.8371 1.26543 49.6713 0
30278037 21.2766 25.6712 212.583 -0.0221854 0.0171686 0.999606 21.1534 26.0628 212.259 -0.0211919 0.0170139 0.999593 -0.821594 2.81841 19.1816 1.27347 48.9172 0
30408977 20.5563 26.231 211.937 -0.0210639 0.0170793 0.999632 20.6942 26.3509 211.673 -0.0198582 0.0165027 0.999631 -0.797464 2.82215 19.4181 1.27634 48.1044 0
30542251 19.6807 27.2599 210.897 -0.0255779 0.0190835 0.999491 19.7525 27.3692 210.792 -0.0254174 0.0196443 0.999366 -0.795453 2.81008 19.5769 1.36655 46.4645 0
30672497 16.3527 28.9354 209.284 -0.0293258 0.0191912 0.999386 16.8006 28.814 208.882 -0.031197 0.0175305 0.999286 -0.920703 2.75349 19.2991 1.42659 47.2154 0
30804783 16.2628 27.6414 211.255 -0.0602299 0.0177011 0.998028 15.4991 28.7246 210.601 -0.045816 0.0130802 0.998818 -0.890252 2.78193 20.6532 1.48605 44.6865 0
30940259 14.59 29.1652 208.831 -0.0387771 0.00974773 0.9992 13.8955 29.6269 208.732 -0.0416627 0.00664873 0.999076 -0.936215 2.76211 20.5659 1.57309 43.0149 0
31074629 13.3648 29.2904 207.254 -0.0553243 -0.00827349 0.998434 14.114 28.923 206.589 -0.0572152 -0.0145271 0.998163 -0.988211 2.73367 21.5533 1.50386 41.656 0
31205626 12.9951 29.1959 207.757 -0.0560165 -0.0201279 0.998227 14.1512 28.5645 207.983 -0.0606312 -0.0206353 0.997861 -0.990222 2.73424 21.5914 1.58085 42.3513 0
31342147 12.8316 29.4589 209.222 -0.053977 -0.0222501 0.998294 12.8194 29.1369 208.505 -0.0598693 -0.0254491 0.997743 -0.988499 2.73597 21.2501 1.65841 44.0103 0
31476570 10.0662 30.2833 209.697 -0.0516032 -0.0312781 0.998178 10.9129 29.9859 209.12 -0.0567308 -0.0337337 0.997716 -0.976146 2.74545 22.2645 1.65554 42.7641 0
31604657 9.1149 30.1638 209.385 -0.0567909 -0.044029 0.997415 8.91183 30.4107 210.116 -0.0558783 -0.0401533 0.99752 -0.979593 2.74947 22.336 1.77275 43.8055 0
31745138 8.04888 30.592 210.434 -0.0543299 -0.0462616 0.997451 8.21882 30.6396 210.445 -0.0527266 -0.0477095 0.997417 -0.967815 2.76326 22.5154 1.73167 44.123 0
31879424 8.30999 30.6316 210.93 -0.0524825 -0.0504454 0.997347 8.53182 30.5678 210.786 -0.0501835 -0.0488508 0.997507 -0.963219 2.76699 22.6154 1.67306 44.3262 0
32019018 6.048 31.0223 212.223 -0.0460147 -0.0527309 0.997548 6.98493 30.9809 212.001 -0.0498879 -0.0524415 0.997266 -0.985339 2.76613 22.4646 1.82245 46.1312 0
32155070 4.28914 31.4911 212.678 -0.0441585 -0.0566503 0.997417 5.96454 31.1996 212.664 -0.0471174 -0.0544498 0.997322 -0.978444 2.7667 22.8217 1.82762 46.0216 0
32289590 3.31963 31.5139 213.565 -0.0390767 -0.0603699 0.997411 3.92486 31.3694 213.572 -0.0426783 -0.0585797 0.997335 -0.990509 2.70293 22.355 1.88249 46.8154 0
32423372 6.17915 31.0044 212.409 -0.0568771 -0.0552441 0.996852 6.01715 30.8482 212.139 -0.0658982 -0.0465636 0.996713 -1.01004 2.71528 22.1153 1.84198 45.2914 0
32557656 6.33601 30.5688 210.661 -0.0712507 -0.0446557 0.996458 8.09384 30.4348 210.249 -0.0757794 -0.0394414 0.996204 -1.01205 2.68397 21.928 1.75752 43.8229 0
32693108 8.5368 30.059 209.251 -0.074454 -0.0405579 0.996399 9.30115 29.8161 208.841 -0.0762675 -0.0394321 0.996209 -1.01464 2.70638 22.3709 1.73282 41.7116 0
32820860 10.2384 29.4339 207.559 -0.0919618 -0.0245795 0.995459 9.30413 29.7129 208.175 -0.0774202 -0.0358505 0.996215 -1.03101 2.67076 21.8407 1.67393 41.9767 0
32956336 10.8212 29.532 208.672 -0.0974844 -0.0107367 0.995179 12.4001 28.6933 208.796 -0.0991513 -0.00944544 0.994926 -1.029 2.64461 20.9104 1.51277 43.6197 0
33089425 20.6819 25.6164 210.826 -0.0918735 0.0414961 0.994906 14.686 27.6565 210.095 -0.105149 0.0157522 0.994195 -1.08473 2.59233 19.3419 1.5616 46.2772 0
33226997 17.3297 25.1935 207.283 -0.0917622 0.0470444 0.994669 18.7719 24.097 207.355 -0.0976419 0.0576531 0.993519 -1.13759 2.55556 17.5258 1.397 44.1801 0
33358476 17.9005 24.5609 207.927 -0.078807 0.0623777 0.994936 19.2172 23.2766 207.979 -0.0861213 0.0793726 0.993072 -1.14707 2.52913 17.8576 1.32949 45.2231 0
33491381 20.899 21.0618 207.863 -0.102111 0.0984177 0.989893 20.1754 21.7307 208.362 -0.0956843 0.0911223 0.991092 -1.24417 2.4846 17.8989 1.36253 45.8549 0
33626671 22.9178 17.6625 208.083 -0.0998453 0.118771 0.987889 21.7973 18.5906 209.133 -0.10735 0.108338 0.988195 -1.27031 2.48087 16.5638 1.19102 47.5091 0
33759359 25.5938 12.2134 208.132 -0.0744073 0.116593 0.990389 24.8288 13.7886 208.221 -0.0718223 0.113252 0.990827 -1.28209 2.47771 15.7542 0.941673 46.6312 0
33885358 27.1489 8.73094 205.306 -0.0544853 0.119332 0.991358 27.0306 8.353 205.606 -0.0461606 0.120361 0.991624 -1.27922 2.47139 15.4415 0.768736 43.9055 0
34016968 28.6475 5.68906 204.933 -0.0177232 0.129323 0.991444 28.6149 4.52566 204.856 -0.00880166 0.133363 0.990931 -1.24359 2.45214 15.316 0.678246 43.915 0
34149224 28.6645 4.73402 204.903 -0.0120227 0.132379 0.991126 28.718 4.18269 204.891 -0.00854224 0.134209 0.99084 -1.24359 2.45243 15.3097 0.678246 43.9198 0
34281639 28.6934 4.53016 204.961 -0.0110228 0.132551 0.991115 28.8319 4.1794 204.89 -0.00878414 0.134335 0.990829 -1.24417 2.45243 15.3033 0.678246 43.9261 0
34412115 28.7372 4.41408 205.016 -0.0101425 0.132497 0.991131 28.8319 4.18165 204.89 -0.00878852 0.134092 0.990855 -1.24503 2.45214 15.3018 0.678821 43.9261 0
34540457 28.7663 4.34343 204.979 -0.00972818 0.132968 0.991073 28.8319 4.18165 204.89 -0.00878852 0.134092 0.990855 -1.24503 2.45214 15.3002 0.678821 43.9277 0
34671737 28.7834 4.29788 204.972 -0.00952705 0.133129 0.991053 28.8319 4.18052 204.89 -0.00878633 0.134213 0.990842 -1.24532 2.45214 15.3002 0.678821 43.9277 0
34800451 28.7946 4.27073 204.953 -0.00935675 0.133404 0.991018 28.8319 4.1794 204.89 -0.00878414 0.134335 0.990829 -1.24532 2.45214 15.3002 0.678821 43.9277 0
34936362 28.8021 4.25225 204.94 -0.00924495 0.133594 0.990993 28.833 4.17937 204.89 -0.00890618 0.134337 0.990831 -1.24532 2.45214 15.3002 0.678821 43.9277 0
35066670 28.8085 4.23784 204.93 -0.00920439 0.133733 0.990975 28.8331 4.18163 204.89 -0.00891056 0.134094 0.990856 -1.24532 2.45214 15.3002 0.678821 43.9277 0
35198162 28.8128 4.22805 204.923 -0.00914788 0.133795 0.990967 28.8319 4.18278 204.89 -0.00879071 0.13397 0.990868 -1.24532 2.45214 15.3002 0.678821 43.9277 0
35328102 28.8044 4.2257 204.918 -0.0091001 0.133824 0.990963 28.7235 4.29588 204.879 -0.00891275 0.133973 0.990869 -1.24532 2.45214 15.3002 0.678821 43.9277 0
35458930 28.7909 4.2214 204.913 -0.00906605 0.133852 0.99096 28.7203 4.18378 204.891 -0.00878852 0.134092 0.990855 -1.24532 2.45214 15.3002 0.678821 43.9277 0
35596743 28.7801 4.21558 204.91 -0.00900912 0.133901 0.990954 28.7192 4.18267 204.891 -0.00866428 0.134211 0.990841 -1.24532 2.45214 15.3002 0.678821 43.9277 0
35727856 28.7719 4.21129 204.907 -0.00895499 0.133934 0.99095 28.7181 4.18382 204.891 -0.00854443 0.134087 0.990853 -1.24532 2.45214 15.3002 0.678821 43.9277 0
35860220 28.7647 4.20762 204.905 -0.00891304 0.133947 0.990948 28.7192 4.18493 204.891 -0.00866867 0.133968 0.990866 -1.24532 2.45214 15.3002 0.678821 43.9277 0
35993242 28.759 4.21778 204.902 -0.00886847 0.133941 0.99095 28.7201 4.29594 204.879 -0.00854662 0.133966 0.990865 -1.24532 2.45214 15.3002 0.678821 43.9277 0
36125558 28.7541 4.21745 204.9 -0.00883336 0.133956 0.990948 28.7192 4.1838 204.891 -0.00866647 0.134089 0.990854 -1.24532 2.45214 15.3002 0.678821 43.9277 0
36261477 28.75 4.21351 204.899 -0.00882156 0.133968 0.990946 28.7224 4.2959 204.879 -0.00879071 0.13397 0.990868 -1.24532 2.45214 15.3002 0.678821 43.9277 0
36393697 28.7463 4.21284 204.898 -0.00881031 0.133978 0.990945 28.7192 4.1838 204.891 -0.00866647 0.134089 0.990854 -1.24532 2.45214 15.3002 0.678821 43.9277 0
36525635 28.7432 4.20953 204.897 -0.00880235 0.133987 0.990944 28.7192 4.1838 204.891 -0.00866647 0.134089 0.990854 -1.24532 2.45214 15.3002 0.678821 43.9277 0
36657338 28.7403 4.20633 204.896 -0.00877796 0.134016 0.99094 28.718 4.18157 204.891 -0.00854005 0.13433 0.990827 -1.24532 2.45214 15.3002 0.678821 43.9277 0
36785054 28.7376 4.20355 204.895 -0.00874933 0.134038 0.990938 28.7192 4.18267 204.891 -0.00866428 0.134211 0.990841 -1.24532 2.45214 15.3002 0.678821 43.9277 0
36913406 28.7356 4.20094 204.895 -0.00876137 0.134072 0.990933 28.7226 4.18148 204.891 -0.00902822 0.134339 0.990832 -1.24532 2.45214 15.3002 0.678821 43.9277 0
37050883 28.7341 4.1989 204.894 -0.00878289 0.134091 0.99093 28.7214 4.18263 204.891 -0.00890837 0.134215 0.990843 -1.24532 2.45214 15.3002 0.678821 43.9277 0
37170967 28.7329 4.19713 204.894 -0.00880553 0.134113 0.990927 28.7237 4.18146 204.891 -0.00915026 0.134342 0.990833 -1.24532 2.45214 15.3002 0.678821 43.9277 0
37288815 28.7318 4.19546 204.894 -0.00882579 0.134147 0.990922 28.7203 4.18039 204.891 -0.00878195 0.134456 0.990817 -1.24532 2.45214 15.3002 0.678821 43.9277 0
37401625 28.7308 4.19415 204.894 -0.00882211 0.134169 0.990919 28.7203 4.18152 204.891 -0.00878414 0.134335 0.990829 -1.24532 2.45214 15.3002 0.678821 43.9277 0
37517402 28.7298 4.19307 204.893 -0.00881882 0.134175 0.990918 28.7203 4.18265 204.891 -0.00878633 0.134213 0.990842 -1.24532 2.45214 15.3002 0.678821 43.9277 0
37639425 28.729 4.19216 204.893 -0.00881611 0.13418 0.990918 28.7203 4.18152 204.891 -0.00878414 0.134335 0.990829 -1.24532 2.45214 15.3002 0.678821 43.9277 0
37760211 28.7282 4.19111 204.893 -0.00881268 0.134205 0.990914 28.7202 4.17926 204.891 -0.00877975 0.134577 0.990804 -1.24532 2.45214 15.3002 0.678821 43.9277 0
37878201 28.7275 4.19001 204.893 -0.0088125 0.134241 0.99091 28.7214 4.17924 204.891 -0.0089018 0.13458 0.990805 -1.24532 2.45214 15.3002 0.678821 43.9277 0
37999025 28.7269 4.18904 204.893 -0.00882173 0.134266 0.990906 28.7214 4.18037 204.891 -0.00890399 0.134458 0.990818 -1.24532 2.45214 15.3002 0.678821 43.9277 0
38117045 28.7262 4.18803 204.892 -0.00882894 0.13429 0.990903 28.7203 4.18039 204.891 -0.00878195 0.134456 0.990817 -1.24532 2.45214 15.3002 0.678821 43.9277 0
38239312 28.7255 4.18719 204.892 -0.00882372 0.134302 0.990901 28.7203 4.18039 204.891 -0.00878195 0.134456 0.990817 -1.24532 2.45214 15.3002 0.678821 43.9277 0
38352959 28.7249 4.18639 204.892 -0.00883068 0.134311 0.9909 28.7214 4.1815 204.891 -0.00890618 0.134337 0.990831 -1.24532 2.45214 15.3002 0.678821 43.9277 0
38475598 28.7245 4.18581 204.892 -0.00883994 0.134312 0.9909 28.7214 4.18263 204.891 -0.00890837 0.134215 0.990843 -1.24532 2.45214 15.3002 0.678821 43.9277 0
38592510 28.7242 4.18539 204.892 -0.00885577 0.134306 0.9909 28.7226 4.18261 204.891 -0.00903041 0.134218 0.990845 -1.24532 2.45214 15.3002 0.678821 43.9277 0
38716796 28.724 4.18513 204.892 -0.00887205 0.134292 0.990902 28.7214 4.18263 204.891 -0.00890837 0.134215 0.990843 -1.24532 2.45214 15.3002 0.678821 43.9277 0
38835284 28.7238 4.18486 204.892 -0.00888074 0.134285 0.990903 28.7214 4.18263 204.891 -0.00890837 0.134215 0.990843 -1.24532 2.45214 15.3002 0.678821 43.9277 0
38956598 28.7237 4.18471 204.892 -0.0088847 0.134284 0.990903 28.7226 4.18148 204.891 -0.00902822 0.134339 0.990832 -1.24532 2.45214 15.3002 0.678821 43.9277 0
39074500 28.7236 4.18462 204.892 -0.00888779 0.134284 0.990903 28.7214 4.1815 204.891 -0.00890618 0.134337 0.990831 -1.24532 2.45214 15.3002 0.678821 43.9277 0
39190646 28.7235 4.18428 204.892 -0.00890186 0.134292 0.990902 28.7225 4.18035 204.891 -0.00902603 0.134461 0.990819 -1.24532 2.45214 15.3002 0.678821 43.9277 0
39302144 28.7234 4.18376 204.891 -0.00892162 0.134315 0.990899 28.7248 4.18031 204.891 -0.00927012 0.134465 0.990821 -1.24532 2.45214 15.3002 0.678821 43.9277 0
39422333 28.7306 4.18273 204.891 -0.00895522 0.134336 0.990895 28.8375 4.17816 204.89 -0.00939216 0.134468 0.990823 -1.24532 2.45214 15.3002 0.678821 43.9277 0
39536458 28.7307 4.18309 204.891 -0.00895256 0.134338 0.990895 28.8364 4.17818 204.89 -0.00927012 0.134465 0.990821 -1.24532 2.45214 15.3002 0.678821 43.9277 0
39654925 28.7314 4.18288 204.891 -0.0089457 0.134326 0.990897 28.7225 4.18035 204.891 -0.00902603 0.134461 0.990819 -1.24532 2.45214 15.3002 0.678821 43.9277 0
39771337 28.733 4.18327 204.891 -0.00891459 0.134303 0.9909 28.7237 4.18146 204.891 -0.00915026 0.134342 0.990833 -1.24532 2.45214 15.3002 0.678821 43.9277 0
39886517 28.7357 4.18381 204.892 -0.00888063 0.134291 0.990902 28.7226 4.18148 204.891 -0.00902822 0.134339 0.990832 -1.24532 2.45214 15.3002 0.678821 43.9277 0
40002928 28.743 4.18503 204.892 -0.00876944 0.134288 0.990904 28.7237 4.18146 204.891 -0.00915026 0.134342 0.990833 -1.24532 2.45214 15.3002 0.678821 43.9277 0
40124756 28.7814 4.1918 204.894 -0.00799702 0.134165 0.990927 28.7237 4.18146 204.891 -0.00915026 0.134342 0.990833 -1.24532 2.45214 15.3002 0.678821 43.9277 0
40237724 28.6802 4.17357 204.888 -0.0103226 0.134311 0.990886 28.8364 4.17931 204.89 -0.00927231 0.134344 0.990834 -1.24532 2.45214 15.3002 0.678821 43.9277 0
40351905 28.7213 4.17879 204.89 -0.00955341 0.134341 0.990889 28.7237 4.18146 204.891 -0.00915026 0.134342 0.990833 -1.24532 2.45214 15.3002 0.678821 43.9277 0
40465965 28.7217 4.1794 204.89 -0.00938178 0.134373 0.990886 28.7225 4.18035 204.891 -0.00902603 0.134461 0.990819 -1.24532 2.45214 15.3002 0.678821 43.9277 0
40580290 28.7217 4.17935 204.89 -0.0093893 0.134377 0.990886 28.7248 4.18144 204.891 -0.00927231 0.134344 0.990834 -1.24532 2.45214 15.3002 0.678821 43.9277 0
40699349 28.7265 4.18907 204.889 -0.0093719 0.134356 0.990889 28.7248 4.18256 204.891 -0.0092745 0.134222 0.990847 -1.24532 2.45214 15.3002 0.678821 43.9277 0
40817018 28.7261 4.18799 204.889 -0.00935035 0.134345 0.990891 28.7226 4.18148 204.891 -0.00902822 0.134339 0.990832 -1.24532 2.45214 15.3002 0.678821 43.9277 0
40935100 28.7253 4.18669 204.89 -0.00928895 0.134352 0.99089 28.7226 4.18148 204.891 -0.00902822 0.134339 0.990832 -1.24532 2.45214 15.3002 0.678821 43.9277 0
41048478 28.7251 4.18655 204.89 -0.00927202 0.134356 0.99089 28.726 4.18254 204.891 -0.00939654 0.134225 0.990848 -1.24532 2.45214 15.3002 0.678821 43.9277 0
41164765 28.7251 4.18704 204.89 -0.00926594 0.134363 0.990889 28.7248 4.18144 204.891 -0.00927231 0.134344 0.990834 -1.24532 2.45214 15.3002 0.678821 43.9277 0
41284247 28.7252 4.18693 204.89 -0.00926179 0.134361 0.990889 28.7248 4.18144 204.891 -0.00927231 0.134344 0.990834 -1.24532 2.45214 15.3002 0.678821 43.9277 0
41402344 28.7254 4.18882 204.889 -0.00925553 0.134404 0.990883 28.7269 4.29356 204.879 -0.0092745 0.134222 0.990847 -1.24532 2.45214 15.3002 0.678821 43.9277 0
41522786 28.7263 4.09171 204.899 -0.00924286 0.134656 0.990849 28.7269 4.29356 204.879 -0.0092745 0.134222 0.990847 -1.24532 2.45214 15.3002 0.678821 43.9277 0
41642101 28.7304 3.39413 204.966 -0.00932709 0.136324 0.99062 28.7248 4.18031 204.891 -0.00927012 0.134465 0.990821 -1.24532 2.45214 15.3002 0.678821 43.9277 0
41758828 28.7194 4.41747 204.867 -0.00923403 0.133967 0.990943 28.7237 4.18033 204.891 -0.00914807 0.134463 0.99082 -1.24532 2.45214 15.3002 0.678821 43.9277 0
41876859 28.7233 4.26737 204.882 -0.00915267 0.134276 0.990902 28.7248 4.18031 204.891 -0.00927012 0.134465 0.990821 -1.24532 2.45214 15.3002 0.678821 43.9277 0
41991587 28.7219 4.2446 204.884 -0.00922156 0.134345 0.990892 28.7259 4.18028 204.891 -0.00939216 0.134468 0.990823 -1.24532 2.45214 15.3002 0.678821 43.9277 0
42112136 28.7197 4.2571 204.883 -0.00921477 0.134336 0.990893 28.7248 4.18144 204.891 -0.00927231 0.134344 0.990834 -1.24532 2.45214 15.3002 0.678821 43.9277 0
42233127 28.7494 3.94981 204.921 -0.00974399 0.134487 0.990867 28.8387 4.17814 204.89 -0.0095142 0.13447 0.990824 -1.24532 2.45214 15.3002 0.678821 43.9277 0
42351750 28.8222 4.1387 204.895 -0.00955874 0.134479 0.99087 28.8387 4.17814 204.89 -0.0095142 0.13447 0.990824 -1.24532 2.45214 15.3002 0.678821 43.9277 0
42467657 28.8006 4.15648 204.893 -0.00951243 0.134467 0.990872 28.8387 4.17927 204.89 -0.00951639 0.134348 0.990836 -1.24532 2.45214 15.3002 0.678821 43.9277 0
42588151 28.7812 4.07995 204.901 -0.00947197 0.134614 0.990853 28.7303 4.29462 204.879 -0.00964281 0.134108 0.990863 -1.24532 2.45214 15.3002 0.678821 43.9277 0
42700725 29.3638 1.33217 205.197 -0.00908834 0.140281 0.99007 28.7269 4.29356 204.879 -0.0092745 0.134222 0.990847 -1.24532 2.45214 15.3002 0.678821 43.9277 0
42812113 28.6578 4.48839 204.857 -0.0092243 0.133821 0.990963 28.7248 4.18144 204.891 -0.00927231 0.134344 0.990834 -1.24532 2.45214 15.3002 0.678821 43.9277 0
42931494 28.6961 4.32601 204.874 -0.0093024 0.134123 0.990921 28.7248 4.18031 204.891 -0.00927012 0.134465 0.990821 -1.24532 2.45214 15.3002 0.678821 43.9277 0
43049018 28.712 4.22115 204.885 -0.00933847 0.134457 0.990875 28.7259 4.17803 204.891 -0.00938778 0.13471 0.990797 -1.24532 2.45214 15.3002 0.678821 43.9277 0
43172002 28.7146 4.21323 204.886 -0.00938346 0.134579 0.990858 28.727 4.17688 204.891 -0.00950763 0.134834 0.990785 -1.24532 2.45214 15.3002 0.678821 43.9277 0
43292197 28.7828 4.02354 204.914 -0.00942244 0.135437 0.990741 28.7248 4.17805 204.891 -0.00926573 0.134708 0.990796 -1.24532 2.45214 15.3002 0.678821 43.9277 0
43406541 28.73 4.16509 204.893 -0.0092287 0.134778 0.990833 28.7237 4.1792 204.891 -0.00914588 0.134584 0.990807 -1.24532 2.45214 15.3002 0.678821 43.9277 0
43517820 28.7334 4.13448 204.898 -0.00902283 0.135344 0.990758 28.7248 4.17918 204.891 -0.00926792 0.134587 0.990809 -1.24532 2.45214 15.3002 0.678821 43.9277 0
43632020 28.7195 4.17143 204.898 -0.00892104 0.134654 0.990853 28.7214 4.18037 204.891 -0.00890399 0.134458 0.990818 -1.24532 2.45214 15.2986 0.678821 43.9293 0
43751521 28.7382 4.19591 204.871 -0.00945619 0.134211 0.990908 28.7237 4.1792 204.891 -0.00914588 0.134584 0.990807 -1.24532 2.45214 15.2986 0.678821 43.9293 0
43866038 28.7271 4.18435 204.888 -0.00921347 0.134429 0.99088 28.7248 4.18031 204.891 -0.00927012 0.134465 0.990821 -1.24532 2.45214 15.2986 0.678821 43.9293 0
43982182 28.7162 4.16611 204.907 -0.00997655 0.134476 0.990867 28.7271 4.18026 204.891 -0.0095142 0.13447 0.990824 -1.24532 2.45214 15.2986 0.678821 43.9293 0
44102793 28.7545 4.20936 204.862 -0.00844503 0.134854 0.990829 28.7259 4.17916 204.891 -0.00938997 0.134589 0.99081 -1.24532 2.45214 15.2986 0.678821 43.9293 0
44223573 28.7465 4.19734 204.883 -0.00915351 0.134759 0.990836 28.7248 4.18031 204.891 -0.00927012 0.134465 0.990821 -1.24532 2.45214 15.2986 0.678821 43.9293 0
44342705 28.7421 4.19181 204.887 -0.00941939 0.134653 0.990848 28.7259 4.17916 204.891 -0.00938997 0.134589 0.99081 -1.24532 2.45214 15.2986 0.678821 43.9293 0
44459096 28.7242 4.18037 204.891 -0.009186 0.134485 0.990873 28.7237 4.18033 204.891 -0.00914807 0.134463 0.99082 -1.24532 2.45214 15.2986 0.678821 43.9293 0
44580654 28.6401 4.12415 204.893 -0.00878929 0.134743 0.990842 28.7259 4.18028 204.891 -0.00939216 0.134468 0.990823 -1.24532 2.45214 15.2986 0.678821 43.9293 0
44696779 28.7255 4.27878 204.881 -0.00928491 0.134352 0.99089 28.7268 4.29243 204.879 -0.00927231 0.134344 0.990834 -1.24532 2.45214 15.2986 0.678821 43.9293 0
44812796 28.7239 4.23437 204.89 -0.00916461 0.134378 0.990888 28.7237 4.18146 204.891 -0.00915026 0.134342 0.990833 -1.24532 2.45214 15.2986 0.678821 43.9293 0
44927605 28.5416 3.85866 204.905 -0.00888003 0.134599 0.99086 28.7246 4.29473 204.879 -0.0090326 0.134096 0.990857 -1.24532 2.45214 15.2986 0.678821 43.9293 0
45045848 28.7984 4.3193 204.876 -0.00931983 0.134241 0.990905 28.7269 4.29356 204.879 -0.0092745 0.134222 0.990847 -1.24532 2.45214 15.2986 0.678821 43.9293 0
45162139 28.7269 4.29238 204.879 -0.00927219 0.134351 0.99089 28.7268 4.29243 204.879 -0.00927231 0.134344 0.990834 -1.24532 2.45214 15.2986 0.678821 43.9293 0
45279314 28.9401 4.41909 204.869 -0.00927283 0.134351 0.99089 28.7248 4.18144 204.891 -0.00927231 0.134344 0.990834 -1.24532 2.45214 15.2986 0.678821 43.9293 0
45393472 28.7259 4.18029 204.891 -0.00939261 0.134475 0.990872 28.7259 4.18028 204.891 -0.00939216 0.134468 0.990823 -1.24532 2.45214 15.2986 0.678821 43.9293 0
45505848 28.7069 4.27967 204.888 -0.00928124 0.134362 0.990889 28.7237 4.18146 204.891 -0.00915026 0.134342 0.990833 -1.24532 2.45214 15.2986 0.678821 43.9293 0
45629549 28.7243 4.17801 204.891 -0.00923785 0.13468 0.990846 28.7248 4.17918 204.891 -0.00926792 0.134587 0.990809 -1.24532 2.45214 15.2986 0.678821 43.9293 0
45744613 28.7248 4.17918 204.891 -0.00926838 0.134593 0.990858 28.7248 4.17918 204.891 -0.00926792 0.134587 0.990809 -1.24532 2.45214 15.2986 0.678821 43.9293 0
45859039 28.8102 4.2501 204.893 -0.00915675 0.134481 0.990874 28.7237 4.18033 204.891 -0.00914807 0.134463 0.99082 -1.24532 2.45214 15.3002 0.678821 43.9277 0
45980073 33.566 8.07532 204.888 -0.0123892 0.131941 0.99118 28.7248 4.18031 204.891 -0.00927012 0.134465 0.990821 -1.24532 2.45214 15.3002 0.678821 43.9277 0
46095137 28.0215 3.61217 204.891 -0.00974843 0.135018 0.990795 28.7259 4.18028 204.891 -0.00939216 0.134468 0.990823 -1.24532 2.45214 15.3002 0.678821 43.9277 0
46207680 28.687 4.14889 204.891 -0.00939369 0.134479 0.990872 28.7259 4.18028 204.891 -0.00939216 0.134468 0.990823 -1.24532 2.45214 15.3002 0.678821 43.9277 0
46326997 28.7267 4.17901 204.891 -0.00954975 0.134677 0.990844 28.7271 4.17913 204.891 -0.00951201 0.134591 0.990811 -1.24532 2.45214 15.3002 0.678821 43.9277 0
46445601 28.727 4.17918 204.891 -0.00950466 0.134603 0.990854 28.7271 4.17913 204.891 -0.00951201 0.134591 0.990811 -1.24532 2.45214 15.3002 0.678821 43.9277 0
46564494 28.7273 4.16506 204.891 -0.00954602 0.134684 0.990843 28.726 4.18141 204.891 -0.00939435 0.134346 0.990835 -1.24532 2.45214 15.3002 0.678821 43.9277 0
46679899 28.7303 4.17666 204.891 -0.00951682 0.134356 0.990887 28.7271 4.18139 204.891 -0.00951639 0.134348 0.990836 -1.24532 2.45214 15.3002 0.678821 43.9277 0
46793295 28.7265 4.18064 204.891 -0.00939165 0.134475 0.990872 28.7259 4.18028 204.891 -0.00939216 0.134468 0.990823 -1.24532 2.45214 15.3002 0.678821 43.9277 0
46913879 518.185 399.393 205.329 -0.00479386 0.129075 0.991623 28.7259 4.17916 204.891 -0.00938997 0.134589 0.99081 -1.24532 2.45214 15.3002 0.678821 43.9277 0
47032017 -322.121 -312.355 204.845 -0.00950209 0.133928 0.990945 28.7259 4.18028 204.891 -0.00939216 0.134468 0.990823 -1.24532 2.45214 15.3002 0.678821 43.9277 0
47151090 27.7599 3.36278 204.889 0.0161131 0.103541 0.994495 28.728 4.29241 204.879 -0.00939435 0.134346 0.990835 -1.24532 2.45214 15.3002 0.678821 43.9277 0
47264397 -1142.97 -940.708 -69.4498 -0.032992 0.172342 0.984485 28.7268 4.29243 204.879 -0.00927231 0.134344 0.990834 -1.24532 2.45214 15.3002 0.678821 43.9277 0
47376999 -439201 -354320 22534.3 -0.00376126 0.0212005 -0.999768 28.7279 4.29128 204.879 -0.00939216 0.134468 0.990823 -1.24532 2.45214 15.3002 0.678821 43.9277 0
47491583 4.2793e+006 -1.32212e+007 1.89733e+007 0.0961407 -0.121524 -0.987921 28.7237 4.18033 204.891 -0.00914807 0.134463 0.99082 -1.24532 2.45214 15.3002 0.678821 43.9277 0
47612134 2.56589e+009 -2.84901e+009 5.22813e+008 0.62866 -0.777673 -0.00338791 28.7268 4.2913 204.879 -0.00927012 0.134465 0.990821 -1.24532 2.45214 15.3002 0.678821 43.9277 0
47734648 -1.45259e+016 1.80063e+016 1.70967e+015 -0.627854 0.778287 -0.0083197 28.7259 4.18028 204.891 -0.00939216 0.134468 0.990823 -1.24532 2.45214 15.3002 0.678821 43.9277 0
47845965 5.94216e+022 -7.3659e+022 -3.14387e+022 -0.627874 0.778311 -0.00255589 28.728 4.29241 204.879 -0.00939435 0.134346 0.990835 -1.24532 2.45214 15.3002 0.678821 43.9277 0
47964012 -2.93494e+024 3.63815e+024 -1.3967e+027 0.627876 -0.778314 -5.32041e-005 28.7303 4.29349 204.879 -0.00964062 0.134229 0.99085 -1.24532 2.45214 15.3002 0.678821 43.9277 0
48077937 2.55594e+031 -3.16834e+031 3.21879e+037 0.627876 -0.778314 4.09985e-009 28.7291 4.29238 204.879 -0.00951639 0.134348 0.990836 -1.24532 2.45214 15.3002 0.678821 43.9277 0
48192215 -1.3165e+040 1.63193e+040 -1.68493e+045 -0.627876 0.778314 -3.21691e-006 28.7248 4.18144 204.891 -0.00927231 0.134344 0.990834 -1.24532 2.45214 15.3002 0.678821 43.9277 0
48313951 5.46744e+044 -6.77742e+044 -8.06867e+056 -0.627876 0.778314 -2.93467e-007 28.7269 4.29356 204.879 -0.0092745 0.134222 0.990847 -1.24532 2.45214 15.3002 0.678821 43.9277 0
48428012 7.19054e+051 -8.91336e+051 4.63681e+066 0.627876 -0.778314 -4.86557e-006 28.728 4.29241 204.879 -0.00939435 0.134346 0.990835 -1.24532 2.45214 15.3002 0.678821 43.9277 0
48546126 -3.81472e+060 4.72872e+060 1.04429e+076 -0.627876 0.778314 1.80222e-007 28.7259 4.18028 204.891 -0.00939216 0.134468 0.990823 -1.24532 2.45214 15.3002 0.678821 43.9277 0
48666812 -3.54979e+074 4.40031e+074 9.97971e+087 -0.627876 0.778314 -6.9107e-009 28.7291 4.29238 204.879 -0.00951639 0.134348 0.990836 -1.24532 2.45214 15.3002 0.678821 43.9277 0
48790490 1.87529e+085 -2.32461e+085 2.61212e+099 -0.627876 0.778314 -7.90516e-010 28.7271 4.17913 204.891 -0.00951201 0.134591 0.990811 -1.24532 2.45214 15.3002 0.678821 43.9277 0
48905977 -1.19143e+102 1.4769e+102 -5.70796e+112 0.627876 -0.778314 7.01751e-010 28.7291 4.29126 204.879 -0.0095142 0.13447 0.990824 -1.24532 2.45214 15.3002 0.678821 43.9277 0
49024065 5.38264e+116 -6.67232e+116 8.23334e+126 0.627876 -0.778314 -8.41348e-010 28.7271 4.18026 204.891 -0.0095142 0.13447 0.990824 -1.24532 2.45214 15.3002 0.678821 43.9277 0
49143093 1.88853e+133 -2.34101e+133 6.71513e+141 0.627876 -0.778314 -8.78325e-009 28.7291 4.29126 204.879 -0.0095142 0.13447 0.990824 -1.24532 2.45214 15.3002 0.678821 43.9277 0
49253380 1.34294e+148 -1.6647e+148 3.28139e+160 0 0 0 28.728 4.29241 204.879 -0.00939435 0.134346 0.990835 -1.24532 2.45214 15.3002 0.678821 43.9277 0
49368768 -2.94212e+160 3.64705e+160 4.44855e+176 -0 0 -0 28.7291 4.29126 204.879 -0.0095142 0.13447 0.990824 -1.24532 2.45214 15.3002 0.678821 43.9277 0
49485136 -7.32563e+179 9.08084e+179 -7.48484e+196 0 -0 0 28.727 4.17801 204.891 -0.00950982 0.134713 0.990798 -1.24532 2.45214 15.3002 0.678821 43.9277 0
49598280 -2.12935e+196 2.63954e+196 2.02601e+212 0 -0 -0 28.7314 4.29121 204.879 -0.00975829 0.134475 0.990826 -1.24532 2.45214 15.3002 0.678821 43.9277 0
49714716 -2.67976e+218 3.32183e+218 2.28636e+232 0 0 0 28.7291 4.29126 204.879 -0.0095142 0.13447 0.990824 -1.24532 2.45214 15.3002 0.678821 43.9277 0
49825018 1.53288e+237 -1.90015e+237 8.73856e+250 0 -0 -0 28.7305 4.17907 204.891 -0.00987814 0.134598 0.990814 -1.24532 2.45214 15.3002 0.678821 43.9277 0
49939266 7.80822e+260 -9.67906e+260 5.18969e+274 0 0 -0 28.7293 4.18022 204.891 -0.00975829 0.134475 0.990826 -1.24532 2.45214 15.3002 0.678821 43.9277 0
50055004 1.28682e+284 -1.59514e+284 -1.#IND -1.#IND -1.#IND -1.#IND 28.727 4.17801 204.891 -0.00950982 0.134713 0.990798 -1.24532 2.45214 15.3002 0.678821 43.9277 0
50171745 -1.#IND -1.#IND -1.#IND -1.#IND -1.#IND -1.#IND 28.7271 4.17913 204.891 -0.00951201 0.134591 0.990811 -1.24532 2.45214 15.3002 0.678821 43.9277 0
50287418 -1.#IND -1.#IND -1.#IND -1.#IND -1.#IND -1.#IND 28.7282 4.17911 204.891 -0.00963405 0.134594 0.990812 -1.24532 2.45214 15.3002 0.678821 43.9277 0
50405750 -1.#IND -1.#IND -1.#IND -1.#IND -1.#IND -1.#IND 28.7282 4.17911 204.891 -0.00963405 0.134594 0.990812 -1.24532 2.45214 15.3002 0.678821 43.9277 0
50522143 -1.#IND -1.#IND -1.#IND -1.#IND -1.#IND -1.#IND 28.7305 4.1802 204.891 -0.00988033 0.134477 0.990827 -1.24532 2.45214 15.3002 0.678821 43.9277 0
50640075 -1.#IND -1.#IND -1.#IND -1.#IND -1.#IND -1.#IND 28.7293 4.17796 204.891 -0.0097539 0.134717 0.990801 -1.24532 2.45214 15.3002 0.678821 43.9277 0
50761720 -1.#IND -1.#IND -1.#IND -1.#IND -1.#IND -1.#IND 28.7293 4.17796 204.891 -0.0097539 0.134717 0.990801 -1.24532 2.45214 15.3002 0.678821 43.9277 0
50875677 -1.#IND -1.#IND -1.#IND -1.#IND -1.#IND -1.#IND 28.7282 4.17798 204.891 -0.00963186 0.134715 0.990799 -1.24532 2.45214 15.3002 0.678821 43.9277 0
50992894 -1.#IND -1.#IND -1.#IND -1.#IND -1.#IND -1.#IND 28.7282 4.17911 204.891 -0.00963405 0.134594 0.990812 -1.24532 2.45214 15.3002 0.678821 43.9277 0
51106272 -1.#IND -1.#IND -1.#IND -1.#IND -1.#IND -1.#IND 28.7291 4.29126 204.879 -0.0095142 0.13447 0.990824 -1.24532 2.45214 15.3002 0.678821 43.9277 0
51221637 -1.#IND -1.#IND -1.#IND -1.#IND -1.#IND -1.#IND 28.7271 4.17913 204.891 -0.00951201 0.134591 0.990811 -1.24532 2.45214 15.3002 0.678821 43.9277 0
51338844 -1.#IND -1.#IND -1.#IND -1.#IND -1.#IND -1.#IND 28.6163 4.29227 204.881 -0.00938997 0.134589 0.99081 -1.24532 2.45214 15.3002 0.678821 43.9277 0
51457208 -1.#IND -1.#IND -1.#IND -1.#IND -1.#IND -1.#IND 28.7271 4.17913 204.891 -0.00951201 0.134591 0.990811 -1.24532 2.45214 15.3002 0.678821 43.9277 0
51570517 -1.#IND -1.#IND -1.#IND -1.#IND -1.#IND -1.#IND 28.7259 4.17916 204.891 -0.00938997 0.134589 0.99081 -1.24532 2.45214 15.3002 0.678821 43.9277 0
51685841 -1.#IND -1.#IND -1.#IND -1.#IND -1.#IND -1.#IND 28.6132 4.17905 204.893 -0.00926354 0.134829 0.990783 -1.24532 2.45214 15.3002 0.678821 43.9277 0
51804901 -1.#IND -1.#IND -1.#IND -1.#IND -1.#IND -1.#IND 28.7247 4.17692 204.891 -0.00926354 0.134829 0.990783 -1.24532 2.45214 15.3002 0.678821 43.9277 0
51921300 -1.#IND -1.#IND -1.#IND -1.#IND -1.#IND -1.#IND 28.7259 4.17803 204.891 -0.00938778 0.13471 0.990797 -1.24532 2.45214 15.3002 0.678821 43.9277 0
52036302 -1.#IND -1.#IND -1.#IND -1.#IND -1.#IND -1.#IND 28.7302 4.2901 204.88 -0.00963405 0.134594 0.990812 -1.24532 2.45214 15.3002 0.678821 43.9277 0
52156079 -1.#IND -1.#IND -1.#IND -1.#IND -1.#IND -1.#IND 28.7314 4.29121 204.879 -0.00975829 0.134475 0.990826 -1.24532 2.45214 15.3002 0.678821 43.9277 0
52275275 -1.#IND -1.#IND -1.#IND -1.#IND -1.#IND -1.#IND 28.7314 4.29121 204.879 -0.00975829 0.134475 0.990826 -1.24532 2.45214 15.3002 0.678821 43.9277 0
52395912 -1.#IND -1.#IND -1.#IND -1.#IND -1.#IND -1.#IND 28.7314 4.2946 204.879 -0.00976486 0.13411 0.990864 -1.24532 2.45214 15.3002 0.678821 43.9277 0
52507238 -1.#IND -1.#IND -1.#IND -1.#IND -1.#IND -1.#IND 28.7314 4.29347 204.879 -0.00976267 0.134232 0.990852 -1.24532 2.45214 15.3002 0.678821 43.9277 0
52621275 -1.#IND -1.#IND -1.#IND -1.#IND -1.#IND -1.#IND 28.7336 4.29117 204.879 -0.0100024 0.134479 0.990828 -1.24532 2.45214 15.3002 0.678821 43.9277 0
52736385 -1.#IND -1.#IND -1.#IND -1.#IND -1.#IND -1.#IND 28.7302 4.29123 204.879 -0.00963624 0.134472 0.990825 -1.24532 2.45214 15.3002 0.678821 43.9277 0
52853375 -1.#IND -1.#IND -1.#IND -1.#IND -1.#IND -1.#IND 28.7303 4.29349 204.879 -0.00964062 0.134229 0.99085 -1.24532 2.45214 15.3002 0.678821 43.9277 0
52970006 -1.#IND -1.#IND -1.#IND -1.#IND -1.#IND -1.#IND 28.7302 4.29123 204.879 -0.00963624 0.134472 0.990825 -1.24532 2.45214 15.3002 0.678821 43.9277 0
53091672 -1.#IND -1.#IND -1.#IND -1.#IND -1.#IND -1.#IND 28.7314 4.29121 204.879 -0.00975829 0.134475 0.990826 -1.24532 2.45214 15.3002 0.678821 43.9277 0
53211911 -1.#IND -1.#IND -1.#IND -1.#IND -1.#IND -1.#IND 28.7325 4.29119 204.879 -0.00988033 0.134477 0.990827 -1.24532 2.45214 15.3002 0.678821 43.9277 0
53331700 -1.#IND -1.#IND -1.#IND -1.#IND -1.#IND -1.#IND 28.7316 4.17905 204.891 -0.0100002 0.134601 0.990816 -1.24532 2.45214 15.3002 0.678821 43.9277 0
53447827 -1.#IND -1.#IND -1.#IND -1.#IND -1.#IND -1.#IND 28.7305 4.17907 204.891 -0.00987814 0.134598 0.990814 -1.24532 2.45214 15.3002 0.678821 43.9277 0
53558113 -1.#IND -1.#IND -1.#IND -1.#IND -1.#IND -1.#IND 28.7305 4.17907 204.891 -0.00987814 0.134598 0.990814 -1.24532 2.45214 15.3002 0.678821 43.9277 0
53673782 -1.#IND -1.#IND -1.#IND -1.#IND -1.#IND -1.#IND 28.7304 4.17794 204.891 -0.00987595 0.13472 0.990802 -1.24532 2.45214 15.3002 0.678821 43.9277 0
53791129 -1.#IND -1.#IND -1.#IND -1.#IND -1.#IND -1.#IND 28.7282 4.17911 204.891 -0.00963405 0.134594 0.990812 -1.24532 2.45214 15.3002 0.678821 43.9277 0
53902394 -1.#IND -1.#IND -1.#IND -1.#IND -1.#IND -1.#IND 28.7282 4.17911 204.891 -0.00963405 0.134594 0.990812 -1.24532 2.45214 15.3002 0.678821 43.9277 0
54012852 -1.#IND -1.#IND -1.#IND -1.#IND -1.#IND -1.#IND 28.7293 4.17683 204.891 -0.00975171 0.134839 0.990788 -1.24532 2.45214 15.3002 0.678821 43.9277 0
54140227 -1.#IND -1.#IND -1.#IND -1.#IND -1.#IND -1.#IND 28.7304 4.1758 204.893 -0.00987298 0.13495 0.990655 -1.24532 2.45214 15.3002 0.678821 43.9277 0
54257017 -1.#IND -1.#IND -1.#IND -1.#IND -1.#IND -1.#IND 28.7304 4.17794 204.891 -0.00987595 0.13472 0.990802 -1.24532 2.45214 15.3002 0.678821 43.9277 0
54376509 -1.#IND -1.#IND -1.#IND -1.#IND -1.#IND -1.#IND 28.7293 4.17683 204.891 -0.00975171 0.134839 0.990788 -1.24532 2.45214 15.3002 0.678821 43.9277 0
54489981 -1.#IND -1.#IND -1.#IND -1.#IND -1.#IND -1.#IND 28.7304 4.17681 204.891 -0.00987376 0.134841 0.990789 -1.24532 2.45214 15.3002 0.678821 43.9277 0
54610376 -1.#IND -1.#IND -1.#IND -1.#IND -1.#IND -1.#IND 28.7293 4.17796 204.891 -0.0097539 0.134717 0.990801 -1.24532 2.45214 15.3002 0.678821 43.9277 0
54727630 -1.#IND -1.#IND -1.#IND -1.#IND -1.#IND -1.#IND 28.6166 4.17898 204.893 -0.00962967 0.134836 0.990787 -1.24532 2.45214 15.3002 0.678821 43.9277 0
54842397 -1.#IND -1.#IND -1.#IND -1.#IND -1.#IND -1.#IND 28.7293 4.17683 204.891 -0.00975171 0.134839 0.990788 -1.24532 2.45214 15.3002 0.678821 43.9277 0
54962839 -1.#IND -1.#IND -1.#IND -1.#IND -1.#IND -1.#IND 28.7304 4.17794 204.891 -0.00987595 0.13472 0.990802 -1.24532 2.45214 15.3002 0.678821 43.9277 0
55077286 -1.#IND -1.#IND -1.#IND -1.#IND -1.#IND -1.#IND 28.7313 4.29008 204.88 -0.00975609 0.134596 0.990813 -1.24532 2.45214 15.3002 0.678821 43.9277 0
55192691 -1.#IND -1.#IND -1.#IND -1.#IND -1.#IND -1.#IND 28.7314 4.29121 204.879 -0.00975829 0.134475 0.990826 -1.24532 2.45214 15.3002 0.678821 43.9277 0
55308325 -1.#IND -1.#IND -1.#IND -1.#IND -1.#IND -1.#IND 28.7314 4.29234 204.879 -0.00976048 0.134353 0.990839 -1.24532 2.45214 15.3002 0.678821 43.9277 0
55423275 -1.#IND -1.#IND -1.#IND -1.#IND -1.#IND -1.#IND 28.7336 4.29004 204.879 -0.0100002 0.134601 0.990816 -1.24532 2.45214 15.3002 0.678821 43.9277 0
55538502 -1.#IND -1.#IND -1.#IND -1.#IND -1.#IND -1.#IND 28.7325 4.29006 204.88 -0.00987814 0.134598 0.990814 -1.24532 2.45214 15.3002 0.678821 43.9277 0
55659806 -1.#IND -1.#IND -1.#IND -1.#IND -1.#IND -1.#IND 28.7336 4.29117 204.879 -0.0100024 0.134479 0.990828 -1.24532 2.45214 15.3002 0.678821 43.9277 0
55779164 -1.#IND -1.#IND -1.#IND -1.#IND -1.#IND -1.#IND 28.7336 4.2923 204.879 -0.0100046 0.134358 0.990841 -1.24532 2.45214 15.3002 0.678821 43.9277 0
55892398 -1.#IND -1.#IND -1.#IND -1.#IND -1.#IND -1.#IND 28.7348 4.29115 204.879 -0.0101244 0.134482 0.99083 -1.24532 2.45214 15.3002 0.678821 43.9277 0
56005876 -1.#IND -1.#IND -1.#IND -1.#IND -1.#IND -1.#IND 28.7336 4.28891 204.88 -0.00999799 0.134722 0.990803 -1.24532 2.45214 15.3002 0.678821 43.9277 0
56123753 -1.#IND -1.#IND -1.#IND -1.#IND -1.#IND -1.#IND 28.7325 4.29006 204.88 -0.00987814 0.134598 0.990814 -1.24532 2.45214 15.3002 0.678821 43.9277 0
56242319 -1.#IND -1.#IND -1.#IND -1.#IND -1.#IND -1.#IND 28.7315 4.17578 204.893 -0.00999502 0.134952 0.990656 -1.24532 2.45214 15.3002 0.678821 43.9277 0
56359879 -1.#IND -1.#IND -1.#IND -1.#IND -1.#IND -1.#IND 28.7325 4.29006 204.88 -0.00987814 0.134598 0.990814 -1.24532 2.45214 15.3002 0.678821 43.9277 0
56480017 -1.#IND -1.#IND -1.#IND -1.#IND -1.#IND -1.#IND 28.7313 4.28895 204.88 -0.0097539 0.134717 0.990801 -1.24532 2.45214 15.3002 0.678821 43.9277 0
56594093 -1.#IND -1.#IND -1.#IND -1.#IND -1.#IND -1.#IND 28.6186 4.2911 204.881 -0.00963186 0.134715 0.990799 -1.24532 2.45214 15.3002 0.678821 43.9277 0
56711319 -1.#IND -1.#IND -1.#IND -1.#IND -1.#IND -1.#IND 28.6154 4.17787 204.893 -0.00950544 0.134955 0.990773 -1.24532 2.45214 15.3002 0.678821 43.9277 0
56834943 -1.#IND -1.#IND -1.#IND -1.#IND -1.#IND -1.#IND 28.6186 4.2911 204.881 -0.00963186 0.134715 0.990799 -1.24532 2.45214 15.3002 0.678821 43.9277 0
56959975 -1.#IND -1.#IND -1.#IND -1.#IND -1.#IND -1.#IND 28.6177 4.18009 204.892 -0.0097539 0.134717 0.990801 -1.24532 2.45214 15.3002 0.678821 43.9277 0
57075260 -1.#IND -1.#IND -1.#IND -1.#IND -1.#IND -1.#IND 28.6177 4.18009 204.892 -0.0097539 0.134717 0.990801 -1.24532 2.45214 15.3002 0.678821 43.9277 0
57194500 -1.#IND -1.#IND -1.#IND -1.#IND -1.#IND -1.#IND 28.7336 4.28891 204.88 -0.00999799 0.134722 0.990803 -1.24532 2.45214 15.3002 0.678821 43.9277 0
57317143 -1.#IND -1.#IND -1.#IND -1.#IND -1.#IND -1.#IND 28.736 4.30053 204.991 -0.01012 0.134724 0.990804 -1.24532 2.45214 15.3002 0.678821 43.9277 0
57432509 -1.#IND -1.#IND -1.#IND -1.#IND -1.#IND -1.#IND 28.7349 4.30055 204.991 -0.00999799 0.134722 0.990803 -1.24532 2.45214 15.3002 0.678821 43.9277 0
57549733 -1.#IND -1.#IND -1.#IND -1.#IND -1.#IND -1.#IND 28.6208 4.29106 204.881 -0.00987595 0.13472 0.990802 -1.24532 2.45214 15.3002 0.678821 43.9277 0
57670004 -1.#IND -1.#IND -1.#IND -1.#IND -1.#IND -1.#IND 28.7324 4.28893 204.88 -0.00987595 0.13472 0.990802 -1.24532 2.45214 15.3002 0.678821 43.9277 0
57761587 -1.#IND -1.#IND -1.#IND -1.#IND -1.#IND -1.#IND 28.7324 4.28893 204.88 -0.00987595 0.13472 0.990802 -1.24532 2.45214 15.3002 0.678821 43.9277 0
57848784 -1.#IND -1.#IND -1.#IND -1.#IND -1.#IND -1.#IND 28.6208 4.29106 204.881 -0.00987595 0.13472 0.990802 -1.24532 2.45214 15.3002 0.678821 43.9277 0
57936046 -1.#IND -1.#IND -1.#IND -1.#IND -1.#IND -1.#IND 28.7316 4.17691 204.893 -0.00999721 0.134831 0.990669 -1.24532 2.45214 15.3002 0.678821 43.9277 0
58024319 -1.#IND -1.#IND -1.#IND -1.#IND -1.#IND -1.#IND 28.7327 4.1779 204.891 -0.01012 0.134724 0.990804 -1.24532 2.45214 15.3002 0.678821 43.9277 0
58111487 -1.#IND -1.#IND -1.#IND -1.#IND -1.#IND -1.#IND 28.7347 4.28889 204.88 -0.01012 0.134724 0.990804 -1.24532 2.45214 15.3002 0.678821 43.9277 0
58198653 -1.#IND -1.#IND -1.#IND -1.#IND -1.#IND -1.#IND 28.7336 4.29004 204.879 -0.0100002 0.134601 0.990816 -1.24532 2.45214 15.3002 0.678821 43.9277 0
58286901 -1.#IND -1.#IND -1.#IND -1.#IND -1.#IND -1.#IND 28.7325 4.29006 204.88 -0.00987814 0.134598 0.990814 -1.24532 2.45214 15.3002 0.678821 43.9277 0
58374159 -1.#IND -1.#IND -1.#IND -1.#IND -1.#IND -1.#IND 28.7316 4.17679 204.891 -0.0099958 0.134843 0.99079 -1.24532 2.45214 15.3002 0.678821 43.9277 0
58461405 -1.#IND -1.#IND -1.#IND -1.#IND -1.#IND -1.#IND 28.6188 4.17894 204.892 -0.00987376 0.134841 0.990789 -1.24532 2.45214 15.3002 0.678821 43.9277 0
58548676 -1.#IND -1.#IND -1.#IND -1.#IND -1.#IND -1.#IND 28.6177 4.17783 204.893 -0.00974952 0.13496 0.990775 -1.24532 2.45214 15.3002 0.678821 43.9277 0
58635745 -1.#IND -1.#IND -1.#IND -1.#IND -1.#IND -1.#IND 28.6177 4.17896 204.892 -0.00975171 0.134839 0.990788 -1.24532 2.45214 15.3002 0.678821 43.9277 0
58724021 -1.#IND -1.#IND -1.#IND -1.#IND -1.#IND -1.#IND 28.6197 4.29108 204.881 -0.0097539 0.134717 0.990801 -1.24532 2.45214 15.3002 0.678821 43.9277 0
58811310 -1.#IND -1.#IND -1.#IND -1.#IND -1.#IND -1.#IND 28.6197 4.29108 204.881 -0.0097539 0.134717 0.990801 -1.24532 2.45214 15.3002 0.678821 43.9277 0
58898514 -1.#IND -1.#IND -1.#IND -1.#IND -1.#IND -1.#IND 28.6197 4.29221 204.881 -0.00975609 0.134596 0.990813 -1.24532 2.45214 15.3002 0.678821 43.9277 0
58986804 -1.#IND -1.#IND -1.#IND -1.#IND -1.#IND -1.#IND 28.6188 4.18007 204.892 -0.00987595 0.13472 0.990802 -1.24532 2.45214 15.3002 0.678821 43.9277 0
59073896 -1.#IND -1.#IND -1.#IND -1.#IND -1.#IND -1.#IND 28.7316 4.17792 204.891 -0.00999799 0.134722 0.990803 -1.24532 2.45214 15.3002 0.678821 43.9277 0
59161161 -1.#IND -1.#IND -1.#IND -1.#IND -1.#IND -1.#IND 28.7339 4.17799 204.892 -0.0102435 0.134714 0.990684 -1.24532 2.45214 15.3002 0.678821 43.9277 0
59248408 -1.#IND -1.#IND -1.#IND -1.#IND -1.#IND -1.#IND 28.7338 4.17687 204.893 -0.0102413 0.134835 0.990671 -1.24532 2.45214 15.3002 0.678821 43.9277 0
59335579 -1.#IND -1.#IND -1.#IND -1.#IND -1.#IND -1.#IND 28.7327 4.17463 204.893 -0.0101149 0.135076 0.990644 -1.24532 2.45214 15.3002 0.678821 43.9277 0
59423997 -1.#IND -1.#IND -1.#IND -1.#IND -1.#IND -1.#IND 28.7338 4.17574 204.893 -0.0102391 0.134957 0.990658 -1.24532 2.45214 15.3002 0.678821 43.9277 0
59511025 -1.#IND -1.#IND -1.#IND -1.#IND -1.#IND -1.#IND 28.7338 4.17687 204.893 -0.0102413 0.134835 0.990671 -1.24532 2.45214 15.3002 0.678821 43.9277 0
59598306 -1.#IND -1.#IND -1.#IND -1.#IND -1.#IND -1.#IND 28.7327 4.17802 204.892 -0.0101214 0.134712 0.990683 -1.24532 2.45214 15.3002 0.678821 43.9277 0
59685562 -1.#IND -1.#IND -1.#IND -1.#IND -1.#IND -1.#IND 28.7316 4.17691 204.893 -0.00999721 0.134831 0.990669 -1.24532 2.45214 15.3002 0.678821 43.9277 0
59773761 -1.#IND -1.#IND -1.#IND -1.#IND -1.#IND -1.#IND 28.7347 4.28889 204.88 -0.01012 0.134724 0.990804 -1.24532 2.45214 15.3002 0.678821 43.9277 0
59860943 -1.#IND -1.#IND -1.#IND -1.#IND -1.#IND -1.#IND 28.737 4.28896 204.881 -0.0103655 0.134716 0.990685 -1.24532 2.45214 15.3002 0.678821 43.9277 0
59948184 -1.#IND -1.#IND -1.#IND -1.#IND -1.#IND -1.#IND 28.7347 4.29002 204.879 -0.0101222 0.134603 0.990817 -1.24532 2.45214 15.3002 0.678821 43.9277 0
60035430 -1.#IND -1.#IND -1.#IND -1.#IND -1.#IND -1.#IND 28.7327 4.17689 204.893 -0.0101193 0.134833 0.99067 -1.24532 2.45214 15.3002 0.678821 43.9277 0
60123723 -1.#IND -1.#IND -1.#IND -1.#IND -1.#IND -1.#IND 28.7327 4.17689 204.893 -0.0101193 0.134833 0.99067 -1.24532 2.45214 15.3002 0.678821 43.9277 0
60210902 -1.#IND -1.#IND -1.#IND -1.#IND -1.#IND -1.#IND 28.7327 4.17576 204.893 -0.0101171 0.134954 0.990657 -1.24532 2.45214 15.3002 0.678821 43.9277 0
60298026 -1.#IND -1.#IND -1.#IND -1.#IND -1.#IND -1.#IND 28.7327 4.17576 204.893 -0.0101171 0.134954 0.990657 -1.24532 2.45214 15.3002 0.678821 43.9277 0
60385290 -1.#IND -1.#IND -1.#IND -1.#IND -1.#IND -1.#IND 28.6211 4.1789 204.892 -0.0101178 0.134846 0.990791 -1.24532 2.45214 15.3002 0.678821 43.9277 0
60472537 -1.#IND -1.#IND -1.#IND -1.#IND -1.#IND -1.#IND 28.6208 4.29106 204.881 -0.00987595 0.13472 0.990802 -1.24532 2.45214 15.3002 0.678821 43.9277 0
60560746 -1.#IND -1.#IND -1.#IND -1.#IND -1.#IND -1.#IND 28.6188 4.18007 204.892 -0.00987595 0.13472 0.990802 -1.24532 2.45214 15.3002 0.678821 43.9277 0
60647999 -1.#IND -1.#IND -1.#IND -1.#IND -1.#IND -1.#IND 28.6188 4.18007 204.892 -0.00987595 0.13472 0.990802 -1.24532 2.45214 15.3002 0.678821 43.9277 0
60735435 -1.#IND -1.#IND -1.#IND -1.#IND -1.#IND -1.#IND 28.6208 4.29106 204.881 -0.00987595 0.13472 0.990802 -1.24532 2.45214 15.3002 0.678821 43.9277 0
60822377 -1.#IND -1.#IND -1.#IND -1.#IND -1.#IND -1.#IND 28.62 4.18005 204.892 -0.00999799 0.134722 0.990803 -1.24532 2.45214 15.3002 0.678821 43.9277 0
60910672 -1.#IND -1.#IND -1.#IND -1.#IND -1.#IND -1.#IND 28.62 4.17904 204.894 -0.00999721 0.134831 0.990669 -1.24532 2.45214 15.3002 0.678821 43.9277 0
60997906 -1.#IND -1.#IND -1.#IND -1.#IND -1.#IND -1.#IND 28.6177 4.17896 204.892 -0.00975171 0.134839 0.990788 -1.24532 2.45214 15.3002 0.678821 43.9277 0
61085032 -1.#IND -1.#IND -1.#IND -1.#IND -1.#IND -1.#IND 28.6198 4.29334 204.88 -0.00975829 0.134475 0.990826 -1.24532 2.45214 15.3002 0.678821 43.9277 0
61173451 -1.#IND -1.#IND -1.#IND -1.#IND -1.#IND -1.#IND 28.6197 4.29221 204.881 -0.00975609 0.134596 0.990813 -1.24532 2.45214 15.3002 0.678821 43.9277 0
61260480 -1.#IND -1.#IND -1.#IND -1.#IND -1.#IND -1.#IND 28.62 4.17892 204.892 -0.0099958 0.134843 0.99079 -1.24532 2.45214 15.3002 0.678821 43.9277 0
61347759 -1.#IND -1.#IND -1.#IND -1.#IND -1.#IND -1.#IND 28.6231 4.29102 204.881 -0.01012 0.134724 0.990804 -1.24532 2.45214 15.3002 0.678821 43.9277 0
61435028 -1.#IND -1.#IND -1.#IND -1.#IND -1.#IND -1.#IND 28.622 4.29104 204.881 -0.00999799 0.134722 0.990803 -1.24532 2.45214 15.3002 0.678821 43.9277 0
61522312 -1.#IND -1.#IND -1.#IND -1.#IND -1.#IND -1.#IND 28.62 4.17892 204.892 -0.0099958 0.134843 0.99079 -1.24532 2.45214 15.3002 0.678821 43.9277 0
61610401 -1.#IND -1.#IND -1.#IND -1.#IND -1.#IND -1.#IND 28.6222 4.17899 204.894 -0.0102413 0.134835 0.990671 -1.24532 2.45214 15.3002 0.678821 43.9277 0
61697651 -1.#IND -1.#IND -1.#IND -1.#IND -1.#IND -1.#IND 28.6231 4.29102 204.881 -0.01012 0.134724 0.990804 -1.24532 2.45214 15.3002 0.678821 43.9277 0
61784876 -1.#IND -1.#IND -1.#IND -1.#IND -1.#IND -1.#IND 28.6209 4.29219 204.881 -0.00987814 0.134598 0.990814 -1.24532 2.45214 15.3002 0.678821 43.9277 0
61872158 -1.#IND -1.#IND -1.#IND -1.#IND -1.#IND -1.#IND 28.6209 4.29445 204.88 -0.00988252 0.134355 0.99084 -1.24532 2.45214 15.3002 0.678821 43.9277 0
61960237 -1.#IND -1.#IND -1.#IND -1.#IND -1.#IND -1.#IND 28.6231 4.29215 204.881 -0.0101222 0.134603 0.990817 -1.24532 2.45214 15.3002 0.678821 43.9277 0
62047527 -1.#IND -1.#IND -1.#IND -1.#IND -1.#IND -1.#IND 28.6242 4.28998 204.882 -0.0102413 0.134835 0.990671 -1.24532 2.45214 15.3002 0.678821 43.9277 0
62134764 -1.#IND -1.#IND -1.#IND -1.#IND -1.#IND -1.#IND 28.6211 4.17901 204.894 -0.0101193 0.134833 0.99067 -1.24532 2.45214 15.3002 0.678821 43.9277 0
62222014 -1.#IND -1.#IND -1.#IND -1.#IND -1.#IND -1.#IND 28.6231 4.29102 204.881 -0.01012 0.134724 0.990804 -1.24532 2.45214 15.3002 0.678821 43.9277 0
62309271 -1.#IND -1.#IND -1.#IND -1.#IND -1.#IND -1.#IND 28.6243 4.29111 204.882 -0.0102435 0.134714 0.990684 -1.24532 2.45214 15.3002 0.678821 43.9277 0
62397419 -1.#IND -1.#IND -1.#IND -1.#IND -1.#IND -1.#IND 28.6234 4.17897 204.894 -0.0103633 0.134838 0.990672 -1.24532 2.45214 15.3002 0.678821 43.9277 0
62484614 -1.#IND -1.#IND -1.#IND -1.#IND -1.#IND -1.#IND 28.7381 4.28894 204.881 -0.0104876 0.134719 0.990686 -1.24532 2.45214 15.3002 0.678821 43.9277 0
62571931 -1.#IND -1.#IND -1.#IND -1.#IND -1.#IND -1.#IND 28.7382 4.29007 204.881 -0.0104898 0.134597 0.990699 -1.24532 2.45214 15.3002 0.678821 43.9277 0
62659092 -1.#IND -1.#IND -1.#IND -1.#IND -1.#IND -1.#IND 28.737 4.29009 204.881 -0.0103677 0.134595 0.990698 -1.24532 2.45214 15.3002 0.678821 43.9277 0
62747438 -1.#IND -1.#IND -1.#IND -1.#IND -1.#IND -1.#IND 28.6231 4.29102 204.881 -0.01012 0.134724 0.990804 -1.24532 2.45214 15.3002 0.678821 43.9277 0
62834612 -1.#IND -1.#IND -1.#IND -1.#IND -1.#IND -1.#IND 28.6211 4.17901 204.894 -0.0101193 0.134833 0.99067 -1.24532 2.45214 15.3002 0.678821 43.9277 0
62921792 -1.#IND -1.#IND -1.#IND -1.#IND -1.#IND -1.#IND 28.6243 4.29111 204.882 -0.0102435 0.134714 0.990684 -1.24532 2.45214 15.3002 0.678821 43.9277 0
63008979 -1.#IND -1.#IND -1.#IND -1.#IND -1.#IND -1.#IND 28.6243 4.29111 204.882 -0.0102435 0.134714 0.990684 -1.24532 2.45214 15.3002 0.678821 43.9277 0
63097308 -1.#IND -1.#IND -1.#IND -1.#IND -1.#IND -1.#IND 28.6242 4.28998 204.882 -0.0102413 0.134835 0.990671 -1.24532 2.45214 15.3002 0.678821 43.9277 0
63184401 -1.#IND -1.#IND -1.#IND -1.#IND -1.#IND -1.#IND 28.6254 4.29109 204.882 -0.0103655 0.134716 0.990685 -1.24532 2.45214 15.3002 0.678821 43.9277 0
63271629 -1.#IND -1.#IND -1.#IND -1.#IND -1.#IND -1.#IND 28.737 4.28896 204.881 -0.0103655 0.134716 0.990685 -1.24532 2.45214 15.3002 0.678821 43.9277 0
63359828 -1.#IND -1.#IND -1.#IND -1.#IND -1.#IND -1.#IND 28.6254 4.28996 204.882 -0.0103633 0.134838 0.990672 -1.24532 2.45214 15.3002 0.678821 43.9277 0
63447182 -1.#IND -1.#IND -1.#IND -1.#IND -1.#IND -1.#IND 28.6234 4.17784 204.894 -0.0103611 0.134959 0.99066 -1.24532 2.45214 15.3002 0.678821 43.9277 0
63534469 -1.#IND -1.#IND -1.#IND -1.#IND -1.#IND -1.#IND 28.7381 4.28781 204.881 -0.0104854 0.13484 0.990673 -1.24532 2.45214 15.3002 0.678821 43.9277 0
63621485 -1.#IND -1.#IND -1.#IND -1.#IND -1.#IND -1.#IND 28.7349 4.17459 204.893 -0.010359 0.13508 0.990647 -1.24532 2.45214 15.3002 0.678821 43.9277 0
63708800 -1.#IND -1.#IND -1.#IND -1.#IND -1.#IND -1.#IND 28.6222 4.17786 204.894 -0.0102391 0.134957 0.990658 -1.24532 2.45214 15.3002 0.678821 43.9277 0
63797042 -1.#IND -1.#IND -1.#IND -1.#IND -1.#IND -1.#IND 28.6222 4.17786 204.894 -0.0102391 0.134957 0.990658 -1.24532 2.45214 15.3002 0.678821 43.9277 0
63884275 -1.#IND -1.#IND -1.#IND -1.#IND -1.#IND -1.#IND 28.6242 4.28998 204.882 -0.0102413 0.134835 0.990671 -1.24532 2.45214 15.3002 0.678821 43.9277 0
63971512 -1.#IND -1.#IND -1.#IND -1.#IND -1.#IND -1.#IND 28.6242 4.28998 204.882 -0.0102413 0.134835 0.990671 -1.24532 2.45214 15.3002 0.678821 43.9277 0
64058776 -1.#IND -1.#IND -1.#IND -1.#IND -1.#IND -1.#IND 28.6231 4.29001 204.882 -0.0101193 0.134833 0.99067 -1.24532 2.45214 15.3002 0.678821 43.9277 0
64146931 -1.#IND -1.#IND -1.#IND -1.#IND -1.#IND -1.#IND 28.6231 4.29102 204.881 -0.01012 0.134724 0.990804 -1.24532 2.45214 15.3002 0.678821 43.9277 0
64234174 -1.#IND -1.#IND -1.#IND -1.#IND -1.#IND -1.#IND 28.6231 4.29001 204.882 -0.0101193 0.134833 0.99067 -1.24532 2.45214 15.3002 0.678821 43.9277 0
64321408 -1.#IND -1.#IND -1.#IND -1.#IND -1.#IND -1.#IND 28.6234 4.17897 204.894 -0.0103633 0.134838 0.990672 -1.24532 2.45214 15.3002 0.678821 43.9277 0
64408667 -1.#IND -1.#IND -1.#IND -1.#IND -1.#IND -1.#IND 28.7361 4.17682 204.892 -0.0104854 0.13484 0.990673 -1.24532 2.45214 15.3002 0.678821 43.9277 0
64496778 -1.#IND -1.#IND -1.#IND -1.#IND -1.#IND -1.#IND 28.6234 4.17897 204.894 -0.0103633 0.134838 0.990672 -1.24532 2.45214 15.3002 0.678821 43.9277 0
64583991 -1.#IND -1.#IND -1.#IND -1.#IND -1.#IND -1.#IND 28.6254 4.28996 204.882 -0.0103633 0.134838 0.990672 -1.24532 2.45214 15.3002 0.678821 43.9277 0
64671319 -1.#IND -1.#IND -1.#IND -1.#IND -1.#IND -1.#IND 28.6254 4.28883 204.882 -0.0103611 0.134959 0.99066 -1.24532 2.45214 15.3002 0.678821 43.9277 0
64758506 -1.#IND -1.#IND -1.#IND -1.#IND -1.#IND -1.#IND 28.6245 4.17782 204.894 -0.0104832 0.134961 0.990661 -1.24532 2.45214 15.3002 0.678821 43.9277 0
64845810 -1.#IND -1.#IND -1.#IND -1.#IND -1.#IND -1.#IND 28.737 4.28784 204.881 -0.0103633 0.134838 0.990672 -1.24532 2.45214 15.3002 0.678821 43.9277 0
64933881 -1.#IND -1.#IND -1.#IND -1.#IND -1.#IND -1.#IND 28.6265 4.29107 204.882 -0.0104876 0.134719 0.990686 -1.24532 2.45214 15.3002 0.678821 43.9277 0
65021175 -1.#IND -1.#IND -1.#IND -1.#IND -1.#IND -1.#IND 28.7381 4.28894 204.881 -0.0104876 0.134719 0.990686 -1.24532 2.45214 15.3002 0.678821 43.9277 0
65108414 -1.#IND -1.#IND -1.#IND -1.#IND -1.#IND -1.#IND 28.6254 4.29109 204.882 -0.0103655 0.134716 0.990685 -1.24532 2.45214 15.3002 0.678821 43.9277 0
65195625 -1.#IND -1.#IND -1.#IND -1.#IND -1.#IND -1.#IND 28.6254 4.28883 204.882 -0.0103611 0.134959 0.99066 -1.24532 2.45214 15.3002 0.678821 43.9277 0
65283787 -1.#IND -1.#IND -1.#IND -1.#IND -1.#IND -1.#IND 28.6245 4.17669 204.894 -0.010481 0.135083 0.990648 -1.24532 2.45214 15.3002 0.678821 43.9277 0
65371158 -1.#IND -1.#IND -1.#IND -1.#IND -1.#IND -1.#IND 28.6222 4.17673 204.894 -0.0102369 0.135078 0.990646 -1.24532 2.45214 15.3002 0.678821 43.9277 0
65458285 -1.#IND -1.#IND -1.#IND -1.#IND -1.#IND -1.#IND 28.621 4.1745 204.894 -0.0101105 0.135318 0.990619 -1.24532 2.45214 15.3002 0.678821 43.9277 0
65545458 -1.#IND -1.#IND -1.#IND -1.#IND -1.#IND -1.#IND 28.6222 4.17561 204.894 -0.0102347 0.135199 0.990633 -1.24532 2.45214 15.3002 0.678821 43.9277 0
65633810 -1.#IND -1.#IND -1.#IND -1.#IND -1.#IND -1.#IND 28.6234 4.17784 204.894 -0.0103611 0.134959 0.99066 -1.24532 2.45214 15.3002 0.678821 43.9277 0
65720892 -1.#IND -1.#IND -1.#IND -1.#IND -1.#IND -1.#IND 28.6234 4.17784 204.894 -0.0103611 0.134959 0.99066 -1.24532 2.45214 15.3002 0.678821 43.9277 0
65808157 -1.#IND -1.#IND -1.#IND -1.#IND -1.#IND -1.#IND 28.6222 4.17786 204.894 -0.0102391 0.134957 0.990658 -1.24532 2.45214 15.3002 0.678821 43.9277 0
65895347 -1.#IND -1.#IND -1.#IND -1.#IND -1.#IND -1.#IND 28.6222 4.17673 204.894 -0.0102369 0.135078 0.990646 -1.24532 2.45214 15.3002 0.678821 43.9277 0
65983676 -1.#IND -1.#IND -1.#IND -1.#IND -1.#IND -1.#IND 28.6233 4.17671 204.894 -0.010359 0.13508 0.990647 -1.24532 2.45214 15.3002 0.678821 43.9277 0
66070823 -1.#IND -1.#IND -1.#IND -1.#IND -1.#IND -1.#IND 28.6234 4.17784 204.894 -0.0103611 0.134959 0.99066 -1.24532 2.45214 15.3002 0.678821 43.9277 0
66158183 -1.#IND -1.#IND -1.#IND -1.#IND -1.#IND -1.#IND 28.7382 4.29007 204.881 -0.0104898 0.134597 0.990699 -1.24532 2.45214 15.3002 0.678821 43.9277 0
66245258 -1.#IND -1.#IND -1.#IND -1.#IND -1.#IND -1.#IND 28.6265 4.29107 204.882 -0.0104876 0.134719 0.990686 -1.24532 2.45214 15.3002 0.678821 43.9277 0
66333483 -1.#IND -1.#IND -1.#IND -1.#IND -1.#IND -1.#IND 28.6254 4.29109 204.882 -0.0103655 0.134716 0.990685 -1.24532 2.45214 15.3002 0.678821 43.9277 0
66420759 -1.#IND -1.#IND -1.#IND -1.#IND -1.#IND -1.#IND 28.6254 4.28996 204.882 -0.0103633 0.134838 0.990672 -1.24532 2.45214 15.3002 0.678821 43.9277 0
66508031 -1.#IND -1.#IND -1.#IND -1.#IND -1.#IND -1.#IND 28.6265 4.28994 204.882 -0.0104854 0.13484 0.990673 -1.24532 2.45214 15.3002 0.678821 43.9277 0
66595183 -1.#IND -1.#IND -1.#IND -1.#IND -1.#IND -1.#IND 28.6265 4.29107 204.882 -0.0104876 0.134719 0.990686 -1.24532 2.45214 15.3002 0.678821 43.9277 0
66682503 -1.#IND -1.#IND -1.#IND -1.#IND -1.#IND -1.#IND 28.6254 4.28996 204.882 -0.0103633 0.134838 0.990672 -1.24532 2.45214 15.3002 0.678821 43.9277 0
66770646 -1.#IND -1.#IND -1.#IND -1.#IND -1.#IND -1.#IND 28.6265 4.28881 204.882 -0.0104832 0.134961 0.990661 -1.24532 2.45214 15.3002 0.678821 43.9277 0
66857957 -1.#IND -1.#IND -1.#IND -1.#IND -1.#IND -1.#IND 28.6265 4.28994 204.882 -0.0104854 0.13484 0.990673 -1.24532 2.45214 15.3002 0.678821 43.9277 0
66945058 -1.#IND -1.#IND -1.#IND -1.#IND -1.#IND -1.#IND 28.6234 4.17784 204.894 -0.0103611 0.134959 0.99066 -1.24532 2.45214 15.3002 0.678821 43.9277 0
67032425 -1.#IND -1.#IND -1.#IND -1.#IND -1.#IND -1.#IND 28.6233 4.17558 204.894 -0.0103568 0.135202 0.990634 -1.24532 2.45214 15.3002 0.678821 43.9277 0
67120519 -1.#IND -1.#IND -1.#IND -1.#IND -1.#IND -1.#IND 28.6222 4.17673 204.894 -0.0102369 0.135078 0.990646 -1.24532 2.45214 15.3002 0.678821 43.9277 0
67207767 -1.#IND -1.#IND -1.#IND -1.#IND -1.#IND -1.#IND 28.6265 4.28881 204.882 -0.0104832 0.134961 0.990661 -1.24532 2.45214 15.3002 0.678821 43.9277 0
67295084 -1.#IND -1.#IND -1.#IND -1.#IND -1.#IND -1.#IND 28.6265 4.28994 204.882 -0.0104854 0.13484 0.990673 -1.24532 2.45214 15.3002 0.678821 43.9277 0
67383166 -1.#IND -1.#IND -1.#IND -1.#IND -1.#IND -1.#IND 28.6277 4.28992 204.882 -0.0106074 0.134842 0.990675 -1.24532 2.45214 15.3002 0.678821 43.9277 0
67470415 -1.#IND -1.#IND -1.#IND -1.#IND -1.#IND -1.#IND 28.6265 4.28881 204.882 -0.0104832 0.134961 0.990661 -1.24532 2.45214 15.3002 0.678821 43.9277 0
67557661 -1.#IND -1.#IND -1.#IND -1.#IND -1.#IND -1.#IND 28.6265 4.28881 204.882 -0.0104832 0.134961 0.990661 -1.24532 2.45214 15.3002 0.678821 43.9277 0
67644934 -1.#IND -1.#IND -1.#IND -1.#IND -1.#IND -1.#IND 28.6242 4.28886 204.882 -0.0102391 0.134957 0.990658 -1.24532 2.45214 15.3002 0.678821 43.9277 0
67732100 -1.#IND -1.#IND -1.#IND -1.#IND -1.#IND -1.#IND 28.6254 4.29109 204.882 -0.0103655 0.134716 0.990685 -1.24532 2.45214 15.3002 0.678821 43.9277 0
67820281 -1.#IND -1.#IND -1.#IND -1.#IND -1.#IND -1.#IND 28.6254 4.28996 204.882 -0.0103633 0.134838 0.990672 -1.24532 2.45214 15.3002 0.678821 43.9277 0
67907489 -1.#IND -1.#IND -1.#IND -1.#IND -1.#IND -1.#IND 28.6254 4.28996 204.882 -0.0103633 0.134838 0.990672 -1.24532 2.45214 15.3002 0.678821 43.9277 0
67994803 -1.#IND -1.#IND -1.#IND -1.#IND -1.#IND -1.#IND 28.6265 4.29107 204.882 -0.0104876 0.134719 0.990686 -1.24532 2.45214 15.3002 0.678821 43.9277 0
68083056 -1.#IND -1.#IND -1.#IND -1.#IND -1.#IND -1.#IND 28.6265 4.28994 204.882 -0.0104854 0.13484 0.990673 -1.24532 2.45214 15.3002 0.678821 43.9277 0
68170234 -1.#IND -1.#IND -1.#IND -1.#IND -1.#IND -1.#IND 28.6245 4.17782 204.894 -0.0104832 0.134961 0.990661 -1.24532 2.45214 15.3002 0.678821 43.9277 0
68257381 -1.#IND -1.#IND -1.#IND -1.#IND -1.#IND -1.#IND 28.6222 4.17899 204.894 -0.0102413 0.134835 0.990671 -1.24532 2.45214 15.3002 0.678821 43.9277 0
68344687 -1.#IND -1.#IND -1.#IND -1.#IND -1.#IND -1.#IND 28.6266 4.2922 204.882 -0.0104898 0.134597 0.990699 -1.24532 2.45214 15.3002 0.678821 43.9277 0
68432856 -1.#IND -1.#IND -1.#IND -1.#IND -1.#IND -1.#IND 28.6265 4.29107 204.882 -0.0104876 0.134719 0.990686 -1.24532 2.45214 15.3002 0.678821 43.9277 0
68520185 -1.#IND -1.#IND -1.#IND -1.#IND -1.#IND -1.#IND 28.6254 4.28996 204.882 -0.0103633 0.134838 0.990672 -1.24532 2.45214 15.3002 0.678821 43.9277 0
68607420 -1.#IND -1.#IND -1.#IND -1.#IND -1.#IND -1.#IND 28.6256 4.1778 204.894 -0.0106052 0.134964 0.990662 -1.24532 2.45214 15.3002 0.678821 43.9277 0
68694537 -1.#IND -1.#IND -1.#IND -1.#IND -1.#IND -1.#IND 28.6267 4.17665 204.894 -0.0107251 0.135087 0.99065 -1.24532 2.45214 15.3002 0.678821 43.9277 0
68781761 -1.#IND -1.#IND -1.#IND -1.#IND -1.#IND -1.#IND 28.7383 4.17452 204.893 -0.0107251 0.135087 0.99065 -1.24532 2.45214 15.3002 0.678821 43.9277 0
68869971 -1.#IND -1.#IND -1.#IND -1.#IND -1.#IND -1.#IND 28.7395 4.17337 204.893 -0.0108449 0.135211 0.990639 -1.24532 2.45214 15.3002 0.678821 43.9277 0
68957270 -1.#IND -1.#IND -1.#IND -1.#IND -1.#IND -1.#IND 28.7395 4.1745 204.893 -0.0108471 0.13509 0.990651 -1.24532 2.45214 15.3002 0.678821 43.9277 0
69044565 -1.#IND -1.#IND -1.#IND -1.#IND -1.#IND -1.#IND 28.7406 4.17561 204.893 -0.0109714 0.134971 0.990665 -1.24532 2.45214 15.3002 0.678821 43.9277 0
69131660 -1.#IND -1.#IND -1.#IND -1.#IND -1.#IND -1.#IND 28.7404 4.28777 204.881 -0.0107295 0.134845 0.990676 -1.24532 2.45214 15.3002 0.678821 43.9277 0
69219921 -1.#IND -1.#IND -1.#IND -1.#IND -1.#IND -1.#IND 28.6277 4.28992 204.882 -0.0106074 0.134842 0.990675 -1.24532 2.45214 15.3002 0.678821 43.9277 0
69307117 -1.#IND -1.#IND -1.#IND -1.#IND -1.#IND -1.#IND 28.6245 4.17895 204.894 -0.0104854 0.13484 0.990673 -1.24532 2.45214 15.3002 0.678821 43.9277 0
69394416 -1.#IND -1.#IND -1.#IND -1.#IND -1.#IND -1.#IND 28.6265 4.28994 204.882 -0.0104854 0.13484 0.990673 -1.24532 2.45214 15.3002 0.678821 43.9277 0
69481511 -1.#IND -1.#IND -1.#IND -1.#IND -1.#IND -1.#IND 28.6245 4.17895 204.894 -0.0104854 0.13484 0.990673 -1.24532 2.45214 15.3002 0.678821 43.9277 0
69569783 -1.#IND -1.#IND -1.#IND -1.#IND -1.#IND -1.#IND 28.6234 4.17784 204.894 -0.0103611 0.134959 0.99066 -1.24532 2.45214 15.3002 0.678821 43.9277 0
69657016 -1.#IND -1.#IND -1.#IND -1.#IND -1.#IND -1.#IND 28.6233 4.17671 204.894 -0.010359 0.13508 0.990647 -1.24532 2.45214 15.3002 0.678821 43.9277 0
69744290 -1.#IND -1.#IND -1.#IND -1.#IND -1.#IND -1.#IND 28.6245 4.17669 204.894 -0.010481 0.135083 0.990648 -1.24532 2.45214 15.3002 0.678821 43.9277 0
69831513 -1.#IND -1.#IND -1.#IND -1.#IND -1.#IND -1.#IND 28.6265 4.28994 204.882 -0.0104854 0.13484 0.990673 -1.24532 2.45214 15.3002 0.678821 43.9277 0
69919686 -1.#IND -1.#IND -1.#IND -1.#IND -1.#IND -1.#IND 28.6277 4.28992 204.882 -0.0106074 0.134842 0.990675 -1.24532 2.45214 15.3002 0.678821 43.9277 0
70006925 -1.#IND -1.#IND -1.#IND -1.#IND -1.#IND -1.#IND 28.6265 4.28994 204.882 -0.0104854 0.13484 0.990673 -1.24532 2.45214 15.3002 0.678821 43.9277 0
70094146 -1.#IND -1.#IND -1.#IND -1.#IND -1.#IND -1.#IND 28.6265 4.28881 204.882 -0.0104832 0.134961 0.990661 -1.24532 2.45214 15.3002 0.678821 43.9277 0
70181360 -1.#IND -1.#IND -1.#IND -1.#IND -1.#IND -1.#IND 28.6254 4.28883 204.882 -0.0103611 0.134959 0.99066 -1.24532 2.45214 15.3002 0.678821 43.9277 0
70268637 -1.#IND -1.#IND -1.#IND -1.#IND -1.#IND -1.#IND 28.6265 4.28994 204.882 -0.0104854 0.13484 0.990673 -1.24532 2.45214 15.3002 0.678821 43.9277 0
70356862 -1.#IND -1.#IND -1.#IND -1.#IND -1.#IND -1.#IND 28.6277 4.28992 204.882 -0.0106074 0.134842 0.990675 -1.24532 2.45214 15.3002 0.678821 43.9277 0
70444014 -1.#IND -1.#IND -1.#IND -1.#IND -1.#IND -1.#IND 28.6279 4.17775 204.894 -0.0108493 0.134968 0.990664 -1.24532 2.45214 15.3002 0.678821 43.9277 0
70531286 -1.#IND -1.#IND -1.#IND -1.#IND -1.#IND -1.#IND 28.6279 4.17663 204.894 -0.0108471 0.13509 0.990651 -1.24532 2.45214 15.3002 0.678821 43.9277 0
70618484 -1.#IND -1.#IND -1.#IND -1.#IND -1.#IND -1.#IND 28.6299 4.28875 204.882 -0.0108493 0.134968 0.990664 -1.24532 2.45214 15.3002 0.678821 43.9277 0
70706616 -1.#IND -1.#IND -1.#IND -1.#IND -1.#IND -1.#IND 28.6288 4.2899 204.882 -0.0107295 0.134845 0.990676 -1.24532 2.45214 15.3002 0.678821 43.9277 0
70793958 -1.#IND -1.#IND -1.#IND -1.#IND -1.#IND -1.#IND 28.6288 4.29103 204.882 -0.0107317 0.134723 0.990689 -1.24532 2.45214 15.3002 0.678821 43.9277 0
70881178 -1.#IND -1.#IND -1.#IND -1.#IND -1.#IND -1.#IND 28.6279 4.17775 204.894 -0.0108493 0.134968 0.990664 -1.24532 2.45214 15.3002 0.678821 43.9277 0
