0	0.064
0	0.098
0	0.118
0	0.14
0	0.16
0	0.18
0	0.202
0	0.224
0	0.236
0	0.256
0	0.278
0	0.299
0	0.319
0	0.341
0	0.362
0	0.385
0	0.414
0	0.426
0	0.446
0	0.478
0	0.489
0	0.51
0	0.533
0	0.562
0	0.573
0	0.595
0	0.615
0	0.637
0	0.66
0	0.68
0	0.701
0	0.732
0	0.751
0	0.764
0	0.785
0	0.806
0	0.836
0	0.87
0	0.892
0	0.912
0	0.943
0	0.954
0	0.986
0	0.995
0	1.018
0	1.04
0	1.06
0	1.082
0	1.102
0	1.124
0	1.146
0	1.166
0	1.188
0	1.208
0	1.229
0	1.252
0	1.272
0	1.294
0	1.314
0	1.337
0	1.357
0	1.379
0	1.399
0	1.421
0	1.44
0	1.463
0	1.484
0	1.504
0	1.527
0	1.547
0	1.579
0	1.588
0	1.61
0	1.63
0	1.654
0	1.674
0	1.695
0	1.717
0	1.737
0	1.759
0	1.779
0	1.801
0	1.823
0	1.847
0	1.865
0	1.885
0	1.907
0	1.939
0	1.949
0	1.97
0	1.991
0	2.013
0	2.033
0	2.055
0	2.077
0	2.097
0	2.118
0	2.139
0	2.161
0	2.181
0	2.212
0	2.225
0	2.244
0	2.267
0	2.292
0	2.329
0	2.382
0	2.394
0	2.414
0	2.435
0	2.457
0	2.478
0	2.509
0	2.531
0	2.551
0	2.562
0	2.583
0	2.614
0	2.627
0	2.656
0	2.668
0	2.691
0	2.711
0	2.743
0	2.763
0	2.775
0	2.804
0	2.827
0	2.86
0	2.881
0	2.899
0	2.923
0	2.943
0	2.964
0	2.987
0	3.006
0	3.028
0	3.049
0	3.07
0	3.091
0	3.123
0	3.135
0	3.176
0	3.183
0	3.228
0	3.239
0	3.261
0	3.292
0	3.304
0	3.323
0	3.346
0	3.376
0.02	3.388
0.03	3.41
0.05	3.43
0.05	3.451
0.05	3.474
0.05	3.496
0.05	3.518
0.05	3.537
0.05	3.558
0.05	3.589
0.05	3.6
0.05	3.624
0.05	3.643
0.05	3.665
0.05	3.685
0.05	3.706
0.05	3.728
0.05	3.749
0.05	3.771
0.05	3.791
0.05	3.814
0.05	3.843
0.05	3.854
0.05	3.883
0.05	3.909
0.05	3.949
0.05	3.961
0.05	3.981
0.07	4.003
0.08	4.025
0.1	4.045
0.12	4.069
0.13	4.088
0.15	4.121
0.17	4.131
0.17	4.162
0.18	4.173
0.18	4.193
0.18	4.224
0.18	4.236
0.18	4.268
0.18	4.288
0.18	4.301
0.18	4.33
0.18	4.352
0.18	4.362
0.18	4.385
0.18	4.406
0.18	4.436
0.18	4.448
0.18	4.478
0.18	4.489
0.18	4.51
0.18	4.542
0.18	4.552
0.18	4.575
0.18	4.605
0.18	4.617
0.2	4.639
0.22	4.66
0.22	4.681
0.22	4.701
0.22	4.723
0.23	4.744
0.25	4.765
0.27	4.787
0.28	4.807
0.3	4.829
0.32	4.849
0.33	4.871
0.35	4.9
0.35	4.915
0.35	4.955
0.35	4.976
0.35	4.997
0.35	5.018
0.35	5.041
0.35	5.063
0.35	5.083
0.35	5.103
0.35	5.135
0.35	5.147
0.35	5.167
0.35	5.199
0.35	5.219
0.35	5.231
0.35	5.251
0.37	5.273
0.37	5.305
0.37	5.326
0.37	5.337
0.37	5.357
0.37	5.38
0.37	5.401
0.37	5.422
0.38	5.443
0.38	5.467
0.4	5.505
0.42	5.527
0.43	5.55
0.45	5.569
0.47	5.591
0.47	5.613
0.47	5.633
0.47	5.655
0.47	5.685
0.47	5.714
0.47	5.722
0.47	5.77
0.47	5.791
0.47	5.801
0.47	5.823
0.47	5.844
0.47	5.867
0.47	5.886
0.48	5.916
0.5	5.946
0.52	5.971
0.52	5.993
0.52	6.014
0.52	6.034
0.52	6.057
0.52	6.077
0.52	6.099
0.52	6.132
0.52	6.163
0.52	6.183
0.52	6.204
0.52	6.226
0.52	6.246
0.52	6.269
0.53	6.289
0.53	6.321
0.53	6.341
0.53	6.352
0.53	6.385
0.53	6.395
0.53	6.417
0.53	6.437
0.53	6.469
0.53	6.489
0.53	6.501
0.53	6.523
0.53	6.543
0.55	6.565
0.57	6.585
0.58	6.608
0.58	6.629
0.58	6.651
0.58	6.67
0.58	6.692
0.58	6.712
0.58	6.734
0.58	6.757
0.58	6.787
0.58	6.799
0.58	6.818
0.58	6.842
0.58	6.86
0.58	6.882
0.58	6.905
0.58	6.942
0.6	6.95
0.62	6.988
0.63	7.009
0.63	7.032
0.63	7.051
0.63	7.084
0.63	7.093
0.63	7.137
0.63	7.157
0.63	7.179
0.63	7.199
0.63	7.221
0.65	7.252
0.65	7.263
0.65	7.284
0.65	7.306
0.65	7.337
0.65	7.36
0.65	7.371
0.65	7.391
0.65	7.412
0.65	7.444
0.65	7.456
0.65	7.476
0.65	7.497
0.65	7.53
0.65	7.539
0.65	7.56
0.65	7.58
0.65	7.603
0.67	7.623
0.68	7.645
0.7	7.666
0.72	7.686
0.73	7.707
0.73	7.73
0.73	7.75
0.73	7.772
0.73	7.792
0.73	7.814
0.73	7.834
0.73	7.856
0.73	7.878
0.73	7.898
0.73	7.92
0.73	7.948
0.73	7.967
0.73	8.005
0.73	8.027
0.73	8.046
0.73	8.068
0.73	8.09
0.73	8.123
0.73	8.131
0.73	8.165
0.73	8.174
0.73	8.196
0.73	8.217
0.73	8.238
0.73	8.26
0.73	8.279
0.73	8.303
0.73	8.323
0.75	8.343
0.77	8.385
0.78	8.407
0.8	8.442
0.82	8.451
0.83	8.491
0.85	8.514
0.85	8.533
0.87	8.555
0.87	8.598
0.87	8.618
0.87	8.642
0.87	8.704
0.87	8.725
0.87	8.749
0.87	8.767
0.87	8.789
0.87	8.811
0.87	8.832
0.87	8.853
0.87	8.873
0.87	8.897
0.87	8.917
0.87	8.936
0.87	8.961
0.87	8.98
0.87	9.033
0.87	9.043
0.87	9.063
0.87	9.085
0.87	9.116
0.85	9.127
0.87	9.146
0.88	9.169
0.9	9.201
0.92	9.211
0.93	9.233
0.95	9.253
0.97	9.275
0.97	9.296
0.97	9.319
0.97	9.351
0.97	9.36
0.97	9.382
0.97	9.401
0.97	9.424
0.97	9.446
0.97	9.477
0.97	9.487
0.97	9.507
0.97	9.529
0.97	9.551
0.97	9.574
0.97	9.594
0.97	9.613
0.97	9.635
0.97	9.668
0.97	9.678
0.97	9.698
0.97	9.719
0.97	9.741
0.97	9.761
0.95	9.784
0.95	9.805
0.93	9.825
0.93	9.847
0.93	9.867
0.95	9.889
0.95	9.911
0.95	9.931
0.95	9.953
0.95	9.982
0.95	9.999
0.95	10.038
0.95	10.059
0.95	10.091
0.95	10.101
0.95	10.121
0.95	10.144
0.95	10.165
0.95	10.186
0.95	10.207
0.95	10.239
0.95	10.281
0.95	10.293
0.95	10.312
0.95	10.335
0.95	10.365
0.95	10.376
0.95	10.398
0.95	10.418
0.97	10.44
0.97	10.46
0.97	10.484
0.95	10.504
0.95	10.524
0.93	10.546
0.93	10.566
0.93	10.59
0.93	10.608
0.93	10.641
0.93	10.652
0.93	10.673
0.93	10.695
0.93	10.715
0.93	10.736
0.93	10.757
0.93	10.779
0.93	10.801
0.93	10.823
0.93	10.843
0.93	10.862
0.93	10.896
0.93	10.906
0.93	10.937
0.93	10.948
0.93	10.969
0.93	11
0.93	11.013
0.93	11.054
0.93	11.075
0.93	11.096
0.95	11.127
0.95	11.139
0.97	11.16
0.95	11.19
0.93	11.202
0.92	11.223
0.9	11.244
0.9	11.266
0.88	11.289
0.88	11.307
0.88	11.329
0.88	11.349
0.88	11.37
0.88	11.405
0.88	11.413
0.88	11.434
0.88	11.457
0.88	11.477
0.88	11.498
0.88	11.523
0.88	11.541
0.88	11.562
0.88	11.584
0.88	11.604
0.88	11.625
0.88	11.646
0.88	11.668
0.88	11.689
0.88	11.716
0.88	11.731
0.88	11.753
0.88	11.773
0.9	11.795
0.9	11.815
0.92	11.846
0.9	11.868
0.88	11.878
0.87	11.901
0.85	11.929
0.85	11.963
0.85	11.995
0.85	12.013
0.85	12.034
0.85	12.071
0.85	12.09
0.85	12.113
0.85	12.133
0.85	12.156
0.85	12.175
0.85	12.197
0.85	12.217
0.85	12.239
0.85	12.273
0.85	12.281
0.85	12.304
0.85	12.323
0.85	12.345
0.85	12.367
0.85	12.388
0.85	12.408
0.85	12.43
0.85	12.452
0.85	12.473
0.87	12.494
0.87	12.514
0.87	12.535
0.87	12.559
0.85	12.576
0.85	12.608
0.83	12.621
0.83	12.641
0.83	12.663
0.83	12.684
0.83	12.705
0.83	12.727
0.83	12.748
0.83	12.77
0.83	12.789
0.83	12.813
0.83	12.832
0.83	12.854
0.83	12.875
0.83	12.897
0.83	12.916
0.83	12.939
0.83	12.96
0.83	12.98
0.83	13.013
0.83	13.022
0.83	13.051
0.83	13.089
0.83	13.108
0.83	13.128
0.83	13.149
0.82	13.17
0.82	13.192
0.82	13.214
0.82	13.233
0.82	13.257
0.8	13.275
0.78	13.297
0.77	13.33
0.75	13.34
0.75	13.373
0.75	13.383
0.75	13.403
0.75	13.425
0.75	13.447
0.75	13.479
0.75	13.488
0.75	13.509
0.75	13.531
0.75	13.554
0.75	13.575
0.75	13.595
0.75	13.615
0.75	13.638
0.75	13.657
0.75	13.68
0.75	13.7
0.75	13.729
0.75	13.743
0.75	13.763
0.75	13.785
0.77	13.806
0.78	13.827
0.8	13.849
0.8	13.869
0.8	13.891
0.8	13.91
0.78	13.933
0.77	13.965
0.75	13.974
0.73	13.996
0.72	14.027
0.7	14.039
0.7	14.07
0.7	14.102
0.7	14.124
0.7	14.146
0.7	14.167
0.7	14.187
0.7	14.209
0.7	14.229
0.7	14.251
0.7	14.273
0.7	14.294
0.7	14.314
0.7	14.335
0.7	14.357
0.7	14.377
0.7	14.4
0.7	14.42
0.7	14.452
0.72	14.464
0.73	14.483
0.75	14.505
0.77	14.527
0.78	14.547
0.78	14.567
0.78	14.6
0.78	14.609
0.78	14.632
0.77	14.663
0.75	14.674
0.73	14.706
0.72	14.725
0.72	14.738
0.72	14.759
0.72	14.781
0.72	14.802
0.72	14.824
0.72	14.843
0.72	14.866
0.72	14.898
0.72	14.907
0.72	14.929
0.72	14.95
0.72	14.97
0.72	14.991
0.72	15.014
0.72	15.034
0.72	15.057
0.72	15.078
0.72	15.119
0.72	15.141
0.72	15.173
0.73	15.182
0.75	15.204
0.77	15.224
0.77	15.245
0.77	15.268
0.77	15.288
0.77	15.31
0.77	15.33
0.77	15.353
0.75	15.375
0.73	15.394
0.73	15.416
0.73	15.436
0.73	15.469
0.73	15.478
0.73	15.503
0.73	15.521
0.73	15.544
0.73	15.563
0.73	15.586
0.73	15.605
0.73	15.627
0.73	15.649
0.73	15.669
0.73	15.691
0.73	15.711
0.73	15.74
0.73	15.777
0.73	15.807
0.73	15.829
0.73	15.841
0.73	15.861
0.75	15.884
0.77	15.902
0.77	15.924
0.77	15.944
0.77	15.967
0.77	15.986
0.77	16.009
0.77	16.029
0.75	16.051
0.73	16.072
0.73	16.096
0.73	16.135
0.73	16.157
0.73	16.177
0.73	16.201
0.73	16.222
0.73	16.241
0.73	16.262
0.73	16.284
0.73	16.304
0.73	16.327
0.73	16.349
0.73	16.379
0.73	16.39
0.73	16.412
0.73	16.443
0.73	16.454
0.73	16.484
0.73	16.507
0.73	16.516
0.73	16.537
0.75	16.559
0.77	16.581
0.78	16.601
0.78	16.633
0.78	16.643
0.78	16.674
0.78	16.686
0.78	16.707
0.77	16.728
0.75	16.758
0.73	16.771
0.73	16.791
0.73	16.813
0.73	16.834
0.73	16.856
0.73	16.876
0.73	16.899
0.73	16.919
0.73	16.941
0.73	16.961
0.73	16.992
0.73	17.003
0.73	17.025
0.73	17.046
0.73	17.068
0.73	17.099
0.73	17.117
0.73	17.154
0.73	17.173
0.73	17.205
0.73	17.216
0.75	17.236
0.77	17.258
0.78	17.282
0.78	17.31
0.78	17.321
0.78	17.342
0.78	17.364
0.78	17.384
0.77	17.406
0.75	17.427
0.73	17.448
0.73	17.48
0.73	17.5
0.73	17.512
0.73	17.532
0.73	17.556
0.73	17.577
0.73	17.607
0.73	17.619
0.73	17.651
0.73	17.66
0.73	17.683
0.73	17.702
0.73	17.724
0.73	17.745
0.73	17.768
0.73	17.787
0.73	17.809
0.73	17.829
0.73	17.851
0.73	17.871
0.73	17.893
0.75	17.915
0.77	17.935
0.78	17.965
0.8	17.999
0.8	18.031
0.8	18.04
0.8	18.062
0.8	18.083
0.78	18.121
0.77	18.129
0.77	18.17
0.77	18.189
0.77	18.211
0.77	18.231
0.77	18.253
0.77	18.276
0.77	18.295
0.77	18.316
0.77	18.349
0.77	18.359
0.77	18.381
0.77	18.403
0.77	18.423
0.77	18.444
0.77	18.464
0.77	18.487
0.77	18.507
0.77	18.529
0.77	18.549
0.77	18.571
0.77	18.591
0.78	18.615
0.8	18.636
0.82	18.655
0.82	18.677
0.82	18.697
0.82	18.718
0.82	18.741
0.82	18.761
0.8	18.782
0.8	18.803
0.8	18.825
0.8	18.846
0.8	18.869
0.8	18.891
0.8	18.911
0.8	18.931
0.8	18.963
0.8	18.975
0.8	18.995
0.8	19.016
0.8	19.036
0.8	19.057
0.8	19.082
0.8	19.102
0.8	19.13
0.8	19.144
0.8	19.185
0.8	19.217
0.8	19.227
0.8	19.249
0.8	19.269
0.8	19.29
0.8	19.312
0.82	19.343
0.83	19.354
0.83	19.376
0.83	19.398
0.83	19.416
0.83	19.438
0.82	19.459
0.8	19.503
0.8	19.523
0.8	19.545
0.8	19.565
0.8	19.587
0.8	19.611
0.8	19.629
0.8	19.651
0.8	19.671
0.8	19.693
0.8	19.715
0.8	19.741
0.8	19.756
0.8	19.78
0.8	19.798
0.8	19.822
0.8	19.853
0.8	19.862
0.8	19.884
0.8	19.904
0.8	19.926
0.8	19.949
0.8	19.968
0.82	19.99
0.83	20.01
0.85	20.043
0.87	20.052
0.88	20.074
0.88	20.095
0.87	20.126
0.85	20.138
0.83	20.168
0.83	20.202
0.83	20.222
0.83	20.244
0.83	20.264
0.83	20.286
0.83	20.319
0.83	20.328
0.83	20.35
0.83	20.37
0.83	20.392
0.83	20.412
0.83	20.434
0.83	20.456
0.83	20.476
0.83	20.497
0.83	20.521
0.83	20.539
0.83	20.562
0.83	20.594
0.83	20.604
0.83	20.624
0.83	20.646
0.83	20.667
0.85	20.699
0.87	20.709
0.88	20.751
0.88	20.761
0.88	20.793
0.88	20.827
0.88	20.846
0.88	20.858
0.88	20.878
0.88	20.9
0.88	20.92
0.88	20.943
0.88	20.965
0.88	20.986
0.88	21.006
0.88	21.039
0.88	21.05
0.88	21.07
0.88	21.091
0.88	21.124
0.88	21.145
0.88	21.164
0.88	21.183
0.88	21.218
0.88	21.251
0.88	21.261
0.88	21.283
0.88	21.303
0.88	21.325
0.88	21.356
0.88	21.369
0.88	21.387
0.88	21.419
0.9	21.431
0.9	21.453
0.92	21.473
0.92	21.494
0.9	21.514
0.88	21.535
0.88	21.557
0.88	21.578
0.88	21.611
0.88	21.62
0.88	21.644
0.88	21.664
0.88	21.695
0.88	21.706
0.88	21.744
0.88	21.751
0.88	21.79
0.88	21.812
0.88	21.833
0.88	21.853
0.88	21.875
0.88	21.896
0.88	21.929
0.88	21.939
0.88	21.971
0.88	21.98
0.88	22.002
0.88	22.023
0.88	22.045
0.88	22.065
0.9	22.089
0.92	22.107
0.92	22.139
0.9	22.148
0.88	22.17
0.87	22.2
0.85	22.234
0.83	22.267
0.83	22.279
0.83	22.298
0.83	22.32
0.83	22.352
0.83	22.361
0.83	22.382
0.83	22.406
0.83	22.437
0.83	22.457
0.83	22.468
0.83	22.489
0.83	22.51
0.83	22.544
0.83	22.553
0.83	22.573
0.83	22.595
0.83	22.617
0.83	22.638
0.83	22.66
0.83	22.691
0.83	22.701
0.83	22.722
0.83	22.744
0.85	22.765
0.85	22.785
0.87	22.807
0.87	22.827
0.87	22.854
0.85	22.868
0.83	22.891
0.82	22.923
0.8	22.943
0.78	22.954
0.78	22.985
0.78	22.997
0.78	23.019
0.78	23.039
0.78	23.061
0.78	23.081
0.78	23.104
0.78	23.123
0.78	23.158
0.78	23.166
0.78	23.189
0.78	23.208
0.78	23.241
0.78	23.252
0.78	23.272
0.78	23.294
0.78	23.314
0.78	23.336
0.78	23.358
0.78	23.378
0.78	23.401
0.8	23.42
0.82	23.443
0.83	23.464
0.85	23.484
0.87	23.505
0.87	23.526
0.85	23.547
0.83	23.567
0.82	23.592
0.8	23.61
0.8	23.632
0.8	23.654
0.8	23.674
0.8	23.696
0.8	23.718
0.8	23.738
0.8	23.776
0.8	23.801
0.8	23.823
0.8	23.857
0.8	23.865
0.8	23.887
0.8	23.907
0.8	23.929
0.8	23.95
0.8	23.972
0.8	23.992
0.8	24.014
0.8	24.034
0.8	24.056
0.8	24.087
0.8	24.098
0.82	24.12
0.83	24.141
0.85	24.162
0.85	24.182
0.85	24.204
0.85	24.226
0.85	24.246
0.83	24.278
0.82	24.288
0.8	24.31
0.78	24.34
0.78	24.352
0.78	24.384
0.78	24.394
0.78	24.427
0.78	24.436
0.78	24.459
0.78	24.478
0.78	24.501
0.78	24.521
0.78	24.542
0.78	24.565
0.78	24.585
0.78	24.607
0.78	24.638
0.78	24.66
0.78	24.669
0.78	24.691
0.78	24.713
0.78	24.733
0.78	24.755
0.78	24.775
0.78	24.797
0.8	24.817
0.8	24.849
0.82	24.861
0.82	24.88
0.82	24.903
0.8	24.923
0.78	24.945
0.77	24.976
0.75	24.987
0.73	25.008
0.73	25.029
0.73	25.051
0.73	25.071
0.73	25.105
0.73	25.125
0.73	25.147
0.73	25.167
0.73	25.178
0.73	25.21
0.73	25.22
0.73	25.246
0.73	25.262
0.73	25.284
0.73	25.304
0.73	25.329
0.73	25.358
0.73	25.369
0.73	25.389
0.73	25.41
0.73	25.432
0.75	25.454
0.77	25.474
0.78	25.496
0.8	25.516
0.82	25.54
0.82	25.559
0.82	25.58
0.82	25.601
0.8	25.621
0.78	25.644
0.77	25.663
0.75	25.685
0.75	25.718
0.75	25.728
0.75	25.75
0.75	25.771
0.75	25.791
0.75	25.813
0.75	25.847
0.75	25.855
0.75	25.877
0.75	25.897
0.75	25.921
0.75	25.941
0.75	25.962
0.75	25.994
0.75	26.003
0.75	26.025
0.75	26.045
0.75	26.066
0.75	26.088
0.77	26.11
0.77	26.13
0.78	26.152
0.8	26.185
0.82	26.194
0.83	26.216
0.83	26.235
0.83	26.26
0.83	26.277
0.82	26.31
0.8	26.332
0.78	26.342
0.77	26.364
0.77	26.384
0.77	26.406
0.77	26.428
0.77	26.448
0.77	26.472
0.77	26.491
0.77	26.524
0.77	26.542
0.77	26.555
0.77	26.575
0.77	26.608
0.77	26.617
0.77	26.639
0.77	26.659
0.77	26.681
0.77	26.705
0.77	26.723
0.77	26.745
0.77	26.766
0.77	26.788
0.77	26.807
0.78	26.83
0.8	26.851
0.82	26.871
0.83	26.905
0.83	26.913
0.83	26.934
0.83	26.956
0.82	26.988
0.8	26.998
0.78	27.019
0.77	27.051
0.77	27.061
0.77	27.115
0.77	27.125
0.77	27.148
0.77	27.167
0.77	27.201
0.77	27.211
0.77	27.231
0.77	27.254
0.77	27.277
0.77	27.295
0.77	27.316
0.77	27.338
0.77	27.358
0.77	27.381
0.77	27.4
0.77	27.423
0.77	27.445
0.77	27.464
0.77	27.496
0.77	27.507
0.78	27.527
0.8	27.549
0.82	27.571
0.82	27.591
0.82	27.612
0.82	27.633
0.82	27.664
0.8	27.675
0.78	27.699
0.77	27.718
0.77	27.74
0.77	27.767
0.77	27.781
0.77	27.804
0.77	27.825
0.77	27.845
0.77	27.878
0.77	27.899
0.77	27.909
0.77	27.941
0.77	27.952
0.77	27.972
0.77	27.994
0.77	28.015
0.77	28.047
0.77	28.058
0.77	28.078
0.77	28.099
0.77	28.121
0.77	28.143
0.77	28.162
0.77	28.194
0.78	28.206
0.8	28.226
0.82	28.248
0.82	28.27
0.82	28.312
0.82	28.341
0.82	28.354
0.8	28.373
0.78	28.395
0.77	28.415
0.77	28.447
0.77	28.46
0.77	28.48
0.77	28.503
0.77	28.535
0.77	28.544
0.77	28.567
0.77	28.586
0.77	28.608
0.77	28.628
0.77	28.661
0.77	28.672
0.77	28.692
0.77	28.714
0.77	28.745
0.77	28.756
0.77	28.778
0.77	28.798
0.77	28.821
0.77	28.84
0.77	28.862
0.78	28.882
0.8	28.903
0.82	28.936
0.83	28.956
0.83	28.968
0.83	28.988
0.83	29.009
0.82	29.031
0.8	29.061
0.78	29.073
0.77	29.094
0.75	29.114
0.75	29.147
0.75	29.157
0.75	29.179
0.75	29.222
0.75	29.242
0.75	29.263
0.75	29.285
0.75	29.312
0.75	29.327
0.75	29.35
0.75	29.369
0.75	29.402
0.75	29.413
0.75	29.433
0.75	29.455
0.75	29.486
0.75	29.497
0.75	29.531
0.75	29.539
0.75	29.561
0.77	29.581
0.78	29.603
0.8	29.623
0.8	29.645
0.8	29.677
0.8	29.697
0.8	29.709
0.78	29.739
0.77	29.751
0.75	29.789
0.73	29.797
0.73	29.835
0.73	29.857
0.73	29.877
0.73	29.911
0.73	29.921
0.73	29.941
0.73	29.974
0.73	29.983
0.73	30.005
0.73	30.026
0.73	30.047
0.73	30.069
0.73	30.089
0.73	30.113
0.73	30.133
0.73	30.154
0.73	30.174
0.73	30.206
0.73	30.217
0.73	30.237
0.73	30.259
0.75	30.279
0.77	30.302
0.77	30.326
0.77	30.344
0.77	30.364
0.77	30.385
0.77	30.407
0.77	30.428
0.75	30.449
0.75	30.481
0.75	30.492
0.75	30.512
0.75	30.546
0.75	30.556
0.75	30.579
0.75	30.609
0.75	30.62
0.75	30.652
0.75	30.661
0.75	30.692
0.75	30.704
0.75	30.724
0.75	30.757
0.75	30.768
0.75	30.788
0.75	30.81
0.75	30.831
0.75	30.851
0.75	30.874
0.75	30.894
0.75	30.916
0.77	30.936
0.78	30.957
0.8	30.979
0.82	31.001
0.82	31.02
0.82	31.043
0.82	31.062
0.82	31.085
0.8	31.107
0.8	31.137
0.78	31.149
0.78	31.169
0.78	31.19
0.78	31.212
0.78	31.233
0.78	31.255
0.78	31.275
0.78	31.297
0.78	31.317
0.78	31.339
0.78	31.361
0.78	31.381
0.78	31.414
0.78	31.424
0.78	31.444
0.78	31.467
0.78	31.487
0.78	31.511
0.78	31.529
0.78	31.551
0.78	31.571
0.8	31.593
0.82	31.616
0.83	31.635
0.85	31.657
0.85	31.678
0.85	31.707
0.85	31.72
0.83	31.739
0.82	31.761
0.8	31.795
0.8	31.835
0.8	31.858
0.8	31.88
0.8	31.889
0.8	31.911
0.8	31.932
0.8	31.954
0.8	31.975
0.8	31.995
0.8	32.017
0.8	32.037
0.8	32.059
0.8	32.079
0.8	32.101
0.8	32.134
0.8	32.143
0.8	32.165
0.8	32.185
0.8	32.207
0.8	32.227
0.8	32.25
0.8	32.271
0.8	32.291
0.82	32.323
0.83	32.333
0.85	32.358
0.85	32.376
0.85	32.398
0.83	32.417
0.83	32.449
0.82	32.462
0.82	32.481
0.82	32.504
0.82	32.525
0.82	32.555
0.82	32.567
0.82	32.587
0.82	32.609
0.82	32.631
0.82	32.663
0.82	32.673
0.82	32.693
0.82	32.715
0.82	32.737
0.82	32.759
0.82	32.781
0.82	32.799
0.82	32.821
0.82	32.843
0.82	32.874
0.82	32.885
0.82	32.905
0.82	32.927
0.82	32.949
0.83	32.969
0.85	32.991
0.87	33.012
0.88	33.032
0.88	33.064
0.88	33.073
0.87	33.106
0.85	33.117
0.83	33.137
0.83	33.159
0.83	33.181
0.83	33.201
0.83	33.224
0.83	33.244
0.83	33.265
0.83	33.287
0.83	33.308
0.83	33.328
0.83	33.351
0.83	33.38
0.83	33.413
0.83	33.434
0.83	33.456
0.83	33.476
0.83	33.499
0.83	33.53
0.83	33.541
0.83	33.563
0.83	33.583
0.83	33.605
0.83	33.635
0.83	33.647
0.85	33.667
0.87	33.689
0.88	33.725
0.88	33.733
0.88	33.79
0.87	33.799
0.85	33.838
0.83	33.858
0.83	33.88
0.83	33.911
0.83	33.922
0.83	33.942
0.83	33.965
0.83	33.986
0.83	34.006
0.83	34.028
0.83	34.048
0.83	34.07
0.83	34.092
0.83	34.113
0.83	34.134
0.83	34.154
0.83	34.176
0.83	34.21
0.83	34.218
0.83	34.24
0.83	34.26
0.83	34.282
0.83	34.302
0.83	34.325
0.83	34.348
0.83	34.366
0.85	34.396
0.85	34.411
0.85	34.43
0.85	34.472
0.87	34.492
0.85	34.515
0.85	34.535
0.85	34.557
0.85	34.589
0.85	34.6
0.85	34.621
0.85	34.654
0.85	34.664
0.85	34.684
0.85	34.706
0.85	34.727
0.85	34.748
0.85	34.769
0.85	34.789
0.85	34.81
0.85	34.832
0.85	34.854
0.85	34.874
0.85	34.896
0.85	34.916
0.85	34.949
0.85	34.979
0.85	34.981
0.85	35.001
0.85	35.023
0.85	35.043
0.87	35.075
0.87	35.086
0.87	35.106
0.87	35.128
0.87	35.149
0.85	35.17
0.83	35.192
0.83	35.223
0.83	35.235
0.83	35.255
0.83	35.277
0.83	35.297
0.83	35.32
0.83	35.341
0.83	35.361
0.83	35.382
0.83	35.414
0.83	35.447
0.83	35.479
0.83	35.491
0.83	35.509
0.83	35.531
0.83	35.564
0.83	35.574
0.83	35.595
0.83	35.626
0.83	35.637
0.83	35.659
0.83	35.68
0.83	35.7
0.85	35.733
0.85	35.742
0.85	35.763
0.83	35.783
0.83	35.804
0.82	35.838
0.8	35.849
0.78	35.879
0.78	35.903
0.78	35.912
0.78	35.945
0.78	35.954
0.78	35.976
0.78	35.996
0.78	36.029
0.78	36.051
0.78	36.06
0.78	36.082
0.78	36.103
0.78	36.134
0.78	36.145
0.78	36.168
0.78	36.187
0.78	36.209
0.78	36.229
0.78	36.251
0.78	36.271
0.78	36.293
0.78	36.315
0.78	36.335
0.78	36.369
0.8	36.377
0.82	36.409
0.83	36.428
0.85	36.442
0.85	36.482
0.85	36.504
0.83	36.524
0.82	36.546
0.82	36.569
0.82	36.589
0.82	36.611
0.82	36.631
0.82	36.654
0.82	36.675
0.82	36.695
0.82	36.728
0.82	36.737
0.82	36.759
0.82	36.793
0.82	36.802
0.82	36.855
0.82	36.865
0.82	36.888
0.82	36.907
0.82	36.929
0.82	36.949
0.82	36.972
0.82	36.991
0.82	37.013
0.82	37.035
0.83	37.056
0.85	37.077
0.87	37.097
0.87	37.118
0.87	37.142
0.87	37.16
0.87	37.183
0.85	37.202
0.85	37.224
0.85	37.245
0.85	37.266
0.85	37.302
0.85	37.309
0.85	37.331
0.85	37.351
0.85	37.373
0.85	37.395
0.85	37.415
0.85	37.447
0.85	37.478
0.85	37.5
0.85	37.521
0.85	37.543
0.85	37.563
0.85	37.585
0.85	37.606
0.85	37.639
0.85	37.648
0.85	37.669
0.85	37.702
0.85	37.711
0.85	37.744
0.85	37.755
0.83	37.775
0.83	37.803
0.83	37.817
0.83	37.848
0.83	37.859
0.82	37.879
0.8	37.912
0.78	37.934
0.78	37.944
0.78	37.966
0.78	37.987
0.78	38.009
0.78	38.041
0.78	38.051
0.78	38.072
0.78	38.093
0.78	38.126
0.78	38.146
0.78	38.158
0.78	38.178
0.78	38.21
0.78	38.22
0.78	38.241
0.78	38.263
0.78	38.283
0.78	38.321
0.78	38.347
0.78	38.369
0.78	38.391
0.78	38.411
0.8	38.432
0.8	38.465
0.8	38.479
0.8	38.507
0.8	38.526
0.78	38.538
0.77	38.559
0.75	38.58
0.75	38.601
0.75	38.623
0.75	38.645
0.75	38.665
0.75	38.687
0.75	38.708
0.75	38.729
0.75	38.751
0.75	38.771
0.75	38.795
0.75	38.813
0.75	38.835
0.75	38.858
0.75	38.878
0.75	38.919
0.75	38.941
0.75	38.961
0.75	38.983
0.75	39.005
0.75	39.026
0.75	39.047
0.75	39.068
0.77	39.088
0.78	39.111
0.78	39.131
0.78	39.152
0.78	39.172
0.78	39.194
0.78	39.215
0.78	39.236
0.77	39.258
0.77	39.279
0.77	39.301
0.77	39.321
0.77	39.343
0.77	39.364
0.77	39.386
0.77	39.407
0.77	39.427
0.77	39.449
0.77	39.477
0.77	39.492
0.77	39.533
0.77	39.555
0.77	39.576
0.77	39.596
0.77	39.62
0.77	39.64
0.77	39.671
0.77	39.682
0.77	39.703
0.77	39.725
0.77	39.745
0.78	39.769
0.8	39.786
0.8	39.813
0.8	39.83
0.8	39.85
0.8	39.872
0.8	39.892
0.78	39.915
0.77	39.936
0.77	39.967
0.77	39.978
0.77	39.999
0.77	40.02
0.77	40.042
0.77	40.062
0.77	40.084
0.77	40.105
0.77	40.127
0.77	40.147
0.77	40.169
0.77	40.189
0.77	40.211
0.77	40.233
0.77	40.264
0.77	40.275
0.77	40.295
0.77	40.316
0.77	40.35
0.77	40.359
0.77	40.381
0.77	40.401
0.78	40.423
0.8	40.443
0.82	40.467
0.82	40.494
0.82	40.513
0.82	40.559
0.82	40.571
0.8	40.59
0.8	40.612
0.78	40.636
0.78	40.655
0.78	40.677
0.78	40.697
0.78	40.731
0.78	40.741
0.78	40.762
0.78	40.783
0.78	40.803
0.78	40.825
0.78	40.859
0.78	40.867
0.78	40.909
0.78	40.931
0.78	40.951
0.78	40.973
0.78	40.995
0.78	41.015
0.78	41.037
0.78	41.057
0.78	41.08
0.78	41.1
0.8	41.132
0.82	41.142
0.82	41.165
0.82	41.183
0.82	41.205
0.82	41.229
0.82	41.247
0.8	41.28
0.8	41.29
0.78	41.312
0.78	41.334
0.78	41.354
0.78	41.376
0.78	41.396
0.78	41.418
0.78	41.448
0.78	41.474
0.78	41.482
0.78	41.528
0.78	41.566
0.78	41.588
0.78	41.608
0.78	41.63
0.78	41.65
0.78	41.684
0.78	41.692
0.78	41.714
0.78	41.736
0.78	41.756
0.78	41.789
0.78	41.797
0.78	41.82
0.78	41.841
0.78	41.861
0.78	41.885
0.78	41.903
0.78	41.925
0.77	41.947
0.77	41.978
0.77	41.989
0.77	42.01
0.77	42.043
0.77	42.063
0.77	42.074
0.77	42.096
0.77	42.117
0.77	42.138
0.77	42.17
0.77	42.193
0.77	42.201
0.77	42.223
0.77	42.243
0.77	42.265
0.77	42.298
0.77	42.307
0.77	42.329
0.77	42.35
0.77	42.371
0.77	42.392
0.77	42.424
0.77	42.445
0.77	42.455
0.78	42.477
0.8	42.497
0.8	42.519
0.8	42.547
0.8	42.582
0.8	42.602
0.78	42.624
0.78	42.655
0.78	42.666
0.78	42.7
0.78	42.72
0.78	42.731
0.78	42.753
0.78	42.773
0.78	42.806
0.78	42.826
0.78	42.837
0.78	42.857
0.78	42.879
0.78	42.899
0.78	42.921
0.78	42.943
0.78	42.963
0.78	42.986
0.78	43.005
0.78	43.038
0.78	43.059
0.78	43.07
0.78	43.091
0.78	43.111
0.8	43.133
0.82	43.154
0.83	43.186
0.83	43.195
0.83	43.216
0.83	43.238
0.83	43.258
0.82	43.28
0.8	43.312
0.78	43.333
0.78	43.344
0.78	43.365
0.78	43.387
0.78	43.419
0.78	43.43
0.78	43.461
0.78	43.472
0.78	43.493
0.78	43.513
0.78	43.559
0.78	43.569
0.78	43.598
0.78	43.619
0.78	43.641
0.78	43.663
0.78	43.695
0.78	43.705
0.78	43.726
0.78	43.747
0.78	43.779
0.78	43.789
0.78	43.811
0.8	43.831
0.82	43.853
0.82	43.872
0.82	43.895
0.82	43.914
0.82	43.937
0.8	43.957
0.78	43.979
0.77	43.999
0.77	44.021
0.77	44.044
0.77	44.064
0.77	44.086
0.77	44.107
0.77	44.139
0.77	44.149
0.77	44.171
0.77	44.191
0.77	44.213
0.77	44.235
0.77	44.254
0.77	44.275
0.77	44.298
0.77	44.319
0.77	44.339
0.77	44.372
0.77	44.383
0.77	44.403
0.77	44.436
0.77	44.445
0.77	44.468
0.78	44.497
0.78	44.509
0.78	44.53
0.8	44.551
0.8	44.572
0.8	44.592
0.8	44.614
0.78	44.635
0.77	44.656
0.75	44.679
0.75	44.709
0.75	44.721
0.75	44.741
0.75	44.774
0.75	44.785
0.75	44.805
0.75	44.828
0.75	44.847
0.75	44.88
0.75	44.891
0.75	44.911
0.75	44.934
0.75	44.953
0.75	44.975
0.75	44.997
0.75	45.018
0.75	45.039
0.75	45.059
0.75	45.081
0.75	45.101
0.75	45.125
0.77	45.145
0.78	45.165
0.8	45.187
0.8	45.206
0.8	45.228
0.8	45.25
0.8	45.27
0.78	45.292
0.77	45.312
0.75	45.334
0.75	45.366
0.75	45.379
0.75	45.398
0.75	45.429
0.75	45.441
0.75	45.461
0.75	45.483
0.75	45.517
0.75	45.525
0.75	45.558
0.75	45.567
0.75	45.592
0.75	45.631
0.75	45.651
0.75	45.673
0.75	45.693
0.75	45.715
0.75	45.737
0.75	45.757
0.75	45.779
0.77	45.812
0.78	45.842
0.78	45.874
0.78	45.885
0.78	45.905
0.78	45.927
0.78	45.947
0.78	45.969
0.78	45.993
0.78	46.011
0.77	46.033
0.77	46.054
0.77	46.078
0.77	46.096
0.77	46.119
0.77	46.139
0.77	46.161
0.77	46.181
0.77	46.203
0.77	46.262
0.77	46.28
0.77	46.31
0.77	46.329
0.77	46.352
0.77	46.395
0.77	46.414
0.77	46.436
0.77	46.478
0.77	46.5
0.77	46.519
0.77	46.542
0.77	46.562
0.75	46.583
0.75	46.609
0.75	46.625
0.75	46.656
0.75	46.668
0.77	46.688
0.78	46.71
0.8	46.733
0.8	46.753
0.8	46.786
0.8	46.795
0.8	46.829
0.8	46.837
0.8	46.86
0.8	46.891
0.8	46.902
0.8	46.923
0.8	46.954
0.8	46.965
0.8	46.987
0.8	47.008
0.8	47.028
0.8	47.061
0.8	47.081
0.8	47.103
0.8	47.114
0.8	47.134
0.8	47.167
0.8	47.186
0.8	47.198
0.78	47.219
0.78	47.239
0.78	47.261
0.78	47.291
0.78	47.303
0.78	47.334
0.78	47.356
0.78	47.367
0.8	47.387
0.8	47.422
0.8	47.431
0.8	47.473
0.8	47.495
0.8	47.515
0.8	47.537
0.8	47.559
0.8	47.58
0.8	47.6
0.8	47.631
0.8	47.664
0.8	47.684
0.8	47.706
0.8	47.729
0.8	47.748
0.8	47.769
0.8	47.791
0.8	47.811
0.8	47.85
0.8	47.886
0.78	47.895
0.78	47.916
0.78	47.938
0.78	47.96
0.78	47.98
0.78	48.002
0.78	48.034
0.78	48.045
0.78	48.077
0.78	48.087
0.78	48.108
0.78	48.13
0.78	48.15
0.78	48.183
0.78	48.194
0.78	48.215
0.78	48.235
0.78	48.257
0.78	48.289
0.78	48.298
0.78	48.321
0.78	48.342
0.78	48.363
0.78	48.383
0.78	48.405
0.78	48.426
0.78	48.448
0.78	48.469
0.78	48.49
0.78	48.513
0.78	48.53
0.8	48.552
0.8	48.574
0.8	48.596
0.8	48.616
0.8	48.642
0.82	48.657
0.83	48.679
0.83	48.712
0.83	48.732
0.83	48.754
0.83	48.764
0.83	48.786
0.83	48.806
0.83	48.829
0.83	48.862
0.83	48.87
0.83	48.892
0.83	48.912
0.83	48.934
0.83	48.956
0.83	48.986
0.83	48.998
0.83	49.018
0.83	49.041
0.83	49.06
0.83	49.082
0.83	49.104
0.83	49.125
0.83	49.145
0.85	49.168
0.87	49.187
0.88	49.208
0.9	49.23
0.92	49.251
0.93	49.273
0.92	49.292
0.9	49.314
0.88	49.336
0.87	49.356
0.85	49.379
0.85	49.398
0.85	49.431
0.85	49.443
0.85	49.463
0.85	49.498
0.85	49.509
0.85	49.549
0.85	49.569
0.85	49.591
0.85	49.623
0.85	49.633
0.85	49.662
0.85	49.674
0.85	49.696
0.85	49.717
0.85	49.739
0.85	49.76
0.85	49.781
0.85	49.805
0.85	49.823
0.85	49.849
0.87	49.897
0.88	49.907
0.9	49.928
0.92	49.949
0.92	49.972
0.92	49.993
0.9	50.012
0.88	50.045
0.87	50.055
0.85	50.078
0.85	50.097
0.85	50.119
0.85	50.15
0.85	50.173
0.85	50.184
0.85	50.203
0.85	50.225
0.85	50.246
0.85	50.278
0.85	50.3
0.85	50.31
0.85	50.332
0.85	50.353
0.85	50.374
0.85	50.394
0.85	50.417
0.85	50.437
0.85	50.459
0.85	50.48
0.85	50.5
0.85	50.522
0.85	50.544
0.85	50.575
0.85	50.586
0.87	50.617
0.88	50.628
0.9	50.65
0.92	50.675
0.93	50.712
0.92	50.744
0.9	50.753
0.88	50.777
0.88	50.797
0.88	50.817
0.87	50.84
0.87	50.86
0.87	50.882
0.87	50.902
0.87	50.924
0.87	50.946
0.87	50.966
0.87	50.988
0.87	51.008
0.87	51.031
0.87	51.05
0.87	51.072
0.87	51.094
0.87	51.114
0.87	51.136
0.87	51.158
0.87	51.179
0.87	51.198
0.87	51.221
0.87	51.242
0.87	51.263
0.87	51.285
0.88	51.305
0.9	51.327
0.92	51.347
0.93	51.369
0.93	51.389
0.92	51.41
0.9	51.43
0.88	51.452
0.87	51.474
0.85	51.504
0.83	51.526
0.82	51.537
0.8	51.558
0.8	51.581
0.8	51.612
0.8	51.623
0.8	51.643
0.8	51.665
0.8	51.69
0.8	51.707
0.8	51.729
0.8	51.75
0.8	51.77
0.8	51.791
0.8	51.814
0.8	51.834
0.8	51.855
0.8	51.889
0.8	51.908
0.8	51.919
0.8	51.939
0.8	51.962
0.8	51.993
0.82	52.004
0.83	52.024
0.85	52.045
0.85	52.067
0.85	52.088
0.87	52.11
0.85	52.13
0.83	52.15
0.82	52.174
0.8	52.192
0.78	52.215
0.77	52.236
0.75	52.257
0.75	52.279
0.75	52.323
0.75	52.343
0.75	52.364
0.75	52.395
0.75	52.406
0.75	52.428
0.75	52.448
0.75	52.482
0.75	52.49
0.75	52.522
0.75	52.533
0.75	52.555
0.75	52.576
0.75	52.596
0.75	52.618
0.75	52.638
0.75	52.671
0.75	52.681
0.77	52.708
0.78	52.745
0.8	52.766
0.82	52.788
0.83	52.808
0.83	52.828
0.83	52.85
0.83	52.87
0.82	52.892
0.8	52.914
0.8	52.935
0.78	52.956
0.78	52.976
0.78	52.999
0.78	53.019
0.78	53.041
0.78	53.064
0.78	53.084
0.78	53.104
0.78	53.126
0.78	53.148
0.78	53.168
0.78	53.19
0.78	53.21
0.78	53.231
0.78	53.265
0.78	53.275
0.78	53.295
0.78	53.317
0.78	53.337
0.78	53.359
0.78	53.382
0.78	53.4
0.78	53.422
0.8	53.453
0.82	53.464
0.83	53.485
0.85	53.506
0.85	53.537
0.85	53.548
0.85	53.58
0.83	53.59
0.82	53.612
0.8	53.632
0.8	53.659
0.8	53.698
0.8	53.726
0.8	53.74
0.8	53.762
0.8	53.802
0.8	53.825
0.8	53.845
0.8	53.866
0.8	53.89
0.8	53.92
0.8	53.931
0.8	53.951
0.8	53.982
0.8	54.006
0.8	54.014
0.8	54.036
0.8	54.057
0.8	54.079
0.8	54.113
0.8	54.123
0.82	54.162
0.83	54.184
0.83	54.215
0.83	54.225
0.83	54.247
0.82	54.267
0.82	54.289
0.8	54.311
0.78	54.331
0.78	54.364
0.77	54.373
0.77	54.396
0.77	54.417
0.77	54.439
0.77	54.46
0.77	54.48
0.77	54.502
0.77	54.523
0.77	54.543
0.77	54.566
0.77	54.586
0.77	54.608
0.77	54.628
0.77	54.65
0.77	54.67
0.77	54.693
0.77	54.713
0.77	54.745
0.77	54.776
0.77	54.808
0.77	54.82
0.77	54.84
0.77	54.872
0.78	54.881
0.78	54.905
0.78	54.923
0.78	54.945
0.78	54.967
0.78	54.988
0.77	55.009
0.75	55.029
0.75	55.053
0.75	55.086
0.75	55.094
0.75	55.116
0.75	55.136
0.75	55.158
0.75	55.18
0.75	55.2
0.75	55.222
0.75	55.242
0.75	55.264
0.75	55.284
0.75	55.306
0.75	55.328
0.75	55.348
0.75	55.37
0.75	55.39
0.75	55.413
0.75	55.433
0.75	55.455
0.75	55.476
0.77	55.496
0.78	55.517
0.8	55.539
0.82	55.572
0.82	55.58
0.82	55.602
0.82	55.622
0.8	55.644
0.8	55.664
0.78	55.688
0.77	55.707
0.77	55.729
0.77	55.755
0.77	55.772
0.77	55.794
0.77	55.815
0.77	55.836
0.77	55.862
0.77	55.877
0.77	55.899
0.77	55.922
0.77	55.953
0.77	55.984
0.77	56.006
0.77	56.026
0.77	56.059
0.77	56.07
0.77	56.09
0.77	56.113
0.77	56.132
0.77	56.154
0.77	56.187
0.78	56.207
0.8	56.218
0.82	56.237
0.82	56.26
0.82	56.279
0.82	56.301
0.82	56.323
0.8	56.343
0.78	56.365
0.77	56.385
0.75	56.417
0.75	56.427
0.75	56.45
0.75	56.472
0.75	56.492
0.75	56.516
0.75	56.534
0.75	56.556
0.75	56.589
0.75	56.598
0.75	56.62
0.75	56.64
0.75	56.662
0.75	56.684
0.75	56.704
0.75	56.726
0.75	56.746
0.75	56.779
0.75	56.81
0.75	56.852
0.75	56.873
0.75	56.896
0.77	56.914
0.78	56.936
0.78	56.957
0.78	56.979
0.78	56.999
0.78	57.021
0.78	57.043
0.77	57.073
0.75	57.085
0.75	57.105
0.75	57.127
0.75	57.158
0.75	57.17
0.75	57.203
0.75	57.223
0.75	57.234
0.75	57.254
0.75	57.276
0.75	57.296
0.75	57.317
0.75	57.34
0.75	57.36
0.75	57.384
0.75	57.402
0.75	57.424
0.75	57.455
0.75	57.467
0.75	57.487
0.75	57.509
0.75	57.541
0.75	57.55
0.77	57.572
0.78	57.604
0.8	57.613
0.8	57.635
0.8	57.655
0.8	57.687
0.8	57.699
0.8	57.729
0.78	57.752
0.77	57.772
0.75	57.788
0.75	57.805
0.75	57.826
0.75	57.864
0.75	57.872
0.75	57.911
0.75	57.944
0.75	57.953
0.75	57.986
0.75	57.995
0.75	58.017
0.75	58.037
0.75	58.059
0.75	58.081
0.75	58.102
0.75	58.123
0.75	58.143
0.75	58.165
0.75	58.185
0.75	58.218
0.75	58.229
0.77	58.249
0.78	58.272
0.8	58.291
0.82	58.312
0.82	58.334
0.82	58.354
0.82	58.386
0.8	58.396
0.78	58.419
0.77	58.44
0.77	58.461
0.77	58.483
0.77	58.503
0.77	58.527
0.77	58.545
0.77	58.567
0.77	58.589
0.77	58.61
0.77	58.632
0.77	58.652
0.77	58.674
0.77	58.694
0.77	58.716
0.77	58.736
0.77	58.758
0.77	58.778
0.77	58.808
0.77	58.821
0.77	58.842
0.77	58.882
0.77	58.891
0.77	58.927
0.78	58.949
0.8	58.968
0.82	58.991
0.82	59.011
0.82	59.032
0.82	59.052
0.82	59.085
0.82	59.106
0.8	59.127
0.8	59.138
0.8	59.213
0.8	59.226
0.8	59.257
0.8	59.289
0.8	59.312
0.8	59.319
0.8	59.329
0.8	59.351
0.8	59.371
0.8	59.393
0.8	59.413
0.8	59.435
0.8	59.457
0.8	59.477
0.8	59.5
0.8	59.52
0.8	59.551
0.8	59.562
0.8	59.584
0.8	59.615
0.8	59.626
0.8	59.649
0.82	59.678
0.83	59.688
0.83	59.713
0.83	59.731
0.83	59.752
0.83	59.783
0.82	59.794
0.82	59.825
0.82	59.84
0.82	59.882
0.82	59.921
0.82	59.944
0.82	59.964
0.82	59.986
0.82	60.006
0.82	60.028
0.82	60.048
0.82	60.071
0.82	60.092
0.82	60.124
0.82	60.144
0.82	60.165
0.82	60.176
0.82	60.197
0.82	60.22
0.82	60.239
0.82	60.26
0.82	60.282
0.82	60.303
0.82	60.366
0.82	60.406
0.82	60.445
0.82	60.484
0.82	60.49
0.82	60.496
0.83	60.514
0.85	60.534
0.85	60.557
0.85	60.589
0.85	60.599
0.85	60.621
0.85	60.641
0.85	60.662
0.85	60.685
0.85	60.705
0.85	60.727
0.85	60.747
0.85	60.768
0.85	60.791
0.85	60.81
0.85	60.839
0.85	60.854
0.85	60.907
0.85	60.918
0.85	60.938
0.85	60.96
0.85	60.979
0.85	61.001
0.85	61.033
0.85	61.042
0.83	61.066
0.82	61.085
0.82	61.107
0.82	61.137
0.82	61.149
0.83	61.171
0.85	61.191
0.85	61.213
0.85	61.234
0.85	61.256
0.85	61.276
0.85	61.308
0.85	61.319
0.85	61.352
0.85	61.362
0.85	61.383
0.85	61.403
0.85	61.424
0.85	61.446
0.85	61.468
0.85	61.521
0.85	61.54
0.85	61.579
0.85	61.618
0.85	61.656
0.85	61.663
0.85	61.678
0.85	61.712
0.85	61.721
0.85	61.742
0.83	61.772
0.83	61.784
0.83	61.804
0.83	61.828
0.85	61.859
0.85	61.879
0.85	61.911
0.85	61.934
0.85	61.953
0.85	61.987
0.85	61.996
0.85	62.018
0.85	62.049
0.85	62.07
0.85	62.083
0.85	62.103
0.85	62.123
0.85	62.158
0.85	62.167
0.85	62.209
0.85	62.23
0.85	62.249
0.85	62.283
0.85	62.292
0.85	62.314
0.85	62.338
0.85	62.379
0.85	62.398
0.85	62.431
0.83	62.44
0.83	62.462
0.83	62.492
0.83	62.506
0.83	62.535
0.83	62.546
0.83	62.567
0.83	62.589
0.83	62.61
0.83	62.632
0.83	62.652
0.83	62.674
0.83	62.733
0.83	62.773
0.83	62.813
0.83	62.831
0.83	62.838
0.83	62.845
0.83	62.872
0.83	62.887
0.83	62.928
0.83	62.949
0.83	62.971
0.83	62.992
0.83	63.012
0.83	63.034
0.83	63.055
0.83	63.074
0.83	63.097
0.82	63.118
0.8	63.139
0.8	63.159
0.8	63.181
0.8	63.203
0.82	63.233
0.8	63.245
0.8	63.266
0.8	63.287
0.8	63.31
0.8	63.331
0.8	63.353
0.8	63.373
0.8	63.394
0.8	63.414
0.8	63.436
0.8	63.458
0.8	63.478
0.8	63.499
0.8	63.523
0.8	63.541
0.8	63.565
0.8	63.585
0.8	63.605
0.8	63.639
0.8	63.658
0.8	63.678
0.78	63.7
0.77	63.711
0.75	63.731
0.73	63.755
0.73	63.773
0.75	63.795
0.77	63.816
0.78	63.884
0.8	63.922
0.82	63.954
0.82	64.006
0.82	64.013
0.82	64.039
0.82	64.061
0.82	64.072
0.82	64.092
0.82	64.114
0.82	64.134
0.82	64.155
0.82	64.175
0.8	64.198
0.78	64.218
0.77	64.24
0.75	64.26
0.73	64.281
0.73	64.303
0.73	64.325
0.73	64.347
0.73	64.367
0.73	64.388
0.73	64.41
0.73	64.432
0.73	64.465
0.75	64.473
0.77	64.497
0.78	64.515
0.8	64.537
0.82	64.559
0.82	64.58
0.83	64.6
0.83	64.622
0.83	64.642
0.83	64.665
0.83	64.695
0.82	64.706
0.8	64.726
0.78	64.748
0.77	64.768
0.75	64.801
0.75	64.812
0.75	64.833
0.75	64.854
0.75	64.876
0.75	64.92
0.75	64.928
0.75	64.96
0.75	64.982
0.75	65.013
0.75	65.024
0.75	65.044
0.77	65.066
0.78	65.088
0.8	65.119
0.82	65.13
0.83	65.15
0.83	65.171
0.83	65.203
0.82	65.213
0.8	65.246
0.78	65.266
0.77	65.279
0.75	65.299
0.73	65.319
0.73	65.343
0.73	65.362
0.73	65.384
0.73	65.404
0.73	65.426
0.73	65.459
0.73	65.468
0.75	65.489
0.77	65.51
0.78	65.544
0.8	65.554
0.82	65.575
0.82	65.597
0.82	65.615
0.82	65.637
0.82	65.658
0.82	65.68
0.82	65.702
0.82	65.733
0.82	65.743
0.8	65.763
0.78	65.796
0.77	65.807
0.75	65.828
0.73	65.849
0.73	65.886
0.73	65.895
0.73	65.943
0.73	65.978
0.73	66.01
0.73	66.02
0.75	66.04
0.77	66.062
0.78	66.094
0.8	66.104
0.82	66.124
0.82	66.146
0.82	66.168
0.82	66.189
0.82	66.221
0.82	66.23
0.82	66.251
0.82	66.271
0.8	66.293
0.78	66.315
0.77	66.337
0.75	66.368
0.73	66.379
0.73	66.41
0.73	66.432
0.73	66.442
0.73	66.464
0.73	66.496
0.73	66.506
0.75	66.526
0.77	66.548
0.78	66.57
0.8	66.602
0.82	66.612
0.83	66.634
0.83	66.654
0.83	66.688
0.83	66.698
0.83	66.738
0.83	66.759
0.83	66.781
0.83	66.811
0.82	66.823
0.8	66.843
0.78	66.865
0.77	66.896
0.75	66.907
0.73	66.937
0.73	66.951
0.73	66.992
0.73	67.016
0.73	67.034
0.73	67.057
0.73	67.078
0.73	67.099
0.75	67.122
0.77	67.14
0.78	67.162
0.8	67.195
0.82	67.204
0.82	67.225
0.82	67.247
0.82	67.267
0.82	67.298
0.82	67.31
0.82	67.331
0.82	67.351
0.8	67.374
0.78	67.393
0.77	67.415
0.75	67.448
0.73	67.457
0.73	67.48
0.73	67.5
0.73	67.522
0.73	67.544
0.73	67.564
0.73	67.586
0.75	67.606
0.77	67.628
0.78	67.65
0.8	67.67
0.82	67.692
0.82	67.712
0.82	67.734
0.82	67.754
0.82	67.776
0.82	67.798
0.82	67.819
0.82	67.839
0.82	67.86
0.8	67.88
0.78	67.901
0.77	67.923
0.75	67.947
0.73	67.974
0.72	68.007
0.72	68.03
0.72	68.052
0.72	68.072
0.72	68.093
0.72	68.126
0.73	68.135
0.75	68.157
0.77	68.179
0.78	68.199
0.8	68.232
0.82	68.241
0.82	68.262
0.82	68.284
0.82	68.306
0.82	68.326
0.82	68.347
0.82	68.379
0.82	68.388
0.82	68.409
0.8	68.431
0.78	68.453
0.77	68.473
0.75	68.495
0.73	68.526
0.72	68.537
0.7	68.569
0.7	68.58
0.7	68.601
0.7	68.623
0.7	68.643
0.72	68.676
0.73	68.687
0.75	68.707
0.77	68.729
0.78	68.75
0.78	68.784
0.78	68.795
0.78	68.834
0.78	68.856
0.78	68.877
0.78	68.897
0.78	68.93
0.78	68.941
0.77	68.96
0.75	69
0.73	69.023
0.72	69.056
0.7	69.078
0.68	69.098
0.68	69.109
0.68	69.13
0.68	69.154
0.68	69.195
0.68	69.215
0.7	69.237
0.72	69.259
0.73	69.29
0.75	69.301
0.77	69.322
0.78	69.343
0.78	69.364
0.78	69.384
0.78	69.406
0.78	69.427
0.78	69.449
0.78	69.469
0.78	69.49
0.78	69.512
0.77	69.554
0.75	69.574
0.73	69.607
0.72	69.616
0.7	69.638
0.7	69.66
0.7	69.682
0.7	69.713
0.7	69.723
0.7	69.745
0.7	69.765
0.72	69.798
0.73	69.82
0.75	69.83
0.77	69.85
0.78	69.872
0.8	69.894
0.82	69.915
0.82	69.935
0.82	69.957
0.82	69.976
0.82	70
0.82	70.02
0.82	70.043
0.8	70.061
0.78	70.083
0.77	70.103
0.75	70.125
0.73	70.145
0.72	70.167
0.72	70.189
0.72	70.22
0.72	70.231
0.72	70.262
0.72	70.274
0.73	70.296
0.75	70.316
0.77	70.337
0.78	70.359
0.8	70.379
0.82	70.4
0.82	70.423
0.82	70.443
0.82	70.464
0.82	70.485
0.82	70.507
0.82	70.527
0.82	70.548
0.82	70.57
0.8	70.59
0.78	70.622
0.77	70.634
0.75	70.654
0.73	70.676
0.72	70.696
0.72	70.718
0.72	70.738
0.72	70.761
0.72	70.794
0.72	70.802
0.73	70.825
0.75	70.846
0.77	70.866
0.78	70.888
0.8	70.909
0.8	70.93
0.8	70.953
0.8	70.972
0.8	70.993
0.8	71.019
0.8	71.037
0.8	71.057
0.8	71.077
0.8	71.111
0.8	71.119
0.8	71.141
0.78	71.174
0.77	71.194
0.75	71.205
0.73	71.225
0.72	71.248
0.7	71.267
0.7	71.29
0.7	71.31
0.72	71.333
0.73	71.354
0.75	71.374
0.77	71.396
0.78	71.417
0.8	71.439
0.8	71.459
0.8	71.481
0.8	71.501
0.8	71.523
0.8	71.544
0.8	71.565
0.8	71.585
0.8	71.618
0.8	71.629
0.8	71.648
0.8	71.671
0.78	71.691
0.77	71.722
0.75	71.734
0.73	71.754
0.72	71.776
0.72	71.798
0.72	71.818
0.72	71.84
0.73	71.872
0.75	71.882
0.77	71.909
0.78	71.926
0.8	71.945
0.82	71.967
0.82	71.987
0.82	72.01
0.82	72.039
0.82	72.074
0.82	72.094
0.82	72.115
0.82	72.136
0.82	72.158
0.82	72.181
0.82	72.2
0.82	72.221
0.82	72.241
0.8	72.265
0.78	72.286
0.77	72.305
0.75	72.327
0.75	72.35
0.75	72.369
0.75	72.391
0.75	72.411
0.75	72.433
0.77	72.455
0.78	72.474
0.8	72.497
0.82	72.519
0.83	72.538
0.85	72.561
0.85	72.581
0.85	72.603
0.85	72.623
0.85	72.645
0.85	72.666
0.85	72.687
0.85	72.708
0.85	72.729
0.85	72.75
0.83	72.77
0.82	72.792
0.8	72.814
0.78	72.834
0.77	72.856
0.75	72.877
0.73	72.899
0.73	72.92
0.73	72.941
0.73	72.963
0.75	72.983
0.77	73.004
0.78	73.027
0.8	73.052
0.82	73.068
0.82	73.09
0.82	73.112
0.82	73.139
0.82	73.185
0.82	73.196
0.82	73.227
0.82	73.239
0.82	73.258
0.82	73.279
0.82	73.301
0.8	73.322
0.78	73.342
0.77	73.364
0.75	73.395
0.73	73.407
0.73	73.429
0.72	73.449
0.72	73.472
0.72	73.494
0.72	73.514
0.72	73.535
0.73	73.556
0.75	73.578
0.77	73.601
0.78	73.619
0.78	73.652
0.78	73.662
0.78	73.704
0.78	73.725
0.78	73.758
0.78	73.767
0.78	73.789
0.78	73.811
0.78	73.831
0.78	73.852
0.77	73.884
0.75	73.894
0.73	73.919
0.72	73.957
0.72	73.979
0.72	74.011
0.72	74.021
0.72	74.043
0.72	74.072
0.72	74.085
0.73	74.106
0.75	74.127
0.77	74.149
0.78	74.171
0.8	74.191
0.82	74.212
0.83	74.235
0.83	74.255
0.83	74.275
0.83	74.297
0.83	74.317
0.83	74.351
0.83	74.359
0.83	74.38
0.82	74.413
0.8	74.424
0.78	74.444
0.77	74.466
0.75	74.486
0.73	74.508
0.73	74.541
0.73	74.551
0.73	74.573
0.73	74.593
0.73	74.615
0.75	74.636
0.77	74.658
0.78	74.679
0.8	74.699
0.82	74.72
0.82	74.742
0.83	74.762
0.83	74.785
0.83	74.805
0.83	74.828
0.83	74.846
0.83	74.868
0.83	74.89
0.83	74.923
0.82	74.943
0.8	74.953
0.78	74.973
0.77	75.008
0.75	75.017
0.75	75.04
0.75	75.059
0.75	75.082
0.75	75.102
0.75	75.121
0.75	75.144
0.77	75.165
0.78	75.187
0.8	75.206
0.82	75.228
0.82	75.25
0.82	75.272
0.82	75.292
0.82	75.314
0.82	75.333
0.82	75.355
0.82	75.379
0.82	75.398
0.82	75.42
0.82	75.439
0.82	75.46
0.8	75.482
0.78	75.504
0.77	75.524
0.75	75.546
0.75	75.566
0.75	75.588
0.75	75.609
0.75	75.643
0.75	75.651
0.77	75.673
0.78	75.693
0.8	75.715
0.82	75.735
0.83	75.758
0.85	75.779
0.85	75.8
0.85	75.821
0.85	75.843
0.85	75.863
0.85	75.884
0.85	75.905
0.85	75.926
0.85	75.948
0.85	75.969
0.85	75.989
0.83	76.012
0.82	76.032
0.8	76.054
0.78	76.084
0.78	76.1
0.78	76.116
0.78	76.138
0.78	76.16
0.78	76.18
0.8	76.213
0.82	76.223
0.83	76.243
0.85	76.278
0.87	76.287
0.87	76.308
0.87	76.328
0.87	76.351
0.87	76.372
0.87	76.394
0.87	76.425
0.87	76.446
0.87	76.467
0.87	76.476
0.87	76.499
0.87	76.53
0.85	76.54
0.83	76.571
0.82	76.594
0.8	76.613
0.8	76.625
0.8	76.647
0.8	76.667
0.8	76.688
0.8	76.71
0.8	76.73
0.82	76.754
0.83	76.774
0.85	76.796
0.87	76.815
0.87	76.838
0.87	76.857
0.87	76.881
0.87	76.901
0.87	76.935
0.87	76.944
0.87	76.984
0.87	77.007
0.87	77.029
0.87	77.048
0.85	77.07
0.83	77.092
0.82	77.114
0.8	77.15
0.8	77.187
0.8	77.196
0.8	77.218
0.8	77.238
0.8	77.261
0.8	77.282
0.8	77.302
0.82	77.325
0.83	77.347
0.85	77.366
0.87	77.388
0.87	77.408
0.87	77.431
0.87	77.451
0.87	77.472
0.87	77.494
0.87	77.514
0.87	77.547
0.87	77.568
0.87	77.578
0.87	77.598
0.85	77.62
0.83	77.642
0.82	77.662
0.8	77.695
0.8	77.704
0.8	77.726
0.8	77.749
0.8	77.769
0.8	77.79
0.8	77.811
0.8	77.831
0.82	77.854
0.83	77.876
0.85	77.896
0.87	77.923
0.87	77.938
0.87	77.96
0.87	77.993
0.87	78.002
0.87	78.023
0.87	78.043
0.87	78.065
0.87	78.087
0.87	78.107
0.87	78.133
0.85	78.15
0.83	78.18
0.82	78.203
0.82	78.214
0.82	78.235
0.82	78.258
0.82	78.276
0.82	78.298
0.82	78.319
0.82	78.34
0.83	78.361
0.85	78.384
0.87	78.403
0.88	78.424
0.88	78.447
0.88	78.467
0.88	78.489
0.88	78.511
0.88	78.533
0.88	78.552
0.88	78.573
0.88	78.594
0.88	78.616
0.88	78.649
0.88	78.657
0.87	78.679
0.85	78.699
0.83	78.721
0.82	78.741
0.8	78.763
0.78	78.785
0.78	78.805
0.78	78.827
0.78	78.85
0.78	78.87
0.8	78.891
0.82	78.912
0.83	78.932
0.85	78.955
0.85	78.974
0.85	78.997
0.85	79.018
0.85	79.04
0.85	79.059
0.85	79.081
0.85	79.104
0.85	79.125
0.85	79.147
0.85	79.166
0.85	79.187
0.83	79.207
0.82	79.24
0.8	79.251
0.78	79.271
0.77	79.293
0.77	79.314
0.77	79.345
0.77	79.356
0.77	79.378
0.77	79.399
0.78	79.426
0.8	79.441
0.82	79.463
0.82	79.483
0.82	79.505
0.82	79.527
0.82	79.546
0.82	79.57
0.82	79.589
0.82	79.611
0.82	79.635
0.82	79.653
0.82	79.675
0.82	79.707
0.82	79.725
0.82	79.737
0.8	79.758
0.78	79.78
0.77	79.8
0.75	79.821
0.75	79.843
0.75	79.864
0.75	79.886
0.75	79.906
0.75	79.947
0.77	79.965
0.78	80.012
0.8	80.033
0.82	80.066
0.83	80.075
0.85	80.097
0.85	80.119
0.85	80.139
0.85	80.168
0.85	80.184
0.85	80.244
0.85	80.266
0.83	80.288
0.82	80.308
0.8	80.33
0.78	80.352
0.78	80.372
0.78	80.395
0.78	80.414
0.78	80.438
0.78	80.457
0.78	80.49
0.78	80.501
0.78	80.532
0.78	80.554
0.8	80.563
0.82	80.585
0.83	80.607
0.85	80.628
0.87	80.648
0.87	80.669
0.87	80.691
0.87	80.711
0.87	80.744
0.87	80.766
0.87	80.789
0.87	80.817
0.85	80.849
0.83	80.859
0.82	80.881
0.8	80.903
0.8	80.923
0.8	80.943
0.8	80.965
0.8	80.988
0.8	81.009
0.8	81.029
0.8	81.051
0.8	81.072
0.8	81.092
0.8	81.127
0.82	81.149
0.83	81.158
0.85	81.2
0.87	81.22
0.87	81.244
0.87	81.262
0.87	81.284
0.87	81.303
0.87	81.324
0.85	81.346
0.83	81.368
0.82	81.388
0.8	81.411
0.78	81.441
0.78	81.452
0.78	81.475
0.78	81.495
0.78	81.517
0.78	81.537
0.78	81.571
0.78	81.581
0.8	81.601
0.82	81.622
0.83	81.644
0.85	81.665
0.85	81.685
0.85	81.707
0.85	81.741
0.85	81.749
0.85	81.771
0.85	81.792
0.85	81.812
0.85	81.833
0.85	81.855
0.83	81.875
0.82	81.897
0.8	81.924
0.78	81.96
0.78	81.982
0.78	82.005
0.78	82.025
0.78	82.046
0.78	82.066
0.78	82.088
0.78	82.11
0.78	82.13
0.8	82.151
0.82	82.173
0.83	82.204
0.85	82.236
0.85	82.257
0.85	82.278
0.85	82.311
0.85	82.331
0.85	82.341
0.85	82.377
0.85	82.385
0.83	82.425
0.82	82.446
0.8	82.468
0.78	82.491
0.78	82.521
0.78	82.533
0.78	82.564
0.78	82.585
0.78	82.595
0.78	82.618
0.78	82.638
0.78	82.659
0.8	82.68
0.82	82.702
0.83	82.724
0.85	82.746
0.87	82.764
0.87	82.787
0.87	82.807
0.87	82.828
0.87	82.85
0.87	82.873
0.87	82.891
0.87	82.924
0.85	82.934
0.83	82.957
0.82	82.976
0.8	83.009
0.78	83.018
0.78	83.04
0.78	83.062
0.78	83.085
0.78	83.105
0.78	83.125
0.78	83.146
0.78	83.168
0.78	83.2
0.8	83.218
0.82	83.231
0.83	83.253
0.85	83.285
0.85	83.295
0.85	83.325
0.85	83.336
0.85	83.368
0.85	83.391
0.85	83.399
0.85	83.434
0.85	83.445
0.83	83.463
0.82	83.485
0.8	83.507
0.78	83.527
0.77	83.547
0.77	83.569
0.77	83.591
0.77	83.612
0.77	83.634
0.77	83.664
0.77	83.678
0.78	83.696
0.8	83.718
0.82	83.739
0.83	83.761
0.83	83.781
0.83	83.803
0.83	83.825
0.83	83.844
0.83	83.867
0.83	83.888
0.83	83.909
0.83	83.928
0.83	83.962
0.83	83.972
0.82	84.003
0.8	84.013
0.78	84.045
0.77	84.055
0.75	84.077
0.73	84.099
0.73	84.119
0.73	84.141
0.73	84.161
0.73	84.185
0.75	84.205
0.77	84.237
0.78	84.28
0.8	84.289
0.82	84.31
0.82	84.331
0.82	84.354
0.82	84.374
0.82	84.406
0.82	84.418
0.82	84.439
0.82	84.458
0.82	84.48
0.82	84.501
0.8	84.521
0.78	84.549
0.77	84.585
0.75	84.607
0.73	84.627
0.73	84.649
0.73	84.683
0.73	84.694
0.73	84.735
0.73	84.767
0.73	84.776
0.75	84.81
0.77	84.819
0.78	84.841
0.8	84.861
0.82	84.883
0.82	84.903
0.82	84.924
0.82	84.946
0.82	84.968
0.82	84.989
0.82	85.008
0.82	85.029
0.82	85.051
0.8	85.073
0.78	85.093
0.77	85.125
0.75	85.145
0.75	85.157
0.75	85.178
0.75	85.2
0.75	85.222
0.75	85.249
0.75	85.267
0.75	85.305
0.75	85.327
0.77	85.362
0.78	85.371
0.8	85.411
0.82	85.432
0.83	85.456
0.85	85.476
0.85	85.497
0.85	85.539
0.85	85.56
0.85	85.581
0.83	85.602
0.82	85.622
0.8	85.644
0.78	85.673
0.77	85.687
0.77	85.708
0.77	85.728
0.77	85.75
0.77	85.77
0.77	85.795
0.77	85.814
0.77	85.836
0.77	85.858
0.77	85.888
0.78	85.897
0.8	85.919
0.82	85.948
0.83	85.962
0.85	85.984
0.85	86.004
0.85	86.025
0.85	86.047
0.85	86.069
0.85	86.088
0.85	86.11
0.83	86.13
0.82	86.163
0.8	86.174
0.78	86.194
0.77	86.227
0.75	86.236
0.75	86.266
0.75	86.283
0.75	86.324
0.75	86.343
0.75	86.365
0.75	86.385
0.75	86.406
0.77	86.428
0.78	86.45
0.8	86.482
0.82	86.491
0.82	86.513
0.82	86.546
0.82	86.555
0.82	86.577
0.82	86.596
0.82	86.617
0.82	86.639
0.8	86.66
0.78	86.681
0.77	86.703
0.75	86.723
0.73	86.755
0.72	86.765
0.72	86.799
0.72	86.81
0.72	86.831
0.72	86.851
0.72	86.883
0.73	86.893
0.75	86.915
0.77	86.935
0.78	86.957
0.8	86.98
0.8	87
0.8	87.019
0.8	87.042
0.8	87.063
0.8	87.086
0.8	87.105
0.8	87.129
0.8	87.147
0.8	87.168
0.78	87.201
0.77	87.211
0.75	87.234
0.73	87.253
0.72	87.281
0.72	87.296
0.72	87.337
0.72	87.359
0.72	87.381
0.72	87.413
0.72	87.423
0.73	87.443
0.75	87.466
0.77	87.501
0.78	87.523
0.8	87.553
0.82	87.583
0.82	87.592
0.82	87.613
0.82	87.644
0.82	87.667
0.82	87.689
0.82	87.697
0.82	87.718
0.8	87.74
0.78	87.76
0.77	87.781
0.75	87.804
0.73	87.824
0.72	87.846
0.72	87.867
0.72	87.89
0.72	87.911
0.72	87.931
0.72	87.958
0.73	87.986
0.75	87.994
0.77	88.028
0.78	88.038
0.8	88.058
0.82	88.08
0.82	88.113
0.82	88.122
0.82	88.153
0.82	88.164
0.82	88.186
0.82	88.205
0.82	88.227
0.82	88.247
0.8	88.269
0.78	88.291
0.77	88.319
0.75	88.354
0.75	88.385
0.75	88.396
0.75	88.419
0.75	88.45
0.75	88.463
0.75	88.481
0.75	88.515
0.77	88.524
0.78	88.544
0.8	88.578
0.82	88.597
0.83	88.608
0.83	88.629
0.83	88.651
0.83	88.673
0.83	88.704
0.83	88.715
0.83	88.735
0.83	88.756
0.83	88.778
0.82	88.8
0.8	88.819
0.78	88.851
0.77	88.861
0.75	88.892
0.75	88.904
0.75	88.926
0.75	88.946
0.75	88.98
0.75	88.989
0.75	89.011
0.77	89.032
0.78	89.066
0.8	89.076
0.82	89.116
0.83	89.138
0.85	89.16
0.85	89.18
0.85	89.202
0.85	89.233
0.85	89.244
0.85	89.264
0.85	89.285
0.85	89.315
0.83	89.329
0.82	89.381
0.8	89.403
0.78	89.422
0.78	89.445
0.78	89.454
0.78	89.488
0.78	89.498
0.78	89.531
0.78	89.541
0.78	89.561
0.78	89.583
0.8	89.614
0.82	89.625
0.83	89.659
0.85	89.666
0.85	89.689
0.85	89.714
0.85	89.73
0.85	89.751
0.85	89.772
0.85	89.794
0.85	89.816
0.83	89.836
0.82	89.856
0.8	89.888
0.78	89.899
0.77	89.921
0.75	89.941
0.75	89.963
0.75	89.983
0.75	90.005
0.75	90.027
0.75	90.049
0.75	90.08
0.75	90.091
0.77	90.112
0.78	90.134
0.8	90.154
0.82	90.175
0.83	90.207
0.83	90.217
0.83	90.239
0.83	90.26
0.83	90.282
0.83	90.302
0.83	90.325
0.83	90.366
0.83	90.387
0.82	90.407
0.8	90.429
0.78	90.449
0.77	90.471
0.77	90.491
0.77	90.513
0.77	90.536
0.77	90.555
0.77	90.578
0.77	90.598
0.77	90.619
0.78	90.653
0.8	90.672
0.82	90.683
0.83	90.704
0.83	90.726
0.83	90.759
0.83	90.768
0.83	90.789
0.83	90.81
0.83	90.843
0.83	90.853
0.83	90.874
0.83	90.896
0.83	90.926
0.82	90.938
0.8	90.958
0.78	90.98
0.77	91.001
0.77	91.034
0.75	91.043
0.75	91.066
0.75	91.086
0.75	91.107
0.77	91.129
0.78	91.15
0.8	91.171
0.82	91.193
0.83	91.213
0.85	91.234
0.85	91.257
0.85	91.278
0.85	91.298
0.85	91.32
0.85	91.349
0.85	91.364
0.85	91.404
0.85	91.425
0.85	91.445
0.83	91.466
0.82	91.488
0.8	91.51
0.78	91.54
0.78	91.552
0.78	91.574
0.78	91.593
0.78	91.617
0.78	91.638
0.78	91.658
0.78	91.681
0.8	91.7
0.82	91.721
0.83	91.755
0.85	91.764
0.85	91.806
0.85	91.828
0.85	91.848
0.85	91.871
0.85	91.891
0.85	91.912
0.85	91.943
0.85	91.971
0.85	91.979
0.83	92.018
0.82	92.038
0.8	92.06
0.78	92.082
0.78	92.102
0.78	92.125
0.78	92.145
0.78	92.166
0.78	92.186
0.78	92.209
0.78	92.228
0.78	92.263
0.8	92.272
0.82	92.295
0.83	92.314
0.85	92.336
0.85	92.368
0.87	92.383
0.87	92.42
0.87	92.441
0.87	92.481
0.87	92.491
0.87	92.525
0.85	92.547
0.83	92.567
0.82	92.589
0.8	92.611
0.8	92.631
0.8	92.653
0.8	92.673
0.8	92.695
0.8	92.718
0.8	92.737
0.8	92.76
0.8	92.779
0.8	92.812
0.82	92.826
0.83	92.844
0.85	92.865
0.87	92.885
0.87	92.907
0.87	92.928
0.87	92.948
0.87	92.981
0.87	93.003
0.87	93.023
0.87	93.034
0.87	93.065
0.85	93.086
0.83	93.096
0.82	93.119
0.8	93.139
0.8	93.172
0.8	93.181
0.8	93.203
0.8	93.225
0.8	93.245
0.8	93.267
0.8	93.288
0.8	93.31
0.82	93.342
0.83	93.352
0.85	93.374
0.87	93.398
0.87	93.416
0.87	93.438
0.87	93.458
0.87	93.481
0.87	93.5
0.87	93.533
0.87	93.542
0.87	93.563
0.87	93.585
0.87	93.605
0.85	93.627
0.83	93.647
0.82	93.669
0.8	93.692
0.8	93.711
0.8	93.735
0.8	93.754
0.8	93.776
0.8	93.796
0.82	93.834
0.83	93.854
0.85	93.883
0.87	93.903
0.87	93.935
0.87	93.946
0.87	93.977
0.87	93.988
0.87	94.008
0.87	94.029
0.87	94.053
0.87	94.072
0.87	94.093
0.87	94.123
0.85	94.134
0.83	94.155
0.82	94.177
0.8	94.199
0.78	94.219
0.78	94.252
0.78	94.261
0.78	94.284
0.78	94.304
0.78	94.337
0.78	94.348
0.8	94.368
0.82	94.389
0.83	94.414
0.85	94.433
0.85	94.453
0.85	94.474
0.85	94.496
0.85	94.527
0.85	94.538
0.85	94.559
0.85	94.581
0.85	94.602
0.85	94.621
0.85	94.643
0.85	94.674
0.83	94.684
0.82	94.707
0.8	94.727
0.78	94.749
0.78	94.771
0.78	94.793
0.78	94.812
0.78	94.835
0.78	94.855
0.78	94.888
0.78	94.91
0.8	94.919
0.82	94.961
0.83	94.981
0.85	95.004
0.85	95.036
0.85	95.047
0.85	95.067
0.85	95.09
0.85	95.109
0.85	95.13
0.85	95.15
0.85	95.172
0.85	95.204
0.83	95.225
0.82	95.235
0.8	95.257
0.78	95.289
0.77	95.312
0.77	95.322
0.77	95.365
0.77	95.384
0.77	95.418
0.77	95.432
0.78	95.47
0.8	95.49
0.82	95.511
0.83	95.532
0.85	95.556
0.85	95.575
0.85	95.596
0.85	95.617
0.85	95.642
0.85	95.659
0.85	95.68
0.85	95.701
0.85	95.734
0.83	95.743
0.82	95.775
0.8	95.785
0.78	95.817
0.77	95.83
0.77	95.849
0.77	95.884
0.77	95.893
0.77	95.914
0.77	95.936
0.77	95.956
0.77	95.978
0.77	95.998
0.78	96.019
0.8	96.041
0.82	96.063
0.83	96.094
0.83	96.104
0.83	96.124
0.83	96.147
0.83	96.17
0.83	96.189
0.83	96.211
0.83	96.231
0.83	96.251
0.82	96.273
0.8	96.304
0.78	96.316
0.77	96.336
0.75	96.368
0.75	96.378
0.75	96.399
0.75	96.423
0.75	96.464
0.75	96.484
0.75	96.506
0.75	96.526
0.77	96.55
0.78	96.57
0.8	96.592
0.82	96.612
0.83	96.633
0.83	96.656
0.83	96.677
0.83	96.696
0.83	96.72
0.83	96.738
0.83	96.76
0.83	96.78
0.83	96.803
0.82	96.823
0.8	96.854
0.78	96.865
0.77	96.886
0.77	96.909
0.77	96.931
0.77	96.951
0.77	96.984
0.77	96.993
0.77	97.014
0.78	97.036
0.8	97.057
0.82	97.079
0.83	97.1
0.85	97.12
0.85	97.141
0.85	97.163
0.85	97.183
0.85	97.207
0.85	97.236
0.85	97.259
0.85	97.267
0.85	97.291
0.85	97.311
0.85	97.331
0.83	97.352
0.82	97.384
0.8	97.394
0.78	97.417
0.77	97.448
0.77	97.464
0.77	97.5
0.77	97.522
0.77	97.557
0.77	97.564
0.78	97.606
0.8	97.628
0.82	97.651
0.83	97.67
0.85	97.693
0.85	97.712
0.85	97.734
0.85	97.755
0.85	97.778
0.85	97.81
0.85	97.818
0.85	97.851
0.85	97.86
0.85	97.882
0.83	97.902
0.82	97.924
0.8	97.946
0.78	97.966
0.77	97.994
0.75	98.019
0.75	98.029
0.75	98.073
0.75	98.094
0.75	98.116
0.75	98.136
0.77	98.158
0.78	98.18
0.8	98.202
0.82	98.22
0.82	98.242
0.82	98.263
0.82	98.285
0.82	98.306
0.82	98.326
0.82	98.349
0.82	98.369
0.82	98.389
0.82	98.41
0.8	98.443
0.78	98.453
0.77	98.482
0.75	98.495
0.73	98.517
0.72	98.537
0.72	98.559
0.72	98.582
0.72	98.601
0.72	98.623
0.72	98.656
0.72	98.665
0.73	98.687
0.75	98.707
0.77	98.73
0.78	98.75
0.8	98.772
0.8	98.794
0.8	98.814
0.8	98.836
0.8	98.855
0.8	98.888
0.8	98.899
0.8	98.919
0.8	98.94
0.8	98.962
0.78	98.982
0.77	99.014
0.75	99.034
0.73	99.046
0.72	99.068
0.72	99.088
0.72	99.11
0.72	99.131
0.72	99.165
0.72	99.173
0.73	99.216
0.75	99.237
0.77	99.269
0.78	99.282
0.8	99.302
0.82	99.322
0.82	99.343
0.82	99.364
0.82	99.386
0.82	99.407
0.82	99.44
0.82	99.449
0.82	99.471
0.82	99.501
0.8	99.542
0.78	99.554
0.77	99.577
0.75	99.596
0.75	99.629
0.75	99.638
0.75	99.662
0.75	99.681
0.75	99.703
0.75	99.723
0.77	99.745
0.78	99.767
0.8	99.787
0.82	99.809
0.83	99.829
0.85	99.852
0.85	99.872
0.85	99.894
0.85	99.913
0.85	99.935
0.85	99.969
0.85	99.977
0.85	100.006
0.85	100.042
0.83	100.063
0.82	100.086
0.8	100.104
0.78	100.126
0.77	100.147
0.75	100.168
0.75	100.19
0.75	100.211
0.75	100.244
0.75	100.252
0.75	100.274
0.75	100.308
0.77	100.329
0.78	100.339
0.8	100.381
0.82	100.402
0.83	100.423
0.83	100.444
0.83	100.465
0.83	100.486
0.83	100.516
0.83	100.529
0.83	100.583
0.83	100.592
0.83	100.612
0.82	100.634
0.8	100.654
0.78	100.677
0.77	100.698
0.77	100.718
0.77	100.741
0.77	100.761
0.77	100.782
0.77	100.805
0.77	100.825
0.77	100.847
0.78	100.867
0.8	100.888
0.82	100.911
0.83	100.93
0.83	100.953
0.83	100.984
0.83	100.995
0.83	101.015
0.83	101.036
0.83	101.068
0.83	101.091
0.83	101.1
0.83	101.122
0.83	101.142
0.83	101.174
0.82	101.184
0.8	101.206
0.78	101.227
0.77	101.247
0.77	101.269
0.77	101.289
0.77	101.311
0.77	101.334
0.77	101.354
0.78	101.376
0.8	101.396
0.82	101.417
0.83	101.45
0.85	101.472
0.87	101.481
0.87	101.501
0.87	101.527
0.87	101.566
0.87	101.586
0.87	101.607
0.87	101.629
0.87	101.649
0.87	101.671
0.87	101.691
0.85	101.713
0.83	101.733
0.82	101.756
0.8	101.776
0.78	101.798
0.78	101.818
0.78	101.84
0.78	101.863
0.78	101.894
0.78	101.905
0.8	101.924
0.82	101.947
0.83	101.967
0.85	102.006
0.85	102.029
0.85	102.075
0.85	102.094
0.85	102.115
0.85	102.14
0.85	102.158
0.85	102.18
0.85	102.2
0.85	102.222
0.85	102.242
0.83	102.266
0.82	102.283
0.8	102.316
0.78	102.339
0.78	102.358
0.78	102.382
0.78	102.39
0.78	102.424
0.78	102.434
0.78	102.456
0.78	102.476
0.78	102.497
0.8	102.519
0.82	102.543
0.83	102.563
0.85	102.603
0.85	102.625
0.85	102.644
0.85	102.667
0.85	102.688
0.85	102.708
0.85	102.742
0.85	102.761
0.85	102.783
0.83	102.794
0.82	102.814
0.8	102.835
0.78	102.866
0.78	102.88
0.78	102.9
0.78	102.92
0.78	102.954
0.78	102.962
0.78	102.984
0.78	103.004
0.78	103.026
0.8	103.049
0.82	103.069
0.83	103.091
0.85	103.111
0.87	103.132
0.87	103.156
0.87	103.175
0.87	103.197
0.87	103.217
0.87	103.237
0.87	103.26
0.87	103.283
0.87	103.301
0.87	103.323
0.85	103.343
0.83	103.374
0.82	103.385
0.8	103.407
0.8	103.431
0.8	103.449
0.8	103.473
0.8	103.503
0.8	103.515
0.8	103.534
0.82	103.567
0.83	103.578
0.85	103.601
0.87	103.63
0.87	103.641
0.87	103.672
0.87	103.682
0.87	103.704
0.87	103.726
0.87	103.746
0.87	103.768
0.87	103.79
0.87	103.811
0.87	103.831
0.87	103.851
0.85	103.882
0.83	103.893
0.82	103.914
0.8	103.949
0.8	103.956
0.8	103.978
0.8	104.007
0.8	104.021
0.8	104.041
0.82	104.063
0.83	104.085
0.85	104.106
0.87	104.126
0.87	104.149
0.87	104.172
0.87	104.192
0.87	104.211
0.87	104.233
0.87	104.267
0.87	104.276
0.87	104.297
0.87	104.317
0.87	104.339
0.87	104.359
0.87	104.38
0.85	104.401
0.83	104.424
0.82	104.443
0.8	104.465
0.78	104.485
0.77	104.508
0.77	104.542
0.77	104.551
0.77	104.579
0.77	104.596
0.78	104.637
0.8	104.657
0.82	104.69
0.83	104.711
0.83	104.72
0.83	104.741
0.83	104.774
0.83	104.785
0.83	104.805
0.83	104.826
0.83	104.846
0.83	104.868
0.83	104.889
0.83	104.913
0.83	104.93
0.82	104.953
0.8	104.975
0.78	104.993
0.77	105.015
0.75	105.046
0.75	105.057
0.75	105.08
0.75	105.101
0.75	105.121
0.75	105.143
0.77	105.164
0.78	105.187
0.8	105.207
0.82	105.228
0.82	105.248
0.82	105.27
0.82	105.292
0.82	105.313
0.82	105.334
0.82	105.356
0.82	105.375
0.82	105.397
0.82	105.418
0.82	105.44
0.8	105.47
0.78	105.482
0.77	105.512
0.75	105.534
0.73	105.543
0.72	105.568
0.7	105.593
0.7	105.609
0.7	105.63
0.7	105.667
0.7	105.676
0.72	105.715
0.73	105.748
0.75	105.757
0.77	105.779
0.78	105.8
0.8	105.822
0.8	105.841
0.8	105.863
0.8	105.883
0.8	105.906
0.8	105.927
0.8	105.948
0.8	105.968
0.8	105.99
0.78	106.026
0.77	106.035
0.75	106.087
0.73	106.095
0.72	106.117
0.72	106.137
0.72	106.159
0.72	106.181
0.72	106.202
0.72	106.223
0.72	106.243
0.73	106.265
0.75	106.287
0.77	106.307
0.78	106.33
0.8	106.35
0.8	106.372
0.8	106.391
0.8	106.413
0.8	106.446
0.8	106.455
0.8	106.479
0.8	106.497
0.8	106.519
0.78	106.551
0.77	106.562
0.75	106.592
0.73	106.604
0.72	106.633
0.7	106.668
0.7	106.688
0.7	106.71
0.7	106.73
0.7	106.752
0.7	106.772
0.72	106.795
0.73	106.826
0.75	106.837
0.77	106.86
0.78	106.88
0.8	106.899
0.82	106.923
0.82	106.942
0.82	106.964
0.82	106.984
0.82	107.005
0.82	107.028
0.82	107.06
0.82	107.08
0.8	107.091
0.78	107.112
0.77	107.131
0.75	107.154
0.73	107.175
0.72	107.196
0.7	107.216
0.7	107.239
0.7	107.27
0.7	107.281
0.7	107.306
0.72	107.323
0.73	107.346
0.75	107.365
0.77	107.387
0.78	107.409
0.78	107.43
0.78	107.451
0.78	107.472
0.78	107.505
0.78	107.515
0.78	107.536
0.78	107.557
0.78	107.577
0.78	107.599
0.78	107.62
0.78	107.643
0.78	107.683
0.77	107.702
0.75	107.735
0.73	107.747
0.73	107.777
0.73	107.801
0.73	107.809
0.73	107.831
0.75	107.854
0.77	107.874
0.78	107.895
0.8	107.917
0.82	107.937
0.83	107.958
0.83	107.98
0.83	108
0.83	108.027
0.83	108.043
0.83	108.064
0.83	108.097
0.83	108.106
0.83	108.128
0.83	108.148
0.83	108.181
0.83	108.19
0.82	108.222
0.8	108.245
0.78	108.265
0.77	108.276
0.77	108.307
0.77	108.317
0.77	108.339
0.77	108.362
0.78	108.393
0.8	108.404
0.82	108.425
0.83	108.457
0.85	108.479
0.87	108.489
0.88	108.509
0.88	108.542
0.88	108.563
0.88	108.574
0.88	108.595
0.88	108.616
0.88	108.636
0.88	108.679
0.88	108.721
0.87	108.742
0.85	108.764
0.83	108.786
0.82	108.807
0.82	108.827
0.82	108.849
0.82	108.88
0.82	108.892
0.82	108.913
0.82	108.934
0.82	108.956
0.82	108.976
0.82	108.998
0.83	109.031
0.85	109.041
0.87	109.084
0.87	109.102
0.87	109.124
0.87	109.146
0.87	109.167
0.87	109.188
0.87	109.208
0.87	109.232
0.87	109.252
0.85	109.272
0.83	109.316
0.82	109.334
0.8	109.357
0.8	109.378
0.8	109.412
0.8	109.421
0.8	109.454
0.8	109.476
0.8	109.485
0.8	109.527
0.8	109.548
0.8	109.58
0.82	109.591
0.83	109.612
0.85	109.645
0.87	109.661
0.87	109.681
0.87	109.695
0.87	109.716
0.87	109.739
0.87	109.76
0.87	109.78
0.87	109.802
0.87	109.822
0.85	109.843
0.83	109.866
0.82	109.886
0.8	109.908
0.8	109.929
0.8	109.95
0.8	109.971
0.8	109.993
0.8	110.013
0.8	110.035
0.8	110.057
0.82	110.076
0.83	110.098
0.85	110.119
0.87	110.154
0.87	110.162
0.87	110.204
0.87	110.227
0.87	110.247
0.87	110.268
0.87	110.289
0.87	110.32
0.87	110.332
0.85	110.382
0.83	110.394
0.82	110.415
0.8	110.435
0.8	110.458
0.8	110.478
0.8	110.5
0.8	110.523
0.8	110.557
0.8	110.565
0.8	110.605
0.8	110.628
0.82	110.65
0.83	110.669
0.85	110.7
0.87	110.746
0.87	110.755
0.87	110.797
0.87	110.817
0.87	110.851
0.87	110.859
0.87	110.892
0.85	110.913
0.83	110.922
0.82	110.945
0.8	110.965
0.78	110.987
0.78	111.009
0.78	111.029
0.78	111.052
0.78	111.071
0.78	111.093
0.78	111.113
0.78	111.135
0.78	111.158
0.78	111.179
0.78	111.21
0.8	111.22
0.82	111.242
0.83	111.262
0.85	111.285
0.85	111.305
0.85	111.326
0.85	111.347
0.85	111.369
0.85	111.39
0.83	111.412
0.82	111.43
0.8	111.463
0.78	111.472
0.77	111.505
0.75	111.517
0.73	111.536
0.72	111.57
0.72	111.579
0.72	111.603
0.72	111.621
0.72	111.643
0.72	111.667
0.72	111.694
0.73	111.71
0.75	111.749
0.77	111.771
0.78	111.805
0.78	111.813
0.78	111.855
0.78	111.879
0.77	111.897
0.75	111.918
0.73	111.939
0.72	111.96
0.7	111.981
0.68	112.014
0.67	112.031
0.65	112.045
0.63	112.076
0.62	112.087
0.6	112.107
0.58	112.129
0.58	112.164
0.58	112.172
0.58	112.194
0.6	112.215
0.62	112.235
0.63	112.259
0.65	112.278
0.67	112.3
0.67	112.32
0.67	112.342
0.67	112.362
0.67	112.384
0.65	112.406
0.63	112.425
0.62	112.447
0.6	112.467
0.58	112.5
0.57	112.519
0.55	112.533
0.53	112.554
0.52	112.574
0.5	112.596
0.48	112.626
0.47	112.648
0.45	112.657
0.43	112.68
0.43	112.701
0.45	112.731
0.47	112.766
0.48	112.787
0.5	112.808
0.52	112.828
0.53	112.85
0.55	112.87
0.57	112.891
0.57	112.912
0.55	112.935
0.53	112.954
0.52	112.976
0.5	113.007
0.48	113.03
0.47	113.038
0.45	113.061
0.43	113.082
0.42	113.115
0.4	113.134
0.38	113.146
0.37	113.166
0.37	113.188
0.37	113.209
0.37	113.23
0.37	113.251
0.38	113.283
0.4	113.306
0.42	113.316
0.43	113.336
0.45	113.358
0.47	113.379
0.48	113.399
0.5	113.421
0.48	113.443
0.47	113.464
0.45	113.483
0.43	113.516
0.42	113.525
0.4	113.546
0.38	113.57
0.37	113.601
0.35	113.621
0.33	113.643
0.32	113.664
0.3	113.686
0.3	113.696
0.3	113.738
0.3	113.747
0.3	113.781
0.3	113.81
0.32	113.834
0.33	113.845
0.35	113.865
0.37	113.898
0.38	113.92
0.4	113.941
0.42	113.951
0.42	113.97
0.42	113.993
0.4	114.013
0.38	114.044
0.37	114.078
0.35	114.098
0.33	114.12
0.32	114.139
0.3	114.161
0.28	114.182
0.27	114.205
0.25	114.225
0.25	114.256
0.25	114.267
0.25	114.287
0.25	114.31
0.25	114.329
0.25	114.362
0.25	114.374
0.27	114.395
0.28	114.416
0.3	114.438
0.32	114.468
0.33	114.48
0.33	114.501
0.33	114.522
0.33	114.542
0.33	114.563
0.32	114.583
0.3	114.616
0.28	114.625
0.27	114.648
0.25	114.67
0.23	114.7
0.22	114.711
0.2	114.732
0.2	114.76
0.2	114.796
0.2	114.827
0.2	114.84
0.2	114.868
0.2	114.88
0.2	114.902
0.2	114.933
0.2	114.945
0.22	114.965
0.23	114.987
0.25	115.007
0.25	115.039
0.25	115.05
0.25	115.072
0.25	115.091
0.25	115.115
0.23	115.133
0.22	115.165
0.2	115.177
0.18	115.198
0.17	115.23
0.15	115.251
0.13	115.262
0.13	115.282
0.13	115.314
0.13	115.342
0.13	115.35
0.13	115.388
0.13	115.41
0.13	115.43
0.13	115.453
0.13	115.473
0.13	115.505
0.13	115.514
0.13	115.535
0.13	115.558
0.13	115.592
0.13	115.599
0.13	115.621
0.13	115.642
0.13	115.663
0.13	115.696
0.12	115.705
0.1	115.727
0.08	115.748
0.07	115.777
0.05	115.821
0.05	115.835
0.05	115.854
0.05	115.875
0.05	115.896
0.05	115.917
0.05	115.95
0.05	115.958
0.05	115.98
0.05	116.002
0.05	116.023
0.05	116.048
0.05	116.087
0.05	116.108
0.05	116.141
0.05	116.149
0.05	116.171
0.05	116.201
0.05	116.224
0.05	116.244
0.05	116.255
0.05	116.277
0.03	116.297
0.02	116.319
0	116.35
0	116.361
0	116.394
0	116.403
0	116.425
0	116.445
0	116.467
0	116.487
0	116.51
0	116.529
0	116.561
0	116.573
0	116.594
0	116.625
0	116.647
0	116.669
0	116.68
0	116.7
0	116.731
0	116.742
0	116.762
0	116.784
0	116.818
0	116.826
0	116.847
0	116.871
0	116.889
0	116.911
0	116.942
0	116.953
0	116.976
0	116.997
0	117.018
0	117.038
0	117.059
0	117.079
0	117.101
0	117.123
0	117.144
0	117.165
0	117.185
0	117.207
0	117.227
0	117.25
0	117.28
0	117.292
0	117.323
0	117.334
0	117.357
0	117.387
0	117.409
0	117.429
0	117.451
0	117.461
0	117.493
0	117.502
0	117.526
0	117.545
0	117.567
0	117.587
0	117.612
0	117.631
0	117.662
0	117.684
0	117.693
0	117.715
0	117.737
0	117.758
0	117.779
0	117.803
0	117.833
0	117.852
0	117.864
0	117.885
0	117.915
0	117.927
0	117.958
0	117.969
0	117.989
0	118.011
0	118.031
0	118.065
0	118.085
0	118.111
0	118.117
0	118.138
0	118.16
0	118.191
0	118.213
0	118.222
0	118.245
0	118.264
0	118.286
0	118.306
0	118.329
0	118.351
0	118.37
0	118.392
0	118.412
0	118.434
0	118.454
0	118.509
0	118.518
0	118.543
0	118.591
0	118.603
0	118.625
0	118.647
0	118.667
0	118.687
0	118.721
0	118.731
0	118.751
0	118.773
0	118.793
0	118.835
0	118.857
0	118.877
0	118.899
0	118.93
0	118.941
0	118.963
0	118.983
0	119.005
0	119.025
0	119.047
0	119.067
0	119.089
0	119.111
0	119.131
0	119.153
0	119.184
0	119.195
0	119.215
0	119.237
0	119.259
0	119.29
0	119.312
0	119.321
0	119.343
0	119.365
0	119.385
0	119.407
0	119.427
0	119.449
0	119.48
0	119.491
0	119.511
0	119.544
0	119.556
0	119.576
0	119.596
0	119.619
0	119.641
0	119.66
0	119.682
0	119.712
0	119.724
0	119.744
0	119.766
0	119.788
0	119.808
0	119.85
0	119.858
0	119.914
0	119.936
0	119.957
0	119.978
0	120
0	120.02
0	120.044
0	120.064
0	120.084
0	120.105
0	120.127
0	120.147
0	120.169
0	120.189
0	120.212
0	120.231
0	120.253
0	120.275
0	120.297
0	120.317
0	120.338
0	120.358
0	120.39
0	120.402
0	120.432
0	120.455
0	120.464
0	120.487
0	120.506
0	120.528
0	120.55
0	120.57
0	120.592
0	120.612
0	120.634
0	120.667
0	120.676
0	120.698
0	120.729
0	120.74
0	120.76
0	120.793
0	120.804
0	120.824
0	120.846
0	120.874
0	120.919
0	120.941
0	120.952
0	120.973
0	120.993
0	121.026
0	121.035
0	121.057
0	121.079
0	121.099
0	121.121
0	121.141
0	121.163
0	121.183
0	121.206
0	121.228
0	121.257
0	121.269
0	121.292
0	121.32
0	121.332
0	121.352
0	121.374
0	121.406
0	121.416
0	121.438
0	121.469
0	121.481
0	121.511
0	121.522
0	121.545
0	121.564
0	121.586
0	121.606
0	121.628
0	121.65
0	121.67
0	121.692
0	121.712
0	121.744
0	121.754
0	121.776
0	121.798
0	121.818
0	121.84
0	121.86
0	121.888
0	121.904
0	121.924
0	121.947
0	121.966
0	121.988
0	122.018
0	122.03
0	122.051
0	122.076
0	122.093
0	122.115
0	122.135
0	122.157
0	122.178
0	122.199
0	122.223
0	122.252
0	122.263
0	122.283
0	122.316
0	122.325
0	122.358
0	122.369
0	122.389
0	122.411
0	122.442
0	122.464
0	122.475
0	122.506
0	122.517
0	122.537
0	122.559
0	122.579
0	122.601
0	122.634
0	122.643
0	122.675
0	122.685
0	122.718
0	122.729
0	122.749
0	122.771
0	122.791
0	122.825
0	122.834
0	122.855
0	122.875
0	122.907
0	122.939
0	122.963
0	122.992
0	123.014
0	123.034
0	123.045
0	123.078
0	123.087
0	123.119
0	123.129
0	123.151
0	123.181
0	123.203
0	123.225
0	123.245
0	123.268
0	123.288
0	123.299
0	123.321
0	123.341
0	123.363
0	123.384
0	123.405
0	123.425
0	123.447
0	123.467
0	123.501
0	123.51
0	123.532
0	123.569
0	123.578
0	123.626
0	123.647
0	123.661
0	123.69
0	123.701
0	123.721
0	123.743
0	123.765
0	123.786
0	123.807
0	123.827
0	123.849
0	123.879
0	123.891
0	123.914
0	123.933
0	123.955
0	123.975
0	123.997
0	124.017
0	124.039
0	124.061
0	124.082
0	124.123
0	124.145
0	124.167
0	124.187
0	124.209
0	124.24
0	124.251
0	124.273
0	124.295
0	124.315
0	124.335
0	124.357
0	124.388
0	124.409
0	124.419
0	124.441
0	124.463
0	124.494
0	124.505
0	124.525
0	124.558
0	124.58
0	124.589
0	124.611
0	124.631
0	124.655
0	124.673
0	124.695
0	124.728
0	124.748
0	124.759
0	124.779
0	124.812
0	124.832
0	124.843
0	124.875
0	124.887
0	124.907
0	124.931
0	124.951
0	124.969
0	125.002
0	125.023
0	125.044
0	125.055
0	125.076
0	125.097
0	125.119
0	125.139
0	125.161
0	125.181
0	125.214
0	125.223
0	125.256
0	125.265
0	125.288
0	125.319
0	125.33
0	125.35
0	125.372
0	125.392
0	125.424
0	125.434
0	125.457
0	125.477
0	125.499
0	125.519
0	125.541
0	125.563
0	125.583
0	125.604
0	125.638
0	125.646
0	125.685
0	125.693
0	125.782
0	125.82
0	125.856
0	125.873
0	125.88
0	125.917
0	125.925
0	125.968
0	126.007
0	126.029
0	126.049
0	126.071
0	126.103
0	126.144
0	126.167
0	126.176
0	126.208
0	126.218
0	126.25
0	126.262
0	126.293
0	126.306
0	126.334
0	126.346
0	126.377
0	126.398
0	126.421
0	126.43
0	126.452
0	126.483
0	126.494
0	126.525
0	126.547
0	126.569
0	126.589
0	126.6
0	126.62
0	126.653
0	126.662
0	126.685
0	126.715
0	126.727
0	126.747
0	126.769
0	126.789
0	126.811
0	126.834
0	126.863
0	126.875
0	126.932
0	126.99
0	127.028
0	127.042
0	127.054
0	127.066
0	127.087
0	127.117
0	127.14
0	127.16
0	127.171
0	127.203
0	127.213
0	127.235
0	127.267
0	127.277
0	127.297
0	127.319
0	127.342
0	127.361
0	127.394
0	127.413
0	127.436
0	127.455
0	127.467
0	127.489
0	127.509
0	127.531
0	127.551
0	127.573
0	127.593
0	127.626
0	127.635
0	127.668
0	127.689
0	127.699
0	127.722
0	127.741
0	127.773
0	127.785
0	127.806
0	127.826
0	127.859
0	127.868
0	127.9
0	127.91
0	127.932
0	127.954
0	127.996
0	128.005
0	128.038
0	128.084
0	128.133
0	128.171
0	128.209
0	128.218
0	128.229
0	128.259
0	128.271
0	128.302
0	128.313
0	128.346
0	128.355
0	128.377
0	128.407
0	128.419
0	128.439
0	128.461
0	128.483
0	128.514
0	128.525
0	128.545
0	128.567
0	128.587
0	128.609
0	128.631
0	128.651
0	128.673
0	128.693
0	128.715
0	128.748
0	128.757
0	128.779
0	128.8
0	128.821
0	128.841
0	128.863
0	128.883
0	128.915
0	128.927
0	128.947
0	128.979
0	128.998
0	129.015
0	129.054
0	129.075
0	129.096
0	129.117
0	129.148
0	129.17
0	129.181
0	129.201
0	129.224
0	129.294
0	129.332
0	129.37
0	129.393
0	129.399
0	129.412
0	129.445
0	129.456
0	129.476
0	129.509
0	129.518
0	129.54
0	129.562
0	129.582
0	129.604
0	129.634
0	129.646
0	129.677
0	129.69
0	129.708
0	129.741
0	129.752
0	129.782
0	129.794
0	129.814
0	129.836
0	129.856
0	129.878
0	129.9
0	129.931
0	129.953
0	129.962
0	129.995
0	130.029
0	130.036
0	130.068
0	130.096
0	130.111
0	130.144
0	130.153
0	130.175
0	130.196
0	130.227
0	130.237
0	130.259
0	130.281
0	130.301
0	130.334
0	130.343
0	130.365
0	130.385
0	130.461
0	130.472
0	130.478
0	130.547
0	130.568
0	130.574
0	130.58
0	130.598
0	130.62
0	130.64
0	130.66
0	130.682
0	130.704
0	130.724
0	130.746
0	130.766
0	130.798
0	130.808
0	130.83
0	130.858
0	130.894
0	130.914
0	130.946
0	130.956
0	130.979
0	131
0	131.021
0	131.048
0	131.063
0	131.083
0	131.105
0	131.138
0	131.147
0	131.169
0	131.189
0	131.211
0	131.231
0	131.253
0	131.275
0	131.295
0	131.317
0	131.337
0	131.359
0	131.379
0	131.401
0	131.423
0	131.443
0	131.465
0	131.485
0	131.507
0	131.527
0	131.549
0	131.571
0	131.592
0	131.614
0	131.643
0	131.655
0	131.687
0	131.697
0	131.719
0	131.739
0	131.761
0	131.791
0	131.803
0	131.835
0	131.845
0	131.867
0	131.887
0	131.909
0	131.929
0	131.953
0	131.973
0	131.994
0	132.015
0	132.043
0	132.058
0	132.105
0	132.122
0	132.143
0	132.162
0	132.184
0	132.206
0	132.226
0	132.249
