499 22.07 -22.0157 214.175 0.213561 -0.215533 0.952857 24.2946 -19.5842 213.675 0.222142 -0.0414541 0.974039 -1.16258 2.56561 8.17387 6.07376 60.8282 0
87795 23.3029 -23.0415 213.551 0.210619 -0.209503 0.954855 24.2991 -19.5888 213.673 0.221657 -0.040961 0.974156 -1.08359 2.60124 10.6551 6.03757 58.1962 0
175078 24.2585 -23.6138 213.058 0.204252 -0.199601 0.958353 24.1043 -20.0855 212.841 0.193832 -0.0248245 0.980643 -1.03101 2.62508 12.7221 6.0189 55.9832 0
262298 24.8805 -23.8063 212.704 0.196463 -0.190824 0.961763 24.8715 -20.2326 212.592 0.183185 -0.0098324 0.982884 -1.00459 2.63887 14.1206 6.01574 54.4306 0
349484 25.2356 -23.7471 212.468 0.187456 -0.185599 0.964579 25.4219 -20.2476 212.344 0.171916 0.0030859 0.985044 -0.99884 2.64634 14.9684 6.02522 53.4305 0
436672 25.4652 -23.4528 212.32 0.178554 -0.180679 0.967199 25.837 -20.009 212.1 0.16331 0.0128009 0.986391 -1.00947 2.64663 15.5097 6.04561 52.7431 0
524960 25.6676 -22.8834 212.231 0.170651 -0.17353 0.969931 26.1357 -19.5241 211.966 0.155423 0.0203107 0.987528 -1.03389 2.63916 15.8717 6.07721 52.2303 0
612214 25.7855 -22.3132 212.169 0.163205 -0.167979 0.972187 26.3162 -18.7994 211.831 0.14838 0.0261028 0.988447 -1.06003 2.63111 16.0907 6.10852 51.8668 0
699370 25.8635 -21.6121 212.142 0.155726 -0.162137 0.974403 26.362 -18.2883 211.816 0.143772 0.0311428 0.988997 -1.09249 2.6202 16.2082 6.14558 51.6065 0
787851 25.9151 -20.8822 212.127 0.149256 -0.155733 0.976458 26.6359 -17.5674 211.683 0.138681 0.0372838 0.98953 -1.12524 2.60784 16.2701 6.18235 51.4048 0
874880 25.9447 -20.0984 212.117 0.142565 -0.149056 0.978498 26.557 -16.7389 211.666 0.135667 0.0442614 0.989667 -1.15942 2.59463 16.3082 6.22113 51.2207 0
962055 25.9619 -19.3596 212.104 0.136526 -0.143333 0.980212 26.5953 -15.9133 211.649 0.132045 0.0514863 0.989804 -1.19016 2.58285 16.3178 6.25733 51.0715 0
1049295 25.9626 -18.5766 212.108 0.130234 -0.137379 0.981919 26.6256 -14.9837 211.52 0.129278 0.0593125 0.98968 -1.22176 2.5705 16.3178 0.0120654 50.9413 0
1136559 25.9776 -17.8133 212.103 0.125053 -0.131644 0.983378 26.6559 -14.1716 211.505 0.126516 0.067993 0.98954 -1.24991 2.55901 16.3003 0.0479742 50.8302 0
1224587 25.9826 -17.0044 212.099 0.119547 -0.12548 0.984867 26.6829 -13.3538 211.491 0.124116 0.076059 0.989287 -1.27864 2.54694 16.2892 0.0856067 50.7095 0
1311905 25.9857 -16.2641 212.105 0.11428 -0.120165 0.986154 26.7172 -12.3013 211.361 0.120976 0.0826644 0.989066 -1.30363 2.5366 16.2939 0.120079 50.5984 0
1399090 25.9967 -15.4503 212.098 0.109755 -0.114299 0.987365 26.6357 -11.4786 211.46 0.11833 0.0904854 0.988697 -1.32891 2.5254 16.2638 0.15685 50.5047 0
1486396 26.0014 -14.7064 212.099 0.105471 -0.1095 0.988375 26.6706 -10.6563 211.446 0.115073 0.0980679 0.988458 -1.35103 2.51592 16.24 0.190748 50.4253 0
1573669 26.0038 -13.9238 212.096 0.100892 -0.104674 0.989376 26.5939 -9.71021 211.32 0.111808 0.104183 0.988125 -1.37315 2.50644 16.2273 0.226369 50.3317 0
1661839 26.0112 -13.1664 212.086 0.096898 -0.0999425 0.990264 26.5223 -9.00006 211.31 0.10794 0.111889 0.987766 -1.39298 2.49753 16.2161 0.260267 50.238 0
1748989 26.0102 -12.3781 212.094 0.0926087 -0.0952549 0.991136 26.4503 -8.16469 211.297 0.104187 0.118129 0.987433 -1.4128 2.48863 16.2146 0.295602 50.1539 0
1836317 26.0147 -11.6213 212.099 0.0888132 -0.0909219 0.99189 26.3885 -7.32259 211.284 0.0993323 0.123645 0.987244 -1.43032 2.48058 16.2161 0.329212 50.0729 0
1923512 26.0035 -10.8583 212.1 0.0848924 -0.0863556 0.992641 26.2172 -6.36014 211.156 0.0942286 0.128067 0.987198 -1.44756 2.47225 16.2257 0.362823 49.9808 0
2011585 26.003 -10.0811 212.097 0.0815275 -0.0823434 0.993264 26.073 -5.71273 211.253 0.0861888 0.130802 0.987569 -1.46336 2.46478 16.2225 0.397008 49.9046 0
2098826 25.9989 -9.27793 212.1 0.0779442 -0.0778581 0.993913 26.022 -4.8478 211.125 0.0801011 0.133644 0.98768 -1.47858 2.45703 16.2431 0.431768 49.8126 0
2186171 26.0088 -8.52796 212.098 0.0750202 -0.0737528 0.994451 25.7605 -4.19861 211.224 0.0726701 0.136251 0.987927 -1.49094 2.45042 16.2701 0.463655 49.7237 0
2273349 26.0095 -7.80273 212.093 0.0720594 -0.0710115 0.994869 25.5141 -3.61989 211.096 0.0633868 0.133998 0.988886 -1.50243 2.44525 16.2971 0.495542 49.6364 0
2361602 26.0034 -6.99201 212.095 0.0691978 -0.0668797 0.995359 25.2802 -2.91081 211.187 0.0529974 0.130165 0.990004 -1.5142 2.43864 16.3257 0.529727 49.5522 0
2448871 25.9982 -6.19373 212.096 0.0666427 -0.0632471 0.99577 25.0181 -2.22397 211.171 0.0455458 0.128506 0.990573 -1.52455 2.4329 16.3559 0.563338 49.4729 0
2535985 25.9953 -5.4692 212.094 0.0639778 -0.0605257 0.996114 24.7584 -1.53147 211.156 0.0378468 0.126237 0.991156 -1.53288 2.42859 16.4162 0.594076 49.3712 0
2623240 25.9904 -4.75255 212.093 0.0611728 -0.0587775 0.996395 24.5301 -1.11165 211.139 0.0265777 0.117288 0.992617 -1.54035 2.42543 16.4955 0.625101 49.257 0
2749916 24.7139 -1.2748 211.331 0.0174557 0.104696 0.994351 24.2335 -1.2298 211.234 0.0103597 0.0944693 0.995342 -1.52052 2.44065 17.3115 0.615047 48.9601 0
2875367 24.828 -1.47165 211.73 0.00528852 0.0890567 0.996013 24.3781 -1.84741 211.792 -0.00522211 0.077974 0.996848 -1.48663 2.45616 18.1608 0.605854 48.6728 0
3000446 25.0167 -1.24685 211.98 -0.00432787 0.0760941 0.997091 24.5687 -1.5018 212.121 -0.0132825 0.0774047 0.996791 -1.43664 2.47627 18.7196 0.611887 48.4457 0
3128579 25.3309 -0.468926 212.182 -0.0132515 0.0712124 0.997373 25.4028 -0.390664 212.319 -0.0181634 0.0779169 0.996693 -1.37919 2.49954 19.0483 0.633719 48.26 0
3254302 25.8162 0.715572 212.203 -0.0165926 0.0713369 0.997314 26.1895 0.853172 212.29 -0.018052 0.0757216 0.996854 -1.3473 2.51362 19.0975 0.667617 48.214 0
3383404 26.0263 1.87539 212.183 -0.0187491 0.0678521 0.997519 26.201 2.11613 212.153 -0.0186818 0.0717017 0.997176 -1.33782 2.5208 19.0816 0.710421 48.214 0
3510023 26.0599 3.00975 212.145 -0.020053 0.0644688 0.997718 26.2231 3.01361 212.025 -0.0206387 0.0709799 0.997203 -1.33294 2.52655 19.0324 0.753511 48.2362 0
3636066 26.0485 4.1043 212.122 -0.0207198 0.0612532 0.997907 26.0229 4.38002 212 -0.0223615 0.0681842 0.997387 -1.32575 2.53344 18.9736 0.794878 48.287 0
3762331 26.0329 5.19357 212.101 -0.0204207 0.0568511 0.998174 26.041 5.52524 212.091 -0.0235975 0.0652616 0.997449 -1.3134 2.54407 18.9101 0.833947 48.3489 0
3885461 26.0165 6.31404 212.085 -0.0200236 0.0544698 0.998315 25.9303 6.56201 212.07 -0.0231255 0.0618461 0.997753 -1.29789 2.55499 18.8641 0.869856 48.3949 0
4011319 25.9936 7.44006 212.079 -0.0194813 0.0525856 0.998426 25.9249 7.70985 212.048 -0.0219219 0.0584244 0.997929 -1.27835 2.56734 18.8546 0.903179 48.4235 0
4137551 25.9883 8.54593 212.071 -0.0182388 0.0492335 0.998621 25.9196 8.86787 212.025 -0.0207232 0.0539065 0.998248 -1.25652 2.58228 18.8784 0.93363 48.4299 0
4263494 25.9757 9.66586 212.032 -0.0166625 0.0470018 0.998756 25.7832 9.90614 211.893 -0.0175677 0.0501105 0.99854 -1.23239 2.5975 18.926 0.960346 48.4299 0
4398842 25.9334 10.8365 212.012 -0.014298 0.0451717 0.998877 25.7523 10.9425 211.873 -0.0136786 0.0466744 0.998698 -1.2028 2.61503 19.034 0.985051 48.4299 0
4528550 25.8913 11.9604 211.979 -0.0107708 0.043533 0.998994 25.7236 11.9732 211.853 -0.0100305 0.0438499 0.998847 -1.17063 2.63341 19.1832 1.00545 48.4299 0
4657123 25.8746 13.1223 211.965 -0.00902624 0.0429342 0.999037 25.7364 13.2581 211.719 -0.0107344 0.0494658 0.998627 -1.13443 2.65295 19.4991 1.02125 48.3521 0
4784815 25.8282 14.2738 211.958 -0.00987796 0.0468776 0.998852 25.6648 14.5372 211.922 -0.0141174 0.0564364 0.998279 -1.09852 2.67219 19.9214 1.03188 48.206 0
4917035 25.8869 15.4072 212.016 -0.0085454 0.0473901 0.99884 25.6992 15.5299 212.017 -0.017163 0.0579129 0.998028 -1.05974 2.70149 20.4326 1.04136 48.0457 0
5048793 25.9079 16.5602 212.107 -0.0123065 0.0492959 0.998708 25.7246 16.7086 212.328 -0.0190243 0.0518248 0.998396 -1.02297 2.72562 21.0517 1.05055 47.7139 0
5174994 25.9335 17.6468 212.181 -0.0152709 0.0466152 0.998796 25.9806 17.5532 212.31 -0.0221116 0.0448866 0.998666 -0.987349 2.7509 21.7041 1.06032 47.2758 0
5301549 25.9475 18.6622 212.19 -0.0172448 0.0419482 0.998971 25.7619 18.4105 212.295 -0.022153 0.0368337 0.998935 -0.95259 2.77532 22.3503 1.07037 46.7995 0
5427493 25.896 19.6565 212.252 -0.0188933 0.0362321 0.999165 25.8818 19.278 212.5 -0.022443 0.0279277 0.999222 -0.912946 2.80118 23.063 1.0787 46.2407 0
5551951 25.9299 20.6178 212.25 -0.019781 0.0284009 0.999401 25.893 20.255 212.369 -0.0232231 0.0186582 0.999519 -0.86727 2.82933 23.8346 1.08445 45.5628 0
5678372 25.9428 21.6493 212.24 -0.0202644 0.0196245 0.999602 25.9025 21.3459 212.239 -0.0237621 0.0091388 0.999574 -0.811827 2.86035 24.614 1.08761 44.8437 0
5803706 25.821 22.7369 212.171 -0.023418 0.0111388 0.999664 25.9141 22.4072 212.109 -0.0245286 0.00279399 0.999573 -0.74518 2.89081 25.3919 1.08703 44.1277 0
5930057 25.7558 23.8919 212.075 -0.0262295 0.00421963 0.999647 25.7195 23.89 211.973 -0.0268672 -0.000735195 0.999532 -0.650094 2.92729 26.1539 1.07296 43.5023 0
6056338 25.5429 25.0287 212 -0.0279183 0.000514564 0.99961 25.6453 25.3268 211.836 -0.0301568 0.000622781 0.999407 -0.561902 2.95803 26.5619 1.05629 43.2625 0
6181838 25.2087 25.5931 211.964 -0.0265244 -0.00351655 0.999642 25.3236 26.1063 211.824 -0.0311314 0.000994163 0.999407 -0.575403 2.95774 26.5778 1.08157 43.2832 0
6306827 24.3526 25.9869 212.011 -0.0278001 -0.00445862 0.999604 24.4474 26.564 211.934 -0.0325988 0.000513825 0.999426 -0.626537 2.93993 26.4349 1.12984 43.3911 0
6433370 23.3464 26.1552 212.067 -0.0293607 -0.0048399 0.999557 23.6111 26.9006 212.159 -0.0383337 0.00127242 0.999207 -0.69261 2.91436 26.1317 1.1847 43.5769 0
6559830 22.286 26.2397 212.119 -0.0331204 -0.00436738 0.999442 22.387 27.0996 212.281 -0.0505259 0.00486614 0.998614 -0.759544 2.88563 25.7126 1.23929 43.8261 0
6685885 21.2723 26.2683 212.158 -0.0352786 -0.00506855 0.999365 21.7145 26.7961 212.399 -0.0383942 -0.00996047 0.999168 -0.822743 2.85806 25.1855 1.29358 44.1357 0
6811194 20.2412 26.2134 212.177 -0.0332887 -0.00776898 0.999416 20.9594 26.5278 212.408 -0.0293957 -0.0167193 0.999352 -0.883645 2.82904 24.5362 1.34931 44.5405 0
6937285 19.2088 26.1633 212.179 -0.0299862 -0.00990752 0.999501 19.9166 26.5404 212.302 -0.0253718 -0.0177151 0.999465 -0.938513 2.80089 23.8441 1.40475 44.9961 0
7065182 18.2114 26.0522 212.165 -0.0246585 -0.0128853 0.999613 18.6723 26.4218 212.312 -0.0236543 -0.0162575 0.999549 -0.993957 2.77302 23.1329 1.46221 45.4533 0
7190219 17.1108 26.0212 212.189 -0.0220182 -0.0150341 0.999645 17.4238 26.3012 212.21 -0.0215707 -0.0148018 0.99963 -1.04595 2.7443 22.4995 1.52167 45.874 0
7315518 15.9752 26.0299 212.162 -0.0191027 -0.0145643 0.999711 16.3076 26.2959 212.217 -0.0215643 -0.0135813 0.999608 -1.09307 2.71787 21.847 1.58114 46.2899 0
7442708 14.7388 26.0394 212.152 -0.0182057 -0.0136173 0.999742 14.9617 26.1597 212.228 -0.0209353 -0.010165 0.999664 -1.13932 2.69058 21.2533 1.64319 46.6725 0
7569305 13.5693 26.0353 212.146 -0.0177854 -0.012511 0.999764 13.6373 26.1443 212.125 -0.0226327 -0.00795895 0.999635 -1.18068 2.66673 20.7596 1.70122 46.99 0
7695143 12.4055 26.0166 212.132 -0.0183365 -0.0106307 0.999775 12.4157 26.0245 212.136 -0.0233567 -0.0063684 0.999611 -1.21975 2.64433 20.2992 1.7581 47.2948 0
7821897 11.1996 25.9954 212.128 -0.0185392 -0.00934005 0.999785 11.0905 25.9211 212.147 -0.0249442 -0.00648193 0.999624 -1.25623 2.62479 19.9039 1.81498 47.5551 0
7947506 10.0517 25.9662 212.123 -0.0191022 -0.00825032 0.999783 9.87287 25.7022 212.16 -0.0261645 -0.00623352 0.999505 -1.28812 2.60871 19.5674 1.86841 47.7774 0
8073495 8.89458 25.9372 212.118 -0.0200738 -0.00698534 0.999774 8.63375 25.497 212.172 -0.0250723 -0.0074599 0.99952 -1.31398 2.59578 19.2721 1.91868 47.9885 0
8199926 7.8018 25.8952 212.111 -0.0198507 -0.0066164 0.999781 7.62186 25.4022 212.181 -0.0243463 -0.0086843 0.999538 -1.3361 2.58659 19.026 1.96752 48.1505 0
8324036 6.71778 25.86 212.114 -0.0191435 -0.00659507 0.999795 6.60318 25.3097 212.19 -0.0228891 -0.0101567 0.999555 -1.35305 2.58055 18.8181 2.0152 48.2997 0
8447567 5.62347 25.8217 212.12 -0.0187888 -0.00703177 0.999799 5.58333 25.2137 212.198 -0.021308 -0.0112637 0.999564 -1.36511 2.57624 18.6625 2.06145 48.4108 0
8571476 4.60715 25.8433 212.12 -0.0169183 -0.00748804 0.999829 4.33403 25.2318 212.205 -0.0189944 -0.0124944 0.999693 -1.37057 2.57624 18.5561 2.10426 48.4838 0
8698252 3.44326 25.8342 212.124 -0.0173448 -0.0075429 0.999821 3.41951 25.2344 212.212 -0.0166738 -0.0122627 0.999673 -1.37402 2.57423 18.4466 2.14907 48.5743 0
8822271 2.27192 25.8616 212.106 -0.0190639 -0.00745319 0.99979 2.28064 25.2416 212.218 -0.0142323 -0.0123956 0.999781 -1.37258 2.57251 18.3767 2.19101 48.6251 0
8950149 1.24074 25.8379 212.114 -0.0162552 -0.0079421 0.999836 1.37461 25.1303 212.226 -0.012887 -0.0119146 0.999763 -1.37229 2.57509 18.3339 2.23296 48.6632 0
9075859 0.136857 25.8442 212.102 -0.0158827 -0.00785202 0.999843 0.127902 25.1361 212.123 -0.0109346 -0.0120472 0.999752 -1.36712 2.57711 18.3053 2.27289 48.6918 0
9203349 -0.967406 25.8566 212.079 -0.0147169 -0.00715239 0.999866 -0.772378 25.256 212.127 -0.0100821 -0.0124179 0.999753 -1.3585 2.5817 18.2767 2.31195 48.7204 0
9330376 -2.06437 25.8573 212.071 -0.0140196 -0.00687368 0.999878 -2.01157 25.2546 212.134 -0.00885612 -0.0115679 0.999851 -1.34874 2.5863 18.2847 2.34959 48.7315 0
9455894 -3.19025 25.8435 212.072 -0.0145376 -0.00675506 0.999872 -3.1363 25.1434 212.144 -0.00799846 -0.0109622 0.999834 -1.33667 2.59061 18.3212 2.38521 48.7347 0
9582150 -4.28065 25.7702 212.09 -0.0129286 -0.00565954 0.9999 -4.25484 24.9137 212.156 -0.00786936 -0.00962033 0.999809 -1.32461 2.59779 18.3259 2.42169 48.7807 0
9708696 -5.43032 25.7727 212.088 -0.0135498 -0.00463089 0.999897 -5.371 24.9208 212.163 -0.00787 -0.00974238 0.999811 -1.30392 2.60698 18.3974 2.45243 48.7807 0
9833900 -6.52244 25.7621 212.104 -0.0135097 -0.00381938 0.999901 -6.48594 24.8036 212.283 -0.00798356 -0.00827492 0.999907 -1.28238 2.61761 18.5037 2.4803 48.7632 0
9960176 -7.60932 25.7413 212.096 -0.0133509 -0.00239398 0.999908 -7.61487 24.6835 212.182 -0.00675586 -0.00693893 0.999874 -1.25738 2.63083 18.6228 2.505 48.722 0
10085436 -8.71267 25.7288 212.084 -0.0131496 -0.00117211 0.999913 -8.76088 24.772 212.075 -0.00356597 -0.00402457 0.999921 -1.22952 2.64576 18.7974 2.52712 48.6505 0
10212011 -9.84185 25.7071 212.078 -0.0145302 -0.00103415 0.999894 -9.8966 24.7315 212.082 -0.0014638 0.000970509 0.999938 -1.20108 2.65898 19.026 2.54694 48.5394 0
10337946 -10.9677 25.7202 212.06 -0.0133984 0.00067739 0.99991 -11.0205 24.7037 211.979 -0.000713499 0.00438393 0.999871 -1.16747 2.67822 19.3165 2.5636 48.3886 0
10464411 -12.0366 25.7509 212.071 -0.0115405 0.00152275 0.999932 -12.2244 24.7135 211.987 -0.0032788 0.00403153 0.999894 -1.13558 2.69747 19.6848 2.57883 48.1854 0
10591728 -13.1285 25.7802 212.064 -0.0126048 0.00157146 0.999919 -13.2193 24.8362 211.992 -0.00425852 0.00342653 0.999912 -1.10053 2.71586 20.0674 2.58888 47.9742 0
10718086 -14.2856 25.7725 212.074 -0.014117 0.00101188 0.9999 -14.222 24.839 212.11 -0.00437803 0.00391538 0.999904 -1.06463 2.73424 20.4818 2.60009 47.7472 0
10844903 -15.3489 25.7055 212.087 -0.00903512 0.00384835 0.999952 -15.3563 24.844 212.118 -0.00242434 0.00402695 0.999889 -1.02872 2.75981 20.9342 2.61301 47.4663 0
10971633 -16.4188 25.7197 212.09 -0.00636412 0.00560155 0.999964 -16.2783 24.9412 212.121 0.000761076 0.00608698 0.999952 -0.985051 2.78681 21.4676 2.61732 47.1313 0
11095932 -17.4984 25.7487 212.094 -0.00536475 0.00527106 0.999972 -17.0862 25.1424 212.234 0.00382871 0.00912182 0.999875 -0.939663 2.81123 22.055 2.61991 46.7471 0
11217232 -18.5277 25.8009 212.129 -0.00405011 0.00430037 0.999983 -18.0087 25.1428 212.241 0.00700498 0.00959299 0.999845 -0.891976 2.83536 22.6804 2.62048 46.3391 0
11344151 -19.654 25.7816 212.14 -0.00225941 0.00409139 0.999989 -19.1498 25.3801 212.244 0.00980802 0.0087236 0.999842 -0.836245 2.86265 23.3234 2.62048 45.9153 0
11470064 -20.6782 25.7662 212.152 0.00286428 0.00566188 0.99998 -20.2948 25.2826 212.254 0.0128552 0.00785289 0.999837 -0.774195 2.89397 23.9854 2.61646 45.4755 0
11596819 -21.8698 25.7873 212.167 0.00324281 0.00359384 0.999988 -21.5428 25.4098 212.373 0.0151698 0.00710594 0.999713 -0.697493 2.9247 24.6696 2.60612 45.0453 0
11724637 -22.9856 25.7907 212.179 0.00490635 0.00284848 0.999984 -22.7517 25.3319 212.382 0.0130793 0.00418791 0.99978 -0.613323 2.95659 25.2506 2.59204 44.6977 0
11850300 -24.1477 25.7416 212.199 0.00465146 0.000353793 0.999989 -24.1685 25.1549 212.395 0.00927351 5.8564e-005 0.999882 -0.5168 2.98848 25.7364 2.57251 44.4309 0
11976383 -25.1241 25.4039 212.244 0.00545732 -0.0017573 0.999984 -25.4636 25.0913 212.295 0.00436575 -0.00455531 0.999877 -0.444121 3.01203 25.9888 2.55958 44.2531 0
12102624 -25.5609 24.9541 212.25 0.00940331 -9.55787e-005 0.999956 -26.1066 24.7884 212.306 0.00129728 -0.00759238 0.999831 -0.441535 3.01749 26.0253 2.57222 44.169 0
12226877 -25.8856 24.2173 212.212 0.0109768 0.00040319 0.99994 -26.5515 24.1418 212.209 0.000674162 -0.0100301 0.99988 -0.485775 3.00514 25.9396 2.61445 44.1468 0
12351812 -26.07 23.3234 212.175 0.0121397 -0.000711555 0.999926 -26.9978 23.1736 212.342 0.00016716 -0.013447 0.999824 -0.561614 2.97928 25.784 2.67564 44.1468 0
12476132 -26.2715 22.3616 212.155 0.010535 -0.00661499 0.999923 -27.4112 21.7437 212.489 -0.00418157 -0.0272267 0.999495 -0.658712 2.9405 25.4967 2.7509 44.2024 0
12601172 -26.2576 21.3043 212.164 0.0117799 -0.00941401 0.999886 -27.1618 20.5229 212.398 0.00423522 -0.0283703 0.999458 -0.760406 2.89942 24.9522 2.82904 44.4373 0
12727431 -26.1649 20.1761 212.165 0.0140992 -0.00816011 0.999867 -26.6471 19.5549 212.405 0.0204565 -0.00867154 0.999721 -0.842852 2.86351 24.2775 2.89885 44.804 0
12853631 -26.0013 19.1384 212.15 0.0158143 -0.00522475 0.999861 -26.4578 18.4893 212.423 0.023542 -0.00221935 0.999582 -0.90519 2.8345 23.6218 2.95515 45.1898 0
12982661 -25.9149 18.0282 212.18 0.0191996 -0.00268123 0.999812 -26.4729 17.4852 212.33 0.0245173 -0.00246869 0.99958 -0.964942 2.80606 23.0424 3.01692 45.5358 0
13125520 -25.8699 16.7187 212.178 0.0212644 0.000667971 0.999774 -26.3685 16.1091 212.353 0.0245386 0.00143908 0.99963 -1.01866 2.77963 22.4265 3.08184 45.9057 0
13267508 -25.9258 15.4355 212.169 0.0213505 0.00179 0.99977 -26.4903 14.7446 212.267 0.0247961 0.00400079 0.999582 -1.06175 2.75608 21.9089 3.14274 46.2216 0
13406934 -25.9626 14.1634 212.161 0.020525 0.00221851 0.999787 -26.4763 13.5112 212.289 0.022603 0.00462504 0.999707 -1.10025 2.73396 21.4216 3.20106 46.5344 0
13553215 -26.0056 12.8764 212.152 0.0199127 0.00226625 0.999799 -26.3492 12.0576 212.203 0.0200396 0.00463879 0.999725 -1.13616 2.71327 20.9945 3.26052 46.7947 0
13691595 -26.0347 11.6487 212.142 0.018942 0.0022227 0.999818 -26.5636 10.7184 212.229 0.0183313 0.00477 0.999734 -1.16689 2.69546 20.6183 3.31597 47.0281 0
13817189 -26.0465 10.5215 212.124 0.0178122 0.00197401 0.999839 -26.5529 9.50087 212.251 0.0164946 0.00368139 0.999766 -1.19304 2.68024 20.2944 3.36624 47.2297 0
13942516 -26.0475 9.42267 212.135 0.0171473 0.00264489 0.999849 -26.6545 8.39446 212.272 0.0147805 0.00271417 0.999796 -1.2163 2.66788 20.015 3.41536 47.4234 0
14067604 -26.0525 8.29885 212.118 0.0157556 0.00208099 0.999874 -26.6537 7.16477 212.182 0.0139261 0.00271875 0.999801 -1.23756 2.65553 19.7436 3.46448 47.598 0
14195408 -26.04 7.15201 212.102 0.014391 0.00180462 0.999895 -26.6541 5.93849 212.093 0.0131918 0.00235653 0.999813 -1.2571 2.64461 19.4864 3.51418 47.7695 0
14320157 -26.0242 6.05156 212.104 0.0133801 0.00193171 0.999909 -26.6503 4.93289 212.112 0.0122159 0.00248382 0.999817 -1.27405 2.63571 19.2705 3.56187 47.9266 0
14446718 -26.0229 4.96077 212.104 0.0125974 0.00135459 0.99992 -26.6487 3.92958 212.13 0.0114828 0.0023657 0.999824 -1.28898 2.62738 19.0991 3.60869 48.0473 0
14573069 -26.0232 3.88754 212.1 0.0114855 0.00109854 0.999933 -26.6512 2.81356 212.15 0.0111167 0.00236766 0.999827 -1.29933 2.62163 18.9451 3.65265 48.1616 0
14699161 -26.0022 2.82546 212.097 0.0105108 -2.64731e-005 0.999945 -26.5312 1.80394 212.168 0.00965442 0.00286371 0.999828 -1.30938 2.61531 18.8038 3.69603 48.2695 0
14825767 -26.0293 1.64486 212.097 0.00988688 -0.0016875 0.99995 -26.5393 0.683401 212.188 0.00990111 0.00335059 0.999817 -1.31513 2.61043 18.7212 3.7417 48.3378 0
14950952 -26.0024 0.578506 212.089 0.00950036 -0.00284736 0.999951 -26.6546 -0.438831 212.21 0.00966082 0.00408419 0.999805 -1.32087 2.60612 18.6434 3.78364 48.3902 0
15077329 -26.0151 -0.573763 212.084 0.00900843 -0.00374546 0.999952 -26.5459 -1.43136 212.227 0.00940965 0.00274297 0.999832 -1.32001 2.60497 18.6101 3.8253 48.4235 0
15204003 -26.0025 -1.64232 212.076 0.00832345 -0.00290908 0.999961 -26.548 -2.55057 212.136 0.00892203 0.00286764 0.999833 -1.31627 2.60698 18.5926 3.86293 48.441 0
15329897 -25.9885 -2.80009 212.068 0.00806188 -0.00460848 0.999957 -26.551 -3.56067 212.154 0.00868109 0.00347919 0.999823 -1.31082 2.60727 18.6038 3.902 48.4489 0
15453482 -25.9718 -3.83021 212.071 0.00710696 -0.00327935 0.999969 -26.5506 -4.57078 212.173 0.00807396 0.0040927 0.999816 -1.30047 2.61301 18.6355 3.93446 48.4521 0
15579607 -25.9623 -4.92933 212.08 0.00602955 -0.00298829 0.999977 -26.5429 -5.69369 212.192 0.00661384 0.00483508 0.999935 -1.28582 2.61991 18.6958 3.96635 48.4537 0
15705400 -25.9313 -6.05549 212.089 0.00507248 -0.00375917 0.99998 -26.5356 -6.69703 212.21 0.00527048 0.00472023 0.999946 -1.26945 2.6268 18.772 3.99766 48.4537 0
15830488 -25.9189 -7.15197 212.084 0.00318662 -0.00450019 0.999985 -26.4122 -7.70097 212.229 0.00343802 0.00460577 0.999838 -1.24589 2.63772 18.8673 4.02294 48.4505 0
15957708 -25.8807 -8.28145 212.08 0.00144252 -0.00488566 0.999987 -26.5235 -8.70711 212.247 0.0028298 0.00485537 0.99996 -1.2209 2.65007 18.999 4.04822 48.4187 0
16083649 -25.881 -9.37459 212.081 -0.000103373 -0.0050624 0.999987 -26.4954 -9.84032 212.268 -0.000822582 0.00670573 0.999951 -1.19246 2.66472 19.1943 4.06919 48.3457 0
16208101 -25.876 -10.4512 212.087 -0.00164334 -0.00387154 0.999991 -26.68 -10.6382 212.061 -0.0055763 0.00819361 0.999834 -1.16373 2.6811 19.442 4.08901 48.2267 0
16334579 -25.9101 -11.5542 212.073 -0.00280161 -0.00395874 0.999988 -26.7856 -11.7342 211.97 -0.00693118 0.0058819 0.999886 -1.1307 2.69891 19.7563 4.10596 48.0552 0
16458746 -25.9395 -12.6464 212.073 -0.00371438 -0.00363979 0.999986 -26.6868 -13.0299 212.106 -0.00622328 0.00135996 0.999841 -1.09709 2.71787 20.115 4.12147 47.8536 0
16584152 -25.9683 -13.7611 212.075 -0.00372189 -0.00421904 0.999984 -26.7062 -14.1197 212.126 -0.0047732 -0.00145501 0.999883 -1.06233 2.73683 20.5246 4.13612 47.6075 0
16709790 -25.9712 -14.8673 212.074 -0.00410764 -0.00463422 0.999981 -26.7175 -15.343 212.26 -0.00416415 -0.00170238 0.999883 -1.02498 2.75751 20.9469 4.14819 47.3504 0
16834842 -25.9961 -15.9727 212.081 -0.0037 -0.00494607 0.999981 -26.608 -16.4651 212.168 -0.00465049 -0.00133362 0.99988 -0.985626 2.77906 21.4311 4.15824 47.0424 0
16961145 -26.0383 -17.0827 212.097 -0.00305478 -0.00504689 0.999983 -26.7168 -17.5899 212.301 -0.00549856 -0.000108551 0.999863 -0.941386 2.8029 21.9788 4.16485 46.69 0
17087579 -26.0322 -18.2086 212.099 -0.00268899 -0.00521391 0.999983 -26.4967 -18.4836 212.204 -0.00574397 -0.000351338 0.999869 -0.892837 2.82818 22.5312 4.16945 46.3232 0
17213985 -26.0476 -19.3207 212.102 -0.00101777 -0.00609057 0.999981 -26.5208 -19.6052 212.224 -0.00378689 0.000250658 0.999967 -0.840267 2.85346 23.1249 4.17088 45.9295 0
17339187 -26.0333 -20.4538 212.116 0.00128461 -0.0073749 0.999972 -26.4387 -20.8426 212.358 -0.00121711 0.00145739 0.999927 -0.782813 2.87903 23.7155 4.17002 45.5501 0
17465472 -26.0333 -21.5724 212.121 0.00378155 -0.00881826 0.999954 -26.4724 -22.061 212.38 0.00170735 0.000465296 0.999926 -0.715591 2.90689 24.306 4.16255 45.1739 0
17590840 -26.0353 -22.6897 212.121 0.00613738 -0.00997413 0.999931 -26.4022 -23.2675 212.402 0.00547924 -0.00187391 0.999943 -0.636592 2.93763 24.8744 4.14761 44.8246 0
17715977 -26.037 -23.812 212.131 0.00749179 -0.0103002 0.999919 -26.3304 -24.5787 212.426 0.00900233 -0.00494633 0.999853 -0.546389 2.97095 25.3506 4.12521 44.5532 0
17843447 -25.9847 -24.8971 212.152 0.00802524 -0.00953558 0.999922 -26.2592 -25.654 212.335 0.0126392 -0.00960603 0.999791 -0.464229 3.00054 25.657 4.10539 44.3754 0
17970802 -25.6216 -25.4956 212.196 0.00677982 -0.00498205 0.999965 -25.9561 -26.5201 212.35 0.0155519 -0.0126752 0.999705 -0.45992 3.006 25.7046 4.12061 44.3135 0
18096988 -24.8416 -25.8675 212.18 0.00765356 -0.00381852 0.999963 -25.4287 -26.9614 212.354 0.0185991 -0.0135459 0.9997 -0.505884 2.99078 25.6078 4.16686 44.3119 0
18223329 -23.9144 -26.1131 212.147 0.0115054 -0.00455198 0.999923 -24.349 -27.6322 212.36 0.0221356 -0.0140553 0.999563 -0.576265 2.9632 25.4554 4.22805 44.3246 0
18349621 -22.9044 -26.2135 212.122 0.0146534 -0.00432056 0.999883 -22.9129 -28.2589 212.59 0.0355333 -0.0191402 0.999077 -0.663595 2.92815 25.1173 4.29786 44.45 0
18475193 -21.8075 -26.2492 212.131 0.0177598 -0.00449842 0.999832 -21.5942 -28.3148 212.581 0.0377588 -0.0139017 0.999088 -0.754373 2.88851 24.5743 4.36996 44.75 0
18601635 -20.6638 -26.231 212.137 0.0188412 -0.00479877 0.999811 -20.6856 -27.9996 212.674 0.0244088 -2.48402e-005 0.999658 -0.83366 2.8503 23.8838 4.43661 45.1898 0
18727624 -19.5237 -26.1867 212.136 0.0191872 -0.00379829 0.999809 -19.5584 -27.9165 212.553 0.0231997 0.00217857 0.999626 -0.901456 2.81583 23.225 4.49895 45.6009 0
18853119 -18.4193 -26.1295 212.135 0.0183686 -0.00294979 0.999827 -18.5453 -27.8148 212.544 0.0223478 0.00267135 0.999623 -0.956324 2.78681 22.5931 4.55382 46.0137 0
18977362 -17.3526 -26.0072 212.175 0.0150871 0.000624649 0.999886 -17.4234 -27.8106 212.536 0.0217317 0.00157619 0.999647 -1.00602 2.76297 22.0423 4.6061 46.3804 0
19103920 -16.217 -25.952 212.17 0.0113382 0.00351529 0.99993 -16.1918 -27.8091 212.416 0.0212377 0.000480373 0.99967 -1.04854 2.74286 21.5343 4.65867 46.6852 0
19229846 -15.0936 -25.9917 212.165 0.00765541 0.00520272 0.999957 -14.9425 -28.0367 212.412 0.0187951 0.000249369 0.999691 -1.08071 2.72792 21.1072 4.70779 46.9535 0
19356385 -13.987 -26.023 212.157 0.00606852 0.00599476 0.999964 -13.8053 -28.1476 212.406 0.016472 -0.000470482 0.99972 -1.11317 2.71126 20.7135 4.75807 47.1932 0
19482916 -12.7936 -26.1267 212.122 0.0050553 0.00489721 0.999975 -12.7984 -28.1451 212.399 0.0162234 -0.00132351 0.999737 -1.13845 2.69718 20.3278 4.80862 47.4361 0
19608910 -11.7095 -26.0787 212.129 0.00253769 0.00590693 0.999979 -11.6615 -28.3798 212.283 0.0137848 -0.000942043 0.999869 -1.16862 2.68311 19.9738 4.8589 47.6599 0
19736226 -10.5874 -26.0664 212.119 0.00302921 0.00495711 0.999983 -10.5396 -28.3802 212.275 0.0131713 -0.00154901 0.999884 -1.19648 2.66731 19.6261 4.91003 47.8869 0
19861760 -9.49315 -26.0673 212.123 0.00230679 0.00496334 0.999985 -9.53904 -28.4937 212.272 0.0135348 -0.00191935 0.999767 -1.22119 2.65496 19.3467 4.9603 48.0663 0
19988055 -8.39789 -26.0725 212.126 0.000270524 0.00534422 0.999986 -8.31414 -28.6165 212.265 0.0137823 -0.00143024 0.999878 -1.24359 2.64548 19.0991 5.01058 48.2171 0
20114011 -7.27115 -26.1016 212.126 -0.000571425 0.00511099 0.999987 -7.18489 -28.5098 212.255 0.0124389 -0.00154508 0.999889 -1.2637 2.63628 18.8752 5.06142 48.3568 0
20243664 -6.12284 -26.1154 212.109 -0.00160716 0.00463728 0.999988 -5.94123 -28.5198 212.247 0.0107319 -0.00116977 0.999894 -1.28295 2.62795 18.6514 5.11313 48.4822 0
20369796 -5.03251 -26.1178 212.118 -0.00379784 0.00463075 0.999982 -4.82056 -28.5338 212.239 0.0102481 -0.000312818 0.999882 -1.30162 2.62163 18.4593 5.1634 48.5981 0
20496080 -3.89903 -26.1379 212.107 -0.00237055 0.00403935 0.999989 -3.58428 -28.4345 212.229 0.00939686 0.000302006 0.999876 -1.31886 2.61273 18.2926 5.21425 48.6918 0
20622640 -2.75726 -26.1483 212.103 -0.000290351 0.0038229 0.999993 -2.46416 -28.338 212.22 0.00903578 0.00128036 0.999861 -1.33523 2.60382 18.1577 5.2651 48.7664 0
20751360 -1.73129 -26.1769 212.121 -0.000331624 0.00400967 0.999992 -1.23078 -28.3605 212.212 0.0084344 0.0029923 0.999834 -1.34874 2.59865 18.0545 5.31077 48.8315 0
20889171 -0.462471 -26.1897 212.111 -0.00112828 0.00393305 0.999992 0.00723727 -28.1473 212.199 0.00745979 0.00336368 0.999834 -1.3631 2.59405 17.9275 5.36593 48.8886 0
21018329 0.707111 -26.2156 212.106 -0.00212159 0.00280491 0.999994 1.13365 -27.9324 212.188 0.00648455 0.00361302 0.999836 -1.37086 2.59262 17.7957 5.41333 48.9744 0
21145896 1.82312 -26.1988 212.095 -0.00145483 0.00224661 0.999996 2.16075 -27.8238 212.067 0.00404067 0.00313792 0.999861 -1.37947 2.58917 17.6878 5.45901 49.0363 0
21272876 2.93023 -26.1877 212.096 -0.000715795 0.00206815 0.999998 3.28377 -27.6067 212.056 0.00343034 0.00314119 0.999865 -1.38292 2.58745 17.6417 5.50181 49.0712 0
21398600 4.09935 -26.142 212.073 0.00123144 0.00157403 0.999998 4.41038 -27.4968 212.158 0.00245254 0.00290233 0.999876 -1.37832 2.58745 17.6274 5.5426 49.0839 0
21528169 5.18995 -26.1381 212.068 0.000335567 0.000322846 1 5.41605 -27.5044 212.151 0.00233175 0.00314708 0.999872 -1.36683 2.59319 17.6481 5.57679 49.0871 0
21656051 6.33352 -26.0845 212.077 0.00164024 -0.000770679 0.999998 6.53399 -27.3897 212.141 0.00220457 0.00217135 0.999891 -1.34644 2.60009 17.7338 5.60781 49.0871 0
21783815 7.45929 -26.0563 212.083 0.00221516 -0.00200197 0.999996 7.42986 -27.2682 212.133 0.00195212 0.000586035 0.999922 -1.31915 2.611 17.8878 5.63395 49.0458 0
21909942 8.54815 -26.04 212.082 0.00260675 -0.00352077 0.99999 8.32967 -27.0441 212.123 0.0013386 -2.09328e-005 0.999937 -1.28726 2.62479 18.0815 5.65521 48.9744 0
22036237 9.62589 -26.0194 212.078 0.00315255 -0.0046295 0.999984 9.22728 -27.024 212.117 0.000835432 -0.0027056 0.999867 -1.25394 2.63973 18.3243 5.67446 48.868 0
22162487 10.7095 -26.0216 212.077 0.0033934 -0.00549622 0.999979 10.1605 -27.2111 212.004 -0.00370614 -0.00732144 0.999861 -1.21774 2.65697 18.6387 5.69112 48.7093 0
22287072 11.7906 -26.0226 212.083 0.00356844 -0.00559127 0.999978 11.1311 -27.2004 211.997 -5.31168e-005 -0.00904976 0.999867 -1.18212 2.67449 19.0165 5.70721 48.4965 0
22413991 12.9217 -26.0348 212.074 0.00376231 -0.00600501 0.999975 12.3202 -27.2181 211.989 0.00410352 -0.00785153 0.999817 -1.14276 2.69489 19.4356 5.721 48.2441 0
22538735 13.975 -26.0477 212.086 0.00352231 -0.00625591 0.999974 13.5226 -27.2339 212.092 0.00691826 -0.00664388 0.999898 -1.10599 2.715 19.8595 5.73277 47.9901 0
22667912 15.098 -26.0493 212.084 0.00396846 -0.00617772 0.999973 14.7342 -27.3631 211.974 0.00851023 -0.005676 0.999869 -1.06549 2.73683 20.3325 5.7434 47.6885 0
22795119 16.2319 -26.0262 212.086 0.00409483 -0.00639268 0.999971 15.9615 -27.2558 211.964 0.00863101 -0.00592075 0.999873 -1.02383 2.75981 20.8136 5.75317 47.3821 0
22918071 17.2923 -26.052 212.081 0.00453654 -0.00605749 0.999971 17.0891 -27.3805 212.07 0.00741547 -0.00493782 0.999863 -0.979593 2.78365 21.3358 5.75805 47.0329 0
23044715 18.4478 -26.0494 212.085 0.00476941 -0.00563293 0.999973 17.9897 -27.3731 212.176 0.00667732 -0.00603233 0.999888 -0.928746 2.81066 21.9232 5.76179 46.6392 0
23172096 19.5482 -26.0633 212.097 0.00436651 -0.00507452 0.999978 19.2311 -27.3888 212.167 0.00521765 -0.00504809 0.99988 -0.874165 2.8391 22.5408 5.76179 46.2216 0
23302438 20.7371 -26.0446 212.1 0.00627423 -0.00244377 0.999977 20.3602 -27.2969 212.158 0.0038826 -0.00357631 0.999863 -0.813263 2.86696 23.1869 5.76064 45.7914 0
23428761 21.9248 -26.0453 212.102 0.00839257 0.000916115 0.999964 21.5924 -27.3308 212.149 0.00341052 -0.000642303 0.999934 -0.743744 2.89655 23.8488 5.75375 45.3596 0
23554878 22.994 -26.064 212.106 0.00869563 0.00228332 0.99996 22.6959 -27.373 212.142 0.00477371 0.00325604 0.999854 -0.66417 2.92987 24.441 5.73737 44.9929 0
23680248 24.0537 -26.1054 212.113 0.00809219 0.0033308 0.999962 24.0193 -27.4017 212.133 0.00649561 0.00556802 0.999922 -0.572531 2.96607 24.9855 5.71209 44.6707 0
23806907 24.939 -25.9693 212.109 0.0065947 0.00283874 0.999974 24.9907 -27.6596 212.131 0.00993008 0.00872294 0.999841 -0.509906 2.99049 25.257 5.70089 44.5087 0
23934175 25.366 -25.4761 212.137 0.00108217 4.70938e-005 0.999999 25.8718 -27.3329 212.119 0.0113968 0.00908123 0.999824 -0.521971 2.99078 25.249 5.7299 44.4976 0
24061530 25.7649 -24.6223 212.126 -0.00105122 0.000997381 0.999999 26.5455 -26.5712 212.1 0.0114057 0.0107899 0.999793 -0.578276 2.97124 25.1252 5.78707 44.4992 0
24187556 26.0685 -23.6887 212.082 0.00395271 0.00783613 0.999961 27.2033 -25.5168 212.188 0.0133927 0.017248 0.999662 -0.657563 2.93476 24.8141 5.85257 44.6199 0
24314728 26.2276 -22.5382 212.082 0.00650996 0.0139104 0.999882 28.0508 -24.0853 212.381 0.0193246 0.0312499 0.999243 -0.748053 2.89224 24.3267 5.92467 44.8802 0
24442070 26.1967 -21.4281 212.11 0.00451128 0.013768 0.999895 27.9405 -23.1125 212.363 0.00768438 0.0227709 0.9996 -0.823892 2.85806 23.7393 5.98643 45.2437 0
24569638 26.1558 -20.2749 212.113 0.00368867 0.0140428 0.999895 27.743 -22.1036 212.346 0.00548528 0.0224166 0.999621 -0.889965 2.82502 23.1202 6.04533 45.6343 0
24695002 26.1103 -19.1737 212.115 0.00294511 0.0133698 0.999906 27.9869 -20.9741 212.323 0.00389011 0.0208384 0.999661 -0.944259 2.79687 22.5281 6.09876 46.0248 0
24821455 26.0045 -18.0828 212.146 0.000174255 0.0102429 0.999948 28.1021 -19.8541 212.302 0.00413168 0.0203489 0.999668 -0.99568 2.77216 21.9502 6.15162 46.4185 0
24948406 25.9628 -16.9962 212.177 -0.00244103 0.00863359 0.99996 28.2082 -18.7386 212.281 0.00535234 0.0203424 0.99966 -1.04193 2.74918 21.4771 6.20447 46.7265 0
25074923 25.9774 -15.8541 212.148 -0.00272397 0.00818869 0.999963 28.3234 -17.6221 212.26 0.00559583 0.020219 0.99966 -1.08359 2.72649 20.9818 6.25848 47.0217 0
25201070 26.01 -14.7408 212.142 -0.0035834 0.00657996 0.999972 28.3191 -16.5026 212.239 0.0066925 0.019847 0.99966 -1.12093 2.70753 20.5373 0.0281525 47.298 0
25326673 26.0306 -13.6212 212.137 -0.00365002 0.00629685 0.999974 28.3208 -15.1711 212.103 0.00718397 0.0204546 0.999645 -1.15741 2.68799 20.1119 0.0815849 47.5647 0
25451891 26.0661 -12.4809 212.119 -0.00264378 0.00718454 0.999971 28.4331 -13.9509 212.08 0.00779813 0.0211836 0.999628 -1.19074 2.66903 19.7039 0.135017 47.8234 0
25578201 26.0721 -11.3779 212.116 -0.00220294 0.0068631 0.999974 28.4346 -12.7337 212.17 0.0084155 0.0225229 0.999599 -1.22435 2.6518 19.2991 0.188162 48.0838 0
25703120 26.1055 -10.2664 212.097 -0.0010906 0.00760443 0.99997 28.4436 -11.5195 212.036 0.00805569 0.0237453 0.999579 -1.25451 2.63571 18.9276 0.240733 48.3171 0
25829836 26.0811 -9.1615 212.098 -0.000615891 0.00803691 0.999968 28.2264 -10.2875 212.126 0.00817712 0.0236226 0.999581 -1.2887 2.61905 18.5529 0.295314 48.5553 0
25956202 26.1235 -8.04932 212.076 0.000170233 0.00813825 0.999967 28.0145 -9.06756 211.994 0.00757063 0.0243582 0.999571 -1.31857 2.60555 18.2037 0.349321 48.7632 0
26082469 26.0758 -6.8982 212.079 0.000730924 0.0104423 0.999945 27.9303 -7.94539 211.974 0.00524818 0.0237604 0.999598 -1.35592 2.58773 17.8449 0.407637 48.9902 0
26208679 26.0976 -5.82378 212.081 0.000938274 0.0108642 0.999941 27.3906 -6.82646 211.957 0.00390546 0.0237676 0.999607 -1.39412 2.57337 17.4719 0.465379 49.2252 0
26334268 26.1637 -4.78409 212.073 0.00168363 0.0121332 0.999925 26.9837 -5.68917 212.051 0.000355954 0.0219559 0.999664 -1.44957 2.55527 16.9178 0.532025 49.584 0
26460600 26.3397 -3.78566 212.045 0.00324826 0.0166779 0.999856 25.0231 -4.9558 211.94 -0.00462152 0.00403874 0.999903 -1.44325 2.5524 16.8305 0.571669 49.6887 0
26585571 25.9623 -2.64795 211.996 0.00175776 0.0230445 0.999733 24.9558 -3.63321 211.917 -0.0086401 0.00589106 0.999897 -1.49352 2.52712 16.359 0.644348 50.0221 0
26713985 25.6964 -1.68826 212.031 -0.00172803 0.0186831 0.999824 24.643 -2.5273 212.122 -0.010218 0.00760825 0.999876 -1.53517 2.51678 15.9193 0.714155 50.3999 0
26840861 25.6427 -0.52883 212.048 -0.00179556 0.0177355 0.999841 24.7572 -1.39825 212.101 -0.00985948 0.0061417 0.999901 -1.51305 2.52195 16.0018 0.752075 50.3841 0
26965592 25.7082 0.621466 212.061 -0.00150641 0.0157143 0.999875 24.5337 -0.278971 212.193 -0.00912709 0.00613778 0.999896 -1.48864 2.53086 16.1431 0.785685 50.3015 0
27092270 25.7963 1.75214 212.049 -0.000238717 0.0130703 0.999915 24.5339 0.838203 212.173 -0.0085174 0.00601245 0.999894 -1.46422 2.54177 16.2527 0.816998 50.2269 0
27217429 25.8415 2.89188 212.057 0.000274091 0.0107357 0.999942 24.6465 1.96091 211.928 -0.00815759 0.00479001 0.999914 -1.44124 2.5524 16.4178 0.84831 50.1221 0
27343806 25.8528 4.03836 212.079 0.000334369 0.0100082 0.99995 24.517 3.0958 211.908 -0.00560445 0.00282349 0.999932 -1.41596 2.56245 16.6591 0.876463 49.9856 0
27469817 25.8913 5.16005 212.088 0.000696729 0.0078058 0.999969 24.5118 4.19507 211.777 -0.00449754 0.00440423 0.999896 -1.38895 2.57538 16.9353 0.90203 49.8094 0
27596489 25.9213 6.32194 212.098 0.000961193 0.00644227 0.999979 24.8568 5.27521 211.755 -0.00496662 0.00806829 0.999832 -1.3608 2.5886 17.2369 0.927023 49.6173 0
27724096 25.9355 7.4776 212.102 0.00120115 0.00557196 0.999984 24.8588 6.58696 211.841 -0.00433883 0.0112405 0.999892 -1.33236 2.6021 17.5449 0.950866 49.4205 0
27850123 25.9259 8.59275 212.106 0.000843843 0.00547497 0.999985 24.8755 7.69019 211.933 -0.00542911 0.012833 0.99987 -1.30478 2.61474 17.8767 0.972699 49.2014 0
27977650 25.9662 9.71859 212.116 0.00155453 0.00301697 0.999994 24.9969 8.89789 211.91 -0.00578443 0.0149098 0.999835 -1.27491 2.63169 18.2228 0.992808 48.9696 0
28103656 25.9941 10.8366 212.112 0.00249864 0.0013766 0.999996 25.0065 10.0005 211.778 -0.0062663 0.0161329 0.999816 -1.24331 2.64921 18.5672 1.01091 48.7394 0
28229031 25.9708 11.9466 212.106 0.00215738 0.00151024 0.999997 25.0165 11.1151 211.869 -0.00663058 0.016501 0.999812 -1.21286 2.66444 18.9403 1.02872 48.487 0
28356472 25.9583 13.099 212.091 0.00194736 0.00200952 0.999996 25.0291 12.2209 211.85 -0.00735805 0.0176011 0.999674 -1.1781 2.68196 19.3435 1.04452 48.214 0
28482705 25.9629 14.1894 212.098 0.0030381 0.000376363 0.999995 25.0383 13.3369 211.829 -0.00772424 0.0176031 0.999677 -1.14334 2.70236 19.7388 1.05802 47.9584 0
28609358 25.9618 15.2724 212.098 0.00301642 6.69149e-005 0.999995 25.0493 14.3458 211.811 -0.00833713 0.0171182 0.99969 -1.10657 2.72246 20.1833 1.06922 47.6631 0
28735473 25.9565 16.3658 212.087 0.00282151 0.000523578 0.999996 25.0592 15.3638 211.792 -0.00883307 0.0156562 0.99972 -1.06606 2.74401 20.65 1.07813 47.3519 0
28861615 25.9571 17.4661 212.09 0.00198184 0.000851765 0.999998 25.1699 16.4951 211.771 -0.00810963 0.0139436 0.999746 -1.02268 2.76699 21.1787 1.08502 46.9995 0
28988859 25.9459 18.5965 212.078 0.00215579 0.0012556 0.999997 25.2603 17.5125 211.862 -0.00518561 0.0127097 0.999871 -0.972411 2.79371 21.7152 1.08876 46.6487 0
29114955 25.9313 19.6883 212.081 0.00175175 0.00169395 0.999997 25.1591 18.6324 211.842 -0.00567579 0.0123461 0.999881 -0.918979 2.82129 22.2915 1.08933 46.2772 0
29241567 25.8907 20.8384 212.086 -0.00137228 0.00390438 0.999991 25.2887 19.7555 211.934 -0.00690048 0.0117402 0.999778 -0.861525 2.84743 22.9313 1.08876 45.8597 0
29367677 25.8729 21.9914 212.092 -0.0034491 0.00563016 0.999978 25.2012 21.1009 211.91 -0.00873467 0.0111398 0.999802 -0.792005 2.87874 23.5901 1.08071 45.447 0
29492376 25.8729 23.0735 212.097 -0.00455431 0.00583262 0.999973 25.3391 22.2253 211.888 -0.010937 0.0101752 0.999834 -0.713293 2.9135 24.2473 1.06491 45.039 0
29618484 25.8866 24.1681 212.094 -0.006264 0.00634935 0.99996 25.5954 23.3275 211.868 -0.0138603 0.0115312 0.999707 -0.625101 2.94883 24.868 1.04222 44.6596 0
29744858 25.7134 24.9802 212.095 -0.00598457 0.00535204 0.999968 25.7344 24.428 211.847 -0.0161713 0.0131303 0.999694 -0.566785 2.9721 25.1871 1.03188 44.4802 0
29868320 25.1586 25.3771 212.104 -0.00377128 0.00162499 0.999992 25.4149 25.2008 211.835 -0.0173862 0.0142352 0.999682 -0.569658 2.97498 25.2046 1.05371 44.4675 0
29994372 24.3711 25.6541 212.096 -0.00359044 -0.00136757 0.999993 24.6468 25.7697 211.829 -0.0184886 0.0135088 0.999703 -0.609301 2.96291 25.1062 1.09737 44.4817 0
30118843 23.383 25.9813 212.074 -0.00750152 -0.000199545 0.999972 23.7865 26.2228 211.94 -0.0216632 0.0135236 0.999602 -0.674224 2.93505 24.8252 1.15799 44.5945 0
30244456 22.3381 26.1216 212.093 -0.0108499 0.000138787 0.999941 22.6575 26.5295 212.057 -0.0320208 0.0174781 0.999234 -0.755235 2.89827 24.3457 1.22406 44.8564 0
30370611 21.2626 26.1257 212.1 -0.0121374 0.000152969 0.999926 21.8121 26.2943 212.176 -0.0252359 0.00743798 0.999615 -0.834809 2.85978 23.6996 1.28755 45.2358 0
30496078 20.1814 26.1073 212.107 -0.0125436 -0.000789689 0.999921 20.7941 26.1094 212.187 -0.0239117 0.00389138 0.999671 -0.903754 2.82473 23.0821 1.34644 45.5994 0
30620330 18.9694 26.1071 212.106 -0.0113048 -0.00105518 0.999936 19.5469 26.0195 212.085 -0.0219682 0.00205019 0.999692 -0.963793 2.79342 22.4122 1.4059 46.0343 0
30747689 17.9267 26.0224 212.118 -0.010098 -0.00153556 0.999948 18.6527 25.7897 212.095 -0.0219618 0.00327067 0.999669 -1.01464 2.7667 21.8295 1.45675 46.4248 0
30873687 16.8594 25.9129 212.153 -0.00786502 -0.00389138 0.999961 17.5296 25.5669 212.107 -0.0213483 0.00387764 0.999654 -1.06549 2.742 21.3009 1.50989 46.7693 0
30998057 15.7837 25.9059 212.154 -0.00757746 -0.00468234 0.99996 16.639 25.5728 212.113 -0.0215931 0.0037569 0.999658 -1.10714 2.71988 20.858 1.5616 47.0392 0
31124415 14.6904 25.9193 212.148 -0.00652696 -0.0050295 0.999966 15.4129 25.4632 212.123 -0.0218347 0.0042464 0.999651 -1.14362 2.70121 20.423 1.61331 47.317 0
31249871 13.5648 25.948 212.139 -0.00632484 -0.00533769 0.999966 14.2943 25.5879 212.017 -0.0215956 0.0032687 0.999667 -1.17867 2.68282 20.0309 1.66674 47.5567 0
31373998 12.4735 25.9628 212.129 -0.00560492 -0.00519123 0.999971 13.0591 25.4772 212.028 -0.02086 0.00387502 0.999651 -1.20998 2.66702 19.6372 1.71874 47.8155 0
31497377 11.4068 25.966 212.12 -0.00536188 -0.00449033 0.999976 11.9349 25.4787 212.034 -0.0200022 0.00436086 0.999758 -1.23842 2.65237 19.2562 1.76959 48.079 0
31623497 10.2475 25.9748 212.107 -0.00516143 -0.00438411 0.999977 10.5846 25.4895 211.931 -0.0189068 0.00374472 0.999762 -1.26859 2.63743 18.8927 1.82589 48.3124 0
31750944 9.13321 25.9937 212.1 -0.00574653 -0.00400063 0.999975 9.70379 25.5009 212.05 -0.0201309 0.00326085 0.999657 -1.29415 2.62422 18.5815 1.87933 48.5235 0
31877247 8.02623 25.9945 212.106 -0.00564794 -0.00382249 0.999977 8.34603 25.399 211.948 -0.0183016 0.00276507 0.999776 -1.31915 2.61244 18.2704 1.93362 48.749 0
32002509 6.96232 25.9649 212.095 -0.00738087 -0.0030069 0.999968 7.22819 25.3025 211.958 -0.0181846 0.00178803 0.999793 -1.34069 2.60037 17.9878 1.98447 48.9537 0
32127908 5.8572 25.9597 212.093 -0.00751577 -0.00245213 0.999969 5.98445 25.0803 211.97 -0.0165946 0.00238976 0.999771 -1.35994 2.59147 17.7068 2.03761 49.1696 0
32254567 4.69066 25.9578 212.09 -0.00732583 -0.00209645 0.999971 4.74817 24.9833 211.98 -0.0157446 0.00153084 0.999781 -1.37746 2.584 17.4512 2.09305 49.3649 0
32380488 3.56278 25.9233 212.068 -0.0116938 -0.000976898 0.999931 3.62915 24.8788 211.99 -0.0155011 0.00140748 0.999781 -1.38551 2.57538 17.302 2.13931 49.4935 0
32508835 2.42281 25.9991 212.073 -0.0100059 0.000217157 0.99995 2.50783 24.7687 212 -0.0150103 0.00189305 0.999769 -1.38637 2.57711 17.1448 2.18613 49.6506 0
32634484 1.33539 25.9609 212.081 -0.00953276 0.000462958 0.999954 1.37856 24.8749 212.004 -0.0135383 0.00310791 0.999859 -1.39298 2.57509 17.0147 2.23324 49.7649 0
32761556 0.247375 25.9495 212.082 -0.00892038 0.000927677 0.99996 0.261943 24.653 212.128 -0.0135344 0.0038402 0.999846 -1.39269 2.57624 16.9543 2.27605 49.8253 0
32885684 -0.834642 25.9008 212.07 -0.00951464 0.00123459 0.999954 -0.741439 24.6652 212.134 -0.0136603 0.00310856 0.99986 -1.38982 2.57711 16.94 2.31626 49.8396 0
33009206 -1.92387 25.8669 212.064 -0.00991419 0.00195732 0.999949 -1.74947 24.4394 212.145 -0.0134117 0.00396159 0.999843 -1.38034 2.58113 16.9702 2.35275 49.8396 0
33135700 -2.92544 25.7743 212.064 -0.0124253 0.0022508 0.99992 -2.75757 24.5612 212.038 -0.0130494 0.00322734 0.999854 -1.37028 2.58285 17.0242 2.38435 49.8348 0
33261759 -4.04886 25.7812 212.066 -0.013041 0.00295566 0.999911 -3.87147 24.5672 212.046 -0.0132935 0.00322865 0.999855 -1.34989 2.59147 17.1702 2.41422 49.7697 0
33388190 -5.16921 25.7921 212.061 -0.0135195 0.00392486 0.999901 -5.09586 24.5715 212.054 -0.0136584 0.00347471 0.999853 -1.32604 2.6021 17.3369 2.44123 49.6903 0
33514738 -6.32814 25.7983 212.067 -0.0130821 0.00462483 0.999904 -6.2109 24.5763 212.061 -0.0137798 0.00359741 0.999852 -1.30191 2.61416 17.5401 2.4688 49.5856 0
33640779 -7.39956 25.7966 212.067 -0.0136388 0.00489073 0.999895 -7.32227 24.3423 211.962 -0.0145039 0.00518797 0.999828 -1.27749 2.62537 17.7687 2.49179 49.4586 0
33768552 -8.53985 25.8066 212.064 -0.0138413 0.0049702 0.999892 -8.53719 24.3456 211.859 -0.0159689 0.00531564 0.999713 -1.25078 2.63829 18.045 2.51477 49.2935 0
33894642 -9.71177 25.8176 212.063 -0.015349 0.004453 0.999872 -9.83965 24.2546 211.87 -0.0200048 0.00387266 0.999767 -1.22148 2.65122 18.3625 2.53574 49.1061 0
34022019 -10.8026 25.8352 212.068 -0.0146861 0.00469028 0.999881 -10.924 24.2718 211.878 -0.0234298 0.00266828 0.99969 -1.19332 2.66673 18.6688 2.5547 48.9172 0
34148105 -11.9146 25.8541 212.067 -0.0147129 0.00470715 0.999881 -12.0257 24.2854 211.998 -0.0248986 0.00206367 0.999589 -1.16258 2.68311 19.0054 2.57193 48.7077 0
34273553 -13.0234 25.8209 212.087 -0.0145932 0.00393652 0.999886 -13.2506 24.194 212.008 -0.0252725 0.000601054 0.999618 -1.13529 2.69776 19.3562 2.59089 48.4854 0
34399661 -14.17 25.8583 212.075 -0.0149446 0.003744 0.999881 -14.2497 24.0891 211.905 -0.0260068 0.000238837 0.99963 -1.09824 2.71758 19.769 2.60353 48.2124 0
34523853 -15.23 25.8756 212.079 -0.0145049 0.00314115 0.99989 -15.365 24.1131 212.025 -0.0260166 -0.00147207 0.999539 -1.06434 2.73654 20.1928 2.61531 47.9219 0
34649398 -16.3551 25.8442 212.083 -0.0137074 0.00324975 0.999901 -16.3792 24.0171 212.034 -0.0250458 -0.00257574 0.999553 -1.02556 2.75895 20.6389 2.62652 47.6282 0
34775972 -17.4625 25.8464 212.08 -0.0138373 0.00295188 0.9999 -17.4024 24.1399 212.037 -0.0229731 -0.00319488 0.999672 -0.980742 2.78337 21.1342 2.63255 47.298 0
34901193 -18.5558 25.8463 212.089 -0.0134447 0.00251794 0.999906 -18.3136 24.1357 212.044 -0.0210149 -0.00222897 0.999641 -0.931619 2.81008 21.6835 2.63542 46.9344 0
35027560 -19.6745 25.8451 212.094 -0.0134481 0.00117638 0.999909 -19.3329 24.1423 212.049 -0.0194279 -0.0023573 0.999755 -0.877038 2.83795 22.2931 2.63542 46.5201 0
35153437 -20.7901 25.8112 212.112 -0.0124246 8.60277e-006 0.999923 -20.47 24.2691 212.055 -0.0171137 -0.00334612 0.999757 -0.816711 2.8684 22.944 2.63255 46.0851 0
35280026 -21.8639 25.8291 212.123 -0.0111046 -0.00083122 0.999938 -21.7221 24.3999 212.061 -0.0144353 -0.00470305 0.999764 -0.744893 2.90258 23.6282 2.62077 45.6343 0
35406395 -23.016 25.8175 212.108 -0.0115527 -0.00196949 0.999931 -22.7317 24.5294 212.065 -0.013832 -0.00604886 0.999784 -0.665894 2.93533 24.2172 2.60583 45.2533 0
35534835 -24.1969 25.8016 212.113 -0.00999994 -0.00149717 0.999949 -23.9496 24.6748 212.072 -0.0148247 -0.008975 0.999722 -0.577989 2.97067 24.7442 2.58659 44.9358 0
35661879 -25.0637 25.6808 212.1 -0.0114768 -0.00374356 0.999927 -25.043 24.479 212.084 -0.0174011 -0.0112824 0.99966 -0.528865 2.98618 25.0014 2.58055 44.7643 0
35785466 -25.4265 25.1216 212.102 -0.00829992 -0.00225245 0.999963 -25.587 24.2817 211.981 -0.0191249 -0.0139605 0.999598 -0.528004 2.99049 25.0411 2.59779 44.731 0
35911584 -25.6456 24.2927 212.112 -0.0040681 -0.000924963 0.999991 -26.157 23.5251 211.999 -0.0182826 -0.016284 0.999635 -0.558454 2.98474 25.0046 2.63456 44.731 0
36037983 -25.8589 23.3394 212.11 -0.000856091 -0.000610483 0.999999 -26.6075 22.7644 212.017 -0.0182937 -0.018239 0.999549 -0.603843 2.97239 24.8918 2.68138 44.7516 0
36163115 -26.1291 22.3262 212.093 -0.00219575 -0.00432608 0.999988 -27.0529 21.5966 212.267 -0.0189357 -0.0239765 0.999414 -0.670203 2.94424 24.5886 2.74142 44.8707 0
36289513 -26.1992 21.2713 212.118 -0.0016242 -0.00687981 0.999975 -27.0521 20.231 212.295 -0.0198407 -0.0331322 0.999221 -0.756958 2.90603 24.0711 2.81123 45.139 0
36415966 -26.1427 20.1082 212.122 0.000251906 -0.00625791 0.99998 -26.7579 19.3288 212.302 -0.00389913 -0.0203866 0.999734 -0.847449 2.86438 23.3329 2.88449 45.5565 0
36542477 -26.0984 18.9913 212.123 0.00180126 -0.00509271 0.999985 -26.469 18.1511 212.319 0.000408733 -0.0139365 0.999831 -0.922426 2.82674 22.6233 2.95056 45.9804 0
36670081 -26.0592 17.917 212.133 0.00241857 -0.00463478 0.999986 -26.2581 17.0239 212.226 0.00102354 -0.0130855 0.999812 -0.98419 2.79342 21.9883 3.01002 46.3836 0
36795710 -25.9569 16.8011 212.158 0.0044695 -0.00244634 0.999987 -26.1447 15.9206 212.357 0.000284749 -0.014302 0.999839 -1.04136 2.76527 21.393 3.06834 46.763 0
36922180 -25.9151 15.7501 212.174 0.00697562 -0.000368431 0.999976 -25.8167 14.6826 212.155 0.000165241 -0.0138132 0.999831 -1.08933 2.74257 20.9263 3.12292 47.0345 0
37048507 -25.9262 14.6441 212.175 0.00847793 0.00117075 0.999963 -25.8294 13.5644 212.175 0.000898915 -0.013573 0.999821 -1.13098 2.72246 20.5008 3.17779 47.2789 0
37174842 -25.9397 13.5103 212.153 0.00824919 0.00121765 0.999965 -25.8423 12.3211 212.086 0.00151692 -0.0121117 0.99979 -1.16776 2.70264 20.0833 3.23208 47.5266 0
37300356 -25.9597 12.3907 212.137 0.00784429 0.000826447 0.999969 -25.8463 11.206 212.218 0.00139549 -0.011989 0.999789 -1.20079 2.68454 19.7086 3.28552 47.7552 0
37426771 -25.9763 11.2676 212.128 0.00750123 0.000825133 0.999972 -25.8506 10.0834 212.126 0.00115475 -0.0114973 0.999904 -1.23096 2.66875 19.3578 3.33895 47.9758 0
37552825 -25.9896 10.1623 212.124 0.00700703 0.000597907 0.999975 -25.8577 8.73171 212.151 0.00116179 -0.0101547 0.999879 -1.25825 2.65438 19.034 3.39152 48.1902 0
37678188 -25.9829 9.06025 212.106 0.00640305 0.000944049 0.999979 -25.7413 7.83734 212.055 6.25535e-005 -0.0102709 0.999889 -1.28353 2.64203 18.7101 3.44409 48.3981 0
37804728 -25.9938 7.94393 212.098 0.00567772 0.00020493 0.999984 -25.7557 6.60751 212.077 0.000918293 -0.0100314 0.999879 -1.30593 2.62996 18.4339 3.49666 48.587 0
37929934 -26.0011 6.82958 212.097 0.00526074 -0.000495104 0.999986 -25.88 5.48078 212.099 0.00165708 -0.00881483 0.999851 -1.32719 2.61876 18.1847 3.54952 48.7601 0
38054930 -26.0021 5.74255 212.098 0.00489176 -0.00127852 0.999987 -25.7719 4.59532 212.114 0.00153054 -0.00966851 0.999868 -1.34558 2.60899 17.9672 3.60036 48.9156 0
38181560 -25.9626 4.58789 212.1 0.00445889 -0.00275712 0.999986 -25.5524 3.239 212.137 0.0011733 -0.00795787 0.999839 -1.36425 2.59836 17.7449 3.65437 49.0807 0
38307567 -25.9689 3.48681 212.091 0.00372143 -0.00277313 0.999989 -25.5611 2.22664 212.155 0.0015448 -0.00710327 0.999943 -1.37344 2.59405 17.5814 3.70177 49.2062 0
38433099 -25.9698 2.38236 212.097 0.00330457 -0.00278076 0.999991 -25.5641 1.22336 212.173 0.00130003 -0.00722401 0.999947 -1.38091 2.59061 17.4608 3.74831 49.3077 0
38559188 -25.9641 1.30266 212.097 0.00285907 -0.00283449 0.999992 -25.5733 0.105099 212.194 0.00166751 -0.00698187 0.99994 -1.38464 2.58888 17.3782 3.79169 49.3792 0
38684564 -25.9563 0.220751 212.095 0.00242324 -0.00298005 0.999993 -25.573 -0.90842 212.212 0.0010623 -0.00600221 0.999926 -1.38436 2.58888 17.3417 3.83248 49.4157 0
38811145 -25.9414 -0.883517 212.08 0.00186262 -0.00301436 0.999994 -25.5808 -2.031 212.121 0.00118692 -0.00551468 0.999916 -1.38005 2.59089 17.3401 3.87155 49.4173 0
38936402 -25.9008 -2.01742 212.059 0.000843358 -0.003449 0.999994 -25.587 -3.15405 212.253 0.0013141 -0.00453895 0.999898 -1.37057 2.59492 17.3592 3.90861 49.4173 0
39064051 -25.8693 -3.0891 212.062 -0.000194379 -0.0038465 0.999993 -25.5845 -4.04212 212.158 0.000455804 -0.00526665 0.999917 -1.35707 2.60095 17.4211 3.94049 49.4125 0
39185507 -25.864 -4.12878 212.055 -0.00120157 -0.00433123 0.99999 -25.6906 -4.93666 212.175 -0.00064151 -0.00501666 0.99992 -1.33868 2.60928 17.5417 3.9675 49.3601 0
39308597 -25.8643 -5.23142 212.06 -0.00224504 -0.00403463 0.999989 -25.9128 -5.83511 212.193 -0.001248 -0.0042811 0.99991 -1.318 2.61991 17.6973 3.99507 49.2887 0
39434835 -25.8453 -6.32585 212.06 -0.00330663 -0.0045796 0.999984 -26.0327 -6.83527 212.1 -0.00100707 -0.00489265 0.99992 -1.29502 2.63083 17.8687 4.02064 49.2141 0
39560288 -25.8593 -7.42304 212.061 -0.0040374 -0.00474195 0.999981 -26.0149 -7.84298 212.007 -0.00356981 -0.00475686 0.999935 -1.26974 2.64347 18.0989 4.04391 49.0903 0
39686368 -25.8983 -8.54461 212.078 -0.00482528 -0.00433505 0.999979 -26.2174 -8.85768 212.027 -0.00637093 -0.00352132 0.999931 -1.2413 2.65869 18.3799 4.06517 48.9442 0
39812605 -25.9294 -9.64263 212.082 -0.00463388 -0.00520172 0.999976 -26.2239 -9.95641 211.936 -0.00638263 -0.00559837 0.999847 -1.21429 2.67133 18.6863 4.08614 48.7601 0
39939569 -25.9221 -10.7716 212.089 -0.00472009 -0.00464844 0.999978 -26.3488 -11.0534 211.846 -0.00566175 -0.00779916 0.999883 -1.18786 2.68598 19.0006 4.10797 48.56 0
40066112 -25.9641 -11.8861 212.086 -0.00453925 -0.0044071 0.99998 -26.236 -12.2717 211.979 -0.00639862 -0.00864957 0.999903 -1.15713 2.70264 19.3769 4.12549 48.3076 0
40192762 -25.966 -13.0229 212.095 -0.00458254 -0.00406393 0.999981 -26.2543 -13.3774 211.999 -0.00506165 -0.00975521 0.999914 -1.12438 2.72103 19.7658 4.14216 48.06 0
40323054 -25.9416 -14.1502 212.066 -0.00515485 -0.00439206 0.999977 -26.382 -14.495 212.02 -0.00396178 -0.009517 0.999902 -1.08675 2.742 20.1563 4.15508 47.7949 0
40448340 -25.9505 -15.2688 212.069 -0.00547855 -0.00433251 0.999976 -26.3743 -15.6236 212.041 -0.00541954 -0.00816662 0.999888 -1.04452 2.76613 20.6199 4.1637 47.4996 0
40573477 -25.9736 -16.3753 212.093 -0.00478759 -0.0045582 0.999978 -26.3858 -16.522 212.057 -0.00468394 -0.0075603 0.999872 -1.00085 2.78997 21.1358 4.1706 47.1741 0
40699826 -25.9875 -17.4516 212.096 -0.00415306 -0.00488474 0.999979 -26.3781 -17.6585 212.078 -0.00613722 -0.00535558 0.999841 -0.95259 2.81611 21.6756 4.17347 46.8154 0
40824133 -26.017 -18.5798 212.105 -0.00272451 -0.00539423 0.999982 -26.4973 -18.6703 212.096 -0.00588778 -0.00450032 0.999946 -0.897146 2.84455 22.2979 4.17347 46.401 0
40950178 -26.0333 -19.6955 212.115 -0.00116436 -0.00554014 0.999984 -26.5162 -19.678 212.115 -0.00442107 -0.00414203 0.999929 -0.836532 2.87472 22.9472 4.17002 45.9708 0
41076861 -26.0619 -20.8107 212.115 0.000222049 -0.00594211 0.999982 -26.6554 -21.0336 212.14 -0.00221429 -0.00232309 0.999881 -0.767013 2.90689 23.5964 4.16112 45.5517 0
41202993 -26.0673 -21.9617 212.116 0.00114991 -0.00582452 0.999982 -26.5661 -22.2628 212.162 -0.000504734 -0.00221021 0.999867 -0.692322 2.93907 24.1981 4.1502 45.1787 0
41328537 -26.0642 -23.0597 212.116 0.0018071 -0.00531124 0.999984 -26.4869 -23.4727 212.184 0.00229255 -0.00417804 0.999884 -0.61993 2.96751 24.6966 4.139 44.877 0
41454623 -26.0489 -24.1568 212.113 0.00224312 -0.00514742 0.999984 -26.3029 -24.6718 212.205 0.00581583 -0.00737028 0.999919 -0.547825 2.99279 25.0855 4.12779 44.6532 0
41581207 -25.8753 -25.0425 212.114 0.00153172 -0.00389118 0.999991 -25.9953 -25.7623 212.223 0.0081189 -0.0103141 0.999835 -0.498989 3.01117 25.2935 4.12492 44.5294 0
41706376 -25.3192 -25.5386 212.142 0.000844429 -0.00205615 0.999998 -25.7959 -26.4182 212.234 0.0103078 -0.0119125 0.999849 -0.50732 3.01318 25.2951 4.14733 44.5198 0
41831793 -24.5336 -25.9248 212.135 0.00238879 -0.00171628 0.999996 -25.1456 -26.8681 212.239 0.0121379 -0.0119246 0.999715 -0.547538 3.00112 25.1998 4.18841 44.5198 0
41958041 -23.6079 -26.1438 212.107 0.00528097 -0.00193593 0.999984 -24.1655 -27.42 212.242 0.0144508 -0.0131575 0.999721 -0.610738 2.97641 24.9934 4.24328 44.5595 0
42084661 -22.5485 -26.2431 212.124 0.00762272 -0.00115904 0.99997 -22.8412 -27.9422 212.358 0.0278525 -0.0176299 0.999346 -0.694908 2.94194 24.587 4.3105 44.7453 0
42210050 -21.4456 -26.2766 212.133 0.010126 -0.000998077 0.999948 -21.6709 -27.9314 212.457 0.0221731 -0.00721613 0.999682 -0.783962 2.89827 23.987 4.38404 45.0755 0
42334809 -20.3187 -26.2278 212.121 0.010736 -0.000744246 0.999942 -20.6299 -27.7703 212.334 0.0182985 -0.00133464 0.999723 -0.865834 2.85403 23.2742 4.45557 45.5089 0
42461821 -19.1944 -26.1733 212.104 0.0114174 -0.000507751 0.999935 -19.2865 -27.6704 212.323 0.0179349 -0.000844482 0.999717 -0.937077 2.81324 22.5963 4.52222 45.9248 0
42588432 -18.0266 -26.1144 212.113 0.0104632 -3.69415e-005 0.999945 -17.9635 -27.5489 212.312 0.0197563 -0.00268502 0.999738 -0.995968 2.78164 21.955 4.58139 46.3534 0
42712796 -16.9132 -26.0349 212.154 0.00881789 0.00154095 0.99996 -16.7417 -27.5364 212.416 0.0204782 -0.0045219 0.999645 -1.04854 2.75579 21.3946 4.6354 46.736 0
42839605 -15.8168 -26.0238 212.162 0.00800792 0.00289777 0.999964 -15.6399 -27.5432 212.297 0.0219424 -0.00465181 0.999637 -1.09335 2.73309 20.931 4.68797 47.0154 0
42965799 -14.7278 -26.04 212.16 0.00722735 0.0034146 0.999968 -14.6244 -27.5545 212.402 0.0208483 -0.00379158 0.999629 -1.13012 2.71442 20.5119 4.73796 47.2773 0
43089972 -13.6057 -26.0671 212.137 0.00742513 0.00273218 0.999969 -13.6121 -27.677 212.285 0.0198745 -0.00341797 0.999751 -1.16172 2.69661 20.1135 4.78852 47.5313 0
43216315 -12.4876 -26.0593 212.129 0.00695246 0.00291789 0.999972 -12.3753 -27.6848 212.276 0.0188986 -0.00329068 0.999755 -1.19447 2.67995 19.7277 4.84022 47.7742 0
43342784 -11.3785 -26.042 212.122 0.00688256 0.0026507 0.999973 -11.2495 -27.8024 212.271 0.0178 -0.00328479 0.999763 -1.22406 2.66444 19.3626 4.89165 48.0155 0
43468038 -10.269 -26.034 212.116 0.00674528 0.00242098 0.999974 -10.1293 -27.6957 212.261 0.0174332 -0.00340488 0.999767 -1.25106 2.65065 19.026 4.94335 48.2409 0
43592383 -9.15893 -26.0483 212.117 0.00595954 0.00265555 0.999979 -9.00516 -27.6995 212.254 0.0165774 -0.00364439 0.999777 -1.27606 2.63916 18.726 4.99564 48.4394 0
43719084 -8.00023 -26.0662 212.097 0.00623243 0.0018914 0.999979 -7.88676 -27.7123 212.246 0.0163371 -0.00291079 0.999766 -1.29617 2.62853 18.4402 5.0485 48.6346 0
43843859 -6.89598 -26.0548 212.097 0.00622131 0.00204764 0.999979 -6.64047 -27.7278 212.126 0.0142659 -0.00216737 0.999766 -1.31857 2.61761 18.1831 5.10164 48.8061 0
43966257 -5.86671 -26.092 212.104 0.00270614 0.00261139 0.999993 -5.51677 -27.7398 212.23 0.0135388 -0.00130688 0.999877 -1.33753 2.6133 17.937 5.15134 48.968 0
44091775 -4.75705 -26.0814 212.11 0.00197602 0.00254272 0.999995 -4.38299 -27.6342 212.22 0.0117078 -0.00129706 0.99989 -1.35649 2.60526 17.7036 5.20477 49.1331 0
44218752 -3.61782 -26.0854 212.11 0.00124726 0.00220057 0.999997 -3.13762 -27.5338 212.21 0.00987937 -0.000799047 0.999893 -1.37143 2.59923 17.5004 5.25763 49.2776 0
44345248 -2.51113 -26.0913 212.114 -0.000490151 0.00179754 0.999998 -2.00874 -27.4251 212.312 0.00865807 -0.000914548 0.999904 -1.38464 2.59549 17.3099 5.30876 49.4141 0
44472286 -1.37928 -26.1174 212.115 -0.00176082 0.00181111 0.999997 -0.76473 -27.4418 212.192 0.00683156 -5.03915e-005 0.9999 -1.39614 2.59204 17.1845 5.35961 49.4871 0
44598702 -0.294578 -26.1047 212.108 -0.00227494 0.00152917 0.999996 0.477252 -27.3391 212.181 0.00536805 0.000201561 0.999906 -1.40504 2.58888 17.0734 5.40701 49.5538 0
44723516 0.808777 -26.0807 212.106 -0.00231825 0.00136533 0.999996 1.37762 -27.2255 212.173 0.00463181 -0.000526801 0.999924 -1.41079 2.58659 17.0083 5.45269 49.5919 0
44848298 1.9 -26.0481 212.1 -0.00189245 0.000866489 0.999998 2.50002 -27.1256 212.164 0.00402468 8.67134e-005 0.999917 -1.40964 2.58687 16.9909 5.49319 49.6078 0
44975079 3.02263 -25.9889 212.072 -0.00159738 -0.000251698 0.999999 3.50797 -27.1322 212.157 0.00365913 0.000210726 0.999917 -1.40246 2.59032 16.9909 5.53111 49.6078 0
45100861 4.09684 -25.9275 212.056 -0.000771627 -0.00148152 0.999999 4.62422 -26.9058 212.145 0.00377607 -0.000766315 0.999934 -1.38838 2.59635 17.0496 5.56242 49.5903 0
45225577 5.18824 -25.9175 212.058 -0.000164718 -0.00228977 0.999997 5.52325 -26.9059 212.028 0.00303984 -0.00149468 0.999952 -1.36798 2.60555 17.2147 5.58914 49.5078 0
45350806 6.20422 -25.9061 212.058 0.000935927 -0.00329121 0.999994 6.19936 -26.912 212.135 0.00243207 -0.00100321 0.999948 -1.34299 2.61646 17.4084 5.61011 49.4189 0
45476935 7.30072 -25.8885 212.06 0.0016755 -0.00402743 0.99999 6.98013 -26.8046 212.127 0.00255414 -0.00100386 0.999947 -1.31685 2.62853 17.6401 5.63309 49.2982 0
45603420 8.45252 -25.8706 212.043 0.00209942 -0.00560172 0.999982 7.88669 -26.667 212.008 0.00106997 -0.00453764 0.999899 -1.28496 2.64461 17.8894 5.65406 49.1681 0
45729924 9.54489 -25.9067 212.064 0.00233623 -0.00556906 0.999982 8.79598 -26.8755 211.895 -0.000896065 -0.00684831 0.999833 -1.25566 2.65898 18.2291 5.67331 48.9728 0
45856145 10.6847 -25.937 212.071 0.00233808 -0.0060736 0.999979 9.90387 -26.8726 211.999 7.66237e-005 -0.00758583 0.99984 -1.22262 2.67621 18.5863 5.69141 48.7632 0
45982433 11.7895 -25.9536 212.078 0.00251128 -0.00584779 0.99998 11.1248 -26.878 211.991 0.000808379 -0.00771181 0.999837 -1.1916 2.69201 18.9625 5.70922 48.5235 0
46108797 12.9031 -25.9845 212.086 0.00189777 -0.00599692 0.99998 12.1169 -26.8822 211.984 0.00215046 -0.00784106 0.99983 -1.15856 2.71069 19.3626 5.72473 48.2616 0
46235046 14.0037 -26.0311 212.103 0.00149949 -0.00568783 0.999983 13.2264 -27.0102 212.09 0.00289072 -0.00650023 0.999923 -1.12352 2.73022 19.8055 5.73795 47.9711 0
46361662 15.1243 -26.0092 212.092 0.00176224 -0.00560222 0.999983 14.3476 -27.1335 212.084 0.00228359 -0.00588671 0.999916 -1.08617 2.75062 20.2357 5.75087 47.679 0
46487976 16.1971 -26.0064 212.087 0.00185477 -0.00565295 0.999982 15.363 -27.0194 212.075 0.00118052 -0.00673516 0.999939 -1.04595 2.77331 20.6881 5.75949 47.3742 0
46612793 17.3601 -25.9397 212.059 0.00283412 -0.00522921 0.999982 16.4872 -27.0209 212.069 0.000322674 -0.007221 0.999831 -1.00028 2.79744 21.1818 5.7684 47.0281 0
46735272 18.4258 -25.9568 212.089 0.00173635 -0.00404787 0.99999 17.6157 -26.8981 211.947 -0.00103092 -0.00928862 0.999878 -0.958335 2.82186 21.7327 5.77385 46.6423 0
46857741 19.5366 -25.9364 212.112 0.00206953 -0.00281324 0.999994 18.6399 -26.9063 212.164 -0.00298014 -0.00854585 0.999878 -0.905765 2.84944 22.3201 5.775 46.2613 0
46986931 20.6546 -25.9853 212.122 0.00133546 -0.00174776 0.999998 19.8944 -27.0246 212.157 -0.00590972 -0.00853014 0.999898 -0.843714 2.88305 22.9916 5.76868 45.793 0
47113200 21.7932 -25.979 212.149 -0.00330921 -0.00221373 0.999992 20.8394 -27.1331 212.042 -0.0116534 -0.00960004 0.999834 -0.789133 2.91867 23.6457 5.76725 45.3072 0
47238666 22.8044 -26.0661 212.127 -0.00394807 -0.00174887 0.999991 21.8809 -27.2378 212.038 -0.0156894 -0.0109232 0.999764 -0.715304 2.95171 24.2648 5.75461 44.9072 0
47363994 23.8369 -26.1303 212.119 -0.00513473 -0.00225233 0.999984 22.9978 -27.2463 212.143 -0.0156869 -0.010435 0.999755 -0.63573 2.98417 24.8045 5.74024 44.5929 0
47489068 24.698 -26.1751 212.115 -0.00832642 -0.00509692 0.999952 24.1927 -27.3922 211.913 -0.0123768 -0.00788743 0.999808 -0.574254 3.01146 25.1379 5.73277 44.404 0
47612909 25.2334 -25.7912 212.12 -0.0109573 -0.00670705 0.999917 25.196 -27.0644 212.123 -0.0118854 -0.00727981 0.999793 -0.584021 3.01175 25.1411 5.76265 44.3865 0
47738807 25.6662 -25.037 212.101 -0.0124076 -0.00586564 0.999906 25.8584 -26.2947 212.103 -0.0106594 -0.00642979 0.999892 -0.636017 2.99307 24.9934 5.81608 44.3913 0
47864187 25.9818 -23.9809 212.088 -0.0124511 -0.00319338 0.999917 26.5218 -25.116 212.076 -0.00929027 -0.00155284 0.999915 -0.713293 2.95831 24.6426 5.88273 44.5024 0
47990686 26.1344 -22.8146 212.105 -0.0121051 0.000193357 0.999927 27.1608 -24.1038 212.276 -0.00520243 0.00965623 0.999805 -0.801485 2.91379 24.087 5.95225 44.777 0
48112501 26.1826 -21.7251 212.122 -0.0120986 0.00125224 0.999926 27.1281 -22.9171 212.255 -0.0130551 0.0021289 0.999874 -0.87675 2.87386 23.4567 6.01286 45.1469 0
48234881 26.173 -20.6491 212.125 -0.0120745 0.00186757 0.999925 26.9047 -21.9294 212.127 -0.0125579 0.00383496 0.999839 -0.94311 2.83651 22.8281 6.06917 45.5295 0
48359678 26.1468 -19.5019 212.138 -0.012061 0.00251935 0.999924 26.906 -20.8214 212.107 -0.0120652 0.00468668 0.99982 -1.00516 2.8006 22.2074 6.12634 45.9311 0
48485817 26.0892 -18.3417 212.136 -0.0117941 0.00262797 0.999927 27.0134 -19.5968 212.195 -0.010842 0.00516833 0.999803 -1.06118 2.76843 21.5978 6.18178 46.3248 0
48611159 26.0491 -17.2563 212.162 -0.0125547 0.00174398 0.99992 27.0045 -18.4841 212.174 -0.00925235 0.00552819 0.999908 -1.11317 2.74114 21.0453 6.23521 46.6852 0
48737810 26.067 -16.181 212.168 -0.0135087 0.00055863 0.999909 26.9982 -17.3701 212.042 -0.00803169 0.00552164 0.9999 -1.15971 2.71787 20.558 0.00517087 46.9789 0
48863474 26.0614 -15.0661 212.148 -0.0131995 0.000364692 0.999913 27.0029 -16.2564 212.022 -0.00790835 0.00576509 0.999894 -1.20022 2.69604 20.1008 0.0574541 47.2567 0
48989003 26.0536 -13.9267 212.13 -0.0123945 0.000446522 0.999923 26.8816 -15.1383 211.89 -0.00632341 0.00539043 0.99989 -1.23641 2.67621 19.6706 0.110025 47.5329 0
49114465 26.0485 -12.7918 212.118 -0.0117515 0.000763255 0.999931 26.9968 -14.0297 211.869 -0.00607544 0.00612141 0.999875 -1.27089 2.65754 19.2753 0.163457 47.7917 0
49239600 26.0712 -11.6863 212.101 -0.0105454 0.000539281 0.999944 26.8833 -12.796 211.959 -0.00510083 0.00575003 0.999875 -1.29789 2.64347 18.9086 0.214304 48.0489 0
49365800 26.043 -10.5832 212.084 -0.00939367 0.000588466 0.999956 26.8847 -11.6743 211.939 -0.00461577 0.00513717 0.999883 -1.32604 2.62881 18.5355 0.266587 48.3092 0
49489456 26.0524 -9.46106 212.086 -0.00897399 0.00089652 0.999959 26.7777 -10.5633 211.919 -0.0044905 0.00574676 0.999871 -1.35362 2.61474 18.2212 0.320881 48.5299 0
49615809 26.024 -8.33179 212.079 -0.00787437 0.00230128 0.999966 26.7838 -9.33596 212.008 -0.00436716 0.0059902 0.999866 -1.37545 2.60181 17.9386 0.373165 48.7442 0
49742031 26.0304 -7.17846 212.085 -0.00747856 0.00267186 0.999968 26.9103 -7.99852 211.983 -0.00522098 0.00611683 0.99987 -1.39901 2.59003 17.6576 0.429182 48.9553 0
49866711 26.0013 -6.12355 212.075 -0.00647453 0.00296763 0.999975 26.8035 -6.8751 211.963 -0.00510275 0.00538388 0.999882 -1.41653 2.58113 17.3893 0.479168 49.1649 0
49992999 25.9495 -4.94483 212.07 -0.00566515 0.00451858 0.999974 26.6979 -5.64144 212.053 -0.0049826 0.00501708 0.999888 -1.43233 2.57136 17.1623 0.533174 49.3522 0
50120015 25.9682 -3.86433 212.07 -0.00492239 0.00517773 0.999974 26.5846 -4.51775 211.922 -0.00425533 0.00403677 0.999901 -1.43951 2.56676 17.0162 0.579712 49.4871 0
50246183 25.9757 -2.77743 212.081 -0.00445611 0.0051604 0.999977 26.5878 -3.40196 212.013 -0.00388785 0.0042789 0.999894 -1.44842 2.56245 16.8638 0.628261 49.6284 0
50372987 25.9224 -1.64792 212.071 -0.00357425 0.00635197 0.999973 26.4735 -2.39691 211.995 -0.00303339 0.00427432 0.999888 -1.45014 2.55958 16.7575 0.673937 49.7332 0
50500186 25.914 -0.546011 212.064 -0.0030525 0.00689085 0.999972 26.4745 -1.26862 212.086 -0.00242882 0.00317261 0.999904 -1.44756 2.55958 16.7226 0.715879 49.7777 0
50624527 25.8809 0.55253 212.054 -0.00238099 0.00779547 0.999967 26.4706 -0.147787 211.954 -0.00145613 0.00243509 0.999911 -1.43923 2.56159 16.7353 0.753798 49.7919 0
50751565 25.8989 1.63183 212.059 -0.00154808 0.00733668 0.999972 26.4771 0.742512 212.05 -0.00157563 0.00292394 0.999903 -1.42716 2.56734 16.7829 0.788558 49.7919 0
50876665 25.9044 2.68616 212.073 -0.000566195 0.00667544 0.999978 26.4824 1.75373 212.031 -0.00157947 0.00219165 0.999917 -1.41308 2.57452 16.8464 0.820732 49.7903 0
51003059 25.8838 3.82667 212.075 0.000546762 0.00641777 0.999979 26.2514 2.87101 212.012 -0.000114682 0.00218379 0.999907 -1.39384 2.58371 16.9591 0.852332 49.7507 0
51127573 25.9126 4.93171 212.078 0.00169182 0.00514849 0.999985 25.9298 3.88058 211.996 -0.000971061 0.00182223 0.999919 -1.37344 2.5952 17.1067 0.881059 49.676 0
51253599 25.9418 6.03495 212.085 0.00297196 0.00346699 0.99999 25.7085 5.11395 211.975 -0.000485356 0.00133142 0.999925 -1.35276 2.60784 17.2671 0.908925 49.5919 0
51379430 25.8966 7.13313 212.075 0.00367465 0.00346599 0.999987 25.5885 6.12016 211.958 0.000978794 0.00120151 0.999917 -1.32949 2.61933 17.4766 0.934492 49.4665 0
51505366 25.9377 8.22695 212.093 0.00394054 0.00234165 0.999989 25.2332 7.12446 211.83 0.00366424 0.00118711 0.999899 -1.30679 2.63226 17.7465 0.958622 49.2998 0
51629809 25.9821 9.35531 212.086 0.00474551 0.000711228 0.999988 25.2543 8.34291 211.808 0.0020825 0.00217201 0.999892 -1.28209 2.64749 18.0275 0.982179 49.1046 0
51764521 25.94 10.5328 212.089 0.00450441 0.000939669 0.999989 25.1435 9.4457 211.9 0.00270179 0.00387741 0.999857 -1.25422 2.66128 18.3688 1.00516 48.8823 0
51887755 25.9236 11.6473 212.09 0.00397872 0.0015892 0.999991 25.1551 10.5605 211.879 0.0020921 0.00400273 0.999858 -1.22291 2.67621 18.7546 1.02297 48.6299 0
52007557 25.996 12.6592 212.088 0.00509938 -0.000125848 0.999987 25.0396 11.5599 211.862 0.00307182 0.00460773 0.999841 -1.19447 2.6946 19.0816 1.0382 48.4076 0
52133954 26.0013 13.8172 212.088 0.00543053 -0.000790362 0.999985 25.042 12.6748 211.842 0.00343866 0.00472782 0.999836 -1.16115 2.71385 19.4864 1.05515 48.1346 0
52260527 25.9756 14.8758 212.1 0.0049273 -0.000674419 0.999988 25.053 13.6837 211.823 0.00282577 0.0042429 0.999849 -1.12869 2.73108 19.8992 1.06922 47.8647 0
52385724 25.9503 15.9875 212.094 0.00495016 -0.000653388 0.999988 24.9383 14.6976 211.917 0.00379846 0.00350537 0.999856 -1.09019 2.75234 20.35 1.081 47.5615 0
52512198 25.9575 17.0904 212.094 0.00514602 -0.00117391 0.999986 25.0551 15.8246 211.784 0.00379078 0.00204079 0.999883 -1.04911 2.77618 20.8342 1.09019 47.2329 0
52637471 25.9526 18.1824 212.087 0.00430739 -0.00106588 0.99999 25.0464 16.8391 211.877 0.00537316 0.00117795 0.999888 -1.00401 2.80032 21.3771 1.09623 46.8535 0
52764050 25.9328 19.2964 212.079 0.00417066 -0.000944065 0.999991 25.16 18.0832 211.854 0.00585183 -0.000655395 0.999918 -0.951153 2.82904 21.947 1.09824 46.4709 0
52890260 25.8702 20.4407 212.092 0.00265702 -0.000385567 0.999996 25.1501 19.2186 211.834 0.00754905 -0.00274161 0.999822 -0.894561 2.85691 22.5646 1.09852 46.0692 0
53015277 25.8506 21.56 212.097 0.00130651 -0.000108808 0.999999 25.2744 20.3442 211.813 0.0068109 -0.00383611 0.999847 -0.829638 2.88822 23.217 1.0922 45.6454 0
53141413 25.8696 22.6701 212.097 0.000448025 -0.000153592 1 25.2866 21.5763 211.79 0.00619801 -0.00432103 0.99986 -0.754373 2.92327 23.8806 1.0787 45.2279 0
53268172 25.9382 23.7325 212.09 0.000416072 -0.00103665 0.999999 25.5304 22.691 211.768 0.00461116 -0.00431252 0.999871 -0.673937 2.95918 24.4902 1.06032 44.8532 0
53392205 25.835 24.736 212.087 7.6967e-005 -0.000747889 1 25.6597 23.9021 211.745 0.00339945 -0.0025973 0.999848 -0.601832 2.98647 24.922 1.04624 44.6214 0
53518769 25.505 25.2659 212.084 0.00150379 -0.00249229 0.999996 25.5762 24.7815 211.84 0.000967922 -0.000873306 0.999955 -0.591203 2.99394 24.9934 1.0606 44.5786 0
53644899 24.8289 25.6401 212.098 0.00122502 -0.00497937 0.999987 24.8038 25.3382 211.723 0.000237446 -0.000503234 0.999953 -0.628836 2.98273 24.9204 1.10398 44.5833 0
53771433 23.8112 25.9516 212.075 -0.00128504 -0.00490931 0.999987 23.9344 25.7856 211.833 -0.00195654 0.000118791 0.999957 -0.688875 2.95573 24.6569 1.16115 44.6691 0
53897403 22.7787 26.0915 212.087 -0.00358925 -0.0050219 0.999981 22.9133 26.0994 212.059 -0.0118274 0.00346489 0.999841 -0.76414 2.91982 24.2045 1.22349 44.8945 0
54023187 21.714 26.132 212.096 -0.00533068 -0.00472414 0.999975 22.1004 25.9305 212.067 -0.0085598 -0.00192291 0.999917 -0.83998 2.88046 23.6091 1.28496 45.231 0
54148691 20.6242 26.1223 212.104 -0.00568722 -0.00514065 0.999971 20.9725 25.8624 212.077 -0.00736108 -0.00595927 0.999861 -0.913234 2.84197 22.9456 1.34615 45.6279 0
54274863 19.4292 26.1165 212.117 -0.00615513 -0.00524179 0.999967 19.8498 25.6443 211.977 -0.00687345 -0.00608394 0.99986 -0.97988 2.80491 22.282 1.40734 46.0502 0
54400980 18.3837 26.0364 212.122 -0.00589048 -0.00549089 0.999968 18.8572 25.5301 211.986 -0.0082117 -0.0052224 0.999853 -1.0359 2.77446 21.6851 1.45991 46.4344 0
54522117 17.4028 25.9808 212.141 -0.00451517 -0.00673692 0.999967 17.8616 25.3031 211.997 -0.00930518 -0.00424012 0.999842 -1.08789 2.74889 21.1374 1.51162 46.7868 0
54647884 16.3232 25.9901 212.162 -0.00370463 -0.0080405 0.999961 16.7352 25.0814 212.009 -0.00832609 -0.00375717 0.999827 -1.13788 2.7239 20.631 1.56735 47.1027 0
54773865 15.1837 25.9587 212.128 -0.00348344 -0.00779563 0.999964 15.5057 24.9776 212.019 -0.00820466 -0.00387987 0.999828 -1.17953 2.70149 20.1468 1.62078 47.3869 0
54900243 13.9664 25.9644 212.121 -0.00431847 -0.00725981 0.999964 14.3877 24.8663 212.029 -0.0080794 -0.00327029 0.999816 -1.21688 2.67995 19.7214 1.67622 47.6599 0
55027276 12.8383 25.9498 212.109 -0.00468949 -0.00630552 0.999969 13.1569 24.8617 211.924 -0.00782932 -0.00229298 0.999919 -1.24675 2.663 19.3356 1.72678 47.9235 0
55154116 11.7491 25.9553 212.098 -0.0042844 -0.0057526 0.999974 12.153 24.8635 212.043 -0.00782612 -0.00168274 0.999908 -1.27491 2.64864 18.9705 1.77763 48.1711 0
55280214 10.586 25.9517 212.087 -0.00455052 -0.00515087 0.999976 11.0327 24.8629 211.939 -0.00745737 -0.00119651 0.999896 -1.30335 2.63341 18.6133 1.83221 48.4124 0
55404353 9.47202 25.9688 212.081 -0.00462544 -0.00467557 0.999978 9.7986 24.7511 211.949 -0.0068432 -0.000467494 0.999879 -1.32777 2.62077 18.3021 1.88478 48.6283 0
55530749 8.36147 25.9865 212.089 -0.00437102 -0.00450849 0.99998 8.57085 24.7656 211.957 -0.00684768 -0.00132183 0.999894 -1.35276 2.60871 17.9973 1.93908 48.8474 0
55657904 7.26349 25.9925 212.094 -0.00392691 -0.00429284 0.999983 7.45473 24.7796 211.965 -0.00685216 -0.00217617 0.99991 -1.37631 2.59779 17.7005 1.99337 49.0633 0
55784447 6.1194 25.9614 212.098 -0.00395011 -0.00392943 0.999984 6.3294 24.5556 211.976 -0.00599386 -0.00144846 0.999891 -1.3993 2.58659 17.4052 2.04968 49.2824 0
55911893 5.01191 25.9463 212.092 -0.00342284 -0.00339581 0.999988 5.20407 24.3293 211.988 -0.00513428 -0.000476659 0.999867 -1.41682 2.57883 17.1496 2.10282 49.4713 0
56038799 3.89606 25.9387 212.095 -0.00345406 -0.00300971 0.99999 3.96891 24.2278 211.998 -0.0044038 -0.000846731 0.999869 -1.4286 2.57308 16.9781 2.15309 49.6094 0
56168420 2.76135 25.9241 212.098 -0.00320269 -0.00254035 0.999992 2.84759 24.1176 212.008 -0.00391298 -0.000361157 0.999857 -1.43635 2.56964 16.8416 2.20222 49.7253 0
56293705 1.64099 25.8984 212.094 -0.00353726 -0.00233276 0.999991 1.7206 24.0109 212.017 -0.00281292 -0.000242772 0.999969 -1.43923 2.56763 16.7845 2.24732 49.7745 0
56420029 0.50513 25.8751 212.078 -0.00333835 -0.00169257 0.999993 0.71149 24.0129 212.023 -0.00232274 0.000120755 0.999959 -1.43549 2.56935 16.7638 2.28926 49.7951 0
56544657 -0.534884 25.8583 212.067 -0.00313914 -0.000816833 0.999995 -0.296995 24.1345 212.028 -0.00183703 -0.000370057 0.999965 -1.4263 2.57366 16.7861 2.32402 49.7967 0
56669588 -1.60843 25.8002 212.057 -0.00325998 0.00022656 0.999995 -1.42002 24.1314 212.036 -0.00109952 0.000602401 0.999942 -1.4151 2.57854 16.8146 2.35878 49.803 0
56798221 -2.72651 25.7659 212.056 -0.00352675 0.00144918 0.999993 -2.31074 24.1271 212.042 -0.00133854 0.0015801 0.999926 -1.397 2.58659 16.9067 2.39038 49.7824 0
56924477 -3.81719 25.7822 212.062 -0.00332525 0.00233113 0.999992 -3.53909 24.243 212.048 -0.00121519 0.00182354 0.999921 -1.3766 2.59664 17.0639 2.41882 49.711 0
57050786 -4.97021 25.736 212.064 -0.00423515 0.00305722 0.999986 -4.65436 24.1297 211.946 -0.00145613 0.00243509 0.999911 -1.35362 2.60641 17.2464 2.44726 49.6284 0
57177127 -6.07066 25.7524 212.063 -0.00452104 0.00379702 0.999983 -5.76665 24.0093 211.956 -0.00193608 0.00402433 0.999885 -1.32719 2.61905 17.483 2.47082 49.503 0
57303460 -7.16618 25.7518 212.063 -0.00508836 0.00420008 0.999978 -6.9989 24.1007 211.739 -0.00155709 0.00646333 0.999838 -1.30076 2.6314 17.7433 2.49351 49.3586 0
57428817 -8.24076 25.8004 212.077 -0.00532658 0.0041677 0.999977 -8.20716 24.2242 211.857 -0.00351206 0.00610766 0.999858 -1.27376 2.64461 18.0529 2.51391 49.1792 0
57551916 -9.35269 25.8443 212.089 -0.00534346 0.00394864 0.999978 -9.18099 24.2431 211.863 -0.00681551 0.00466076 0.999907 -1.24675 2.6584 18.3815 2.53516 48.976 0
57677705 -10.4709 25.8408 212.08 -0.0059113 0.00382349 0.999975 -10.3906 24.2553 211.872 -0.00877259 0.00405876 0.999809 -1.21745 2.67277 18.7133 2.55499 48.7632 0
57803851 -11.5886 25.8661 212.085 -0.00626186 0.00358771 0.999974 -11.4926 24.1484 211.882 -0.0103588 0.00418932 0.999818 -1.18585 2.68885 19.0848 2.57251 48.5299 0
57929880 -12.6973 25.8914 212.088 -0.00682496 0.00286058 0.999973 -12.7082 24.1615 212.002 -0.011582 0.00370768 0.999835 -1.15339 2.70494 19.4864 2.58831 48.2648 0
58057056 -13.7427 25.9624 212.084 -0.00802611 0.00162616 0.999966 -13.7033 24.1762 211.896 -0.012687 0.00249309 0.999865 -1.11691 2.72189 19.9357 2.59808 47.9615 0
58181326 -14.8895 25.9187 212.084 -0.0084114 0.00128214 0.999964 -14.8119 24.3131 211.903 -0.0134311 0.000419964 0.999785 -1.08014 2.74114 20.3532 2.61244 47.6917 0
58307828 -15.9738 25.8872 212.076 -0.00850954 0.00134381 0.999963 -15.932 24.2165 211.912 -0.01307 -0.000558385 0.999801 -1.04078 2.76268 20.7802 2.62278 47.4107 0
58434127 -17.1047 25.8876 212.077 -0.00859807 0.00101908 0.999963 -16.9417 24.1058 211.921 -0.0125792 -7.28108e-005 0.999789 -0.995106 2.78739 21.285 2.62968 47.0789 0
58561026 -18.2401 25.9057 212.086 -0.00841651 0.000448296 0.999964 -18.0708 24.3303 212.035 -0.0109877 0.000653197 0.999887 -0.945121 2.81439 21.8391 2.63341 46.7122 0
58684553 -19.3399 25.8616 212.093 -0.0083599 0.000163367 0.999965 -19.0878 24.3357 212.042 -0.00964496 0.000645996 0.999878 -0.893125 2.84197 22.3677 2.63513 46.3709 0
58810497 -20.4762 25.8349 212.105 -0.00821652 -0.000964606 0.999966 -20.0986 24.4528 212.047 -0.00891257 0.000642068 0.999873 -0.835671 2.8707 22.9551 2.6337 45.9867 0
58936918 -21.6269 25.8438 212.114 -0.00770382 -0.00190376 0.999969 -21.1197 24.4687 211.942 -0.00721068 -0.000709627 0.999886 -0.768736 2.90316 23.5806 2.62623 45.5835 0
59066282 -22.7145 25.8631 212.112 -0.00745073 -0.00256565 0.999969 -22.3638 24.4819 212.061 -0.00538225 -0.00120764 0.999882 -0.696632 2.93533 24.1536 2.61301 45.2247 0
59191147 -23.7966 25.8747 212.109 -0.0072105 -0.00362901 0.999967 -23.4713 24.6211 212.066 -0.00624886 -0.00352197 0.999931 -0.622803 2.96492 24.6744 2.59808 44.9008 0
59317386 -24.8252 25.8175 212.108 -0.0066324 -0.00360787 0.999971 -24.5714 24.6508 212.074 -0.00797205 -0.00607805 0.999867 -0.555294 2.99106 25.0427 2.58659 44.6881 0
59443885 -25.3234 25.5302 212.117 -0.00348633 -0.00130372 0.999993 -25.3411 24.211 211.976 -0.00956146 -0.00655773 0.999886 -0.5484 3.00026 25.0871 2.60239 44.658 0
59570668 -25.6478 24.8804 212.123 -0.000415016 -0.000732759 1 -25.9083 23.5603 211.993 -0.00896091 -0.00827191 0.999792 -0.584883 2.99221 25.0141 2.64347 44.6611 0
59696406 -25.9678 23.7744 212.098 0.000182222 -0.00274214 0.999996 -26.476 22.5828 212.015 -0.00848608 -0.0108375 0.999835 -0.648657 2.96664 24.7648 2.70465 44.7294 0
59823016 -26.1238 22.7119 212.109 0.000757065 -0.0050388 0.999987 -26.673 21.2314 212.267 -0.0119595 -0.0209559 0.999677 -0.724209 2.93275 24.3648 2.769 44.912 0
59938277 -26.1193 21.8662 212.11 0.00351086 -0.00354673 0.999988 -26.434 20.2759 212.28 -0.00215721 -0.014411 0.999857 -0.800624 2.90316 23.833 2.82933 45.1723 0
60064201 -26.1406 20.7362 212.13 0.00480839 -0.0033845 0.999983 -26.2946 19.4394 212.293 0.00641893 -0.00859626 0.999815 -0.881347 2.8638 23.1615 2.89741 45.566 0
60191664 -26.0902 19.5583 212.117 0.00523594 -0.00298389 0.999982 -25.9881 18.2947 212.199 0.00875308 -0.00592141 0.999872 -0.953739 2.82559 22.4519 2.96119 45.9915 0
60317984 -26.048 18.3795 212.113 0.00543528 -0.00272075 0.999982 -25.8796 17.0574 212.221 0.008392 -0.00494306 0.999857 -1.01579 2.7917 21.8026 3.02123 46.401 0
60444411 -25.9985 17.346 212.14 0.00668649 -0.00125757 0.999977 -25.6481 15.9494 212.128 0.00679875 -0.00615503 0.99989 -1.07008 2.76498 21.2374 3.07581 46.7725 0
60571090 -26.017 16.3058 212.161 0.00855916 0.000399245 0.999963 -25.3146 14.8361 212.146 0.00630793 -0.0066406 0.999902 -1.12064 2.74142 20.7405 3.13154 47.0741 0
60696147 -25.9858 15.1671 212.161 0.00940275 0.00240869 0.999953 -25.2209 13.5819 212.168 0.0075433 -0.00384004 0.999842 -1.16718 2.71988 20.2246 3.18813 47.3948 0
60822446 -26.0017 13.9855 212.15 0.00971925 0.00255039 0.99995 -25.117 12.4576 212.076 0.00766856 -0.00323046 0.99983 -1.20855 2.69805 19.7896 3.24501 47.6472 0
60947392 -25.9405 12.7769 212.13 0.00875792 -0.00131408 0.999961 -25.1217 11.3404 212.097 0.00754713 -0.00310775 0.999829 -1.24704 2.67104 19.4102 3.30017 47.8615 0
61072861 -25.9685 11.6724 212.123 0.00873075 -2.52682e-005 0.999962 -25.0079 10.2374 212.116 0.006685 -0.00456775 0.999862 -1.27577 2.65783 19.0641 3.35187 48.0838 0
61198491 -25.989 10.5701 212.121 0.00858042 7.22224e-005 0.999963 -25.0127 9.11795 212.137 0.00656485 -0.00420095 0.999856 -1.30306 2.64375 18.7577 3.40358 48.2806 0
61327220 -25.9883 9.45311 212.108 0.00806194 -9.53997e-005 0.999967 -25.0202 8.11469 212.155 0.00680834 -0.00432431 0.999856 -1.32719 2.63083 18.4656 3.45501 48.4711 0
61455216 -25.9944 8.30993 212.114 0.00783319 0.000188485 0.999969 -25.0301 6.87916 212.178 0.00717902 -0.00347193 0.999838 -1.35161 2.61876 18.1815 3.5093 48.6664 0
61579882 -25.9952 7.1997 212.098 0.00749307 0.000327464 0.999972 -24.9245 5.86757 212.084 0.00718157 -0.00298374 0.999829 -1.37229 2.60842 17.9322 3.5613 48.8236 0
61704436 -25.9621 6.11886 212.094 0.00672678 0.000472285 0.999977 -24.8159 4.85686 212.1 0.00694147 -0.00236996 0.999942 -1.38924 2.5998 17.6894 3.61099 49.0045 0
61831601 -25.9749 5.01436 212.09 0.00597401 0.000730715 0.999982 -24.9351 3.84511 212.12 0.00719008 -0.00151693 0.999925 -1.40016 2.59434 17.51 3.65897 49.1442 0
61964482 -25.9658 3.81922 212.09 0.00555511 0.000562793 0.999984 -24.935 2.71681 212.029 0.00646344 -0.000414572 0.999909 -1.41251 2.58773 17.3433 3.71154 49.2696 0
62092051 -25.942 2.72963 212.093 0.00483211 0.000696097 0.999988 -24.9352 1.59169 212.049 0.00585823 0.000565087 0.999896 -1.41912 2.58429 17.2115 3.75721 49.3839 0
62215279 -25.9325 1.60644 212.099 0.00449394 0.00017077 0.99999 -24.9392 0.464098 212.182 0.00574384 0.00203032 0.99987 -1.42199 2.5817 17.1528 3.80145 49.4427 0
62342134 -25.9075 0.467581 212.083 0.00414766 -0.00120666 0.999991 -24.9393 -0.425329 212.198 0.00525366 0.00166679 0.99988 -1.42027 2.57998 17.1385 3.84368 49.457 0
62468807 -25.8954 -0.634774 212.07 0.00348487 -0.000440163 0.999994 -24.9409 -1.66636 212.109 0.00464972 0.00289055 0.999861 -1.41567 2.58285 17.1321 3.88304 49.4649 0
62594072 -25.8828 -1.69212 212.06 0.00240526 -0.000282425 0.999997 -24.9422 -2.55691 212.125 0.00428225 0.00264842 0.999868 -1.40447 2.58802 17.1671 3.91694 49.4649 0
62715143 -25.8514 -2.72974 212.062 0.00132448 -0.00075028 0.999999 -25.0505 -3.45143 212.142 0.00342906 0.0028971 0.99987 -1.39039 2.59377 17.2306 3.94825 49.4649 0
62841630 -25.8294 -3.83174 212.063 0.000245718 -0.00101756 0.999999 -25.1561 -4.45984 212.161 0.00221096 0.00339183 0.999869 -1.37258 2.60181 17.3401 3.97927 49.4316 0
62968086 -25.83 -4.90925 212.074 -0.000642086 -0.00103857 0.999999 -25.2571 -5.46714 212.18 0.000503962 0.00376714 0.999874 -1.35247 2.61158 17.4989 4.00714 49.3681 0
63092939 -25.7951 -6.0033 212.067 -0.00167249 -0.00241715 0.999996 -25.3662 -6.35689 212.086 -0.000353057 0.00328353 0.999888 -1.32719 2.62192 17.683 4.03242 49.2935 0
63218758 -25.7958 -7.08654 212.066 -0.00255896 -0.00280227 0.999993 -25.4629 -7.48127 211.995 -0.00266847 0.00402826 0.99989 -1.30105 2.63456 17.91 4.05569 49.1823 0
63344957 -25.839 -8.25227 212.093 -0.00285597 -0.00221519 0.999993 -25.67 -8.37163 211.901 -0.00498964 0.00367455 0.999913 -1.27491 2.64892 18.2085 4.08039 49.0188 0
63470270 -25.8704 -9.34408 212.069 -0.00360059 -0.00175446 0.999992 -25.6814 -9.68244 211.925 -0.00451737 0.000620731 0.999965 -1.24647 2.66472 18.5069 4.10079 48.8188 0
63596652 -25.9057 -10.4454 212.084 -0.00339433 -0.00198822 0.999992 -25.8033 -10.7774 211.947 -0.00404144 -0.00158098 0.99988 -1.21832 2.67909 18.8482 4.12061 48.6124 0
63724912 -25.92 -11.5922 212.086 -0.00338458 -0.0023064 0.999992 -25.8119 -11.9845 211.969 -0.00380883 -0.00377916 0.999919 -1.18672 2.69546 19.2134 4.13957 48.3838 0
63852165 -25.9596 -12.6656 212.102 -0.00304575 -0.00200257 0.999993 -25.8203 -13.0871 212.101 -0.00344902 -0.00500161 0.999939 -1.15713 2.71184 19.5928 4.15623 48.1378 0
63978381 -25.9542 -13.817 212.1 -0.00291292 -0.0021754 0.999993 -25.8359 -14.1995 212.01 -0.00247569 -0.00561709 0.999943 -1.12237 2.73051 20.0007 4.17232 47.8679 0
64104758 -25.9464 -14.9253 212.098 -0.0027616 -0.00239173 0.999993 -25.7336 -15.3195 212.03 -0.00210758 -0.0052529 0.999934 -1.0856 2.75033 20.4246 4.18525 47.5869 0
64224958 -25.9705 -15.9349 212.101 -0.00340946 -0.000873369 0.999994 -25.7468 -16.3272 212.048 -0.0012512 -0.00489134 0.999922 -1.05055 2.77302 20.8437 4.1953 47.298 0
64348561 -25.9619 -17.0108 212.08 -0.0032684 -0.00115131 0.999994 -25.6224 -17.3584 212.066 -0.00318954 -0.00207376 0.999883 -1.00717 2.79658 21.32 4.2022 46.9646 0
64474692 -26.0223 -18.1251 212.096 -0.00313186 0.000112305 0.999995 -25.732 -18.2643 212.084 -0.00391426 -0.000605254 0.999861 -0.960346 2.82445 21.8772 4.20708 46.582 0
64600870 -25.9976 -19.2624 212.101 -0.00281107 0.000179934 0.999996 -25.6116 -19.4048 212.102 -0.00548686 0.0019685 0.999947 -0.907201 2.85289 22.436 4.20938 46.2137 0
64727639 -25.9559 -20.4112 212.115 -0.00137708 0.000226189 0.999999 -25.7326 -20.535 212.124 -0.00511234 0.00355316 0.999916 -0.853481 2.87931 23.0138 4.21139 45.8311 0
64853713 -25.8393 -21.6208 212.133 0.000352678 0.000346345 1 -25.531 -21.7753 212.257 -0.00339575 0.00500857 0.999877 -0.796602 2.90574 23.5933 4.21369 45.4549 0
64979084 -25.8665 -22.6873 212.14 0.00196263 -2.6437e-005 0.999998 -25.4498 -22.8881 212.165 -0.000835565 0.00438459 0.999871 -0.727369 2.93533 24.1917 4.2022 45.0898 0
65100283 -25.8584 -23.7655 212.123 0.00260262 -0.000515395 0.999996 -25.374 -24.0992 212.187 0.00232855 0.00253684 0.999884 -0.651243 2.96607 24.7156 4.18697 44.7818 0
65225431 -25.8087 -24.7964 212.112 0.00314021 -0.000765936 0.999995 -25.1892 -25.3019 212.319 0.00585503 -4.51544e-005 0.999907 -0.580574 2.99221 25.1268 4.17376 44.5468 0
65351875 -25.5173 -25.3638 212.115 0.00166489 0.00064556 0.999998 -24.9816 -26.1797 212.222 0.00694339 -0.00200382 0.999935 -0.565636 3.0014 25.1855 4.1841 44.5119 0
65478382 -24.8989 -25.7432 212.135 0.0018781 0.00282077 0.999994 -24.5503 -26.623 212.339 0.00840626 -0.00237782 0.999932 -0.597236 2.99307 25.1204 4.22058 44.5119 0
65604402 -23.9049 -26.0595 212.119 0.00427396 0.00316076 0.999986 -23.6824 -27.2996 212.345 0.0107268 -0.00214616 0.999912 -0.654403 2.96866 24.8998 4.27488 44.5579 0
65730992 -22.8771 -26.1864 212.115 0.00699972 0.00295896 0.999971 -22.4199 -27.6039 212.456 0.0188837 -0.00597797 0.999682 -0.725933 2.93418 24.5029 4.33463 44.7294 0
65856464 -21.7882 -26.2335 212.125 0.00899232 0.00332543 0.999954 -21.3503 -27.8396 212.453 0.0237702 -0.00527187 0.999636 -0.807805 2.89339 23.9298 4.40127 45.031 0
65982582 -20.6841 -26.2189 212.122 0.00983576 0.00316201 0.999947 -20.1861 -27.5644 212.439 0.0187964 0.000493466 0.999687 -0.881347 2.85403 23.2789 4.46361 45.42 0
66107667 -19.574 -26.1781 212.115 0.0101307 0.00310883 0.999944 -19.0758 -27.4642 212.318 0.0194086 0.000856337 0.999676 -0.947419 2.81784 22.6297 4.52279 45.8248 0
66233419 -18.4352 -26.1165 212.112 0.0101742 0.00256089 0.999945 -18.0875 -27.4641 212.423 0.0212377 0.000480373 0.99967 -1.00401 2.78595 22.0074 4.57823 46.2407 0
66357862 -17.3825 -26.0522 212.136 0.00932939 0.00329931 0.999951 -16.8716 -27.3408 212.412 0.0225702 -0.0014796 0.999697 -1.05543 2.75981 21.4565 4.63023 46.6138 0
66483751 -16.2979 -26.0078 212.152 0.00826479 0.00425388 0.999957 -15.6462 -27.2288 212.291 0.0228084 -0.00245952 0.999591 -1.10283 2.73654 20.9453 4.68251 46.9503 0
66606958 -15.218 -26.0367 212.161 0.00825502 0.0050953 0.999953 -14.5225 -27.2396 212.395 0.0220806 -0.00172108 0.999705 -1.14362 2.71528 20.531 4.73393 47.2043 0
66734575 -14.0862 -26.0173 212.142 0.00754758 0.00510654 0.999958 -13.398 -27.2556 212.276 0.0211086 -0.000861502 0.999696 -1.17953 2.6969 20.1008 4.78507 47.4726 0
66860813 -12.9232 -26.0446 212.141 0.00742101 0.00528502 0.999958 -12.5028 -27.2604 212.269 0.0208645 -0.000860193 0.999697 -1.21286 2.67937 19.7245 4.83821 47.7139 0
66989237 -11.7999 -26.0105 212.131 0.00681124 0.00467967 0.999966 -11.3763 -27.3783 212.376 0.0197671 -0.000610205 0.9997 -1.24101 2.66472 19.3435 4.88849 47.979 0
67115428 -10.6451 -26.0217 212.109 0.00684509 0.00427078 0.999967 -10.2576 -27.2722 212.143 0.0193984 -0.00109643 0.999712 -1.26686 2.65065 19.0149 4.94077 48.1886 0
67240624 -9.5038 -26.0275 212.101 0.00691417 0.00385812 0.999969 -9.02058 -27.3929 212.248 0.0184244 -0.000603004 0.999709 -1.29013 2.63801 18.7133 4.99277 48.3949 0
67367226 -8.39654 -26.0239 212.099 0.00620422 0.00339145 0.999975 -7.88964 -27.3967 212.241 0.0168363 -0.00083859 0.999724 -1.31024 2.62824 18.4244 5.04332 48.6077 0
67493726 -7.31492 -26.0319 212.095 0.00564017 0.00319892 0.999979 -6.78091 -27.5211 212.235 0.0175725 -0.000110229 0.999706 -1.32891 2.61933 18.1751 5.09331 48.7807 0
67618597 -6.20954 -26.0722 212.101 0.00523968 0.00281966 0.999982 -5.66018 -27.5248 212.228 0.017083 -0.000351707 0.999714 -1.34242 2.61273 17.9735 5.14243 48.9394 0
67745191 -5.12842 -26.0471 212.105 0.00403929 0.00252838 0.999989 -4.42218 -27.5292 212.218 0.0159839 -0.000587682 0.999848 -1.35879 2.60612 17.737 5.19299 49.1157 0
67870276 -3.91698 -26.0911 212.085 0.00155751 0.00267243 0.999995 -3.18473 -27.4265 212.208 0.0150087 -0.000338349 0.99985 -1.3743 2.60239 17.5385 5.24872 49.222 0
67996836 -2.84302 -26.0842 212.096 -0.000285411 0.00216772 0.999998 -2.05269 -27.436 212.2 0.0133017 3.6961e-005 0.999855 -1.38579 2.59951 17.356 5.29727 49.3649 0
68122794 -1.74461 -26.079 212.112 -0.000699826 0.00225812 0.999997 -0.812977 -27.3333 212.19 0.0120823 0.000287604 0.999858 -1.397 2.59492 17.2385 5.34611 49.4506 0
68249948 -0.642667 -26.0808 212.114 -0.0011978 0.00226882 0.999997 0.31016 -27.2359 212.292 0.0114777 0.00138931 0.999842 -1.40447 2.59233 17.1607 5.39265 49.4967 0
68377146 0.503526 -26.0789 212.109 -0.00234701 0.00186061 0.999996 1.42955 -27.1346 212.171 0.0111128 0.00163537 0.99984 -1.4082 2.59262 17.0988 5.43861 49.53 0
68500926 1.5889 -26.0657 212.101 -0.00277275 0.00139829 0.999995 2.44089 -27.1446 212.165 0.010383 0.00212749 0.999836 -1.40734 2.59405 17.0845 5.47911 49.5363 0
68624577 2.62353 -26.0171 212.085 -0.00292864 0.000646413 0.999996 3.55993 -27.0356 212.155 0.0101369 0.00176266 0.999845 -1.40303 2.59664 17.0845 5.51589 49.5363 0
68748652 3.68741 -25.9531 212.072 -0.00293409 -0.00050996 0.999996 4.45398 -27.0449 212.149 0.0100174 0.0022515 0.999836 -1.39298 2.60181 17.1179 5.55036 49.5332 0
68874869 4.77599 -25.9268 212.069 -0.00313245 -0.00184396 0.999993 5.57759 -26.9303 212.139 0.00927991 0.00127905 0.999859 -1.37574 2.611 17.2274 5.58052 49.4919 0
69000260 5.85617 -25.8826 212.056 -0.00238862 -0.00273202 0.999993 6.36011 -26.7056 212.13 0.00927671 0.000668805 0.99987 -1.35534 2.6202 17.3925 5.6081 49.4046 0
69125477 6.92953 -25.8689 212.054 -0.00224325 -0.004089 0.999989 7.15272 -26.7212 212.125 0.00806245 0.00189583 0.999856 -1.32978 2.63341 17.5989 5.63166 49.3093 0
69251867 8.05788 -25.8474 212.059 -0.00165531 -0.00504834 0.999986 8.045 -26.4912 212.003 0.00817684 0.0004306 0.999882 -1.30134 2.64749 17.8608 5.65492 49.1807 0
69377179 9.15842 -25.8686 212.064 -0.00149739 -0.00561551 0.999983 9.08034 -26.4706 211.995 0.00486635 -0.00235883 0.999956 -1.27261 2.66271 18.1704 5.67561 49.0029 0
69504548 10.3002 -25.8869 212.065 -0.00165648 -0.00668131 0.999976 10.1071 -26.573 211.991 0.00241589 -0.0039346 0.999879 -1.23986 2.6811 18.5101 5.69485 48.8093 0
69630555 11.3995 -25.9299 212.08 -0.00133563 -0.0063784 0.999979 11.1134 -26.6877 211.987 0.00217048 -0.00417738 0.999885 -1.20912 2.6969 18.8974 5.71267 48.5664 0
69755127 12.5097 -25.9395 212.088 -0.00125783 -0.00642121 0.999979 12.2263 -26.5789 212.089 0.0026581 -0.00430205 0.999884 -1.17724 2.71413 19.2832 5.73019 48.3219 0
69879427 13.6194 -25.9454 212.087 -0.000683957 -0.00576072 0.999983 13.2207 -26.5865 212.082 0.00375798 -0.00406385 0.999872 -1.14334 2.73108 19.7102 5.74599 48.033 0
70004671 14.7224 -25.9529 212.097 -0.000477153 -0.00545781 0.999985 14.5668 -26.6062 212.073 0.00303262 -0.00271739 0.999853 -1.10657 2.75062 20.1547 5.7592 47.7441 0
70128938 15.8032 -25.963 212.095 -0.000552161 -0.00517954 0.999986 15.569 -26.6195 212.066 0.00328206 -0.00186213 0.999957 -1.06836 2.77159 20.6151 5.77012 47.4266 0
70262834 16.9839 -25.9587 212.083 -0.000246922 -0.0050664 0.999987 16.6898 -26.6221 212.058 0.00279187 -0.00222566 0.999967 -1.01952 2.79773 21.1565 5.77759 47.0583 0
70389428 18.1011 -25.9691 212.095 -0.000196489 -0.00457521 0.99999 17.8192 -26.6159 212.163 0.00144256 -0.00331912 0.999874 -0.970401 2.82387 21.7073 5.7819 46.6947 0
70513899 19.2614 -25.9048 212.094 -2.4116e-005 -0.00362382 0.999993 18.9411 -26.6276 212.155 0.000835432 -0.0027056 0.999867 -0.920128 2.84944 22.2598 5.78707 46.3121 0
70640649 20.3911 -25.8781 212.1 -4.54588e-005 -0.00222955 0.999998 20.0674 -26.4172 212.144 -0.000137258 -0.00196808 0.999861 -0.865834 2.87615 22.844 5.78764 45.9121 0
70766621 21.5091 -25.8376 212.104 0.000926264 -0.00108012 0.999999 21.3002 -26.5536 212.137 -0.000736523 -9.80395e-006 0.999951 -0.798613 2.90632 23.4456 5.7796 45.5406 0
70890209 22.578 -25.8766 212.116 0.00110095 0.000367969 0.999999 22.4146 -26.4628 212.128 -0.000484077 0.00157551 0.99992 -0.729955 2.93619 24.0394 5.76782 45.1755 0
