3217 20.1462 -2.83765 209.978 -0.00308001 -0.00316307 0.99999 25.5597 -3.24227 207.471 0.00846438 0.100152 0.994805 1.81584 -2.24301 15.2097 5.24499 46.8424 
90456 20.2172 -1.80252 209.981 -0.00244314 -0.0040779 0.999989 25.5786 -3.1346 207.454 0.00811907 0.100324 0.994791 1.81785 -2.241 15.1319 5.29641 46.9154 
177686 20.2058 -0.660151 209.985 -0.00209353 -0.00455194 0.999987 25.8707 -1.55367 207.552 0.00142088 0.100057 0.99493 1.82158 -2.23899 15.0509 5.35185 46.9868 
264966 20.1286 0.482156 209.992 -0.00216159 -0.00488481 0.999986 25.8937 -0.186734 207.466 -0.00424541 0.0992553 0.99499 1.82561 -2.23698 15.0001 5.4073 47.0297 
353224 19.9809 1.71039 209.995 -0.00254887 -0.0043858 0.999987 25.8124 1.22768 207.602 -0.00977381 0.0985558 0.99503 1.82963 -2.23669 14.9684 5.46619 47.0519 
440326 19.7722 2.89636 209.999 -0.00274741 -0.00391493 0.999989 25.6177 2.63312 207.518 -0.0157883 0.0970546 0.99508 1.83307 -2.23669 14.9271 5.52393 47.0852 
527638 19.5371 3.98373 210.004 -0.00260752 -0.00342946 0.999991 25.1709 3.97264 207.452 -0.0201275 0.0943349 0.995254 1.83509 -2.23726 14.8811 5.57794 47.1297 
614838 19.2559 5.04809 210.009 -0.00247838 -0.00289924 0.999993 24.9796 5.4226 207.589 -0.025713 0.0915335 0.995357 1.83652 -2.23813 14.8414 5.63166 47.1694 
703026 18.9279 6.12866 210.002 -0.00193985 -0.00264361 0.999995 24.5306 6.76244 207.524 -0.0298106 0.0887788 0.995528 1.83681 -2.2387 14.7969 5.68796 47.2059 
790240 18.545 7.13315 210.006 -0.00182188 -0.00240065 0.999995 24.0667 8.00509 207.586 -0.0335982 0.0864671 0.995624 1.83796 -2.23899 14.7652 5.74111 47.2376 
877478 18.0951 8.17302 209.999 -0.00168518 -0.00210861 0.999996 23.589 9.12051 207.555 -0.0379768 0.0843446 0.995587 1.83853 -2.23956 14.7398 5.79741 47.2535 
964715 17.6081 9.13579 210 -0.00189153 -0.00170614 0.999997 22.9172 10.503 207.492 -0.0418699 0.0804442 0.995796 1.83939 -2.24042 14.7255 5.85056 47.2662 
1052986 17.0635 10.1252 209.999 -0.00193065 -0.00132479 0.999997 22.3193 11.5331 207.591 -0.0464912 0.0792108 0.995638 1.83911 -2.24157 14.7191 5.90686 47.2726 
1140117 16.498 11.0215 209.998 -0.00213525 -0.00094408 0.999997 21.7438 12.7925 207.544 -0.0505433 0.0750711 0.995763 1.83911 -2.24272 14.7144 5.95943 47.2773 
1227367 15.8342 11.9365 210 -0.00257405 -0.000585022 0.999997 20.9347 13.9639 207.516 -0.0549207 0.0720946 0.995853 1.83968 -2.24387 14.7096 6.01516 47.2821 
1314590 15.167 12.7645 210 -0.00297904 -0.000280632 0.999996 20.0867 14.9336 207.633 -0.0580771 0.069045 0.995788 1.83997 -2.24502 14.7064 6.06773 47.2853 
1402865 14.4154 13.6143 209.999 -0.00359446 0.000395382 0.999993 19.1374 16.0027 207.513 -0.061332 0.065296 0.995954 1.83968 -2.24732 14.7001 6.12346 47.2916 
1489971 13.6617 14.3613 209.999 -0.00411567 0.00075125 0.999991 18.2954 16.9676 207.52 -0.06553 0.0610189 0.995858 1.83997 -2.24876 14.689 6.17575 47.3027 
1577218 12.8383 15.1066 209.998 -0.00435443 0.00100488 0.99999 17.2996 17.7176 207.56 -0.0684237 0.0580714 0.995893 1.83968 -2.2499 14.6747 6.23119 47.317 
1664468 12.0231 15.7683 209.997 -0.00454502 0.00113669 0.999989 16.3136 18.5926 207.583 -0.0706979 0.0534302 0.996034 1.83939 -2.25077 14.6636 0.000574541 47.3281 
1752725 11.1202 16.4016 209.999 -0.00439627 0.000840348 0.99999 15.1051 19.4967 207.61 -0.0728042 0.0491123 0.995997 1.83997 -2.25019 14.6461 0.0563051 47.3456 
1840006 10.2456 16.96 210 -0.00409799 0.000574954 0.999991 13.9739 20.1461 207.558 -0.0750967 0.0452056 0.99603 1.83997 -2.24962 14.635 0.109163 47.3567 
1927221 9.27144 17.4984 210.002 -0.00363701 9.01076e-006 0.999993 12.9839 20.9128 207.6 -0.0786212 0.040465 0.99598 1.84054 -2.24818 14.6302 0.166042 47.3615 
2014338 8.33632 17.9681 210.002 -0.0031346 -0.00027865 0.999995 11.6187 21.5995 207.55 -0.0795154 0.0359898 0.99605 1.84026 -2.24732 14.6271 0.219762 47.3646 
2101630 7.32676 18.4028 210.002 -0.00192378 -0.000883955 0.999998 10.471 22.1572 207.514 -0.0817099 0.0302026 0.996109 1.84026 -2.24473 14.6271 0.277216 47.3646 
2189875 6.32392 18.7652 210.004 -0.00154224 -0.0011379 0.999998 9.09408 22.7601 207.591 -0.0826241 0.0247362 0.996202 1.84054 -2.24387 14.6255 0.33151 47.3662 
2277178 5.25825 19.0858 210.005 -0.000458974 -0.00153299 0.999999 7.57951 23.2465 207.576 -0.0826898 0.020019 0.996279 1.84083 -2.24157 14.6255 0.389252 47.3662 
2364259 4.22252 19.3524 210.004 5.62842e-005 -0.00148723 0.999999 6.50324 23.5414 207.463 -0.0844507 0.0155291 0.996257 1.84026 -2.241 14.6255 0.444121 47.3662 
2451468 3.19226 19.5436 210.005 0.000900754 -0.00164212 0.999998 5.0938 23.9168 207.574 -0.0852281 0.0110186 0.996205 1.84054 -2.23928 14.6255 0.498127 47.3662 
2539808 2.09561 19.7026 210.004 0.00183543 -0.00149452 0.999997 3.66268 24.264 207.464 -0.0844653 0.00605944 0.99629 1.83997 -2.23784 14.6255 0.555582 47.3662 
2626979 0.898929 19.7819 210.005 0.000240051 -0.00152691 0.999999 2.21203 24.4091 207.498 -0.0845692 0.00108551 0.996284 1.84054 -2.241 14.6255 0.613323 47.3662 
2714138 -0.127174 19.8024 210.006 0.0017261 -0.00143624 0.999997 0.984063 24.5264 207.528 -0.0848622 -0.00434892 0.996351 1.84054 -2.23813 14.6255 0.66733 47.3662 
2801344 -1.19502 19.772 210.005 0.00157907 -0.00129486 0.999998 -0.50362 24.4525 207.596 -0.084345 -0.00929086 0.996319 1.84026 -2.2387 14.6255 0.72105 47.3662 
2889601 -2.32214 19.6769 210.003 0.0014262 -0.0011689 0.999998 -1.90537 24.2476 207.677 -0.0828716 -0.0136028 0.99641 1.83997 -2.23928 14.6255 0.777929 47.3662 
2976864 -3.48255 19.5209 209.999 -0.000146579 -0.0012347 0.999999 -3.1835 24.1133 207.52 -0.0819225 -0.0189733 0.996426 1.83911 -2.24301 14.6255 0.834809 47.3662 
3064101 -4.47137 19.3133 210.001 0.00136399 -0.00091012 0.999999 -4.58566 23.9133 207.603 -0.0804047 -0.0238162 0.996346 1.83939 -2.23985 14.6255 0.887954 47.3662 
3151243 -5.49968 19.0571 209.999 0.00122394 -0.000750626 0.999999 -5.89202 23.5722 207.591 -0.0793872 -0.0287086 0.996291 1.83882 -2.24042 14.6255 0.941386 47.3662 
3239474 -6.56018 18.7128 210 0.00122923 -0.000770905 0.999999 -7.11484 23.0993 207.593 -0.0771548 -0.0328866 0.996336 1.83911 -2.24042 14.6255 0.997404 47.3662 
3326733 -7.55851 18.3439 209.998 0.000946274 -0.000698966 0.999999 -8.31236 22.7615 207.689 -0.0755674 -0.0381055 0.996309 1.83853 -2.24129 14.6255 1.05084 47.3662 
3413970 -8.57 17.8877 209.999 0.000958923 -0.000738379 0.999999 -9.55885 22.1567 207.597 -0.072866 -0.0416013 0.996362 1.83882 -2.24129 14.6255 1.10657 47.3662 
3501263 -9.52347 17.411 209.997 0.000796312 -0.000642771 0.999999 -10.9005 21.7055 207.6 -0.0697356 -0.0463972 0.996469 1.83825 -2.24186 14.6255 1.16029 47.3662 
3589335 -10.4944 16.8309 209.999 0.000802567 -0.000787402 0.999999 -12.0534 20.9745 207.523 -0.0668963 -0.049791 0.996502 1.83882 -2.24186 14.6255 1.21688 47.3662 
3676759 -11.381 16.2379 210 0.000610843 -0.0010106 0.999999 -13.1996 20.2878 207.669 -0.0639984 -0.0544679 0.996352 1.83911 -2.24244 14.6255 1.27002 47.3662 
3763876 -12.2801 15.569 210 0.000560141 -0.00106619 0.999999 -14.2534 19.4442 207.719 -0.0612286 -0.0574856 0.996333 1.83911 -2.24272 14.6255 1.32633 47.3662 
3851139 -13.0939 14.9054 209.998 0.000511925 -0.000939258 0.999999 -15.3005 18.7192 207.751 -0.0574913 -0.0614974 0.996427 1.83853 -2.24301 14.6255 1.37947 47.3662 
3939354 -13.927 14.1376 209.997 0.000365889 -0.0010178 0.999999 -16.2699 17.7208 207.596 -0.0543974 -0.0648243 0.996319 1.83825 -2.24358 14.6255 1.43635 47.3662 
4026595 -14.6504 13.3786 209.998 0.000521313 -0.000985137 0.999999 -17.2217 16.866 207.645 -0.0507165 -0.0683583 0.996222 1.83853 -2.2433 14.6255 1.48921 47.3662 
4113740 -15.3843 12.5362 209.997 0.000474596 -0.000971879 0.999999 -18.1998 15.8997 207.709 -0.0458891 -0.0716558 0.996299 1.83825 -2.24358 14.6255 1.54552 47.3662 
4200996 -16.0394 11.6862 209.996 0.000291333 -0.00129542 0.999999 -18.8628 14.6367 207.693 -0.0430651 -0.0734433 0.99622 1.83825 -2.24445 14.6255 1.59895 47.3662 
4288267 -16.6839 10.7659 209.994 0.000166375 -0.00133399 0.999999 -19.8497 13.6503 207.646 -0.0376821 -0.0763151 0.996339 1.83767 -2.24502 14.6255 1.65554 47.3662 
4376486 -17.2337 9.86188 209.994 0.000106435 -0.00157231 0.999999 -20.52 12.4073 207.74 -0.0336844 -0.0785166 0.996283 1.83767 -2.2456 14.6255 1.7084 47.3662 
4463613 -17.7623 8.86257 209.995 0.000115851 -0.0019084 0.999998 -21.1649 11.3669 207.691 -0.029445 -0.080753 0.996223 1.83796 -2.24617 14.6255 1.7647 47.3662 
4550840 -18.2036 7.8767 209.999 0.000205787 -0.00256252 0.999997 -21.9809 10.0074 207.692 -0.0237321 -0.0821906 0.996244 1.83882 -2.24703 14.6271 1.81785 47.3662 
4638138 -18.6216 6.83033 209.998 0.00012761 -0.00321337 0.999995 -22.3197 8.70937 207.782 -0.0197485 -0.0836398 0.996201 1.83882 -2.24847 14.6271 1.87358 47.3662 
4726359 -18.972 5.82348 209.997 -2.81782e-005 -0.00385097 0.999993 -22.8764 7.53774 207.749 -0.0147986 -0.0852291 0.996146 1.83825 -2.25019 14.6271 1.92644 47.3678 
4813674 -19.2742 4.74678 209.996 -8.05862e-005 -0.00427589 0.999991 -23.2236 6.22196 207.729 -0.0102976 -0.0865093 0.99606 1.83796 -2.25134 14.6191 1.98217 47.3758 
4900804 -19.5107 3.70608 209.999 -0.000217405 -0.00476532 0.999989 -23.4729 4.77103 207.723 -0.00613512 -0.0867281 0.996077 1.83738 -2.25278 14.608 2.03531 47.3916 
4988004 -19.6839 2.58808 210.006 -7.90232e-005 -0.00550218 0.999985 -23.8111 3.56661 207.687 -0.000926483 -0.0882329 0.996001 1.83767 -2.25421 14.5985 2.09104 47.4075 
5076253 -19.8006 1.55107 210.004 -0.00018334 -0.00543573 0.999985 -23.9314 2.22772 207.775 0.00331863 -0.0887259 0.995933 1.8371 -2.2545 14.5778 2.1439 47.4282 
5163497 -19.8536 0.431963 210.004 -0.000152931 -0.00552216 0.999985 -24.0774 0.758437 207.768 0.00825724 -0.0886912 0.995886 1.8371 -2.25479 14.5556 2.20021 47.4504 
5250753 -19.8512 -0.604239 210.004 -0.000234163 -0.0050021 0.999987 -24.0851 -0.597894 207.855 0.0122779 -0.0890297 0.995802 1.83681 -2.25393 14.5334 2.25335 47.4726 
5337836 -19.793 -1.65576 210.004 -0.000406419 -0.00450499 0.99999 -24.1065 -1.97613 207.83 0.0173755 -0.0887557 0.995839 1.83652 -2.25306 14.508 2.30736 47.498 
5426140 -19.6548 -2.76583 210.006 -0.000341969 -0.00406591 0.999992 -23.8959 -3.38895 207.804 0.0212782 -0.088205 0.995752 1.8371 -2.25192 14.4874 2.36424 47.5186 
5513367 -19.4647 -3.90209 210.005 -0.000247035 -0.00458134 0.999989 -23.7925 -4.67471 207.762 0.0265097 -0.0878468 0.995648 1.83681 -2.25306 14.4731 2.42169 47.5329 
5600631 -19.2325 -4.89164 210.008 -0.000612753 -0.00262598 0.999996 -23.4869 -6.20548 207.861 0.0307987 -0.0863396 0.995654 1.8371 -2.24876 14.4636 2.47599 47.5424 
5687749 -18.9567 -5.88328 210.008 -0.00116171 -0.00131749 0.999998 -23.1635 -7.53724 207.815 0.0361266 -0.0844767 0.995697 1.83681 -2.24588 14.4524 2.53028 47.5536 
5775974 -18.5968 -6.94941 210.007 -0.00156374 -0.000728936 0.999999 -22.7211 -8.89695 207.659 0.040153 -0.0830717 0.995603 1.83652 -2.24445 14.4429 2.58831 47.5631 
5863230 -18.184 -7.92484 210.011 -0.00177332 -4.3502e-005 0.999998 -22.1645 -10.241 207.722 0.0445629 -0.081582 0.995608 1.83738 -2.24244 14.435 2.6426 47.571 
5950482 -17.7064 -8.95335 210.01 -0.00206857 0.000241961 0.999998 -21.6913 -11.3556 207.753 0.0494206 -0.0795473 0.995518 1.8371 -2.24157 14.435 2.70063 47.571 
6037724 -17.1971 -9.88594 210.012 -0.00221054 0.000465658 0.999997 -21.008 -12.618 207.799 0.0537639 -0.0768099 0.995465 1.83738 -2.24071 14.435 2.75464 47.571 
6125888 -16.6273 -10.8559 210.007 -0.00271743 0.000491443 0.999996 -20.3241 -13.8841 207.843 0.0580416 -0.0736787 0.99548 1.83623 -2.24042 14.4334 2.81238 47.571 
6213103 -16.0154 -11.7307 210.006 -0.00283826 0.000544729 0.999996 -19.5112 -15.0526 207.87 0.0620054 -0.0710083 0.995449 1.83652 -2.23985 14.4318 2.86639 47.571 
6300379 -15.3183 -12.6177 210.001 -0.00293112 0.000442892 0.999996 -18.6806 -16.136 207.769 0.0653549 -0.0674803 0.99556 1.83681 -2.23956 14.4254 2.92327 47.571 
6387592 -14.5982 -13.4279 210.001 -0.00267431 0.00018191 0.999996 -17.8541 -17.2018 207.781 0.069542 -0.0641104 0.995419 1.83738 -2.23985 14.4239 2.97727 47.571 
6475897 -13.8127 -14.2272 210.002 -0.00258415 4.01722e-005 0.999997 -16.8947 -18.1743 207.773 0.0729913 -0.0607372 0.995426 1.83767 -2.23985 14.4239 3.03358 47.571 
6562996 -13.0389 -14.9538 210 -0.0026636 -0.000213552 0.999996 -15.8179 -19.1708 207.764 0.0757015 -0.0565068 0.995455 1.8371 -2.24014 14.4239 3.0873 47.571 
6650234 -12.1768 -15.6641 210 -0.00263288 -0.000349294 0.999996 -14.8221 -19.9063 207.834 0.0789917 -0.0533729 0.995379 1.8371 -2.24014 14.4254 3.1436 47.5694 
6737477 -11.3228 -16.2923 210 -0.00259676 -0.000474841 0.999997 -13.7266 -20.7962 207.808 0.0813737 -0.0488509 0.995376 1.8371 -2.24014 14.427 3.19704 47.5679 
6824745 -10.3795 -16.9097 210 -0.00240427 -0.000642166 0.999997 -12.7214 -21.4632 207.641 0.084546 -0.0448278 0.995297 1.8371 -2.24042 14.4318 3.25363 47.5631 
6912880 -9.46278 -17.4453 209.997 -0.00245646 -0.000805007 0.999997 -11.4917 -22.2443 207.708 0.0864448 -0.0402358 0.9953 1.83681 -2.24042 14.4318 3.30735 47.5615 
7000142 -8.46886 -17.9624 209.995 -0.00237572 -0.000958836 0.999997 -10.3627 -22.9015 207.76 0.0889818 -0.0354924 0.995259 1.83623 -2.24071 14.4429 3.36394 47.5504 
7087375 -7.5065 -18.3866 209.994 -0.00240249 -0.000951294 0.999997 -9.08162 -23.3473 207.777 0.0903946 -0.0317022 0.995272 1.83623 -2.24042 14.4509 3.41709 47.5409 
7174617 -6.45296 -18.7764 209.993 -0.00240552 -0.00101557 0.999997 -7.70496 -23.9372 207.809 0.0917304 -0.0258943 0.995362 1.83652 -2.24014 14.4493 3.47368 47.5409 
7262858 -5.42844 -19.0818 209.996 -0.00221832 -0.000895861 0.999997 -6.52891 -24.2798 207.702 0.0938497 -0.0214746 0.99526 1.83738 -2.23985 14.454 3.52711 47.5361 
7349977 -4.32167 -19.3685 209.995 -0.0018048 -0.00109417 0.999998 -5.11309 -24.6442 207.7 0.0943371 -0.016416 0.995365 1.8371 -2.24071 14.4588 3.58428 47.5313 
7437282 -3.29234 -19.5697 209.995 -0.00174447 -0.001188 0.999998 -3.79493 -24.8791 207.685 0.0951276 -0.0118038 0.995278 1.8371 -2.24071 14.4588 3.63713 47.5313 
7524487 -2.182 -19.7297 209.993 -0.00146561 -0.00136755 0.999998 -2.48908 -25.232 207.685 0.0955626 -0.00624961 0.995312 1.83681 -2.24129 14.4588 3.69344 47.5313 
7612740 -1.13049 -19.8184 209.993 -0.00137851 -0.00138466 0.999998 -1.03491 -25.3764 207.651 0.095287 -0.00134268 0.995341 1.83681 -2.24129 14.4635 3.74658 47.5266 
7700015 -0.00881726 -19.8459 209.994 -0.00122657 -0.00132728 0.999998 0.22402 -25.2614 207.586 0.0956125 0.00260501 0.995368 1.8371 -2.24129 14.4683 3.80289 47.5218 
7787119 1.05374 -19.8127 209.995 -0.000954209 -0.00127999 0.999999 1.59233 -25.2528 207.758 0.0951637 0.00802495 0.995327 1.83738 -2.24157 14.4699 3.85603 47.5202 
7874379 2.11032 -19.7344 209.994 -0.000658868 -0.00128561 0.999999 3.09821 -25.0678 207.674 0.0943707 0.0127629 0.995398 1.8371 -2.24215 14.4763 3.90918 47.5139 
7962636 3.22938 -19.5932 209.992 -0.000273988 -0.00139861 0.999999 4.33212 -25.1917 207.644 0.0940244 0.0188998 0.995249 1.83652 -2.24301 14.4763 3.96577 47.5139 
8049967 4.33098 -19.3849 209.99 0.000165074 -0.00138716 0.999999 5.64663 -24.7297 207.641 0.0938114 0.0225413 0.995215 1.83623 -2.24387 14.4763 4.02179 47.5139 
8136987 5.37371 -19.1164 209.991 0.000811709 -0.00111484 0.999999 7.05296 -24.5326 207.558 0.0918446 0.0276932 0.995264 1.83652 -2.24502 14.4763 4.07494 47.5139 
8224273 6.4979 -18.7641 209.99 0.00270041 -0.000359578 0.999996 8.36604 -24.178 207.681 0.0904989 0.0328772 0.995288 1.83652 -2.24904 14.4763 4.13124 47.5139 
8312567 7.44088 -18.4047 209.991 0.00159719 -0.000641083 0.999999 9.59888 -23.595 207.663 0.0888705 0.0369676 0.995236 1.83681 -2.24646 14.4763 4.18381 47.5139 
8399768 8.46721 -17.9615 209.99 0.00172917 -0.000578483 0.999998 10.9339 -23.1418 207.659 0.0864518 0.0415568 0.995259 1.83652 -2.24674 14.4763 4.24012 47.5139 
8487110 9.39299 -17.4952 209.991 0.00139541 -0.000699391 0.999999 12.0566 -22.5487 207.642 0.0847921 0.04628 0.995238 1.83652 -2.24588 14.4763 4.29297 47.5139 
8574145 10.2814 -16.9949 209.991 0.000249825 -0.0014954 0.999999 13.322 -21.8578 207.605 0.0813386 0.0505312 0.995346 1.83623 -2.24301 14.4763 4.34669 47.5139 
8662370 11.2442 -16.3671 209.991 0.000903912 -0.00096172 0.999999 14.4706 -21.125 207.682 0.0789654 0.0537355 0.995324 1.83652 -2.24445 14.4763 4.40329 47.5139 
8749620 12.1373 -15.7165 209.992 0.000209189 -0.00154231 0.999999 15.3954 -20.387 207.651 0.0765085 0.0580679 0.995264 1.83652 -2.24244 14.4763 4.46045 47.5139 
8836948 12.9492 -15.0623 209.993 -0.000328278 -0.00218697 0.999998 16.6823 -19.5785 207.597 0.072431 0.0614154 0.995402 1.83623 -2.24071 14.4778 4.51446 47.5139 
8924146 13.7394 -14.3456 209.993 -0.000593042 -0.00260979 0.999996 17.6336 -18.727 207.549 0.0688014 0.0653079 0.995444 1.83623 -2.23956 14.4778 4.56904 47.5139 
9012272 14.5192 -13.5486 209.995 -0.00108313 -0.00329661 0.999994 18.6043 -17.742 207.594 0.0651689 0.0683286 0.995492 1.83652 -2.23755 14.4778 4.6265 47.5139 
9099500 15.2099 -12.7443 209.999 -0.00153842 -0.00385224 0.999991 19.5804 -16.7589 207.64 0.0609496 0.0715563 0.995529 1.83738 -2.23554 14.4778 4.68079 47.5139 
9186763 15.9131 -11.8457 210 -0.00148953 -0.00407495 0.999991 20.4772 -15.5487 207.543 0.0563478 0.0738453 0.995593 1.83767 -2.23497 14.4778 4.73853 47.5139 
9274022 16.5368 -10.9802 209.998 -0.00142678 -0.00451223 0.999989 21.2353 -14.4402 207.465 0.0531079 0.0770348 0.995479 1.8371 -2.23439 14.4858 4.79311 47.5059 
9361258 17.1345 -10.0249 209.998 -0.00138776 -0.0047624 0.999988 22.0149 -13.3103 207.495 0.0479403 0.079668 0.995635 1.8371 -2.23382 14.4953 4.85028 47.4964 
9449398 17.6488 -9.09031 209.998 -0.00117922 -0.00479532 0.999988 22.7998 -12.0796 207.512 0.043889 0.0832191 0.995495 1.8371 -2.23382 14.5001 4.904 47.4917 
9536628 18.1332 -8.07122 209.999 -0.00106746 -0.00469276 0.999988 23.3759 -10.6923 207.514 0.0402155 0.0851113 0.995463 1.83738 -2.23382 14.5112 4.96059 47.4805 
9623876 18.5402 -7.07679 209.999 -0.000953577 -0.00429303 0.99999 23.9442 -9.41532 207.532 0.0356963 0.0871261 0.995441 1.83767 -2.23439 14.5271 5.01402 47.4647 
9711129 18.9195 -6.0108 209.998 -0.000646978 -0.00381592 0.999993 24.413 -8.13276 207.439 0.0296079 0.0885143 0.995563 1.83738 -2.23554 14.5382 5.07033 47.4536 
9799271 19.2085 -4.99409 209.998 -0.000557201 -0.00344316 0.999994 24.6421 -6.89674 207.589 0.0246539 0.0900859 0.995497 1.83767 -2.23612 14.5477 5.1229 47.444 
9886495 19.4623 -3.89607 209.998 -0.000455277 -0.00314347 0.999995 24.9889 -5.59878 207.498 0.0198077 0.0915381 0.995569 1.83767 -2.23669 14.5588 5.1792 47.4329 
9973833 19.6337 -2.83944 209.999 -0.000436309 -0.00258099 0.999997 25.2259 -4.26555 207.522 0.0152816 0.0926634 0.995431 1.83825 -2.23755 14.5636 5.23206 47.4282 
10061006 19.7585 -1.71785 210 -0.000402833 -0.00209727 0.999998 25.4847 -2.81959 207.526 0.0100872 0.0934159 0.995493 1.83853 -2.23841 14.5683 5.28808 47.4234 
10149277 19.8118 -0.665109 210.002 -0.000519076 -0.00168968 0.999998 25.5055 -1.44596 207.551 0.00506194 0.0936377 0.995505 1.83911 -2.23899 14.5747 5.34036 47.417 
10236515 19.8347 0.458068 209.998 -0.000327957 -0.00146569 0.999999 25.5261 -0.0879228 207.465 -0.000342781 0.0937925 0.995539 1.83825 -2.23985 14.5826 5.39696 47.4091 
10323623 19.7887 1.50177 209.997 -0.000192117 -0.0015363 0.999999 25.2087 1.3428 207.493 -0.00464608 0.0930375 0.995546 1.83796 -2.23985 14.5842 5.44981 47.4075 
10410917 19.6671 2.61504 209.998 -0.000212051 -0.00135401 0.999999 25.2225 2.59726 207.424 -0.011003 0.0925801 0.995578 1.83825 -2.24014 14.5842 5.50583 47.4075 
10499152 19.4987 3.66451 209.998 -0.000204656 -0.00108996 0.999999 24.8984 3.9163 207.469 -0.0162556 0.0920846 0.995579 1.83825 -2.24071 14.5842 5.55898 47.4075 
10586405 19.2632 4.77129 209.997 -0.000176361 -0.000739016 1 24.5852 5.35225 207.497 -0.0210108 0.0907669 0.99556 1.83796 -2.24157 14.5842 5.61557 47.4075 
10673510 18.9864 5.79362 209.996 -0.000142396 -0.000521187 1 24.1452 6.69732 207.544 -0.0256794 0.0891927 0.995577 1.83767 -2.24215 14.5842 5.66871 47.4075 
10760760 18.6357 6.85355 209.995 -0.000131049 -0.000302829 1 23.8185 8.0162 207.478 -0.0310585 0.0869713 0.995588 1.83738 -2.24272 14.5842 5.72473 47.4075 
10848993 18.2378 7.82409 209.997 -0.000176992 -0.000504838 1 23.3501 9.1389 207.558 -0.0360382 0.0858081 0.995555 1.83796 -2.24215 14.5842 5.77759 47.4075 
10936242 17.7399 8.84721 210 -0.000590411 -0.000297318 1 22.6649 10.4039 207.513 -0.0401741 0.0827967 0.995641 1.83911 -2.24244 14.5842 5.83389 47.4075 
11023556 17.2424 9.79224 209.999 -0.00070217 1.04156e-005 1 22.0767 11.5353 207.483 -0.0445526 0.0806742 0.995605 1.83882 -2.2433 14.5842 5.88733 47.4075 
11110613 16.6766 10.7573 209.996 -0.000576983 0.000160972 1 21.3832 12.7089 207.565 -0.0490851 0.0774763 0.995732 1.83796 -2.24387 14.5842 5.94392 47.4075 
11198970 16.085 11.6233 209.996 -0.000584681 0.000130263 1 20.6645 13.7477 207.553 -0.0529804 0.0752839 0.99569 1.83796 -2.24387 14.5842 5.99678 47.4075 
11286154 15.3963 12.5212 209.996 -0.000776881 0.000307482 1 19.8352 14.8095 207.544 -0.0568616 0.0723392 0.995634 1.83796 -2.24445 14.5842 6.05337 47.4075 
11373411 14.6969 13.3275 209.998 -0.00110181 0.00045272 0.999999 18.8988 15.9029 207.534 -0.0611069 0.0677213 0.995713 1.83825 -2.24502 14.5858 6.10651 47.4075 
11460634 13.9661 14.0914 209.998 -0.00133087 0.000583771 0.999999 18.0517 16.8423 207.43 -0.0651601 0.0644356 0.995714 1.83825 -2.2456 14.5858 6.15937 47.4075 
11547744 13.125 14.8709 209.998 -0.00210716 0.00102954 0.999997 16.9566 17.7264 207.455 -0.0675734 0.0605464 0.995748 1.83853 -2.24732 14.5858 6.21568 47.4075 
11636016 12.3153 15.5553 209.998 -0.00264234 0.00133919 0.999996 15.9841 18.6139 207.589 -0.0709007 0.0563017 0.995865 1.83825 -2.24876 14.5874 6.26825 47.4075 
11723257 11.4238 16.2213 209.998 -0.00306359 0.00142236 0.999994 14.8635 19.3555 207.41 -0.0730554 0.052497 0.995879 1.83825 -2.24962 14.5874 0.0405052 47.4075 
11810522 10.5292 16.7974 210.004 -0.00367829 0.0012874 0.999992 13.759 20.1341 207.452 -0.0761451 0.0481996 0.995872 1.83911 -2.25019 14.5906 0.0930757 47.4075 
11897650 9.56102 17.3607 210.005 -0.00383504 0.00104516 0.999992 12.5181 20.8195 207.511 -0.0781265 0.0438819 0.995955 1.83939 -2.25019 14.5906 0.149381 47.4075 
11985910 8.62049 17.8405 210.006 -0.00410092 0.000860705 0.999991 11.3964 21.4938 207.571 -0.081047 0.0390538 0.995898 1.83968 -2.25048 14.5906 0.202239 47.4075 
12073169 7.62856 18.2922 210.005 -0.0034025 0.000420454 0.999994 10.1481 22.154 207.41 -0.0830182 0.0339661 0.995846 1.83939 -2.24904 14.5906 0.258544 47.4075 
12160402 6.63405 18.6759 210.005 -0.00328677 0.000193245 0.999995 8.88663 22.7356 207.487 -0.084468 0.0290652 0.995874 1.83939 -2.24876 14.5906 0.312551 47.4075 
12247723 5.59321 19.0078 210.007 -0.00215109 -0.000361645 0.999998 7.60677 23.2048 207.579 -0.0856209 0.0245055 0.995965 1.83968 -2.24617 14.5906 0.36943 47.4075 
12335893 4.57463 19.2728 210.008 -0.0015183 -0.000670698 0.999999 6.30456 23.5433 207.578 -0.0864467 0.0205083 0.995962 1.83997 -2.24473 14.5906 0.423437 47.4075 
12423037 3.49142 19.4982 210.009 -0.000643327 -0.000871813 0.999999 5.01321 23.9831 207.451 -0.0871546 0.0156219 0.995963 1.83997 -2.24301 14.5906 0.480604 47.4075 
12510286 2.44868 19.662 210.009 0.000176129 -0.000897542 1 3.68877 24.2223 207.466 -0.0872715 0.0105462 0.996095 1.83968 -2.24157 14.5906 0.535185 47.4075 
12597510 1.33615 19.7797 210.007 0.000924133 -0.000760137 0.999999 2.35469 24.3459 207.499 -0.0880318 0.00615526 0.996025 1.83911 -2.24042 14.5906 0.592927 47.4075 
12685763 0.286755 19.8124 210.01 0.00196037 -0.000815411 0.999998 0.889772 24.4808 207.422 -0.0869961 0.000528319 0.996076 1.83968 -2.23813 14.5906 0.647221 47.4075 
12772897 -0.84459 19.7804 210.013 0.00224567 -0.000891441 0.999997 -0.370092 24.3751 207.486 -0.0872208 -0.00442811 0.996071 1.84054 -2.23726 14.5906 0.704388 47.4075 
12860136 -1.90986 19.7174 210.011 0.00239879 -0.000649822 0.999997 -1.9795 24.3043 207.443 -0.0858881 -0.00971382 0.996186 1.83997 -2.23726 14.5937 0.758682 47.4043 
12947395 -3.03026 19.5781 210.011 0.00257031 -0.000624029 0.999997 -3.24655 24.2043 207.508 -0.0853396 -0.0152885 0.996122 1.83997 -2.23698 14.6048 0.815849 47.3932 
13034636 -4.08624 19.3974 210.009 0.00242732 -0.000507238 0.999997 -4.53583 23.9746 207.479 -0.0844771 -0.0204024 0.996104 1.83939 -2.23755 14.6144 0.869856 47.3837 
13122871 -5.18647 19.134 210.008 0.00220069 -0.00059649 0.999997 -5.9672 23.5544 207.594 -0.0831798 -0.0250731 0.99613 1.83939 -2.23813 14.6255 0.926448 47.3726 
13210128 -6.21791 18.8313 210.007 0.00189885 -0.000698912 0.999998 -7.28499 23.2137 207.581 -0.0809332 -0.0300033 0.996162 1.83911 -2.23899 14.6382 0.980168 47.3599 
13297258 -7.31611 18.4437 210.004 0.000333984 -0.00117655 0.999999 -8.61097 22.745 207.475 -0.0798815 -0.0346568 0.99607 1.83853 -2.24272 14.6398 1.03647 47.3583 
13384548 -8.23586 18.0582 210.004 0.00179836 -0.000357785 0.999998 -9.86377 22.0544 207.51 -0.077787 -0.0389367 0.996135 1.83825 -2.23956 14.6398 1.08933 47.3583 
13472776 -9.23551 17.5863 210.001 0.00187928 2.65671e-005 0.999998 -11.0837 21.6083 207.623 -0.0754748 -0.0442607 0.996099 1.83738 -2.23956 14.6398 1.14564 47.3583 
13559917 -10.1628 17.0673 210.001 0.00199234 0.000205334 0.999998 -12.3282 21.0317 207.642 -0.07259 -0.0490394 0.996088 1.83738 -2.23928 14.6398 1.19936 47.3583 
13647257 -11.1517 16.4245 210.002 0.00071633 -0.000800083 0.999999 -13.3974 20.0655 207.597 -0.0702339 -0.0523631 0.996127 1.83796 -2.24244 14.6398 1.25595 47.3583 
13734394 -11.9903 15.8231 210.003 0.00162271 -4.01864e-005 0.999999 -14.5531 19.3621 207.632 -0.0667109 -0.0569903 0.996072 1.83796 -2.24014 14.6398 1.30967 47.3583 
13822631 -12.8491 15.1199 210.005 0.00172492 -4.66942e-005 0.999999 -15.5126 18.4869 207.569 -0.0625912 -0.0600633 0.99614 1.83853 -2.23985 14.6398 1.3654 47.3583 
13909897 -13.6579 14.4156 210.002 0.00141738 3.12557e-005 0.999999 -16.5849 17.6505 207.618 -0.0578362 -0.0638566 0.996168 1.83767 -2.24071 14.6398 1.4194 47.3583 
13997143 -14.3994 13.6671 210.003 0.00142387 1.0125e-005 0.999999 -17.5406 16.7782 207.555 -0.0541342 -0.0672533 0.996173 1.83796 -2.24071 14.6398 1.47226 47.3583 
14084276 -15.1549 12.8242 210.003 0.00124929 -0.000132178 0.999999 -18.4027 15.6672 207.526 -0.0519725 -0.0702012 0.996041 1.83796 -2.24129 14.6398 1.52885 47.3583 
14172539 -15.8655 11.9426 210.001 0.000995376 -0.000315164 0.999999 -19.3831 14.5888 207.608 -0.0485816 -0.073187 0.995996 1.83767 -2.24215 14.6398 1.58545 47.3583 
14259837 -16.4823 11.0758 210.001 0.000864089 -0.000501837 1 -20.2644 13.4804 207.578 -0.0443622 -0.0764147 0.995959 1.83767 -2.24272 14.6398 1.63859 47.3583 
14347039 -17.0542 10.1835 210 0.00072501 -0.000611167 1 -21.0361 12.3503 207.546 -0.0400533 -0.0790272 0.995952 1.83738 -2.2433 14.6398 1.69174 47.3583 
14434143 -17.595 9.21778 210 0.000757927 -0.000569834 1 -21.8097 11.2147 207.514 -0.0355342 -0.081042 0.995974 1.83738 -2.2433 14.6398 1.74747 47.3583 
14522422 -18.1429 8.217 209.99 -0.000304798 -0.00134538 0.999999 -22.3547 10.0673 207.59 -0.0314498 -0.0835 0.995953 1.83451 -2.24703 14.6398 1.80406 47.3583 
14609689 -18.4921 7.19194 210.002 0.0007509 -0.00147775 0.999999 -22.917 8.80644 207.683 -0.0271763 -0.0854974 0.995857 1.83853 -2.24473 14.6382 1.85721 47.3583 
14696904 -18.8404 6.18686 210 0.000774518 -0.00198745 0.999998 -23.3941 7.3955 207.681 -0.0222747 -0.0865735 0.995852 1.83911 -2.2456 14.635 1.90978 47.3583 
14784155 -19.1711 5.11237 209.998 0.000618793 -0.00246639 0.999997 -23.8447 6.19515 207.534 -0.0172553 -0.0885387 0.99585 1.83853 -2.24703 14.635 1.96579 47.3583 
14872280 -19.4222 4.08208 209.996 0.000567108 -0.0030453 0.999995 -24.0749 4.88386 207.624 -0.0130683 -0.0902797 0.995719 1.83825 -2.24847 14.635 2.01836 47.3583 
14959534 -19.6354 2.96135 209.994 0.000512735 -0.00369836 0.999993 -24.4368 3.54745 207.493 -0.00738668 -0.0910845 0.995771 1.83767 -2.25019 14.635 2.07496 47.3583 
15046811 -19.7605 1.9038 209.994 0.000714386 -0.00429057 0.999991 -24.4635 2.08234 207.596 -0.00300367 -0.0914755 0.995683 1.83796 -2.25134 14.6334 2.12753 47.3599 
15134071 -19.8478 0.77329 209.992 0.000779534 -0.00508973 0.999987 -24.7138 0.736128 207.574 0.00295665 -0.0912046 0.995691 1.83738 -2.25335 14.6318 2.18354 47.3615 
15222258 -19.8646 -0.28249 209.991 0.000814177 -0.00551083 0.999984 -24.5964 -0.52566 207.643 0.00708096 -0.0916801 0.995624 1.8371 -2.2545 14.6175 2.23612 47.3758 
15309398 -19.8256 -1.37961 209.989 0.000615488 -0.00516494 0.999986 -24.5056 -1.92373 207.616 0.0119923 -0.0909949 0.99573 1.83652 -2.25421 14.5906 2.29213 47.4027 
15396645 -19.7176 -2.41791 209.991 0.000665423 -0.00488803 0.999988 -24.4186 -3.31637 207.59 0.0173104 -0.0908932 0.995661 1.83681 -2.25364 14.5699 2.34499 47.4234 
15483903 -19.5409 -3.49976 209.994 0.000658022 -0.00384503 0.999992 -24.0877 -4.73345 207.672 0.0205436 -0.0898612 0.995649 1.83738 -2.25134 14.5525 2.40158 47.4408 
15571154 -19.3164 -4.54781 209.995 0.000698466 -0.00358879 0.999993 -23.8648 -5.94023 207.612 0.0264926 -0.0879663 0.995666 1.83767 -2.25077 14.5382 2.45588 47.4551 
15659406 -19.0284 -5.60816 209.997 0.000475445 -0.00240036 0.999997 -23.5149 -7.13698 207.661 0.0310545 -0.0871268 0.995638 1.83796 -2.24818 14.5286 2.51304 47.4647 
15746548 -18.7093 -6.60966 209.997 0.000219092 -0.00169144 0.999999 -23.1949 -8.58091 207.632 0.0350707 -0.0849519 0.995678 1.83767 -2.24674 14.5255 2.56734 47.4678 
15833783 -18.3087 -7.64907 209.997 -5.76714e-005 -0.000918122 1 -22.6441 -9.94786 207.584 0.039708 -0.082745 0.995694 1.83767 -2.24502 14.5239 2.62479 47.4694 
15921057 -17.8775 -8.62044 209.997 -0.000469492 -0.00028873 1 -22.0838 -11.2983 207.646 0.0437242 -0.08057 0.995734 1.83738 -2.24358 14.5207 2.67966 47.4726 
16009281 -17.3596 -9.6101 209.998 -0.000724268 0.000263199 1 -21.4859 -12.3136 207.66 0.048734 -0.0791856 0.995611 1.83767 -2.24215 14.5207 2.73683 47.4726 
16096419 -16.8218 -10.5235 209.999 -0.00105695 0.000684701 0.999999 -20.9094 -13.5583 207.706 0.0526807 -0.0766346 0.995598 1.83767 -2.241 14.5207 2.79112 47.4726 
16183668 -16.1991 -11.4683 209.998 -0.00127712 0.000742074 0.999999 -19.9848 -14.7644 207.621 0.0561128 -0.073381 0.995623 1.83738 -2.24071 14.5207 2.84858 47.4726 
16271914 -15.5613 -12.3115 209.999 -0.00149569 0.000985751 0.999998 -19.1749 -15.9383 207.648 0.0604077 -0.0701303 0.99562 1.83767 -2.23985 14.5207 2.9023 47.4726 
16359160 -14.8284 -13.1689 210.001 -0.00155279 0.00110337 0.999998 -18.2343 -17.0185 207.657 0.0642022 -0.0669291 0.995641 1.83825 -2.23928 14.5207 2.95918 47.4726 
16446442 -14.0846 -13.9386 210.004 -0.0012169 0.000945998 0.999999 -17.3961 -17.9861 207.651 0.0688099 -0.0623637 0.995557 1.83911 -2.23956 14.5207 3.01232 47.4726 
16533643 -13.2697 -14.7236 210.003 -0.00114719 0.000685091 0.999999 -16.3182 -18.9665 207.642 0.0713936 -0.0598592 0.995597 1.83882 -2.24014 14.5207 3.0692 47.4726 
16620803 -12.4678 -15.4086 210.003 -0.00129532 0.000705719 0.999999 -15.4447 -19.7034 207.604 0.0755636 -0.0566088 0.995475 1.83882 -2.23985 14.5207 3.12263 47.4726 
16709044 -11.5777 -16.1013 210.001 -0.00128539 0.000432203 0.999999 -14.2442 -20.7046 207.703 0.0772419 -0.0518446 0.995583 1.83825 -2.24042 14.5207 3.17951 47.4726 
16796291 -10.7104 -16.7035 209.999 -0.0013698 0.000237004 0.999999 -13.1436 -21.479 207.661 0.0807595 -0.0479935 0.995517 1.83767 -2.24071 14.5207 3.23294 47.4726 
16883528 -9.79179 -17.2518 210 -0.0012898 0.000196008 0.999999 -12.1301 -22.1148 207.715 0.0838281 -0.0438333 0.995421 1.83796 -2.24071 14.5207 3.28666 47.4726 
16970766 -8.79256 -17.7818 209.999 -0.00104179 1.03269e-005 0.999999 -10.7732 -22.8173 207.653 0.0852095 -0.0394104 0.995466 1.83796 -2.24129 14.5207 3.34326 47.4726 
17058926 -7.77992 -18.2534 209.998 -0.000995715 -0.000140149 0.999999 -9.63392 -23.3848 207.578 0.0879226 -0.0343082 0.995491 1.83767 -2.24157 14.5207 3.39956 47.4726 
17146171 -6.79777 -18.6585 209.995 -0.000971102 -0.000419432 0.999999 -8.37275 -23.9461 207.613 0.0898003 -0.0298535 0.995391 1.83681 -2.24215 14.5207 3.45328 47.4726 
17233411 -5.79273 -18.9779 209.998 -0.001111 -0.000210917 0.999999 -6.9815 -24.4327 207.518 0.0908535 -0.0251391 0.995404 1.83767 -2.24129 14.5207 3.50643 47.4726 
17320639 -4.69079 -19.2742 209.999 -0.000743625 -0.000271091 1 -5.66801 -24.6457 207.613 0.092542 -0.0211449 0.995378 1.83796 -2.24186 14.5207 3.56331 47.4726 
17408780 -3.60787 -19.5659 209.99 -1.80007e-005 -0.00117299 0.999999 -4.36441 -24.9983 207.613 0.0932186 -0.0156257 0.995409 1.8348 -2.24502 14.5223 3.61961 47.4726 
17496050 -2.53934 -19.6791 209.999 -0.000216523 -0.00044334 1 -3.05555 -25.2341 207.598 0.0950097 -0.0109145 0.995275 1.83767 -2.24301 14.5223 3.67304 47.4726 
17583295 -1.49358 -19.7914 209.999 -0.000400761 -0.000518236 1 -1.73324 -25.4721 207.582 0.0953552 -0.0059756 0.995279 1.83738 -2.24272 14.5223 3.72648 47.4726 
17670523 -0.377444 -19.8441 209.999 -0.000370962 -0.000539968 1 -0.394044 -25.6079 207.55 0.0955657 -0.000266935 0.995297 1.83738 -2.24272 14.5223 3.78278 47.4726 
17758661 0.689232 -19.8464 209.997 -0.000182209 -0.000687739 1 1.21021 -25.525 207.591 0.0947869 0.00371876 0.995355 1.83681 -2.2433 14.5223 3.8365 47.4726 
17845934 1.81295 -19.77 209.997 5.15786e-005 -0.000599444 1 2.59172 -25.4226 207.635 0.0942042 0.00905443 0.995455 1.8371 -2.24358 14.5223 3.89281 47.4726 
17933158 2.86941 -19.6553 209.995 0.000118328 -0.000732561 1 3.86773 -25.2042 207.555 0.0943736 0.0136346 0.995393 1.83652 -2.24387 14.5223 3.94653 47.4726 
18020420 3.97518 -19.4675 209.996 0.000519546 -0.000687474 1 5.25263 -25.0876 207.71 0.093821 0.0191916 0.995336 1.83623 -2.24473 14.5239 4.00254 47.4726 
18107656 5.00098 -19.2351 209.995 0.000512927 -0.000745488 1 6.43401 -24.7426 207.616 0.0939693 0.0236345 0.995172 1.83595 -2.24473 14.5239 4.05569 47.4726 
18195777 6.0771 -18.9057 209.998 0.000666269 -0.000449142 1 7.97874 -24.4397 207.624 0.0910743 0.0291832 0.995318 1.83681 -2.24473 14.5239 4.11171 47.4726 
18283077 7.09085 -18.5435 209.998 0.00123721 -0.000101707 0.999999 9.20418 -23.8747 207.495 0.0898465 0.0334779 0.995345 1.8371 -2.24588 14.5239 4.16485 47.4726 
18370298 8.13134 -18.1055 209.999 0.00164524 0.000246455 0.999999 10.5213 -23.524 207.62 0.0880648 0.0390726 0.9952 1.83738 -2.24674 14.5239 4.22087 47.4726 
18457555 9.07934 -17.6555 209.999 0.00172332 0.000327146 0.999998 11.6675 -22.8003 207.695 0.0859572 0.0432508 0.995274 1.8371 -2.24703 14.5255 4.27373 47.4726 
18545849 10.0728 -17.1206 209.997 0.00202188 0.000460712 0.999998 13.0494 -22.0338 207.531 0.0831419 0.0476535 0.995338 1.83652 -2.24789 14.5255 4.33032 47.4726 
18632911 10.9554 -16.5633 209.998 0.00189314 0.000580382 0.999998 14.0639 -21.4248 207.516 0.0812366 0.052394 0.995199 1.83681 -2.24761 14.5255 4.38289 47.4726 
18720189 11.8736 -15.9179 209.998 0.00196674 0.000773688 0.999998 15.1071 -20.6884 207.593 0.0783176 0.0569337 0.995247 1.83681 -2.24789 14.5255 4.43919 47.4726 
18807415 12.7037 -15.2706 209.997 0.00181643 0.000687973 0.999998 16.407 -19.7726 207.523 0.0745159 0.0604851 0.995345 1.83652 -2.24761 14.5255 4.49263 47.4726 
18895671 13.5456 -14.5364 209.997 0.00158028 0.000495385 0.999999 17.4838 -18.8097 207.568 0.0713484 0.0641704 0.99528 1.83623 -2.24703 14.5255 4.54951 47.4726 
18982853 14.2924 -13.7947 209.998 0.0012746 0.00034544 0.999999 18.323 -17.9466 207.522 0.067908 0.0685234 0.995249 1.83652 -2.24617 14.5239 4.60294 47.4742 
19070066 15.0257 -12.976 210.001 0.000440178 -0.00038047 1 19.2951 -16.9674 207.568 0.0641194 0.0721766 0.995209 1.8371 -2.24358 14.5239 4.65982 47.4742 
19157286 15.6982 -12.1451 210.002 0.000198109 -0.00060531 1 20.1765 -15.85 207.597 0.0598841 0.0744308 0.995389 1.83738 -2.24272 14.5239 4.71411 47.4742 
19245547 16.3508 -11.2422 210.003 -0.000310215 -0.00133397 0.999999 20.9346 -14.7414 207.519 0.0566442 0.0776203 0.995275 1.83767 -2.24071 14.5239 4.77157 47.4742 
19332799 16.9302 -10.3494 210.004 -0.000439031 -0.00171832 0.999998 21.6976 -13.7275 207.567 0.0515792 0.0809706 0.995322 1.83767 -2.23985 14.5239 4.82586 47.4742 
19419919 17.5086 -9.34849 210.002 5.58179e-005 -0.00106991 0.999999 22.5986 -12.5202 207.47 0.0465284 0.0835686 0.995356 1.83738 -2.24157 14.5239 4.88303 47.4742 
19507175 17.9653 -8.43951 210.004 -0.000628241 -0.00288456 0.999996 23.0571 -11.2083 207.6 0.0423374 0.0852918 0.995366 1.83738 -2.23755 14.5239 4.93732 47.4742 
19595440 18.4338 -7.34388 210.003 -7.231e-006 -0.00136955 0.999999 23.7401 -9.9647 207.506 0.0369727 0.0874291 0.995354 1.83767 -2.24071 14.5239 4.99478 47.4742 
19682685 18.7939 -6.38475 210.003 -0.000265538 -0.00280137 0.999996 24.2053 -8.65381 207.636 0.0320569 0.0892573 0.995372 1.83738 -2.23784 14.5239 5.04878 47.4742 
19769930 19.104 -5.36645 210.004 -0.000169526 -0.00273138 0.999996 24.5645 -7.23687 207.529 0.0275531 0.0896658 0.995462 1.83767 -2.23784 14.5239 5.10222 47.4742 
19857043 19.3865 -4.28353 210.002 0.000125 -0.00275208 0.999996 24.9055 -6.01496 207.675 0.0224482 0.0910336 0.995555 1.8371 -2.23813 14.5239 5.15881 47.4742 
19945304 19.6589 -3.16819 209.991 0.00116854 -0.00173601 0.999998 25.1452 -4.70131 207.587 0.0172355 0.0925206 0.99551 1.83394 -2.24186 14.5239 5.21597 47.4742 
20032561 19.7312 -2.10526 210.004 0.00030937 -0.00230107 0.999997 25.3865 -3.38433 207.5 0.0118467 0.0936489 0.995401 1.83767 -2.2387 14.5239 5.26912 47.4742 
20119806 19.8191 -0.972946 210.004 0.000438388 -0.00185884 0.999998 25.4226 -1.89571 207.507 0.00685685 0.0932557 0.995501 1.83767 -2.23956 14.5239 5.32571 47.4742 
20207069 19.8374 0.0839704 210.005 0.000454709 -0.00163062 0.999999 25.4307 -0.634063 207.548 0.00150342 0.093769 0.99548 1.83796 -2.23985 14.5239 5.37857 47.4742 
20294181 19.8108 1.12807 210.004 0.000617153 -0.00166268 0.999998 25.3356 0.743016 207.463 -0.00333149 0.0935973 0.995543 1.83767 -2.23985 14.5239 5.43143 47.4742 
20382423 19.7153 2.24681 210.004 0.00071021 -0.00162511 0.999998 25.2473 2.14282 207.488 -0.00851458 0.0927258 0.995597 1.83767 -2.23985 14.5239 5.48802 47.4742 
20469670 19.5629 3.2899 210.005 0.000742786 -0.00167256 0.999998 25.0501 3.56084 207.516 -0.0138567 0.0916151 0.995568 1.83796 -2.23956 14.5239 5.54117 47.4742 
20556933 19.3476 4.40658 210.003 0.000788738 -0.00126849 0.999999 24.7202 4.8651 207.45 -0.0188848 0.0909652 0.995584 1.83767 -2.24042 14.5255 5.59804 47.4726 
20645076 19.0877 5.42262 210.003 0.000854655 -0.00122505 0.999999 24.3938 6.19257 207.495 -0.0238987 0.089563 0.995586 1.83767 -2.24042 14.5255 5.6509 47.4726 
20732298 18.7559 6.49606 210.002 0.000900948 -0.00109061 0.999999 23.9242 7.31544 207.575 -0.0287576 0.0883823 0.995551 1.83738 -2.24071 14.5302 5.70749 47.4678 
20819552 18.3899 7.46999 210.003 0.00107552 -0.00129605 0.999999 23.375 8.6854 207.622 -0.0335629 0.0858521 0.995713 1.83738 -2.24014 14.5302 5.76035 47.4678 
20906813 17.9241 8.5024 210.005 0.0010273 -0.00130625 0.999999 22.7964 9.90909 207.466 -0.0376828 0.0838141 0.995656 1.83796 -2.23985 14.5302 5.81723 47.4678 
20994068 17.4249 9.46382 210.006 0.00062917 -0.00101682 0.999999 22.2371 11.1761 207.53 -0.0430819 0.0806015 0.99569 1.83853 -2.24042 14.5413 5.87095 47.4567 
21082194 16.8631 10.4347 210.006 0.000476504 -0.000919001 0.999999 21.431 12.3593 207.613 -0.047391 0.078103 0.995707 1.83853 -2.24071 14.5525 5.92726 47.4456 
21169555 16.2889 11.3127 210.006 0.000397891 -0.000954239 0.999999 20.7154 13.389 207.491 -0.052014 0.0751439 0.995678 1.83853 -2.24071 14.5636 5.98011 47.4345 
21256759 15.6351 12.2192 210.003 0.000390534 -0.000764938 1 19.9042 14.5618 207.464 -0.056167 0.0720129 0.995783 1.83796 -2.24129 14.5699 6.03642 47.4282 
21344006 14.9503 13.0317 210.005 0.000237672 -0.000744986 1 18.835 15.5692 207.583 -0.059288 0.0683482 0.995808 1.83853 -2.24129 14.5699 6.08956 47.4282 
21432181 14.1908 13.8618 209.999 0.000100782 -0.000412893 1 17.9952 16.5336 207.589 -0.0637236 0.0641238 0.995835 1.83825 -2.24215 14.5667 6.14587 47.4266 
21519323 13.4217 14.6076 209.999 -0.000306681 -4.50939e-005 1 17.1385 17.3799 207.613 -0.0680225 0.0608554 0.995718 1.83825 -2.2433 14.5667 6.19901 47.4266 
21606529 12.5327 15.377 209.997 -0.00198184 0.00120692 0.999997 16.0454 18.2561 207.527 -0.0710597 0.0560625 0.995782 1.83825 -2.24761 14.5667 6.25503 47.4266 
21693795 11.7271 15.9998 209.998 -0.00123043 0.000549565 0.999999 14.9532 19.1588 207.663 -0.0733865 0.0519168 0.995852 1.83825 -2.2456 14.5667 0.0247053 47.4266 
21782066 10.7877 16.6477 209.997 -0.00210125 0.000984427 0.999997 13.8405 19.9218 207.595 -0.075993 0.0475494 0.995839 1.83825 -2.24761 14.5667 0.0807231 47.4266 
21869304 9.87421 17.1929 209.999 -0.00270288 0.00100673 0.999996 12.7336 20.6851 207.526 -0.0792206 0.04315 0.995852 1.83882 -2.24847 14.5667 0.133294 47.4266 
21956442 8.82388 17.7438 209.999 -0.00508985 0.00178843 0.999985 11.4662 21.2427 207.492 -0.0804259 0.0390858 0.995872 1.83939 -2.25335 14.5667 0.189024 47.4266 
22043697 7.91982 18.1648 210 -0.0040088 0.0010457 0.999991 10.2292 21.9312 207.552 -0.082825 0.0344444 0.995893 1.83939 -2.25077 14.5667 0.241307 47.4266 
22131966 6.88235 18.5828 210 -0.00432618 0.000910034 0.99999 9.07918 22.4812 207.518 -0.0847791 0.0294762 0.995824 1.83939 -2.25134 14.5667 0.297325 47.4266 
22219192 5.91425 18.9186 209.999 -0.00388203 0.000617433 0.999992 7.80529 22.952 207.611 -0.0865742 0.0247473 0.995838 1.83911 -2.25048 14.5667 0.349896 47.4266 
22306323 4.85551 19.2175 210 -0.00322679 0.000245374 0.999995 6.38618 23.2871 207.501 -0.0871031 0.0210913 0.995899 1.83911 -2.24904 14.5667 0.406488 47.4266 
22393562 3.82086 19.4496 210 -0.00309704 4.89832e-005 0.999995 5.08769 23.6354 207.499 -0.0883284 0.0160359 0.995941 1.83911 -2.24876 14.5667 0.460208 47.4266 
22480797 2.80796 19.6213 210.001 -0.00170141 -0.000268634 0.999999 3.66927 23.9977 207.5 -0.088536 0.011199 0.995918 1.83911 -2.24588 14.5667 0.514215 47.4266 
22569059 1.69839 19.7537 210 -0.00105402 -0.000325254 0.999999 2.33214 24.124 207.533 -0.0889681 0.00651653 0.99588 1.83882 -2.24473 14.5667 0.571669 47.4266 
22656304 0.682895 19.8313 209.999 0.000844616 -0.00015272 1 0.873602 24.2555 207.455 -0.0886189 0.00125133 0.996024 1.83796 -2.24129 14.5667 0.62625 47.4266 
22743433 -0.446354 19.8276 210.001 0.0017108 -0.000183672 0.999999 -0.477377 24.2915 207.616 -0.0888476 -0.00372283 0.995898 1.83853 -2.23928 14.5667 0.684279 47.4266 
22830702 -1.49487 19.7659 210.004 0.00271957 -0.000104094 0.999996 -1.74558 24.1771 207.569 -0.0885709 -0.00948377 0.995995 1.83911 -2.23698 14.5667 0.738573 47.4266 
22919021 -2.62848 19.6367 210.006 0.0031691 -4.34244e-006 0.999995 -3.14676 23.9613 207.541 -0.0875534 -0.0143762 0.995939 1.83968 -2.23583 14.5667 0.796602 47.4266 
23006220 -3.68126 19.478 210.004 0.00353277 0.000404394 0.999994 -4.57055 23.6358 207.528 -0.0857859 -0.0192187 0.996097 1.83911 -2.23525 14.5667 0.851183 47.4266 
23093428 -4.78281 19.2432 210.004 0.00381705 0.000756672 0.999992 -5.97237 23.4461 207.611 -0.0843052 -0.0251724 0.996058 1.83882 -2.23468 14.5683 0.908637 47.425 
23180566 -5.8129 18.9534 210.004 0.00375446 0.000732394 0.999993 -7.2845 23.1047 207.599 -0.0826666 -0.0300328 0.995977 1.83911 -2.23468 14.5794 0.962357 47.4139 
23268839 -6.9015 18.5865 210.004 0.00348632 0.00065695 0.999994 -8.51938 22.5088 207.507 -0.0812143 -0.034482 0.995965 1.83911 -2.23525 14.5937 1.01981 47.3996 
23356077 -7.89319 18.1884 210.004 0.00322094 0.00061889 0.999995 -9.85089 22.0787 207.621 -0.0787774 -0.0398057 0.996049 1.83911 -2.23583 14.6017 1.07324 47.3916 
23443333 -8.90299 17.7234 210.003 0.00311974 0.000707501 0.999995 -11.093 21.5029 207.64 -0.0761512 -0.0446689 0.996058 1.83882 -2.23612 14.6112 1.12926 47.3821 
23530467 -9.83981 17.2345 210.001 0.00303122 0.000892972 0.999995 -12.1105 20.8745 207.547 -0.0743235 -0.0490688 0.995903 1.83825 -2.2364 14.6191 1.18269 47.3742 
23618699 -10.8038 16.6485 210 0.00291227 0.000870062 0.999995 -13.26 20.1655 207.581 -0.0714529 -0.0530953 0.995905 1.83825 -2.23669 14.6287 1.23929 47.3646 
23705954 -11.6779 16.0284 210.003 0.00276855 0.000574122 0.999996 -14.4289 19.3455 207.631 -0.0681816 -0.0569175 0.995987 1.83911 -2.23698 14.635 1.29243 47.3583 
23793190 -12.5745 15.3347 210.003 0.00231527 0.000350389 0.999997 -15.491 18.4933 207.57 -0.0649145 -0.0607575 0.995949 1.83911 -2.23813 14.635 1.34874 47.3583 
23880438 -13.3903 14.6421 210 0.00198915 0.000367239 0.999998 -16.4474 17.6245 207.508 -0.0611429 -0.0645302 0.996007 1.83853 -2.23899 14.635 1.40246 47.3583 
23968730 -14.1951 13.8632 210 0.00177884 0.000267451 0.999998 -17.5282 16.6722 207.574 -0.0571481 -0.0676035 0.995955 1.83853 -2.23956 14.635 1.45847 47.3583 
24055938 -14.9184 13.0898 209.999 0.0015729 0.000237012 0.999999 -18.2739 15.6736 207.636 -0.0535498 -0.0708632 0.995943 1.83825 -2.24014 14.635 1.51162 47.3583 
24143076 -15.6236 12.2218 210.001 0.00151429 2.04437e-005 0.999999 -19.2556 14.6842 207.589 -0.0487366 -0.0734085 0.996034 1.83882 -2.24042 14.635 1.56735 47.3583 
24230310 -16.2633 11.3658 210 0.00126101 -0.000161742 0.999999 -20.0063 13.691 207.652 -0.0446067 -0.0772514 0.995967 1.83853 -2.24129 14.635 1.62078 47.3583 
24317584 -16.8755 10.4248 210 0.00109157 -0.000551241 0.999999 -20.771 12.5755 207.731 -0.0406431 -0.0796919 0.995946 1.83882 -2.24215 14.635 1.67651 47.3583 
24405698 -17.4088 9.51856 209.999 0.000898269 -0.00078118 0.999999 -21.4369 11.4063 207.587 -0.0362277 -0.0815697 0.995952 1.83853 -2.24301 14.635 1.72908 47.3583 
24492946 -17.923 8.52332 209.998 0.000736021 -0.00102943 0.999999 -21.9909 10.2522 207.664 -0.031174 -0.083296 0.995913 1.83825 -2.24387 14.635 1.7851 47.3583 
24580191 -18.3554 7.54725 209.998 0.000644702 -0.00138476 0.999999 -22.5404 9.08292 207.629 -0.0270002 -0.0851387 0.995922 1.83825 -2.24473 14.635 1.83825 47.3583 
24667469 -18.7417 6.47969 210 0.000701896 -0.00213374 0.999997 -22.9956 7.79935 207.72 -0.0223744 -0.0864187 0.995956 1.83911 -2.24588 14.635 1.89398 47.3583 
24755717 -19.0667 5.46941 209.999 0.000624623 -0.00255816 0.999997 -23.457 6.49767 207.701 -0.0174729 -0.0874948 0.99595 1.83882 -2.24703 14.635 1.94683 47.3583 
24842937 -19.3447 4.38628 209.998 0.000686407 -0.002933 0.999995 -23.8091 5.18016 207.68 -0.0124505 -0.0885883 0.995944 1.83882 -2.24789 14.635 2.00256 47.3583 
24930117 -19.5633 3.34136 209.996 0.000622147 -0.00343907 0.999994 -23.92 3.94053 207.641 -0.0079325 -0.089749 0.99584 1.83825 -2.24933 14.635 2.05571 47.3583 
25017357 -19.7134 2.29594 209.996 0.000765321 -0.00382107 0.999992 -24.1597 2.61895 207.731 -0.00272098 -0.090382 0.99576 1.83825 -2.25019 14.635 2.10828 47.3583 
25105614 -19.8186 1.15736 209.994 0.000878518 -0.00468642 0.999989 -24.3136 1.13632 207.614 0.00266664 -0.0906563 0.995744 1.83796 -2.2522 14.635 2.16458 47.3583 
25192890 -19.8525 0.0444186 209.994 0.00114583 -0.00505122 0.999987 -24.3049 -0.113287 207.683 0.00660466 -0.0907206 0.995746 1.83796 -2.25306 14.635 2.22003 47.3583 
25279972 -19.8312 -1.03041 209.992 0.00136687 -0.00589821 0.999982 -24.3321 -1.49183 207.658 0.0123234 -0.0904147 0.995757 1.83767 -2.25508 14.6318 2.27289 47.3615 
25367229 -19.7584 -2.08442 209.99 0.001504 -0.00639571 0.999978 -24.2372 -2.88561 207.633 0.0167959 -0.0901904 0.995699 1.8371 -2.25651 14.6239 2.32546 47.3694 
25455447 -19.6136 -3.17476 209.989 0.0013543 -0.00624301 0.99998 -24.1338 -4.15705 207.701 0.022428 -0.089628 0.995675 1.83681 -2.25651 14.5906 2.38119 47.4027 
25542694 -19.3732 -4.32732 209.993 0.00197975 -0.00766704 0.999969 -23.8262 -5.6065 207.563 0.0273866 -0.088602 0.995606 1.83767 -2.25938 14.5667 2.43778 47.4282 
25629960 -19.129 -5.28981 209.996 0.00160926 -0.00569314 0.999982 -23.4789 -6.80515 207.612 0.0322243 -0.0875586 0.995539 1.83767 -2.25536 14.5493 2.49092 47.4472 
25717087 -18.8313 -6.27626 209.996 0.00129457 -0.00466928 0.999988 -23.05 -8.24583 207.692 0.0368103 -0.0857101 0.995608 1.83738 -2.25335 14.5334 2.54464 47.4631 
25805328 -18.4581 -7.31235 210.001 0.000950425 -0.00354272 0.999993 -22.5923 -9.48306 207.629 0.0412544 -0.0839814 0.995577 1.8371 -2.25105 14.5271 2.6021 47.4742 
25892568 -18.0437 -8.26558 210.005 0.000431117 -0.00216555 0.999998 -22.0322 -10.8201 207.802 0.0456843 -0.0815005 0.995559 1.83738 -2.24789 14.5175 2.65668 47.4853 
25979817 -17.5413 -9.28156 210.007 0.000162057 -0.00168997 0.999999 -21.4661 -12.0801 207.738 0.0503557 -0.0790546 0.995538 1.83738 -2.24674 14.508 2.71471 47.4964 
26066945 -17.0255 -10.1957 210.008 -0.000492393 -0.000646355 1 -20.7859 -13.3552 207.674 0.0546437 -0.0766934 0.995418 1.83738 -2.24416 14.5032 2.76958 47.5012 
26155185 -16.4177 -11.148 210.008 -0.000890901 -0.000120502 1 -19.9569 -14.4111 207.684 0.0585561 -0.0743814 0.995442 1.83738 -2.24272 14.5016 2.82761 47.5028 
26242443 -15.805 -12.01 210.008 -0.00142909 0.000374254 0.999999 -19.2602 -15.5865 207.602 0.0627473 -0.0709938 0.995422 1.8371 -2.24129 14.5016 2.88219 47.5028 
26329712 -15.0995 -12.878 210.01 -0.00192882 0.000903924 0.999998 -18.2216 -16.8016 207.626 0.0661994 -0.0667488 0.995424 1.83738 -2.23956 14.5016 2.93964 47.5028 
26416948 -14.3739 -13.6679 210.012 -0.00208735 0.00109823 0.999997 -17.3709 -17.7394 207.729 0.069856 -0.0636497 0.995465 1.83796 -2.2387 14.5016 2.99394 47.5028 
26504219 -13.5523 -14.4754 210.012 -0.00183676 0.000806304 0.999998 -16.4297 -18.8231 207.739 0.0735811 -0.0600725 0.995432 1.83825 -2.23928 14.5016 3.05139 47.5028 
26592319 -12.7488 -15.1807 210.013 -0.00178217 0.00072253 0.999998 -15.3405 -19.7085 207.714 0.0766326 -0.0560318 0.995354 1.83853 -2.23928 14.5016 3.10511 47.5028 
26679583 -11.8779 -15.8915 210.01 -0.00187008 0.000399418 0.999998 -14.352 -20.462 207.674 0.0803194 -0.0527114 0.995238 1.83767 -2.23985 14.5016 3.16199 47.5028 
26766800 -11.0003 -16.511 210.01 -0.00164806 0.000154542 0.999999 -13.1458 -21.374 207.646 0.0826741 -0.047539 0.995387 1.83767 -2.24042 14.5016 3.21571 47.5028 
26855111 -10.05 -17.106 210.01 -0.00152995 -3.55755e-006 0.999999 -12.0163 -22.0196 207.698 0.0851529 -0.0440435 0.995285 1.83767 -2.24071 14.5016 3.27201 47.5028 
26942184 -9.10817 -17.6193 210.011 -0.00118328 -0.000165776 0.999999 -10.8872 -22.6902 207.64 0.0872762 -0.0396061 0.995303 1.83796 -2.24129 14.5016 3.32545 47.5028 
27029522 -8.09634 -18.1126 210.01 -0.000856941 -0.000410404 1 -9.63091 -23.2532 207.674 0.0896753 -0.0349647 0.995282 1.83767 -2.24215 14.5032 3.38175 47.5012 
27116702 -7.13049 -18.5251 210.003 -0.000890666 -0.000626218 0.999999 -8.35843 -23.7179 207.581 0.0916225 -0.030886 0.995235 1.8371 -2.24244 14.5001 3.4349 47.4996 
27203983 -6.08244 -18.9004 209.999 -0.000954181 -0.000761755 0.999999 -7.08871 -24.2767 207.724 0.0929755 -0.0249586 0.995307 1.83681 -2.24244 14.4969 3.4912 47.4996 
27292083 -5.06986 -19.1968 209.999 -0.000912369 -0.000811366 0.999999 -5.79179 -24.6201 207.726 0.09437 -0.0204339 0.995213 1.83681 -2.24244 14.4969 3.54435 47.4996 
27379335 -3.97034 -19.4374 210 -0.000782242 -0.000680747 0.999999 -4.47382 -24.8563 207.71 0.0951816 -0.0156845 0.995229 1.83767 -2.24215 14.4953 3.60065 47.4996 
27466571 -2.92725 -19.627 209.999 -0.000678214 -0.000799138 0.999999 -3.15841 -25.0943 207.694 0.096269 -0.010731 0.995206 1.83738 -2.24244 14.4953 3.65408 47.4996 
27553813 -1.812 -19.8203 209.988 0.000291109 -0.00163553 0.999999 -1.71174 -25.2352 207.661 0.0968008 -0.00620334 0.99514 1.83422 -2.24588 14.4969 3.71068 47.498 
27642129 -0.754336 -19.8408 209.997 -0.000429391 -0.000969077 0.999999 -0.374479 -25.3685 207.628 0.0972187 -0.000768675 0.995192 1.83681 -2.24301 14.4985 3.76411 47.4964 
27729217 0.363408 -19.8518 209.997 -0.000374176 -0.000991705 0.999999 0.873271 -25.357 207.69 0.0974604 0.00430726 0.995179 1.83681 -2.24301 14.4985 3.82041 47.4964 
27816553 1.4274 -19.8037 209.997 -0.000181469 -0.000994008 0.999999 2.34822 -25.3963 207.64 0.0966321 0.00966019 0.995161 1.83681 -2.2433 14.4985 3.87385 47.4964 
27903696 2.48382 -19.7045 209.996 -4.31227e-005 -0.00105913 0.999999 3.73437 -25.196 207.559 0.0968357 0.0144794 0.995064 1.83652 -2.24358 14.4985 3.92728 47.4964 
27991970 3.59232 -19.5438 209.994 5.63837e-005 -0.00119519 0.999999 4.92757 -24.8339 207.573 0.0961082 0.0188236 0.995067 1.83595 -2.24387 14.4985 3.98387 47.4964 
28079213 4.67669 -19.3241 209.992 -9.86725e-005 -0.00140107 0.999999 6.43254 -24.7528 207.616 0.0941272 0.0247278 0.99513 1.83537 -2.24358 14.4985 4.04018 47.4964 
28166375 5.69794 -19.048 209.992 -0.000156041 -0.00145058 0.999999 7.62446 -24.3916 207.63 0.0935376 0.029174 0.995114 1.83537 -2.2433 14.4985 4.09361 47.4964 
28253588 6.71786 -18.7127 209.992 -7.75106e-005 -0.00145689 0.999999 9.07038 -23.9592 207.625 0.0910704 0.0342764 0.995187 1.83537 -2.2433 14.4985 4.14761 47.4964 
28341844 7.77867 -18.2796 209.995 0.00034539 -0.00106204 0.999999 10.3198 -23.2682 207.59 0.0893383 0.0385039 0.995118 1.83623 -2.24387 14.4985 4.20421 47.4964 
28429099 8.80546 -17.7957 209.997 0.000698097 -0.000719252 0.999999 11.654 -22.8208 207.586 0.0870091 0.0437083 0.995172 1.83681 -2.24445 14.4985 4.26051 47.4964 
28516328 9.74652 -17.3166 209.993 0.00103598 -0.000743484 0.999999 12.9148 -22.1159 207.66 0.0844525 0.0481955 0.995215 1.83595 -2.24531 14.4985 4.31366 47.4964 
28603446 10.6635 -16.7674 209.993 0.00141932 -0.000447814 0.999999 13.924 -21.5183 207.534 0.0827204 0.052423 0.995145 1.83595 -2.24617 14.4985 4.3668 47.4964 
28691724 11.5925 -16.1391 209.993 0.00166317 -0.000195489 0.999999 15.189 -20.8307 207.499 0.0793142 0.057015 0.995078 1.83595 -2.24674 14.4985 4.42282 47.4964 
28778988 12.4322 -15.4878 209.995 0.00178388 0.000176887 0.999998 16.2469 -19.9838 207.56 0.0764989 0.0614177 0.995142 1.83652 -2.24703 14.4985 4.47568 47.4964 
28866203 13.2814 -14.7733 209.994 0.00167259 8.31769e-005 0.999999 17.3084 -19.1506 207.51 0.0729035 0.0655491 0.995149 1.83623 -2.24674 14.4985 4.53198 47.4964 
28953364 14.0512 -14.0506 209.993 0.00176808 0.00017859 0.999998 18.1603 -18.166 207.448 0.0697673 0.0686016 0.995052 1.83595 -2.24703 14.4985 4.58513 47.4964 
29041714 14.8104 -13.2561 209.992 0.00132187 -0.000357452 0.999999 19.2545 -17.1869 207.602 0.06512 0.0722756 0.995161 1.83566 -2.2456 14.4985 4.64172 47.4964 
29128887 15.4891 -12.4475 209.994 0.000919878 -0.000769982 0.999999 20.1246 -16.0913 207.521 0.061712 0.0751418 0.995224 1.83595 -2.24416 14.4969 4.69573 47.498 
29216161 16.145 -11.5478 209.998 0.000183811 -0.00140012 0.999999 20.8961 -14.9623 207.553 0.0574202 0.0778738 0.995212 1.8371 -2.24157 14.4969 4.75289 47.498 
29303377 16.7312 -10.6713 210 -0.000116802 -0.0019046 0.999998 21.6708 -13.843 207.585 0.052786 0.0816496 0.995182 1.83738 -2.24014 14.4969 4.8069 47.498 
29391477 17.304 -9.71569 210 -0.000380675 -0.00266235 0.999996 22.3237 -12.7136 207.508 0.0489775 0.0843116 0.995165 1.83738 -2.23841 14.4969 4.86436 47.498 
29478704 17.7918 -8.77958 210.002 -0.000604681 -0.00336463 0.999994 23.1237 -11.4657 207.523 0.0433027 0.0860058 0.995229 1.83767 -2.23669 14.4969 4.91865 47.498 
29566040 18.2679 -7.74094 210.002 -0.000503276 -0.00365826 0.999993 23.5809 -10.1774 207.542 0.0388559 0.0885163 0.995255 1.83767 -2.23612 14.4969 4.97668 47.498 
29653238 18.6476 -6.74429 210.004 -0.000521649 -0.00391589 0.999992 24.1508 -8.91966 207.45 0.033767 0.0908576 0.995204 1.83825 -2.23525 14.4969 5.03068 47.498 
29740470 19.0025 -5.66782 210.004 -0.00029706 -0.0039393 0.999992 24.6378 -7.48887 207.562 0.028193 0.0915431 0.995289 1.83825 -2.23525 14.4969 5.08785 47.498 
29828752 19.2941 -4.64683 210.001 0.000136199 -0.00390742 0.999992 24.8596 -6.26986 207.6 0.0236226 0.0931993 0.995321 1.83738 -2.23583 14.4969 5.14157 47.498 
29915837 19.5325 -3.54318 210 0.000417628 -0.00382237 0.999993 25.2196 -4.8553 207.493 0.0190322 0.0938644 0.995376 1.8371 -2.23612 14.4985 5.19845 47.4964 
30003120 19.6881 -2.50403 210.001 0.000477425 -0.00398757 0.999992 25.3524 -3.50244 207.517 0.0138337 0.0945992 0.995318 1.83738 -2.23554 14.5032 5.2516 47.4917 
30090347 19.7854 -1.36731 210.004 0.000299737 -0.003569 0.999994 25.4891 -2.14674 207.54 0.00822159 0.0950279 0.995319 1.83825 -2.23583 14.5191 5.30819 47.4758 
30178598 19.8318 -0.290371 210.003 0.000308636 -0.00296104 0.999996 25.4026 -0.758705 207.566 0.00285106 0.0954217 0.995316 1.83825 -2.23698 14.5318 5.36162 47.4631 
30265723 19.8128 0.829853 210.004 0.000224445 -0.00272305 0.999996 25.438 0.719099 207.463 -0.00246993 0.0944483 0.99539 1.83853 -2.23726 14.5445 5.41764 47.4504 
30352974 19.7518 1.89366 210.002 0.00030528 -0.00239247 0.999997 25.3233 1.88588 207.522 -0.00816867 0.0951336 0.995355 1.83796 -2.23813 14.5572 5.47107 47.4377 
30440245 19.6114 2.99084 209.999 0.0002837 -0.00245889 0.999997 25.0108 3.31817 207.55 -0.0129894 0.0942096 0.995405 1.83825 -2.23784 14.5652 5.5268 47.4266 
30528455 19.4229 4.03678 209.999 0.000342627 -0.00216853 0.999998 24.7986 4.60895 207.484 -0.0187976 0.0932884 0.995363 1.83825 -2.23841 14.5652 5.57995 47.4266 
30615729 19.1568 5.1349 210 0.000230626 -0.00184369 0.999998 24.4907 6.04981 207.512 -0.0241214 0.0914432 0.995441 1.83853 -2.23899 14.5699 5.63625 47.4218 
30702867 18.8638 6.14163 209.999 0.000366931 -0.00173444 0.999998 24.0286 7.26639 207.465 -0.0284971 0.0901925 0.9954 1.83825 -2.23928 14.5699 5.68911 47.4218 
30790111 18.5179 7.13173 209.998 0.00049225 -0.00161619 0.999999 23.5765 8.50281 207.528 -0.0335452 0.0885513 0.995439 1.83796 -2.23956 14.5699 5.74197 47.4218 
30877358 18.0872 8.16253 209.998 0.000582422 -0.00158593 0.999999 22.9982 9.72872 207.371 -0.0376993 0.0862744 0.995418 1.83796 -2.23956 14.5699 5.79827 47.4218 
30965594 17.5843 9.16311 210 0.000382743 -0.00163337 0.999999 22.4259 10.8959 207.562 -0.0429918 0.0837965 0.995465 1.83882 -2.23928 14.5763 5.85429 47.4155 
31052861 17.0598 10.0873 210.002 0.000166692 -0.00162278 0.999999 21.6333 12.1822 207.518 -0.0474588 0.0802048 0.995524 1.83939 -2.23928 14.5858 5.90744 47.4059 
31140000 16.4899 10.9958 210.002 -8.8268e-005 -0.00131467 0.999999 20.9194 13.2226 207.507 -0.0518715 0.0778433 0.995524 1.83939 -2.24014 14.5937 5.96087 47.398 
31228234 15.8453 11.9071 210.002 -6.74245e-005 -0.00134602 0.999999 20.0995 14.2721 207.387 -0.057171 0.0744759 0.995454 1.83939 -2.24014 14.5985 6.01717 47.3932 
31315465 15.2018 12.7447 209.999 3.46814e-005 -0.00118506 0.999999 19.0548 15.4844 207.361 -0.0599598 0.0705375 0.995632 1.83853 -2.24071 14.6048 6.0706 47.3869 
31402728 14.4508 13.5824 209.999 -9.58664e-005 -0.00108791 0.999999 18.1021 16.4785 207.479 -0.0637401 0.0665841 0.995598 1.83882 -2.241 14.6048 6.12691 47.3869 
31489970 13.6923 14.3321 210.001 -0.000351681 -0.00103071 0.999999 17.1362 17.3561 207.614 -0.0677762 0.0634179 0.99558 1.83939 -2.24129 14.6064 6.18006 47.3853 
31578118 12.8532 15.0963 210 -0.000656054 -0.000701329 1 16.1581 18.2075 207.527 -0.0712939 0.0595667 0.995646 1.83911 -2.24244 14.608 6.23665 47.3837 
31665359 12.0274 15.7621 210 -0.000963345 -0.000493409 0.999999 15.1803 19.084 207.552 -0.074456 0.0547736 0.995591 1.83911 -2.2433 14.608 0.00631996 47.3837 
31752607 11.1247 16.4246 209.997 -0.00122557 -0.00019958 0.999999 13.9565 19.8584 207.485 -0.0769901 0.0509019 0.995627 1.83853 -2.24445 14.608 0.0623377 47.3837 
31839856 10.2161 16.9857 210 -0.0018565 -0.000150736 0.999998 12.8092 20.3952 207.45 -0.0792313 0.0473537 0.995606 1.83939 -2.24531 14.608 0.114908 47.3837 
31927169 9.22999 17.5472 209.998 -0.0022613 2.34224e-005 0.999997 11.7263 21.2926 207.475 -0.0829621 0.042033 0.995647 1.83911 -2.24646 14.608 0.171501 47.3837 
32015263 8.26359 18.0108 210 -0.00308119 9.65015e-005 0.999995 10.4702 21.8712 207.552 -0.0849817 0.0374586 0.995646 1.83968 -2.24789 14.608 0.224071 47.3837 
32102480 7.2281 18.4567 209.998 -0.00365706 0.000204735 0.999993 9.20761 22.4387 207.519 -0.0867113 0.032336 0.995592 1.83939 -2.24933 14.608 0.280089 47.3837 
32189727 6.2336 18.8217 209.997 -0.00425155 0.000263511 0.999991 7.94471 23.0037 207.484 -0.0884027 0.02747 0.995622 1.83911 -2.25077 14.608 0.33266 47.3837 
32276963 5.17416 19.14 209.997 -0.00412335 -7.86825e-006 0.999991 6.53557 23.3588 207.485 -0.089608 0.0234058 0.995642 1.83911 -2.25048 14.608 0.388677 47.3837 
32365111 4.14174 19.3897 209.997 -0.00439278 -0.000175563 0.99999 5.13791 23.8342 207.469 -0.0903672 0.0181609 0.995697 1.83911 -2.25105 14.608 0.441822 47.3837 
32452359 3.07864 19.5809 209.999 -0.00333665 -0.000625446 0.999994 3.93857 24.07 207.594 -0.091662 0.0134815 0.995687 1.83939 -2.24876 14.608 0.49784 47.3837 
32539664 2.02562 19.7339 209.996 -0.00308794 -0.000607831 0.999995 2.38685 24.3221 207.502 -0.0914901 0.00871156 0.995641 1.83853 -2.24876 14.608 0.552134 47.3837 
32626893 0.941715 19.8043 209.999 -0.00191842 -0.000937423 0.999998 1.25995 24.3017 207.549 -0.0924538 0.00461237 0.995658 1.83911 -2.24617 14.608 0.608439 47.3837 
32714980 -0.109202 19.8479 209.995 -0.00133482 -0.000734838 0.999999 -0.1032 24.3116 207.488 -0.092164 -0.0010468 0.995616 1.83796 -2.2456 14.608 0.662734 47.3837 
32802225 -1.21403 19.7896 210 -0.00026592 -0.000989107 0.999999 -1.4688 24.3206 207.426 -0.0916114 -0.00660374 0.995673 1.83911 -2.24301 14.608 0.719613 47.3837 
32889490 -2.27537 19.6906 210.001 0.000567295 -0.000949258 0.999999 -2.8715 24.1024 207.396 -0.0904309 -0.0112392 0.995821 1.83939 -2.24129 14.608 0.774482 47.3837 
32976790 -3.37341 19.5218 210.004 0.00148291 -0.000868993 0.999999 -4.26786 23.9108 207.479 -0.0895371 -0.0169859 0.995771 1.83997 -2.23928 14.608 0.831649 47.3837 
33064986 -4.40675 19.3262 210.002 0.00229398 -0.000425255 0.999997 -5.59096 23.4607 207.483 -0.0883988 -0.0218958 0.995713 1.83939 -2.23784 14.608 0.88623 47.3837 
33152105 -5.4985 19.0501 210.002 0.00262008 -0.000112844 0.999997 -6.99747 23.2704 207.565 -0.0864137 -0.0277823 0.995771 1.83911 -2.23726 14.608 0.943684 47.3837 
33239350 -6.52205 18.7301 210.001 0.00265714 0.000119641 0.999996 -8.31635 22.9379 207.552 -0.0840492 -0.0336017 0.995807 1.83882 -2.23726 14.608 0.997979 47.3837 
33326598 -7.53283 18.3469 210.001 0.00251957 0.000203543 0.999997 -9.54996 22.3574 207.571 -0.0823382 -0.0379664 0.995774 1.83882 -2.23755 14.608 1.05227 47.3837 
33413852 -8.56608 17.8937 210 0.00240497 0.000372661 0.999997 -10.6917 21.6474 207.605 -0.0803132 -0.0418704 0.995786 1.83853 -2.23784 14.608 1.10915 47.3837 
33502106 -9.57196 17.3763 209.999 0.00214089 0.000360031 0.999998 -11.9399 21.0545 207.514 -0.0774283 -0.0466491 0.995774 1.83853 -2.23841 14.608 1.16574 47.3837 
33589453 -10.4803 16.844 209.999 0.00200335 0.000392456 0.999998 -13.0862 20.3745 207.657 -0.0745082 -0.0520428 0.995852 1.83853 -2.2387 14.608 1.2186 47.3837 
33676465 -11.3649 16.2602 209.999 0.00197954 0.000498889 0.999998 -14.1433 19.5171 207.597 -0.0717766 -0.0553172 0.995748 1.83853 -2.2387 14.608 1.27203 47.3837 
33763724 -12.2684 15.569 210.002 0.00172509 0.00013553 0.999999 -15.321 18.685 207.537 -0.0679527 -0.0595855 0.995878 1.83939 -2.23928 14.608 1.32834 47.3837 
33851998 -13.1315 14.8481 210.002 0.00151318 3.63965e-005 0.999999 -16.3848 17.8521 207.586 -0.0641157 -0.063752 0.995868 1.83939 -2.23985 14.608 1.38464 47.3837 
33939234 -13.9118 14.1195 210.001 0.00131817 -8.91721e-005 0.999999 -17.3367 16.9817 207.524 -0.0608143 -0.0673529 0.995793 1.83939 -2.24042 14.608 1.43808 47.3837 
34026355 -14.6536 13.38 209.998 0.00118318 0.000256199 0.999999 -18.1968 15.9961 207.587 -0.0567983 -0.0702889 0.995844 1.83825 -2.24071 14.608 1.49151 47.3837 
34113592 -15.3939 12.5297 209.997 0.000982193 0.000191685 0.999999 -19.0572 15.0165 207.652 -0.052755 -0.0738754 0.995742 1.83796 -2.24129 14.608 1.5481 47.3837 
34201873 -16.0411 11.6807 209.999 0.000852084 -9.88672e-005 1 -19.8298 13.8732 207.509 -0.0487391 -0.0768114 0.995793 1.83825 -2.24186 14.6096 1.60125 47.3837 
34289126 -16.6776 10.7522 209.999 0.000714442 -0.000293363 1 -20.6017 12.7563 207.587 -0.0440125 -0.0791002 0.995848 1.83825 -2.24244 14.6096 1.65755 47.3837 
34376388 -17.2274 9.84735 209.999 0.000664579 -0.000379851 1 -21.2789 11.4904 207.57 -0.0396625 -0.0805842 0.995921 1.83825 -2.24272 14.6096 1.7107 47.3837 
34463487 -17.7639 8.86681 209.997 0.000495183 -0.000420725 1 -21.8248 10.3445 207.647 -0.0354785 -0.0831969 0.995795 1.83767 -2.2433 14.6096 1.767 47.3837 
34551762 -18.2233 7.89303 209.995 0.000374124 -0.000568967 1 -22.4902 9.19319 207.613 -0.0307177 -0.0852467 0.995814 1.83738 -2.24387 14.6096 1.82101 47.3837 
34638986 -18.6401 6.85094 209.995 0.000362531 -0.000680738 1 -22.9313 8.02383 207.688 -0.0259227 -0.0870574 0.995797 1.83738 -2.24416 14.6096 1.87731 47.3837 
34726257 -18.9726 5.83164 209.999 0.00044718 -0.00110401 0.999999 -23.2813 6.6904 207.557 -0.0215215 -0.0881829 0.995816 1.83796 -2.24473 14.6112 1.93046 47.3837 
34813419 -19.2669 4.74788 209.999 0.000478544 -0.00156839 0.999999 -23.7418 5.40193 207.649 -0.0163271 -0.0889355 0.995754 1.83825 -2.2456 14.6112 1.98619 47.3837 
34901606 -19.4916 3.71909 209.999 0.000539521 -0.00167971 0.999998 -23.9833 4.06952 207.627 -0.0113218 -0.0901485 0.995765 1.83825 -2.24588 14.6112 2.03905 47.3837 
34988889 -19.6757 2.614 209.998 0.000528215 -0.00199419 0.999998 -24.2123 2.84815 207.589 -0.00597528 -0.0915512 0.99567 1.83796 -2.24674 14.6112 2.09507 47.3837 
35076106 -19.7932 1.55255 209.997 0.000540882 -0.00245582 0.999997 -24.3516 1.39221 207.692 -0.00136087 -0.0912073 0.995712 1.83767 -2.24789 14.6112 2.14821 47.3837 
35163361 -19.8497 0.430267 209.998 0.00070235 -0.00298696 0.999995 -24.4736 0.0426593 207.67 0.00267396 -0.092298 0.995615 1.83767 -2.24904 14.6128 2.20394 47.3837 
35251481 -19.8544 -0.643651 209.995 0.000715345 -0.00351864 0.999994 -24.2562 -1.15409 207.61 0.00920697 -0.0914819 0.995647 1.8371 -2.25048 14.6096 2.25737 47.3869 
35338750 -19.7963 -1.76628 209.995 0.000772035 -0.00418975 0.999991 -24.2637 -2.52457 207.695 0.0132032 -0.0902982 0.995711 1.83652 -2.2522 14.6033 2.3131 47.3948 
35425989 -19.6754 -2.8066 210.002 0.000996446 -0.00441889 0.99999 -24.0471 -3.8397 207.65 0.0181516 -0.0885022 0.995776 1.83652 -2.25278 14.6001 2.36539 47.4059 
35513323 -19.4785 -3.91232 210.003 0.00123618 -0.0048185 0.999988 -23.964 -5.23535 207.625 0.0238874 -0.0880768 0.995769 1.83681 -2.25364 14.5858 2.42112 47.4202 
35601480 -19.2273 -4.9538 210.005 0.00157754 -0.00511412 0.999986 -23.6504 -6.65333 207.707 0.0289838 -0.0869488 0.995681 1.83738 -2.25421 14.5731 2.47426 47.4329 
35688615 -18.9182 -6.02244 210.005 0.00167797 -0.00490348 0.999987 -23.1743 -7.76302 207.629 0.0331423 -0.0871853 0.995577 1.83738 -2.25393 14.562 2.53057 47.444 
35775968 -18.5545 -7.01414 210.008 0.00201388 -0.00480459 0.999986 -22.7285 -9.09331 207.693 0.0375864 -0.0854566 0.995545 1.83825 -2.25364 14.5509 2.58343 47.4551 
35863116 -18.2122 -8.0449 209.995 0.00108189 -0.00468871 0.999988 -22.2866 -10.4492 207.646 0.0420545 -0.082719 0.995612 1.83422 -2.2545 14.5429 2.64031 47.4631 
35951414 -17.6955 -8.98087 210.008 0.00148796 -0.00333419 0.999993 -21.7326 -11.8033 207.709 0.046743 -0.0801535 0.995572 1.83767 -2.25077 14.535 2.69431 47.471 
36038506 -17.1739 -9.94065 210.009 0.00082396 -0.00195026 0.999998 -21.1488 -12.9328 207.739 0.0515837 -0.0782383 0.9955 1.83767 -2.24761 14.5318 2.75177 47.4742 
36125752 -16.6154 -10.8483 210.009 0.000605849 -0.00144457 0.999999 -20.3405 -14.1017 207.766 0.0560477 -0.0755184 0.995446 1.83767 -2.24646 14.5318 2.80635 47.4742 
36212991 -16.0398 -11.7822 209.999 -0.000386631 -0.0013355 0.999999 -19.5295 -15.2903 207.682 0.0598252 -0.0724367 0.995485 1.83451 -2.24646 14.5302 2.8638 47.4758 
36300260 -15.3441 -12.5823 210.011 -0.000955091 0.000491623 0.999999 -18.5889 -16.3705 207.691 0.0636197 -0.0692355 0.995505 1.83767 -2.24129 14.5286 2.91867 47.4774 
36388510 -14.6072 -13.4312 210.012 -0.00148132 0.000928409 0.999998 -17.7762 -17.5482 207.718 0.0676035 -0.0655739 0.995452 1.83767 -2.23985 14.5286 2.97641 47.4774 
36475630 -13.8585 -14.1953 210.013 -0.0018547 0.00122641 0.999998 -16.8179 -18.5206 207.711 0.0711735 -0.0622182 0.995457 1.83796 -2.2387 14.5286 3.03099 47.4774 
36562888 -13.0558 -14.9298 210.014 -0.00193389 0.00122388 0.999997 -15.7334 -19.3995 207.686 0.0747395 -0.0588802 0.995342 1.83825 -2.23841 14.5286 3.08586 47.4774 
36650124 -12.1714 -15.6523 210.015 -0.00179103 0.00105063 0.999998 -14.7574 -20.2721 207.662 0.0780879 -0.0544983 0.995327 1.83853 -2.2387 14.5286 3.14303 47.4774 
36738357 -11.2968 -16.3717 209.998 -0.00157739 -0.00028212 0.999999 -13.5351 -21.0487 207.728 0.0807811 -0.0503874 0.995375 1.83509 -2.24215 14.5239 3.19991 47.4774 
36825638 -10.3781 -16.8991 210.003 -0.00183171 0.000575566 0.999998 -12.3251 -21.9432 207.812 0.0831147 -0.0453523 0.995421 1.83825 -2.23928 14.5175 3.25305 47.4774 
36912765 -9.4582 -17.4367 210.002 -0.00182355 0.000380978 0.999998 -11.1883 -22.5107 207.627 0.0856972 -0.0419938 0.995336 1.83796 -2.23956 14.5175 3.30677 47.4774 
36999993 -8.45716 -17.9374 210.001 -0.00163551 0.000247839 0.999999 -9.92941 -23.0718 207.66 0.0878205 -0.0375564 0.995354 1.83825 -2.23985 14.5159 3.36279 47.4774 
37088239 -7.49088 -18.3734 209.999 -0.00155325 -2.17073e-005 0.999999 -8.78387 -23.621 207.696 0.0902538 -0.032676 0.995297 1.83767 -2.24042 14.5159 3.41622 47.4774 
37175502 -6.44855 -18.7816 209.996 -0.00152945 -0.000334944 0.999999 -7.52052 -24.1909 207.73 0.0918968 -0.0272968 0.995316 1.83681 -2.241 14.5159 3.47282 47.4774 
37262731 -5.44725 -19.1073 209.994 -0.00167022 -0.000523012 0.999998 -6.10936 -24.5557 207.728 0.0928845 -0.0221886 0.995397 1.83623 -2.241 14.5159 3.52625 47.4774 
37349894 -4.35254 -19.3804 209.995 -0.00156068 -0.000558756 0.999999 -4.81162 -24.916 207.619 0.0937958 -0.0175939 0.995309 1.83652 -2.241 14.5159 3.58284 47.4774 
37438124 -3.31113 -19.5744 209.997 -0.00151995 -0.000500343 0.999999 -3.49574 -25.1363 207.714 0.0952284 -0.0128125 0.995299 1.8371 -2.24071 14.5159 3.63599 47.4774 
37525431 -2.1849 -19.721 209.999 -0.0012084 -0.000462221 0.999999 -2.1597 -25.2622 207.682 0.0957773 -0.00816532 0.995216 1.83767 -2.241 14.5159 3.69258 47.4774 
37612592 -1.13748 -19.8198 209.997 -0.00131555 -0.000665493 0.999999 -0.707637 -25.4133 207.648 0.0957291 -0.00254115 0.995255 1.8371 -2.241 14.5159 3.74601 47.4774 
37699733 -0.0129542 -19.8631 209.995 -0.00126096 -0.000879272 0.999999 0.552241 -25.285 207.694 0.0963475 0.00173004 0.995225 1.83652 -2.24129 14.5159 3.80289 47.4774 
37787983 1.03749 -19.8307 209.996 -0.00143284 -0.000896663 0.999999 2.02474 -25.3252 207.643 0.0957819 0.00718521 0.995306 1.83681 -2.24071 14.5159 3.85603 47.4774 
37875245 2.16316 -19.7397 209.996 -0.00137955 -0.000976668 0.999999 3.28832 -25.2032 207.69 0.0960026 0.0121239 0.995191 1.83681 -2.24071 14.5159 3.91291 47.4774 
37962487 3.21756 -19.59 209.997 -0.00127545 -0.000966336 0.999999 4.66716 -25.1181 207.625 0.0953121 0.0175788 0.995153 1.8371 -2.24071 14.5159 3.96635 47.4774 
38049761 4.3107 -19.3789 209.997 -0.00135434 -0.00107371 0.999999 5.98949 -24.6575 207.62 0.0942576 0.0213605 0.99525 1.8371 -2.24042 14.5159 4.02265 47.4774 
38137003 5.34108 -19.1261 209.996 -0.00120257 -0.0011878 0.999999 7.29264 -24.3228 207.634 0.0935842 0.026935 0.995194 1.83681 -2.24071 14.5159 4.07608 47.4774 
38225157 6.41974 -18.7915 209.996 -0.0011331 -0.00125424 0.999999 8.72021 -24.0027 207.645 0.09141 0.0323609 0.99521 1.83681 -2.24071 14.5159 4.13296 47.4774 
38312386 7.42742 -18.4164 209.996 -0.00080927 -0.00119594 0.999999 9.95113 -23.4316 207.515 0.0895924 0.0359909 0.995231 1.83681 -2.24129 14.5159 4.18668 47.4774 
38399662 8.46514 -17.957 209.996 -0.000343325 -0.000949629 0.999999 11.3984 -23.0062 207.511 0.0869863 0.0418453 0.995199 1.8371 -2.24215 14.5159 4.24299 47.4774 
38486870 9.41839 -17.4757 209.996 6.86199e-005 -0.000750581 1 12.5488 -22.2616 207.697 0.0848063 0.0455278 0.995225 1.8371 -2.24301 14.5159 4.29613 47.4774 
38575043 10.3971 -16.918 209.995 0.000444022 -0.00060521 1 13.6656 -21.7068 207.46 0.0829904 0.0508835 0.995116 1.83681 -2.24387 14.5159 4.35244 47.4774 
38662285 11.2823 -16.3409 209.995 0.000810981 -0.000327861 1 14.8188 -20.9818 207.535 0.0801238 0.0549277 0.995234 1.83681 -2.24473 14.5159 4.40501 47.4774 
38749503 12.228 -15.7205 209.983 0.00216778 -0.000166373 0.999998 15.9925 -20.1458 207.594 0.0767359 0.0587852 0.995274 1.83365 -2.24847 14.5159 4.46131 47.4774 
38836742 13.0146 -14.9907 209.995 0.00145457 0.000434198 0.999999 16.9322 -19.2959 207.548 0.0743615 0.0628434 0.995127 1.8371 -2.24646 14.5159 4.51417 47.4774 
38925092 13.8396 -14.2325 209.995 0.00162149 0.000717584 0.999998 18.0171 -18.3466 207.48 0.0699217 0.0662434 0.99527 1.8371 -2.24703 14.5159 4.57019 47.4774 
39012126 14.5891 -13.4791 209.992 0.00205966 0.00114179 0.999997 19.0036 -17.2512 207.509 0.0662721 0.0691446 0.995335 1.83652 -2.24847 14.5159 4.62305 47.4774 
39099389 15.2818 -12.6884 209.992 0.00225459 0.00157987 0.999996 19.8393 -16.3874 207.464 0.0631901 0.0734273 0.995179 1.83652 -2.24933 14.5159 4.67533 47.4774 
39186642 15.976 -11.8025 209.992 0.00240132 0.00204923 0.999995 20.747 -15.1444 207.586 0.0582128 0.0756671 0.995387 1.83652 -2.25019 14.5159 4.73135 47.4774 
39274918 16.5933 -10.8881 209.995 0.00183921 0.00186059 0.999997 21.3646 -14.2454 207.544 0.0548339 0.0796086 0.995167 1.83738 -2.24876 14.5159 4.78737 47.4774 
39362130 17.1543 -9.99149 209.994 0.00170152 0.00174235 0.999997 22.158 -12.9891 207.668 0.0502703 0.0821543 0.995315 1.8371 -2.24847 14.5159 4.84109 47.4774 
39449255 17.6497 -9.08783 209.995 0.00118943 0.000943168 0.999999 22.703 -11.8416 207.593 0.0461819 0.0845946 0.995217 1.8371 -2.24646 14.5159 4.89452 47.4774 
39536551 18.1247 -8.0861 209.997 0.000729122 0.000185575 1 23.3735 -10.6946 207.626 0.0408725 0.0871081 0.995271 1.83738 -2.24445 14.5159 4.95169 47.4774 
39624787 18.5622 -7.05442 209.995 0.000633146 -0.000474254 1 23.956 -9.317 207.516 0.0361129 0.0883038 0.995377 1.83681 -2.2433 14.5159 5.00943 47.4774 
39712015 18.8993 -6.05968 209.998 0.0003002 -0.00122279 0.999999 24.3009 -8.02443 207.426 0.0314729 0.0903361 0.995357 1.83738 -2.24129 14.5159 5.06343 47.4774 
39799108 19.1986 -5.03215 209.998 0.000279567 -0.00161634 0.999999 24.7701 -6.70941 207.556 0.0261223 0.0917211 0.995332 1.83738 -2.24042 14.5159 5.11802 47.4774 
39886413 19.4491 -3.92895 209.999 0.000249558 -0.00193786 0.999998 25.0244 -5.27839 207.45 0.0210316 0.0923366 0.995411 1.83767 -2.23956 14.5159 5.17547 47.4774 
39974659 19.6356 -2.89243 209.998 0.000390252 -0.0022737 0.999997 25.2745 -3.92708 207.582 0.0154919 0.0932611 0.99546 1.83738 -2.23899 14.5159 5.22919 47.4774 
