   0.0000000e+00   0.0000000e+00   0.0000000e+00   8.6000000e+01   0.0000000e+00   0.0000000e+00
   7.0000000e+02   0.0000000e+00   0.0000000e+00   8.6000000e+01   0.0000000e+00   0.0000000e+00
   1.4000000e+03   0.0000000e+00   0.0000000e+00   8.6000000e+01   1.2000000e+02   0.0000000e+00
   2.1000000e+03   0.0000000e+00   0.0000000e+00   8.6000000e+01   2.4000000e+02   0.0000000e+00
   2.8000000e+03   0.0000000e+00   0.0000000e+00   8.6000000e+01   0.0000000e+00   0.0000000e+00
   3.5000000e+03   0.0000000e+00   0.0000000e+00   8.6000000e+01   0.0000000e+00   0.0000000e+00
   4.2000000e+03   0.0000000e+00   0.0000000e+00   8.6000000e+01   1.2000000e+02   0.0000000e+00
   4.9000000e+03   0.0000000e+00   0.0000000e+00   8.6000000e+01   2.4000000e+02   0.0000000e+00
   5.6000000e+03   0.0000000e+00   0.0000000e+00   8.6000000e+01   0.0000000e+00   0.0000000e+00
   6.3000000e+03   0.0000000e+00   0.0000000e+00   8.6000000e+01   0.0000000e+00   0.0000000e+00
   7.0000000e+03   0.0000000e+00   0.0000000e+00   8.6000000e+01   1.2000000e+02   0.0000000e+00
   7.7000000e+03   0.0000000e+00   0.0000000e+00   8.6000000e+01   2.4000000e+02   0.0000000e+00
   8.4000000e+03   0.0000000e+00   0.0000000e+00   8.6000000e+01   0.0000000e+00   0.0000000e+00
   9.1000000e+03   0.0000000e+00   0.0000000e+00   8.6000000e+01   0.0000000e+00   0.0000000e+00
   9.8000000e+03   0.0000000e+00   0.0000000e+00   8.6000000e+01   1.2000000e+02   0.0000000e+00
   1.0500000e+04   0.0000000e+00   0.0000000e+00   8.6000000e+01   2.4000000e+02   0.0000000e+00
   1.1200000e+04   0.0000000e+00   0.0000000e+00   8.6000000e+01   0.0000000e+00   0.0000000e+00
   1.1900000e+04   0.0000000e+00   0.0000000e+00   8.6000000e+01   0.0000000e+00   0.0000000e+00
   1.2600000e+04   0.0000000e+00   0.0000000e+00   8.6000000e+01   1.2000000e+02   0.0000000e+00
   1.3300000e+04   0.0000000e+00   0.0000000e+00   8.6000000e+01   2.4000000e+02   0.0000000e+00
   1.4000000e+04   0.0000000e+00   0.0000000e+00   8.6000000e+01   0.0000000e+00   0.0000000e+00
   1.4700000e+04   0.0000000e+00   0.0000000e+00   8.6000000e+01   0.0000000e+00   0.0000000e+00
   1.5400000e+04   0.0000000e+00   0.0000000e+00   8.6000000e+01   1.2000000e+02   0.0000000e+00
   1.6100000e+04   0.0000000e+00   0.0000000e+00   8.6000000e+01   2.4000000e+02   0.0000000e+00
   1.6800000e+04   0.0000000e+00   0.0000000e+00   8.6000000e+01   0.0000000e+00   0.0000000e+00
   1.7500000e+04   0.0000000e+00   0.0000000e+00   8.6000000e+01   0.0000000e+00   0.0000000e+00
   1.8200000e+04   0.0000000e+00   0.0000000e+00   8.6000000e+01   1.2000000e+02   0.0000000e+00
   1.8900000e+04   0.0000000e+00   0.0000000e+00   8.6000000e+01   2.4000000e+02   0.0000000e+00
   1.9600000e+04   0.0000000e+00   0.0000000e+00   8.6000000e+01   0.0000000e+00   0.0000000e+00
   2.0300000e+04   0.0000000e+00   0.0000000e+00   8.6000000e+01   0.0000000e+00   0.0000000e+00
   2.1000000e+04   0.0000000e+00   0.0000000e+00   8.6000000e+01   1.2000000e+02   0.0000000e+00
   2.1700000e+04   0.0000000e+00   0.0000000e+00   8.6000000e+01   2.4000000e+02   0.0000000e+00
   2.2400000e+04   0.0000000e+00   0.0000000e+00   8.6000000e+01   0.0000000e+00   0.0000000e+00
   2.3100000e+04   0.0000000e+00   0.0000000e+00   8.6000000e+01   0.0000000e+00   0.0000000e+00
   2.3800000e+04   0.0000000e+00   0.0000000e+00   8.6000000e+01   1.2000000e+02   0.0000000e+00
   2.4500000e+04   0.0000000e+00   0.0000000e+00   8.6000000e+01   2.4000000e+02   0.0000000e+00
   2.5200000e+04   0.0000000e+00   0.0000000e+00   8.6000000e+01   0.0000000e+00   0.0000000e+00
   2.5900000e+04   0.0000000e+00   0.0000000e+00   8.6000000e+01   0.0000000e+00   0.0000000e+00
   2.6600000e+04   0.0000000e+00   0.0000000e+00   8.6000000e+01   1.2000000e+02   0.0000000e+00
   2.7300000e+04   0.0000000e+00   0.0000000e+00   8.6000000e+01   2.4000000e+02   0.0000000e+00
   2.8000000e+04   0.0000000e+00   0.0000000e+00   8.6000000e+01   0.0000000e+00   0.0000000e+00
   2.8700000e+04   0.0000000e+00   0.0000000e+00   8.6000000e+01   0.0000000e+00   0.0000000e+00
   2.9400000e+04   0.0000000e+00   0.0000000e+00   8.6000000e+01   1.2000000e+02   0.0000000e+00
   3.0100000e+04   0.0000000e+00   0.0000000e+00   8.6000000e+01   2.4000000e+02   0.0000000e+00
   3.0800000e+04   0.0000000e+00   0.0000000e+00   8.6000000e+01   0.0000000e+00   0.0000000e+00
   3.1500000e+04   0.0000000e+00   0.0000000e+00   8.6000000e+01   0.0000000e+00   0.0000000e+00
   3.2200000e+04   0.0000000e+00   0.0000000e+00   8.6000000e+01   1.2000000e+02   0.0000000e+00
   3.2900000e+04   0.0000000e+00   0.0000000e+00   8.6000000e+01   2.4000000e+02   0.0000000e+00
   3.3600000e+04   0.0000000e+00   0.0000000e+00   8.6000000e+01   0.0000000e+00   0.0000000e+00
   3.4300000e+04   0.0000000e+00   0.0000000e+00   8.6000000e+01   0.0000000e+00   0.0000000e+00
   3.5000000e+04   0.0000000e+00   0.0000000e+00   8.6000000e+01   1.2000000e+02   0.0000000e+00
   3.5700000e+04   0.0000000e+00   0.0000000e+00   8.6000000e+01   2.4000000e+02   0.0000000e+00
   3.6400000e+04   0.0000000e+00   0.0000000e+00   8.6000000e+01   0.0000000e+00   0.0000000e+00
   3.7100000e+04   0.0000000e+00   0.0000000e+00   8.6000000e+01   0.0000000e+00   0.0000000e+00
   3.7800000e+04   0.0000000e+00   0.0000000e+00   8.6000000e+01   1.2000000e+02   0.0000000e+00
   3.8500000e+04   0.0000000e+00   0.0000000e+00   8.6000000e+01   2.4000000e+02   0.0000000e+00
   3.9200000e+04   0.0000000e+00   0.0000000e+00   8.6000000e+01   0.0000000e+00   0.0000000e+00
   3.9900000e+04   0.0000000e+00   0.0000000e+00   8.6000000e+01   0.0000000e+00   0.0000000e+00
   4.0600000e+04   0.0000000e+00   0.0000000e+00   8.6000000e+01   1.2000000e+02   0.0000000e+00
   4.1300000e+04   0.0000000e+00   0.0000000e+00   8.6000000e+01   2.4000000e+02   0.0000000e+00
   4.2000000e+04   0.0000000e+00   0.0000000e+00   8.6000000e+01   0.0000000e+00   0.0000000e+00
   4.2700000e+04   0.0000000e+00   0.0000000e+00   8.6000000e+01   0.0000000e+00   0.0000000e+00
   4.3400000e+04   0.0000000e+00   0.0000000e+00   8.6000000e+01   1.2000000e+02   0.0000000e+00
   4.4100000e+04   0.0000000e+00   0.0000000e+00   8.6000000e+01   2.4000000e+02   0.0000000e+00
   4.4800000e+04   0.0000000e+00   0.0000000e+00   8.6000000e+01   0.0000000e+00   0.0000000e+00
   4.5500000e+04   0.0000000e+00   0.0000000e+00   8.6000000e+01   0.0000000e+00   0.0000000e+00
   4.6200000e+04   0.0000000e+00   0.0000000e+00   8.6000000e+01   1.2000000e+02   0.0000000e+00
   4.6900000e+04   0.0000000e+00   0.0000000e+00   8.6000000e+01   2.4000000e+02   0.0000000e+00
   4.7600000e+04   0.0000000e+00   0.0000000e+00   8.6000000e+01   0.0000000e+00   0.0000000e+00
   4.8300000e+04   0.0000000e+00   0.0000000e+00   8.6000000e+01   0.0000000e+00   0.0000000e+00
   4.9000000e+04   0.0000000e+00   0.0000000e+00   8.6000000e+01   1.2000000e+02   0.0000000e+00
   4.9700000e+04   0.0000000e+00   0.0000000e+00   8.6000000e+01   2.4000000e+02   0.0000000e+00
   5.0400000e+04   0.0000000e+00   0.0000000e+00   8.6000000e+01   0.0000000e+00   0.0000000e+00
   5.1100000e+04   0.0000000e+00   0.0000000e+00   8.6000000e+01   0.0000000e+00   0.0000000e+00
   5.1800000e+04   0.0000000e+00   0.0000000e+00   8.6000000e+01   1.2000000e+02   0.0000000e+00
   5.2500000e+04   0.0000000e+00   0.0000000e+00   8.6000000e+01   2.4000000e+02   0.0000000e+00
   5.3200000e+04   0.0000000e+00   0.0000000e+00   8.6000000e+01   0.0000000e+00   0.0000000e+00
   5.3900000e+04   0.0000000e+00   0.0000000e+00   8.6000000e+01   0.0000000e+00   0.0000000e+00
   5.4600000e+04   0.0000000e+00   0.0000000e+00   8.6000000e+01   1.2000000e+02   0.0000000e+00
   5.5300000e+04   0.0000000e+00   0.0000000e+00   8.6000000e+01   2.4000000e+02   0.0000000e+00
   5.6000000e+04   0.0000000e+00   0.0000000e+00   8.6000000e+01   0.0000000e+00   0.0000000e+00
   5.6700000e+04   0.0000000e+00   0.0000000e+00   8.6000000e+01   0.0000000e+00   0.0000000e+00
   5.7400000e+04   0.0000000e+00   0.0000000e+00   8.6000000e+01   1.2000000e+02   0.0000000e+00
   5.8100000e+04   0.0000000e+00   0.0000000e+00   8.6000000e+01   2.4000000e+02   0.0000000e+00
   5.8800000e+04   0.0000000e+00   0.0000000e+00   8.6000000e+01   0.0000000e+00   0.0000000e+00
   5.9500000e+04   0.0000000e+00   0.0000000e+00   8.6000000e+01   0.0000000e+00   0.0000000e+00
   6.0200000e+04   0.0000000e+00   0.0000000e+00   8.6000000e+01   1.2000000e+02   0.0000000e+00
   6.0900000e+04   0.0000000e+00   0.0000000e+00   8.6000000e+01   2.4000000e+02   0.0000000e+00
   6.1600000e+04   0.0000000e+00   0.0000000e+00   8.6000000e+01   0.0000000e+00   0.0000000e+00
   6.2300000e+04   0.0000000e+00   0.0000000e+00   8.6000000e+01   0.0000000e+00   0.0000000e+00
   6.3000000e+04   0.0000000e+00   0.0000000e+00   8.6000000e+01   1.2000000e+02   0.0000000e+00
   6.3700000e+04   0.0000000e+00   0.0000000e+00   8.6000000e+01   2.4000000e+02   0.0000000e+00
   6.4400000e+04   0.0000000e+00   0.0000000e+00   8.6000000e+01   0.0000000e+00   0.0000000e+00
   6.5100000e+04   0.0000000e+00   0.0000000e+00   8.6000000e+01   0.0000000e+00   0.0000000e+00
   6.5800000e+04   0.0000000e+00   0.0000000e+00   8.6000000e+01   1.2000000e+02   0.0000000e+00
   6.6500000e+04   0.0000000e+00   0.0000000e+00   8.6000000e+01   2.4000000e+02   0.0000000e+00
   6.7200000e+04   0.0000000e+00   0.0000000e+00   8.6000000e+01   0.0000000e+00   0.0000000e+00
   6.7900000e+04   0.0000000e+00   0.0000000e+00   8.6000000e+01   0.0000000e+00   0.0000000e+00
   6.8600000e+04   0.0000000e+00   0.0000000e+00   8.6000000e+01   1.2000000e+02   0.0000000e+00
   6.9300000e+04   0.0000000e+00   0.0000000e+00   8.6000000e+01   2.4000000e+02   0.0000000e+00
   7.0000000e+04   0.0000000e+00   0.0000000e+00   8.6000000e+01   0.0000000e+00   0.0000000e+00
   7.0700000e+04   0.0000000e+00   0.0000000e+00   8.6000000e+01   0.0000000e+00   0.0000000e+00
   7.1400000e+04   0.0000000e+00   0.0000000e+00   8.6000000e+01   1.2000000e+02   0.0000000e+00
   7.2100000e+04   0.0000000e+00   0.0000000e+00   8.6000000e+01   2.4000000e+02   0.0000000e+00
   7.2800000e+04   0.0000000e+00   0.0000000e+00   8.6000000e+01   0.0000000e+00   0.0000000e+00
   7.3500000e+04   0.0000000e+00   0.0000000e+00   8.6000000e+01   0.0000000e+00   0.0000000e+00
   7.4200000e+04   0.0000000e+00   0.0000000e+00   8.6000000e+01   1.2000000e+02   0.0000000e+00
   7.4900000e+04   0.0000000e+00   0.0000000e+00   8.6000000e+01   2.4000000e+02   0.0000000e+00
   7.5600000e+04   0.0000000e+00   0.0000000e+00   8.6000000e+01   0.0000000e+00   0.0000000e+00
   7.6300000e+04   0.0000000e+00   0.0000000e+00   8.6000000e+01   0.0000000e+00   0.0000000e+00
   7.7000000e+04   0.0000000e+00   0.0000000e+00   8.6000000e+01   1.2000000e+02   0.0000000e+00
   7.7700000e+04   0.0000000e+00   0.0000000e+00   8.6000000e+01   2.4000000e+02   0.0000000e+00
   7.8400000e+04   0.0000000e+00   0.0000000e+00   8.6000000e+01   0.0000000e+00   0.0000000e+00
   7.9100000e+04   0.0000000e+00   0.0000000e+00   8.6000000e+01   0.0000000e+00   0.0000000e+00
   7.9800000e+04   0.0000000e+00   0.0000000e+00   8.6000000e+01   1.2000000e+02   0.0000000e+00
   8.0500000e+04   0.0000000e+00   0.0000000e+00   8.6000000e+01   2.4000000e+02   0.0000000e+00
   8.1200000e+04   0.0000000e+00   0.0000000e+00   8.6000000e+01   0.0000000e+00   0.0000000e+00
   8.1900000e+04   0.0000000e+00   0.0000000e+00   8.6000000e+01   0.0000000e+00   0.0000000e+00
   8.2600000e+04   0.0000000e+00   0.0000000e+00   8.6000000e+01   1.2000000e+02   0.0000000e+00
   8.3300000e+04   0.0000000e+00   0.0000000e+00   8.6000000e+01   2.4000000e+02   0.0000000e+00
   8.4000000e+04   0.0000000e+00   0.0000000e+00   8.6000000e+01   0.0000000e+00   0.0000000e+00
   8.4700000e+04   0.0000000e+00   0.0000000e+00   8.6000000e+01   0.0000000e+00   0.0000000e+00
   8.5400000e+04   0.0000000e+00   0.0000000e+00   8.6000000e+01   1.2000000e+02   0.0000000e+00
   8.6100000e+04   0.0000000e+00   0.0000000e+00   8.6000000e+01   2.4000000e+02   0.0000000e+00
   8.6800000e+04   0.0000000e+00   0.0000000e+00   8.6000000e+01   0.0000000e+00   0.0000000e+00
   8.7500000e+04   0.0000000e+00   0.0000000e+00   8.6000000e+01   0.0000000e+00   0.0000000e+00
   8.8200000e+04   0.0000000e+00   0.0000000e+00   8.6000000e+01   1.2000000e+02   0.0000000e+00
   8.8900000e+04   0.0000000e+00   0.0000000e+00   8.6000000e+01   2.4000000e+02   0.0000000e+00
   8.9600000e+04   0.0000000e+00   0.0000000e+00   8.6000000e+01   0.0000000e+00   0.0000000e+00
   9.0300000e+04   0.0000000e+00   0.0000000e+00   8.6000000e+01   0.0000000e+00   0.0000000e+00
   9.1000000e+04   0.0000000e+00   0.0000000e+00   8.6000000e+01   1.2000000e+02   0.0000000e+00
   9.1700000e+04   0.0000000e+00   0.0000000e+00   8.6000000e+01   2.4000000e+02   0.0000000e+00
   9.2400000e+04   0.0000000e+00   0.0000000e+00   8.6000000e+01   0.0000000e+00   0.0000000e+00
   9.3100000e+04   0.0000000e+00   0.0000000e+00   8.6000000e+01   0.0000000e+00   0.0000000e+00
   9.3800000e+04   0.0000000e+00   0.0000000e+00   8.6000000e+01   1.2000000e+02   0.0000000e+00
   9.4500000e+04   0.0000000e+00   0.0000000e+00   8.6000000e+01   2.4000000e+02   0.0000000e+00
   9.5200000e+04   0.0000000e+00   0.0000000e+00   8.6000000e+01   0.0000000e+00   0.0000000e+00
   9.5900000e+04   0.0000000e+00   0.0000000e+00   8.6000000e+01   0.0000000e+00   0.0000000e+00
   9.6600000e+04   0.0000000e+00   0.0000000e+00   8.6000000e+01   1.2000000e+02   0.0000000e+00
   9.7300000e+04   0.0000000e+00   0.0000000e+00   8.6000000e+01   2.4000000e+02   0.0000000e+00
   9.8000000e+04   0.0000000e+00   0.0000000e+00   8.6000000e+01   0.0000000e+00   0.0000000e+00
   9.8700000e+04   0.0000000e+00   0.0000000e+00   8.6000000e+01   0.0000000e+00   0.0000000e+00
   9.9400000e+04   0.0000000e+00   0.0000000e+00   8.6000000e+01   1.2000000e+02   0.0000000e+00
   1.0010000e+05   0.0000000e+00   0.0000000e+00   8.6000000e+01   2.4000000e+02   0.0000000e+00
   1.0080000e+05   0.0000000e+00   0.0000000e+00   8.6000000e+01   0.0000000e+00   0.0000000e+00
   1.0150000e+05   0.0000000e+00   0.0000000e+00   8.6000000e+01   0.0000000e+00   0.0000000e+00
   1.0220000e+05   0.0000000e+00   0.0000000e+00   8.6000000e+01   1.2000000e+02   0.0000000e+00
   1.0290000e+05   0.0000000e+00   0.0000000e+00   8.6000000e+01   2.4000000e+02   0.0000000e+00
   1.0360000e+05   0.0000000e+00   0.0000000e+00   8.6000000e+01   0.0000000e+00   0.0000000e+00
   1.0430000e+05   0.0000000e+00   0.0000000e+00   8.6000000e+01   0.0000000e+00   0.0000000e+00
   1.0500000e+05   0.0000000e+00   0.0000000e+00   8.6000000e+01   1.2000000e+02   0.0000000e+00
   1.0570000e+05   0.0000000e+00   0.0000000e+00   8.6000000e+01   2.4000000e+02   0.0000000e+00
   1.0640000e+05   0.0000000e+00   0.0000000e+00   8.6000000e+01   0.0000000e+00   0.0000000e+00
   1.0710000e+05   0.0000000e+00   0.0000000e+00   8.6000000e+01   0.0000000e+00   0.0000000e+00
   1.0780000e+05   0.0000000e+00   0.0000000e+00   8.6000000e+01   1.2000000e+02   0.0000000e+00
   1.0850000e+05   0.0000000e+00   0.0000000e+00   8.6000000e+01   2.4000000e+02   0.0000000e+00
   1.0920000e+05   0.0000000e+00   0.0000000e+00   8.6000000e+01   0.0000000e+00   0.0000000e+00
   1.0990000e+05   0.0000000e+00   0.0000000e+00   8.6000000e+01   0.0000000e+00   0.0000000e+00
   1.1060000e+05   0.0000000e+00   0.0000000e+00   8.6000000e+01   1.2000000e+02   0.0000000e+00
   1.1130000e+05   0.0000000e+00   0.0000000e+00   8.6000000e+01   2.4000000e+02   0.0000000e+00
   1.1200000e+05   0.0000000e+00   0.0000000e+00   8.6000000e+01   0.0000000e+00   0.0000000e+00
   1.1270000e+05   0.0000000e+00   0.0000000e+00   8.6000000e+01   0.0000000e+00   0.0000000e+00
   1.1340000e+05   0.0000000e+00   0.0000000e+00   8.6000000e+01   1.2000000e+02   0.0000000e+00
   1.1410000e+05   0.0000000e+00   0.0000000e+00   8.6000000e+01   2.4000000e+02   0.0000000e+00
   1.1480000e+05   0.0000000e+00   0.0000000e+00   8.6000000e+01   0.0000000e+00   0.0000000e+00
   1.1550000e+05   0.0000000e+00   0.0000000e+00   8.6000000e+01   0.0000000e+00   0.0000000e+00
   1.1620000e+05   0.0000000e+00   0.0000000e+00   8.6000000e+01   1.2000000e+02   0.0000000e+00
   1.1690000e+05   0.0000000e+00   0.0000000e+00   8.6000000e+01   2.4000000e+02   0.0000000e+00
   1.1760000e+05   0.0000000e+00   0.0000000e+00   8.6000000e+01   0.0000000e+00   0.0000000e+00
   1.1830000e+05   0.0000000e+00   0.0000000e+00   8.6000000e+01   0.0000000e+00   0.0000000e+00
   1.1900000e+05   0.0000000e+00   0.0000000e+00   8.6000000e+01   1.2000000e+02   0.0000000e+00
   1.1970000e+05   0.0000000e+00   0.0000000e+00   8.6000000e+01   2.4000000e+02   0.0000000e+00
   1.2040000e+05   0.0000000e+00   0.0000000e+00   8.6000000e+01   0.0000000e+00   0.0000000e+00
   1.2110000e+05   0.0000000e+00   0.0000000e+00   8.6000000e+01   0.0000000e+00   0.0000000e+00
   1.2180000e+05   0.0000000e+00   0.0000000e+00   8.6000000e+01   1.2000000e+02   0.0000000e+00
   1.2250000e+05   0.0000000e+00   0.0000000e+00   8.6000000e+01   2.4000000e+02   0.0000000e+00
   1.2320000e+05   0.0000000e+00   0.0000000e+00   8.6000000e+01   0.0000000e+00   0.0000000e+00
   1.2390000e+05   0.0000000e+00   0.0000000e+00   8.6000000e+01   0.0000000e+00   0.0000000e+00
   1.2460000e+05   0.0000000e+00   0.0000000e+00   8.6000000e+01   1.2000000e+02   0.0000000e+00
   1.2530000e+05   0.0000000e+00   0.0000000e+00   8.6000000e+01   2.4000000e+02   0.0000000e+00
   1.2600000e+05   0.0000000e+00   0.0000000e+00   8.6000000e+01   0.0000000e+00   0.0000000e+00
   1.2670000e+05   0.0000000e+00   0.0000000e+00   8.6000000e+01   0.0000000e+00   0.0000000e+00
   1.2740000e+05   0.0000000e+00   0.0000000e+00   8.6000000e+01   1.2000000e+02   0.0000000e+00
   1.2810000e+05   0.0000000e+00   0.0000000e+00   8.6000000e+01   2.4000000e+02   0.0000000e+00
   1.2880000e+05   0.0000000e+00   0.0000000e+00   8.6000000e+01   0.0000000e+00   0.0000000e+00
   1.2950000e+05   0.0000000e+00   0.0000000e+00   8.6000000e+01   0.0000000e+00   0.0000000e+00
   1.3020000e+05   0.0000000e+00   0.0000000e+00   8.6000000e+01   1.2000000e+02   0.0000000e+00
   1.3090000e+05   0.0000000e+00   0.0000000e+00   8.6000000e+01   2.4000000e+02   0.0000000e+00
   1.3160000e+05   0.0000000e+00   0.0000000e+00   8.6000000e+01   0.0000000e+00   0.0000000e+00
   1.3230000e+05   0.0000000e+00   0.0000000e+00   8.6000000e+01   0.0000000e+00   0.0000000e+00
   1.3300000e+05   0.0000000e+00   0.0000000e+00   8.6000000e+01   1.2000000e+02   0.0000000e+00
   1.3370000e+05   0.0000000e+00   0.0000000e+00   8.6000000e+01   2.4000000e+02   0.0000000e+00
   1.3440000e+05   0.0000000e+00   0.0000000e+00   8.6000000e+01   0.0000000e+00   0.0000000e+00
   1.3510000e+05   0.0000000e+00   0.0000000e+00   8.6000000e+01   0.0000000e+00   0.0000000e+00
   1.3580000e+05   0.0000000e+00   0.0000000e+00   8.6000000e+01   1.2000000e+02   0.0000000e+00
   1.3650000e+05   0.0000000e+00   0.0000000e+00   8.6000000e+01   2.4000000e+02   0.0000000e+00
   1.3720000e+05   0.0000000e+00   0.0000000e+00   8.6000000e+01   0.0000000e+00   0.0000000e+00
   1.3790000e+05   0.0000000e+00   0.0000000e+00   8.6000000e+01   0.0000000e+00   0.0000000e+00
   1.3860000e+05   0.0000000e+00   0.0000000e+00   8.6000000e+01   1.2000000e+02   0.0000000e+00
   1.3930000e+05   0.0000000e+00   0.0000000e+00   8.6000000e+01   2.4000000e+02   0.0000000e+00
   1.4000000e+05   0.0000000e+00   0.0000000e+00   8.6000000e+01   0.0000000e+00   0.0000000e+00
   1.4070000e+05   0.0000000e+00   0.0000000e+00   8.6000000e+01   0.0000000e+00   0.0000000e+00
   1.4140000e+05   0.0000000e+00   0.0000000e+00   8.6000000e+01   1.2000000e+02   0.0000000e+00
   1.4210000e+05   0.0000000e+00   0.0000000e+00   8.6000000e+01   2.4000000e+02   0.0000000e+00
   1.4280000e+05   0.0000000e+00   0.0000000e+00   8.6000000e+01   0.0000000e+00   0.0000000e+00
   1.4350000e+05   0.0000000e+00   0.0000000e+00   8.6000000e+01   0.0000000e+00   0.0000000e+00
   1.4420000e+05   0.0000000e+00   0.0000000e+00   8.6000000e+01   1.2000000e+02   0.0000000e+00
   1.4490000e+05   0.0000000e+00   0.0000000e+00   8.6000000e+01   2.4000000e+02   0.0000000e+00
   1.4560000e+05   0.0000000e+00   0.0000000e+00   8.6000000e+01   0.0000000e+00   0.0000000e+00
   1.4630000e+05   0.0000000e+00   0.0000000e+00   8.6000000e+01   0.0000000e+00   0.0000000e+00
   1.4700000e+05   0.0000000e+00   0.0000000e+00   8.6000000e+01   1.2000000e+02   0.0000000e+00
   1.4770000e+05   0.0000000e+00   0.0000000e+00   8.6000000e+01   2.4000000e+02   0.0000000e+00
   1.4840000e+05   0.0000000e+00   0.0000000e+00   8.6000000e+01   0.0000000e+00   0.0000000e+00
   1.4910000e+05   0.0000000e+00   0.0000000e+00   8.6000000e+01   0.0000000e+00   0.0000000e+00
   1.4980000e+05   0.0000000e+00   0.0000000e+00   8.6000000e+01   1.2000000e+02   0.0000000e+00
   1.5050000e+05   0.0000000e+00   0.0000000e+00   8.6000000e+01   2.4000000e+02   0.0000000e+00
   1.5120000e+05   0.0000000e+00   0.0000000e+00   8.6000000e+01   0.0000000e+00   0.0000000e+00
   1.5190000e+05   0.0000000e+00   0.0000000e+00   8.6000000e+01   0.0000000e+00   0.0000000e+00
   1.5260000e+05   0.0000000e+00   0.0000000e+00   8.6000000e+01   1.2000000e+02   0.0000000e+00
   1.5330000e+05   0.0000000e+00   0.0000000e+00   8.6000000e+01   2.4000000e+02   0.0000000e+00
   1.5400000e+05   0.0000000e+00   0.0000000e+00   8.6000000e+01   0.0000000e+00   0.0000000e+00
   1.5470000e+05   0.0000000e+00   0.0000000e+00   8.6000000e+01   0.0000000e+00   0.0000000e+00
   1.5540000e+05   0.0000000e+00   0.0000000e+00   8.6000000e+01   1.2000000e+02   0.0000000e+00
   1.5610000e+05   0.0000000e+00   0.0000000e+00   8.6000000e+01   2.4000000e+02   0.0000000e+00
   1.5680000e+05   0.0000000e+00   0.0000000e+00   8.6000000e+01   0.0000000e+00   0.0000000e+00
   1.5750000e+05   0.0000000e+00   0.0000000e+00   8.6000000e+01   0.0000000e+00   0.0000000e+00
   1.5820000e+05   0.0000000e+00   0.0000000e+00   8.6000000e+01   1.2000000e+02   0.0000000e+00
   1.5890000e+05   0.0000000e+00   0.0000000e+00   8.6000000e+01   2.4000000e+02   0.0000000e+00
   1.5960000e+05   0.0000000e+00   0.0000000e+00   8.6000000e+01   0.0000000e+00   0.0000000e+00
   1.6030000e+05   0.0000000e+00   0.0000000e+00   8.6000000e+01   0.0000000e+00   0.0000000e+00
   1.6100000e+05   0.0000000e+00   0.0000000e+00   8.6000000e+01   1.2000000e+02   0.0000000e+00
   1.6170000e+05   0.0000000e+00   0.0000000e+00   8.6000000e+01   2.4000000e+02   0.0000000e+00
   1.6240000e+05   0.0000000e+00   0.0000000e+00   8.6000000e+01   0.0000000e+00   0.0000000e+00
   1.6310000e+05   0.0000000e+00   0.0000000e+00   8.6000000e+01   0.0000000e+00   0.0000000e+00
   1.6380000e+05   0.0000000e+00   0.0000000e+00   8.6000000e+01   1.2000000e+02   0.0000000e+00
   1.6450000e+05   0.0000000e+00   0.0000000e+00   8.6000000e+01   2.4000000e+02   0.0000000e+00
   1.6520000e+05   0.0000000e+00   0.0000000e+00   8.6000000e+01   0.0000000e+00   0.0000000e+00
   1.6590000e+05   0.0000000e+00   0.0000000e+00   8.6000000e+01   0.0000000e+00   0.0000000e+00
   1.6660000e+05   0.0000000e+00   0.0000000e+00   8.6000000e+01   1.2000000e+02   0.0000000e+00
   1.6730000e+05   0.0000000e+00   0.0000000e+00   8.6000000e+01   2.4000000e+02   0.0000000e+00
   1.6800000e+05   0.0000000e+00   0.0000000e+00   8.6000000e+01   0.0000000e+00   0.0000000e+00
   1.6870000e+05   0.0000000e+00   0.0000000e+00   8.6000000e+01   0.0000000e+00   0.0000000e+00
   1.6940000e+05   0.0000000e+00   0.0000000e+00   8.6000000e+01   1.2000000e+02   0.0000000e+00
   1.7010000e+05   0.0000000e+00   0.0000000e+00   8.6000000e+01   2.4000000e+02   0.0000000e+00
   1.7080000e+05   0.0000000e+00   0.0000000e+00   8.6000000e+01   0.0000000e+00   0.0000000e+00
   1.7150000e+05   0.0000000e+00   0.0000000e+00   8.6000000e+01   0.0000000e+00   0.0000000e+00
   1.7220000e+05   0.0000000e+00   0.0000000e+00   8.6000000e+01   1.2000000e+02   0.0000000e+00
   1.7290000e+05   0.0000000e+00   0.0000000e+00   8.6000000e+01   2.4000000e+02   0.0000000e+00
   1.7360000e+05   0.0000000e+00   0.0000000e+00   8.6000000e+01   0.0000000e+00   0.0000000e+00
   1.7430000e+05   0.0000000e+00   0.0000000e+00   8.6000000e+01   0.0000000e+00   0.0000000e+00
   1.7500000e+05   0.0000000e+00   0.0000000e+00   8.6000000e+01   1.2000000e+02   0.0000000e+00
   1.7570000e+05   0.0000000e+00   0.0000000e+00   8.6000000e+01   2.4000000e+02   0.0000000e+00
   1.7640000e+05   0.0000000e+00   0.0000000e+00   8.6000000e+01   0.0000000e+00   0.0000000e+00
   1.7710000e+05   0.0000000e+00   0.0000000e+00   8.6000000e+01   0.0000000e+00   0.0000000e+00
   1.7780000e+05   0.0000000e+00   0.0000000e+00   8.6000000e+01   1.2000000e+02   0.0000000e+00
   1.7850000e+05   0.0000000e+00   0.0000000e+00   8.6000000e+01   2.4000000e+02   0.0000000e+00
   1.7920000e+05   0.0000000e+00   0.0000000e+00   8.6000000e+01   0.0000000e+00   0.0000000e+00
   1.7990000e+05   0.0000000e+00   0.0000000e+00   8.6000000e+01   0.0000000e+00   0.0000000e+00
   1.8060000e+05   0.0000000e+00   0.0000000e+00   8.6000000e+01   1.2000000e+02   0.0000000e+00
   1.8130000e+05   0.0000000e+00   0.0000000e+00   8.6000000e+01   2.4000000e+02   0.0000000e+00
   1.8200000e+05   0.0000000e+00   0.0000000e+00   8.6000000e+01   0.0000000e+00   0.0000000e+00
   1.8270000e+05   0.0000000e+00   0.0000000e+00   8.6000000e+01   0.0000000e+00   0.0000000e+00
   1.8340000e+05   0.0000000e+00   0.0000000e+00   8.6000000e+01   1.2000000e+02   0.0000000e+00
   1.8410000e+05   0.0000000e+00   0.0000000e+00   8.6000000e+01   2.4000000e+02   0.0000000e+00
   1.8480000e+05   0.0000000e+00   0.0000000e+00   8.6000000e+01   0.0000000e+00   0.0000000e+00
   1.8550000e+05   0.0000000e+00   0.0000000e+00   8.6000000e+01   0.0000000e+00   0.0000000e+00
   1.8620000e+05   0.0000000e+00   0.0000000e+00   8.6000000e+01   1.2000000e+02   0.0000000e+00
   1.8690000e+05   0.0000000e+00   0.0000000e+00   8.6000000e+01   2.4000000e+02   0.0000000e+00
   1.8760000e+05   0.0000000e+00   0.0000000e+00   8.6000000e+01   0.0000000e+00   0.0000000e+00
   1.8830000e+05   0.0000000e+00   0.0000000e+00   8.6000000e+01   0.0000000e+00   0.0000000e+00
   1.8900000e+05   0.0000000e+00   0.0000000e+00   8.6000000e+01   1.2000000e+02   0.0000000e+00
   1.8970000e+05   0.0000000e+00   0.0000000e+00   8.6000000e+01   2.4000000e+02   0.0000000e+00
   1.9040000e+05   0.0000000e+00   0.0000000e+00   8.6000000e+01   0.0000000e+00   0.0000000e+00
   1.9110000e+05   0.0000000e+00   0.0000000e+00   8.6000000e+01   0.0000000e+00   0.0000000e+00
   1.9180000e+05   0.0000000e+00   0.0000000e+00   8.6000000e+01   1.2000000e+02   0.0000000e+00
   1.9250000e+05   0.0000000e+00   0.0000000e+00   8.6000000e+01   2.4000000e+02   0.0000000e+00
   1.9320000e+05   0.0000000e+00   0.0000000e+00   8.6000000e+01   0.0000000e+00   0.0000000e+00
   1.9390000e+05   0.0000000e+00   0.0000000e+00   8.6000000e+01   0.0000000e+00   0.0000000e+00
   1.9460000e+05   0.0000000e+00   0.0000000e+00   8.6000000e+01   1.2000000e+02   0.0000000e+00
   1.9530000e+05   0.0000000e+00   0.0000000e+00   8.6000000e+01   2.4000000e+02   0.0000000e+00
   1.9600000e+05   0.0000000e+00   0.0000000e+00   8.6000000e+01   0.0000000e+00   0.0000000e+00
   1.9670000e+05   0.0000000e+00   0.0000000e+00   8.6000000e+01   0.0000000e+00   0.0000000e+00
   1.9740000e+05   0.0000000e+00   0.0000000e+00   8.6000000e+01   1.2000000e+02   0.0000000e+00
   1.9810000e+05   0.0000000e+00   0.0000000e+00   8.6000000e+01   2.4000000e+02   0.0000000e+00
   1.9880000e+05   0.0000000e+00   0.0000000e+00   8.6000000e+01   0.0000000e+00   0.0000000e+00
   1.9950000e+05   0.0000000e+00   0.0000000e+00   8.6000000e+01   0.0000000e+00   0.0000000e+00
   2.0020000e+05   0.0000000e+00   0.0000000e+00   8.6000000e+01   1.2000000e+02   0.0000000e+00
   2.0090000e+05   0.0000000e+00   0.0000000e+00   8.6000000e+01   2.4000000e+02   0.0000000e+00
   2.0160000e+05   0.0000000e+00   0.0000000e+00   8.6000000e+01   0.0000000e+00   0.0000000e+00
   2.0230000e+05   0.0000000e+00   0.0000000e+00   8.6000000e+01   0.0000000e+00   0.0000000e+00
   2.0300000e+05   0.0000000e+00   0.0000000e+00   8.6000000e+01   1.2000000e+02   0.0000000e+00
   2.0370000e+05   0.0000000e+00   0.0000000e+00   8.6000000e+01   2.4000000e+02   0.0000000e+00
   2.0440000e+05   0.0000000e+00   0.0000000e+00   8.6000000e+01   0.0000000e+00   0.0000000e+00
   2.0510000e+05   0.0000000e+00   0.0000000e+00   8.6000000e+01   0.0000000e+00   0.0000000e+00
   2.0580000e+05   0.0000000e+00   0.0000000e+00   8.6000000e+01   1.2000000e+02   0.0000000e+00
   2.0650000e+05   0.0000000e+00   0.0000000e+00   8.6000000e+01   2.4000000e+02   0.0000000e+00
   2.0720000e+05   0.0000000e+00   0.0000000e+00   8.6000000e+01   0.0000000e+00   0.0000000e+00
   2.0790000e+05   0.0000000e+00   0.0000000e+00   8.6000000e+01   0.0000000e+00   0.0000000e+00
   2.0860000e+05   0.0000000e+00   0.0000000e+00   8.6000000e+01   1.2000000e+02   0.0000000e+00
   2.0930000e+05   0.0000000e+00   0.0000000e+00   8.6000000e+01   2.4000000e+02   0.0000000e+00
   2.1000000e+05   0.0000000e+00   0.0000000e+00   8.6000000e+01   0.0000000e+00   0.0000000e+00
   2.1070000e+05   0.0000000e+00   0.0000000e+00   8.6000000e+01   0.0000000e+00   0.0000000e+00
   2.1140000e+05   0.0000000e+00   0.0000000e+00   8.6000000e+01   1.2000000e+02   0.0000000e+00
   2.1210000e+05   0.0000000e+00   0.0000000e+00   8.6000000e+01   2.4000000e+02   0.0000000e+00
   2.1280000e+05   0.0000000e+00   0.0000000e+00   8.6000000e+01   0.0000000e+00   0.0000000e+00
   2.1350000e+05   0.0000000e+00   0.0000000e+00   8.6000000e+01   0.0000000e+00   0.0000000e+00
   2.1420000e+05   0.0000000e+00   0.0000000e+00   8.6000000e+01   1.2000000e+02   0.0000000e+00
   2.1490000e+05   0.0000000e+00   0.0000000e+00   8.6000000e+01   2.4000000e+02   0.0000000e+00
   2.1560000e+05   0.0000000e+00   0.0000000e+00   8.6000000e+01   0.0000000e+00   0.0000000e+00
   2.1630000e+05   0.0000000e+00   0.0000000e+00   8.6000000e+01   0.0000000e+00   0.0000000e+00
   2.1700000e+05   0.0000000e+00   0.0000000e+00   8.6000000e+01   1.2000000e+02   0.0000000e+00
   2.1770000e+05   0.0000000e+00   0.0000000e+00   8.6000000e+01   2.4000000e+02   0.0000000e+00
   2.1840000e+05   0.0000000e+00   0.0000000e+00   8.6000000e+01   0.0000000e+00   0.0000000e+00
   2.1910000e+05   0.0000000e+00   0.0000000e+00   8.6000000e+01   0.0000000e+00   0.0000000e+00
   2.1980000e+05   0.0000000e+00   0.0000000e+00   8.6000000e+01   1.2000000e+02   0.0000000e+00
   2.2050000e+05   0.0000000e+00   0.0000000e+00   8.6000000e+01   2.4000000e+02   0.0000000e+00
   2.2120000e+05   0.0000000e+00   0.0000000e+00   8.6000000e+01   0.0000000e+00   0.0000000e+00
   2.2190000e+05   0.0000000e+00   0.0000000e+00   8.6000000e+01   0.0000000e+00   0.0000000e+00
   2.2260000e+05   0.0000000e+00   0.0000000e+00   8.6000000e+01   1.2000000e+02   0.0000000e+00
   2.2330000e+05   0.0000000e+00   0.0000000e+00   8.6000000e+01   2.4000000e+02   0.0000000e+00
   2.2400000e+05   0.0000000e+00   0.0000000e+00   8.6000000e+01   0.0000000e+00   0.0000000e+00
   2.2470000e+05   0.0000000e+00   0.0000000e+00   8.6000000e+01   0.0000000e+00   0.0000000e+00
   2.2540000e+05   0.0000000e+00   0.0000000e+00   8.6000000e+01   1.2000000e+02   0.0000000e+00
   2.2610000e+05   0.0000000e+00   0.0000000e+00   8.6000000e+01   2.4000000e+02   0.0000000e+00
   2.2680000e+05   0.0000000e+00   0.0000000e+00   8.6000000e+01   0.0000000e+00   0.0000000e+00
   2.2750000e+05   0.0000000e+00   0.0000000e+00   8.6000000e+01   0.0000000e+00   0.0000000e+00
   2.2820000e+05   0.0000000e+00   0.0000000e+00   8.6000000e+01   1.2000000e+02   0.0000000e+00
   2.2890000e+05   0.0000000e+00   0.0000000e+00   8.6000000e+01   2.4000000e+02   0.0000000e+00
   2.2960000e+05   0.0000000e+00   0.0000000e+00   8.6000000e+01   0.0000000e+00   0.0000000e+00
   2.3030000e+05   0.0000000e+00   0.0000000e+00   8.6000000e+01   0.0000000e+00   0.0000000e+00
   2.3100000e+05   0.0000000e+00   0.0000000e+00   8.6000000e+01   1.2000000e+02   0.0000000e+00
   2.3170000e+05   0.0000000e+00   0.0000000e+00   8.6000000e+01   2.4000000e+02   0.0000000e+00
   2.3240000e+05   0.0000000e+00   0.0000000e+00   8.6000000e+01   0.0000000e+00   0.0000000e+00
   2.3310000e+05   0.0000000e+00   0.0000000e+00   8.6000000e+01   0.0000000e+00   0.0000000e+00
   2.3380000e+05   0.0000000e+00   0.0000000e+00   8.6000000e+01   1.2000000e+02   0.0000000e+00
   2.3450000e+05   0.0000000e+00   0.0000000e+00   8.6000000e+01   2.4000000e+02   0.0000000e+00
   2.3520000e+05   0.0000000e+00   0.0000000e+00   8.6000000e+01   0.0000000e+00   0.0000000e+00
   2.3590000e+05   0.0000000e+00   0.0000000e+00   8.6000000e+01   0.0000000e+00   0.0000000e+00
   2.3660000e+05   0.0000000e+00   0.0000000e+00   8.6000000e+01   1.2000000e+02   0.0000000e+00
   2.3730000e+05   0.0000000e+00   0.0000000e+00   8.6000000e+01   2.4000000e+02   0.0000000e+00
   2.3800000e+05   0.0000000e+00   0.0000000e+00   8.6000000e+01   0.0000000e+00   0.0000000e+00
   2.3870000e+05   0.0000000e+00   0.0000000e+00   8.6000000e+01   0.0000000e+00   0.0000000e+00
   2.3940000e+05   0.0000000e+00   0.0000000e+00   8.6000000e+01   1.2000000e+02   0.0000000e+00
   2.4010000e+05   0.0000000e+00   0.0000000e+00   8.6000000e+01   2.4000000e+02   0.0000000e+00
   2.4080000e+05   0.0000000e+00   0.0000000e+00   8.6000000e+01   0.0000000e+00   0.0000000e+00
   2.4150000e+05   0.0000000e+00   0.0000000e+00   8.6000000e+01   0.0000000e+00   0.0000000e+00
   2.4220000e+05   0.0000000e+00   0.0000000e+00   8.6000000e+01   1.2000000e+02   0.0000000e+00
   2.4290000e+05   0.0000000e+00   0.0000000e+00   8.6000000e+01   2.4000000e+02   0.0000000e+00
   2.4360000e+05   0.0000000e+00   0.0000000e+00   8.6000000e+01   0.0000000e+00   0.0000000e+00
   2.4430000e+05   0.0000000e+00   0.0000000e+00   8.6000000e+01   0.0000000e+00   0.0000000e+00
   2.4500000e+05   0.0000000e+00   0.0000000e+00   8.6000000e+01   1.2000000e+02   0.0000000e+00
   2.4570000e+05   0.0000000e+00   0.0000000e+00   8.6000000e+01   2.4000000e+02   0.0000000e+00
   2.4640000e+05   0.0000000e+00   0.0000000e+00   8.6000000e+01   0.0000000e+00   0.0000000e+00
   2.4710000e+05   0.0000000e+00   0.0000000e+00   8.6000000e+01   0.0000000e+00   0.0000000e+00
   2.4780000e+05   0.0000000e+00   0.0000000e+00   8.6000000e+01   1.2000000e+02   0.0000000e+00
   2.4850000e+05   0.0000000e+00   0.0000000e+00   8.6000000e+01   2.4000000e+02   0.0000000e+00
   2.4920000e+05   0.0000000e+00   0.0000000e+00   8.6000000e+01   0.0000000e+00   0.0000000e+00
   2.4990000e+05   0.0000000e+00   0.0000000e+00   8.6000000e+01   0.0000000e+00   0.0000000e+00
   2.5060000e+05   0.0000000e+00   0.0000000e+00   8.6000000e+01   1.2000000e+02   0.0000000e+00
   2.5130000e+05   0.0000000e+00   0.0000000e+00   8.6000000e+01   2.4000000e+02   0.0000000e+00
   2.5200000e+05   0.0000000e+00   0.0000000e+00   8.6000000e+01   0.0000000e+00   0.0000000e+00
   2.5270000e+05   0.0000000e+00   0.0000000e+00   8.6000000e+01   0.0000000e+00   0.0000000e+00
   2.5340000e+05   0.0000000e+00   0.0000000e+00   8.6000000e+01   1.2000000e+02   0.0000000e+00
   2.5410000e+05   0.0000000e+00   0.0000000e+00   8.6000000e+01   2.4000000e+02   0.0000000e+00
   2.5480000e+05   0.0000000e+00   0.0000000e+00   8.6000000e+01   0.0000000e+00   0.0000000e+00
   2.5550000e+05   0.0000000e+00   0.0000000e+00   8.6000000e+01   0.0000000e+00   0.0000000e+00
   2.5620000e+05   0.0000000e+00   0.0000000e+00   8.6000000e+01   1.2000000e+02   0.0000000e+00
   2.5690000e+05   0.0000000e+00   0.0000000e+00   8.6000000e+01   2.4000000e+02   0.0000000e+00
   2.5760000e+05   0.0000000e+00   0.0000000e+00   8.6000000e+01   0.0000000e+00   0.0000000e+00
   2.5830000e+05   0.0000000e+00   0.0000000e+00   8.6000000e+01   0.0000000e+00   0.0000000e+00
   2.5900000e+05   0.0000000e+00   0.0000000e+00   8.6000000e+01   1.2000000e+02   0.0000000e+00
   2.5970000e+05   0.0000000e+00   0.0000000e+00   8.6000000e+01   2.4000000e+02   0.0000000e+00
   2.6040000e+05   0.0000000e+00   0.0000000e+00   8.6000000e+01   0.0000000e+00   0.0000000e+00
   2.6110000e+05   0.0000000e+00   0.0000000e+00   8.6000000e+01   0.0000000e+00   0.0000000e+00
   2.6180000e+05   0.0000000e+00   0.0000000e+00   8.6000000e+01   1.2000000e+02   0.0000000e+00
   2.6250000e+05   0.0000000e+00   0.0000000e+00   8.6000000e+01   2.4000000e+02   0.0000000e+00
   2.6320000e+05   0.0000000e+00   0.0000000e+00   8.6000000e+01   0.0000000e+00   0.0000000e+00
   2.6390000e+05   0.0000000e+00   0.0000000e+00   8.6000000e+01   0.0000000e+00   0.0000000e+00
   2.6460000e+05   0.0000000e+00   0.0000000e+00   8.6000000e+01   1.2000000e+02   0.0000000e+00
   2.6530000e+05   0.0000000e+00   0.0000000e+00   8.6000000e+01   2.4000000e+02   0.0000000e+00
   2.6600000e+05   0.0000000e+00   0.0000000e+00   8.6000000e+01   0.0000000e+00   0.0000000e+00
   2.6670000e+05   0.0000000e+00   0.0000000e+00   8.6000000e+01   0.0000000e+00   0.0000000e+00
   2.6740000e+05   0.0000000e+00   0.0000000e+00   8.6000000e+01   1.2000000e+02   0.0000000e+00
   2.6810000e+05   0.0000000e+00   0.0000000e+00   8.6000000e+01   2.4000000e+02   0.0000000e+00
   2.6880000e+05   0.0000000e+00   0.0000000e+00   8.6000000e+01   0.0000000e+00   0.0000000e+00
   2.6950000e+05   0.0000000e+00   0.0000000e+00   8.6000000e+01   0.0000000e+00   0.0000000e+00
   2.7020000e+05   0.0000000e+00   0.0000000e+00   8.6000000e+01   1.2000000e+02   0.0000000e+00
   2.7090000e+05   0.0000000e+00   0.0000000e+00   8.6000000e+01   2.4000000e+02   0.0000000e+00
   2.7160000e+05   0.0000000e+00   0.0000000e+00   8.6000000e+01   0.0000000e+00   0.0000000e+00
   2.7230000e+05   0.0000000e+00   0.0000000e+00   8.6000000e+01   0.0000000e+00   0.0000000e+00
   2.7300000e+05   0.0000000e+00   0.0000000e+00   8.6000000e+01   1.2000000e+02   0.0000000e+00
   2.7370000e+05   0.0000000e+00   0.0000000e+00   8.6000000e+01   2.4000000e+02   0.0000000e+00
   2.7440000e+05   0.0000000e+00   0.0000000e+00   8.6000000e+01   0.0000000e+00   0.0000000e+00
   2.7510000e+05   0.0000000e+00   0.0000000e+00   8.6000000e+01   0.0000000e+00   0.0000000e+00
   2.7580000e+05   0.0000000e+00   0.0000000e+00   8.6000000e+01   1.2000000e+02   0.0000000e+00
   2.7650000e+05   0.0000000e+00   0.0000000e+00   8.6000000e+01   2.4000000e+02   0.0000000e+00
   2.7720000e+05   0.0000000e+00   0.0000000e+00   8.6000000e+01   0.0000000e+00   0.0000000e+00
   2.7790000e+05   0.0000000e+00   0.0000000e+00   8.6000000e+01   0.0000000e+00   0.0000000e+00
   2.7860000e+05   0.0000000e+00   0.0000000e+00   8.6000000e+01   1.2000000e+02   0.0000000e+00
   2.7930000e+05   0.0000000e+00   0.0000000e+00   8.6000000e+01   2.4000000e+02   0.0000000e+00
