  -1.8000000e+02  -1.8000000e+02   1.0000000e+00  -1.8000000e+02   0.0000000e+00
  -1.8000000e+02  -9.0000000e+01   1.0000000e+00  -8.9753448e+01   0.0000000e+00
  -1.8000000e+02   0.0000000e+00   1.0000000e+00  -2.9419381e-15   0.0000000e+00
  -1.8000000e+02   9.0000000e+01   1.0000000e+00   8.9753448e+01   0.0000000e+00
  -1.8000000e+02   1.8000000e+02   1.0000000e+00   1.8000000e+02   0.0000000e+00
  -9.0000000e+01  -1.8000000e+02   1.0000000e+00  -8.1051395e+01   0.0000000e+00
  -9.0000000e+01  -9.0000000e+01   1.0000000e+00  -5.5407879e+01   0.0000000e+00
  -9.0000000e+01   0.0000000e+00   1.0000000e+00  -3.3272924e+01   0.0000000e+00
  -9.0000000e+01   9.0000000e+01   1.0000000e+00  -8.5379762e+00   0.0000000e+00
  -9.0000000e+01   1.8000000e+02   1.0000000e+00  -8.1051395e+01   0.0000000e+00
   0.0000000e+00  -1.8000000e+02   1.0000000e+00  -1.0159859e-14   0.0000000e+00
   0.0000000e+00  -9.0000000e+01   1.0000000e+00  -1.8564009e+01   0.0000000e+00
   0.0000000e+00   0.0000000e+00   1.0000000e+00   0.0000000e+00   0.0000000e+00
   0.0000000e+00   9.0000000e+01   1.0000000e+00   1.8564009e+01   0.0000000e+00
   0.0000000e+00   1.8000000e+02   1.0000000e+00   1.0159859e-14   0.0000000e+00
   9.0000000e+01  -1.8000000e+02   1.0000000e+00   8.1051395e+01   0.0000000e+00
   9.0000000e+01  -9.0000000e+01   1.0000000e+00   8.5379762e+00   0.0000000e+00
   9.0000000e+01   0.0000000e+00   1.0000000e+00   3.3272924e+01   0.0000000e+00
   9.0000000e+01   9.0000000e+01   1.0000000e+00   5.5407879e+01   0.0000000e+00
   9.0000000e+01   1.8000000e+02   1.0000000e+00   8.1051395e+01   0.0000000e+00
   1.8000000e+02  -1.8000000e+02   1.0000000e+00  -1.8000000e+02   0.0000000e+00
   1.8000000e+02  -9.0000000e+01   1.0000000e+00  -8.9753448e+01   0.0000000e+00
   1.8000000e+02   0.0000000e+00   1.0000000e+00   2.9419381e-15   0.0000000e+00
   1.8000000e+02   9.0000000e+01   1.0000000e+00   8.9753448e+01   0.0000000e+00
   1.8000000e+02   1.8000000e+02   1.0000000e+00   1.8000000e+02   0.0000000e+00
  -1.8000000e+02  -1.8000000e+02   2.2348449e+01  -1.8000000e+02   0.0000000e+00
  -1.8000000e+02  -9.0000000e+01   2.2348449e+01  -8.9894184e+01   0.0000000e+00
  -1.8000000e+02   0.0000000e+00   2.2348449e+01  -5.7207008e-16   0.0000000e+00
  -1.8000000e+02   9.0000000e+01   2.2348449e+01   8.9894184e+01   0.0000000e+00
  -1.8000000e+02   1.8000000e+02   2.2348449e+01   1.8000000e+02   0.0000000e+00
  -9.0000000e+01  -1.8000000e+02   2.2348449e+01  -1.0799266e+02   0.0000000e+00
  -9.0000000e+01  -9.0000000e+01   2.2348449e+01  -6.2279447e+01   0.0000000e+00
  -9.0000000e+01   0.0000000e+00   2.2348449e+01  -2.6798077e+01   0.0000000e+00
  -9.0000000e+01   9.0000000e+01   2.2348449e+01   1.7712451e+01   0.0000000e+00
  -9.0000000e+01   1.8000000e+02   2.2348449e+01  -1.0799266e+02   0.0000000e+00
   0.0000000e+00  -1.8000000e+02   2.2348449e+01  -1.8000000e+02   0.0000000e+00
   0.0000000e+00  -9.0000000e+01   2.2348449e+01  -3.1377095e+01   0.0000000e+00
   0.0000000e+00   0.0000000e+00   2.2348449e+01   0.0000000e+00   0.0000000e+00
   0.0000000e+00   9.0000000e+01   2.2348449e+01   3.1377095e+01   0.0000000e+00
   0.0000000e+00   1.8000000e+02   2.2348449e+01   1.8000000e+02   0.0000000e+00
   9.0000000e+01  -1.8000000e+02   2.2348449e+01   1.0799266e+02   0.0000000e+00
   9.0000000e+01  -9.0000000e+01   2.2348449e+01  -1.7712451e+01   0.0000000e+00
   9.0000000e+01   0.0000000e+00   2.2348449e+01   2.6798077e+01   0.0000000e+00
   9.0000000e+01   9.0000000e+01   2.2348449e+01   6.2279447e+01   0.0000000e+00
   9.0000000e+01   1.8000000e+02   2.2348449e+01   1.0799266e+02   0.0000000e+00
   1.8000000e+02  -1.8000000e+02   2.2348449e+01  -1.8000000e+02   0.0000000e+00
   1.8000000e+02  -9.0000000e+01   2.2348449e+01  -8.9894184e+01   0.0000000e+00
   1.8000000e+02   0.0000000e+00   2.2348449e+01   5.7207008e-16   0.0000000e+00
   1.8000000e+02   9.0000000e+01   2.2348449e+01   8.9894184e+01   0.0000000e+00
   1.8000000e+02   1.8000000e+02   2.2348449e+01   1.8000000e+02   0.0000000e+00
  -1.8000000e+02  -1.8000000e+02   4.3696899e+01  -1.8000000e+02   0.0000000e+00
  -1.8000000e+02  -9.0000000e+01   4.3696899e+01  -8.9966306e+01   0.0000000e+00
  -1.8000000e+02   0.0000000e+00   4.3696899e+01   3.4934071e-17   0.0000000e+00
  -1.8000000e+02   9.0000000e+01   4.3696899e+01   8.9966306e+01   0.0000000e+00
  -1.8000000e+02   1.8000000e+02   4.3696899e+01   1.8000000e+02   0.0000000e+00
  -9.0000000e+01  -1.8000000e+02   4.3696899e+01  -1.3635438e+02   0.0000000e+00
  -9.0000000e+01  -9.0000000e+01   4.3696899e+01  -7.0076688e+01   0.0000000e+00
  -9.0000000e+01   0.0000000e+00   4.3696899e+01  -1.9350554e+01   0.0000000e+00
  -9.0000000e+01   9.0000000e+01   4.3696899e+01   4.5896197e+01   0.0000000e+00
  -9.0000000e+01   1.8000000e+02   4.3696899e+01  -1.3635438e+02   0.0000000e+00
   0.0000000e+00  -1.8000000e+02   4.3696899e+01  -1.8000000e+02   0.0000000e+00
   0.0000000e+00  -9.0000000e+01   4.3696899e+01  -4.7226714e+01   0.0000000e+00
   0.0000000e+00   0.0000000e+00   4.3696899e+01   0.0000000e+00   0.0000000e+00
   0.0000000e+00   9.0000000e+01   4.3696899e+01   4.7226714e+01   0.0000000e+00
   0.0000000e+00   1.8000000e+02   4.3696899e+01   1.8000000e+02   0.0000000e+00
   9.0000000e+01  -1.8000000e+02   4.3696899e+01   1.3635438e+02   0.0000000e+00
   9.0000000e+01  -9.0000000e+01   4.3696899e+01  -4.5896197e+01   0.0000000e+00
   9.0000000e+01   0.0000000e+00   4.3696899e+01   1.9350554e+01   0.0000000e+00
   9.0000000e+01   9.0000000e+01   4.3696899e+01   7.0076688e+01   0.0000000e+00
   9.0000000e+01   1.8000000e+02   4.3696899e+01   1.3635438e+02   0.0000000e+00
   1.8000000e+02  -1.8000000e+02   4.3696899e+01  -1.8000000e+02   0.0000000e+00
   1.8000000e+02  -9.0000000e+01   4.3696899e+01  -8.9966306e+01   0.0000000e+00
   1.8000000e+02   0.0000000e+00   4.3696899e+01  -3.4934071e-17   0.0000000e+00
   1.8000000e+02   9.0000000e+01   4.3696899e+01   8.9966306e+01   0.0000000e+00
   1.8000000e+02   1.8000000e+02   4.3696899e+01   1.8000000e+02   0.0000000e+00
  -1.8000000e+02  -1.8000000e+02   6.5045348e+01  -1.8000000e+02   0.0000000e+00
  -1.8000000e+02  -9.0000000e+01   6.5045348e+01  -8.9993795e+01   0.0000000e+00
  -1.8000000e+02   0.0000000e+00   6.5045348e+01   1.5429766e-16   0.0000000e+00
  -1.8000000e+02   9.0000000e+01   6.5045348e+01   8.9993795e+01   0.0000000e+00
  -1.8000000e+02   1.8000000e+02   6.5045348e+01   1.8000000e+02   0.0000000e+00
  -9.0000000e+01  -1.8000000e+02   6.5045348e+01  -1.5867771e+02   0.0000000e+00
  -9.0000000e+01  -9.0000000e+01   6.5045348e+01  -7.8504219e+01   0.0000000e+00
  -9.0000000e+01   0.0000000e+00   6.5045348e+01  -1.1197699e+01   0.0000000e+00
  -9.0000000e+01   9.0000000e+01   6.5045348e+01   6.8400604e+01   0.0000000e+00
  -9.0000000e+01   1.8000000e+02   6.5045348e+01  -1.5867771e+02   0.0000000e+00
   0.0000000e+00  -1.8000000e+02   6.5045348e+01  -1.8000000e+02   0.0000000e+00
   0.0000000e+00  -9.0000000e+01   6.5045348e+01  -6.4870957e+01   0.0000000e+00
   0.0000000e+00   0.0000000e+00   6.5045348e+01   0.0000000e+00   0.0000000e+00
   0.0000000e+00   9.0000000e+01   6.5045348e+01   6.4870957e+01   0.0000000e+00
   0.0000000e+00   1.8000000e+02   6.5045348e+01   1.8000000e+02   0.0000000e+00
   9.0000000e+01  -1.8000000e+02   6.5045348e+01   1.5867771e+02   0.0000000e+00
   9.0000000e+01  -9.0000000e+01   6.5045348e+01  -6.8400604e+01   0.0000000e+00
   9.0000000e+01   0.0000000e+00   6.5045348e+01   1.1197699e+01   0.0000000e+00
   9.0000000e+01   9.0000000e+01   6.5045348e+01   7.8504219e+01   0.0000000e+00
   9.0000000e+01   1.8000000e+02   6.5045348e+01   1.5867771e+02   0.0000000e+00
   1.8000000e+02  -1.8000000e+02   6.5045348e+01  -1.8000000e+02   0.0000000e+00
   1.8000000e+02  -9.0000000e+01   6.5045348e+01  -8.9993795e+01   0.0000000e+00
   1.8000000e+02   0.0000000e+00   6.5045348e+01  -1.5429766e-16   0.0000000e+00
   1.8000000e+02   9.0000000e+01   6.5045348e+01   8.9993795e+01   0.0000000e+00
   1.8000000e+02   1.8000000e+02   6.5045348e+01   1.8000000e+02   0.0000000e+00
  -1.8000000e+02  -1.8000000e+02   8.6393798e+01  -1.8000000e+02   0.0000000e+00
  -1.8000000e+02  -9.0000000e+01   8.6393798e+01  -9.0000000e+01   0.0000000e+00
  -1.8000000e+02   0.0000000e+00   8.6393798e+01   0.0000000e+00   0.0000000e+00
  -1.8000000e+02   9.0000000e+01   8.6393798e+01   9.0000000e+01   0.0000000e+00
  -1.8000000e+02   1.8000000e+02   8.6393798e+01   1.8000000e+02   0.0000000e+00
  -9.0000000e+01  -1.8000000e+02   8.6393798e+01  -1.7807552e+02   0.0000000e+00
  -9.0000000e+01  -9.0000000e+01   8.6393798e+01  -9.1689016e+01   0.0000000e+00
  -9.0000000e+01   0.0000000e+00   8.6393798e+01   1.6931843e+00   0.0000000e+00
  -9.0000000e+01   9.0000000e+01   8.6393798e+01   8.8075753e+01   0.0000000e+00
  -9.0000000e+01   1.8000000e+02   8.6393798e+01  -1.7807552e+02   0.0000000e+00
   0.0000000e+00  -1.8000000e+02   8.6393798e+01  -1.8000000e+02   0.0000000e+00
   0.0000000e+00  -9.0000000e+01   8.6393798e+01  -8.9796994e+01   0.0000000e+00
   0.0000000e+00   0.0000000e+00   8.6393798e+01   0.0000000e+00   0.0000000e+00
   0.0000000e+00   9.0000000e+01   8.6393798e+01   8.9796994e+01   0.0000000e+00
   0.0000000e+00   1.8000000e+02   8.6393798e+01   1.8000000e+02   0.0000000e+00
   9.0000000e+01  -1.8000000e+02   8.6393798e+01   1.7807552e+02   0.0000000e+00
   9.0000000e+01  -9.0000000e+01   8.6393798e+01  -8.8075753e+01   0.0000000e+00
   9.0000000e+01   0.0000000e+00   8.6393798e+01  -1.6931843e+00   0.0000000e+00
   9.0000000e+01   9.0000000e+01   8.6393798e+01   9.1689016e+01   0.0000000e+00
   9.0000000e+01   1.8000000e+02   8.6393798e+01   1.7807552e+02   0.0000000e+00
   1.8000000e+02  -1.8000000e+02   8.6393798e+01  -1.8000000e+02   0.0000000e+00
   1.8000000e+02  -9.0000000e+01   8.6393798e+01  -9.0000000e+01   0.0000000e+00
   1.8000000e+02   0.0000000e+00   8.6393798e+01   0.0000000e+00   0.0000000e+00
   1.8000000e+02   9.0000000e+01   8.6393798e+01   9.0000000e+01   0.0000000e+00
   1.8000000e+02   1.8000000e+02   8.6393798e+01   1.8000000e+02   0.0000000e+00
