  -1.8000000e+02  -1.8000000e+02   8.5000000e+01   1.8000000e+02   0.0000000e+00
  -1.8000000e+02  -1.8000000e+02   8.5000000e+01   3.6000000e+02   0.0000000e+00
  -1.8000000e+02  -1.4400000e+02   8.5000000e+01   1.4400000e+02   0.0000000e+00
  -1.8000000e+02  -1.4400000e+02   8.5000000e+01   3.2400000e+02   0.0000000e+00
  -1.8000000e+02  -1.0800000e+02   8.5000000e+01   1.0800000e+02   0.0000000e+00
  -1.8000000e+02  -1.0800000e+02   8.5000000e+01   2.8800000e+02   0.0000000e+00
  -1.8000000e+02  -7.2000000e+01   8.5000000e+01   7.2000000e+01   0.0000000e+00
  -1.8000000e+02  -7.2000000e+01   8.5000000e+01   2.5200000e+02   0.0000000e+00
  -1.8000000e+02  -3.6000000e+01   8.5000000e+01   3.6000000e+01   0.0000000e+00
  -1.8000000e+02  -3.6000000e+01   8.5000000e+01   2.1600000e+02   0.0000000e+00
  -1.8000000e+02   0.0000000e+00   8.5000000e+01  -0.0000000e+00   0.0000000e+00
  -1.8000000e+02   0.0000000e+00   8.5000000e+01   1.8000000e+02   0.0000000e+00
  -1.8000000e+02   3.6000000e+01   8.5000000e+01  -3.6000000e+01   0.0000000e+00
  -1.8000000e+02   3.6000000e+01   8.5000000e+01   1.4400000e+02   0.0000000e+00
  -1.8000000e+02   7.2000000e+01   8.5000000e+01  -7.2000000e+01   0.0000000e+00
  -1.8000000e+02   7.2000000e+01   8.5000000e+01   1.0800000e+02   0.0000000e+00
  -1.8000000e+02   1.0800000e+02   8.5000000e+01  -1.0800000e+02   0.0000000e+00
  -1.8000000e+02   1.0800000e+02   8.5000000e+01   7.2000000e+01   0.0000000e+00
  -1.8000000e+02   1.4400000e+02   8.5000000e+01  -1.4400000e+02   0.0000000e+00
  -1.8000000e+02   1.4400000e+02   8.5000000e+01   3.6000000e+01   0.0000000e+00
  -1.8000000e+02   1.8000000e+02   8.5000000e+01  -1.8000000e+02   0.0000000e+00
  -1.8000000e+02   1.8000000e+02   8.5000000e+01   0.0000000e+00   0.0000000e+00
  -1.4400000e+02  -1.8000000e+02   8.5000000e+01   1.7969899e+02   0.0000000e+00
  -1.4400000e+02  -1.8000000e+02   8.5000000e+01   3.5969899e+02   0.0000000e+00
  -1.4400000e+02  -1.4400000e+02   8.5000000e+01   1.4415252e+02   0.0000000e+00
  -1.4400000e+02  -1.4400000e+02   8.5000000e+01   3.2415252e+02   0.0000000e+00
  -1.4400000e+02  -1.0800000e+02   8.5000000e+01   1.0832699e+02   0.0000000e+00
  -1.4400000e+02  -1.0800000e+02   8.5000000e+01   2.8832699e+02   0.0000000e+00
  -1.4400000e+02  -7.2000000e+01   8.5000000e+01   7.2004524e+01   0.0000000e+00
  -1.4400000e+02  -7.2000000e+01   8.5000000e+01   2.5200452e+02   0.0000000e+00
  -1.4400000e+02  -3.6000000e+01   8.5000000e+01   3.5675271e+01   0.0000000e+00
  -1.4400000e+02  -3.6000000e+01   8.5000000e+01   2.1567527e+02   0.0000000e+00
  -1.4400000e+02   0.0000000e+00   8.5000000e+01  -1.6082982e-01   0.0000000e+00
  -1.4400000e+02   0.0000000e+00   8.5000000e+01   1.7983917e+02   0.0000000e+00
  -1.4400000e+02   3.6000000e+01   8.5000000e+01  -3.5706745e+01   0.0000000e+00
  -1.4400000e+02   3.6000000e+01   8.5000000e+01   1.4429326e+02   0.0000000e+00
  -1.4400000e+02   7.2000000e+01   8.5000000e+01  -7.1584125e+01   0.0000000e+00
  -1.4400000e+02   7.2000000e+01   8.5000000e+01   1.0841588e+02   0.0000000e+00
  -1.4400000e+02   1.0800000e+02   8.5000000e+01  -1.0799451e+02   0.0000000e+00
  -1.4400000e+02   1.0800000e+02   8.5000000e+01   7.2005494e+01   0.0000000e+00
  -1.4400000e+02   1.4400000e+02   8.5000000e+01  -1.4441209e+02   0.0000000e+00
  -1.4400000e+02   1.4400000e+02   8.5000000e+01   3.5587908e+01   0.0000000e+00
  -1.4400000e+02   1.8000000e+02   8.5000000e+01   1.7969899e+02   0.0000000e+00
  -1.4400000e+02   1.8000000e+02   8.5000000e+01   3.5969899e+02   0.0000000e+00
  -1.0800000e+02  -1.8000000e+02   8.5000000e+01   1.7865330e+02   0.0000000e+00
  -1.0800000e+02  -1.8000000e+02   8.5000000e+01   3.5865330e+02   0.0000000e+00
  -1.0800000e+02  -1.4400000e+02   8.5000000e+01   1.4384289e+02   0.0000000e+00
  -1.0800000e+02  -1.4400000e+02   8.5000000e+01   3.2384289e+02   0.0000000e+00
  -1.0800000e+02  -1.0800000e+02   8.5000000e+01   1.0910898e+02   0.0000000e+00
  -1.0800000e+02  -1.0800000e+02   8.5000000e+01   2.8910898e+02   0.0000000e+00
  -1.0800000e+02  -7.2000000e+01   8.5000000e+01   7.2753494e+01   0.0000000e+00
  -1.0800000e+02  -7.2000000e+01   8.5000000e+01   2.5275349e+02   0.0000000e+00
  -1.0800000e+02  -3.6000000e+01   8.5000000e+01   3.5284582e+01   0.0000000e+00
  -1.0800000e+02  -3.6000000e+01   8.5000000e+01   2.1528458e+02   0.0000000e+00
  -1.0800000e+02   0.0000000e+00   8.5000000e+01  -1.1266311e+00   0.0000000e+00
  -1.0800000e+02   0.0000000e+00   8.5000000e+01   1.7887337e+02   0.0000000e+00
  -1.0800000e+02   3.6000000e+01   8.5000000e+01  -3.5891613e+01   0.0000000e+00
  -1.0800000e+02   3.6000000e+01   8.5000000e+01   1.4410839e+02   0.0000000e+00
  -1.0800000e+02   7.2000000e+01   8.5000000e+01  -7.0668230e+01   0.0000000e+00
  -1.0800000e+02   7.2000000e+01   8.5000000e+01   1.0933177e+02   0.0000000e+00
  -1.0800000e+02   1.0800000e+02   8.5000000e+01  -1.0715490e+02   0.0000000e+00
  -1.0800000e+02   1.0800000e+02   8.5000000e+01   7.2845104e+01   0.0000000e+00
  -1.0800000e+02   1.4400000e+02   8.5000000e+01  -1.4480188e+02   0.0000000e+00
  -1.0800000e+02   1.4400000e+02   8.5000000e+01   3.5198124e+01   0.0000000e+00
  -1.0800000e+02   1.8000000e+02   8.5000000e+01   1.7865330e+02   0.0000000e+00
  -1.0800000e+02   1.8000000e+02   8.5000000e+01   3.5865330e+02   0.0000000e+00
  -7.2000000e+01  -1.8000000e+02   8.5000000e+01   1.7770320e+02   0.0000000e+00
  -7.2000000e+01  -1.8000000e+02   8.5000000e+01   3.5770320e+02   0.0000000e+00
  -7.2000000e+01  -1.4400000e+02   8.5000000e+01   1.4250201e+02   0.0000000e+00
  -7.2000000e+01  -1.4400000e+02   8.5000000e+01   3.2250201e+02   0.0000000e+00
  -7.2000000e+01  -1.0800000e+02   8.5000000e+01   1.0910018e+02   0.0000000e+00
  -7.2000000e+01  -1.0800000e+02   8.5000000e+01   2.8910018e+02   0.0000000e+00
  -7.2000000e+01  -7.2000000e+01   8.5000000e+01   7.4094031e+01   0.0000000e+00
  -7.2000000e+01  -7.2000000e+01   8.5000000e+01   2.5409403e+02   0.0000000e+00
  -7.2000000e+01  -3.6000000e+01   8.5000000e+01   3.6040189e+01   0.0000000e+00
  -7.2000000e+01  -3.6000000e+01   8.5000000e+01   2.1604019e+02   0.0000000e+00
  -7.2000000e+01   0.0000000e+00   8.5000000e+01  -2.0742461e+00   0.0000000e+00
  -7.2000000e+01   0.0000000e+00   8.5000000e+01   1.7792575e+02   0.0000000e+00
  -7.2000000e+01   3.6000000e+01   8.5000000e+01  -3.7165069e+01   0.0000000e+00
  -7.2000000e+01   3.6000000e+01   8.5000000e+01   1.4283493e+02   0.0000000e+00
  -7.2000000e+01   7.2000000e+01   8.5000000e+01  -7.0565501e+01   0.0000000e+00
  -7.2000000e+01   7.2000000e+01   8.5000000e+01   1.0943450e+02   0.0000000e+00
  -7.2000000e+01   1.0800000e+02   8.5000000e+01  -1.0567856e+02   0.0000000e+00
  -7.2000000e+01   1.0800000e+02   8.5000000e+01   7.4321440e+01   0.0000000e+00
  -7.2000000e+01   1.4400000e+02   8.5000000e+01  -1.4395623e+02   0.0000000e+00
  -7.2000000e+01   1.4400000e+02   8.5000000e+01   3.6043770e+01   0.0000000e+00
  -7.2000000e+01   1.8000000e+02   8.5000000e+01   1.7770320e+02   0.0000000e+00
  -7.2000000e+01   1.8000000e+02   8.5000000e+01   3.5770320e+02   0.0000000e+00
  -3.6000000e+01  -1.8000000e+02   8.5000000e+01   1.7811759e+02   0.0000000e+00
  -3.6000000e+01  -1.8000000e+02   8.5000000e+01   3.5811759e+02   0.0000000e+00
  -3.6000000e+01  -1.4400000e+02   8.5000000e+01   1.4102155e+02   0.0000000e+00
  -3.6000000e+01  -1.4400000e+02   8.5000000e+01   3.2102155e+02   0.0000000e+00
  -3.6000000e+01  -1.0800000e+02   8.5000000e+01   1.0777496e+02   0.0000000e+00
  -3.6000000e+01  -1.0800000e+02   8.5000000e+01   2.8777496e+02   0.0000000e+00
  -3.6000000e+01  -7.2000000e+01   8.5000000e+01   7.4618197e+01   0.0000000e+00
  -3.6000000e+01  -7.2000000e+01   8.5000000e+01   2.5461820e+02   0.0000000e+00
  -3.6000000e+01  -3.6000000e+01   8.5000000e+01   3.7787510e+01   0.0000000e+00
  -3.6000000e+01  -3.6000000e+01   8.5000000e+01   2.1778751e+02   0.0000000e+00
  -3.6000000e+01   0.0000000e+00   8.5000000e+01  -1.7388034e+00   0.0000000e+00
  -3.6000000e+01   0.0000000e+00   8.5000000e+01   1.7826120e+02   0.0000000e+00
  -3.6000000e+01   3.6000000e+01   8.5000000e+01  -3.8640696e+01   0.0000000e+00
  -3.6000000e+01   3.6000000e+01   8.5000000e+01   1.4135930e+02   0.0000000e+00
  -3.6000000e+01   7.2000000e+01   8.5000000e+01  -7.1833681e+01   0.0000000e+00
  -3.6000000e+01   7.2000000e+01   8.5000000e+01   1.0816632e+02   0.0000000e+00
  -3.6000000e+01   1.0800000e+02   8.5000000e+01  -1.0504218e+02   0.0000000e+00
  -3.6000000e+01   1.0800000e+02   8.5000000e+01   7.4957824e+01   0.0000000e+00
  -3.6000000e+01   1.4400000e+02   8.5000000e+01  -1.4206445e+02   0.0000000e+00
  -3.6000000e+01   1.4400000e+02   8.5000000e+01   3.7935549e+01   0.0000000e+00
  -3.6000000e+01   1.8000000e+02   8.5000000e+01   1.7811759e+02   0.0000000e+00
  -3.6000000e+01   1.8000000e+02   8.5000000e+01   3.5811759e+02   0.0000000e+00
   0.0000000e+00  -1.8000000e+02   8.5000000e+01   1.8000000e+02   0.0000000e+00
   0.0000000e+00  -1.8000000e+02   8.5000000e+01   3.6000000e+02   0.0000000e+00
   0.0000000e+00  -1.4400000e+02   8.5000000e+01   1.4072087e+02   0.0000000e+00
   0.0000000e+00  -1.4400000e+02   8.5000000e+01   3.2072087e+02   0.0000000e+00
   0.0000000e+00  -1.0800000e+02   8.5000000e+01   1.0597804e+02   0.0000000e+00
   0.0000000e+00  -1.0800000e+02   8.5000000e+01   2.8597804e+02   0.0000000e+00
   0.0000000e+00  -7.2000000e+01   8.5000000e+01   7.3628180e+01   0.0000000e+00
   0.0000000e+00  -7.2000000e+01   8.5000000e+01   2.5362818e+02   0.0000000e+00
   0.0000000e+00  -3.6000000e+01   8.5000000e+01   3.9003894e+01   0.0000000e+00
   0.0000000e+00  -3.6000000e+01   8.5000000e+01   2.1900389e+02   0.0000000e+00
   0.0000000e+00   0.0000000e+00   8.5000000e+01  -0.0000000e+00   0.0000000e+00
   0.0000000e+00   0.0000000e+00   8.5000000e+01   1.8000000e+02   0.0000000e+00
   0.0000000e+00   3.6000000e+01   8.5000000e+01  -3.9003894e+01   0.0000000e+00
   0.0000000e+00   3.6000000e+01   8.5000000e+01   1.4099611e+02   0.0000000e+00
   0.0000000e+00   7.2000000e+01   8.5000000e+01  -7.3628180e+01   0.0000000e+00
   0.0000000e+00   7.2000000e+01   8.5000000e+01   1.0637182e+02   0.0000000e+00
   0.0000000e+00   1.0800000e+02   8.5000000e+01  -1.0597804e+02   0.0000000e+00
   0.0000000e+00   1.0800000e+02   8.5000000e+01   7.4021957e+01   0.0000000e+00
   0.0000000e+00   1.4400000e+02   8.5000000e+01  -1.4072087e+02   0.0000000e+00
   0.0000000e+00   1.4400000e+02   8.5000000e+01   3.9279128e+01   0.0000000e+00
   0.0000000e+00   1.8000000e+02   8.5000000e+01  -1.8000000e+02   0.0000000e+00
   0.0000000e+00   1.8000000e+02   8.5000000e+01   0.0000000e+00   0.0000000e+00
   3.6000000e+01  -1.8000000e+02   8.5000000e+01  -1.7811759e+02   0.0000000e+00
   3.6000000e+01  -1.8000000e+02   8.5000000e+01   1.8824108e+00   0.0000000e+00
   3.6000000e+01  -1.4400000e+02   8.5000000e+01   1.4206445e+02   0.0000000e+00
   3.6000000e+01  -1.4400000e+02   8.5000000e+01   3.2206445e+02   0.0000000e+00
   3.6000000e+01  -1.0800000e+02   8.5000000e+01   1.0504218e+02   0.0000000e+00
   3.6000000e+01  -1.0800000e+02   8.5000000e+01   2.8504218e+02   0.0000000e+00
   3.6000000e+01  -7.2000000e+01   8.5000000e+01   7.1833681e+01   0.0000000e+00
   3.6000000e+01  -7.2000000e+01   8.5000000e+01   2.5183368e+02   0.0000000e+00
   3.6000000e+01  -3.6000000e+01   8.5000000e+01   3.8640696e+01   0.0000000e+00
   3.6000000e+01  -3.6000000e+01   8.5000000e+01   2.1864070e+02   0.0000000e+00
   3.6000000e+01   0.0000000e+00   8.5000000e+01   1.7388034e+00   0.0000000e+00
   3.6000000e+01   0.0000000e+00   8.5000000e+01   1.8173880e+02   0.0000000e+00
   3.6000000e+01   3.6000000e+01   8.5000000e+01  -3.7787510e+01   0.0000000e+00
   3.6000000e+01   3.6000000e+01   8.5000000e+01   1.4221249e+02   0.0000000e+00
   3.6000000e+01   7.2000000e+01   8.5000000e+01  -7.4618197e+01   0.0000000e+00
   3.6000000e+01   7.2000000e+01   8.5000000e+01   1.0538180e+02   0.0000000e+00
   3.6000000e+01   1.0800000e+02   8.5000000e+01  -1.0777496e+02   0.0000000e+00
   3.6000000e+01   1.0800000e+02   8.5000000e+01   7.2225037e+01   0.0000000e+00
   3.6000000e+01   1.4400000e+02   8.5000000e+01  -1.4102155e+02   0.0000000e+00
   3.6000000e+01   1.4400000e+02   8.5000000e+01   3.8978455e+01   0.0000000e+00
   3.6000000e+01   1.8000000e+02   8.5000000e+01  -1.7811759e+02   0.0000000e+00
   3.6000000e+01   1.8000000e+02   8.5000000e+01   1.8824108e+00   0.0000000e+00
   7.2000000e+01  -1.8000000e+02   8.5000000e+01  -1.7770320e+02   0.0000000e+00
   7.2000000e+01  -1.8000000e+02   8.5000000e+01   2.2968035e+00   0.0000000e+00
   7.2000000e+01  -1.4400000e+02   8.5000000e+01   1.4395623e+02   0.0000000e+00
   7.2000000e+01  -1.4400000e+02   8.5000000e+01   3.2395623e+02   0.0000000e+00
   7.2000000e+01  -1.0800000e+02   8.5000000e+01   1.0567856e+02   0.0000000e+00
   7.2000000e+01  -1.0800000e+02   8.5000000e+01   2.8567856e+02   0.0000000e+00
   7.2000000e+01  -7.2000000e+01   8.5000000e+01   7.0565501e+01   0.0000000e+00
   7.2000000e+01  -7.2000000e+01   8.5000000e+01   2.5056550e+02   0.0000000e+00
   7.2000000e+01  -3.6000000e+01   8.5000000e+01   3.7165069e+01   0.0000000e+00
   7.2000000e+01  -3.6000000e+01   8.5000000e+01   2.1716507e+02   0.0000000e+00
   7.2000000e+01   0.0000000e+00   8.5000000e+01   2.0742461e+00   0.0000000e+00
   7.2000000e+01   0.0000000e+00   8.5000000e+01   1.8207425e+02   0.0000000e+00
   7.2000000e+01   3.6000000e+01   8.5000000e+01  -3.6040189e+01   0.0000000e+00
   7.2000000e+01   3.6000000e+01   8.5000000e+01   1.4395981e+02   0.0000000e+00
   7.2000000e+01   7.2000000e+01   8.5000000e+01  -7.4094031e+01   0.0000000e+00
   7.2000000e+01   7.2000000e+01   8.5000000e+01   1.0590597e+02   0.0000000e+00
   7.2000000e+01   1.0800000e+02   8.5000000e+01  -1.0910018e+02   0.0000000e+00
   7.2000000e+01   1.0800000e+02   8.5000000e+01   7.0899819e+01   0.0000000e+00
   7.2000000e+01   1.4400000e+02   8.5000000e+01  -1.4250201e+02   0.0000000e+00
   7.2000000e+01   1.4400000e+02   8.5000000e+01   3.7497990e+01   0.0000000e+00
   7.2000000e+01   1.8000000e+02   8.5000000e+01  -1.7770320e+02   0.0000000e+00
   7.2000000e+01   1.8000000e+02   8.5000000e+01   2.2968035e+00   0.0000000e+00
   1.0800000e+02  -1.8000000e+02   8.5000000e+01  -1.7865330e+02   0.0000000e+00
   1.0800000e+02  -1.8000000e+02   8.5000000e+01   1.3467022e+00   0.0000000e+00
   1.0800000e+02  -1.4400000e+02   8.5000000e+01   1.4480188e+02   0.0000000e+00
   1.0800000e+02  -1.4400000e+02   8.5000000e+01   3.2480188e+02   0.0000000e+00
   1.0800000e+02  -1.0800000e+02   8.5000000e+01   1.0715490e+02   0.0000000e+00
   1.0800000e+02  -1.0800000e+02   8.5000000e+01   2.8715490e+02   0.0000000e+00
   1.0800000e+02  -7.2000000e+01   8.5000000e+01   7.0668230e+01   0.0000000e+00
   1.0800000e+02  -7.2000000e+01   8.5000000e+01   2.5066823e+02   0.0000000e+00
   1.0800000e+02  -3.6000000e+01   8.5000000e+01   3.5891613e+01   0.0000000e+00
   1.0800000e+02  -3.6000000e+01   8.5000000e+01   2.1589161e+02   0.0000000e+00
   1.0800000e+02   0.0000000e+00   8.5000000e+01   1.1266311e+00   0.0000000e+00
   1.0800000e+02   0.0000000e+00   8.5000000e+01   1.8112663e+02   0.0000000e+00
   1.0800000e+02   3.6000000e+01   8.5000000e+01  -3.5284582e+01   0.0000000e+00
   1.0800000e+02   3.6000000e+01   8.5000000e+01   1.4471542e+02   0.0000000e+00
   1.0800000e+02   7.2000000e+01   8.5000000e+01  -7.2753494e+01   0.0000000e+00
   1.0800000e+02   7.2000000e+01   8.5000000e+01   1.0724651e+02   0.0000000e+00
   1.0800000e+02   1.0800000e+02   8.5000000e+01  -1.0910898e+02   0.0000000e+00
   1.0800000e+02   1.0800000e+02   8.5000000e+01   7.0891020e+01   0.0000000e+00
   1.0800000e+02   1.4400000e+02   8.5000000e+01  -1.4384289e+02   0.0000000e+00
   1.0800000e+02   1.4400000e+02   8.5000000e+01   3.6157107e+01   0.0000000e+00
   1.0800000e+02   1.8000000e+02   8.5000000e+01  -1.7865330e+02   0.0000000e+00
   1.0800000e+02   1.8000000e+02   8.5000000e+01   1.3467022e+00   0.0000000e+00
   1.4400000e+02  -1.8000000e+02   8.5000000e+01  -1.7969899e+02   0.0000000e+00
   1.4400000e+02  -1.8000000e+02   8.5000000e+01   3.0100611e-01   0.0000000e+00
   1.4400000e+02  -1.4400000e+02   8.5000000e+01   1.4441209e+02   0.0000000e+00
   1.4400000e+02  -1.4400000e+02   8.5000000e+01   3.2441209e+02   0.0000000e+00
   1.4400000e+02  -1.0800000e+02   8.5000000e+01   1.0799451e+02   0.0000000e+00
   1.4400000e+02  -1.0800000e+02   8.5000000e+01   2.8799451e+02   0.0000000e+00
   1.4400000e+02  -7.2000000e+01   8.5000000e+01   7.1584125e+01   0.0000000e+00
   1.4400000e+02  -7.2000000e+01   8.5000000e+01   2.5158412e+02   0.0000000e+00
   1.4400000e+02  -3.6000000e+01   8.5000000e+01   3.5706745e+01   0.0000000e+00
   1.4400000e+02  -3.6000000e+01   8.5000000e+01   2.1570674e+02   0.0000000e+00
   1.4400000e+02   0.0000000e+00   8.5000000e+01   1.6082982e-01   0.0000000e+00
   1.4400000e+02   0.0000000e+00   8.5000000e+01   1.8016083e+02   0.0000000e+00
   1.4400000e+02   3.6000000e+01   8.5000000e+01  -3.5675271e+01   0.0000000e+00
   1.4400000e+02   3.6000000e+01   8.5000000e+01   1.4432473e+02   0.0000000e+00
   1.4400000e+02   7.2000000e+01   8.5000000e+01  -7.2004524e+01   0.0000000e+00
   1.4400000e+02   7.2000000e+01   8.5000000e+01   1.0799548e+02   0.0000000e+00
   1.4400000e+02   1.0800000e+02   8.5000000e+01  -1.0832699e+02   0.0000000e+00
   1.4400000e+02   1.0800000e+02   8.5000000e+01   7.1673014e+01   0.0000000e+00
   1.4400000e+02   1.4400000e+02   8.5000000e+01  -1.4415252e+02   0.0000000e+00
   1.4400000e+02   1.4400000e+02   8.5000000e+01   3.5847478e+01   0.0000000e+00
   1.4400000e+02   1.8000000e+02   8.5000000e+01  -1.7969899e+02   0.0000000e+00
   1.4400000e+02   1.8000000e+02   8.5000000e+01   3.0100611e-01   0.0000000e+00
   1.8000000e+02  -1.8000000e+02   8.5000000e+01   1.8000000e+02   0.0000000e+00
   1.8000000e+02  -1.8000000e+02   8.5000000e+01   3.6000000e+02   0.0000000e+00
   1.8000000e+02  -1.4400000e+02   8.5000000e+01   1.4400000e+02   0.0000000e+00
   1.8000000e+02  -1.4400000e+02   8.5000000e+01   3.2400000e+02   0.0000000e+00
   1.8000000e+02  -1.0800000e+02   8.5000000e+01   1.0800000e+02   0.0000000e+00
   1.8000000e+02  -1.0800000e+02   8.5000000e+01   2.8800000e+02   0.0000000e+00
   1.8000000e+02  -7.2000000e+01   8.5000000e+01   7.2000000e+01   0.0000000e+00
   1.8000000e+02  -7.2000000e+01   8.5000000e+01   2.5200000e+02   0.0000000e+00
   1.8000000e+02  -3.6000000e+01   8.5000000e+01   3.6000000e+01   0.0000000e+00
   1.8000000e+02  -3.6000000e+01   8.5000000e+01   2.1600000e+02   0.0000000e+00
   1.8000000e+02   0.0000000e+00   8.5000000e+01  -0.0000000e+00   0.0000000e+00
   1.8000000e+02   0.0000000e+00   8.5000000e+01   1.8000000e+02   0.0000000e+00
   1.8000000e+02   3.6000000e+01   8.5000000e+01  -3.6000000e+01   0.0000000e+00
   1.8000000e+02   3.6000000e+01   8.5000000e+01   1.4400000e+02   0.0000000e+00
   1.8000000e+02   7.2000000e+01   8.5000000e+01  -7.2000000e+01   0.0000000e+00
   1.8000000e+02   7.2000000e+01   8.5000000e+01   1.0800000e+02   0.0000000e+00
   1.8000000e+02   1.0800000e+02   8.5000000e+01  -1.0800000e+02   0.0000000e+00
   1.8000000e+02   1.0800000e+02   8.5000000e+01   7.2000000e+01   0.0000000e+00
   1.8000000e+02   1.4400000e+02   8.5000000e+01  -1.4400000e+02   0.0000000e+00
   1.8000000e+02   1.4400000e+02   8.5000000e+01   3.6000000e+01   0.0000000e+00
   1.8000000e+02   1.8000000e+02   8.5000000e+01  -1.8000000e+02   0.0000000e+00
   1.8000000e+02   1.8000000e+02   8.5000000e+01   0.0000000e+00   0.0000000e+00
