51.054000	-23.188500	-0.139878	186.780000	-0.681180	0.109365	0.723901
102.108000	-23.502000	-0.231852	186.807000	-0.679517	0.105240	0.726073
153.130000	-23.162400	0.007451	187.007000	-0.678614	0.103087	0.727225
204.196000	-22.729400	0.308826	187.346000	-0.678383	0.104817	0.727193
255.288000	-22.780200	0.262839	187.407000	-0.677926	0.103539	0.727802
306.350000	-22.780200	0.273284	187.305000	-0.677467	0.100772	0.728618
357.417000	-22.780200	0.287138	187.169000	-0.676785	0.096827	0.729785
408.495000	-22.784000	0.287720	187.136000	-0.676332	0.094696	0.730484
459.605000	-22.964800	0.148412	187.122000	-0.676098	0.093748	0.730823
510.689000	-23.144200	0.011095	187.105000	-0.675641	0.091879	0.731483
561.790000	-23.247500	-0.060497	187.030000	-0.675175	0.089400	0.732220
612.953000	-23.324100	-0.115206	186.991000	-0.674492	0.086336	0.733217
664.003000	-23.351400	-0.136003	186.988000	-0.674044	0.084524	0.733840
715.001000	-23.427900	-0.193932	186.982000	-0.674044	0.084524	0.733840
766.201000	-23.454700	-0.214315	186.981000	-0.674051	0.084560	0.733830
817.116000	-23.506500	-0.256953	187.010000	-0.674280	0.085780	0.733477
868.225000	-23.557000	-0.296021	187.005000	-0.674506	0.086668	0.733165
919.440000	-23.547300	-0.346037	186.967000	-0.674604	0.085901	0.733163
970.603000	-23.493500	-1.026690	186.894000	-0.675607	0.079691	0.732941
1021.493000	-23.420500	-1.883680	186.803000	-0.676622	0.071204	0.732876
1072.573000	-23.388700	-3.078490	186.641000	-0.678010	0.060251	0.732577
1123.780000	-23.117800	-4.396630	186.502000	-0.680154	0.049253	0.731410
1174.913000	-22.841100	-5.565350	186.378000	-0.681930	0.039328	0.730358
1226.062000	-22.563000	-6.599800	186.265000	-0.683399	0.030360	0.729410
1277.114000	-22.257300	-7.824590	186.061000	-0.684971	0.019281	0.728312
1328.118000	-21.862200	-8.897760	185.904000	-0.686277	0.009081	0.727278
1379.400000	-21.363200	-10.254500	185.598000	-0.687432	-0.005435	0.726219
1430.270000	-20.652400	-11.956900	185.182000	-0.689374	-0.022222	0.724061
1481.353000	-19.955300	-13.465200	184.934000	-0.691951	-0.033721	0.721149
1532.424000	-19.081600	-15.332600	184.644000	-0.694510	-0.048747	0.717823
1583.524000	-18.212200	-17.070300	184.405000	-0.696359	-0.063334	0.714887
1634.533000	-17.197700	-18.828600	184.119000	-0.698312	-0.078360	0.711483
1685.642000	-16.002300	-20.522400	183.837000	-0.699452	-0.094829	0.708345
1736.743000	-14.450900	-22.263700	183.493000	-0.698711	-0.116329	0.705861
1787.842000	-12.712500	-24.019200	182.935000	-0.696363	-0.141824	0.703521
1838.936000	-10.911000	-25.538400	182.437000	-0.694423	-0.164025	0.700610
1889.934000	-8.922190	-26.633700	182.030000	-0.692590	-0.183332	0.697635
1941.009000	-6.779800	-26.904000	181.763000	-0.689038	-0.199842	0.696616
1992.084000	-5.053340	-26.998300	181.480000	-0.678133	-0.212359	0.703567
2043.347000	-3.359650	-27.055600	181.294000	-0.660273	-0.222080	0.717419
2094.415000	-1.856460	-27.136700	181.190000	-0.642938	-0.228100	0.731154
2145.589000	-0.640977	-27.293100	181.081000	-0.630405	-0.234578	0.739969
2196.559000	0.512082	-27.455300	181.015000	-0.621857	-0.242507	0.744631
2247.655000	1.667350	-27.525200	181.003000	-0.613404	-0.248065	0.749795
2298.724000	2.769100	-27.590700	180.951000	-0.606020	-0.253682	0.753908
2349.855000	4.023750	-27.543300	180.958000	-0.597336	-0.260522	0.758493
2400.937000	5.303550	-27.463400	180.968000	-0.590374	-0.266446	0.761879
2452.024000	6.722540	-27.421700	180.973000	-0.582499	-0.270804	0.766390
2503.116000	8.208970	-27.501300	180.966000	-0.573824	-0.273733	0.771873
2554.213000	9.747150	-27.413400	181.021000	-0.565374	-0.275715	0.777386
2605.303000	11.203900	-27.300500	181.046000	-0.558256	-0.277222	0.781980
2656.412000	12.686500	-27.141900	181.203000	-0.550609	-0.275040	0.788143
2707.489000	13.992400	-27.005100	181.309000	-0.541139	-0.268953	0.796755
2758.618000	14.958400	-26.983100	181.361000	-0.533104	-0.261317	0.804677
2809.730000	15.485100	-26.448800	181.528000	-0.529768	-0.252318	0.809736
2860.783000	16.052300	-25.806300	181.769000	-0.525717	-0.242970	0.815208
2911.886000	16.799200	-25.014500	182.263000	-0.521362	-0.227493	0.822435
2963.282000	17.634600	-25.362800	182.454000	-0.515933	-0.209924	0.830481
3016.085000	18.248400	-25.020900	182.807000	-0.516677	-0.184759	0.835960
3067.356000	18.579500	-24.875800	183.011000	-0.519596	-0.157440	0.839719
3118.209000	19.106400	-24.131200	183.316000	-0.525302	-0.126587	0.841353
3169.429000	19.841900	-23.113400	183.583000	-0.531128	-0.088186	0.842565
3220.511000	20.316800	-22.420200	183.625000	-0.537789	-0.045023	0.841749
3271.579000	20.805400	-21.696800	183.708000	-0.547163	-0.003196	0.836905
3322.579000	20.949100	-21.481700	183.750000	-0.556327	0.035241	0.830142
3373.691000	21.302600	-20.957200	183.935000	-0.562658	0.065773	0.824015
3424.764000	21.561700	-20.562100	184.049000	-0.561025	0.092948	0.822522
3475.861000	22.135900	-19.643000	184.069000	-0.556316	0.116703	0.822691
3526.954000	22.820400	-18.430400	183.864000	-0.551421	0.140675	0.822241
3578.022000	23.491900	-16.701700	183.681000	-0.549995	0.164901	0.818657
3629.161000	23.879600	-14.385700	183.502000	-0.546536	0.196985	0.813802
3680.231000	23.889300	-12.304700	183.257000	-0.538377	0.240563	0.807398
3731.289000	23.683600	-10.152100	183.111000	-0.526978	0.295605	0.796507
3782.546000	23.796000	-7.918270	183.037000	-0.514493	0.356647	0.779376
3833.465000	23.937600	-6.189980	183.189000	-0.497103	0.424232	0.756427
3884.515000	23.773900	-5.621500	183.301000	-0.472057	0.490663	0.732017
3935.669000	23.617200	-5.011670	183.387000	-0.449137	0.545450	0.707446
3986.762000	23.889600	-4.432400	183.452000	-0.435088	0.583670	0.685460
4037.958000	24.308900	-3.403670	183.505000	-0.426592	0.612986	0.664893
4088.917000	24.578600	-2.726570	183.601000	-0.418169	0.641451	0.643058
4139.985000	24.855100	-2.017580	183.723000	-0.414086	0.666217	0.620128
4191.150000	24.975200	-1.681090	183.913000	-0.411993	0.687368	0.598086
4242.335000	25.155900	-0.983084	184.168000	-0.413976	0.701932	0.579546
4293.352000	25.499400	0.004612	184.619000	-0.416561	0.712036	0.565186
4344.533000	25.700900	0.496494	185.393000	-0.417889	0.722632	0.550586
4395.556000	25.933500	1.071350	186.313000	-0.417426	0.731285	0.539399
4446.629000	26.101200	1.384930	187.480000	-0.417312	0.739360	0.528376
4497.852000	26.397000	2.236540	188.418000	-0.418505	0.743961	0.520936
4548.779000	26.686100	3.182160	188.553000	-0.422287	0.741614	0.521200
4599.781000	26.758700	3.437320	188.671000	-0.438144	0.734365	0.518293
4650.873000	26.819600	3.739470	188.621000	-0.464237	0.719324	0.516576
4702.001000	26.849200	3.982920	188.654000	-0.496801	0.698839	0.514400
4753.051000	26.845400	5.056420	188.670000	-0.525957	0.676562	0.515289
4804.162000	26.575900	6.500420	188.806000	-0.546659	0.659455	0.515970
4855.236000	26.153500	8.051340	188.973000	-0.562005	0.645745	0.516807
4906.313000	25.865500	9.595850	189.139000	-0.580618	0.629743	0.515904
4957.429000	25.820400	10.965500	189.464000	-0.604531	0.610080	0.512107
5008.527000	25.868800	11.864600	190.078000	-0.623285	0.595022	0.507346
5059.593000	25.407000	12.445800	191.020000	-0.638895	0.583602	0.501175
5110.832000	24.537500	13.441800	191.690000	-0.651640	0.569332	0.501124
5161.915000	23.631800	14.187400	192.449000	-0.667828	0.550137	0.501287
5212.995000	22.816300	14.855400	193.269000	-0.680352	0.533350	0.502592
5264.364000	22.321400	15.105600	194.313000	-0.692030	0.517501	0.503222
5315.200000	21.747400	15.426700	195.357000	-0.699397	0.501243	0.509458
5366.257000	21.310000	15.912200	196.472000	-0.704324	0.485842	0.517541
5417.346000	20.653600	16.471500	197.716000	-0.706260	0.473717	0.526085
5468.504000	19.946800	17.215600	198.867000	-0.709462	0.463509	0.530863
5519.530000	19.233300	17.748400	199.896000	-0.710745	0.457443	0.534391
5570.645000	18.500300	18.245100	200.815000	-0.715417	0.449987	0.534494
5621.676000	17.912100	18.645000	201.652000	-0.718171	0.444365	0.535500
5672.716000	17.410500	19.037700	202.573000	-0.720033	0.437688	0.538493
5723.814000	17.025500	19.463900	203.598000	-0.720853	0.432852	0.541302
5774.891000	16.443800	19.778700	204.626000	-0.723243	0.429892	0.540471
5826.018000	15.230600	19.841900	205.442000	-0.726804	0.429051	0.536337
5877.096000	13.698800	19.706800	206.070000	-0.733175	0.426445	0.529697
5928.178000	11.936100	19.650200	206.728000	-0.741422	0.422260	0.521492
5979.274000	10.251600	19.731400	207.558000	-0.750206	0.418168	0.512170
6030.483000	8.258740	19.871700	208.207000	-0.755331	0.416016	0.506350
6081.515000	6.225550	19.991700	208.830000	-0.761518	0.412482	0.499936
6132.585000	3.937450	20.131700	209.358000	-0.766775	0.408438	0.495207
6183.666000	1.633250	20.400000	209.927000	-0.769861	0.406487	0.492015
6234.783000	-0.576975	20.683300	210.505000	-0.772800	0.402356	0.490790
6285.872000	-2.513740	21.008100	210.965000	-0.777607	0.393171	0.490629
6337.078000	-4.585040	21.329900	211.113000	-0.783433	0.384106	0.488559
6388.141000	-6.580180	21.754600	211.275000	-0.786542	0.383180	0.484273
6439.237000	-8.440440	22.189100	211.398000	-0.787619	0.386130	0.480163
6490.310000	-10.201300	22.631700	211.374000	-0.787929	0.389184	0.477180
6541.394000	-11.931700	23.053900	211.285000	-0.788789	0.390195	0.474924
6592.475000	-13.712200	23.535100	211.155000	-0.785824	0.395292	0.475624
6643.581000	-15.498300	24.073800	210.995000	-0.782884	0.398375	0.477903
6694.630000	-16.970000	24.553600	210.860000	-0.783881	0.396498	0.477825
6745.720000	-18.049900	24.812000	210.726000	-0.785386	0.392079	0.479000
6796.789000	-18.819200	24.974000	210.584000	-0.785196	0.389857	0.481119
6847.941000	-19.283400	25.112200	210.561000	-0.782977	0.388685	0.485648
6898.968000	-19.367300	25.162400	210.587000	-0.781910	0.380330	0.493877
6950.063000	-19.243900	25.214900	210.574000	-0.782529	0.364183	0.504865
7001.114000	-18.777100	25.421400	210.515000	-0.783514	0.338781	0.520640
7052.189000	-17.986000	25.647200	210.370000	-0.784930	0.302019	0.540568
7103.246000	-17.033200	25.624300	210.090000	-0.784905	0.254914	0.564240
7154.349000	-15.889600	25.145600	209.988000	-0.784829	0.203337	0.585013
7205.413000	-14.592300	24.536100	209.952000	-0.783976	0.155384	0.600664
7256.527000	-13.043900	23.315100	210.124000	-0.780585	0.108541	0.615237
7307.753000	-11.333800	21.839600	210.398000	-0.771388	0.063899	0.632711
7358.978000	-9.673680	20.078100	210.819000	-0.754294	0.015148	0.655857
7409.818000	-8.259400	18.677400	211.154000	-0.732518	-0.035255	0.679380
7460.920000	-7.221550	17.629000	211.384000	-0.708802	-0.085706	0.699687
7512.057000	-6.372650	16.561300	211.525000	-0.681782	-0.139513	0.717588
7563.176000	-5.284080	15.447100	211.597000	-0.650064	-0.195292	0.733760
7614.513000	-3.660020	13.876900	211.784000	-0.614405	-0.251455	0.747326
7665.359000	-1.598140	11.467000	212.049000	-0.579194	-0.302685	0.756504
7716.500000	0.435752	8.877340	212.358000	-0.544679	-0.347804	0.762746
7767.613000	2.317690	6.567580	212.818000	-0.506769	-0.388011	0.769448
7818.568000	3.914380	4.531130	213.212000	-0.467706	-0.428134	0.772869
7869.604000	5.311890	2.702720	213.507000	-0.427723	-0.468568	0.772630
7920.697000	6.614400	0.827821	213.894000	-0.388052	-0.504073	0.771253
7971.782000	7.846620	-0.993135	214.371000	-0.347421	-0.533628	0.770793
8022.834000	9.181790	-2.907870	215.063000	-0.304369	-0.557562	0.771940
8073.960000	10.452500	-5.002640	215.783000	-0.256873	-0.583527	0.770095
8125.088000	11.391800	-6.853570	216.551000	-0.214663	-0.608400	0.763748
8176.140000	12.377100	-9.083660	217.187000	-0.174441	-0.634279	0.752854
8227.213000	12.788300	-11.128600	217.774000	-0.139513	-0.662124	0.736058
8278.314000	12.337500	-13.104900	218.287000	-0.113448	-0.687114	0.717465
8329.415000	11.392300	-14.719500	218.612000	-0.097574	-0.707835	0.699554
8380.816000	10.750500	-15.619900	218.645000	-0.090266	-0.720094	0.687945
8431.629000	10.347800	-16.232800	218.403000	-0.086142	-0.730074	0.677896
8482.619000	10.251000	-16.404300	218.230000	-0.082227	-0.737174	0.670673
8533.705000	10.164300	-16.532100	218.185000	-0.079530	-0.741082	0.666687
8584.944000	9.881750	-16.900300	218.236000	-0.078779	-0.742539	0.665151
8636.020000	9.325300	-17.639500	218.403000	-0.084218	-0.745440	0.661194
8687.240000	8.480050	-18.863500	218.678000	-0.097791	-0.751010	0.652953
8738.204000	7.591850	-20.122800	218.961000	-0.113511	-0.757123	0.643270
8789.221000	6.647630	-21.181400	219.173000	-0.128596	-0.760290	0.636720
8840.284000	5.496320	-22.293200	219.307000	-0.136506	-0.761636	0.633438
8891.429000	4.248770	-23.282200	219.319000	-0.147960	-0.764052	0.627931
8942.512000	3.236370	-24.280400	219.275000	-0.159301	-0.767184	0.621299
8993.718000	2.241770	-25.243800	219.293000	-0.168459	-0.769251	0.616339
9044.735000	1.004390	-26.361800	219.455000	-0.168122	-0.769465	0.616159
9095.842000	-0.597905	-27.651700	219.714000	-0.163108	-0.768115	0.619180
9146.847000	-2.440390	-28.898900	220.074000	-0.159418	-0.765849	0.622945
9197.935000	-4.465860	-30.064700	220.619000	-0.160185	-0.763866	0.625173
9249.046000	-6.546740	-30.995100	221.352000	-0.163992	-0.761095	0.627562
9300.295000	-8.153840	-31.786100	221.998000	-0.170161	-0.760205	0.626994
9351.274000	-9.095160	-32.081400	222.376000	-0.177709	-0.758868	0.626519
9402.252000	-9.418630	-32.010400	222.431000	-0.184887	-0.758880	0.624429
9453.277000	-9.416350	-31.711900	222.362000	-0.188247	-0.759027	0.623250
9504.371000	-9.188100	-31.493700	222.296000	-0.186208	-0.759212	0.623636
9555.577000	-8.902180	-31.254400	222.206000	-0.184571	-0.759243	0.624086
9606.660000	-8.716970	-31.008200	222.119000	-0.185621	-0.758520	0.624651
9657.766000	-8.666830	-30.699700	221.905000	-0.189691	-0.758052	0.623994
9708.882000	-8.597060	-30.174300	221.480000	-0.195715	-0.757480	0.622819
9759.974000	-8.524760	-29.470700	220.883000	-0.204198	-0.756883	0.620818
9811.041000	-8.246760	-28.615500	220.172000	-0.212678	-0.755962	0.619091
9862.150000	-7.734810	-27.833900	219.241000	-0.219442	-0.757182	0.615233
9913.206000	-7.171860	-27.032400	218.235000	-0.225034	-0.758357	0.611755
9964.410000	-6.750500	-26.114200	217.237000	-0.233157	-0.756822	0.610598
10015.410000	-6.617970	-25.204400	216.311000	-0.245967	-0.751940	0.611564
10066.466000	-6.798170	-24.276700	215.544000	-0.261170	-0.746793	0.611611
10117.565000	-6.883180	-23.767600	214.826000	-0.270091	-0.744433	0.610622
10168.649000	-7.101950	-23.295700	214.373000	-0.279219	-0.739705	0.612218
10219.703000	-7.462130	-22.780800	214.207000	-0.292010	-0.728385	0.619726
10270.812000	-7.544000	-22.655500	214.155000	-0.304513	-0.710880	0.633825
10321.867000	-7.581060	-22.551300	214.122000	-0.323502	-0.690955	0.646298
10372.969000	-7.645400	-22.426100	213.985000	-0.346522	-0.673188	0.653145
10424.043000	-7.684470	-22.383200	213.680000	-0.369318	-0.660048	0.654047
10475.121000	-7.814840	-22.261000	213.288000	-0.391612	-0.644459	0.656621
10526.397000	-7.978330	-22.097000	212.845000	-0.413022	-0.627894	0.659545
10577.323000	-8.091400	-22.090300	212.328000	-0.434801	-0.613290	0.659311
10628.389000	-8.411890	-22.182500	211.664000	-0.458148	-0.598184	0.657274
10679.615000	-8.986570	-22.494800	210.910000	-0.484625	-0.576630	0.657567
10730.819000	-9.507040	-23.049300	210.068000	-0.509094	-0.551362	0.660662
10781.932000	-9.992560	-23.512500	209.372000	-0.535043	-0.523279	0.663042
10832.834000	-10.727800	-23.793900	208.831000	-0.559103	-0.497712	0.662887
10883.885000	-12.028100	-23.573000	208.449000	-0.584603	-0.472164	0.659509
10934.934000	-13.790200	-23.048900	208.091000	-0.610345	-0.442772	0.656581
10986.147000	-15.691000	-22.873700	207.626000	-0.635022	-0.412847	0.652654
11037.126000	-17.382200	-22.658200	207.197000	-0.660657	-0.375703	0.649342
11088.107000	-18.513900	-21.826200	206.959000	-0.690066	-0.326507	0.645321
11139.222000	-18.784200	-21.521000	206.550000	-0.720799	-0.275448	0.635330
11190.268000	-18.779200	-21.547400	206.381000	-0.753537	-0.218430	0.619059
11241.392000	-18.789600	-21.530300	206.364000	-0.788804	-0.157942	0.592908
11292.553000	-18.903800	-21.583700	206.341000	-0.822368	-0.101249	0.558867
11343.567000	-19.507300	-21.816700	206.365000	-0.850729	-0.052868	0.522138
11394.651000	-20.744900	-22.375000	206.421000	-0.872919	-0.014508	0.487097
11445.884000	-22.147900	-23.033400	206.550000	-0.889895	0.015364	0.455451
11497.073000	-23.316900	-23.053300	206.682000	-0.902261	0.042909	0.428700
11547.895000	-24.628300	-22.668800	206.609000	-0.910584	0.068499	0.407336
11598.968000	-26.427200	-22.737300	206.486000	-0.916822	0.087518	0.389476
11650.077000	-27.848300	-23.095600	206.495000	-0.921743	0.100474	0.374401
11701.332000	-29.104800	-22.993900	206.500000	-0.924966	0.114751	0.362267
11752.421000	-29.969300	-23.025800	206.531000	-0.926502	0.121714	0.356054
11803.442000	-30.303200	-22.914400	206.536000	-0.927001	0.125494	0.353433
11854.555000	-30.345500	-22.717600	206.544000	-0.926824	0.128986	0.352646
11905.573000	-30.288200	-22.345900	206.506000	-0.926399	0.133059	0.352225
11956.716000	-30.284200	-21.797900	206.434000	-0.924723	0.144339	0.352127
12007.870000	-30.328000	-21.492600	206.360000	-0.920622	0.165004	0.353592
12059.006000	-30.276500	-20.999900	206.282000	-0.911913	0.201760	0.356475
12109.994000	-30.291900	-20.423300	206.224000	-0.895431	0.257562	0.361600
12161.131000	-30.471700	-20.024200	206.200000	-0.870077	0.326222	0.367465
12212.201000	-30.562500	-19.848400	206.209000	-0.836855	0.398445	0.373470
12263.338000	-30.593800	-19.820000	206.286000	-0.800194	0.463699	0.378881
12314.287000	-30.585400	-19.765500	206.414000	-0.762858	0.518834	0.384611
12365.336000	-30.520900	-19.589600	206.491000	-0.722903	0.568820	0.390936
12416.397000	-30.528300	-19.200700	206.626000	-0.676969	0.618730	0.397099
12467.477000	-30.761400	-18.658500	206.595000	-0.625775	0.666652	0.403569
12518.586000	-31.052800	-18.033500	206.544000	-0.574470	0.708920	0.408033
12569.643000	-31.322200	-17.319800	206.494000	-0.520525	0.747619	0.410981
12620.762000	-31.662300	-16.155200	206.432000	-0.461395	0.785043	0.412036
12671.878000	-32.109600	-14.980600	206.423000	-0.403115	0.816193	0.412719
12722.876000	-32.755900	-13.819100	206.337000	-0.349018	0.839745	0.415239
12774.082000	-33.521800	-12.787300	206.295000	-0.305001	0.855915	0.417098
12825.232000	-34.002600	-11.891400	206.269000	-0.268066	0.868083	0.417486
12876.403000	-34.178800	-11.292500	206.218000	-0.234457	0.878398	0.416092
12927.378000	-34.266300	-10.934400	206.278000	-0.199100	0.887884	0.414358
12978.527000	-34.306500	-10.867600	206.467000	-0.164701	0.894234	0.415897
13029.522000	-34.341800	-10.867000	206.631000	-0.135059	0.895042	0.424795
13080.796000	-34.330300	-10.845800	206.763000	-0.109378	0.892465	0.437453
13131.688000	-34.289700	-10.810500	206.884000	-0.086672	0.890115	0.447296
13182.824000	-34.254700	-10.770400	207.066000	-0.065796	0.889835	0.451392
13233.938000	-34.208400	-10.711900	207.349000	-0.043711	0.890044	0.453629
13285.000000	-34.092400	-10.634100	207.489000	-0.019521	0.888443	0.458387
13336.001000	-33.895500	-10.524500	207.537000	0.004317	0.885589	0.464324
13387.148000	-33.452900	-10.319000	207.535000	0.023906	0.881805	0.470912
13438.170000	-32.542200	-9.901680	207.482000	0.039251	0.878142	0.476744
13489.205000	-31.253200	-9.273620	207.418000	0.052842	0.876066	0.479223
13540.464000	-29.911300	-8.564290	207.538000	0.069894	0.876496	0.476210
13591.373000	-28.315800	-7.625990	207.749000	0.091384	0.877778	0.470092
13642.488000	-26.646600	-6.561690	207.925000	0.118713	0.878130	0.463214
13693.623000	-25.156000	-5.510320	208.159000	0.145945	0.877667	0.456347
13744.690000	-23.981300	-4.648170	208.328000	0.168354	0.875768	0.452312
13795.772000	-23.137800	-3.972000	208.690000	0.184070	0.875282	0.447179
13847.117000	-22.297900	-3.378930	208.810000	0.195899	0.874343	0.443958
13898.052000	-21.375000	-2.821040	208.762000	0.210131	0.872747	0.440567
13949.154000	-20.255000	-2.099680	208.674000	0.224738	0.871282	0.436239
14000.257000	-18.789400	-1.266000	208.563000	0.240289	0.868169	0.434127
14051.309000	-17.319400	-0.594640	208.701000	0.257981	0.863897	0.432478
14102.403000	-15.837900	0.153523	208.934000	0.281488	0.857632	0.430099
14153.457000	-14.313000	1.002510	208.859000	0.311662	0.847846	0.428693
14204.542000	-12.914300	1.810170	208.846000	0.340739	0.839044	0.423899
14255.791000	-11.714800	2.385510	209.071000	0.364808	0.832749	0.416334
14306.642000	-10.737500	2.875670	209.289000	0.381146	0.828217	0.410779
14357.731000	-9.840520	3.272330	209.454000	0.391695	0.824504	0.408350
14408.849000	-9.032730	3.494220	209.890000	0.401340	0.821979	0.404013
14459.901000	-8.528730	3.756940	210.497000	0.416138	0.816886	0.399281
14511.021000	-8.041740	4.167120	210.741000	0.434783	0.805845	0.401772
14562.031000	-7.411870	4.873650	210.683000	0.455929	0.790581	0.408532
14613.312000	-6.603480	5.873220	210.595000	0.479382	0.774839	0.411871
14664.359000	-5.645130	7.011390	210.455000	0.500479	0.762396	0.410068
14715.328000	-4.738440	7.921000	210.445000	0.514087	0.756306	0.404595
14766.297000	-4.042670	8.542760	210.774000	0.520903	0.754152	0.399872
14817.335000	-3.685380	8.983210	211.741000	0.528909	0.751599	0.394101
14868.564000	-3.038160	8.566810	212.887000	0.531888	0.750724	0.391785
14919.556000	-1.528050	7.273110	213.393000	0.526291	0.749686	0.401141
14970.839000	0.321893	5.744140	213.547000	0.519341	0.744388	0.419556
15021.946000	2.065600	4.082860	213.431000	0.514861	0.733563	0.443358
15073.016000	3.583400	2.985700	213.392000	0.515821	0.719244	0.465310
15124.119000	5.056500	2.602330	213.819000	0.520147	0.706227	0.480190
15175.219000	5.859040	2.984770	214.518000	0.530080	0.692052	0.489890
15226.269000	6.292740	3.672940	215.197000	0.532474	0.684110	0.498411
15277.433000	6.771220	4.114290	215.690000	0.517706	0.688947	0.507125
15328.448000	6.951570	4.356400	216.393000	0.488642	0.705312	0.513106
15379.529000	6.989310	4.701040	217.296000	0.450659	0.728194	0.515886
15430.590000	6.979520	4.936430	218.294000	0.413810	0.750264	0.515225
15481.661000	6.996590	5.157520	219.145000	0.386039	0.764614	0.515984
15532.744000	7.101200	5.067500	219.609000	0.369501	0.769316	0.521101
15583.707000	7.453420	4.449250	219.798000	0.356629	0.770395	0.528462
15634.712000	7.792540	3.908000	219.963000	0.350659	0.769803	0.533321
15685.796000	7.859020	3.808790	219.994000	0.352711	0.765095	0.538706
15736.932000	7.883490	3.772430	220.005000	0.357004	0.759398	0.543916
15787.974000	7.928360	3.705830	220.025000	0.359159	0.755607	0.547778
15839.082000	7.955560	3.665530	220.038000	0.359567	0.754753	0.548689
15890.251000	7.980880	3.652010	220.042000	0.359628	0.755256	0.547955
15941.225000	8.007100	3.640300	220.045000	0.359367	0.755438	0.547876
15992.319000	8.024840	3.614090	220.053000	0.359656	0.754916	0.548406
16043.591000	8.119200	3.451410	220.103000	0.358618	0.755366	0.548464
16094.677000	8.280870	3.216780	220.192000	0.355536	0.757989	0.546843
16145.732000	8.682670	2.672810	220.377000	0.347403	0.764239	0.543307
16197.055000	9.463810	1.579300	220.712000	0.333450	0.773317	0.539177
16247.941000	10.360300	0.347447	221.089000	0.319137	0.780866	0.536977
16299.031000	11.065300	-0.599220	221.379000	0.310529	0.782053	0.540321
16350.133000	11.468000	-1.088180	221.529000	0.308159	0.776929	0.548984
16401.149000	11.745400	-1.405820	221.645000	0.309215	0.769088	0.559319
16452.273000	11.884100	-1.485560	221.836000	0.312871	0.762225	0.566669
16503.337000	11.918800	-1.402460	222.005000	0.317000	0.756997	0.571352
16554.468000	12.236500	-1.595790	222.104000	0.317496	0.753952	0.575107
16605.485000	12.767900	-2.049830	222.246000	0.315056	0.752668	0.578122
16656.535000	13.182600	-2.480480	222.437000	0.316599	0.749228	0.581733
16707.603000	13.827300	-2.971010	222.706000	0.318022	0.746261	0.584767
16758.731000	14.752200	-3.463430	222.920000	0.315727	0.744908	0.587726
16809.790000	15.744200	-3.800110	223.025000	0.312130	0.744694	0.589917
16860.845000	16.765200	-4.058300	223.107000	0.309522	0.744248	0.591851
16911.951000	17.627300	-4.199190	223.151000	0.308318	0.742528	0.594633
16963.064000	18.187900	-4.378050	223.227000	0.307905	0.740919	0.596853
17014.048000	18.542300	-4.518110	223.291000	0.307295	0.740623	0.597535
17065.105000	18.785500	-4.548800	223.300000	0.306031	0.741198	0.597469
17116.338000	19.274300	-4.492200	223.461000	0.302999	0.743966	0.595561
17167.404000	19.768700	-4.167210	223.833000	0.300882	0.747929	0.591663
17218.470000	19.878500	-3.848460	224.323000	0.299016	0.751472	0.588107
17269.533000	19.885700	-3.693120	224.746000	0.291138	0.755727	0.586580
17320.631000	19.873500	-3.849640	225.016000	0.271774	0.762998	0.586320
17371.624000	20.233600	-4.396750	225.281000	0.237253	0.775889	0.584120
17422.734000	20.623400	-4.778540	225.449000	0.200551	0.789092	0.580376
17473.842000	20.850200	-4.935720	225.543000	0.171442	0.798110	0.577437
17524.954000	21.042100	-4.992090	225.767000	0.147450	0.804863	0.574743
17576.017000	21.246900	-4.944490	226.178000	0.119952	0.813248	0.569135
17627.129000	21.537300	-4.819250	226.537000	0.088116	0.822354	0.561886
17678.243000	21.908800	-4.477360	226.742000	0.058697	0.830875	0.553124
17729.559000	22.268900	-4.061110	226.833000	0.034763	0.839757	0.541713
17780.413000	22.567800	-3.616000	226.878000	0.013575	0.849577	0.527065
17831.510000	22.919100	-3.291880	227.083000	-0.008338	0.859936	0.510136
17882.651000	23.199500	-3.118110	227.403000	-0.027532	0.866745	0.497895
17933.761000	23.408600	-3.002870	227.679000	-0.040813	0.868674	0.493677
17984.749000	23.499400	-2.932800	227.811000	-0.048620	0.867004	0.495906
18035.889000	23.512500	-2.886480	227.853000	-0.054274	0.864471	0.499735
18086.833000	23.512500	-2.880220	227.870000	-0.060026	0.862771	0.502007
18138.019000	23.537600	-2.902250	227.878000	-0.065777	0.862932	0.501011
18189.020000	23.560100	-2.901150	227.942000	-0.069328	0.864655	0.497554
18240.140000	23.560100	-2.882360	227.992000	-0.070347	0.865532	0.495888
18291.194000	23.560100	-2.882360	227.992000	-0.069056	0.865336	0.496410
18342.298000	23.560100	-2.868240	228.030000	-0.067149	0.864940	0.497362
18393.367000	23.572700	-2.838570	228.142000	-0.066081	0.865408	0.496690
18444.470000	23.596500	-2.777270	228.367000	-0.066640	0.867282	0.493330
18495.476000	23.728000	-2.797930	228.721000	-0.066350	0.868396	0.491411
18546.706000	23.515200	-3.055910	229.144000	-0.052029	0.861189	0.505334
18597.771000	23.256200	-3.404600	229.542000	-0.034576	0.851786	0.522662
18648.700000	23.221600	-3.585380	229.570000	-0.017713	0.841183	0.540259
18699.742000	23.225500	-3.691220	229.275000	-0.003991	0.830895	0.556336
18750.837000	23.261200	-3.914510	228.740000	0.003064	0.822759	0.568340
18801.909000	23.623300	-4.831040	227.842000	0.001864	0.813735	0.581172
18853.009000	24.116100	-7.023120	226.474000	-0.007538	0.801704	0.597551
18904.123000	24.548700	-9.876350	225.094000	-0.020157	0.789826	0.612909
18955.166000	25.039200	-12.077800	224.188000	-0.032390	0.782095	0.622276
19006.268000	25.091900	-13.317500	223.867000	-0.037130	0.778127	0.627005
19057.347000	25.006500	-13.665200	223.831000	-0.035836	0.776132	0.629550
19108.423000	25.000900	-13.667400	223.860000	-0.036090	0.775712	0.630054
19159.523000	25.000900	-13.685900	223.796000	-0.038348	0.775522	0.630153
19210.732000	25.000900	-13.698000	223.754000	-0.041967	0.776295	0.628967
