0.000000	20.598777	0.396363	184.789692	-0.593808	0.079260	0.800693
41.988000	20.750543	0.565344	184.862286	-0.593587	0.080100	0.800774
84.240000	20.905387	0.731510	184.932933	-0.593342	0.080914	0.800873
126.162000	21.056256	0.902768	185.002188	-0.593078	0.081713	0.800988
168.440000	21.210065	1.071131	185.070235	-0.592809	0.082510	0.801105
210.414000	21.366706	1.243270	185.137389	-0.592532	0.083303	0.801228
252.470000	21.519389	1.413152	185.203526	-0.592238	0.084092	0.801363
294.644000	21.674600	1.586218	185.274500	-0.591926	0.084872	0.801511
336.708000	21.826933	1.762817	185.344476	-0.591626	0.085612	0.801654
378.952000	21.976827	1.942361	185.413591	-0.591338	0.086327	0.801790
420.922000	22.119787	2.124643	185.486870	-0.591067	0.087028	0.801914
463.200000	22.261517	2.309035	185.559250	-0.590829	0.087722	0.802014
505.200000	22.397808	2.495637	185.630960	-0.590632	0.088407	0.802084
547.212000	22.680180	2.856718	185.773520	-0.590248	0.089885	0.802202
589.464000	22.945012	3.219600	185.911760	-0.589891	0.091317	0.802303
631.434000	23.201144	3.578936	186.050240	-0.589589	0.092719	0.802364
673.724000	23.440296	3.944263	186.189160	-0.589343	0.094091	0.802385
715.636000	23.666680	4.311093	186.323960	-0.589159	0.095415	0.802364
757.924000	23.875424	4.675239	186.458960	-0.589027	0.096685	0.802308
799.956000	24.071000	5.036659	186.594120	-0.588951	0.097871	0.802221
842.036000	24.243748	5.387666	186.720120	-0.588911	0.098933	0.802119
884.176000	24.403296	5.736725	186.846160	-0.588923	0.099828	0.802000
926.186000	24.544936	6.080015	186.972080	-0.588992	0.100521	0.801863
968.406000	24.663948	6.413395	187.097880	-0.589125	0.101013	0.801704
1010.484000	24.769468	6.740098	187.223680	-0.589314	0.101369	0.801520
1052.692000	24.853256	7.067649	187.349920	-0.589560	0.101803	0.801283
1094.988000	24.912508	7.415449	187.468760	-0.589873	0.102681	0.800941
1136.908000	24.947444	7.786760	187.584880	-0.590244	0.104120	0.800482
1178.908000	24.956944	8.165686	187.693240	-0.590686	0.105924	0.799919
1220.930000	24.940860	8.553416	187.798080	-0.591187	0.107956	0.799277
1263.178000	24.894060	8.942052	187.899040	-0.591739	0.110140	0.798570
1305.154000	24.821124	9.331642	187.991720	-0.592354	0.112449	0.797792
1347.442000	24.722144	9.722136	188.076160	-0.593039	0.114887	0.796935
1389.424000	24.596868	10.113356	188.156680	-0.593768	0.117463	0.796017
1431.418000	24.445320	10.505668	188.233240	-0.594544	0.120136	0.795038
1473.698000	24.276384	10.898638	188.301360	-0.595363	0.122898	0.794002
1516.040000	24.085008	11.288052	188.365160	-0.596194	0.125744	0.792932
1558.310000	23.875508	11.673604	188.424560	-0.597023	0.128674	0.791838
1600.020000	23.656496	12.050356	188.475040	-0.597850	0.131683	0.790718
1642.202000	23.423468	12.418708	188.520960	-0.598671	0.134751	0.789579
1684.230000	23.181332	12.787307	188.562400	-0.599465	0.137870	0.788437
1726.702000	22.929768	13.151616	188.599320	-0.600234	0.141051	0.787289
1768.586000	22.673168	13.511262	188.636080	-0.600972	0.144289	0.786139
1810.638000	22.411936	13.870644	188.672840	-0.601683	0.147587	0.784981
1852.832000	22.150224	14.225052	188.705040	-0.602371	0.150951	0.783813
1894.814000	21.888344	14.578499	188.741720	-0.603032	0.154405	0.782631
1937.030000	21.626040	14.926514	188.773920	-0.603669	0.157973	0.781427
1979.096000	21.359004	15.273449	188.806200	-0.604269	0.161689	0.780203
2021.372000	21.096816	15.627580	188.838720	-0.604828	0.165550	0.778958
2063.336000	20.830068	15.981124	188.871240	-0.605361	0.169504	0.777693
2105.310000	20.566672	16.322056	188.903320	-0.605878	0.173343	0.776444
2147.544000	20.314012	16.630936	188.938320	-0.606395	0.176687	0.775285
2189.478000	20.067384	16.904708	188.980480	-0.606930	0.179412	0.774240
2231.744000	19.832344	17.159192	189.030240	-0.607456	0.181695	0.773294
2273.676000	19.608984	17.393144	189.087840	-0.607978	0.183668	0.772418
2315.980000	19.397616	17.610336	189.153480	-0.608494	0.185404	0.771596
2357.958000	19.202984	17.814568	189.231760	-0.609002	0.186929	0.770827
2400.254000	19.015784	18.002136	189.318120	-0.609496	0.188242	0.770117
2442.226000	18.845048	18.172260	189.412520	-0.609984	0.189357	0.769456
2484.210000	18.690768	18.324632	189.510640	-0.610465	0.190319	0.768837
2526.452000	18.543920	18.459700	189.616880	-0.610929	0.191138	0.768266
2568.518000	18.404872	18.581952	189.731400	-0.611381	0.191808	0.767739
2610.702000	18.273604	18.691288	189.858560	-0.611821	0.192330	0.767258
2652.752000	18.150472	18.792072	189.998560	-0.612251	0.192713	0.766818
2695.186000	18.035192	18.880052	190.142360	-0.612672	0.192958	0.766420
2737.000000	17.923340	18.955440	190.294440	-0.613090	0.193064	0.766060
2779.020000	17.823920	19.017684	190.454840	-0.613513	0.193024	0.765731
2821.266000	17.727996	19.067004	190.623680	-0.613940	0.192880	0.765424
2863.446000	17.640360	19.107096	190.796720	-0.614370	0.192693	0.765127
2905.220000	17.552604	19.146316	190.974280	-0.614787	0.192587	0.764818
2947.512000	17.469748	19.192252	191.156880	-0.615188	0.192673	0.764474
2989.454000	17.387240	19.245176	191.344400	-0.615560	0.192953	0.764104
3031.714000	17.309348	19.301336	191.532160	-0.615916	0.193330	0.763722
3073.732000	17.231008	19.352332	191.715480	-0.616256	0.193795	0.763329
3116.020000	17.157236	19.406568	191.899040	-0.616578	0.194358	0.762927
3157.968000	17.088052	19.463672	192.082880	-0.616880	0.195056	0.762504
3200.282000	17.018896	19.523744	192.267040	-0.617153	0.195916	0.762062
3242.204000	16.950180	19.591664	192.442600	-0.617402	0.196911	0.761604
3284.260000	16.881476	19.662964	192.618400	-0.617621	0.198022	0.761138
3326.516000	16.808356	19.738200	192.789840	-0.617809	0.199234	0.760670
3368.480000	16.740144	19.821192	192.952680	-0.617973	0.200558	0.760188
3410.870000	16.667612	19.908160	193.111280	-0.618116	0.201978	0.759696
3452.712000	16.599756	19.998504	193.265600	-0.618245	0.203490	0.759187
3494.982000	16.527584	20.092868	193.415720	-0.618354	0.205094	0.758667
3536.982000	16.455496	20.191016	193.565960	-0.618438	0.206770	0.758143
3579.220000	16.387708	20.288416	193.711760	-0.618502	0.208503	0.757616
3621.236000	16.320048	20.389944	193.848720	-0.618542	0.210293	0.757088
3663.236000	16.256744	20.490872	193.976760	-0.618564	0.212134	0.756556
3705.494000	16.189152	20.596228	194.100400	-0.618566	0.214022	0.756023
3747.510000	16.126220	20.705284	194.219760	-0.618552	0.215968	0.755480
3789.744000	16.067940	20.817996	194.334800	-0.618521	0.217976	0.754930
3831.746000	16.005012	20.930608	194.440880	-0.618460	0.220048	0.754378
3873.752000	15.946932	21.051524	194.542640	-0.618370	0.222161	0.753832
3916.172000	15.888672	21.172800	194.635240	-0.618254	0.224257	0.753307
3958.016000	15.834440	21.290324	194.727480	-0.618129	0.226243	0.752815
4000.270000	15.783792	21.396304	194.810000	-0.618008	0.228024	0.752377
4042.354000	15.732264	21.491040	194.887280	-0.617897	0.229589	0.751993
4084.442000	15.684612	21.577804	194.959600	-0.617789	0.231031	0.751639
4126.452000	15.641372	21.665112	195.036120	-0.617681	0.232370	0.751315
4168.714000	15.601956	21.744356	195.107640	-0.617570	0.233596	0.751026
4210.694000	15.561888	21.816176	195.174120	-0.617459	0.234674	0.750782
4252.712000	15.525720	21.880384	195.235560	-0.617355	0.235591	0.750579
4295.018000	15.493408	21.936512	195.296520	-0.617258	0.236385	0.750410
4337.058000	15.465088	21.984380	195.352640	-0.617175	0.237087	0.750257
4379.256000	15.441008	22.028252	195.408560	-0.617105	0.237707	0.750118
4421.282000	15.416400	22.064036	195.464120	-0.617046	0.238239	0.749998
4463.292000	15.396036	22.095832	195.514960	-0.616996	0.238697	0.749893
4505.522000	15.370920	22.124240	195.561080	-0.616948	0.239087	0.749809
4547.824000	15.350000	22.148572	195.602440	-0.616903	0.239413	0.749741
4589.726000	15.328776	22.169104	195.639120	-0.616861	0.239681	0.749690
4631.732000	15.307628	22.190088	195.675640	-0.616825	0.239899	0.749650
4673.960000	15.290788	22.206796	195.712040	-0.616806	0.240065	0.749613
4716.016000	15.274044	22.224008	195.744000	-0.616799	0.240188	0.749579
4758.198000	15.261612	22.236904	195.771440	-0.616809	0.240273	0.749543
4800.218000	15.244776	22.250332	195.803240	-0.616824	0.240324	0.749515
4842.190000	15.227436	22.255224	195.830320	-0.616849	0.240345	0.749487
4884.572000	15.214568	22.260072	195.857400	-0.616880	0.240338	0.749464
4926.594000	15.201492	22.260688	195.884360	-0.616920	0.240307	0.749441
4968.796000	15.188472	22.261484	195.911320	-0.616966	0.240256	0.749419
5010.848000	15.175168	22.258112	195.933640	-0.617015	0.240187	0.749402
5052.976000	15.161828	22.254880	195.955920	-0.617061	0.240102	0.749391
5095.090000	15.153000	22.251468	195.978200	-0.617113	0.240004	0.749380
5137.182000	15.144176	22.248188	196.000440	-0.617165	0.239890	0.749373
5179.270000	15.135116	22.240736	196.018120	-0.617223	0.239757	0.749368
5221.272000	15.125748	22.229016	196.035680	-0.617284	0.239605	0.749366
5263.496000	15.111916	22.217556	196.057680	-0.617346	0.239449	0.749365
5305.574000	15.098132	22.206136	196.079680	-0.617412	0.239287	0.749362
5347.812000	15.084348	22.194716	196.101680	-0.617479	0.239126	0.749359
5389.770000	15.070612	22.183340	196.123680	-0.617549	0.238959	0.749354
5431.768000	15.056896	22.172108	196.141240	-0.617620	0.238788	0.749350
5473.980000	15.043228	22.160920	196.158800	-0.617695	0.238612	0.749345
5516.008000	15.029516	22.149784	196.176360	-0.617768	0.238432	0.749342
5558.274000	15.020260	22.138328	196.193880	-0.617838	0.238251	0.749341
5600.316000	15.010972	22.126936	196.206920	-0.617905	0.238074	0.749342
5642.474000	15.001640	22.115548	196.219920	-0.617967	0.237897	0.749348
5684.460000	14.992232	22.104224	196.228400	-0.618017	0.237724	0.749361
5726.522000	14.982560	22.092936	196.232240	-0.618038	0.237558	0.749396
5768.734000	14.972492	22.081700	196.231280	-0.618015	0.237398	0.749466
5810.962000	14.961956	22.070624	196.220960	-0.617938	0.237243	0.749579
5852.956000	14.955560	22.059528	196.196960	-0.617822	0.237089	0.749723
5895.088000	14.949168	22.052880	196.168400	-0.617672	0.236947	0.749892
5937.236000	14.946900	22.046108	196.130640	-0.617483	0.236807	0.750091
5979.182000	14.944280	22.039772	196.079120	-0.617251	0.236654	0.750330
6021.378000	14.936876	22.034072	196.022760	-0.616982	0.236477	0.750607
6063.716000	14.929788	22.037700	195.957360	-0.616675	0.236277	0.750923
6105.630000	14.922448	22.041496	195.887280	-0.616340	0.236069	0.751263
6147.832000	14.914912	22.045472	195.808080	-0.615980	0.235865	0.751623
6189.868000	14.911772	22.049304	195.719920	-0.615610	0.235664	0.751989
6232.104000	14.908552	22.053204	195.627200	-0.615231	0.235468	0.752360
6274.004000	14.905916	22.066312	195.525640	-0.614841	0.235260	0.752744
6315.996000	14.907652	22.079516	195.410560	-0.614435	0.235040	0.753144
6358.272000	14.905068	22.097852	195.286440	-0.614008	0.234804	0.753566
6400.278000	14.902752	22.120992	195.153400	-0.613571	0.234552	0.754000
6442.614000	14.900388	22.144480	195.011320	-0.613126	0.234285	0.754445
6484.622000	14.898376	22.172720	194.860400	-0.612682	0.234009	0.754891
6526.780000	14.896408	22.201300	194.700560	-0.612241	0.233718	0.755339
6568.698000	14.894872	22.234520	194.536320	-0.611806	0.233416	0.755785
6611.042000	14.893420	22.268036	194.363240	-0.611380	0.233107	0.756225
6652.976000	14.892092	22.301872	194.185720	-0.610964	0.232773	0.756664
6694.980000	14.891216	22.340544	193.999320	-0.610555	0.232419	0.757102
6737.236000	14.886256	22.384508	193.804080	-0.610153	0.232033	0.757544
6779.338000	14.881612	22.428916	193.604480	-0.609781	0.231609	0.757974
6821.466000	14.873348	22.478364	193.405360	-0.609467	0.231157	0.758365
6863.472000	14.865732	22.527940	193.206680	-0.609220	0.230690	0.758705
6905.724000	14.854160	22.577876	193.008440	-0.609028	0.230219	0.759002
6947.728000	14.838784	22.632736	192.810520	-0.608873	0.229731	0.759274
6990.010000	14.814872	22.688332	192.612800	-0.608755	0.229232	0.759520
7031.992000	14.791332	22.744032	192.415360	-0.608677	0.228721	0.759736
7074.094000	14.768532	22.804296	192.213960	-0.608646	0.228210	0.759915
7116.246000	14.746216	22.864456	192.017400	-0.608668	0.227700	0.760050
7158.200000	14.724648	22.929272	191.816800	-0.608736	0.227179	0.760152
7200.236000	14.703712	22.998512	191.616560	-0.608838	0.226661	0.760224
7242.486000	14.683004	23.067776	191.416440	-0.608961	0.226139	0.760282
7284.442000	14.662768	23.141628	191.212080	-0.609100	0.225613	0.760326
7326.742000	14.646760	23.210704	191.007760	-0.609251	0.225090	0.760360
7368.686000	14.631188	23.284164	190.808080	-0.609417	0.224563	0.760383
7411.274000	14.619920	23.352612	190.608520	-0.609599	0.224062	0.760385
7453.334000	14.603960	23.416732	190.408960	-0.609790	0.223581	0.760373
7495.312000	14.588024	23.480532	190.209560	-0.609984	0.223135	0.760348
7537.334000	14.572360	23.548268	190.014760	-0.610174	0.222733	0.760314
7579.216000	14.556960	23.619776	189.820200	-0.610357	0.222404	0.760264
7621.484000	14.537328	23.695200	189.621520	-0.610530	0.222178	0.760191
7663.432000	14.517988	23.774116	189.423200	-0.610700	0.222056	0.760090
7705.842000	14.498980	23.856476	189.225280	-0.610872	0.222041	0.759956
7747.952000	14.479984	23.937856	189.032160	-0.611050	0.222122	0.759789
7790.082000	14.465612	24.018128	188.839360	-0.611242	0.222288	0.759586
7832.008000	14.451540	24.102104	188.651400	-0.611438	0.222523	0.759360
7874.008000	14.441852	24.185328	188.459000	-0.611622	0.222816	0.759126
7916.236000	14.432072	24.268040	188.271200	-0.611801	0.223153	0.758882
7958.398000	14.426756	24.350012	188.087960	-0.611981	0.223525	0.758628
8000.590000	14.426024	24.431480	187.900480	-0.612175	0.223928	0.758352
8042.614000	14.429796	24.512204	187.717600	-0.612375	0.224366	0.758061
8084.764000	14.433676	24.592552	187.534960	-0.612588	0.224845	0.757747
8126.796000	14.441968	24.672116	187.356840	-0.612798	0.225362	0.757424
8168.966000	14.449884	24.747004	187.178680	-0.613001	0.225904	0.757097
8211.024000	14.453060	24.817572	187.000360	-0.613204	0.226465	0.756766
8253.018000	14.455956	24.883672	186.826480	-0.613414	0.227016	0.756431
8295.334000	14.454480	24.950068	186.657120	-0.613635	0.227559	0.756088
8337.302000	14.452784	25.012092	186.487680	-0.613865	0.228093	0.755741
8379.558000	14.446488	25.069952	186.322760	-0.614114	0.228618	0.755379
8421.554000	14.440016	25.123344	186.157880	-0.614379	0.229145	0.755004
8463.490000	14.429276	25.177128	185.993120	-0.614664	0.229664	0.754614
8505.818000	14.423244	25.230516	185.833000	-0.614977	0.230180	0.754202
8547.772000	14.417404	25.284020	185.673000	-0.615311	0.230683	0.753776
8590.006000	14.411448	25.333336	185.512960	-0.615664	0.231158	0.753342
8632.046000	14.400856	25.379096	185.352760	-0.616034	0.231570	0.752913
8674.280000	14.394216	25.416344	185.196720	-0.616419	0.231896	0.752497
8716.316000	14.382692	25.445900	185.040360	-0.616826	0.232124	0.752093
8758.538000	14.371272	25.476272	184.883880	-0.617246	0.232266	0.751704
8800.570000	14.359584	25.502876	184.727080	-0.617670	0.232334	0.751336
8842.690000	14.342808	25.521488	184.569960	-0.618096	0.232338	0.750984
8884.754000	14.321304	25.536432	184.408080	-0.618522	0.232303	0.750643
8926.728000	14.295144	25.547504	184.246160	-0.618963	0.232239	0.750300
8969.028000	14.264684	25.559156	184.084240	-0.619418	0.232147	0.749953
9010.974000	14.229900	25.571532	183.917920	-0.619888	0.232023	0.749603
9053.236000	14.190196	25.575768	183.751320	-0.620374	0.231850	0.749254
9095.216000	14.146256	25.580804	183.584800	-0.620884	0.231625	0.748901
9137.228000	14.098076	25.586596	183.418280	-0.621418	0.231353	0.748543
9179.450000	14.045120	25.584320	183.251680	-0.621985	0.231026	0.748173
9221.836000	13.988028	25.582892	183.080680	-0.622583	0.230651	0.747790
9263.850000	13.926328	25.577760	182.914120	-0.623204	0.230220	0.747406
9305.786000	13.860292	25.573348	182.747480	-0.623834	0.229745	0.747026
9347.778000	13.785132	25.565712	182.576240	-0.624475	0.229217	0.746653
9389.980000	13.700852	25.554560	182.409320	-0.625130	0.228647	0.746280
9431.950000	13.608128	25.548536	182.238120	-0.625797	0.228081	0.745894
9474.248000	13.506936	25.546808	182.067320	-0.626476	0.227601	0.745470
9516.338000	13.398404	25.560496	181.889200	-0.627183	0.227468	0.744916
9558.598000	13.278480	25.598020	181.699720	-0.627901	0.227782	0.744215
9600.644000	13.142472	25.655356	181.507600	-0.628634	0.228507	0.743373
9642.828000	12.989964	25.728388	181.308280	-0.629377	0.229621	0.742400
9684.784000	12.825776	25.821464	181.106280	-0.630139	0.231090	0.741298
9726.768000	12.645181	25.931044	180.901280	-0.630919	0.232849	0.740082
9768.996000	12.448500	26.061668	180.693440	-0.631721	0.234889	0.738753
9810.980000	12.231115	26.209368	180.482760	-0.632560	0.237192	0.737298
9853.290000	11.993129	26.374368	180.269280	-0.633447	0.239733	0.735712
9895.232000	11.738982	26.556244	180.057360	-0.634379	0.242513	0.733997
9937.468000	11.468281	26.750780	179.846960	-0.635349	0.245505	0.732161
9979.480000	11.185570	26.962260	179.642200	-0.636330	0.248683	0.730234
10021.460000	10.890290	27.186496	179.438320	-0.637294	0.252028	0.728243
10063.750000	10.586612	27.418708	179.239560	-0.638240	0.255527	0.726193
10105.704000	10.275016	27.667656	179.050640	-0.639157	0.259188	0.724085
10147.954000	9.959663	27.928692	178.862520	-0.640044	0.263018	0.721918
10189.996000	9.640167	28.197252	178.683920	-0.640890	0.267005	0.719700
10232.250000	9.320873	28.473272	178.510160	-0.641681	0.271133	0.717448
10274.206000	8.997358	28.757008	178.345800	-0.642422	0.275396	0.715158
10316.480000	8.674110	29.048472	178.186200	-0.643109	0.279768	0.712840
10358.504000	8.350912	29.343344	178.031320	-0.643755	0.284234	0.710486
10400.542000	8.032551	29.645644	177.890200	-0.644361	0.288785	0.708097
10442.782000	7.719074	29.955752	177.753880	-0.644929	0.293399	0.705679
10484.984000	7.410172	30.269520	177.630960	-0.645464	0.298022	0.703249
10527.106000	7.105294	30.579100	177.516600	-0.645978	0.302554	0.700838
10569.126000	6.808076	30.877540	177.423080	-0.646475	0.306726	0.698563
10611.008000	6.517787	31.152524	177.349800	-0.646980	0.310427	0.696457
10653.440000	6.239458	31.412428	177.292560	-0.647490	0.313693	0.694517
10695.282000	5.972890	31.652560	177.251320	-0.648012	0.316547	0.692732
10737.440000	5.718052	31.872548	177.230560	-0.648545	0.319020	0.691097
10779.720000	5.475295	32.076496	177.221720	-0.649089	0.321170	0.689590
10821.754000	5.253099	32.259136	177.229040	-0.649632	0.323006	0.688219
10863.684000	5.046819	32.420664	177.252320	-0.650154	0.324540	0.687003
10905.996000	4.856718	32.565272	177.287320	-0.650647	0.325812	0.685934
10948.062000	4.687537	32.696860	177.338680	-0.651110	0.326836	0.685007
10990.122000	4.534918	32.815660	177.401920	-0.651548	0.327632	0.684210
11032.214000	4.394328	32.917524	177.472760	-0.651982	0.328209	0.683519
11074.242000	4.265783	33.002204	177.555760	-0.652419	0.328585	0.682921
11116.462000	4.145418	33.078804	177.646680	-0.652853	0.328784	0.682410
11158.494000	4.037468	33.142512	177.741120	-0.653290	0.328820	0.681974
11200.706000	3.933095	33.193804	177.843560	-0.653736	0.328698	0.681606
11242.844000	3.832606	33.236992	177.954200	-0.654194	0.328433	0.681294
11284.914000	3.736140	33.271988	178.068760	-0.654675	0.328047	0.681018
11327.024000	3.648057	33.298436	178.187200	-0.655170	0.327544	0.680785
11369.006000	3.564209	33.320844	178.305320	-0.655675	0.326962	0.680578
11411.270000	3.484163	33.334524	178.427480	-0.656183	0.326318	0.680397
11453.322000	3.408240	33.343852	178.549280	-0.656686	0.325628	0.680242
11495.312000	3.331926	33.348968	178.670800	-0.657182	0.324912	0.680106
11537.494000	3.259264	33.345012	178.791880	-0.657659	0.324179	0.679994
11579.738000	3.190930	33.340768	178.908400	-0.658119	0.323454	0.679895
11621.828000	3.126562	33.331784	179.020200	-0.658558	0.322737	0.679810
11663.714000	3.066042	33.317780	179.131800	-0.658969	0.322048	0.679739
11705.966000	3.009433	33.298904	179.238760	-0.659355	0.321382	0.679680
11747.994000	2.957094	33.279556	179.341160	-0.659719	0.320742	0.679629
11790.274000	2.908990	33.259756	179.434560	-0.660054	0.320140	0.679588
11832.224000	2.860657	33.239804	179.523360	-0.660363	0.319565	0.679558
11874.292000	2.812395	33.224052	179.612120	-0.660644	0.319016	0.679542
11916.526000	2.768090	33.203424	179.696320	-0.660907	0.318491	0.679534
11958.582000	2.728110	33.182456	179.775960	-0.661152	0.317979	0.679534
12000.822000	2.687962	33.161436	179.846600	-0.661377	0.317495	0.679542
12042.844000	2.652068	33.139716	179.912800	-0.661577	0.317063	0.679549
12085.022000	2.620308	33.116768	179.970240	-0.661741	0.316751	0.679535
12127.004000	2.598182	33.115532	180.002680	-0.661768	0.316977	0.679403
12168.994000	2.580772	33.124996	180.022680	-0.661721	0.317489	0.679210
12211.442000	2.563314	33.138008	180.034000	-0.661632	0.318122	0.679000
12253.468000	2.550024	33.150292	180.036400	-0.661511	0.318821	0.678790
12295.512000	2.540980	33.162136	180.025360	-0.661362	0.319568	0.678585
12337.644000	2.532268	33.182764	180.001000	-0.661174	0.320359	0.678394
12379.840000	2.523289	33.203212	179.967600	-0.660954	0.321193	0.678215
12421.976000	2.518867	33.227752	179.925240	-0.660705	0.322052	0.678049
12463.822000	2.510476	33.261608	179.869600	-0.660435	0.322934	0.677893
12506.148000	2.501938	33.295564	179.800480	-0.660143	0.323839	0.677746
12548.084000	2.498089	33.333676	179.726960	-0.659840	0.324752	0.677605
12590.486000	2.494616	33.376560	179.635760	-0.659536	0.325675	0.677458
12632.306000	2.491065	33.419508	179.539960	-0.659220	0.326601	0.677319
12674.624000	2.483178	33.467360	179.435200	-0.658881	0.327535	0.677197
12716.766000	2.475514	33.519900	179.317000	-0.658525	0.328477	0.677088
12758.852000	2.467757	33.572276	179.194320	-0.658152	0.329445	0.676980
12800.850000	2.460184	33.628912	179.062880	-0.657763	0.330457	0.676865
12842.816000	2.452452	33.685112	178.927160	-0.657359	0.331528	0.676734
12885.124000	2.453331	33.740088	178.782560	-0.656915	0.332683	0.676598
12927.100000	2.458589	33.798572	178.629160	-0.656427	0.333928	0.676459
12969.396000	2.468294	33.860880	178.466840	-0.655898	0.335228	0.676329
13011.346000	2.477609	33.918976	178.304240	-0.655360	0.336502	0.676217
13053.396000	2.490987	33.969176	178.136520	-0.654844	0.337643	0.676149
13095.620000	2.512266	33.999420	177.967400	-0.654388	0.338467	0.676178
13137.530000	2.537310	34.014728	177.805840	-0.654004	0.338929	0.676318
13179.826000	2.561515	34.004580	177.659880	-0.653781	0.338736	0.676630
13221.904000	2.589397	33.975068	177.521480	-0.653652	0.338177	0.677034
13264.096000	2.616800	33.933800	177.386880	-0.653575	0.337434	0.677479
13306.118000	2.648413	33.884416	177.256360	-0.653542	0.336562	0.677944
13348.080000	2.683917	33.822412	177.129840	-0.653553	0.335566	0.678427
13390.362000	2.723597	33.751956	177.012000	-0.653607	0.334466	0.678918
13432.574000	2.767377	33.673120	176.898240	-0.653691	0.333263	0.679429
13474.540000	2.814866	33.581160	176.793000	-0.653802	0.331980	0.679951
13516.552000	2.870552	33.475624	176.696400	-0.653943	0.330631	0.680472
13558.788000	2.934791	33.360864	176.608600	-0.654117	0.329225	0.680986
13600.782000	3.002735	33.232812	176.524960	-0.654315	0.327767	0.681498
13642.864000	3.079118	33.095356	176.454520	-0.654533	0.326260	0.682012
13685.008000	3.159440	32.949160	176.388240	-0.654767	0.324692	0.682536
13727.006000	3.247869	32.789396	176.330440	-0.655017	0.323053	0.683074
13769.376000	3.340162	32.621128	176.276680	-0.655274	0.321328	0.683640
13811.440000	3.436367	32.444400	176.226880	-0.655544	0.319509	0.684234
13853.620000	3.540658	32.254428	176.185440	-0.655827	0.317587	0.684857
13895.564000	3.648964	32.056172	176.147920	-0.656128	0.315550	0.685510
13937.846000	3.757185	31.854384	176.119040	-0.656457	0.313391	0.686185
13979.820000	3.864884	31.640244	176.094200	-0.656829	0.311112	0.686867
14021.960000	3.976695	31.417380	176.078040	-0.657230	0.308754	0.687546
14064.080000	4.092414	31.185240	176.061760	-0.657636	0.306400	0.688210
14106.128000	4.212183	30.947740	176.045720	-0.658035	0.304110	0.688845
14148.294000	4.327753	30.717380	176.030640	-0.658400	0.302049	0.689403
14190.302000	4.443553	30.493992	176.011880	-0.658721	0.300206	0.689900
14232.520000	4.559016	30.269712	175.993320	-0.659011	0.298462	0.690380
14274.608000	4.678757	30.044580	175.974880	-0.659281	0.296775	0.690850
14316.582000	4.802788	29.818732	175.956480	-0.659532	0.295130	0.691315
14358.792000	4.926343	29.588120	175.938040	-0.659769	0.293519	0.691774
14400.786000	5.054613	29.361388	175.915400	-0.659998	0.291948	0.692220
14443.006000	5.182551	29.129976	175.892720	-0.660224	0.290401	0.692655
14485.038000	5.310069	28.893932	175.870000	-0.660443	0.288874	0.693085
14527.356000	5.441947	28.657412	175.842840	-0.660648	0.287375	0.693513
14569.344000	5.573586	28.420728	175.815560	-0.660826	0.285893	0.693956
14611.348000	5.700466	28.184404	175.783560	-0.660970	0.284418	0.694424
14653.600000	5.831528	27.947788	175.751320	-0.661084	0.282940	0.694919
14695.578000	5.962349	27.711484	175.714320	-0.661171	0.281440	0.695445
14737.848000	6.097208	27.470800	175.672600	-0.661247	0.279910	0.695991
14779.754000	6.236428	27.230276	175.626240	-0.661313	0.278340	0.696558
14822.028000	6.379872	26.989412	175.579640	-0.661351	0.276771	0.697146
14864.054000	6.523255	26.752680	175.528560	-0.661348	0.275249	0.697751
14906.380000	6.662561	26.524656	175.473240	-0.661317	0.273793	0.698353
14948.364000	6.806501	26.300652	175.413560	-0.661270	0.272361	0.698957
14990.298000	6.954568	26.069660	175.348720	-0.661255	0.270701	0.699616
15032.600000	7.113894	25.805472	175.281120	-0.661340	0.268207	0.700496
15074.616000	7.275356	25.513524	175.214880	-0.661478	0.264833	0.701648
15116.822000	7.430743	25.209248	175.146600	-0.661599	0.260913	0.703002
15158.766000	7.581120	24.908312	175.077200	-0.661674	0.256671	0.704491
15200.792000	7.731278	24.613888	175.006960	-0.661695	0.252208	0.706081
15243.116000	7.876583	24.321708	174.931600	-0.661673	0.247548	0.707749
15285.058000	8.021508	24.031208	174.855560	-0.661609	0.242706	0.709484
15327.344000	8.156985	23.743188	174.774360	-0.661488	0.237676	0.711297
15369.278000	8.291769	23.456920	174.692320	-0.661294	0.232456	0.713201
15411.602000	8.426095	23.176880	174.604920	-0.661006	0.227052	0.715205
15453.568000	8.555278	22.903432	174.516560	-0.660611	0.221449	0.717324
15495.604000	8.679021	22.632276	174.422680	-0.660106	0.215644	0.719554
15537.758000	8.802554	22.371612	174.328160	-0.659502	0.209663	0.721871
15580.076000	8.916334	22.113116	174.232800	-0.658799	0.203514	0.724269
15622.030000	9.029170	21.856544	174.131960	-0.657982	0.197163	0.726765
15664.036000	9.137088	21.606028	174.034920	-0.657067	0.190657	0.729324
15706.382000	9.240072	21.361780	173.932800	-0.656052	0.183996	0.731944
15748.280000	9.333231	21.119292	173.829920	-0.654921	0.177209	0.734626
15790.476000	9.417124	20.887236	173.731040	-0.653671	0.170310	0.737366
15832.508000	9.491266	20.656752	173.631600	-0.652316	0.163307	0.740145
15874.506000	9.560648	20.432504	173.531840	-0.650879	0.156142	0.742951
15916.770000	9.624927	20.210436	173.435960	-0.649352	0.148761	0.745797
15958.734000	9.683181	19.981916	173.338920	-0.647698	0.141145	0.748710
16001.456000	9.731553	19.755668	173.241080	-0.645912	0.133349	0.751675
16042.958000	9.770044	19.533768	173.147520	-0.643980	0.125622	0.754658
16084.988000	9.792090	19.351580	173.051560	-0.641893	0.118569	0.757572
16127.222000	9.801930	19.199860	172.948840	-0.639699	0.112206	0.760391
16169.242000	9.816900	19.066988	172.847360	-0.637430	0.106179	0.763157
16211.542000	9.827055	18.937700	172.746320	-0.635096	0.100282	0.765896
16253.538000	9.832252	18.808544	172.641040	-0.632707	0.094417	0.768614
16295.778000	9.832472	18.679540	172.540400	-0.630265	0.088557	0.771313
16337.712000	9.823642	18.555560	172.440080	-0.627774	0.082705	0.773990
16380.018000	9.805286	18.432480	172.339720	-0.625214	0.076823	0.776663
16422.064000	9.777711	18.310016	172.235240	-0.622621	0.070954	0.779300
16464.050000	9.736544	18.188464	172.131160	-0.620004	0.065089	0.781894
16506.282000	9.686088	18.062936	172.031920	-0.617379	0.059230	0.784433
16548.212000	9.631094	17.937852	171.933240	-0.614751	0.053358	0.786914
16590.460000	9.571270	17.809080	171.834920	-0.612116	0.047437	0.789344
16632.484000	9.502637	17.686172	171.737120	-0.609460	0.041432	0.791733
16674.740000	9.425026	17.564332	171.644320	-0.606801	0.035369	0.794066
16716.806000	9.342388	17.439232	171.551720	-0.604114	0.029212	0.796362
16758.822000	9.250687	17.315252	171.464040	-0.601412	0.022991	0.798608
16801.018000	9.154525	17.192168	171.376920	-0.598709	0.016707	0.800793
16842.998000	9.053594	17.065616	171.290200	-0.596001	0.010350	0.802917
16885.416000	8.943925	16.944772	171.208560	-0.593280	0.003915	0.804987
16927.576000	8.824774	16.820468	171.131720	-0.590534	-0.002569	0.807009
16969.554000	8.696652	16.697200	171.055400	-0.587780	-0.009098	0.808969
17011.606000	8.564094	16.574628	170.984200	-0.585030	-0.015678	0.810860
17053.882000	8.427024	16.452984	170.918000	-0.582272	-0.022336	0.812687
17095.848000	8.285684	16.336836	170.852520	-0.579503	-0.029072	0.814451
17137.842000	8.134844	16.217712	170.796360	-0.576707	-0.035922	0.816161
17180.074000	7.979956	16.103504	170.745560	-0.573925	-0.042799	0.817789
17222.102000	7.812172	15.994900	170.695560	-0.571157	-0.049697	0.819335
17264.262000	7.640171	15.890844	170.655160	-0.568382	-0.056594	0.820816
17306.328000	7.459333	15.791776	170.619800	-0.565583	-0.063492	0.822244
17348.362000	7.278474	15.697024	170.589400	-0.562748	-0.070387	0.823626
17390.616000	7.097431	15.602276	170.559440	-0.559888	-0.077281	0.824956
17432.800000	6.921188	15.511076	170.539200	-0.557035	-0.084134	0.826216
17474.822000	6.745200	15.424260	170.523960	-0.554171	-0.090990	0.827415
17516.870000	6.573815	15.341416	170.518240	-0.551289	-0.097850	0.828556
17559.052000	6.398006	15.263172	170.513000	-0.548373	-0.104691	0.829654
17601.050000	6.222175	15.188736	170.517160	-0.545424	-0.111484	0.830713
17643.350000	6.041926	15.118468	170.526240	-0.542447	-0.118224	0.831730
17685.304000	5.866397	15.051380	170.549280	-0.539466	-0.124893	0.832693
17727.564000	5.691249	14.987896	170.577400	-0.536494	-0.131481	0.833599
17769.600000	5.516806	14.932556	170.610800	-0.533533	-0.137998	0.834445
17811.622000	5.342399	14.876600	170.649080	-0.530574	-0.144459	0.835238
17853.776000	5.168216	14.824188	170.701240	-0.527609	-0.150854	0.835985
17895.714000	4.994003	14.770848	170.758240	-0.524641	-0.157159	0.836692
17937.740000	4.828524	14.715988	170.824520	-0.521658	-0.163390	0.837363
17980.032000	4.663533	14.664436	170.900280	-0.518697	-0.169520	0.837984
18022.012000	4.503418	14.616080	170.981040	-0.515749	-0.175559	0.838559
18064.258000	4.344071	14.575624	171.071360	-0.512820	-0.181512	0.839088
18106.276000	4.189590	14.538232	171.166640	-0.509904	-0.187360	0.839580
18148.528000	4.035230	14.499612	171.271160	-0.507004	-0.193097	0.840036
18190.568000	3.890420	14.463132	171.380600	-0.504144	-0.198665	0.840459
18232.744000	3.745654	14.425488	171.494720	-0.501291	-0.204119	0.840858
18274.776000	3.605418	14.386304	171.618080	-0.498454	-0.209465	0.841230
18316.764000	3.469793	14.345956	171.746240	-0.495634	-0.214729	0.841569
18359.008000	3.342864	14.299704	171.883600	-0.492831	-0.219928	0.841872
18401.092000	3.215680	14.248580	172.021160	-0.490035	-0.225082	0.842142
18443.282000	3.092531	14.192160	172.167840	-0.487234	-0.230201	0.842384
18485.288000	2.973486	14.130632	172.319240	-0.484434	-0.235297	0.842591
18527.660000	2.854042	14.064396	172.479880	-0.481632	-0.240389	0.842760
18569.540000	2.738624	13.993240	172.645240	-0.478820	-0.245476	0.842896
18611.804000	2.631269	13.912392	172.819720	-0.475995	-0.250570	0.842997
18653.786000	2.523221	13.822692	173.003320	-0.473165	-0.255693	0.843052
18695.926000	2.422819	13.719868	173.191760	-0.470309	-0.260923	0.843047
18738.016000	2.325132	13.594948	173.384760	-0.467445	-0.266220	0.842984
18780.070000	2.229947	13.448132	173.582320	-0.464547	-0.271604	0.842869
18822.148000	2.136599	13.270700	173.784240	-0.461610	-0.277096	0.842694
18864.312000	2.045592	13.067175	173.990760	-0.458655	-0.282702	0.842446
18906.306000	1.956740	12.833564	174.197480	-0.455694	-0.288461	0.842101
18948.594000	1.873849	12.570128	174.408920	-0.452660	-0.294448	0.841664
18990.562000	1.804447	12.268136	174.615960	-0.449478	-0.300733	0.841147
19032.774000	1.760893	11.931862	174.822960	-0.446009	-0.307413	0.840579
19074.868000	1.738067	11.551712	175.033920	-0.442249	-0.314389	0.839985
19117.010000	1.737007	11.131282	175.244360	-0.438265	-0.321552	0.839362
19159.082000	1.746299	10.684208	175.454800	-0.434160	-0.328828	0.838676
19201.050000	1.766991	10.214230	175.660640	-0.430000	-0.336121	0.837927
19243.368000	1.794867	9.726250	175.862080	-0.425779	-0.343445	0.837113
19285.278000	1.834697	9.224068	176.068040	-0.421496	-0.350783	0.836237
19327.528000	1.886315	8.703156	176.269480	-0.417166	-0.358104	0.835305
19369.514000	1.941739	8.172664	176.466480	-0.412820	-0.365366	0.834319
19411.804000	2.001533	7.636715	176.659120	-0.408483	-0.372531	0.833284
19453.758000	2.069882	7.090697	176.851960	-0.404166	-0.379630	0.832185
19496.022000	2.147643	6.543333	177.040680	-0.399890	-0.386628	0.831028
19538.036000	2.225576	5.990580	177.225000	-0.395652	-0.393502	0.829829
19580.094000	2.312973	5.435938	177.404960	-0.391464	-0.400218	0.828602
19622.312000	2.400732	4.875354	177.580320	-0.387340	-0.406753	0.827357
19664.302000	2.489391	4.313214	177.751160	-0.383301	-0.413096	0.826094
19706.596000	2.583409	3.749131	177.913040	-0.379351	-0.419232	0.824826
19748.610000	2.674800	3.191742	178.070360	-0.375526	-0.425080	0.823582
19790.798000	2.768243	2.645662	178.218880	-0.371815	-0.430679	0.822356
19832.838000	2.864297	2.115083	178.363080	-0.368245	-0.436014	0.821150
19874.806000	2.963670	1.608677	178.503160	-0.364830	-0.441063	0.819977
19917.074000	3.065856	1.121877	178.638800	-0.361547	-0.445814	0.818861
19959.088000	3.171113	0.658959	178.769960	-0.358392	-0.450250	0.817821
20001.338000	3.275994	0.224140	178.896760	-0.355443	-0.454317	0.816857
20043.316000	3.364233	-0.173443	179.023800	-0.352806	-0.457922	0.815988
20085.306000	3.431766	-0.542897	179.146560	-0.350591	-0.461003	0.815207
20127.782000	3.483418	-0.879274	179.265360	-0.348799	-0.463642	0.814478
20169.760000	3.514026	-1.181345	179.380280	-0.347353	-0.465934	0.813788
20211.840000	3.530323	-1.466815	179.495240	-0.346148	-0.467962	0.813137
20253.968000	3.540495	-1.735539	179.610400	-0.345109	-0.469810	0.812513
20296.076000	3.540125	-1.987339	179.725680	-0.344240	-0.471464	0.811924
20338.148000	3.533064	-2.231154	179.836520	-0.343542	-0.472944	0.811359
20380.432000	3.519806	-2.457945	179.947600	-0.343000	-0.474272	0.810813
20422.310000	3.499433	-2.676191	180.058800	-0.342583	-0.475493	0.810274
20464.526000	3.475822	-2.890460	180.170040	-0.342262	-0.476629	0.809741
20506.508000	3.444895	-3.096436	180.281240	-0.342047	-0.477634	0.809240
20548.492000	3.406080	-3.298328	180.392240	-0.341908	-0.478532	0.808768
20590.754000	3.363840	-3.496317	180.503160	-0.341846	-0.479337	0.808317
20632.730000	3.317827	-3.694673	180.613960	-0.341857	-0.480069	0.807878
20674.740000	3.273145	-3.884539	180.725000	-0.341943	-0.480756	0.807433
20716.998000	3.225159	-4.065585	180.836280	-0.342084	-0.481400	0.806990
20759.010000	3.177916	-4.242572	180.947640	-0.342273	-0.482003	0.806550
20801.260000	3.126866	-4.415146	181.063560	-0.342499	-0.482578	0.806110
20843.236000	3.076116	-4.587970	181.179440	-0.342757	-0.483127	0.805671
20885.666000	3.025851	-4.756534	181.295400	-0.343034	-0.483657	0.805235
20927.582000	2.975399	-4.929650	181.411240	-0.343324	-0.484174	0.804801
20969.720000	2.920591	-5.102368	181.527160	-0.343624	-0.484699	0.804356
21011.752000	2.865782	-5.275086	181.643080	-0.343924	-0.485225	0.803911
21053.790000	2.810964	-5.447939	181.758960	-0.344224	-0.485737	0.803473
21096.010000	2.755992	-5.625526	181.874640	-0.344542	-0.486219	0.803046
21138.100000	2.701279	-5.803314	181.990320	-0.344887	-0.486679	0.802619
21180.416000	2.647099	-5.976802	182.106080	-0.345255	-0.487122	0.802191
21222.292000	2.597283	-6.155076	182.221880	-0.345647	-0.487563	0.801754
21264.528000	2.547689	-6.333414	182.337760	-0.346065	-0.487999	0.801309
21306.540000	2.498283	-6.511678	182.453760	-0.346502	-0.488443	0.800849
21348.488000	2.453069	-6.694580	182.569760	-0.346945	-0.488900	0.800378
21390.754000	2.403453	-6.877078	182.685800	-0.347392	-0.489366	0.799900
21432.796000	2.349118	-7.063629	182.801840	-0.347847	-0.489842	0.799411
21475.036000	2.299012	-7.254956	182.917880	-0.348311	-0.490318	0.798916
21517.016000	2.249041	-7.446294	183.033960	-0.348790	-0.490792	0.798416
21559.324000	2.198925	-7.642111	183.154520	-0.349289	-0.491274	0.797902
21601.260000	2.148680	-7.842307	183.275120	-0.349808	-0.491765	0.797372
21643.264000	2.098622	-8.042429	183.395840	-0.350347	-0.492263	0.796828
21685.550000	2.048358	-8.246863	183.512040	-0.350895	-0.492764	0.796276
21727.532000	1.997958	-8.455765	183.628240	-0.351463	-0.493264	0.795716
21769.990000	1.952014	-8.669459	183.744480	-0.352066	-0.493762	0.795141
21813.840000	1.901876	-8.882873	183.865320	-0.352698	-0.494267	0.794547
21856.030000	1.856519	-9.096618	183.981800	-0.353364	-0.494760	0.793944
21898.024000	1.811378	-9.310514	184.098280	-0.354053	-0.495236	0.793340
21940.006000	1.761682	-9.528743	184.214680	-0.354765	-0.495691	0.792737
21982.438000	1.712203	-9.747125	184.331040	-0.355500	-0.496130	0.792133
22024.570000	1.667300	-9.966014	184.447400	-0.356249	-0.496549	0.791533
22066.894000	1.622574	-10.184959	184.563840	-0.357018	-0.496962	0.790928
22108.766000	1.578259	-10.399415	184.680400	-0.357795	-0.497378	0.790315
22150.894000	1.538274	-10.614001	184.797080	-0.358560	-0.497815	0.789693
22192.826000	1.498059	-10.828490	184.918240	-0.359301	-0.498271	0.789069
22235.068000	1.457356	-11.047282	185.039320	-0.360022	-0.498742	0.788442
22277.030000	1.412064	-11.265750	185.160360	-0.360730	-0.499216	0.787818
22319.246000	1.371271	-11.484537	185.281360	-0.361441	-0.499686	0.787194
22361.296000	1.330765	-11.699155	185.406880	-0.362152	-0.500140	0.786579
22403.244000	1.290385	-11.913918	185.532360	-0.362875	-0.500577	0.785967
22445.508000	1.250447	-12.124374	185.658000	-0.363615	-0.501001	0.785355
22487.514000	1.214998	-12.335284	185.783560	-0.364357	-0.501408	0.784751
22529.506000	1.179902	-12.541879	185.909160	-0.365103	-0.501801	0.784153
22571.782000	1.145112	-12.744156	186.034800	-0.365849	-0.502181	0.783562
22613.808000	1.110539	-12.942108	186.160400	-0.366584	-0.502546	0.782984
22656.016000	1.076227	-13.135736	186.286000	-0.367311	-0.502896	0.782418
22698.014000	1.046497	-13.325304	186.411600	-0.368019	-0.503239	0.781865
22740.284000	1.016973	-13.510560	186.541720	-0.368718	-0.503578	0.781317
22782.290000	0.983154	-13.691228	186.676280	-0.369400	-0.503907	0.780782
22824.500000	0.949098	-13.872012	186.810680	-0.370058	-0.504226	0.780265
22866.520000	0.914934	-14.053056	186.944880	-0.370704	-0.504515	0.779771
22908.496000	0.880667	-14.234272	187.078960	-0.371340	-0.504789	0.779291
22950.754000	0.846761	-14.411040	187.213120	-0.371979	-0.505059	0.778811
22992.794000	0.817354	-14.588128	187.347320	-0.372624	-0.505329	0.778328
23035.030000	0.783877	-14.760644	187.486080	-0.373278	-0.505590	0.777845
23077.212000	0.750794	-14.928896	187.624840	-0.373939	-0.505829	0.777371
23119.330000	0.713377	-15.097068	187.763520	-0.374615	-0.506045	0.776906
23161.352000	0.676081	-15.265472	187.902120	-0.375303	-0.506235	0.776449
23203.294000	0.634357	-15.433708	188.045160	-0.375994	-0.506419	0.775995
23245.596000	0.593055	-15.597400	188.183880	-0.376697	-0.506603	0.775534
23287.840000	0.552079	-15.756508	188.322800	-0.377400	-0.506801	0.775062
23329.960000	0.515518	-15.915836	188.461760	-0.378097	-0.507008	0.774587
23371.878000	0.478682	-16.075188	188.600680	-0.378768	-0.507215	0.774124
23414.024000	0.437130	-16.234068	188.739480	-0.379409	-0.507437	0.773665
23456.048000	0.395271	-16.392788	188.878320	-0.380017	-0.507677	0.773208
23498.300000	0.357291	-16.556076	189.017040	-0.380598	-0.507939	0.772751
23540.312000	0.319500	-16.714768	189.155920	-0.381165	-0.508216	0.772288
23582.264000	0.281176	-16.877760	189.294680	-0.381709	-0.508510	0.771826
23624.724000	0.237908	-17.044784	189.433280	-0.382234	-0.508814	0.771366
23666.578000	0.199297	-17.207472	189.567560	-0.382744	-0.509128	0.770906
23708.814000	0.160370	-17.374612	189.701760	-0.383255	-0.509444	0.770443
23750.976000	0.121620	-17.541808	189.836000	-0.383785	-0.509752	0.769975
23792.832000	0.078863	-17.704336	189.970320	-0.384329	-0.510050	0.769506
23835.078000	0.040346	-17.871584	190.100120	-0.384883	-0.510344	0.769035
23877.154000	0.002233	-18.034432	190.230000	-0.385445	-0.510629	0.768564
23919.364000	-0.035954	-18.197172	190.355400	-0.385997	-0.510916	0.768096
23961.276000	-0.078730	-18.359580	190.480720	-0.386534	-0.511203	0.767635
24003.640000	-0.122006	-18.526472	190.605880	-0.387053	-0.511489	0.767182
24045.580000	-0.165008	-18.688864	190.731160	-0.387567	-0.511780	0.766729
24087.634000	-0.208414	-18.855660	190.856320	-0.388072	-0.512076	0.766276
24129.980000	-0.251856	-19.022316	190.981600	-0.388573	-0.512388	0.765813
24171.866000	-0.295385	-19.188920	191.106880	-0.389065	-0.512705	0.765351
24214.182000	-0.343320	-19.355168	191.232160	-0.389561	-0.513024	0.764885
24256.194000	-0.386529	-19.521876	191.353000	-0.390086	-0.513320	0.764418
24298.282000	-0.433747	-19.688556	191.469320	-0.390656	-0.513573	0.763957
24340.436000	-0.485265	-19.859812	191.585520	-0.391279	-0.513780	0.763499
24382.500000	-0.540494	-20.026696	191.701760	-0.391947	-0.513944	0.763046
24424.624000	-0.599785	-20.193520	191.817960	-0.392655	-0.514079	0.762591
24466.632000	-0.658717	-20.360536	191.929800	-0.393403	-0.514184	0.762135
24508.794000	-0.716989	-20.523400	192.041680	-0.394187	-0.514257	0.761680
24550.766000	-0.779368	-20.686196	192.153520	-0.395006	-0.514301	0.761226
24593.008000	-0.846349	-20.853324	192.265240	-0.395845	-0.514324	0.760774
24635.034000	-0.912987	-21.020748	192.376960	-0.396720	-0.514317	0.760323
24677.022000	-0.979092	-21.183876	192.488840	-0.397620	-0.514293	0.759869
24719.274000	-1.049792	-21.351240	192.600600	-0.398537	-0.514257	0.759413
24761.302000	-1.120086	-21.514160	192.712480	-0.399464	-0.514220	0.758951
24803.626000	-1.195149	-21.681216	192.824280	-0.400390	-0.514182	0.758489
24845.772000	-1.265674	-21.848688	192.936080	-0.401325	-0.514134	0.758027
24887.840000	-1.340659	-22.015928	193.047840	-0.402260	-0.514076	0.757570
24929.844000	-1.415603	-22.183220	193.159600	-0.403201	-0.514015	0.757112
24971.818000	-1.490140	-22.346064	193.271520	-0.404151	-0.513953	0.756647
25014.114000	-1.560536	-22.513636	193.383360	-0.405100	-0.513893	0.756180
25056.214000	-1.635157	-22.676384	193.495280	-0.406039	-0.513839	0.755712
25098.380000	-1.709959	-22.839120	193.607120	-0.406959	-0.513786	0.755254
25140.618000	-1.780520	-23.002092	193.714440	-0.407855	-0.513732	0.754807
25182.588000	-1.851265	-23.165096	193.821600	-0.408730	-0.513673	0.754374
25224.600000	-1.922226	-23.327948	193.928720	-0.409581	-0.513629	0.753942
25266.902000	-1.989000	-23.491004	194.035880	-0.410406	-0.513601	0.753512
25308.994000	-2.055803	-23.649356	194.143040	-0.411192	-0.513597	0.753087
25350.878000	-2.118922	-23.812320	194.254560	-0.411931	-0.513621	0.752666
25393.052000	-2.177712	-23.970932	194.366080	-0.412621	-0.513667	0.752257
25435.108000	-2.237215	-24.133828	194.477400	-0.413270	-0.513733	0.751855
25477.284000	-2.292310	-24.292560	194.588720	-0.413882	-0.513803	0.751471
25519.344000	-2.343132	-24.451596	194.699880	-0.414472	-0.513873	0.751098
25561.566000	-2.398908	-24.614796	194.810880	-0.415043	-0.513940	0.750736
25603.566000	-2.450102	-24.773936	194.921880	-0.415596	-0.514002	0.750388
25645.590000	-2.496661	-24.928928	195.032840	-0.416132	-0.514062	0.750050
25687.860000	-2.547581	-25.079088	195.143880	-0.416645	-0.514130	0.749718
25729.826000	-2.594180	-25.229508	195.254880	-0.417143	-0.514204	0.749391
25772.148000	-2.636142	-25.375736	195.366000	-0.417628	-0.514284	0.749065
25814.044000	-2.678643	-25.526352	195.476920	-0.418089	-0.514371	0.748748
25856.342000	-2.716597	-25.672772	195.587880	-0.418525	-0.514464	0.748441
25898.372000	-2.755130	-25.823488	195.698720	-0.418934	-0.514576	0.748135
25940.380000	-2.789109	-25.969916	195.809640	-0.419319	-0.514703	0.747832
25982.614000	-2.823621	-26.120640	195.920400	-0.419680	-0.514845	0.747532
26024.684000	-2.853990	-26.271568	196.031120	-0.420007	-0.514999	0.747241
26066.850000	-2.888852	-26.417608	196.141880	-0.420299	-0.515169	0.746960
26108.898000	-2.919886	-26.568304	196.252400	-0.420556	-0.515350	0.746691
26151.102000	-2.947164	-26.723496	196.358240	-0.420770	-0.515550	0.746432
26193.098000	-2.974479	-26.874072	196.464080	-0.420947	-0.515766	0.746183
26235.250000	-3.002240	-27.024520	196.569760	-0.421075	-0.515996	0.745951
26277.556000	-3.021345	-27.170952	196.670840	-0.421140	-0.516236	0.745749
26319.360000	-3.036694	-27.317408	196.767200	-0.421128	-0.516496	0.745576
26361.680000	-3.043874	-27.464104	196.858960	-0.421037	-0.516789	0.745424
26403.702000	-3.046988	-27.601472	196.941760	-0.420832	-0.517140	0.745296
26445.800000	-3.042388	-27.738584	197.015480	-0.420497	-0.517566	0.745190
26487.788000	-3.029619	-27.866472	197.080240	-0.420012	-0.518072	0.745112
26530.006000	-3.008898	-27.989468	197.136080	-0.419386	-0.518672	0.745047
26572.012000	-2.988773	-28.102528	197.183160	-0.418627	-0.519362	0.744993
26614.032000	-2.960186	-28.206196	197.216960	-0.417745	-0.520138	0.744946
26656.420000	-2.927880	-28.304764	197.241920	-0.416748	-0.520998	0.744904
26698.508000	-2.887047	-28.394184	197.258120	-0.415639	-0.521929	0.744872
26740.714000	-2.838080	-28.478848	197.260880	-0.414409	-0.522930	0.744855
26782.550000	-2.780546	-28.554456	197.254840	-0.413070	-0.523993	0.744852
26824.818000	-2.718692	-28.620980	197.239840	-0.411645	-0.525086	0.744871
26866.780000	-2.656228	-28.674048	197.216040	-0.410180	-0.526168	0.744916
26908.782000	-2.592994	-28.718460	197.183240	-0.408726	-0.527201	0.744985
26951.046000	-2.528455	-28.749868	197.141520	-0.407301	-0.528166	0.745081
26993.208000	-2.462890	-28.772868	197.090760	-0.405915	-0.529056	0.745207
27035.416000	-2.396168	-28.782920	197.035720	-0.404551	-0.529891	0.745355
27077.420000	-2.324250	-28.784360	196.971760	-0.403192	-0.530704	0.745513
27119.620000	-2.247400	-28.781556	196.898960	-0.401845	-0.531502	0.745672
27161.596000	-2.169585	-28.765292	196.822120	-0.400499	-0.532303	0.745824
27203.590000	-2.091031	-28.740028	196.741040	-0.399161	-0.533100	0.745972
27245.808000	-2.011809	-28.705612	196.651280	-0.397823	-0.533901	0.746114
27287.906000	-1.927688	-28.666772	196.552880	-0.396497	-0.534712	0.746239
27330.130000	-1.842961	-28.623356	196.450320	-0.395201	-0.535527	0.746342
27372.162000	-1.757494	-28.575416	196.343600	-0.393948	-0.536338	0.746423
27414.392000	-1.679839	-28.517964	196.232720	-0.392742	-0.537132	0.746487
27456.388000	-1.601531	-28.460924	196.121960	-0.391606	-0.537883	0.746543
27498.328000	-1.530670	-28.394864	196.011480	-0.390561	-0.538581	0.746587
27540.566000	-1.458772	-28.329444	195.905680	-0.389629	-0.539220	0.746613
27582.602000	-1.394417	-28.259556	195.800080	-0.388810	-0.539793	0.746626
27624.818000	-1.324783	-28.190548	195.694560	-0.388081	-0.540308	0.746633
27666.884000	-1.258656	-28.117380	195.593640	-0.387424	-0.540771	0.746639
27709.114000	-1.191494	-28.040412	195.497240	-0.386844	-0.541172	0.746649
27751.116000	-1.132509	-27.963412	195.400840	-0.386346	-0.541513	0.746659
27793.384000	-1.077182	-27.886812	195.313360	-0.385934	-0.541796	0.746667
27835.396000	-1.030033	-27.810224	195.225840	-0.385603	-0.542013	0.746681
27877.358000	-0.986727	-27.733684	195.138360	-0.385338	-0.542190	0.746689
27919.552000	-0.938716	-27.657628	195.055440	-0.385101	-0.542360	0.746688
27961.616000	-0.890779	-27.581340	194.972560	-0.384854	-0.542551	0.746677
28003.844000	-0.843111	-27.504868	194.894320	-0.384581	-0.542776	0.746654
28045.924000	-0.795694	-27.428064	194.816200	-0.384282	-0.543038	0.746617
28088.086000	-0.748028	-27.346608	194.733640	-0.383973	-0.543307	0.746580
28130.238000	-0.704292	-27.260668	194.651120	-0.383685	-0.543546	0.746554
28172.380000	-0.659519	-27.166408	194.573160	-0.383444	-0.543734	0.746541
28214.282000	-0.613905	-27.068128	194.490640	-0.383255	-0.543862	0.746545
28256.352000	-0.567443	-26.966124	194.412600	-0.383128	-0.543926	0.746564
28298.582000	-0.520031	-26.860344	194.334480	-0.383068	-0.543916	0.746602
28340.592000	-0.476141	-26.750624	194.260720	-0.383076	-0.543828	0.746662
28382.546000	-0.435486	-26.632404	194.186960	-0.383148	-0.543664	0.746744
28424.818000	-0.397984	-26.505820	194.113120	-0.383292	-0.543407	0.746858
28466.762000	-0.359347	-26.375940	194.043560	-0.383527	-0.543038	0.747005
28509.154000	-0.324044	-26.242164	193.973880	-0.383849	-0.542577	0.747175
28551.058000	-0.292039	-26.104628	193.904000	-0.384261	-0.542007	0.747377
28593.364000	-0.262887	-25.958980	193.834040	-0.384779	-0.541320	0.747608
28635.390000	-0.232450	-25.809996	193.763960	-0.385403	-0.540515	0.747869
28677.394000	-0.209613	-25.657232	193.698120	-0.386136	-0.539583	0.748164
28719.600000	-0.185375	-25.501280	193.636560	-0.386986	-0.538523	0.748488
28761.568000	-0.164244	-25.341572	193.570400	-0.387947	-0.537346	0.748837
28803.988000	-0.141842	-25.178576	193.508600	-0.389011	-0.536053	0.749211
28845.844000	-0.117690	-25.007744	193.442360	-0.390196	-0.534638	0.749606
28888.088000	-0.092170	-24.833544	193.380560	-0.391495	-0.533114	0.750015
28930.052000	-0.065324	-24.655932	193.323280	-0.392905	-0.531491	0.750428
28972.336000	-0.046521	-24.478460	193.261360	-0.394405	-0.529773	0.750856
29014.296000	-0.026660	-24.297512	193.203920	-0.395989	-0.527962	0.751298
29056.374000	-0.010227	-24.112708	193.146360	-0.397648	-0.526053	0.751761
29098.608000	0.002775	-23.924088	193.088680	-0.399382	-0.524040	0.752248
29140.594000	0.016205	-23.740848	193.035280	-0.401198	-0.521938	0.752742
29182.798000	0.025861	-23.557980	192.981920	-0.403089	-0.519764	0.753236
29224.808000	0.040819	-23.376308	192.928480	-0.405071	-0.517495	0.753735
29267.092000	0.056805	-23.191048	192.875080	-0.407130	-0.515134	0.754243
29309.064000	0.064823	-23.001568	192.821600	-0.409256	-0.512678	0.754765
29351.100000	0.073358	-22.813000	192.772480	-0.411439	-0.510136	0.755301
29393.386000	0.078352	-22.620372	192.718880	-0.413685	-0.507506	0.755846
29435.326000	0.084000	-22.428664	192.669640	-0.415999	-0.504784	0.756398
29477.712000	0.090220	-22.237744	192.624920	-0.418377	-0.501989	0.756946
29519.652000	0.092560	-22.046900	192.575880	-0.420816	-0.499141	0.757478
29561.894000	0.095751	-21.852252	192.531560	-0.423314	-0.496234	0.757995
29603.926000	0.103508	-21.662768	192.487280	-0.425857	-0.493283	0.758497
29645.948000	0.107020	-21.473216	192.443120	-0.428422	-0.490305	0.758983
29688.148000	0.110636	-21.284000	192.403480	-0.430999	-0.487300	0.759459
29730.146000	0.114481	-21.094884	192.359560	-0.433599	-0.484274	0.759915
29772.368000	0.118587	-20.905932	192.315920	-0.436227	-0.481231	0.760344
29814.404000	0.118029	-20.721412	192.276760	-0.438869	-0.478166	0.760757
29856.606000	0.117611	-20.536984	192.233240	-0.441522	-0.475079	0.761155
29898.676000	0.112628	-20.352380	192.194320	-0.444165	-0.471987	0.761542
29940.594000	0.107361	-20.172420	192.155400	-0.446812	-0.468876	0.761915
29982.984000	0.098026	-19.992612	192.112040	-0.449497	-0.465701	0.762283
30024.924000	0.094012	-19.804616	192.073600	-0.452210	-0.462496	0.762629
30067.124000	0.090259	-19.616780	192.035360	-0.454950	-0.459272	0.762948
30109.120000	0.091020	-19.429164	191.992920	-0.457694	-0.456047	0.763241
30151.380000	0.091771	-19.241568	191.955200	-0.460439	-0.452830	0.763505
30193.378000	0.092492	-19.053872	191.913200	-0.463179	-0.449613	0.763750
30235.620000	0.093151	-18.866276	191.875800	-0.465911	-0.446394	0.763976
30277.598000	0.084569	-18.677740	191.834080	-0.468607	-0.443198	0.764188
30319.598000	0.075027	-18.498104	191.796680	-0.471269	-0.440014	0.764390
30361.838000	0.064930	-18.322572	191.754920	-0.473904	-0.436856	0.764573
30403.834000	0.054348	-18.151304	191.713240	-0.476519	-0.433718	0.764734
30446.090000	0.048002	-17.980204	191.671640	-0.479109	-0.430593	0.764881
30488.114000	0.036984	-17.808640	191.630240	-0.481677	-0.427486	0.765011
30530.336000	0.025363	-17.641224	191.584360	-0.484213	-0.424402	0.765128
30572.400000	0.017787	-17.473976	191.543040	-0.486706	-0.421343	0.765237
30614.364000	0.009868	-17.306552	191.497240	-0.489160	-0.418293	0.765346
30656.636000	0.001675	-17.139156	191.451440	-0.491584	-0.415239	0.765455
30698.580000	0.002068	-16.972412	191.405640	-0.493973	-0.412183	0.765569
30740.880000	0.001926	-16.810136	191.355280	-0.496339	-0.409115	0.765684
30782.858000	0.010254	-16.648236	191.304920	-0.498655	-0.406074	0.765798
30824.840000	0.018000	-16.486196	191.254400	-0.500910	-0.403048	0.765926
30867.118000	0.029777	-16.324160	191.199480	-0.503117	-0.400045	0.766054
30909.084000	0.041054	-16.161964	191.149000	-0.505272	-0.397070	0.766182
30951.376000	0.060545	-16.004540	191.093920	-0.507384	-0.394117	0.766312
30993.462000	0.079460	-15.846888	191.038680	-0.509432	-0.391187	0.766454
31035.664000	0.101597	-15.693436	190.983280	-0.511383	-0.388320	0.766613
31077.764000	0.126938	-15.548932	190.927520	-0.513268	-0.385482	0.766785
31119.834000	0.151675	-15.404096	190.867160	-0.515087	-0.382670	0.766974
31161.904000	0.180507	-15.259504	190.806760	-0.516868	-0.379866	0.767169
31203.922000	0.217848	-15.115376	190.746280	-0.518606	-0.377079	0.767372
31246.116000	0.255101	-14.966720	190.685840	-0.520300	-0.374301	0.767585
31288.120000	0.300571	-14.823304	190.625160	-0.521957	-0.371509	0.767817
31330.442000	0.350168	-14.680312	190.564320	-0.523578	-0.368705	0.768064
31372.426000	0.404302	-14.533256	190.503560	-0.525174	-0.365892	0.768320
31414.376000	0.462615	-14.386540	190.442680	-0.526739	-0.363076	0.768584
31456.644000	0.521082	-14.235212	190.377480	-0.528285	-0.360267	0.768845
31498.894000	0.583886	-14.084432	190.316840	-0.529823	-0.357445	0.769104
31540.882000	0.650615	-13.938348	190.251600	-0.531338	-0.354621	0.769366
31582.840000	0.721906	-13.788352	190.190880	-0.532832	-0.351783	0.769636
31625.218000	0.792701	-13.642916	190.125480	-0.534304	-0.348923	0.769917
31667.172000	0.862885	-13.502104	190.064360	-0.535749	-0.346057	0.770206
31709.502000	0.937335	-13.361688	190.003200	-0.537173	-0.343182	0.770500
31751.356000	1.007251	-13.220936	189.937600	-0.538588	-0.340299	0.770791
31793.356000	1.081342	-13.080452	189.876480	-0.539975	-0.337432	0.771082
31835.592000	1.150564	-12.944232	189.815280	-0.541350	-0.334552	0.771372
31877.626000	1.223919	-12.812828	189.754080	-0.542725	-0.331665	0.771652
31919.824000	1.301721	-12.681832	189.692960	-0.544100	-0.328770	0.771924
31961.892000	1.384045	-12.551476	189.631840	-0.545479	-0.325838	0.772193
32004.108000	1.461893	-12.421124	189.570680	-0.546857	-0.322872	0.772464
32046.148000	1.544258	-12.290944	189.505240	-0.548239	-0.319909	0.772717
32088.272000	1.631015	-12.161184	189.444360	-0.549617	-0.316948	0.772959
32130.418000	1.713248	-12.030952	189.379040	-0.550982	-0.313989	0.773195
32172.478000	1.799217	-11.909844	189.313640	-0.552337	-0.311041	0.773419
32214.580000	1.884631	-11.793232	189.252560	-0.553668	-0.308099	0.773645
32256.576000	1.969609	-11.680960	189.187000	-0.554986	-0.305159	0.773866
32298.954000	2.058676	-11.573500	189.121360	-0.556297	-0.302214	0.774081
32340.884000	2.147668	-11.465808	189.055840	-0.557598	-0.299292	0.774279
32382.838000	2.240310	-11.367196	188.990240	-0.558884	-0.296388	0.774470
32425.116000	2.328062	-11.272604	188.920080	-0.560155	-0.293485	0.774657
32467.076000	2.420152	-11.178564	188.854400	-0.561415	-0.290567	0.774844
32509.314000	2.516237	-11.089372	188.788640	-0.562661	-0.287642	0.775032
32551.324000	2.616252	-11.004664	188.722840	-0.563883	-0.284747	0.775213
32593.674000	2.720548	-10.920124	188.657040	-0.565085	-0.281866	0.775391
32635.750000	2.824354	-10.839933	188.591240	-0.566270	-0.278998	0.775563
32677.572000	2.932355	-10.759858	188.525440	-0.567429	-0.276152	0.775735
32719.814000	3.044708	-10.679718	188.455280	-0.568571	-0.273334	0.775897
32761.862000	3.156793	-10.599389	188.389680	-0.569689	-0.270549	0.776052
32804.062000	3.272485	-10.528086	188.323880	-0.570784	-0.267785	0.776207
32846.258000	3.388038	-10.456818	188.258120	-0.571866	-0.265019	0.776360
32888.582000	3.507854	-10.385987	188.192240	-0.572926	-0.262238	0.776522
32930.392000	3.564513	-10.347716	188.157000	-0.573476	-0.260857	0.776581
32972.414000	3.620284	-10.309590	188.123391	-0.574009	-0.259478	0.776650
33014.692000	3.674720	-10.276372	188.086591	-0.574526	-0.258124	0.776719
33056.812000	3.733393	-10.244018	188.051619	-0.575035	-0.256792	0.776783
33098.866000	3.791405	-10.212609	188.018600	-0.575538	-0.255448	0.776854
33140.876000	3.848790	-10.182167	187.982000	-0.576043	-0.254087	0.776926
33183.210000	3.911608	-10.153438	187.947500	-0.576555	-0.252709	0.776996
33225.182000	3.974662	-10.119769	187.915529	-0.577067	-0.251304	0.777071
33267.172000	4.037614	-10.086824	187.879500	-0.577584	-0.249887	0.777144
33309.464000	4.100339	-10.054919	187.846000	-0.578103	-0.248458	0.777217
33351.548000	4.162645	-10.024013	187.815643	-0.578609	-0.247042	0.777291
33393.678000	4.224536	-9.994414	187.780462	-0.579106	-0.245613	0.777374
