50.978000	-23.191200	-0.140691	186.780000	-0.681166	0.109329	0.723920
101.977000	-23.351000	-0.188216	186.793000	-0.680331	0.107259	0.725010
153.080000	-23.499300	-0.229899	186.808000	-0.679509	0.105222	0.726082
204.179000	-23.329900	-0.110536	186.908000	-0.679053	0.104120	0.726666
255.248000	-23.158600	0.010135	187.010000	-0.678612	0.103102	0.727224
306.384000	-22.938800	0.163175	187.181000	-0.678498	0.103987	0.727204
357.449000	-22.729800	0.308420	187.346000	-0.678379	0.104806	0.727198
408.569000	-22.755700	0.284914	187.379000	-0.678150	0.104180	0.727501
459.620000	-22.780200	0.262927	187.406000	-0.677922	0.103516	0.727809
510.726000	-22.780200	0.268120	187.355000	-0.677694	0.102142	0.728214
561.817000	-22.780200	0.273410	187.303000	-0.677461	0.100736	0.728628
613.036000	-22.780200	0.280456	187.235000	-0.677117	0.098741	0.729218
663.993000	-22.780200	0.287169	187.169000	-0.676781	0.096808	0.729791
715.225000	-22.780200	0.288948	187.152000	-0.676552	0.095727	0.730145
766.328000	-22.785800	0.286309	187.136000	-0.676330	0.094686	0.730487
817.392000	-22.876100	0.216708	187.129000	-0.676215	0.094223	0.730653
868.542000	-22.966600	0.147028	187.122000	-0.676094	0.093729	0.730830
919.614000	-23.057200	0.077611	187.114000	-0.675865	0.092801	0.731159
970.756000	-23.145300	0.010350	187.104000	-0.675636	0.091853	0.731491
1021.767000	-23.197200	-0.025624	187.066000	-0.675406	0.090622	0.731855
1072.825000	-23.248200	-0.061031	187.030000	-0.675169	0.089370	0.732229
1123.960000	-23.287200	-0.088842	187.010000	-0.674824	0.087823	0.732732
1175.068000	-23.324300	-0.115384	186.991000	-0.674488	0.086319	0.733223
1226.126000	-23.337300	-0.125240	186.989000	-0.674258	0.085388	0.733543
1277.219000	-23.352100	-0.136539	186.988000	-0.674044	0.084524	0.733840
1328.298000	-23.391100	-0.166062	186.985000	-0.674044	0.084524	0.733840
1379.381000	-23.428200	-0.194129	186.982000	-0.674044	0.084524	0.733840
1430.474000	-23.441200	-0.203965	186.981000	-0.674044	0.084524	0.733840
1481.530000	-23.455100	-0.214654	186.981000	-0.674053	0.084570	0.733827
1532.612000	-23.481100	-0.236064	186.996000	-0.674167	0.085185	0.733650
1583.850000	-23.507200	-0.257410	187.010000	-0.674283	0.085791	0.733473
1634.811000	-23.533300	-0.277067	187.008000	-0.674398	0.086257	0.733313
1685.882000	-23.557000	-0.296299	187.005000	-0.674507	0.086663	0.733165
1737.050000	-23.552900	-0.310235	186.986000	-0.674540	0.086374	0.733168
1788.179000	-23.546800	-0.352094	186.966000	-0.674613	0.085846	0.733161
1839.272000	-23.520300	-0.688960	186.930000	-0.675114	0.082785	0.733047
1890.246000	-23.492900	-1.033550	186.893000	-0.675615	0.079622	0.732941
1941.289000	-23.455500	-1.457660	186.849000	-0.676118	0.075409	0.732912
1992.377000	-23.420300	-1.896980	186.801000	-0.676638	0.071082	0.732873
2043.464000	-23.408500	-2.492420	186.720000	-0.677318	0.065605	0.732739
2094.572000	-23.385600	-3.093760	186.640000	-0.678034	0.060124	0.732564
2145.654000	-23.250600	-3.753780	186.570000	-0.679111	0.054620	0.731980
2196.721000	-23.115300	-4.407240	186.500000	-0.680171	0.049163	0.731400
2247.795000	-22.977100	-4.993810	186.438000	-0.681063	0.044185	0.730873
2298.881000	-22.838800	-5.573720	186.377000	-0.681942	0.039256	0.730350
2349.933000	-22.700500	-6.085800	186.323000	-0.682673	0.034826	0.729880
2401.072000	-22.560800	-6.608540	186.264000	-0.683410	0.030281	0.729402
2452.159000	-22.409800	-7.224450	186.160000	-0.684202	0.024719	0.728852
2503.320000	-22.254200	-7.833040	186.060000	-0.684981	0.019201	0.728304
2554.354000	-22.058600	-8.364090	185.984000	-0.685639	0.014189	0.727786
2605.438000	-21.858000	-8.909400	185.901000	-0.686287	0.008956	0.727269
2656.512000	-21.614200	-9.577460	185.751000	-0.686845	0.001778	0.726766
2707.845000	-21.357700	-10.267900	185.595000	-0.687447	-0.005568	0.726203
2758.783000	-21.001100	-11.125300	185.383000	-0.688405	-0.014099	0.725138
2809.776000	-20.646400	-11.969900	185.180000	-0.689397	-0.022321	0.724036
2860.978000	-20.301400	-12.716700	185.057000	-0.690687	-0.027996	0.722588
2912.055000	-19.947100	-13.482600	184.931000	-0.691975	-0.033861	0.721118
2963.156000	-19.509900	-14.419800	184.785000	-0.693272	-0.041388	0.719444
3014.254000	-19.073200	-15.349600	184.642000	-0.694528	-0.048889	0.717794
3065.379000	-18.641400	-16.218200	184.523000	-0.695450	-0.056177	0.716337
3116.460000	-18.202300	-17.087700	184.402000	-0.696378	-0.063482	0.714853
3167.543000	-17.698700	-17.968800	184.259000	-0.697372	-0.070969	0.713145
3218.627000	-17.185800	-18.845800	184.117000	-0.698325	-0.078524	0.711451
3269.752000	-16.596900	-19.691500	183.977000	-0.698940	-0.086636	0.709866
3320.846000	-15.986900	-20.539800	183.834000	-0.699446	-0.095042	0.708320
3371.942000	-15.216100	-21.409700	183.667000	-0.699118	-0.105682	0.707073
3423.016000	-14.433900	-22.281100	183.487000	-0.698687	-0.116581	0.705838
3474.149000	-13.565800	-23.164500	183.207000	-0.697503	-0.129412	0.704682
3525.204000	-12.694600	-24.034500	182.930000	-0.696343	-0.142047	0.703492
3576.313000	-11.798300	-24.804900	182.678000	-0.695368	-0.153228	0.702040
3627.388000	-10.890800	-25.550000	182.432000	-0.694405	-0.164224	0.700579
3678.486000	-9.901380	-26.119700	182.225000	-0.693524	-0.173946	0.699050
3729.516000	-8.900210	-26.636600	182.028000	-0.692558	-0.183502	0.697620
3780.599000	-7.816930	-26.776700	181.895000	-0.690982	-0.191869	0.696892
3831.838000	-6.759480	-26.905100	181.760000	-0.688915	-0.199991	0.696693
3882.895000	-5.895630	-26.953500	181.615000	-0.683676	-0.206328	0.699957
3933.957000	-5.033650	-26.999000	181.478000	-0.677926	-0.212474	0.703727
3985.047000	-4.184470	-27.026900	181.383000	-0.669021	-0.217432	0.710623
4036.150000	-3.346830	-27.056200	181.293000	-0.660125	-0.222130	0.717537
4087.246000	-2.585760	-27.094400	181.241000	-0.651307	-0.225130	0.724558
4138.336000	-1.845530	-27.138100	181.189000	-0.642823	-0.228157	0.731235
4189.411000	-1.235690	-27.215900	181.133000	-0.636425	-0.231343	0.735781
4240.532000	-0.630476	-27.294700	181.080000	-0.630327	-0.234652	0.740011
4291.680000	-0.053845	-27.378900	181.046000	-0.626051	-0.238698	0.742324
4342.723000	0.522255	-27.455900	181.015000	-0.621783	-0.242555	0.744677
4393.975000	1.103650	-27.490800	181.011000	-0.617504	-0.245343	0.747304
4444.913000	1.677180	-27.525900	181.003000	-0.613338	-0.248115	0.749832
4495.966000	2.222530	-27.562400	180.975000	-0.609698	-0.250877	0.751868
4547.093000	2.780950	-27.590200	180.951000	-0.605936	-0.253747	0.753952
4598.160000	3.407170	-27.567800	180.954000	-0.601535	-0.257193	0.756288
4649.261000	4.035120	-27.542500	180.958000	-0.597274	-0.260576	0.758523
4700.341000	4.670460	-27.501600	180.963000	-0.593822	-0.263588	0.760180
4751.409000	5.316060	-27.463000	180.968000	-0.590305	-0.266485	0.761918
4802.472000	6.023050	-27.437200	180.971000	-0.586398	-0.268713	0.764137
4853.602000	6.736170	-27.422500	180.973000	-0.582419	-0.270831	0.766440
4904.644000	7.476740	-27.468600	180.967000	-0.578080	-0.272330	0.769176
4955.835000	8.224280	-27.500500	180.967000	-0.573740	-0.273753	0.771929
5006.802000	8.994690	-27.457400	180.996000	-0.569473	-0.274750	0.774717
5058.066000	9.762180	-27.412300	181.021000	-0.565301	-0.275734	0.777432
5109.134000	10.489100	-27.357700	181.028000	-0.561756	-0.276621	0.779675
5160.205000	11.219300	-27.298900	181.047000	-0.558179	-0.277203	0.782041
5211.302000	11.966900	-27.219200	181.128000	-0.554434	-0.276268	0.785020
5262.492000	12.701300	-27.140200	181.204000	-0.550503	-0.274974	0.788239
5313.442000	13.365400	-27.065500	181.260000	-0.545735	-0.271996	0.792555
5364.527000	14.002500	-27.005300	181.310000	-0.541054	-0.268876	0.796838
5415.586000	14.503400	-27.015100	181.331000	-0.536843	-0.265118	0.800915
5466.785000	14.963800	-26.977600	181.363000	-0.533071	-0.261224	0.804729
5517.698000	15.225600	-26.714700	181.444000	-0.531436	-0.256725	0.807242
5568.852000	15.490500	-26.442700	181.530000	-0.529728	-0.252232	0.809788
5623.910000	15.788400	-26.108100	181.647000	-0.527551	-0.247474	0.812661
5675.043000	16.089000	-25.761700	181.795000	-0.525508	-0.242206	0.815564
5726.086000	16.457800	-25.314100	182.056000	-0.523400	-0.234535	0.819130
5777.157000	16.841300	-25.034900	182.271000	-0.521068	-0.226657	0.822843
5828.415000	17.268100	-25.241800	182.359000	-0.518084	-0.218172	0.826982
5879.435000	17.664800	-25.345300	182.471000	-0.515956	-0.208776	0.830742
5930.382000	17.979100	-25.163000	182.651000	-0.516196	-0.196844	0.833460
5981.586000	18.251700	-25.020200	182.809000	-0.516704	-0.184470	0.836004
6032.690000	18.404700	-24.989000	182.903000	-0.517951	-0.171056	0.838031
6083.750000	18.583200	-24.870600	183.013000	-0.519638	-0.157218	0.839731
6134.827000	18.830200	-24.519600	183.166000	-0.522500	-0.142209	0.840567
6185.927000	19.114900	-24.119400	183.319000	-0.525366	-0.126172	0.841369
6237.004000	19.501000	-23.587500	183.469000	-0.528238	-0.107391	0.842079
6288.064000	19.845500	-23.108100	183.584000	-0.531176	-0.087847	0.842563
6339.162000	20.077800	-22.770000	183.601000	-0.534305	-0.066182	0.842436
6390.220000	20.321100	-22.414000	183.626000	-0.537862	-0.044695	0.841714
6441.356000	20.594000	-22.009900	183.672000	-0.542549	-0.023596	0.839433
6492.446000	20.806300	-21.695500	183.708000	-0.547240	-0.002872	0.836850
6543.528000	20.860500	-21.614000	183.718000	-0.551954	0.016935	0.833469
6594.878000	20.953000	-21.475900	183.752000	-0.556405	0.035562	0.830072
6645.672000	21.140100	-21.198500	183.849000	-0.560142	0.050999	0.826678
6696.776000	21.304400	-20.954400	183.936000	-0.562648	0.066017	0.823999
6747.842000	21.410500	-20.795400	183.997000	-0.562064	0.079873	0.823121
6798.940000	21.566600	-20.554500	184.049000	-0.560985	0.093153	0.822524
6850.019000	21.845300	-20.112900	184.078000	-0.558691	0.105005	0.822620
6901.120000	22.142000	-19.632800	184.068000	-0.556267	0.116918	0.822692
6952.338000	22.483100	-19.058000	183.963000	-0.553521	0.128992	0.822701
7003.310000	22.826700	-18.415700	183.862000	-0.551410	0.140884	0.822210
7054.503000	23.182000	-17.599600	183.769000	-0.550804	0.152525	0.820503
7105.617000	23.496600	-16.676600	183.679000	-0.549965	0.165227	0.818607
7156.696000	23.717400	-15.499800	183.597000	-0.548577	0.180463	0.816259
7207.773000	23.880100	-14.365000	183.500000	-0.546460	0.197402	0.813745
7258.893000	23.907200	-13.327600	183.369000	-0.542640	0.218324	0.810840
7309.953000	23.886600	-12.282600	183.256000	-0.538259	0.241125	0.807295
7360.991000	23.758200	-11.217500	183.180000	-0.532599	0.268238	0.802291
7412.102000	23.684600	-10.129000	183.110000	-0.526858	0.296209	0.796344
7463.129000	23.733700	-8.988740	183.053000	-0.520941	0.326089	0.788285
7514.248000	23.797700	-7.901740	183.039000	-0.514356	0.357225	0.779181
7565.304000	23.894000	-6.935440	183.118000	-0.506323	0.391023	0.767811
7616.380000	23.936100	-6.184530	183.190000	-0.496857	0.424896	0.756189
7667.464000	23.859300	-5.905290	183.248000	-0.484250	0.458933	0.744018
7718.552000	23.771600	-5.614860	183.302000	-0.471802	0.491266	0.731754
7769.608000	23.660300	-5.300370	183.346000	-0.459710	0.519854	0.719301
7820.854000	23.619700	-5.006530	183.388000	-0.448979	0.545869	0.707211
7871.843000	23.740300	-4.762880	183.422000	-0.441455	0.565753	0.696081
7922.910000	23.894100	-4.421510	183.452000	-0.435005	0.583962	0.685258
7974.014000	24.117200	-3.875120	183.475000	-0.430832	0.598592	0.675108
8025.088000	24.310800	-3.398990	183.505000	-0.426527	0.613192	0.664740
8076.208000	24.442900	-3.068820	183.552000	-0.421935	0.627762	0.653888
8127.618000	24.582400	-2.716740	183.602000	-0.418115	0.641768	0.642769
8178.453000	24.734500	-2.325610	183.657000	-0.415966	0.654343	0.631301
8229.553000	24.856400	-2.014420	183.725000	-0.414054	0.666464	0.619877
8280.667000	24.914100	-1.872620	183.816000	-0.412650	0.677555	0.608617
8331.738000	24.976600	-1.674840	183.916000	-0.412011	0.687522	0.597893
8382.919000	25.049200	-1.362190	184.030000	-0.412930	0.695225	0.588229
8433.969000	25.159100	-0.973838	184.171000	-0.414000	0.702017	0.579425
8484.985000	25.344700	-0.431686	184.368000	-0.415376	0.706990	0.572327
8536.092000	25.501100	0.008654	184.625000	-0.416576	0.712132	0.565053
8587.191000	25.597200	0.239888	185.003000	-0.417411	0.717603	0.557437
8638.281000	25.702800	0.501334	185.400000	-0.417886	0.722697	0.550502
8689.442000	25.827800	0.823541	185.836000	-0.417642	0.727048	0.544915
8740.438000	25.934700	1.073190	186.323000	-0.417423	0.731355	0.539304
8791.553000	26.007200	1.183520	186.913000	-0.417252	0.735608	0.533606
8842.609000	26.103600	1.391630	187.489000	-0.417321	0.739409	0.528301
8893.702000	26.247700	1.793630	188.037000	-0.417862	0.742323	0.523757
8944.986000	26.399700	2.245430	188.419000	-0.418519	0.743948	0.520944
8995.868000	26.565400	2.787720	188.485000	-0.419388	0.743127	0.521417
9047.080000	26.686800	3.184380	188.555000	-0.422419	0.741558	0.521171
9098.054000	26.723600	3.303070	188.632000	-0.429466	0.738608	0.519580
9149.100000	26.759300	3.440390	188.670000	-0.438364	0.734239	0.518280
9200.267000	26.793200	3.612860	188.636000	-0.450754	0.727193	0.517527
9251.373000	26.819900	3.740390	188.621000	-0.464570	0.719123	0.516547
9302.410000	26.833400	3.785800	188.642000	-0.481031	0.709159	0.515148
9353.468000	26.849600	3.992470	188.654000	-0.497092	0.698619	0.514409
9404.585000	26.870800	4.494740	188.650000	-0.512416	0.687025	0.514882
9455.661000	26.843000	5.070690	188.671000	-0.526176	0.676383	0.515295
9506.769000	26.725800	5.781840	188.735000	-0.537108	0.667459	0.515595
9557.858000	26.571600	6.515490	188.808000	-0.546805	0.659324	0.515981
9608.921000	26.351000	7.289430	188.894000	-0.554275	0.652611	0.516517
9660.047000	26.150200	8.066750	188.975000	-0.562176	0.645597	0.516804
9711.287000	25.984600	8.850570	189.046000	-0.570848	0.638041	0.516645
9762.151000	25.864600	9.610310	189.142000	-0.580866	0.629539	0.515867
9813.297000	25.822700	10.335800	189.283000	-0.593322	0.619305	0.514008
9864.358000	25.821700	10.975300	189.470000	-0.604721	0.609923	0.512066
9915.467000	25.890900	11.469000	189.735000	-0.614344	0.601973	0.509974
9966.551000	25.865000	11.869300	190.088000	-0.623447	0.594913	0.507272
10017.657000	25.676400	12.110100	190.591000	-0.631671	0.589371	0.503524
10068.707000	25.398300	12.456300	191.027000	-0.639014	0.583471	0.501175
10119.819000	24.969400	12.980400	191.351000	-0.644899	0.576952	0.501164
10170.936000	24.530700	13.447300	191.696000	-0.651767	0.569185	0.501123
10222.011000	24.076500	13.818200	192.074000	-0.660267	0.559348	0.501032
10273.228000	23.623800	14.194200	192.456000	-0.667940	0.549985	0.501302
10324.332000	23.176600	14.576200	192.841000	-0.674205	0.541465	0.502163
10375.425000	22.812000	14.857600	193.279000	-0.680467	0.533205	0.502587
10426.509000	22.579000	14.978300	193.799000	-0.686726	0.525361	0.502311
10477.582000	22.317500	15.107400	194.319000	-0.692079	0.517398	0.503260
10528.713000	22.009100	15.250400	194.839000	-0.695959	0.509231	0.506210
10579.792000	21.744200	15.430600	195.366000	-0.699444	0.501111	0.509522
10630.926000	21.548800	15.671200	195.908000	-0.702298	0.493055	0.513420
10682.042000	21.304200	15.916700	196.484000	-0.704338	0.485732	0.517625
10733.038000	20.982000	16.169800	197.113000	-0.705089	0.479572	0.522312
10784.133000	20.647400	16.478500	197.726000	-0.706294	0.473617	0.526128
10835.202000	20.293900	16.874000	198.313000	-0.708210	0.467995	0.528568
10886.269000	19.941100	17.219900	198.876000	-0.709466	0.463463	0.530898
10937.382000	19.589500	17.488300	199.400000	-0.709685	0.460637	0.533056
10988.475000	19.226500	17.753000	199.904000	-0.710791	0.457372	0.534391
11039.595000	18.844500	18.012200	200.375000	-0.713337	0.453389	0.534388
11090.635000	18.495200	18.248600	200.822000	-0.715442	0.449942	0.534499
11141.706000	18.194600	18.450700	201.233000	-0.716884	0.447299	0.534783
11192.815000	17.907600	18.648200	201.660000	-0.718190	0.444305	0.535525
11243.929000	17.641000	18.838800	202.109000	-0.719288	0.440781	0.536957
11295.174000	17.406700	19.042100	202.583000	-0.720038	0.437636	0.538528
11346.252000	17.221300	19.262800	203.090000	-0.720274	0.435065	0.540292
11397.331000	17.021100	19.467500	203.609000	-0.720875	0.432817	0.541301
11448.432000	16.799400	19.649300	204.143000	-0.722002	0.431035	0.541219
11499.495000	16.432300	19.779800	204.634000	-0.723272	0.429887	0.540435
11550.595000	15.857300	19.837400	205.064000	-0.724750	0.429641	0.538648
11601.687000	15.216700	19.840500	205.448000	-0.726861	0.429030	0.536277
11652.821000	14.482800	19.767000	205.765000	-0.729868	0.427904	0.533081
11703.871000	13.680700	19.706000	206.076000	-0.733254	0.426404	0.529620
11754.963000	12.779800	19.662500	206.378000	-0.737187	0.424369	0.525774
11806.040000	11.919800	19.650900	206.737000	-0.741522	0.422213	0.521388
11857.117000	11.116400	19.683500	207.175000	-0.746412	0.419887	0.516254
11908.231000	10.231300	19.732900	207.565000	-0.750255	0.418149	0.512113
11959.300000	9.235000	19.805000	207.888000	-0.752660	0.417217	0.509335
12010.388000	8.242800	19.872700	208.212000	-0.755382	0.415990	0.506295
12061.670000	7.254010	19.934700	208.539000	-0.758542	0.414359	0.502893
12112.567000	6.202860	19.992800	208.835000	-0.761576	0.412436	0.499886
12163.604000	5.061980	20.046300	209.094000	-0.764464	0.410112	0.497379
12214.685000	3.915080	20.134300	209.363000	-0.766806	0.408422	0.495172
12265.774000	2.761060	20.268200	209.646000	-0.768418	0.407574	0.493368
12316.879000	1.610810	20.402700	209.933000	-0.769886	0.406459	0.491999
12367.952000	0.466262	20.537800	210.226000	-0.771165	0.404992	0.491205
12419.135000	-0.596874	20.686800	210.510000	-0.772846	0.402265	0.490792
12470.209000	-1.547540	20.853200	210.781000	-0.775045	0.397896	0.490881
12521.293000	-2.535690	21.011200	210.966000	-0.777675	0.393056	0.490613
12572.413000	-3.574410	21.158200	211.038000	-0.780879	0.387585	0.489871
12623.484000	-4.600650	21.333200	211.114000	-0.783461	0.384091	0.488527
12674.596000	-5.613390	21.544900	211.196000	-0.785242	0.383151	0.486399
12725.662000	-6.594920	21.758000	211.276000	-0.786553	0.383201	0.484239
12776.793000	-7.537350	21.973100	211.356000	-0.787251	0.384544	0.482034
12828.085000	-8.456590	22.193200	211.398000	-0.787618	0.386165	0.480135
12878.929000	-9.341610	22.418700	211.394000	-0.787567	0.388129	0.478633
12930.017000	-10.216300	22.635200	211.373000	-0.787945	0.389183	0.477155
12981.049000	-11.077200	22.840500	211.333000	-0.788859	0.389099	0.475710
13032.200000	-11.947900	23.058200	211.284000	-0.788765	0.390245	0.474924
13083.185000	-12.828000	23.290500	211.224000	-0.787421	0.392909	0.474956
13134.269000	-13.728100	23.539800	211.154000	-0.785790	0.395329	0.475650
13185.380000	-14.651600	23.809600	211.071000	-0.783807	0.397441	0.477157
13236.521000	-15.512500	24.078600	210.994000	-0.782891	0.398365	0.477899
13287.476000	-16.291700	24.345100	210.925000	-0.783276	0.397837	0.477707
13338.603000	-16.980100	24.556100	210.859000	-0.783897	0.396455	0.477834
13389.707000	-17.555500	24.698700	210.797000	-0.784800	0.394041	0.478347
13440.785000	-18.057100	24.813400	210.724000	-0.785390	0.392054	0.479014
13492.025000	-18.471900	24.894900	210.639000	-0.785606	0.390570	0.479870
13543.079000	-18.824700	24.975600	210.584000	-0.785173	0.389861	0.481154
13594.182000	-19.105400	25.055600	210.564000	-0.783968	0.390066	0.482949
13645.367000	-19.284500	25.112700	210.561000	-0.782962	0.388623	0.485720
13696.397000	-19.345500	25.143400	210.579000	-0.782191	0.385283	0.489606
13747.443000	-19.366800	25.162500	210.587000	-0.781915	0.380191	0.493974
13798.529000	-19.342700	25.168500	210.586000	-0.782208	0.373095	0.498891
13849.594000	-19.240400	25.216700	210.573000	-0.782536	0.363973	0.505003
13900.740000	-19.049300	25.312700	210.549000	-0.782904	0.352547	0.512472
13951.840000	-18.769100	25.424100	210.514000	-0.783533	0.338421	0.520836
14002.884000	-18.390200	25.552600	210.468000	-0.784451	0.321310	0.530187
14053.893000	-17.977300	25.648300	210.366000	-0.784929	0.301584	0.540799
14104.970000	-17.525200	25.706800	210.200000	-0.784908	0.278862	0.552857
14156.087000	-17.022300	25.619500	210.089000	-0.784905	0.254399	0.564457
14207.186000	-16.464700	25.374400	210.037000	-0.784921	0.228076	0.575548
14258.284000	-15.877500	25.141400	209.987000	-0.784825	0.202870	0.585170
14309.405000	-15.258300	24.921200	209.940000	-0.784607	0.178846	0.593222
14360.611000	-14.575100	24.522500	209.954000	-0.783950	0.154834	0.600827
14411.611000	-13.826900	23.934600	210.032000	-0.782827	0.130967	0.607909
14462.650000	-13.027500	23.302000	210.127000	-0.780516	0.108122	0.615389
14513.902000	-12.170400	22.619300	210.238000	-0.776923	0.086301	0.623322
14564.964000	-11.318900	21.823500	210.402000	-0.771251	0.063479	0.632909
14616.048000	-10.469100	20.907800	210.620000	-0.763417	0.039517	0.644244
14667.159000	-9.663520	20.067900	210.821000	-0.754150	0.014807	0.656021
14718.268000	-8.904420	19.307300	211.003000	-0.743391	-0.010679	0.668257
14769.352000	-8.246770	18.665500	211.157000	-0.732255	-0.035820	0.679619
14820.347000	-7.692790	18.145200	211.281000	-0.720738	-0.060604	0.690087
14871.459000	-7.212540	17.617100	211.386000	-0.708515	-0.086297	0.699890
14922.558000	-6.807500	17.081800	211.471000	-0.695594	-0.112878	0.709008
14973.645000	-6.364200	16.552100	211.525000	-0.681514	-0.139999	0.717734
15024.754000	-5.882400	16.027500	211.547000	-0.666268	-0.167675	0.726074
15075.854000	-5.271210	15.435600	211.599000	-0.649754	-0.195791	0.733887
15126.906000	-4.535100	14.778800	211.679000	-0.632026	-0.224310	0.741182
15178.236000	-3.644890	13.859800	211.786000	-0.614143	-0.251842	0.747402
15229.064000	-2.612290	12.694400	211.920000	-0.596235	-0.278233	0.752540
15280.135000	-1.580570	11.444300	212.051000	-0.578908	-0.303083	0.756554
15331.222000	-0.550410	10.113500	212.180000	-0.562154	-0.326432	0.759481
15382.303000	0.452278	8.857280	212.362000	-0.544361	-0.348145	0.762809
15433.392000	1.429050	7.671830	212.595000	-0.525576	-0.368306	0.766520
15484.606000	2.332170	6.549110	212.822000	-0.506431	-0.388358	0.769488
15535.673000	3.161520	5.491160	213.041000	-0.487053	-0.408197	0.771744
15586.748000	3.928680	4.512900	213.215000	-0.467301	-0.428554	0.772870
15637.754000	4.636920	3.610150	213.348000	-0.447235	-0.449354	0.772948
15688.951000	5.325710	2.683140	213.511000	-0.427316	-0.468949	0.772615
15740.059000	5.992780	1.738170	213.702000	-0.407637	-0.487316	0.771900
15791.129000	6.626130	0.810053	213.898000	-0.387658	-0.504381	0.771241
15842.232000	7.228880	-0.103177	214.100000	-0.367390	-0.520261	0.770634
15893.328000	7.859730	-1.011190	214.378000	-0.347011	-0.533859	0.770811
15944.511000	8.516220	-1.915250	214.725000	-0.326518	-0.545426	0.771688
15995.468000	9.196300	-2.930920	215.071000	-0.303860	-0.557834	0.771933
16046.433000	9.897840	-4.045310	215.415000	-0.279284	-0.570992	0.771628
16097.523000	10.460900	-5.018800	215.791000	-0.256468	-0.583764	0.770043
16148.665000	10.901600	-5.867560	216.195000	-0.235215	-0.596190	0.767328
16199.726000	11.401800	-6.874280	216.557000	-0.214290	-0.608625	0.763667
16250.801000	11.954800	-8.020800	216.882000	-0.193624	-0.621083	0.759170
16301.932000	12.383400	-9.103870	217.193000	-0.174076	-0.634561	0.752693
16353.011000	12.704500	-10.130900	217.492000	-0.155517	-0.648899	0.744520
16404.096000	12.785900	-11.148800	217.780000	-0.139226	-0.662378	0.735878
16455.241000	12.663000	-12.159600	218.057000	-0.124859	-0.675136	0.726830
16506.322000	12.327000	-13.123600	218.291000	-0.113261	-0.687351	0.717262
16557.395000	11.809100	-14.048500	218.486000	-0.104013	-0.699116	0.707241
16608.513000	11.385500	-14.728900	218.613000	-0.097490	-0.707962	0.699437
16659.627000	11.041700	-15.202300	218.681000	-0.093274	-0.714338	0.693510
16710.682000	10.747100	-15.625000	218.643000	-0.090239	-0.720167	0.687872
16761.899000	10.493200	-16.006000	218.516000	-0.088195	-0.725551	0.682462
16812.992000	10.346700	-16.234700	218.401000	-0.086102	-0.730148	0.677821
16864.071000	10.287800	-16.339100	218.296000	-0.083966	-0.734106	0.673804
16915.158000	10.250500	-16.405100	218.230000	-0.082194	-0.737229	0.670615
16966.212000	10.230900	-16.439700	218.195000	-0.080718	-0.739672	0.668102
17017.323000	10.161900	-16.535300	218.185000	-0.079508	-0.741095	0.666674
17068.421000	10.053200	-16.679800	218.196000	-0.078512	-0.741701	0.666119
17119.497000	9.877790	-16.905300	218.237000	-0.078802	-0.742557	0.665128
17170.625000	9.649190	-17.195400	218.303000	-0.080112	-0.743614	0.663790
17221.696000	9.317760	-17.650200	218.405000	-0.084337	-0.745486	0.661126
17272.770000	8.903900	-18.237000	218.537000	-0.090898	-0.748009	0.657401
17323.854000	8.473290	-18.873800	218.680000	-0.097903	-0.751063	0.652875
17374.982000	8.029440	-19.550000	218.833000	-0.105257	-0.754531	0.647720
17426.072000	7.584690	-20.131000	218.963000	-0.113659	-0.757155	0.643205
17477.126000	7.139160	-20.640200	219.077000	-0.122855	-0.759142	0.639172
17528.269000	6.637760	-21.192000	219.175000	-0.128655	-0.760300	0.636696
17579.281000	6.096040	-21.774300	219.261000	-0.131897	-0.760835	0.635393
17630.526000	5.482250	-22.303500	219.307000	-0.136629	-0.761658	0.633384
17681.478000	4.820430	-22.789500	219.325000	-0.142420	-0.762686	0.630872
17732.719000	4.238340	-23.292400	219.319000	-0.148070	-0.764085	0.627863
17783.673000	3.719930	-23.803300	219.294000	-0.153567	-0.765745	0.624517
17834.881000	3.227230	-24.289500	219.275000	-0.159418	-0.767210	0.621236
17886.011000	2.755830	-24.755000	219.261000	-0.165497	-0.768524	0.618020
17937.081000	2.231720	-25.253100	219.294000	-0.168472	-0.769256	0.616328
17988.178000	1.669520	-25.774700	219.360000	-0.169223	-0.769572	0.615729
18039.300000	0.989337	-26.374700	219.457000	-0.168073	-0.769457	0.616183
18090.371000	0.227090	-27.029000	219.575000	-0.165586	-0.769040	0.617377
18141.486000	-0.615148	-27.663600	219.717000	-0.163060	-0.768090	0.619224
18192.562000	-1.513410	-28.284000	219.875000	-0.160508	-0.766764	0.621531
18243.672000	-2.459680	-28.911300	220.078000	-0.159417	-0.765836	0.622962
18295.041000	-3.441370	-29.544700	220.313000	-0.159340	-0.765181	0.623784
18345.880000	-4.488680	-30.074300	220.627000	-0.160217	-0.763827	0.625212
18397.032000	-5.589380	-30.536500	220.999000	-0.161758	-0.761981	0.627066
18447.985000	-6.564390	-31.004400	221.359000	-0.164047	-0.761090	0.627553
18499.094000	-7.457420	-31.478000	221.713000	-0.166858	-0.760847	0.627109
18550.135000	-8.161690	-31.788800	222.001000	-0.170211	-0.760192	0.626996
18601.215000	-8.739260	-31.990200	222.246000	-0.173931	-0.759260	0.627106
18652.429000	-9.098880	-32.081700	222.377000	-0.177778	-0.758868	0.626499
18703.334000	-9.308850	-32.098500	222.431000	-0.181684	-0.758842	0.625412
18754.446000	-9.419390	-32.007200	222.430000	-0.184940	-0.758881	0.624411
18805.643000	-9.459240	-31.839300	222.391000	-0.187732	-0.758968	0.623474
18856.781000	-9.414030	-31.709400	222.361000	-0.188225	-0.759028	0.623255
18907.836000	-9.314840	-31.603600	222.337000	-0.187259	-0.759072	0.623492
18958.911000	-9.184690	-31.491100	222.295000	-0.186182	-0.759217	0.623638
19010.022000	-9.034650	-31.374300	222.243000	-0.185032	-0.759427	0.623725
19061.243000	-8.899760	-31.252000	222.205000	-0.184570	-0.759234	0.624097
19112.164000	-8.774670	-31.126500	222.176000	-0.184538	-0.758791	0.624645
19163.223000	-8.716680	-31.006100	222.118000	-0.185654	-0.758517	0.624645
19214.307000	-8.700490	-30.888700	222.041000	-0.187483	-0.758349	0.624303
19265.370000	-8.666030	-30.695500	221.902000	-0.189735	-0.758046	0.623988
19316.485000	-8.620160	-30.454900	221.723000	-0.192253	-0.757657	0.623690
19367.524000	-8.596900	-30.169300	221.475000	-0.195782	-0.757479	0.622799
19418.632000	-8.587320	-29.855600	221.184000	-0.199934	-0.757427	0.621546
19469.752000	-8.523150	-29.463400	220.878000	-0.204272	-0.756868	0.620811
19520.848000	-8.426210	-29.024100	220.562000	-0.208718	-0.756004	0.620388
19571.968000	-8.242490	-28.608300	220.164000	-0.212746	-0.755971	0.619057
19623.026000	-8.006330	-28.207300	219.717000	-0.216514	-0.756441	0.617178
19674.118000	-7.729780	-27.827800	219.233000	-0.219483	-0.757197	0.615199
19725.214000	-7.429070	-27.461300	218.726000	-0.221971	-0.758126	0.613162
19776.307000	-7.167640	-27.023900	218.226000	-0.225096	-0.758353	0.611736
19827.462000	-6.929050	-26.545000	217.728000	-0.228595	-0.758172	0.610665
19878.515000	-6.748150	-26.107600	217.229000	-0.233241	-0.756789	0.610606
19929.709000	-6.599980	-25.692700	216.727000	-0.238561	-0.754712	0.611130
19980.803000	-6.620100	-25.194200	216.304000	-0.246132	-0.751879	0.611571
20031.861000	-6.733730	-24.648700	215.925000	-0.254963	-0.748624	0.611967
20082.992000	-6.798960	-24.270900	215.536000	-0.261270	-0.746771	0.611595
20134.031000	-6.837460	-23.986100	215.142000	-0.266176	-0.745692	0.610801
20185.110000	-6.884150	-23.764000	214.821000	-0.270157	-0.744406	0.610625
20236.214000	-6.935320	-23.576400	214.539000	-0.273630	-0.743006	0.610787
20287.310000	-7.106580	-23.289000	214.371000	-0.279354	-0.739618	0.612260
20338.340000	-7.343470	-22.947300	214.266000	-0.286306	-0.735143	0.614452
20389.430000	-7.463280	-22.779300	214.206000	-0.292114	-0.728219	0.619870
20440.461000	-7.520270	-22.704600	214.171000	-0.297298	-0.720002	0.627000
20491.538000	-7.544120	-22.654800	214.155000	-0.304675	-0.710692	0.633955
20542.653000	-7.550640	-22.618200	214.148000	-0.313202	-0.700807	0.640821
20593.767000	-7.581970	-22.549600	214.122000	-0.323740	-0.690745	0.646399
20644.998000	-7.626110	-22.464500	214.085000	-0.335327	-0.680581	0.651319
20696.098000	-7.645550	-22.425800	213.982000	-0.346783	-0.673047	0.653149
20746.893000	-7.652000	-22.411400	213.845000	-0.358121	-0.666920	0.653356
20798.010000	-7.685470	-22.382400	213.676000	-0.369563	-0.659888	0.654068
20849.101000	-7.732560	-22.346000	213.491000	-0.381033	-0.652412	0.655033
20900.072000	-7.816870	-22.258700	213.284000	-0.391819	-0.644291	0.656660
20951.196000	-7.919740	-22.146100	213.066000	-0.402283	-0.635838	0.658616
21002.388000	-7.978920	-22.096700	212.842000	-0.413198	-0.627769	0.659552
21053.481000	-8.016300	-22.078700	212.616000	-0.424306	-0.619914	0.659978
21104.613000	-8.093480	-22.090900	212.321000	-0.435030	-0.613154	0.659284
21155.665000	-8.189500	-22.117400	211.994000	-0.445552	-0.606929	0.658057
21206.763000	-8.418250	-22.184400	211.657000	-0.458454	-0.597960	0.657261
21257.851000	-8.709890	-22.270700	211.316000	-0.472476	-0.587695	0.656671
21308.978000	-8.991290	-22.499900	210.903000	-0.484822	-0.576430	0.657595
21360.025000	-9.267330	-22.796200	210.456000	-0.496352	-0.564712	0.659234
21411.245000	-9.510480	-23.052900	210.062000	-0.509299	-0.551144	0.660683
21462.181000	-9.737550	-23.290400	209.694000	-0.522850	-0.536773	0.662038
21513.305000	-9.995920	-23.515200	209.369000	-0.535188	-0.523115	0.663052
21564.361000	-10.268300	-23.733900	209.062000	-0.546960	-0.509795	0.663910
21615.455000	-10.736100	-23.793700	208.828000	-0.559289	-0.497537	0.662858
21666.517000	-11.292300	-23.781500	208.626000	-0.571867	-0.485763	0.660942
21717.604000	-12.040700	-23.568400	208.446000	-0.584801	-0.471940	0.659490
21768.713000	-12.875200	-23.265300	208.277000	-0.597892	-0.457202	0.658246
21819.816000	-13.807000	-23.045800	208.088000	-0.610560	-0.442519	0.656548
21870.911000	-14.782300	-22.863400	207.890000	-0.623041	-0.427857	0.654649
21921.980000	-15.702300	-22.874900	207.622000	-0.635174	-0.412652	0.652628
21973.203000	-16.601000	-22.972400	207.324000	-0.647195	-0.397152	0.650546
22024.268000	-17.395600	-22.649300	207.196000	-0.660914	-0.375264	0.649327
22075.325000	-18.146300	-22.144800	207.141000	-0.675380	-0.350605	0.648476
22126.442000	-18.518100	-21.821300	206.954000	-0.690370	-0.326016	0.645236
22177.652000	-18.727600	-21.575100	206.709000	-0.705585	-0.301457	0.640972
22228.517000	-18.784000	-21.521600	206.547000	-0.721112	-0.274900	0.635202
22279.534000	-18.776000	-21.549000	206.420000	-0.736793	-0.247461	0.628789
22330.643000	-18.779300	-21.547100	206.381000	-0.753890	-0.217819	0.618830
22381.867000	-18.787300	-21.532900	206.379000	-0.771599	-0.187222	0.607373
22432.867000	-18.789600	-21.530300	206.364000	-0.789157	-0.157345	0.592582
22483.924000	-18.789600	-21.532500	206.342000	-0.806682	-0.127713	0.576405
22535.021000	-18.906700	-21.585000	206.341000	-0.822634	-0.100799	0.558544
22586.143000	-19.071100	-21.657800	206.349000	-0.837963	-0.074964	0.539992
22637.272000	-19.518800	-21.820800	206.365000	-0.850978	-0.052431	0.521765
22688.419000	-20.079000	-22.019500	206.385000	-0.863079	-0.031200	0.503662
22739.399000	-20.759800	-22.383800	206.422000	-0.873108	-0.014193	0.486760
22790.490000	-21.489700	-22.814000	206.466000	-0.882352	0.001204	0.470286
22841.590000	-22.158100	-23.035600	206.552000	-0.890006	0.015584	0.455223
22892.679000	-22.802300	-23.175800	206.655000	-0.897039	0.029565	0.440715
22943.830000	-23.324600	-23.049600	206.682000	-0.902337	0.043127	0.428516
22994.932000	-23.799600	-22.821400	206.680000	-0.906963	0.056516	0.417214
23046.025000	-24.648100	-22.666300	206.607000	-0.910651	0.068734	0.407144
23097.332000	-25.642500	-22.538400	206.506000	-0.913994	0.080553	0.397506
23148.327000	-26.444000	-22.745000	206.487000	-0.916885	0.087641	0.389299
23199.374000	-27.175100	-23.078200	206.499000	-0.919613	0.092965	0.381610
23250.456000	-27.863400	-23.093300	206.494000	-0.921787	0.100667	0.374238
23301.568000	-28.536500	-22.992000	206.484000	-0.923760	0.109242	0.366979
23352.633000	-29.113600	-22.994600	206.500000	-0.924981	0.114824	0.362204
23403.698000	-29.655900	-23.035100	206.526000	-0.925928	0.119314	0.358336
23454.802000	-29.973100	-23.025400	206.531000	-0.926509	0.121741	0.356026
23505.892000	-30.206200	-22.997000	206.529000	-0.926953	0.123399	0.354297
23556.980000	-30.304100	-22.912500	206.536000	-0.926999	0.125535	0.353423
23608.058000	-30.354100	-22.808100	206.547000	-0.926903	0.127842	0.352851
23659.134000	-30.345000	-22.716000	206.544000	-0.926822	0.129000	0.352645
23710.175000	-30.315100	-22.628300	206.535000	-0.926747	0.129751	0.352568
23761.309000	-30.287600	-22.339100	206.506000	-0.926390	0.133141	0.352216
23812.468000	-30.261100	-21.978700	206.468000	-0.925935	0.137463	0.351768
23863.448000	-30.284900	-21.795800	206.434000	-0.924697	0.144474	0.352138
23914.549000	-30.325900	-21.673000	206.400000	-0.923190	0.152424	0.352788
23965.655000	-30.327800	-21.489200	206.359000	-0.920572	0.165243	0.353606
24016.688000	-30.316500	-21.285000	206.317000	-0.917583	0.179694	0.354481
24067.866000	-30.275600	-20.994200	206.282000	-0.911793	0.202211	0.356519
24118.986000	-30.225000	-20.675500	206.250000	-0.905089	0.227347	0.358937
24169.930000	-30.293700	-20.419300	206.224000	-0.895248	0.258112	0.361648
24220.970000	-30.401100	-20.182700	206.200000	-0.884364	0.290786	0.364461
24272.195000	-30.472800	-20.021900	206.200000	-0.869808	0.326858	0.367519
24323.309000	-30.532600	-19.886100	206.207000	-0.854121	0.363892	0.370645
24374.405000	-30.562800	-19.848200	206.209000	-0.836528	0.399067	0.373520
24425.484000	-30.583900	-19.840900	206.208000	-0.818335	0.433671	0.376318
24476.576000	-30.593900	-19.819600	206.287000	-0.799907	0.464151	0.378921
24527.821000	-30.600600	-19.793800	206.392000	-0.781373	0.493403	0.381467
24578.746000	-30.584900	-19.764900	206.414000	-0.762473	0.519339	0.384680
24629.822000	-30.562500	-19.735100	206.411000	-0.743409	0.544346	0.388103
24680.822000	-30.520000	-19.586200	206.493000	-0.722499	0.569289	0.390988
24731.905000	-30.471200	-19.401300	206.602000	-0.700988	0.594270	0.393718
24783.011000	-30.530100	-19.196600	206.626000	-0.676479	0.619210	0.397170
24834.121000	-30.621200	-18.985900	206.625000	-0.651048	0.644165	0.400841
24885.205000	-30.764500	-18.651300	206.594000	-0.625267	0.667090	0.403619
24936.303000	-30.923300	-18.279800	206.554000	-0.599357	0.689444	0.406136
24987.373000	-31.055100	-18.029500	206.544000	-0.574003	0.709273	0.408065
25038.473000	-31.178600	-17.816500	206.542000	-0.548792	0.728344	0.409815
25089.567000	-31.325200	-17.308100	206.493000	-0.519939	0.748007	0.411001
25140.856000	-31.479000	-16.712200	206.429000	-0.489915	0.767923	0.412030
25191.789000	-31.666100	-16.144500	206.432000	-0.460847	0.785361	0.412031
25242.993000	-31.864100	-15.580600	206.454000	-0.431836	0.802222	0.411738
25294.064000	-32.114500	-14.969000	206.422000	-0.402570	0.816444	0.412744
25345.049000	-32.380300	-14.341900	206.374000	-0.373119	0.829996	0.414111
25396.258000	-32.766000	-13.806700	206.336000	-0.348451	0.839964	0.415266
25447.314000	-33.183000	-13.298300	206.301000	-0.325161	0.848927	0.416359
25498.394000	-33.527900	-12.777500	206.295000	-0.304632	0.856038	0.417111
25549.486000	-33.853400	-12.253200	206.297000	-0.284842	0.862651	0.417770
25600.541000	-34.004300	-11.885900	206.269000	-0.267787	0.868173	0.417476
25651.671000	-34.108500	-11.560200	206.232000	-0.251440	0.873410	0.416925
25702.701000	-34.179700	-11.288800	206.218000	-0.234201	0.878472	0.416078
25753.791000	-34.242500	-11.030900	206.209000	-0.216714	0.883495	0.415154
25804.872000	-34.266500	-10.933400	206.280000	-0.198766	0.887964	0.414344
25855.916000	-34.280800	-10.876100	206.372000	-0.180721	0.892290	0.413563
25907.033000	-34.307000	-10.867700	206.469000	-0.164428	0.894257	0.415952
25958.126000	-34.336000	-10.871500	206.567000	-0.148595	0.895631	0.419131
26009.229000	-34.341800	-10.866900	206.633000	-0.134813	0.895021	0.424915
26060.280000	-34.341800	-10.860100	206.691000	-0.121557	0.893922	0.431334
26111.416000	-34.330100	-10.845600	206.764000	-0.109218	0.892444	0.437534
26162.544000	-34.315500	-10.829100	206.840000	-0.097109	0.890872	0.443680
26213.640000	-34.289200	-10.810200	206.885000	-0.086491	0.890105	0.447350
26264.665000	-34.260200	-10.790800	206.921000	-0.076236	0.889529	0.450430
26315.785000	-34.254700	-10.770100	207.069000	-0.065623	0.889844	0.451399
26366.973000	-34.254700	-10.749000	207.243000	-0.054904	0.890368	0.451876
26418.079000	-34.207400	-10.711100	207.351000	-0.043504	0.890034	0.453666
26469.118000	-34.149300	-10.669400	207.444000	-0.031958	0.889506	0.455754
26520.209000	-34.091300	-10.633500	207.489000	-0.019282	0.888420	0.458439
26571.272000	-34.033400	-10.598800	207.524000	-0.006362	0.887211	0.461257
26622.357000	-33.892300	-10.522800	207.537000	0.004523	0.885554	0.464387
26673.490000	-33.732700	-10.437600	207.546000	0.014959	0.883798	0.467587
26724.516000	-33.447300	-10.316700	207.534000	0.024063	0.881768	0.470973
26775.654000	-33.134300	-10.187800	207.518000	0.032901	0.879674	0.474405
26826.709000	-32.529300	-9.895390	207.481000	0.039366	0.878114	0.476786
26877.799000	-31.862100	-9.568210	207.440000	0.045341	0.876663	0.478949
26928.862000	-31.240500	-9.267520	207.418000	0.053008	0.876057	0.479220
26979.924000	-30.628700	-8.972460	207.400000	0.061037	0.875632	0.479086
27031.014000	-29.899300	-8.557320	207.541000	0.070040	0.876514	0.476154
27082.093000	-29.146100	-8.117870	207.714000	0.079239	0.877661	0.472655
27133.179000	-28.298100	-7.615460	207.749000	0.091650	0.877776	0.470042
27184.255000	-27.431300	-7.100610	207.757000	0.104697	0.877686	0.467605
27235.377000	-26.630100	-6.550020	207.930000	0.119018	0.878141	0.463112
27286.439000	-25.842800	-5.993330	208.135000	0.133565	0.878702	0.458227
27337.559000	-25.143100	-5.501300	208.158000	0.146175	0.877641	0.456322
27388.675000	-24.460700	-5.021950	208.147000	0.158407	0.876263	0.454999
27439.839000	-23.971400	-4.640180	208.333000	0.168569	0.875761	0.452245
27490.937000	-23.520800	-4.278290	208.557000	0.178305	0.875431	0.449218
27542.038000	-23.129400	-3.965280	208.693000	0.184184	0.875280	0.447137
27593.157000	-22.748900	-3.661350	208.813000	0.189344	0.875162	0.445232
27644.547000	-22.288900	-3.373550	208.810000	0.196031	0.874325	0.443935
27695.257000	-21.816400	-3.089800	208.785000	0.202969	0.873361	0.442753
27746.314000	-21.367400	-2.816390	208.761000	0.210256	0.872738	0.440526
27797.407000	-20.923100	-2.545080	208.738000	0.217602	0.872177	0.438110
27848.461000	-20.243500	-2.091940	208.673000	0.224854	0.871267	0.436210
27899.608000	-19.522800	-1.607130	208.600000	0.232099	0.870296	0.434395
27950.697000	-18.777800	-1.261010	208.562000	0.240420	0.868133	0.434127
28001.758000	-18.028900	-0.938472	208.531000	0.248924	0.865768	0.434122
28052.884000	-17.307800	-0.588933	208.705000	0.258132	0.863867	0.432446
28103.987000	-16.591600	-0.234740	208.914000	0.267461	0.862046	0.430483
28155.080000	-15.825400	0.160009	208.934000	0.281732	0.857553	0.430097
28206.164000	-15.051200	0.561295	208.923000	0.296810	0.852620	0.429971
28257.251000	-14.301000	1.009850	208.858000	0.311905	0.847768	0.428669
28308.385000	-13.554700	1.466340	208.785000	0.327005	0.842928	0.427170
28359.570000	-12.902500	1.816370	208.847000	0.340996	0.838973	0.423831
28410.768000	-12.267100	2.148340	208.931000	0.354773	0.835172	0.420204
28461.614000	-11.709200	2.387820	209.072000	0.364906	0.832726	0.416294
28512.738000	-11.161800	2.613870	209.223000	0.374512	0.830480	0.412332
28563.922000	-10.729400	2.881010	209.291000	0.381270	0.828171	0.410755
28614.989000	-10.315200	3.153500	209.346000	0.387590	0.825860	0.409534
28666.085000	-9.831120	3.274210	209.457000	0.391769	0.824480	0.408327
28717.186000	-9.337020	3.373440	209.575000	0.395645	0.823233	0.407121
28768.272000	-9.027890	3.496380	209.896000	0.401443	0.821957	0.403955
28819.369000	-8.743920	3.622660	210.245000	0.407509	0.820677	0.400517
28870.394000	-8.524890	3.759460	210.501000	0.416305	0.816809	0.399263
28921.522000	-8.314090	3.897910	210.745000	0.425480	0.812590	0.398298
28972.578000	-8.037040	4.171920	210.740000	0.434939	0.805727	0.401840
29023.682000	-7.750740	4.464480	210.701000	0.444448	0.798499	0.405992
29074.752000	-7.405110	4.881950	210.682000	0.456158	0.790424	0.408578
29125.830000	-7.051770	5.315550	210.666000	0.468153	0.782238	0.410963
29176.948000	-6.595820	5.882750	210.594000	0.479567	0.774717	0.411883
29228.096000	-6.127130	6.466570	210.515000	0.490905	0.767281	0.412620
29279.079000	-5.640730	7.016300	210.455000	0.500564	0.762354	0.410041
29330.179000	-5.151260	7.562980	210.397000	0.510039	0.757721	0.407056
29381.250000	-4.732850	7.925630	210.446000	0.514134	0.756292	0.404561
29432.382000	-4.323170	8.265410	210.509000	0.517558	0.755264	0.402126
29483.450000	-4.037920	8.547590	210.779000	0.520963	0.754132	0.399832
29534.556000	-3.767050	8.823190	211.074000	0.524367	0.752986	0.397553
29585.757000	-3.684070	8.986430	211.757000	0.529012	0.751568	0.394022
29636.667000	-3.622970	9.136050	212.481000	0.533777	0.750126	0.390365
29687.905000	-3.027530	8.555990	212.893000	0.531842	0.750738	0.391819
29738.995000	-2.361810	7.878990	213.260000	0.529004	0.751629	0.393963
29790.080000	-1.515960	7.264610	213.394000	0.526253	0.749654	0.401251
29841.171000	-0.651153	6.657270	213.503000	0.523513	0.747373	0.409088
29892.309000	0.339384	5.727270	213.548000	0.519263	0.744333	0.419747
29943.410000	1.345540	4.756890	213.585000	0.514825	0.741198	0.430760
29994.479000	2.077180	4.072060	213.428000	0.514869	0.733428	0.443571
30045.829000	2.782760	3.414400	213.253000	0.515348	0.725200	0.456568
30096.922000	3.597520	2.978680	213.395000	0.515829	0.719144	0.465454
30148.014000	4.424250	2.567680	213.572000	0.516309	0.713331	0.473883
30199.118000	5.066700	2.603710	213.823000	0.520217	0.706106	0.480291
30250.244000	5.689630	2.687780	214.083000	0.524494	0.698726	0.486485
30301.248000	5.861060	2.990030	214.525000	0.530174	0.691943	0.489941
30352.378000	5.986110	3.314900	214.987000	0.536002	0.685217	0.493117
30403.458000	6.298710	3.679580	215.200000	0.532391	0.684101	0.498512
30454.441000	6.631170	4.049040	215.388000	0.527804	0.683559	0.504145
30505.549000	6.772930	4.114820	215.694000	0.517558	0.689029	0.507163
30556.694000	6.898510	4.153970	216.013000	0.506754	0.695063	0.509965
30607.698000	6.952360	4.360050	216.399000	0.488326	0.705491	0.513160
30658.822000	7.000470	4.581060	216.793000	0.469174	0.716335	0.516403
30709.961000	6.988990	4.703320	217.306000	0.450284	0.728437	0.515870
30761.092000	6.972890	4.817990	217.829000	0.431403	0.740643	0.515044
30812.113000	6.979700	4.939000	218.304000	0.413430	0.750469	0.515231
30863.114000	6.988230	5.060400	218.774000	0.395539	0.760107	0.515494
30914.204000	6.996750	5.159340	219.152000	0.385869	0.764693	0.515993
30965.285000	7.005260	5.256660	219.524000	0.376783	0.768921	0.516509
31016.412000	7.102960	5.063880	219.610000	0.369378	0.769318	0.521185
31067.496000	7.207070	4.850270	219.675000	0.362092	0.769440	0.526160
31118.616000	7.458840	4.440490	219.800000	0.356516	0.770417	0.528507
31169.604000	7.719510	4.019030	219.929000	0.351061	0.771446	0.530681
31220.660000	7.793770	3.906160	219.964000	0.350657	0.769766	0.533376
31271.788000	7.855560	3.813950	219.992000	0.350593	0.767902	0.536106
31322.910000	7.859020	3.808790	219.994000	0.352760	0.765032	0.538764
31373.951000	7.859020	3.808790	219.994000	0.355056	0.762107	0.541412
31425.011000	7.884010	3.771660	220.005000	0.357043	0.759344	0.543966
31476.128000	7.910540	3.732250	220.017000	0.359012	0.756590	0.546516
31527.243000	7.928740	3.705270	220.026000	0.359160	0.755587	0.547804
31578.208000	7.946440	3.679030	220.034000	0.359205	0.754686	0.549019
31629.279000	7.955740	3.665270	220.038000	0.359575	0.754755	0.548680
31680.484000	7.964630	3.652110	220.042000	0.359962	0.754875	0.548261
31731.484000	7.981150	3.652020	220.042000	0.359622	0.755262	0.547950
31782.649000	7.998070	3.652500	220.041000	0.359249	0.755663	0.547643
31833.755000	8.007300	3.640000	220.045000	0.359370	0.755432	0.547883
31884.825000	8.016170	3.626900	220.049000	0.359515	0.755171	0.548148
31935.912000	8.025040	3.613790	220.053000	0.359660	0.754910	0.548412
31987.086000	8.033930	3.600670	220.057000	0.359805	0.754649	0.548677
32038.093000	8.120710	3.448770	220.104000	0.358597	0.755379	0.548460
32089.149000	8.210610	3.291310	220.152000	0.357336	0.756148	0.548224
32140.294000	8.282110	3.215510	220.193000	0.355504	0.758022	0.546818
32191.354000	8.352880	3.142780	220.233000	0.353651	0.759936	0.545368
32242.422000	8.688870	2.663960	220.380000	0.347286	0.764319	0.543269
32293.577000	9.034260	2.170780	220.532000	0.340760	0.768791	0.541145
32344.698000	9.469630	1.571300	220.715000	0.333351	0.773378	0.539150
32395.775000	9.907380	0.969063	220.899000	0.325921	0.777965	0.537161
32446.848000	10.367900	0.336985	221.093000	0.319023	0.780914	0.536975
32497.967000	10.829500	-0.296487	221.287000	0.312133	0.783821	0.536838
32548.990000	11.069000	-0.603904	221.381000	0.310506	0.782023	0.540377
32600.121000	11.303700	-0.904225	221.473000	0.309000	0.780110	0.544010
32651.173000	11.470600	-1.091020	221.530000	0.308146	0.776878	0.549062
32702.222000	11.636000	-1.275440	221.587000	0.307306	0.773619	0.554143
32753.339000	11.747300	-1.408070	221.646000	0.309249	0.769008	0.559409
32804.524000	11.857300	-1.539550	221.705000	0.311272	0.764351	0.564691
32855.488000	11.884500	-1.484690	221.838000	0.312895	0.762193	0.566698
32906.747000	11.910700	-1.426750	221.973000	0.314522	0.760060	0.568668
32957.892000	11.919000	-1.401980	222.005000	0.317050	0.756935	0.571406
33008.973000	11.927000	-1.377620	222.036000	0.319585	0.753801	0.574150
33060.000000	12.242200	-1.599780	222.106000	0.317458	0.753955	0.575124
33111.168000	12.560900	-1.824750	222.176000	0.315281	0.754140	0.576083
33162.261000	12.772300	-2.054640	222.247000	0.315051	0.752636	0.578165
33213.204000	12.983300	-2.284230	222.319000	0.314824	0.751132	0.580247
33264.324000	13.186600	-2.484500	222.439000	0.316636	0.749189	0.581763
33315.373000	13.389900	-2.684470	222.559000	0.318450	0.747247	0.583276
33366.453000	13.836200	-2.976870	222.709000	0.318014	0.746241	0.584798
33417.527000	14.282500	-3.269070	222.859000	0.317575	0.745235	0.586319
33468.547000	14.760800	-3.466990	222.921000	0.315693	0.744902	0.587752
33519.577000	15.238900	-3.664750	222.983000	0.313812	0.744570	0.589183
33570.704000	15.752900	-3.802430	223.026000	0.312101	0.744696	0.589930
33622.032000	16.268800	-3.940510	223.069000	0.310390	0.744817	0.590683
33672.889000	16.774100	-4.060430	223.107000	0.309506	0.744238	0.591873
33723.981000	17.280400	-4.180060	223.145000	0.308624	0.743652	0.593071
33775.049000	17.633100	-4.199510	223.151000	0.308313	0.742509	0.594659
33826.198000	17.985300	-4.219740	223.157000	0.308003	0.741370	0.596243
33877.482000	18.191400	-4.380720	223.228000	0.307903	0.740911	0.596863
33928.475000	18.396200	-4.537900	223.297000	0.307794	0.740466	0.597471
33979.517000	18.545500	-4.517670	223.290000	0.307284	0.740626	0.597536
34030.615000	18.693900	-4.498700	223.284000	0.306769	0.740790	0.597598
34081.697000	18.787600	-4.549950	223.300000	0.306015	0.741208	0.597466
34132.758000	18.887400	-4.597960	223.319000	0.305230	0.741663	0.597302
34183.872000	19.280500	-4.490500	223.464000	0.302963	0.744003	0.595533
34235.004000	19.667400	-4.380560	223.610000	0.300748	0.746328	0.593755
34286.018000	19.770400	-4.163540	223.836000	0.300884	0.747956	0.591627
34337.102000	19.871400	-3.948890	224.064000	0.300974	0.749592	0.589512
34388.216000	19.878600	-3.846770	224.327000	0.298983	0.751504	0.588083
34439.297000	19.885700	-3.745910	224.588000	0.296894	0.753426	0.586687
34490.389000	19.885700	-3.692220	224.749000	0.291040	0.755766	0.586578
34541.539000	19.885400	-3.645980	224.908000	0.284965	0.758182	0.586468
34592.561000	19.873300	-3.852920	225.018000	0.271562	0.763075	0.586317
34643.816000	19.874600	-4.065050	225.129000	0.257854	0.768090	0.586101
34694.694000	20.240600	-4.403220	225.283000	0.236852	0.776041	0.584082
34745.793000	20.596500	-4.732790	225.433000	0.215986	0.783919	0.582069
34796.818000	20.623900	-4.779370	225.449000	0.200273	0.789186	0.580345
34847.918000	20.657200	-4.828190	225.467000	0.184625	0.794405	0.578638
34899.161000	20.854200	-4.937940	225.545000	0.171170	0.798187	0.577412
34950.102000	21.042100	-5.040670	225.625000	0.157907	0.801915	0.576183
35001.315000	21.042100	-4.991130	225.770000	0.147241	0.804922	0.574715
35052.409000	21.051200	-4.944000	225.920000	0.136330	0.808026	0.573131
35103.632000	21.251400	-4.944500	226.184000	0.119574	0.813369	0.569043
35154.602000	21.446000	-4.939250	226.440000	0.102953	0.818621	0.565011
35205.675000	21.539200	-4.816720	226.539000	0.087803	0.822433	0.561820
35256.784000	21.641200	-4.689650	226.638000	0.072690	0.826288	0.558517
35307.846000	21.914100	-4.473120	226.744000	0.058417	0.830967	0.553016
35358.915000	22.178200	-4.257330	226.843000	0.044364	0.835624	0.547493
35410.080000	22.270400	-4.057790	226.833000	0.034601	0.839827	0.541615
35461.218000	22.368500	-3.856000	226.826000	0.024758	0.844100	0.535592
35512.256000	22.571900	-3.611060	226.879000	0.013345	0.849690	0.526890
35563.215000	22.772400	-3.374810	226.937000	0.001991	0.855233	0.518220
35614.293000	22.922000	-3.290260	227.086000	-0.008540	0.860028	0.509978
35665.407000	23.070700	-3.205450	227.237000	-0.018980	0.864685	0.501946
35716.488000	23.201800	-3.116560	227.406000	-0.027684	0.866782	0.497823
35767.596000	23.330100	-3.031030	227.571000	-0.036166	0.868755	0.493917
35818.685000	23.409800	-3.002460	227.681000	-0.040881	0.868673	0.493674
35869.785000	23.486000	-2.973220	227.786000	-0.045517	0.868515	0.493567
35920.977000	23.499700	-2.931980	227.811000	-0.048683	0.866973	0.495953
35971.984000	23.512500	-2.893010	227.836000	-0.051797	0.865470	0.498276
36023.125000	23.512500	-2.886380	227.854000	-0.054311	0.864456	0.499757
36074.142000	23.512500	-2.880220	227.870000	-0.056868	0.863465	0.501190
36125.384000	23.512500	-2.880220	227.870000	-0.060091	0.862757	0.502024
36176.467000	23.514100	-2.881660	227.871000	-0.063261	0.862153	0.502681
36227.703000	23.538000	-2.902630	227.879000	-0.065823	0.862946	0.500981
36278.669000	23.560100	-2.920630	227.890000	-0.068273	0.863746	0.499281
36329.721000	23.560100	-2.900770	227.943000	-0.069349	0.864673	0.497521
36380.806000	23.560100	-2.882360	227.992000	-0.070347	0.865532	0.495888
36431.887000	23.560100	-2.882360	227.992000	-0.070347	0.865532	0.495888
36482.952000	23.560100	-2.882360	227.992000	-0.070253	0.865518	0.495926
36534.078000	23.560100	-2.882360	227.992000	-0.069033	0.865332	0.496419
36585.089000	23.560100	-2.881300	227.995000	-0.067855	0.865145	0.496910
36636.152000	23.560100	-2.868020	228.030000	-0.067137	0.864937	0.497370
36687.233000	23.561100	-2.854500	228.069000	-0.066446	0.864796	0.497707
36738.283000	23.572900	-2.838290	228.144000	-0.066074	0.865419	0.496672
36789.301000	23.584800	-2.819820	228.224000	-0.065806	0.866091	0.495536
36840.429000	23.596700	-2.776550	228.370000	-0.066655	0.867302	0.493293
36891.485000	23.617400	-2.742080	228.520000	-0.067340	0.868404	0.491262
36942.615000	23.730000	-2.798930	228.724000	-0.066332	0.868396	0.491413
36993.810000	23.805200	-2.868170	228.930000	-0.064271	0.867772	0.492730
37044.888000	23.510600	-3.058910	229.148000	-0.051833	0.861083	0.505536
37095.974000	23.291300	-3.242320	229.357000	-0.041083	0.855299	0.516458
37147.066000	23.255600	-3.407330	229.545000	-0.034467	0.851727	0.522767
37198.116000	23.228400	-3.537760	229.652000	-0.027008	0.847353	0.530231
37249.180000	23.221500	-3.586340	229.568000	-0.017525	0.841059	0.540461
37300.266000	23.218700	-3.636910	229.455000	-0.009262	0.835301	0.549670
37351.492000	23.225600	-3.692360	229.271000	-0.003880	0.830803	0.556476
37402.416000	23.237600	-3.773780	229.049000	0.000633	0.826511	0.562897
37453.528000	23.261700	-3.917280	228.734000	0.003112	0.822685	0.568447
37504.735000	23.359500	-4.208900	228.356000	0.004147	0.818532	0.574412
37555.735000	23.628700	-4.843610	227.831000	0.001818	0.813638	0.581309
37606.819000	23.887200	-5.695870	227.232000	-0.001629	0.808214	0.588817
37657.920000	24.120600	-7.049180	226.459000	-0.007654	0.801576	0.597723
37709.004000	24.345900	-8.436650	225.726000	-0.013811	0.795270	0.606046
37760.245000	24.552900	-9.905910	225.081000	-0.020288	0.789714	0.613050
37811.215000	24.778000	-11.197900	224.528000	-0.026586	0.784970	0.618940
37862.309000	25.044900	-12.096800	224.181000	-0.032515	0.782033	0.622348
37913.335000	25.196000	-12.861000	223.923000	-0.036730	0.779556	0.625253
37964.556000	25.089500	-13.328000	223.865000	-0.037139	0.778094	0.627046
38015.494000	25.014200	-13.651700	223.827000	-0.037036	0.776861	0.628581
38066.583000	25.006300	-13.665500	223.831000	-0.035811	0.776117	0.629570
38117.781000	25.000900	-13.673100	223.840000	-0.035245	0.775632	0.630201
38168.711000	25.000900	-13.667300	223.860000	-0.036108	0.775713	0.630051
38219.898000	25.000900	-13.668900	223.855000	-0.037105	0.775708	0.630000
38271.032000	25.000900	-13.686300	223.795000	-0.038376	0.775518	0.630157
38322.068000	25.000900	-13.698000	223.754000	-0.039913	0.775615	0.629941
38373.134000	25.000900	-13.698000	223.754000	-0.042003	0.776307	0.628950
