1.000000	20.000000	-20.000000	210.000000	0.000000	0.000000	1.000000
51.000000	20.000000	-19.200000	210.000000	0.000000	0.000000	1.000000
101.000000	20.000000	-18.400000	210.000000	0.000000	0.000000	1.000000
151.000000	20.000000	-17.600000	210.000000	0.000000	0.000000	1.000000
201.000000	20.000000	-16.800000	210.000000	0.000000	0.000000	1.000000
251.000000	20.000000	-16.000000	210.000000	0.000000	0.000000	1.000000
301.000000	20.000000	-15.200000	210.000000	0.000000	0.000000	1.000000
351.000000	20.000000	-14.400000	210.000000	0.000000	0.000000	1.000000
401.000000	20.000000	-13.600000	210.000000	0.000000	0.000000	1.000000
451.000000	20.000000	-12.800000	210.000000	0.000000	0.000000	1.000000
501.000000	20.000000	-12.000000	210.000000	0.000000	0.000000	1.000000
551.000000	20.000000	-11.200000	210.000000	0.000000	0.000000	1.000000
601.000000	20.000000	-10.400000	210.000000	0.000000	0.000000	1.000000
651.000000	20.000000	-9.600000	210.000000	0.000000	0.000000	1.000000
701.000000	20.000000	-8.800000	210.000000	0.000000	0.000000	1.000000
751.000000	20.000000	-8.000000	210.000000	0.000000	0.000000	1.000000
801.000000	20.000000	-7.200000	210.000000	0.000000	0.000000	1.000000
851.000000	20.000000	-6.400000	210.000000	0.000000	0.000000	1.000000
901.000000	20.000000	-5.600000	210.000000	0.000000	0.000000	1.000000
951.000000	20.000000	-4.800000	210.000000	0.000000	0.000000	1.000000
1001.000000	20.000000	-4.000000	210.000000	0.000000	0.000000	1.000000
1051.000000	20.000000	-3.200000	210.000000	0.000000	0.000000	1.000000
1101.000000	20.000000	-2.400000	210.000000	0.000000	0.000000	1.000000
1151.000000	20.000000	-1.600000	210.000000	0.000000	0.000000	1.000000
1201.000000	20.000000	-0.800000	210.000000	0.000000	0.000000	1.000000
1251.000000	20.000000	0.000000	210.000000	0.000000	0.000000	1.000000
1301.000000	20.000000	0.800000	210.000000	0.000000	0.000000	1.000000
1351.000000	20.000000	1.600000	210.000000	0.000000	0.000000	1.000000
1401.000000	20.000000	2.400000	210.000000	0.000000	0.000000	1.000000
1451.000000	20.000000	3.200000	210.000000	0.000000	0.000000	1.000000
1501.000000	20.000000	4.000000	210.000000	0.000000	0.000000	1.000000
1551.000000	20.000000	4.800000	210.000000	0.000000	0.000000	1.000000
1601.000000	20.000000	5.600000	210.000000	0.000000	0.000000	1.000000
1651.000000	20.000000	6.400000	210.000000	0.000000	0.000000	1.000000
1701.000000	20.000000	7.200000	210.000000	0.000000	0.000000	1.000000
1751.000000	20.000000	8.000000	210.000000	0.000000	0.000000	1.000000
1801.000000	20.000000	8.800000	210.000000	0.000000	0.000000	1.000000
1851.000000	20.000000	9.600000	210.000000	0.000000	0.000000	1.000000
1901.000000	20.000000	10.400000	210.000000	0.000000	0.000000	1.000000
1951.000000	20.000000	11.200000	210.000000	0.000000	0.000000	1.000000
2001.000000	20.000000	12.000000	210.000000	0.000000	0.000000	1.000000
2051.000000	20.000000	12.800000	210.000000	0.000000	0.000000	1.000000
2101.000000	20.000000	13.600000	210.000000	0.000000	0.000000	1.000000
2151.000000	20.000000	14.400000	210.000000	0.000000	0.000000	1.000000
2201.000000	20.000000	15.200000	210.000000	0.000000	0.000000	1.000000
2251.000000	20.000000	16.000000	210.000000	0.000000	0.000000	1.000000
2301.000000	20.000000	16.800000	210.000000	0.000000	0.000000	1.000000
2351.000000	20.000000	17.600000	210.000000	0.000000	0.000000	1.000000
2401.000000	20.000000	18.400000	210.000000	0.000000	0.000000	1.000000
2451.000000	20.000000	19.200000	210.000000	0.000000	0.000000	1.000000
2501.000000	20.000000	20.000000	210.000000	0.000000	0.000000	1.000000
2551.000000	19.200000	20.000000	210.000000	0.000000	0.000000	1.000000
2601.000000	18.400000	20.000000	210.000000	0.000000	0.000000	1.000000
2651.000000	17.600000	20.000000	210.000000	0.000000	0.000000	1.000000
2701.000000	16.800000	20.000000	210.000000	0.000000	0.000000	1.000000
2751.000000	16.000000	20.000000	210.000000	0.000000	0.000000	1.000000
2801.000000	15.200000	20.000000	210.000000	0.000000	0.000000	1.000000
2851.000000	14.400000	20.000000	210.000000	0.000000	0.000000	1.000000
2901.000000	13.600000	20.000000	210.000000	0.000000	0.000000	1.000000
2951.000000	12.800000	20.000000	210.000000	0.000000	0.000000	1.000000
3001.000000	12.000000	20.000000	210.000000	0.000000	0.000000	1.000000
3051.000000	11.200000	20.000000	210.000000	0.000000	0.000000	1.000000
3101.000000	10.400000	20.000000	210.000000	0.000000	0.000000	1.000000
3151.000000	9.600000	20.000000	210.000000	0.000000	0.000000	1.000000
3201.000000	8.800000	20.000000	210.000000	0.000000	0.000000	1.000000
3251.000000	8.000000	20.000000	210.000000	0.000000	0.000000	1.000000
3301.000000	7.200000	20.000000	210.000000	0.000000	0.000000	1.000000
3351.000000	6.400000	20.000000	210.000000	0.000000	0.000000	1.000000
3401.000000	5.600000	20.000000	210.000000	0.000000	0.000000	1.000000
3451.000000	4.800000	20.000000	210.000000	0.000000	0.000000	1.000000
3501.000000	4.000000	20.000000	210.000000	0.000000	0.000000	1.000000
3551.000000	3.200000	20.000000	210.000000	0.000000	0.000000	1.000000
3601.000000	2.400000	20.000000	210.000000	0.000000	0.000000	1.000000
3651.000000	1.600000	20.000000	210.000000	0.000000	0.000000	1.000000
3701.000000	0.800000	20.000000	210.000000	0.000000	0.000000	1.000000
3751.000000	0.000000	20.000000	210.000000	0.000000	0.000000	1.000000
3801.000000	-0.800000	20.000000	210.000000	0.000000	0.000000	1.000000
3851.000000	-1.600000	20.000000	210.000000	0.000000	0.000000	1.000000
3901.000000	-2.400000	20.000000	210.000000	0.000000	0.000000	1.000000
3951.000000	-3.200000	20.000000	210.000000	0.000000	0.000000	1.000000
4001.000000	-4.000000	20.000000	210.000000	0.000000	0.000000	1.000000
4051.000000	-4.800000	20.000000	210.000000	0.000000	0.000000	1.000000
4101.000000	-5.600000	20.000000	210.000000	0.000000	0.000000	1.000000
4151.000000	-6.400000	20.000000	210.000000	0.000000	0.000000	1.000000
4201.000000	-7.200000	20.000000	210.000000	0.000000	0.000000	1.000000
4251.000000	-8.000000	20.000000	210.000000	0.000000	0.000000	1.000000
4301.000000	-8.800000	20.000000	210.000000	0.000000	0.000000	1.000000
4351.000000	-9.600000	20.000000	210.000000	0.000000	0.000000	1.000000
4401.000000	-10.400000	20.000000	210.000000	0.000000	0.000000	1.000000
4451.000000	-11.200000	20.000000	210.000000	0.000000	0.000000	1.000000
4501.000000	-12.000000	20.000000	210.000000	0.000000	0.000000	1.000000
4551.000000	-12.800000	20.000000	210.000000	0.000000	0.000000	1.000000
4601.000000	-13.600000	20.000000	210.000000	0.000000	0.000000	1.000000
4651.000000	-14.400000	20.000000	210.000000	0.000000	0.000000	1.000000
4701.000000	-15.200000	20.000000	210.000000	0.000000	0.000000	1.000000
4751.000000	-16.000000	20.000000	210.000000	0.000000	0.000000	1.000000
4801.000000	-16.800000	20.000000	210.000000	0.000000	0.000000	1.000000
4851.000000	-17.600000	20.000000	210.000000	0.000000	0.000000	1.000000
4901.000000	-18.400000	20.000000	210.000000	0.000000	0.000000	1.000000
4951.000000	-19.200000	20.000000	210.000000	0.000000	0.000000	1.000000
5001.000000	-20.000000	20.000000	210.000000	0.000000	0.000000	1.000000
5051.000000	-20.000000	19.200000	210.000000	0.000000	0.000000	1.000000
5101.000000	-20.000000	18.400000	210.000000	0.000000	0.000000	1.000000
5151.000000	-20.000000	17.600000	210.000000	0.000000	0.000000	1.000000
5201.000000	-20.000000	16.800000	210.000000	0.000000	0.000000	1.000000
5251.000000	-20.000000	16.000000	210.000000	0.000000	0.000000	1.000000
5301.000000	-20.000000	15.200000	210.000000	0.000000	0.000000	1.000000
5351.000000	-20.000000	14.400000	210.000000	0.000000	0.000000	1.000000
5401.000000	-20.000000	13.600000	210.000000	0.000000	0.000000	1.000000
5451.000000	-20.000000	12.800000	210.000000	0.000000	0.000000	1.000000
5501.000000	-20.000000	12.000000	210.000000	0.000000	0.000000	1.000000
5551.000000	-20.000000	11.200000	210.000000	0.000000	0.000000	1.000000
5601.000000	-20.000000	10.400000	210.000000	0.000000	0.000000	1.000000
5651.000000	-20.000000	9.600000	210.000000	0.000000	0.000000	1.000000
5701.000000	-20.000000	8.800000	210.000000	0.000000	0.000000	1.000000
5751.000000	-20.000000	8.000000	210.000000	0.000000	0.000000	1.000000
5801.000000	-20.000000	7.200000	210.000000	0.000000	0.000000	1.000000
5851.000000	-20.000000	6.400000	210.000000	0.000000	0.000000	1.000000
5901.000000	-20.000000	5.600000	210.000000	0.000000	0.000000	1.000000
5951.000000	-20.000000	4.800000	210.000000	0.000000	0.000000	1.000000
6001.000000	-20.000000	4.000000	210.000000	0.000000	0.000000	1.000000
6051.000000	-20.000000	3.200000	210.000000	0.000000	0.000000	1.000000
6101.000000	-20.000000	2.400000	210.000000	0.000000	0.000000	1.000000
6151.000000	-20.000000	1.600000	210.000000	0.000000	0.000000	1.000000
6201.000000	-20.000000	0.800000	210.000000	0.000000	0.000000	1.000000
6251.000000	-20.000000	0.000000	210.000000	0.000000	0.000000	1.000000
6301.000000	-20.000000	-0.800000	210.000000	0.000000	0.000000	1.000000
6351.000000	-20.000000	-1.600000	210.000000	0.000000	0.000000	1.000000
6401.000000	-20.000000	-2.400000	210.000000	0.000000	0.000000	1.000000
6451.000000	-20.000000	-3.200000	210.000000	0.000000	0.000000	1.000000
6501.000000	-20.000000	-4.000000	210.000000	0.000000	0.000000	1.000000
6551.000000	-20.000000	-4.800000	210.000000	0.000000	0.000000	1.000000
6601.000000	-20.000000	-5.600000	210.000000	0.000000	0.000000	1.000000
6651.000000	-20.000000	-6.400000	210.000000	0.000000	0.000000	1.000000
6701.000000	-20.000000	-7.200000	210.000000	0.000000	0.000000	1.000000
6751.000000	-20.000000	-8.000000	210.000000	0.000000	0.000000	1.000000
6801.000000	-20.000000	-8.800000	210.000000	0.000000	0.000000	1.000000
6851.000000	-20.000000	-9.600000	210.000000	0.000000	0.000000	1.000000
6901.000000	-20.000000	-10.400000	210.000000	0.000000	0.000000	1.000000
6951.000000	-20.000000	-11.200000	210.000000	0.000000	0.000000	1.000000
7001.000000	-20.000000	-12.000000	210.000000	0.000000	0.000000	1.000000
7051.000000	-20.000000	-12.800000	210.000000	0.000000	0.000000	1.000000
7101.000000	-20.000000	-13.600000	210.000000	0.000000	0.000000	1.000000
7151.000000	-20.000000	-14.400000	210.000000	0.000000	0.000000	1.000000
7201.000000	-20.000000	-15.200000	210.000000	0.000000	0.000000	1.000000
7251.000000	-20.000000	-16.000000	210.000000	0.000000	0.000000	1.000000
7301.000000	-20.000000	-16.800000	210.000000	0.000000	0.000000	1.000000
7351.000000	-20.000000	-17.600000	210.000000	0.000000	0.000000	1.000000
7401.000000	-20.000000	-18.400000	210.000000	0.000000	0.000000	1.000000
7451.000000	-20.000000	-19.200000	210.000000	0.000000	0.000000	1.000000
7501.000000	-20.000000	-20.000000	210.000000	0.000000	0.000000	1.000000
7551.000000	-19.200000	-20.000000	210.000000	0.000000	0.000000	1.000000
7601.000000	-18.400000	-20.000000	210.000000	0.000000	0.000000	1.000000
7651.000000	-17.600000	-20.000000	210.000000	0.000000	0.000000	1.000000
7701.000000	-16.800000	-20.000000	210.000000	0.000000	0.000000	1.000000
7751.000000	-16.000000	-20.000000	210.000000	0.000000	0.000000	1.000000
7801.000000	-15.200000	-20.000000	210.000000	0.000000	0.000000	1.000000
7851.000000	-14.400000	-20.000000	210.000000	0.000000	0.000000	1.000000
7901.000000	-13.600000	-20.000000	210.000000	0.000000	0.000000	1.000000
7951.000000	-12.800000	-20.000000	210.000000	0.000000	0.000000	1.000000
8001.000000	-12.000000	-20.000000	210.000000	0.000000	0.000000	1.000000
8051.000000	-11.200000	-20.000000	210.000000	0.000000	0.000000	1.000000
8101.000000	-10.400000	-20.000000	210.000000	0.000000	0.000000	1.000000
8151.000000	-9.600000	-20.000000	210.000000	0.000000	0.000000	1.000000
8201.000000	-8.800000	-20.000000	210.000000	0.000000	0.000000	1.000000
8251.000000	-8.000000	-20.000000	210.000000	0.000000	0.000000	1.000000
8301.000000	-7.200000	-20.000000	210.000000	0.000000	0.000000	1.000000
8351.000000	-6.400000	-20.000000	210.000000	0.000000	0.000000	1.000000
8401.000000	-5.600000	-20.000000	210.000000	0.000000	0.000000	1.000000
8451.000000	-4.800000	-20.000000	210.000000	0.000000	0.000000	1.000000
8501.000000	-4.000000	-20.000000	210.000000	0.000000	0.000000	1.000000
8551.000000	-3.200000	-20.000000	210.000000	0.000000	0.000000	1.000000
8601.000000	-2.400000	-20.000000	210.000000	0.000000	0.000000	1.000000
8651.000000	-1.600000	-20.000000	210.000000	0.000000	0.000000	1.000000
8701.000000	-0.800000	-20.000000	210.000000	0.000000	0.000000	1.000000
8751.000000	0.000000	-20.000000	210.000000	0.000000	0.000000	1.000000
8801.000000	0.800000	-20.000000	210.000000	0.000000	0.000000	1.000000
8851.000000	1.600000	-20.000000	210.000000	0.000000	0.000000	1.000000
8901.000000	2.400000	-20.000000	210.000000	0.000000	0.000000	1.000000
8951.000000	3.200000	-20.000000	210.000000	0.000000	0.000000	1.000000
9001.000000	4.000000	-20.000000	210.000000	0.000000	0.000000	1.000000
9051.000000	4.800000	-20.000000	210.000000	0.000000	0.000000	1.000000
9101.000000	5.600000	-20.000000	210.000000	0.000000	0.000000	1.000000
9151.000000	6.400000	-20.000000	210.000000	0.000000	0.000000	1.000000
9201.000000	7.200000	-20.000000	210.000000	0.000000	0.000000	1.000000
9251.000000	8.000000	-20.000000	210.000000	0.000000	0.000000	1.000000
9301.000000	8.800000	-20.000000	210.000000	0.000000	0.000000	1.000000
9351.000000	9.600000	-20.000000	210.000000	0.000000	0.000000	1.000000
9401.000000	10.400000	-20.000000	210.000000	0.000000	0.000000	1.000000
9451.000000	11.200000	-20.000000	210.000000	0.000000	0.000000	1.000000
9501.000000	12.000000	-20.000000	210.000000	0.000000	0.000000	1.000000
9551.000000	12.800000	-20.000000	210.000000	0.000000	0.000000	1.000000
9601.000000	13.600000	-20.000000	210.000000	0.000000	0.000000	1.000000
9651.000000	14.400000	-20.000000	210.000000	0.000000	0.000000	1.000000
9701.000000	15.200000	-20.000000	210.000000	0.000000	0.000000	1.000000
9751.000000	16.000000	-20.000000	210.000000	0.000000	0.000000	1.000000
9801.000000	16.800000	-20.000000	210.000000	0.000000	0.000000	1.000000
9851.000000	17.600000	-20.000000	210.000000	0.000000	0.000000	1.000000
9901.000000	18.400000	-20.000000	210.000000	0.000000	0.000000	1.000000
9951.000000	19.200000	-20.000000	210.000000	0.000000	0.000000	1.000000
10001.000000	20.000000	-20.000000	210.000000	0.000000	0.000000	1.000000
10051.000000	20.000000	-19.200000	210.000000	0.000000	0.000000	1.000000
10101.000000	20.000000	-18.400000	210.000000	0.000000	0.000000	1.000000
10151.000000	20.000000	-17.600000	210.000000	0.000000	0.000000	1.000000
10201.000000	20.000000	-16.800000	210.000000	0.000000	0.000000	1.000000
10251.000000	20.000000	-16.000000	210.000000	0.000000	0.000000	1.000000
10301.000000	20.000000	-15.200000	210.000000	0.000000	0.000000	1.000000
10351.000000	20.000000	-14.400000	210.000000	0.000000	0.000000	1.000000
10401.000000	20.000000	-13.600000	210.000000	0.000000	0.000000	1.000000
10451.000000	20.000000	-12.800000	210.000000	0.000000	0.000000	1.000000
10501.000000	20.000000	-12.000000	210.000000	0.000000	0.000000	1.000000
10551.000000	20.000000	-11.200000	210.000000	0.000000	0.000000	1.000000
10601.000000	20.000000	-10.400000	210.000000	0.000000	0.000000	1.000000
10651.000000	20.000000	-9.600000	210.000000	0.000000	0.000000	1.000000
10701.000000	20.000000	-8.800000	210.000000	0.000000	0.000000	1.000000
10751.000000	20.000000	-8.000000	210.000000	0.000000	0.000000	1.000000
10801.000000	20.000000	-7.200000	210.000000	0.000000	0.000000	1.000000
10851.000000	20.000000	-6.400000	210.000000	0.000000	0.000000	1.000000
10901.000000	20.000000	-5.600000	210.000000	0.000000	0.000000	1.000000
10951.000000	20.000000	-4.800000	210.000000	0.000000	0.000000	1.000000
11001.000000	20.000000	-4.000000	210.000000	0.000000	0.000000	1.000000
11051.000000	20.000000	-3.200000	210.000000	0.000000	0.000000	1.000000
11101.000000	20.000000	-2.400000	210.000000	0.000000	0.000000	1.000000
11151.000000	20.000000	-1.600000	210.000000	0.000000	0.000000	1.000000
11201.000000	20.000000	-0.800000	210.000000	0.000000	0.000000	1.000000
11251.000000	20.000000	0.000000	210.000000	0.000000	0.000000	1.000000
11301.000000	20.000000	0.800000	210.000000	0.000000	0.000000	1.000000
11351.000000	20.000000	1.600000	210.000000	0.000000	0.000000	1.000000
11401.000000	20.000000	2.400000	210.000000	0.000000	0.000000	1.000000
11451.000000	20.000000	3.200000	210.000000	0.000000	0.000000	1.000000
11501.000000	20.000000	4.000000	210.000000	0.000000	0.000000	1.000000
11551.000000	20.000000	4.800000	210.000000	0.000000	0.000000	1.000000
11601.000000	20.000000	5.600000	210.000000	0.000000	0.000000	1.000000
11651.000000	20.000000	6.400000	210.000000	0.000000	0.000000	1.000000
11701.000000	20.000000	7.200000	210.000000	0.000000	0.000000	1.000000
11751.000000	20.000000	8.000000	210.000000	0.000000	0.000000	1.000000
11801.000000	20.000000	8.800000	210.000000	0.000000	0.000000	1.000000
11851.000000	20.000000	9.600000	210.000000	0.000000	0.000000	1.000000
11901.000000	20.000000	10.400000	210.000000	0.000000	0.000000	1.000000
11951.000000	20.000000	11.200000	210.000000	0.000000	0.000000	1.000000
12001.000000	20.000000	12.000000	210.000000	0.000000	0.000000	1.000000
12051.000000	20.000000	12.800000	210.000000	0.000000	0.000000	1.000000
12101.000000	20.000000	13.600000	210.000000	0.000000	0.000000	1.000000
12151.000000	20.000000	14.400000	210.000000	0.000000	0.000000	1.000000
12201.000000	20.000000	15.200000	210.000000	0.000000	0.000000	1.000000
12251.000000	20.000000	16.000000	210.000000	0.000000	0.000000	1.000000
12301.000000	20.000000	16.800000	210.000000	0.000000	0.000000	1.000000
12351.000000	20.000000	17.600000	210.000000	0.000000	0.000000	1.000000
12401.000000	20.000000	18.400000	210.000000	0.000000	0.000000	1.000000
12451.000000	20.000000	19.200000	210.000000	0.000000	0.000000	1.000000
12501.000000	20.000000	20.000000	210.000000	0.000000	0.000000	1.000000
12551.000000	19.200000	20.000000	210.000000	0.000000	0.000000	1.000000
12601.000000	18.400000	20.000000	210.000000	0.000000	0.000000	1.000000
12651.000000	17.600000	20.000000	210.000000	0.000000	0.000000	1.000000
12701.000000	16.800000	20.000000	210.000000	0.000000	0.000000	1.000000
12751.000000	16.000000	20.000000	210.000000	0.000000	0.000000	1.000000
12801.000000	15.200000	20.000000	210.000000	0.000000	0.000000	1.000000
12851.000000	14.400000	20.000000	210.000000	0.000000	0.000000	1.000000
12901.000000	13.600000	20.000000	210.000000	0.000000	0.000000	1.000000
12951.000000	12.800000	20.000000	210.000000	0.000000	0.000000	1.000000
13001.000000	12.000000	20.000000	210.000000	0.000000	0.000000	1.000000
13051.000000	11.200000	20.000000	210.000000	0.000000	0.000000	1.000000
13101.000000	10.400000	20.000000	210.000000	0.000000	0.000000	1.000000
13151.000000	9.600000	20.000000	210.000000	0.000000	0.000000	1.000000
13201.000000	8.800000	20.000000	210.000000	0.000000	0.000000	1.000000
13251.000000	8.000000	20.000000	210.000000	0.000000	0.000000	1.000000
13301.000000	7.200000	20.000000	210.000000	0.000000	0.000000	1.000000
13351.000000	6.400000	20.000000	210.000000	0.000000	0.000000	1.000000
13401.000000	5.600000	20.000000	210.000000	0.000000	0.000000	1.000000
13451.000000	4.800000	20.000000	210.000000	0.000000	0.000000	1.000000
13501.000000	4.000000	20.000000	210.000000	0.000000	0.000000	1.000000
13551.000000	3.200000	20.000000	210.000000	0.000000	0.000000	1.000000
13601.000000	2.400000	20.000000	210.000000	0.000000	0.000000	1.000000
13651.000000	1.600000	20.000000	210.000000	0.000000	0.000000	1.000000
13701.000000	0.800000	20.000000	210.000000	0.000000	0.000000	1.000000
13751.000000	0.000000	20.000000	210.000000	0.000000	0.000000	1.000000
13801.000000	-0.800000	20.000000	210.000000	0.000000	0.000000	1.000000
13851.000000	-1.600000	20.000000	210.000000	0.000000	0.000000	1.000000
13901.000000	-2.400000	20.000000	210.000000	0.000000	0.000000	1.000000
13951.000000	-3.200000	20.000000	210.000000	0.000000	0.000000	1.000000
14001.000000	-4.000000	20.000000	210.000000	0.000000	0.000000	1.000000
14051.000000	-4.800000	20.000000	210.000000	0.000000	0.000000	1.000000
14101.000000	-5.600000	20.000000	210.000000	0.000000	0.000000	1.000000
14151.000000	-6.400000	20.000000	210.000000	0.000000	0.000000	1.000000
14201.000000	-7.200000	20.000000	210.000000	0.000000	0.000000	1.000000
14251.000000	-8.000000	20.000000	210.000000	0.000000	0.000000	1.000000
14301.000000	-8.800000	20.000000	210.000000	0.000000	0.000000	1.000000
14351.000000	-9.600000	20.000000	210.000000	0.000000	0.000000	1.000000
14401.000000	-10.400000	20.000000	210.000000	0.000000	0.000000	1.000000
14451.000000	-11.200000	20.000000	210.000000	0.000000	0.000000	1.000000
14501.000000	-12.000000	20.000000	210.000000	0.000000	0.000000	1.000000
14551.000000	-12.800000	20.000000	210.000000	0.000000	0.000000	1.000000
14601.000000	-13.600000	20.000000	210.000000	0.000000	0.000000	1.000000
14651.000000	-14.400000	20.000000	210.000000	0.000000	0.000000	1.000000
14701.000000	-15.200000	20.000000	210.000000	0.000000	0.000000	1.000000
14751.000000	-16.000000	20.000000	210.000000	0.000000	0.000000	1.000000
14801.000000	-16.800000	20.000000	210.000000	0.000000	0.000000	1.000000
14851.000000	-17.600000	20.000000	210.000000	0.000000	0.000000	1.000000
14901.000000	-18.400000	20.000000	210.000000	0.000000	0.000000	1.000000
14951.000000	-19.200000	20.000000	210.000000	0.000000	0.000000	1.000000
15001.000000	-20.000000	20.000000	210.000000	0.000000	0.000000	1.000000
15051.000000	-20.000000	19.200000	210.000000	0.000000	0.000000	1.000000
15101.000000	-20.000000	18.400000	210.000000	0.000000	0.000000	1.000000
15151.000000	-20.000000	17.600000	210.000000	0.000000	0.000000	1.000000
15201.000000	-20.000000	16.800000	210.000000	0.000000	0.000000	1.000000
15251.000000	-20.000000	16.000000	210.000000	0.000000	0.000000	1.000000
15301.000000	-20.000000	15.200000	210.000000	0.000000	0.000000	1.000000
15351.000000	-20.000000	14.400000	210.000000	0.000000	0.000000	1.000000
15401.000000	-20.000000	13.600000	210.000000	0.000000	0.000000	1.000000
15451.000000	-20.000000	12.800000	210.000000	0.000000	0.000000	1.000000
15501.000000	-20.000000	12.000000	210.000000	0.000000	0.000000	1.000000
15551.000000	-20.000000	11.200000	210.000000	0.000000	0.000000	1.000000
15601.000000	-20.000000	10.400000	210.000000	0.000000	0.000000	1.000000
15651.000000	-20.000000	9.600000	210.000000	0.000000	0.000000	1.000000
15701.000000	-20.000000	8.800000	210.000000	0.000000	0.000000	1.000000
15751.000000	-20.000000	8.000000	210.000000	0.000000	0.000000	1.000000
15801.000000	-20.000000	7.200000	210.000000	0.000000	0.000000	1.000000
15851.000000	-20.000000	6.400000	210.000000	0.000000	0.000000	1.000000
15901.000000	-20.000000	5.600000	210.000000	0.000000	0.000000	1.000000
15951.000000	-20.000000	4.800000	210.000000	0.000000	0.000000	1.000000
16001.000000	-20.000000	4.000000	210.000000	0.000000	0.000000	1.000000
16051.000000	-20.000000	3.200000	210.000000	0.000000	0.000000	1.000000
16101.000000	-20.000000	2.400000	210.000000	0.000000	0.000000	1.000000
16151.000000	-20.000000	1.600000	210.000000	0.000000	0.000000	1.000000
16201.000000	-20.000000	0.800000	210.000000	0.000000	0.000000	1.000000
16251.000000	-20.000000	0.000000	210.000000	0.000000	0.000000	1.000000
16301.000000	-20.000000	-0.800000	210.000000	0.000000	0.000000	1.000000
16351.000000	-20.000000	-1.600000	210.000000	0.000000	0.000000	1.000000
16401.000000	-20.000000	-2.400000	210.000000	0.000000	0.000000	1.000000
16451.000000	-20.000000	-3.200000	210.000000	0.000000	0.000000	1.000000
16501.000000	-20.000000	-4.000000	210.000000	0.000000	0.000000	1.000000
16551.000000	-20.000000	-4.800000	210.000000	0.000000	0.000000	1.000000
16601.000000	-20.000000	-5.600000	210.000000	0.000000	0.000000	1.000000
16651.000000	-20.000000	-6.400000	210.000000	0.000000	0.000000	1.000000
16701.000000	-20.000000	-7.200000	210.000000	0.000000	0.000000	1.000000
16751.000000	-20.000000	-8.000000	210.000000	0.000000	0.000000	1.000000
16801.000000	-20.000000	-8.800000	210.000000	0.000000	0.000000	1.000000
16851.000000	-20.000000	-9.600000	210.000000	0.000000	0.000000	1.000000
16901.000000	-20.000000	-10.400000	210.000000	0.000000	0.000000	1.000000
16951.000000	-20.000000	-11.200000	210.000000	0.000000	0.000000	1.000000
17001.000000	-20.000000	-12.000000	210.000000	0.000000	0.000000	1.000000
17051.000000	-20.000000	-12.800000	210.000000	0.000000	0.000000	1.000000
17101.000000	-20.000000	-13.600000	210.000000	0.000000	0.000000	1.000000
17151.000000	-20.000000	-14.400000	210.000000	0.000000	0.000000	1.000000
17201.000000	-20.000000	-15.200000	210.000000	0.000000	0.000000	1.000000
17251.000000	-20.000000	-16.000000	210.000000	0.000000	0.000000	1.000000
17301.000000	-20.000000	-16.800000	210.000000	0.000000	0.000000	1.000000
17351.000000	-20.000000	-17.600000	210.000000	0.000000	0.000000	1.000000
17401.000000	-20.000000	-18.400000	210.000000	0.000000	0.000000	1.000000
17451.000000	-20.000000	-19.200000	210.000000	0.000000	0.000000	1.000000
17501.000000	-20.000000	-20.000000	210.000000	0.000000	0.000000	1.000000
17551.000000	-19.200000	-20.000000	210.000000	0.000000	0.000000	1.000000
17601.000000	-18.400000	-20.000000	210.000000	0.000000	0.000000	1.000000
17651.000000	-17.600000	-20.000000	210.000000	0.000000	0.000000	1.000000
17701.000000	-16.800000	-20.000000	210.000000	0.000000	0.000000	1.000000
17751.000000	-16.000000	-20.000000	210.000000	0.000000	0.000000	1.000000
17801.000000	-15.200000	-20.000000	210.000000	0.000000	0.000000	1.000000
17851.000000	-14.400000	-20.000000	210.000000	0.000000	0.000000	1.000000
17901.000000	-13.600000	-20.000000	210.000000	0.000000	0.000000	1.000000
17951.000000	-12.800000	-20.000000	210.000000	0.000000	0.000000	1.000000
18001.000000	-12.000000	-20.000000	210.000000	0.000000	0.000000	1.000000
18051.000000	-11.200000	-20.000000	210.000000	0.000000	0.000000	1.000000
18101.000000	-10.400000	-20.000000	210.000000	0.000000	0.000000	1.000000
18151.000000	-9.600000	-20.000000	210.000000	0.000000	0.000000	1.000000
18201.000000	-8.800000	-20.000000	210.000000	0.000000	0.000000	1.000000
18251.000000	-8.000000	-20.000000	210.000000	0.000000	0.000000	1.000000
18301.000000	-7.200000	-20.000000	210.000000	0.000000	0.000000	1.000000
18351.000000	-6.400000	-20.000000	210.000000	0.000000	0.000000	1.000000
18401.000000	-5.600000	-20.000000	210.000000	0.000000	0.000000	1.000000
18451.000000	-4.800000	-20.000000	210.000000	0.000000	0.000000	1.000000
18501.000000	-4.000000	-20.000000	210.000000	0.000000	0.000000	1.000000
18551.000000	-3.200000	-20.000000	210.000000	0.000000	0.000000	1.000000
18601.000000	-2.400000	-20.000000	210.000000	0.000000	0.000000	1.000000
18651.000000	-1.600000	-20.000000	210.000000	0.000000	0.000000	1.000000
18701.000000	-0.800000	-20.000000	210.000000	0.000000	0.000000	1.000000
18751.000000	0.000000	-20.000000	210.000000	0.000000	0.000000	1.000000
18801.000000	0.800000	-20.000000	210.000000	0.000000	0.000000	1.000000
18851.000000	1.600000	-20.000000	210.000000	0.000000	0.000000	1.000000
18901.000000	2.400000	-20.000000	210.000000	0.000000	0.000000	1.000000
18951.000000	3.200000	-20.000000	210.000000	0.000000	0.000000	1.000000
19001.000000	4.000000	-20.000000	210.000000	0.000000	0.000000	1.000000
19051.000000	4.800000	-20.000000	210.000000	0.000000	0.000000	1.000000
19101.000000	5.600000	-20.000000	210.000000	0.000000	0.000000	1.000000
19151.000000	6.400000	-20.000000	210.000000	0.000000	0.000000	1.000000
19201.000000	7.200000	-20.000000	210.000000	0.000000	0.000000	1.000000
19251.000000	8.000000	-20.000000	210.000000	0.000000	0.000000	1.000000
19301.000000	8.800000	-20.000000	210.000000	0.000000	0.000000	1.000000
19351.000000	9.600000	-20.000000	210.000000	0.000000	0.000000	1.000000
19401.000000	10.400000	-20.000000	210.000000	0.000000	0.000000	1.000000
19451.000000	11.200000	-20.000000	210.000000	0.000000	0.000000	1.000000
19501.000000	12.000000	-20.000000	210.000000	0.000000	0.000000	1.000000
19551.000000	12.800000	-20.000000	210.000000	0.000000	0.000000	1.000000
19601.000000	13.600000	-20.000000	210.000000	0.000000	0.000000	1.000000
19651.000000	14.400000	-20.000000	210.000000	0.000000	0.000000	1.000000
19701.000000	15.200000	-20.000000	210.000000	0.000000	0.000000	1.000000
19751.000000	16.000000	-20.000000	210.000000	0.000000	0.000000	1.000000
19801.000000	16.800000	-20.000000	210.000000	0.000000	0.000000	1.000000
19851.000000	17.600000	-20.000000	210.000000	0.000000	0.000000	1.000000
19901.000000	18.400000	-20.000000	210.000000	0.000000	0.000000	1.000000
19951.000000	19.200000	-20.000000	210.000000	0.000000	0.000000	1.000000
20001.000000	20.000000	-20.000000	210.000000	0.000000	0.000000	1.000000
20051.000000	20.000000	-19.200000	210.000000	0.000000	0.000000	1.000000
20101.000000	20.000000	-18.400000	210.000000	0.000000	0.000000	1.000000
20151.000000	20.000000	-17.600000	210.000000	0.000000	0.000000	1.000000
20201.000000	20.000000	-16.800000	210.000000	0.000000	0.000000	1.000000
20251.000000	20.000000	-16.000000	210.000000	0.000000	0.000000	1.000000
20301.000000	20.000000	-15.200000	210.000000	0.000000	0.000000	1.000000
20351.000000	20.000000	-14.400000	210.000000	0.000000	0.000000	1.000000
20401.000000	20.000000	-13.600000	210.000000	0.000000	0.000000	1.000000
20451.000000	20.000000	-12.800000	210.000000	0.000000	0.000000	1.000000
20501.000000	20.000000	-12.000000	210.000000	0.000000	0.000000	1.000000
20551.000000	20.000000	-11.200000	210.000000	0.000000	0.000000	1.000000
20601.000000	20.000000	-10.400000	210.000000	0.000000	0.000000	1.000000
20651.000000	20.000000	-9.600000	210.000000	0.000000	0.000000	1.000000
20701.000000	20.000000	-8.800000	210.000000	0.000000	0.000000	1.000000
20751.000000	20.000000	-8.000000	210.000000	0.000000	0.000000	1.000000
20801.000000	20.000000	-7.200000	210.000000	0.000000	0.000000	1.000000
20851.000000	20.000000	-6.400000	210.000000	0.000000	0.000000	1.000000
20901.000000	20.000000	-5.600000	210.000000	0.000000	0.000000	1.000000
20951.000000	20.000000	-4.800000	210.000000	0.000000	0.000000	1.000000
21001.000000	20.000000	-4.000000	210.000000	0.000000	0.000000	1.000000
21051.000000	20.000000	-3.200000	210.000000	0.000000	0.000000	1.000000
21101.000000	20.000000	-2.400000	210.000000	0.000000	0.000000	1.000000
21151.000000	20.000000	-1.600000	210.000000	0.000000	0.000000	1.000000
21201.000000	20.000000	-0.800000	210.000000	0.000000	0.000000	1.000000
21251.000000	20.000000	0.000000	210.000000	0.000000	0.000000	1.000000
21301.000000	20.000000	0.800000	210.000000	0.000000	0.000000	1.000000
21351.000000	20.000000	1.600000	210.000000	0.000000	0.000000	1.000000
21401.000000	20.000000	2.400000	210.000000	0.000000	0.000000	1.000000
21451.000000	20.000000	3.200000	210.000000	0.000000	0.000000	1.000000
21501.000000	20.000000	4.000000	210.000000	0.000000	0.000000	1.000000
21551.000000	20.000000	4.800000	210.000000	0.000000	0.000000	1.000000
21601.000000	20.000000	5.600000	210.000000	0.000000	0.000000	1.000000
21651.000000	20.000000	6.400000	210.000000	0.000000	0.000000	1.000000
21701.000000	20.000000	7.200000	210.000000	0.000000	0.000000	1.000000
21751.000000	20.000000	8.000000	210.000000	0.000000	0.000000	1.000000
21801.000000	20.000000	8.800000	210.000000	0.000000	0.000000	1.000000
21851.000000	20.000000	9.600000	210.000000	0.000000	0.000000	1.000000
21901.000000	20.000000	10.400000	210.000000	0.000000	0.000000	1.000000
21951.000000	20.000000	11.200000	210.000000	0.000000	0.000000	1.000000
22001.000000	20.000000	12.000000	210.000000	0.000000	0.000000	1.000000
22051.000000	20.000000	12.800000	210.000000	0.000000	0.000000	1.000000
22101.000000	20.000000	13.600000	210.000000	0.000000	0.000000	1.000000
22151.000000	20.000000	14.400000	210.000000	0.000000	0.000000	1.000000
22201.000000	20.000000	15.200000	210.000000	0.000000	0.000000	1.000000
22251.000000	20.000000	16.000000	210.000000	0.000000	0.000000	1.000000
22301.000000	20.000000	16.800000	210.000000	0.000000	0.000000	1.000000
22351.000000	20.000000	17.600000	210.000000	0.000000	0.000000	1.000000
22401.000000	20.000000	18.400000	210.000000	0.000000	0.000000	1.000000
22451.000000	20.000000	19.200000	210.000000	0.000000	0.000000	1.000000
22501.000000	20.000000	20.000000	210.000000	0.000000	0.000000	1.000000
22551.000000	19.200000	20.000000	210.000000	0.000000	0.000000	1.000000
22601.000000	18.400000	20.000000	210.000000	0.000000	0.000000	1.000000
22651.000000	17.600000	20.000000	210.000000	0.000000	0.000000	1.000000
22701.000000	16.800000	20.000000	210.000000	0.000000	0.000000	1.000000
22751.000000	16.000000	20.000000	210.000000	0.000000	0.000000	1.000000
22801.000000	15.200000	20.000000	210.000000	0.000000	0.000000	1.000000
22851.000000	14.400000	20.000000	210.000000	0.000000	0.000000	1.000000
22901.000000	13.600000	20.000000	210.000000	0.000000	0.000000	1.000000
22951.000000	12.800000	20.000000	210.000000	0.000000	0.000000	1.000000
23001.000000	12.000000	20.000000	210.000000	0.000000	0.000000	1.000000
23051.000000	11.200000	20.000000	210.000000	0.000000	0.000000	1.000000
23101.000000	10.400000	20.000000	210.000000	0.000000	0.000000	1.000000
23151.000000	9.600000	20.000000	210.000000	0.000000	0.000000	1.000000
23201.000000	8.800000	20.000000	210.000000	0.000000	0.000000	1.000000
23251.000000	8.000000	20.000000	210.000000	0.000000	0.000000	1.000000
23301.000000	7.200000	20.000000	210.000000	0.000000	0.000000	1.000000
23351.000000	6.400000	20.000000	210.000000	0.000000	0.000000	1.000000
23401.000000	5.600000	20.000000	210.000000	0.000000	0.000000	1.000000
23451.000000	4.800000	20.000000	210.000000	0.000000	0.000000	1.000000
23501.000000	4.000000	20.000000	210.000000	0.000000	0.000000	1.000000
23551.000000	3.200000	20.000000	210.000000	0.000000	0.000000	1.000000
23601.000000	2.400000	20.000000	210.000000	0.000000	0.000000	1.000000
23651.000000	1.600000	20.000000	210.000000	0.000000	0.000000	1.000000
23701.000000	0.800000	20.000000	210.000000	0.000000	0.000000	1.000000
23751.000000	0.000000	20.000000	210.000000	0.000000	0.000000	1.000000
23801.000000	-0.800000	20.000000	210.000000	0.000000	0.000000	1.000000
23851.000000	-1.600000	20.000000	210.000000	0.000000	0.000000	1.000000
23901.000000	-2.400000	20.000000	210.000000	0.000000	0.000000	1.000000
23951.000000	-3.200000	20.000000	210.000000	0.000000	0.000000	1.000000
24001.000000	-4.000000	20.000000	210.000000	0.000000	0.000000	1.000000
24051.000000	-4.800000	20.000000	210.000000	0.000000	0.000000	1.000000
24101.000000	-5.600000	20.000000	210.000000	0.000000	0.000000	1.000000
24151.000000	-6.400000	20.000000	210.000000	0.000000	0.000000	1.000000
24201.000000	-7.200000	20.000000	210.000000	0.000000	0.000000	1.000000
24251.000000	-8.000000	20.000000	210.000000	0.000000	0.000000	1.000000
24301.000000	-8.800000	20.000000	210.000000	0.000000	0.000000	1.000000
24351.000000	-9.600000	20.000000	210.000000	0.000000	0.000000	1.000000
24401.000000	-10.400000	20.000000	210.000000	0.000000	0.000000	1.000000
24451.000000	-11.200000	20.000000	210.000000	0.000000	0.000000	1.000000
24501.000000	-12.000000	20.000000	210.000000	0.000000	0.000000	1.000000
24551.000000	-12.800000	20.000000	210.000000	0.000000	0.000000	1.000000
24601.000000	-13.600000	20.000000	210.000000	0.000000	0.000000	1.000000
24651.000000	-14.400000	20.000000	210.000000	0.000000	0.000000	1.000000
24701.000000	-15.200000	20.000000	210.000000	0.000000	0.000000	1.000000
24751.000000	-16.000000	20.000000	210.000000	0.000000	0.000000	1.000000
24801.000000	-16.800000	20.000000	210.000000	0.000000	0.000000	1.000000
24851.000000	-17.600000	20.000000	210.000000	0.000000	0.000000	1.000000
24901.000000	-18.400000	20.000000	210.000000	0.000000	0.000000	1.000000
24951.000000	-19.200000	20.000000	210.000000	0.000000	0.000000	1.000000
25001.000000	-20.000000	20.000000	210.000000	0.000000	0.000000	1.000000
25051.000000	-20.000000	19.200000	210.000000	0.000000	0.000000	1.000000
25101.000000	-20.000000	18.400000	210.000000	0.000000	0.000000	1.000000
25151.000000	-20.000000	17.600000	210.000000	0.000000	0.000000	1.000000
25201.000000	-20.000000	16.800000	210.000000	0.000000	0.000000	1.000000
25251.000000	-20.000000	16.000000	210.000000	0.000000	0.000000	1.000000
25301.000000	-20.000000	15.200000	210.000000	0.000000	0.000000	1.000000
25351.000000	-20.000000	14.400000	210.000000	0.000000	0.000000	1.000000
25401.000000	-20.000000	13.600000	210.000000	0.000000	0.000000	1.000000
25451.000000	-20.000000	12.800000	210.000000	0.000000	0.000000	1.000000
25501.000000	-20.000000	12.000000	210.000000	0.000000	0.000000	1.000000
25551.000000	-20.000000	11.200000	210.000000	0.000000	0.000000	1.000000
25601.000000	-20.000000	10.400000	210.000000	0.000000	0.000000	1.000000
25651.000000	-20.000000	9.600000	210.000000	0.000000	0.000000	1.000000
25701.000000	-20.000000	8.800000	210.000000	0.000000	0.000000	1.000000
25751.000000	-20.000000	8.000000	210.000000	0.000000	0.000000	1.000000
25801.000000	-20.000000	7.200000	210.000000	0.000000	0.000000	1.000000
25851.000000	-20.000000	6.400000	210.000000	0.000000	0.000000	1.000000
25901.000000	-20.000000	5.600000	210.000000	0.000000	0.000000	1.000000
25951.000000	-20.000000	4.800000	210.000000	0.000000	0.000000	1.000000
26001.000000	-20.000000	4.000000	210.000000	0.000000	0.000000	1.000000
26051.000000	-20.000000	3.200000	210.000000	0.000000	0.000000	1.000000
26101.000000	-20.000000	2.400000	210.000000	0.000000	0.000000	1.000000
26151.000000	-20.000000	1.600000	210.000000	0.000000	0.000000	1.000000
26201.000000	-20.000000	0.800000	210.000000	0.000000	0.000000	1.000000
26251.000000	-20.000000	0.000000	210.000000	0.000000	0.000000	1.000000
26301.000000	-20.000000	-0.800000	210.000000	0.000000	0.000000	1.000000
26351.000000	-20.000000	-1.600000	210.000000	0.000000	0.000000	1.000000
26401.000000	-20.000000	-2.400000	210.000000	0.000000	0.000000	1.000000
26451.000000	-20.000000	-3.200000	210.000000	0.000000	0.000000	1.000000
26501.000000	-20.000000	-4.000000	210.000000	0.000000	0.000000	1.000000
26551.000000	-20.000000	-4.800000	210.000000	0.000000	0.000000	1.000000
26601.000000	-20.000000	-5.600000	210.000000	0.000000	0.000000	1.000000
26651.000000	-20.000000	-6.400000	210.000000	0.000000	0.000000	1.000000
26701.000000	-20.000000	-7.200000	210.000000	0.000000	0.000000	1.000000
26751.000000	-20.000000	-8.000000	210.000000	0.000000	0.000000	1.000000
26801.000000	-20.000000	-8.800000	210.000000	0.000000	0.000000	1.000000
26851.000000	-20.000000	-9.600000	210.000000	0.000000	0.000000	1.000000
26901.000000	-20.000000	-10.400000	210.000000	0.000000	0.000000	1.000000
26951.000000	-20.000000	-11.200000	210.000000	0.000000	0.000000	1.000000
27001.000000	-20.000000	-12.000000	210.000000	0.000000	0.000000	1.000000
27051.000000	-20.000000	-12.800000	210.000000	0.000000	0.000000	1.000000
27101.000000	-20.000000	-13.600000	210.000000	0.000000	0.000000	1.000000
27151.000000	-20.000000	-14.400000	210.000000	0.000000	0.000000	1.000000
27201.000000	-20.000000	-15.200000	210.000000	0.000000	0.000000	1.000000
27251.000000	-20.000000	-16.000000	210.000000	0.000000	0.000000	1.000000
27301.000000	-20.000000	-16.800000	210.000000	0.000000	0.000000	1.000000
27351.000000	-20.000000	-17.600000	210.000000	0.000000	0.000000	1.000000
27401.000000	-20.000000	-18.400000	210.000000	0.000000	0.000000	1.000000
27451.000000	-20.000000	-19.200000	210.000000	0.000000	0.000000	1.000000
27501.000000	-20.000000	-20.000000	210.000000	0.000000	0.000000	1.000000
27551.000000	-19.200000	-20.000000	210.000000	0.000000	0.000000	1.000000
27601.000000	-18.400000	-20.000000	210.000000	0.000000	0.000000	1.000000
27651.000000	-17.600000	-20.000000	210.000000	0.000000	0.000000	1.000000
27701.000000	-16.800000	-20.000000	210.000000	0.000000	0.000000	1.000000
27751.000000	-16.000000	-20.000000	210.000000	0.000000	0.000000	1.000000
27801.000000	-15.200000	-20.000000	210.000000	0.000000	0.000000	1.000000
27851.000000	-14.400000	-20.000000	210.000000	0.000000	0.000000	1.000000
27901.000000	-13.600000	-20.000000	210.000000	0.000000	0.000000	1.000000
27951.000000	-12.800000	-20.000000	210.000000	0.000000	0.000000	1.000000
28001.000000	-12.000000	-20.000000	210.000000	0.000000	0.000000	1.000000
28051.000000	-11.200000	-20.000000	210.000000	0.000000	0.000000	1.000000
28101.000000	-10.400000	-20.000000	210.000000	0.000000	0.000000	1.000000
28151.000000	-9.600000	-20.000000	210.000000	0.000000	0.000000	1.000000
28201.000000	-8.800000	-20.000000	210.000000	0.000000	0.000000	1.000000
28251.000000	-8.000000	-20.000000	210.000000	0.000000	0.000000	1.000000
28301.000000	-7.200000	-20.000000	210.000000	0.000000	0.000000	1.000000
28351.000000	-6.400000	-20.000000	210.000000	0.000000	0.000000	1.000000
28401.000000	-5.600000	-20.000000	210.000000	0.000000	0.000000	1.000000
28451.000000	-4.800000	-20.000000	210.000000	0.000000	0.000000	1.000000
28501.000000	-4.000000	-20.000000	210.000000	0.000000	0.000000	1.000000
28551.000000	-3.200000	-20.000000	210.000000	0.000000	0.000000	1.000000
28601.000000	-2.400000	-20.000000	210.000000	0.000000	0.000000	1.000000
28651.000000	-1.600000	-20.000000	210.000000	0.000000	0.000000	1.000000
28701.000000	-0.800000	-20.000000	210.000000	0.000000	0.000000	1.000000
28751.000000	0.000000	-20.000000	210.000000	0.000000	0.000000	1.000000
28801.000000	0.800000	-20.000000	210.000000	0.000000	0.000000	1.000000
28851.000000	1.600000	-20.000000	210.000000	0.000000	0.000000	1.000000
28901.000000	2.400000	-20.000000	210.000000	0.000000	0.000000	1.000000
28951.000000	3.200000	-20.000000	210.000000	0.000000	0.000000	1.000000
29001.000000	4.000000	-20.000000	210.000000	0.000000	0.000000	1.000000
29051.000000	4.800000	-20.000000	210.000000	0.000000	0.000000	1.000000
29101.000000	5.600000	-20.000000	210.000000	0.000000	0.000000	1.000000
29151.000000	6.400000	-20.000000	210.000000	0.000000	0.000000	1.000000
29201.000000	7.200000	-20.000000	210.000000	0.000000	0.000000	1.000000
29251.000000	8.000000	-20.000000	210.000000	0.000000	0.000000	1.000000
29301.000000	8.800000	-20.000000	210.000000	0.000000	0.000000	1.000000
29351.000000	9.600000	-20.000000	210.000000	0.000000	0.000000	1.000000
29401.000000	10.400000	-20.000000	210.000000	0.000000	0.000000	1.000000
29451.000000	11.200000	-20.000000	210.000000	0.000000	0.000000	1.000000
29501.000000	12.000000	-20.000000	210.000000	0.000000	0.000000	1.000000
29551.000000	12.800000	-20.000000	210.000000	0.000000	0.000000	1.000000
29601.000000	13.600000	-20.000000	210.000000	0.000000	0.000000	1.000000
29651.000000	14.400000	-20.000000	210.000000	0.000000	0.000000	1.000000
29701.000000	15.200000	-20.000000	210.000000	0.000000	0.000000	1.000000
29751.000000	16.000000	-20.000000	210.000000	0.000000	0.000000	1.000000
29801.000000	16.800000	-20.000000	210.000000	0.000000	0.000000	1.000000
29851.000000	17.600000	-20.000000	210.000000	0.000000	0.000000	1.000000
29901.000000	18.400000	-20.000000	210.000000	0.000000	0.000000	1.000000
29951.000000	19.200000	-20.000000	210.000000	0.000000	0.000000	1.000000
30001.000000	20.000000	-20.000000	210.000000	0.000000	0.000000	1.000000
30051.000000	20.000000	-19.200000	210.000000	0.000000	0.000000	1.000000
30101.000000	20.000000	-18.400000	210.000000	0.000000	0.000000	1.000000
30151.000000	20.000000	-17.600000	210.000000	0.000000	0.000000	1.000000
30201.000000	20.000000	-16.800000	210.000000	0.000000	0.000000	1.000000
30251.000000	20.000000	-16.000000	210.000000	0.000000	0.000000	1.000000
30301.000000	20.000000	-15.200000	210.000000	0.000000	0.000000	1.000000
30351.000000	20.000000	-14.400000	210.000000	0.000000	0.000000	1.000000
30401.000000	20.000000	-13.600000	210.000000	0.000000	0.000000	1.000000
30451.000000	20.000000	-12.800000	210.000000	0.000000	0.000000	1.000000
30501.000000	20.000000	-12.000000	210.000000	0.000000	0.000000	1.000000
30551.000000	20.000000	-11.200000	210.000000	0.000000	0.000000	1.000000
30601.000000	20.000000	-10.400000	210.000000	0.000000	0.000000	1.000000
30651.000000	20.000000	-9.600000	210.000000	0.000000	0.000000	1.000000
30701.000000	20.000000	-8.800000	210.000000	0.000000	0.000000	1.000000
30751.000000	20.000000	-8.000000	210.000000	0.000000	0.000000	1.000000
30801.000000	20.000000	-7.200000	210.000000	0.000000	0.000000	1.000000
30851.000000	20.000000	-6.400000	210.000000	0.000000	0.000000	1.000000
30901.000000	20.000000	-5.600000	210.000000	0.000000	0.000000	1.000000
30951.000000	20.000000	-4.800000	210.000000	0.000000	0.000000	1.000000
31001.000000	20.000000	-4.000000	210.000000	0.000000	0.000000	1.000000
31051.000000	20.000000	-3.200000	210.000000	0.000000	0.000000	1.000000
31101.000000	20.000000	-2.400000	210.000000	0.000000	0.000000	1.000000
31151.000000	20.000000	-1.600000	210.000000	0.000000	0.000000	1.000000
31201.000000	20.000000	-0.800000	210.000000	0.000000	0.000000	1.000000
31251.000000	20.000000	0.000000	210.000000	0.000000	0.000000	1.000000
31301.000000	20.000000	0.800000	210.000000	0.000000	0.000000	1.000000
31351.000000	20.000000	1.600000	210.000000	0.000000	0.000000	1.000000
31401.000000	20.000000	2.400000	210.000000	0.000000	0.000000	1.000000
31451.000000	20.000000	3.200000	210.000000	0.000000	0.000000	1.000000
31501.000000	20.000000	4.000000	210.000000	0.000000	0.000000	1.000000
31551.000000	20.000000	4.800000	210.000000	0.000000	0.000000	1.000000
31601.000000	20.000000	5.600000	210.000000	0.000000	0.000000	1.000000
31651.000000	20.000000	6.400000	210.000000	0.000000	0.000000	1.000000
31701.000000	20.000000	7.200000	210.000000	0.000000	0.000000	1.000000
31751.000000	20.000000	8.000000	210.000000	0.000000	0.000000	1.000000
31801.000000	20.000000	8.800000	210.000000	0.000000	0.000000	1.000000
31851.000000	20.000000	9.600000	210.000000	0.000000	0.000000	1.000000
31901.000000	20.000000	10.400000	210.000000	0.000000	0.000000	1.000000
31951.000000	20.000000	11.200000	210.000000	0.000000	0.000000	1.000000
32001.000000	20.000000	12.000000	210.000000	0.000000	0.000000	1.000000
32051.000000	20.000000	12.800000	210.000000	0.000000	0.000000	1.000000
32101.000000	20.000000	13.600000	210.000000	0.000000	0.000000	1.000000
32151.000000	20.000000	14.400000	210.000000	0.000000	0.000000	1.000000
32201.000000	20.000000	15.200000	210.000000	0.000000	0.000000	1.000000
32251.000000	20.000000	16.000000	210.000000	0.000000	0.000000	1.000000
32301.000000	20.000000	16.800000	210.000000	0.000000	0.000000	1.000000
32351.000000	20.000000	17.600000	210.000000	0.000000	0.000000	1.000000
32401.000000	20.000000	18.400000	210.000000	0.000000	0.000000	1.000000
32451.000000	20.000000	19.200000	210.000000	0.000000	0.000000	1.000000
32501.000000	20.000000	20.000000	210.000000	0.000000	0.000000	1.000000
32551.000000	19.200000	20.000000	210.000000	0.000000	0.000000	1.000000
32601.000000	18.400000	20.000000	210.000000	0.000000	0.000000	1.000000
32651.000000	17.600000	20.000000	210.000000	0.000000	0.000000	1.000000
32701.000000	16.800000	20.000000	210.000000	0.000000	0.000000	1.000000
32751.000000	16.000000	20.000000	210.000000	0.000000	0.000000	1.000000
32801.000000	15.200000	20.000000	210.000000	0.000000	0.000000	1.000000
32851.000000	14.400000	20.000000	210.000000	0.000000	0.000000	1.000000
32901.000000	13.600000	20.000000	210.000000	0.000000	0.000000	1.000000
32951.000000	12.800000	20.000000	210.000000	0.000000	0.000000	1.000000
33001.000000	12.000000	20.000000	210.000000	0.000000	0.000000	1.000000
33051.000000	11.200000	20.000000	210.000000	0.000000	0.000000	1.000000
33101.000000	10.400000	20.000000	210.000000	0.000000	0.000000	1.000000
33151.000000	9.600000	20.000000	210.000000	0.000000	0.000000	1.000000
33201.000000	8.800000	20.000000	210.000000	0.000000	0.000000	1.000000
33251.000000	8.000000	20.000000	210.000000	0.000000	0.000000	1.000000
33301.000000	7.200000	20.000000	210.000000	0.000000	0.000000	1.000000
33351.000000	6.400000	20.000000	210.000000	0.000000	0.000000	1.000000
33401.000000	5.600000	20.000000	210.000000	0.000000	0.000000	1.000000
33451.000000	4.800000	20.000000	210.000000	0.000000	0.000000	1.000000
33501.000000	4.000000	20.000000	210.000000	0.000000	0.000000	1.000000
33551.000000	3.200000	20.000000	210.000000	0.000000	0.000000	1.000000
33601.000000	2.400000	20.000000	210.000000	0.000000	0.000000	1.000000
33651.000000	1.600000	20.000000	210.000000	0.000000	0.000000	1.000000
33701.000000	0.800000	20.000000	210.000000	0.000000	0.000000	1.000000
33751.000000	0.000000	20.000000	210.000000	0.000000	0.000000	1.000000
33801.000000	-0.800000	20.000000	210.000000	0.000000	0.000000	1.000000
33851.000000	-1.600000	20.000000	210.000000	0.000000	0.000000	1.000000
33901.000000	-2.400000	20.000000	210.000000	0.000000	0.000000	1.000000
33951.000000	-3.200000	20.000000	210.000000	0.000000	0.000000	1.000000
34001.000000	-4.000000	20.000000	210.000000	0.000000	0.000000	1.000000
34051.000000	-4.800000	20.000000	210.000000	0.000000	0.000000	1.000000
34101.000000	-5.600000	20.000000	210.000000	0.000000	0.000000	1.000000
34151.000000	-6.400000	20.000000	210.000000	0.000000	0.000000	1.000000
34201.000000	-7.200000	20.000000	210.000000	0.000000	0.000000	1.000000
34251.000000	-8.000000	20.000000	210.000000	0.000000	0.000000	1.000000
34301.000000	-8.800000	20.000000	210.000000	0.000000	0.000000	1.000000
34351.000000	-9.600000	20.000000	210.000000	0.000000	0.000000	1.000000
34401.000000	-10.400000	20.000000	210.000000	0.000000	0.000000	1.000000
34451.000000	-11.200000	20.000000	210.000000	0.000000	0.000000	1.000000
34501.000000	-12.000000	20.000000	210.000000	0.000000	0.000000	1.000000
34551.000000	-12.800000	20.000000	210.000000	0.000000	0.000000	1.000000
34601.000000	-13.600000	20.000000	210.000000	0.000000	0.000000	1.000000
34651.000000	-14.400000	20.000000	210.000000	0.000000	0.000000	1.000000
34701.000000	-15.200000	20.000000	210.000000	0.000000	0.000000	1.000000
34751.000000	-16.000000	20.000000	210.000000	0.000000	0.000000	1.000000
34801.000000	-16.800000	20.000000	210.000000	0.000000	0.000000	1.000000
34851.000000	-17.600000	20.000000	210.000000	0.000000	0.000000	1.000000
34901.000000	-18.400000	20.000000	210.000000	0.000000	0.000000	1.000000
34951.000000	-19.200000	20.000000	210.000000	0.000000	0.000000	1.000000
35001.000000	-20.000000	20.000000	210.000000	0.000000	0.000000	1.000000
35051.000000	-20.000000	19.200000	210.000000	0.000000	0.000000	1.000000
35101.000000	-20.000000	18.400000	210.000000	0.000000	0.000000	1.000000
35151.000000	-20.000000	17.600000	210.000000	0.000000	0.000000	1.000000
35201.000000	-20.000000	16.800000	210.000000	0.000000	0.000000	1.000000
35251.000000	-20.000000	16.000000	210.000000	0.000000	0.000000	1.000000
35301.000000	-20.000000	15.200000	210.000000	0.000000	0.000000	1.000000
35351.000000	-20.000000	14.400000	210.000000	0.000000	0.000000	1.000000
35401.000000	-20.000000	13.600000	210.000000	0.000000	0.000000	1.000000
35451.000000	-20.000000	12.800000	210.000000	0.000000	0.000000	1.000000
35501.000000	-20.000000	12.000000	210.000000	0.000000	0.000000	1.000000
35551.000000	-20.000000	11.200000	210.000000	0.000000	0.000000	1.000000
35601.000000	-20.000000	10.400000	210.000000	0.000000	0.000000	1.000000
35651.000000	-20.000000	9.600000	210.000000	0.000000	0.000000	1.000000
35701.000000	-20.000000	8.800000	210.000000	0.000000	0.000000	1.000000
35751.000000	-20.000000	8.000000	210.000000	0.000000	0.000000	1.000000
35801.000000	-20.000000	7.200000	210.000000	0.000000	0.000000	1.000000
35851.000000	-20.000000	6.400000	210.000000	0.000000	0.000000	1.000000
35901.000000	-20.000000	5.600000	210.000000	0.000000	0.000000	1.000000
35951.000000	-20.000000	4.800000	210.000000	0.000000	0.000000	1.000000
36001.000000	-20.000000	4.000000	210.000000	0.000000	0.000000	1.000000
36051.000000	-20.000000	3.200000	210.000000	0.000000	0.000000	1.000000
36101.000000	-20.000000	2.400000	210.000000	0.000000	0.000000	1.000000
36151.000000	-20.000000	1.600000	210.000000	0.000000	0.000000	1.000000
36201.000000	-20.000000	0.800000	210.000000	0.000000	0.000000	1.000000
36251.000000	-20.000000	0.000000	210.000000	0.000000	0.000000	1.000000
36301.000000	-20.000000	-0.800000	210.000000	0.000000	0.000000	1.000000
36351.000000	-20.000000	-1.600000	210.000000	0.000000	0.000000	1.000000
36401.000000	-20.000000	-2.400000	210.000000	0.000000	0.000000	1.000000
36451.000000	-20.000000	-3.200000	210.000000	0.000000	0.000000	1.000000
36501.000000	-20.000000	-4.000000	210.000000	0.000000	0.000000	1.000000
36551.000000	-20.000000	-4.800000	210.000000	0.000000	0.000000	1.000000
36601.000000	-20.000000	-5.600000	210.000000	0.000000	0.000000	1.000000
36651.000000	-20.000000	-6.400000	210.000000	0.000000	0.000000	1.000000
36701.000000	-20.000000	-7.200000	210.000000	0.000000	0.000000	1.000000
36751.000000	-20.000000	-8.000000	210.000000	0.000000	0.000000	1.000000
36801.000000	-20.000000	-8.800000	210.000000	0.000000	0.000000	1.000000
36851.000000	-20.000000	-9.600000	210.000000	0.000000	0.000000	1.000000
36901.000000	-20.000000	-10.400000	210.000000	0.000000	0.000000	1.000000
36951.000000	-20.000000	-11.200000	210.000000	0.000000	0.000000	1.000000
37001.000000	-20.000000	-12.000000	210.000000	0.000000	0.000000	1.000000
37051.000000	-20.000000	-12.800000	210.000000	0.000000	0.000000	1.000000
37101.000000	-20.000000	-13.600000	210.000000	0.000000	0.000000	1.000000
37151.000000	-20.000000	-14.400000	210.000000	0.000000	0.000000	1.000000
37201.000000	-20.000000	-15.200000	210.000000	0.000000	0.000000	1.000000
37251.000000	-20.000000	-16.000000	210.000000	0.000000	0.000000	1.000000
37301.000000	-20.000000	-16.800000	210.000000	0.000000	0.000000	1.000000
37351.000000	-20.000000	-17.600000	210.000000	0.000000	0.000000	1.000000
37401.000000	-20.000000	-18.400000	210.000000	0.000000	0.000000	1.000000
37451.000000	-20.000000	-19.200000	210.000000	0.000000	0.000000	1.000000
37501.000000	-20.000000	-20.000000	210.000000	0.000000	0.000000	1.000000
37551.000000	-19.200000	-20.000000	210.000000	0.000000	0.000000	1.000000
37601.000000	-18.400000	-20.000000	210.000000	0.000000	0.000000	1.000000
37651.000000	-17.600000	-20.000000	210.000000	0.000000	0.000000	1.000000
37701.000000	-16.800000	-20.000000	210.000000	0.000000	0.000000	1.000000
37751.000000	-16.000000	-20.000000	210.000000	0.000000	0.000000	1.000000
37801.000000	-15.200000	-20.000000	210.000000	0.000000	0.000000	1.000000
37851.000000	-14.400000	-20.000000	210.000000	0.000000	0.000000	1.000000
37901.000000	-13.600000	-20.000000	210.000000	0.000000	0.000000	1.000000
37951.000000	-12.800000	-20.000000	210.000000	0.000000	0.000000	1.000000
38001.000000	-12.000000	-20.000000	210.000000	0.000000	0.000000	1.000000
38051.000000	-11.200000	-20.000000	210.000000	0.000000	0.000000	1.000000
38101.000000	-10.400000	-20.000000	210.000000	0.000000	0.000000	1.000000
38151.000000	-9.600000	-20.000000	210.000000	0.000000	0.000000	1.000000
38201.000000	-8.800000	-20.000000	210.000000	0.000000	0.000000	1.000000
38251.000000	-8.000000	-20.000000	210.000000	0.000000	0.000000	1.000000
38301.000000	-7.200000	-20.000000	210.000000	0.000000	0.000000	1.000000
38351.000000	-6.400000	-20.000000	210.000000	0.000000	0.000000	1.000000
38401.000000	-5.600000	-20.000000	210.000000	0.000000	0.000000	1.000000
38451.000000	-4.800000	-20.000000	210.000000	0.000000	0.000000	1.000000
38501.000000	-4.000000	-20.000000	210.000000	0.000000	0.000000	1.000000
38551.000000	-3.200000	-20.000000	210.000000	0.000000	0.000000	1.000000
38601.000000	-2.400000	-20.000000	210.000000	0.000000	0.000000	1.000000
38651.000000	-1.600000	-20.000000	210.000000	0.000000	0.000000	1.000000
38701.000000	-0.800000	-20.000000	210.000000	0.000000	0.000000	1.000000
38751.000000	0.000000	-20.000000	210.000000	0.000000	0.000000	1.000000
38801.000000	0.800000	-20.000000	210.000000	0.000000	0.000000	1.000000
38851.000000	1.600000	-20.000000	210.000000	0.000000	0.000000	1.000000
38901.000000	2.400000	-20.000000	210.000000	0.000000	0.000000	1.000000
38951.000000	3.200000	-20.000000	210.000000	0.000000	0.000000	1.000000
39001.000000	4.000000	-20.000000	210.000000	0.000000	0.000000	1.000000
39051.000000	4.800000	-20.000000	210.000000	0.000000	0.000000	1.000000
39101.000000	5.600000	-20.000000	210.000000	0.000000	0.000000	1.000000
39151.000000	6.400000	-20.000000	210.000000	0.000000	0.000000	1.000000
39201.000000	7.200000	-20.000000	210.000000	0.000000	0.000000	1.000000
39251.000000	8.000000	-20.000000	210.000000	0.000000	0.000000	1.000000
39301.000000	8.800000	-20.000000	210.000000	0.000000	0.000000	1.000000
39351.000000	9.600000	-20.000000	210.000000	0.000000	0.000000	1.000000
39401.000000	10.400000	-20.000000	210.000000	0.000000	0.000000	1.000000
39451.000000	11.200000	-20.000000	210.000000	0.000000	0.000000	1.000000
39501.000000	12.000000	-20.000000	210.000000	0.000000	0.000000	1.000000
39551.000000	12.800000	-20.000000	210.000000	0.000000	0.000000	1.000000
39601.000000	13.600000	-20.000000	210.000000	0.000000	0.000000	1.000000
39651.000000	14.400000	-20.000000	210.000000	0.000000	0.000000	1.000000
39701.000000	15.200000	-20.000000	210.000000	0.000000	0.000000	1.000000
39751.000000	16.000000	-20.000000	210.000000	0.000000	0.000000	1.000000
39801.000000	16.800000	-20.000000	210.000000	0.000000	0.000000	1.000000
39851.000000	17.600000	-20.000000	210.000000	0.000000	0.000000	1.000000
39901.000000	18.400000	-20.000000	210.000000	0.000000	0.000000	1.000000
39951.000000	19.200000	-20.000000	210.000000	0.000000	0.000000	1.000000
40001.000000	20.000000	-20.000000	210.000000	0.000000	0.000000	1.000000
40051.000000	20.000000	-19.200000	210.000000	0.000000	0.000000	1.000000
40101.000000	20.000000	-18.400000	210.000000	0.000000	0.000000	1.000000
40151.000000	20.000000	-17.600000	210.000000	0.000000	0.000000	1.000000
40201.000000	20.000000	-16.800000	210.000000	0.000000	0.000000	1.000000
40251.000000	20.000000	-16.000000	210.000000	0.000000	0.000000	1.000000
40301.000000	20.000000	-15.200000	210.000000	0.000000	0.000000	1.000000
40351.000000	20.000000	-14.400000	210.000000	0.000000	0.000000	1.000000
40401.000000	20.000000	-13.600000	210.000000	0.000000	0.000000	1.000000
40451.000000	20.000000	-12.800000	210.000000	0.000000	0.000000	1.000000
40501.000000	20.000000	-12.000000	210.000000	0.000000	0.000000	1.000000
40551.000000	20.000000	-11.200000	210.000000	0.000000	0.000000	1.000000
40601.000000	20.000000	-10.400000	210.000000	0.000000	0.000000	1.000000
40651.000000	20.000000	-9.600000	210.000000	0.000000	0.000000	1.000000
40701.000000	20.000000	-8.800000	210.000000	0.000000	0.000000	1.000000
40751.000000	20.000000	-8.000000	210.000000	0.000000	0.000000	1.000000
40801.000000	20.000000	-7.200000	210.000000	0.000000	0.000000	1.000000
40851.000000	20.000000	-6.400000	210.000000	0.000000	0.000000	1.000000
40901.000000	20.000000	-5.600000	210.000000	0.000000	0.000000	1.000000
40951.000000	20.000000	-4.800000	210.000000	0.000000	0.000000	1.000000
41001.000000	20.000000	-4.000000	210.000000	0.000000	0.000000	1.000000
41051.000000	20.000000	-3.200000	210.000000	0.000000	0.000000	1.000000
41101.000000	20.000000	-2.400000	210.000000	0.000000	0.000000	1.000000
41151.000000	20.000000	-1.600000	210.000000	0.000000	0.000000	1.000000
41201.000000	20.000000	-0.800000	210.000000	0.000000	0.000000	1.000000
41251.000000	20.000000	0.000000	210.000000	0.000000	0.000000	1.000000
41301.000000	20.000000	0.800000	210.000000	0.000000	0.000000	1.000000
41351.000000	20.000000	1.600000	210.000000	0.000000	0.000000	1.000000
41401.000000	20.000000	2.400000	210.000000	0.000000	0.000000	1.000000
41451.000000	20.000000	3.200000	210.000000	0.000000	0.000000	1.000000
41501.000000	20.000000	4.000000	210.000000	0.000000	0.000000	1.000000
41551.000000	20.000000	4.800000	210.000000	0.000000	0.000000	1.000000
41601.000000	20.000000	5.600000	210.000000	0.000000	0.000000	1.000000
41651.000000	20.000000	6.400000	210.000000	0.000000	0.000000	1.000000
41701.000000	20.000000	7.200000	210.000000	0.000000	0.000000	1.000000
41751.000000	20.000000	8.000000	210.000000	0.000000	0.000000	1.000000
41801.000000	20.000000	8.800000	210.000000	0.000000	0.000000	1.000000
41851.000000	20.000000	9.600000	210.000000	0.000000	0.000000	1.000000
41901.000000	20.000000	10.400000	210.000000	0.000000	0.000000	1.000000
41951.000000	20.000000	11.200000	210.000000	0.000000	0.000000	1.000000
42001.000000	20.000000	12.000000	210.000000	0.000000	0.000000	1.000000
42051.000000	20.000000	12.800000	210.000000	0.000000	0.000000	1.000000
42101.000000	20.000000	13.600000	210.000000	0.000000	0.000000	1.000000
42151.000000	20.000000	14.400000	210.000000	0.000000	0.000000	1.000000
42201.000000	20.000000	15.200000	210.000000	0.000000	0.000000	1.000000
42251.000000	20.000000	16.000000	210.000000	0.000000	0.000000	1.000000
42301.000000	20.000000	16.800000	210.000000	0.000000	0.000000	1.000000
42351.000000	20.000000	17.600000	210.000000	0.000000	0.000000	1.000000
42401.000000	20.000000	18.400000	210.000000	0.000000	0.000000	1.000000
42451.000000	20.000000	19.200000	210.000000	0.000000	0.000000	1.000000
42501.000000	20.000000	20.000000	210.000000	0.000000	0.000000	1.000000
42551.000000	19.200000	20.000000	210.000000	0.000000	0.000000	1.000000
42601.000000	18.400000	20.000000	210.000000	0.000000	0.000000	1.000000
42651.000000	17.600000	20.000000	210.000000	0.000000	0.000000	1.000000
42701.000000	16.800000	20.000000	210.000000	0.000000	0.000000	1.000000
42751.000000	16.000000	20.000000	210.000000	0.000000	0.000000	1.000000
42801.000000	15.200000	20.000000	210.000000	0.000000	0.000000	1.000000
42851.000000	14.400000	20.000000	210.000000	0.000000	0.000000	1.000000
42901.000000	13.600000	20.000000	210.000000	0.000000	0.000000	1.000000
42951.000000	12.800000	20.000000	210.000000	0.000000	0.000000	1.000000
43001.000000	12.000000	20.000000	210.000000	0.000000	0.000000	1.000000
43051.000000	11.200000	20.000000	210.000000	0.000000	0.000000	1.000000
43101.000000	10.400000	20.000000	210.000000	0.000000	0.000000	1.000000
43151.000000	9.600000	20.000000	210.000000	0.000000	0.000000	1.000000
43201.000000	8.800000	20.000000	210.000000	0.000000	0.000000	1.000000
43251.000000	8.000000	20.000000	210.000000	0.000000	0.000000	1.000000
43301.000000	7.200000	20.000000	210.000000	0.000000	0.000000	1.000000
43351.000000	6.400000	20.000000	210.000000	0.000000	0.000000	1.000000
43401.000000	5.600000	20.000000	210.000000	0.000000	0.000000	1.000000
43451.000000	4.800000	20.000000	210.000000	0.000000	0.000000	1.000000
43501.000000	4.000000	20.000000	210.000000	0.000000	0.000000	1.000000
43551.000000	3.200000	20.000000	210.000000	0.000000	0.000000	1.000000
43601.000000	2.400000	20.000000	210.000000	0.000000	0.000000	1.000000
43651.000000	1.600000	20.000000	210.000000	0.000000	0.000000	1.000000
43701.000000	0.800000	20.000000	210.000000	0.000000	0.000000	1.000000
43751.000000	0.000000	20.000000	210.000000	0.000000	0.000000	1.000000
43801.000000	-0.800000	20.000000	210.000000	0.000000	0.000000	1.000000
43851.000000	-1.600000	20.000000	210.000000	0.000000	0.000000	1.000000
43901.000000	-2.400000	20.000000	210.000000	0.000000	0.000000	1.000000
43951.000000	-3.200000	20.000000	210.000000	0.000000	0.000000	1.000000
44001.000000	-4.000000	20.000000	210.000000	0.000000	0.000000	1.000000
44051.000000	-4.800000	20.000000	210.000000	0.000000	0.000000	1.000000
44101.000000	-5.600000	20.000000	210.000000	0.000000	0.000000	1.000000
44151.000000	-6.400000	20.000000	210.000000	0.000000	0.000000	1.000000
44201.000000	-7.200000	20.000000	210.000000	0.000000	0.000000	1.000000
44251.000000	-8.000000	20.000000	210.000000	0.000000	0.000000	1.000000
44301.000000	-8.800000	20.000000	210.000000	0.000000	0.000000	1.000000
44351.000000	-9.600000	20.000000	210.000000	0.000000	0.000000	1.000000
44401.000000	-10.400000	20.000000	210.000000	0.000000	0.000000	1.000000
44451.000000	-11.200000	20.000000	210.000000	0.000000	0.000000	1.000000
44501.000000	-12.000000	20.000000	210.000000	0.000000	0.000000	1.000000
44551.000000	-12.800000	20.000000	210.000000	0.000000	0.000000	1.000000
44601.000000	-13.600000	20.000000	210.000000	0.000000	0.000000	1.000000
44651.000000	-14.400000	20.000000	210.000000	0.000000	0.000000	1.000000
44701.000000	-15.200000	20.000000	210.000000	0.000000	0.000000	1.000000
44751.000000	-16.000000	20.000000	210.000000	0.000000	0.000000	1.000000
44801.000000	-16.800000	20.000000	210.000000	0.000000	0.000000	1.000000
44851.000000	-17.600000	20.000000	210.000000	0.000000	0.000000	1.000000
44901.000000	-18.400000	20.000000	210.000000	0.000000	0.000000	1.000000
44951.000000	-19.200000	20.000000	210.000000	0.000000	0.000000	1.000000
45001.000000	-20.000000	20.000000	210.000000	0.000000	0.000000	1.000000
45051.000000	-20.000000	19.200000	210.000000	0.000000	0.000000	1.000000
45101.000000	-20.000000	18.400000	210.000000	0.000000	0.000000	1.000000
45151.000000	-20.000000	17.600000	210.000000	0.000000	0.000000	1.000000
45201.000000	-20.000000	16.800000	210.000000	0.000000	0.000000	1.000000
45251.000000	-20.000000	16.000000	210.000000	0.000000	0.000000	1.000000
45301.000000	-20.000000	15.200000	210.000000	0.000000	0.000000	1.000000
45351.000000	-20.000000	14.400000	210.000000	0.000000	0.000000	1.000000
45401.000000	-20.000000	13.600000	210.000000	0.000000	0.000000	1.000000
45451.000000	-20.000000	12.800000	210.000000	0.000000	0.000000	1.000000
45501.000000	-20.000000	12.000000	210.000000	0.000000	0.000000	1.000000
45551.000000	-20.000000	11.200000	210.000000	0.000000	0.000000	1.000000
45601.000000	-20.000000	10.400000	210.000000	0.000000	0.000000	1.000000
45651.000000	-20.000000	9.600000	210.000000	0.000000	0.000000	1.000000
45701.000000	-20.000000	8.800000	210.000000	0.000000	0.000000	1.000000
45751.000000	-20.000000	8.000000	210.000000	0.000000	0.000000	1.000000
45801.000000	-20.000000	7.200000	210.000000	0.000000	0.000000	1.000000
45851.000000	-20.000000	6.400000	210.000000	0.000000	0.000000	1.000000
45901.000000	-20.000000	5.600000	210.000000	0.000000	0.000000	1.000000
45951.000000	-20.000000	4.800000	210.000000	0.000000	0.000000	1.000000
46001.000000	-20.000000	4.000000	210.000000	0.000000	0.000000	1.000000
46051.000000	-20.000000	3.200000	210.000000	0.000000	0.000000	1.000000
46101.000000	-20.000000	2.400000	210.000000	0.000000	0.000000	1.000000
46151.000000	-20.000000	1.600000	210.000000	0.000000	0.000000	1.000000
46201.000000	-20.000000	0.800000	210.000000	0.000000	0.000000	1.000000
46251.000000	-20.000000	0.000000	210.000000	0.000000	0.000000	1.000000
46301.000000	-20.000000	-0.800000	210.000000	0.000000	0.000000	1.000000
46351.000000	-20.000000	-1.600000	210.000000	0.000000	0.000000	1.000000
46401.000000	-20.000000	-2.400000	210.000000	0.000000	0.000000	1.000000
46451.000000	-20.000000	-3.200000	210.000000	0.000000	0.000000	1.000000
46501.000000	-20.000000	-4.000000	210.000000	0.000000	0.000000	1.000000
46551.000000	-20.000000	-4.800000	210.000000	0.000000	0.000000	1.000000
46601.000000	-20.000000	-5.600000	210.000000	0.000000	0.000000	1.000000
46651.000000	-20.000000	-6.400000	210.000000	0.000000	0.000000	1.000000
46701.000000	-20.000000	-7.200000	210.000000	0.000000	0.000000	1.000000
46751.000000	-20.000000	-8.000000	210.000000	0.000000	0.000000	1.000000
46801.000000	-20.000000	-8.800000	210.000000	0.000000	0.000000	1.000000
46851.000000	-20.000000	-9.600000	210.000000	0.000000	0.000000	1.000000
46901.000000	-20.000000	-10.400000	210.000000	0.000000	0.000000	1.000000
46951.000000	-20.000000	-11.200000	210.000000	0.000000	0.000000	1.000000
47001.000000	-20.000000	-12.000000	210.000000	0.000000	0.000000	1.000000
47051.000000	-20.000000	-12.800000	210.000000	0.000000	0.000000	1.000000
47101.000000	-20.000000	-13.600000	210.000000	0.000000	0.000000	1.000000
47151.000000	-20.000000	-14.400000	210.000000	0.000000	0.000000	1.000000
47201.000000	-20.000000	-15.200000	210.000000	0.000000	0.000000	1.000000
47251.000000	-20.000000	-16.000000	210.000000	0.000000	0.000000	1.000000
47301.000000	-20.000000	-16.800000	210.000000	0.000000	0.000000	1.000000
47351.000000	-20.000000	-17.600000	210.000000	0.000000	0.000000	1.000000
47401.000000	-20.000000	-18.400000	210.000000	0.000000	0.000000	1.000000
47451.000000	-20.000000	-19.200000	210.000000	0.000000	0.000000	1.000000
47501.000000	-20.000000	-20.000000	210.000000	0.000000	0.000000	1.000000
47551.000000	-19.200000	-20.000000	210.000000	0.000000	0.000000	1.000000
47601.000000	-18.400000	-20.000000	210.000000	0.000000	0.000000	1.000000
47651.000000	-17.600000	-20.000000	210.000000	0.000000	0.000000	1.000000
47701.000000	-16.800000	-20.000000	210.000000	0.000000	0.000000	1.000000
47751.000000	-16.000000	-20.000000	210.000000	0.000000	0.000000	1.000000
47801.000000	-15.200000	-20.000000	210.000000	0.000000	0.000000	1.000000
47851.000000	-14.400000	-20.000000	210.000000	0.000000	0.000000	1.000000
47901.000000	-13.600000	-20.000000	210.000000	0.000000	0.000000	1.000000
47951.000000	-12.800000	-20.000000	210.000000	0.000000	0.000000	1.000000
48001.000000	-12.000000	-20.000000	210.000000	0.000000	0.000000	1.000000
48051.000000	-11.200000	-20.000000	210.000000	0.000000	0.000000	1.000000
48101.000000	-10.400000	-20.000000	210.000000	0.000000	0.000000	1.000000
48151.000000	-9.600000	-20.000000	210.000000	0.000000	0.000000	1.000000
48201.000000	-8.800000	-20.000000	210.000000	0.000000	0.000000	1.000000
48251.000000	-8.000000	-20.000000	210.000000	0.000000	0.000000	1.000000
48301.000000	-7.200000	-20.000000	210.000000	0.000000	0.000000	1.000000
48351.000000	-6.400000	-20.000000	210.000000	0.000000	0.000000	1.000000
48401.000000	-5.600000	-20.000000	210.000000	0.000000	0.000000	1.000000
48451.000000	-4.800000	-20.000000	210.000000	0.000000	0.000000	1.000000
48501.000000	-4.000000	-20.000000	210.000000	0.000000	0.000000	1.000000
48551.000000	-3.200000	-20.000000	210.000000	0.000000	0.000000	1.000000
48601.000000	-2.400000	-20.000000	210.000000	0.000000	0.000000	1.000000
48651.000000	-1.600000	-20.000000	210.000000	0.000000	0.000000	1.000000
48701.000000	-0.800000	-20.000000	210.000000	0.000000	0.000000	1.000000
48751.000000	0.000000	-20.000000	210.000000	0.000000	0.000000	1.000000
48801.000000	0.800000	-20.000000	210.000000	0.000000	0.000000	1.000000
48851.000000	1.600000	-20.000000	210.000000	0.000000	0.000000	1.000000
48901.000000	2.400000	-20.000000	210.000000	0.000000	0.000000	1.000000
48951.000000	3.200000	-20.000000	210.000000	0.000000	0.000000	1.000000
49001.000000	4.000000	-20.000000	210.000000	0.000000	0.000000	1.000000
49051.000000	4.800000	-20.000000	210.000000	0.000000	0.000000	1.000000
49101.000000	5.600000	-20.000000	210.000000	0.000000	0.000000	1.000000
49151.000000	6.400000	-20.000000	210.000000	0.000000	0.000000	1.000000
49201.000000	7.200000	-20.000000	210.000000	0.000000	0.000000	1.000000
49251.000000	8.000000	-20.000000	210.000000	0.000000	0.000000	1.000000
49301.000000	8.800000	-20.000000	210.000000	0.000000	0.000000	1.000000
49351.000000	9.600000	-20.000000	210.000000	0.000000	0.000000	1.000000
49401.000000	10.400000	-20.000000	210.000000	0.000000	0.000000	1.000000
49451.000000	11.200000	-20.000000	210.000000	0.000000	0.000000	1.000000
49501.000000	12.000000	-20.000000	210.000000	0.000000	0.000000	1.000000
49551.000000	12.800000	-20.000000	210.000000	0.000000	0.000000	1.000000
49601.000000	13.600000	-20.000000	210.000000	0.000000	0.000000	1.000000
49651.000000	14.400000	-20.000000	210.000000	0.000000	0.000000	1.000000
49701.000000	15.200000	-20.000000	210.000000	0.000000	0.000000	1.000000
49751.000000	16.000000	-20.000000	210.000000	0.000000	0.000000	1.000000
49801.000000	16.800000	-20.000000	210.000000	0.000000	0.000000	1.000000
49851.000000	17.600000	-20.000000	210.000000	0.000000	0.000000	1.000000
49901.000000	18.400000	-20.000000	210.000000	0.000000	0.000000	1.000000
49951.000000	19.200000	-20.000000	210.000000	0.000000	0.000000	1.000000
