310.976 -36.835 -151.023
310.976 -36.7233 -151.023
310.976 -36.7233 -151.023
310.976 -36.7233 -151.023
310.976 -36.7233 -151.023
310.976 -36.7233 -151.023
310.976 -36.7233 -151.023
310.976 -36.7233 -151.023
311.088 -36.7233 -151.023
311.088 -36.7233 -151.023
311.088 -36.7233 -151.023
311.088 -36.7233 -151.023
311.088 -36.7233 -151.023
311.088 -36.7233 -151.023
311.088 -36.7233 -151.023
311.088 -36.7233 -151.023
311.088 -36.7233 -151.023
311.088 -36.7233 -151.023
311.088 -36.7233 -151.023
311.088 -36.7233 -151.023
310.976 -36.7233 -151.023
310.976 -36.7233 -151.023
310.976 -36.7233 -151.023
310.976 -36.7233 -151.023
310.976 -36.7233 -151.023
310.976 -36.7233 -151.023
310.976 -36.7233 -151.023
310.976 -36.7233 -151.023
310.976 -36.7233 -151.023
310.976 -36.7233 -151.023
310.976 -36.7233 -151.135
310.976 -36.7233 -151.135
310.976 -36.7233 -151.135
310.976 -36.7233 -151.135
310.976 -36.7233 -151.135
310.976 -36.7233 -151.135
310.976 -36.7233 -151.135
310.976 -36.7233 -151.135
310.976 -36.7233 -151.135
310.976 -36.7233 -151.135
310.976 -36.7233 -151.135
310.976 -36.7233 -151.135
310.976 -36.7233 -151.135
310.976 -36.835 -151.135
310.976 -36.835 -151.135
310.976 -36.835 -151.135
310.976 -36.835 -151.135
310.976 -36.835 -151.135
310.976 -36.835 -151.135
310.976 -36.835 -151.135
310.976 -36.835 -151.135
310.976 -36.835 -151.135
310.976 -36.835 -151.135
310.976 -36.835 -151.135
310.976 -36.835 -151.135
310.976 -36.835 -151.135
310.976 -36.835 -151.023
310.976 -36.835 -151.023
310.976 -36.9466 -151.023
310.976 -36.9466 -151.023
310.976 -36.9466 -151.023
311.088 -36.9466 -151.023
311.088 -37.0582 -151.023
311.088 -37.1698 -151.023
311.088 -37.1698 -151.023
311.088 -37.2814 -151.023
310.976 -37.5047 -151.023
310.976 -37.6163 -151.023
310.976 -37.8396 -151.023
310.976 -38.0628 -151.023
310.865 -38.286 -151.023
310.865 -38.5093 -151.023
310.753 -38.7325 -151.023
310.753 -39.0674 -151.135
310.753 -39.2906 -151.135
310.642 -39.6255 -151.135
310.642 -39.9604 -151.135
310.53 -40.1836 -151.135
310.53 -40.5185 -151.135
310.418 -40.8533 -151.135
310.418 -41.1882 -151.135
310.418 -41.523 -151.023
310.418 -41.8579 -151.023
310.307 -42.1928 -151.023
310.307 -42.5276 -151.023
310.195 -42.8625 -151.023
310.195 -43.309 -150.912
310.195 -43.7555 -150.912
310.083 -44.0903 -150.912
310.083 -44.6484 -150.8
310.083 -45.0949 -150.8
309.972 -45.5414 -150.8
309.972 -45.9879 -150.8
309.86 -46.546 -150.688
309.749 -46.9925 -150.688
309.749 -47.6622 -150.688
309.637 -48.2203 -150.577
309.637 -48.7784 -150.577
309.525 -49.3365 -150.577
309.414 -49.8946 -150.465
309.302 -50.5644 -150.465
309.19 -51.2341 -150.465
309.19 -51.9038 -150.354
309.079 -52.5735 -150.354
308.967 -53.2433 -150.242
308.856 -54.0246 -150.13
308.744 -54.6943 -150.019
308.632 -55.4757 -150.019
308.521 -56.257 -149.907
308.521 -57.15 -149.796
308.409 -57.9313 -149.572
308.297 -58.7127 -149.461
308.186 -59.6057 -149.349
308.074 -60.4986 -149.126
307.963 -61.3916 -149.014
307.963 -62.3962 -148.791
307.851 -63.2892 -148.568
307.739 -64.2938 -148.344
307.628 -65.1867 -148.121
307.516 -66.1913 -147.898
307.404 -67.0843 -147.675
307.293 -68.0889 -147.34
307.181 -69.0935 -147.117
307.07 -70.2097 -146.782
306.958 -71.2143 -146.447
306.846 -72.2188 -146.112
306.735 -73.2234 -145.777
306.623 -74.3396 -145.331
306.4 -75.3442 -144.996
306.288 -76.4604 -144.661
306.177 -77.5767 -144.214
306.065 -78.6929 -143.768
305.953 -79.8091 -143.321
305.73 -80.9253 -142.875
305.619 -82.0415 -142.429
305.395 -83.2693 -141.982
305.284 -84.3855 -141.424
305.172 -85.6134 -140.866
305.06 -86.8412 -140.308
304.837 -87.9574 -139.75
304.726 -89.1853 -139.192
304.614 -90.4131 -138.633
304.391 -91.5293 -137.964
304.279 -92.7571 -137.294
304.167 -93.985 -136.624
303.944 -95.2128 -135.954
303.833 -96.4406 -135.173
303.721 -97.5568 -134.503
303.498 -98.7847 -133.722
303.386 -100.012 -132.941
303.275 -101.24 -132.159
303.051 -102.468 -131.378
302.94 -103.696 -130.597
302.716 -104.924 -129.704
302.605 -106.04 -128.922
302.493 -107.268 -128.029
302.27 -108.496 -127.136
302.158 -109.724 -126.243
301.935 -110.951 -125.239
301.712 -112.068 -124.346
301.6 -113.295 -123.341
301.489 -114.412 -122.448
301.265 -115.639 -121.444
301.154 -116.756 -120.328
301.042 -117.872 -119.323
300.93 -118.988 -118.318
300.819 -120.104 -117.202
300.596 -121.221 -116.086
300.484 -122.337 -114.97
300.372 -123.453 -113.854
300.261 -124.569 -112.626
300.149 -125.574 -111.509
300.037 -126.578 -110.282
299.926 -127.695 -109.054
299.814 -128.699 -107.826
299.703 -129.704 -106.598
299.591 -130.708 -105.259
299.479 -131.601 -103.919
299.368 -132.606 -102.58
299.145 -133.61 -101.24
299.033 -134.503 -100.012
299.033 -135.396 -98.5614
298.921 -136.289 -97.1104
298.81 -137.071 -95.7709
298.698 -137.964 -94.3198
298.586 -138.745 -92.8687
298.475 -139.526 -91.5293
298.363 -140.419 -90.0782
298.252 -141.201 -88.6271
298.252 -141.87 -87.2877
298.14 -142.54 -85.8366
298.028 -143.321 -84.3855
298.028 -143.991 -82.9345
297.917 -144.661 -81.4834
297.805 -145.331 -80.0323
297.693 -146 -78.6929
297.693 -146.558 -77.1302
297.693 -147.228 -75.5675
297.582 -147.786 -74.1164
297.582 -148.233 -72.5537
297.47 -148.791 -71.1026
297.47 -149.349 -69.6516
297.359 -149.796 -68.0889
297.359 -150.354 -66.4146
297.359 -150.8 -64.8519
297.359 -151.135 -63.2892
297.247 -151.581 -61.7265
297.247 -151.916 -60.0521
297.247 -152.251 -58.4895
297.247 -152.586 -56.9268
297.135 -152.921 -55.3641
297.135 -153.256 -53.8014
297.135 -153.479 -52.1271
297.135 -153.702 -50.5644
297.135 -153.925 -48.89
297.135 -154.037 -47.3273
297.135 -154.26 -45.7646
297.135 -154.372 -44.202
297.024 -154.484 -42.5276
297.024 -154.595 -40.9649
297.135 -154.707 -39.2906
297.024 -154.818 -37.7279
297.135 -154.818 -36.1652
297.135 -154.818 -34.6025
297.135 -154.818 -32.9282
297.135 -154.707 -31.3655
297.135 -154.707 -29.6912
297.135 -154.707 -28.1285
297.135 -154.595 -26.5658
297.135 -154.484 -24.8915
297.247 -154.372 -23.3288
297.247 -154.26 -21.6545
297.247 -154.149 -20.0918
297.247 -154.037 -18.5291
297.359 -153.814 -16.8548
297.359 -153.591 -15.2921
297.359 -153.367 -13.7294
297.47 -153.033 -12.0551
297.582 -152.698 -10.4924
297.582 -152.363 -8.92969
297.582 -152.028 -7.25537
297.693 -151.581 -5.69268
297.693 -151.247 -4.12998
297.805 -150.8 -2.56729
297.917 -150.354 -1.00459
297.917 -149.907 0.558105
298.028 -149.349 2.1208
298.14 -148.791 3.57187
298.14 -148.344 5.13457
298.252 -147.786 6.69727
298.363 -147.228 8.25996
298.475 -146.67 9.71104
298.475 -146.112 11.2737
298.586 -145.554 12.8364
298.698 -144.884 14.2875
298.81 -144.214 15.7386
298.921 -143.545 17.3013
298.921 -142.875 18.7523
299.033 -142.205 20.2034
299.145 -141.424 21.6545
299.256 -140.754 23.1056
299.368 -139.861 24.5566
299.479 -139.08 25.8961
299.591 -138.299 27.2355
299.703 -137.406 28.575
299.814 -136.624 29.9145
299.926 -135.731 31.2539
300.037 -134.838 32.5934
300.149 -133.945 33.9328
300.372 -132.941 35.1606
300.484 -132.048 36.5001
300.596 -131.043 37.7279
300.707 -130.15 38.9558
300.93 -129.034 40.1836
301.042 -128.029 41.4114
301.154 -127.025 42.6393
301.377 -126.02 43.8671
301.489 -124.904 45.0949
301.6 -123.899 46.3228
301.823 -122.783 47.439
301.935 -121.667 48.6668
302.047 -120.551 49.783
302.27 -119.435 50.8992
302.382 -118.207 52.0154
302.493 -117.091 53.1316
302.716 -115.974 54.2479
302.828 -114.746 55.3641
303.051 -113.519 56.3687
303.163 -112.291 57.4849
303.386 -111.063 58.4895
303.498 -109.835 59.3824
303.609 -108.496 60.4986
303.833 -107.268 61.3916
303.944 -105.928 62.2846
304.167 -104.589 63.2892
304.279 -103.25 64.1821
304.502 -101.91 64.9635
304.614 -100.571 65.8564
304.837 -99.2312 66.7494
305.06 -97.8917 67.5308
305.172 -96.4406 68.3121
305.395 -95.1012 69.0935
305.619 -93.6501 69.8748
305.842 -92.199 70.6562
306.065 -90.7479 71.3259
306.177 -89.2969 71.9956
306.4 -87.8458 72.6653
306.623 -86.3947 73.3351
306.846 -84.9437 74.0048
307.07 -83.381 74.6745
307.293 -81.9299 75.2326
307.516 -80.3672 75.7907
307.739 -78.8045 76.4604
307.963 -77.3534 77.0186
308.186 -75.7907 77.465
308.409 -74.228 78.0231
308.632 -72.777 78.4696
308.744 -71.2143 78.9161
308.967 -69.6516 79.4742
309.302 -68.0889 79.8091
309.414 -66.6378 80.2556
309.637 -65.0751 80.7021
309.86 -63.5124 80.9253
310.083 -62.0613 81.2602
310.307 -60.4986 81.7066
310.53 -58.9359 81.9299
310.642 -57.3732 82.1531
310.865 -55.8105 82.488
311.088 -54.2479 82.7112
311.311 -52.6852 82.9345
311.534 -51.1225 83.1577
311.758 -49.5598 83.2693
311.869 -47.8854 83.381
312.093 -46.3228 83.6042
312.316 -44.7601 83.7158
312.539 -43.1974 83.7158
312.651 -41.523 83.8274
312.874 -39.9604 83.9391
313.097 -38.3977 83.9391
313.32 -36.835 83.9391
313.544 -35.1606 83.9391
313.767 -33.5979 83.8274
313.879 -32.0353 83.8274
314.102 -30.4726 83.7158
314.325 -28.7982 83.4926
314.548 -27.2355 83.4926
314.771 -25.6729 83.2693
314.995 -23.9985 83.0461
315.106 -22.4358 82.8229
315.33 -20.8731 82.5996
315.553 -19.1988 82.2647
315.776 -17.6361 82.0415
315.999 -16.0734 81.8183
316.111 -14.5107 81.4834
316.334 -12.948 81.1485
316.557 -11.3854 80.7021
316.781 -9.82266 80.3672
316.892 -8.25996 79.9207
317.116 -6.69727 79.4742
317.339 -5.24619 79.0277
317.562 -3.6835 78.5812
317.785 -2.23242 78.0231
317.897 -0.669727 77.5767
318.12 0.781348 77.0186
318.343 2.23242 76.4604
318.567 3.6835 75.7907
318.79 5.13457 75.2326
319.013 6.58564 74.5629
319.125 8.03672 73.8932
319.348 9.48779 73.3351
319.571 10.9389 72.5537
319.794 12.3899 71.884
319.906 13.7294 71.1026
320.129 15.1805 70.4329
320.241 16.5199 69.6516
320.464 17.971 68.8702
320.687 19.3104 67.9772
320.799 20.7615 67.1959
321.022 22.101 66.3029
321.246 23.4404 65.41
321.357 24.7799 64.6286
321.58 26.1193 63.7356
321.692 27.4588 62.7311
321.915 28.6866 61.8381
322.027 30.0261 60.8335
322.25 31.2539 59.9405
322.362 32.4817 58.9359
322.473 33.7096 57.9313
322.697 34.9374 56.9268
322.808 36.1652 55.9222
322.92 37.3931 54.9176
323.143 38.5093 53.8014
323.255 39.7371 52.6852
323.366 40.8533 51.5689
323.59 41.9695 50.5644
323.701 43.0857 49.4481
323.813 44.202 48.3319
323.924 45.3182 47.2157
324.036 46.4344 45.9879
324.259 47.5506 44.7601
324.371 48.5552 43.5322
324.483 49.5598 42.3044
324.594 50.5644 41.1882
324.706 51.5689 39.8487
324.817 52.5735 38.6209
324.929 53.5781 37.3931
325.041 54.4711 36.0536
325.152 55.4757 34.7142
325.264 56.257 33.3747
325.375 57.15 32.0353
325.487 58.043 30.6958
325.599 58.9359 29.3563
325.71 59.7173 27.9053
325.822 60.6103 26.5658
325.934 61.3916 25.1147
326.045 62.1729 23.6637
326.045 62.9543 22.2126
326.157 63.624 20.7615
326.268 64.4054 19.4221
326.38 65.1867 17.971
326.38 65.8564 16.5199
326.492 66.5262 14.9572
326.603 67.1959 13.5062
326.715 67.8656 12.0551
326.827 68.4237 10.604
326.827 69.0935 9.04131
326.938 69.6516 7.59023
327.05 70.2097 6.13916
327.05 70.7678 4.57646
327.161 71.2143 3.12539
327.273 71.7724 1.5627
327.273 72.2188 0
327.385 72.6653 -1.5627
327.385 73.1118 -3.01377
327.496 73.5583 -4.57646
327.496 73.8932 -6.13916
327.608 74.228 -7.81348
327.608 74.5629 -9.37617
327.608 74.8978 -10.9389
327.608 75.121 -12.6132
327.608 75.4559 -14.1759
327.72 75.6791 -15.7386
327.72 75.9023 -17.4129
327.72 76.1256 -18.9756
327.72 76.3488 -20.5383
327.72 76.4604 -22.101
327.72 76.6837 -23.7753
327.72 76.6837 -25.338
327.72 76.7953 -26.9007
327.608 76.9069 -28.575
327.608 76.9069 -30.1377
327.608 76.9069 -31.7004
327.608 77.0186 -33.2631
327.608 76.9069 -34.9374
327.608 76.9069 -36.5001
327.496 76.7953 -38.1744
327.496 76.6837 -39.7371
327.496 76.5721 -41.4114
327.496 76.3488 -43.0857
327.496 76.2372 -44.6484
327.496 76.014 -46.3228
327.385 75.7907 -47.8854
327.385 75.5675 -49.5598
327.385 75.3442 -51.1225
327.273 75.121 -52.6852
327.273 74.7861 -54.3595
327.273 74.4513 -55.9222
327.161 74.1164 -57.4849
327.161 73.7815 -59.0476
327.161 73.4467 -60.6103
327.05 73.1118 -62.1729
326.938 72.777 -63.7356
326.938 72.3305 -65.2983
326.827 71.884 -66.861
326.715 71.4375 -68.3121
326.603 70.991 -69.8748
326.603 70.5445 -71.4375
326.492 69.9864 -72.8886
326.38 69.4283 -74.3396
326.268 68.8702 -75.9023
326.157 68.3121 -77.3534
326.045 67.6424 -78.8045
325.934 67.0843 -80.2556
325.822 66.4146 -81.8183
325.71 65.7448 -83.2693
325.599 65.0751 -84.7204
325.487 64.2938 -86.1715
325.375 63.624 -87.5109
325.264 62.8427 -88.962
325.152 62.0613 -90.4131
325.041 61.28 -91.7525
324.929 60.387 -93.2036
324.817 59.6057 -94.5431
324.706 58.7127 -95.8825
324.483 57.8197 -97.222
324.371 56.9268 -98.673
324.259 56.0338 -100.012
324.148 55.0292 -101.24
324.036 54.1362 -102.58
323.924 53.1316 -103.919
323.701 52.1271 -105.147
323.59 51.1225 -106.487
323.366 50.1179 -107.714
323.255 49.1133 -108.831
323.031 47.9971 -110.058
322.92 46.8809 -111.286
322.808 45.8763 -112.402
322.585 44.7601 -113.63
322.473 43.6438 -114.746
322.362 42.6393 -115.751
322.138 41.523 -116.867
322.027 40.4068 -117.983
321.804 39.2906 -118.988
321.692 38.0628 -119.993
321.58 36.9466 -120.997
321.357 35.8304 -122.002
321.246 34.7142 -123.006
321.022 33.5979 -123.899
320.911 32.4817 -124.792
320.687 31.3655 -125.797
320.464 30.1377 -126.69
320.353 29.0215 -127.471
320.129 27.9053 -128.364
319.906 26.6774 -129.257
319.794 25.5612 -130.039
319.571 24.445 -130.82
319.348 23.3288 -131.601
319.125 22.2126 -132.271
318.901 20.9848 -133.052
318.79 19.8686 -133.834
318.567 18.6407 -134.503
318.455 17.4129 -135.173
318.343 16.2967 -135.843
318.12 15.0688 -136.513
318.008 13.9526 -137.182
317.785 12.7248 -137.74
317.674 11.497 -138.299
317.45 10.3808 -138.857
317.339 9.15293 -139.415
317.227 8.03672 -139.973
317.004 6.92051 -140.531
316.892 5.8043 -140.977
316.669 4.68809 -141.424
316.557 3.6835 -141.87
316.334 2.56729 -142.205
316.223 1.5627 -142.652
315.999 0.558105 -142.987
315.888 -0.446484 -143.321
315.664 -1.45107 -143.656
315.553 -2.34404 -144.103
315.441 -3.34863 -144.326
315.218 -4.35322 -144.661
315.106 -5.35781 -144.996
314.995 -6.25078 -145.219
314.771 -7.25537 -145.554
314.66 -8.14834 -145.777
314.548 -9.15293 -146
314.437 -10.1575 -146.335
314.213 -11.0505 -146.558
314.102 -11.9435 -146.782
313.99 -12.8364 -147.005
313.879 -13.7294 -147.228
313.767 -14.6224 -147.451
313.544 -15.5153 -147.675
313.432 -16.2967 -147.898
313.32 -17.078 -148.01
313.209 -17.971 -148.233
313.097 -18.6407 -148.456
313.097 -19.4221 -148.568
312.986 -20.2034 -148.679
312.874 -20.8731 -148.903
312.762 -21.5429 -149.014
312.651 -22.101 -149.014
312.539 -22.7707 -149.126
312.427 -23.3288 -149.237
312.427 -23.8869 -149.349
312.316 -24.445 -149.349
312.204 -25.0031 -149.461
312.093 -25.5612 -149.461
312.093 -26.0077 -149.461
311.981 -26.4542 -149.461
311.869 -26.9007 -149.461
311.758 -27.3472 -149.461
311.758 -27.7937 -149.572
311.646 -28.2401 -149.572
311.534 -28.6866 -149.572
311.534 -29.0215 -149.684
311.423 -29.3563 -149.684
311.423 -29.6912 -149.684
311.423 -30.1377 -149.684
311.311 -30.4726 -149.796
311.311 -30.8074 -149.796
311.311 -31.0307 -149.907
311.311 -31.3655 -149.907
311.2 -31.7004 -149.907
311.2 -31.9236 -149.907
311.2 -32.1469 -150.019
311.2 -32.4817 -150.019
311.2 -32.705 -150.019
311.088 -32.9282 -150.019
311.088 -33.1515 -150.019
311.088 -33.3747 -150.019
311.088 -33.5979 -150.019
311.088 -33.8212 -150.13
311.088 -34.0444 -150.13
311.088 -34.1561 -150.13
311.088 -34.3793 -150.13
310.976 -34.4909 -150.13
310.976 -34.7142 -150.13
310.976 -34.8258 -150.13
310.976 -34.9374 -150.13
310.976 -35.049 -150.13
310.976 -35.1606 -150.13
310.865 -35.2723 -150.13
310.865 -35.3839 -150.13
310.865 -35.4955 -150.13
310.865 -35.4955 -150.13
310.865 -35.6071 -150.13
310.753 -35.6071 -150.13
310.753 -35.7188 -150.13
310.753 -35.7188 -150.13
310.753 -35.8304 -150.13
310.753 -35.8304 -150.13
310.753 -35.942 -150.13
310.753 -35.942 -150.13
310.753 -36.0536 -150.242
310.753 -36.0536 -150.242
310.753 -36.0536 -150.242
