   5.9171598e-01   2.6000000e+01  -2.6000000e+01   2.1210000e+02   0.0000000e+00   0.0000000e+00   1.0000000e+00
   1.1905278e+02   2.6000000e+01  -2.4960000e+01   2.1210000e+02   0.0000000e+00   0.0000000e+00   1.0000000e+00
   2.3751385e+02   2.6000000e+01  -2.3920000e+01   2.1210000e+02   0.0000000e+00   0.0000000e+00   1.0000000e+00
   3.5597491e+02   2.6000000e+01  -2.2880000e+01   2.1210000e+02   0.0000000e+00   0.0000000e+00   1.0000000e+00
   4.7443598e+02   2.6000000e+01  -2.1840000e+01   2.1210000e+02   0.0000000e+00   0.0000000e+00   1.0000000e+00
   5.9289704e+02   2.6000000e+01  -2.0800000e+01   2.1210000e+02   0.0000000e+00   0.0000000e+00   1.0000000e+00
   7.1135811e+02   2.6000000e+01  -1.9760000e+01   2.1210000e+02   0.0000000e+00   0.0000000e+00   1.0000000e+00
   8.2981917e+02   2.6000000e+01  -1.8720000e+01   2.1210000e+02   0.0000000e+00   0.0000000e+00   1.0000000e+00
   9.4828024e+02   2.6000000e+01  -1.7680000e+01   2.1210000e+02   0.0000000e+00   0.0000000e+00   1.0000000e+00
   1.0667413e+03   2.6000000e+01  -1.6640000e+01   2.1210000e+02   0.0000000e+00   0.0000000e+00   1.0000000e+00
   1.1852024e+03   2.6000000e+01  -1.5600000e+01   2.1210000e+02   0.0000000e+00   0.0000000e+00   1.0000000e+00
   1.3036634e+03   2.6000000e+01  -1.4560000e+01   2.1210000e+02   0.0000000e+00   0.0000000e+00   1.0000000e+00
   1.4221245e+03   2.6000000e+01  -1.3520000e+01   2.1210000e+02   0.0000000e+00   0.0000000e+00   1.0000000e+00
   1.5405856e+03   2.6000000e+01  -1.2480000e+01   2.1210000e+02   0.0000000e+00   0.0000000e+00   1.0000000e+00
   1.6590466e+03   2.6000000e+01  -1.1440000e+01   2.1210000e+02   0.0000000e+00   0.0000000e+00   1.0000000e+00
   1.7775077e+03   2.6000000e+01  -1.0400000e+01   2.1210000e+02   0.0000000e+00   0.0000000e+00   1.0000000e+00
   1.8959688e+03   2.6000000e+01  -9.3600000e+00   2.1210000e+02   0.0000000e+00   0.0000000e+00   1.0000000e+00
   2.0144298e+03   2.6000000e+01  -8.3200000e+00   2.1210000e+02   0.0000000e+00   0.0000000e+00   1.0000000e+00
   2.1328909e+03   2.6000000e+01  -7.2800000e+00   2.1210000e+02   0.0000000e+00   0.0000000e+00   1.0000000e+00
   2.2513520e+03   2.6000000e+01  -6.2400000e+00   2.1210000e+02   0.0000000e+00   0.0000000e+00   1.0000000e+00
   2.3698130e+03   2.6000000e+01  -5.2000000e+00   2.1210000e+02   0.0000000e+00   0.0000000e+00   1.0000000e+00
   2.4882741e+03   2.6000000e+01  -4.1600000e+00   2.1210000e+02   0.0000000e+00   0.0000000e+00   1.0000000e+00
   2.6067351e+03   2.6000000e+01  -3.1200000e+00   2.1210000e+02   0.0000000e+00   0.0000000e+00   1.0000000e+00
   2.7251962e+03   2.6000000e+01  -2.0800000e+00   2.1210000e+02   0.0000000e+00   0.0000000e+00   1.0000000e+00
   2.8436573e+03   2.6000000e+01  -1.0400000e+00   2.1210000e+02   0.0000000e+00   0.0000000e+00   1.0000000e+00
   2.9621183e+03   2.6000000e+01   0.0000000e+00   2.1210000e+02   0.0000000e+00   0.0000000e+00   1.0000000e+00
   3.0805794e+03   2.6000000e+01   1.0400000e+00   2.1210000e+02   0.0000000e+00   0.0000000e+00   1.0000000e+00
   3.1990405e+03   2.6000000e+01   2.0800000e+00   2.1210000e+02   0.0000000e+00   0.0000000e+00   1.0000000e+00
   3.3175015e+03   2.6000000e+01   3.1200000e+00   2.1210000e+02   0.0000000e+00   0.0000000e+00   1.0000000e+00
   3.4359626e+03   2.6000000e+01   4.1600000e+00   2.1210000e+02   0.0000000e+00   0.0000000e+00   1.0000000e+00
   3.5544237e+03   2.6000000e+01   5.2000000e+00   2.1210000e+02   0.0000000e+00   0.0000000e+00   1.0000000e+00
   3.6728847e+03   2.6000000e+01   6.2400000e+00   2.1210000e+02   0.0000000e+00   0.0000000e+00   1.0000000e+00
   3.7913458e+03   2.6000000e+01   7.2800000e+00   2.1210000e+02   0.0000000e+00   0.0000000e+00   1.0000000e+00
   3.9098069e+03   2.6000000e+01   8.3200000e+00   2.1210000e+02   0.0000000e+00   0.0000000e+00   1.0000000e+00
   4.0282679e+03   2.6000000e+01   9.3600000e+00   2.1210000e+02   0.0000000e+00   0.0000000e+00   1.0000000e+00
   4.1467290e+03   2.6000000e+01   1.0400000e+01   2.1210000e+02   0.0000000e+00   0.0000000e+00   1.0000000e+00
   4.2651901e+03   2.6000000e+01   1.1440000e+01   2.1210000e+02   0.0000000e+00   0.0000000e+00   1.0000000e+00
   4.3836511e+03   2.6000000e+01   1.2480000e+01   2.1210000e+02   0.0000000e+00   0.0000000e+00   1.0000000e+00
   4.5021122e+03   2.6000000e+01   1.3520000e+01   2.1210000e+02   0.0000000e+00   0.0000000e+00   1.0000000e+00
   4.6205733e+03   2.6000000e+01   1.4560000e+01   2.1210000e+02   0.0000000e+00   0.0000000e+00   1.0000000e+00
   4.7390343e+03   2.6000000e+01   1.5600000e+01   2.1210000e+02   0.0000000e+00   0.0000000e+00   1.0000000e+00
   4.8574954e+03   2.6000000e+01   1.6640000e+01   2.1210000e+02   0.0000000e+00   0.0000000e+00   1.0000000e+00
   4.9759564e+03   2.6000000e+01   1.7680000e+01   2.1210000e+02   0.0000000e+00   0.0000000e+00   1.0000000e+00
   5.0944175e+03   2.6000000e+01   1.8720000e+01   2.1210000e+02   0.0000000e+00   0.0000000e+00   1.0000000e+00
   5.2128786e+03   2.6000000e+01   1.9760000e+01   2.1210000e+02   0.0000000e+00   0.0000000e+00   1.0000000e+00
   5.3313396e+03   2.6000000e+01   2.0800000e+01   2.1210000e+02   0.0000000e+00   0.0000000e+00   1.0000000e+00
   5.4498007e+03   2.6000000e+01   2.1840000e+01   2.1210000e+02   0.0000000e+00   0.0000000e+00   1.0000000e+00
   5.5682618e+03   2.6000000e+01   2.2880000e+01   2.1210000e+02   0.0000000e+00   0.0000000e+00   1.0000000e+00
   5.6867228e+03   2.6000000e+01   2.3920000e+01   2.1210000e+02   0.0000000e+00   0.0000000e+00   1.0000000e+00
   5.8051839e+03   2.6000000e+01   2.4960000e+01   2.1210000e+02   0.0000000e+00   0.0000000e+00   1.0000000e+00
   5.9236450e+03   2.6000000e+01   2.6000000e+01   2.1210000e+02   0.0000000e+00   0.0000000e+00   1.0000000e+00
   6.0421059e+03   2.4960000e+01   2.6000000e+01   2.1210000e+02   0.0000000e+00   0.0000000e+00   1.0000000e+00
   6.1605669e+03   2.3920000e+01   2.6000000e+01   2.1210000e+02   0.0000000e+00   0.0000000e+00   1.0000000e+00
   6.2790284e+03   2.2880000e+01   2.6000000e+01   2.1210000e+02   0.0000000e+00   0.0000000e+00   1.0000000e+00
   6.3974893e+03   2.1840000e+01   2.6000000e+01   2.1210000e+02   0.0000000e+00   0.0000000e+00   1.0000000e+00
   6.5159503e+03   2.0800000e+01   2.6000000e+01   2.1210000e+02   0.0000000e+00   0.0000000e+00   1.0000000e+00
   6.6344112e+03   1.9760000e+01   2.6000000e+01   2.1210000e+02   0.0000000e+00   0.0000000e+00   1.0000000e+00
   6.7528722e+03   1.8720000e+01   2.6000000e+01   2.1210000e+02   0.0000000e+00   0.0000000e+00   1.0000000e+00
   6.8713337e+03   1.7680000e+01   2.6000000e+01   2.1210000e+02   0.0000000e+00   0.0000000e+00   1.0000000e+00
   6.9897947e+03   1.6640000e+01   2.6000000e+01   2.1210000e+02   0.0000000e+00   0.0000000e+00   1.0000000e+00
   7.1082556e+03   1.5600000e+01   2.6000000e+01   2.1210000e+02   0.0000000e+00   0.0000000e+00   1.0000000e+00
   7.2267166e+03   1.4560000e+01   2.6000000e+01   2.1210000e+02   0.0000000e+00   0.0000000e+00   1.0000000e+00
   7.3451775e+03   1.3520000e+01   2.6000000e+01   2.1210000e+02   0.0000000e+00   0.0000000e+00   1.0000000e+00
   7.4636391e+03   1.2480000e+01   2.6000000e+01   2.1210000e+02   0.0000000e+00   0.0000000e+00   1.0000000e+00
   7.5821000e+03   1.1440000e+01   2.6000000e+01   2.1210000e+02   0.0000000e+00   0.0000000e+00   1.0000000e+00
   7.7005609e+03   1.0400000e+01   2.6000000e+01   2.1210000e+02   0.0000000e+00   0.0000000e+00   1.0000000e+00
   7.8190219e+03   9.3600000e+00   2.6000000e+01   2.1210000e+02   0.0000000e+00   0.0000000e+00   1.0000000e+00
   7.9374828e+03   8.3200000e+00   2.6000000e+01   2.1210000e+02   0.0000000e+00   0.0000000e+00   1.0000000e+00
   8.0559444e+03   7.2800000e+00   2.6000000e+01   2.1210000e+02   0.0000000e+00   0.0000000e+00   1.0000000e+00
   8.1744053e+03   6.2400000e+00   2.6000000e+01   2.1210000e+02   0.0000000e+00   0.0000000e+00   1.0000000e+00
   8.2928663e+03   5.2000000e+00   2.6000000e+01   2.1210000e+02   0.0000000e+00   0.0000000e+00   1.0000000e+00
   8.4113272e+03   4.1600000e+00   2.6000000e+01   2.1210000e+02   0.0000000e+00   0.0000000e+00   1.0000000e+00
   8.5297882e+03   3.1200000e+00   2.6000000e+01   2.1210000e+02   0.0000000e+00   0.0000000e+00   1.0000000e+00
   8.6482497e+03   2.0800000e+00   2.6000000e+01   2.1210000e+02   0.0000000e+00   0.0000000e+00   1.0000000e+00
   8.7667107e+03   1.0400000e+00   2.6000000e+01   2.1210000e+02   0.0000000e+00   0.0000000e+00   1.0000000e+00
   8.8851716e+03   0.0000000e+00   2.6000000e+01   2.1210000e+02   0.0000000e+00   0.0000000e+00   1.0000000e+00
   9.0036325e+03  -1.0400000e+00   2.6000000e+01   2.1210000e+02   0.0000000e+00   0.0000000e+00   1.0000000e+00
   9.1220935e+03  -2.0800000e+00   2.6000000e+01   2.1210000e+02   0.0000000e+00   0.0000000e+00   1.0000000e+00
   9.2405550e+03  -3.1200000e+00   2.6000000e+01   2.1210000e+02   0.0000000e+00   0.0000000e+00   1.0000000e+00
   9.3590160e+03  -4.1600000e+00   2.6000000e+01   2.1210000e+02   0.0000000e+00   0.0000000e+00   1.0000000e+00
   9.4774769e+03  -5.2000000e+00   2.6000000e+01   2.1210000e+02   0.0000000e+00   0.0000000e+00   1.0000000e+00
   9.5959379e+03  -6.2400000e+00   2.6000000e+01   2.1210000e+02   0.0000000e+00   0.0000000e+00   1.0000000e+00
   9.7143988e+03  -7.2800000e+00   2.6000000e+01   2.1210000e+02   0.0000000e+00   0.0000000e+00   1.0000000e+00
   9.8328604e+03  -8.3200000e+00   2.6000000e+01   2.1210000e+02   0.0000000e+00   0.0000000e+00   1.0000000e+00
   9.9513213e+03  -9.3600000e+00   2.6000000e+01   2.1210000e+02   0.0000000e+00   0.0000000e+00   1.0000000e+00
   1.0069782e+04  -1.0400000e+01   2.6000000e+01   2.1210000e+02   0.0000000e+00   0.0000000e+00   1.0000000e+00
   1.0188243e+04  -1.1440000e+01   2.6000000e+01   2.1210000e+02   0.0000000e+00   0.0000000e+00   1.0000000e+00
   1.0306704e+04  -1.2480000e+01   2.6000000e+01   2.1210000e+02   0.0000000e+00   0.0000000e+00   1.0000000e+00
   1.0425166e+04  -1.3520000e+01   2.6000000e+01   2.1210000e+02   0.0000000e+00   0.0000000e+00   1.0000000e+00
   1.0543627e+04  -1.4560000e+01   2.6000000e+01   2.1210000e+02   0.0000000e+00   0.0000000e+00   1.0000000e+00
   1.0662088e+04  -1.5600000e+01   2.6000000e+01   2.1210000e+02   0.0000000e+00   0.0000000e+00   1.0000000e+00
   1.0780549e+04  -1.6640000e+01   2.6000000e+01   2.1210000e+02   0.0000000e+00   0.0000000e+00   1.0000000e+00
   1.0899009e+04  -1.7680000e+01   2.6000000e+01   2.1210000e+02   0.0000000e+00   0.0000000e+00   1.0000000e+00
   1.1017471e+04  -1.8720000e+01   2.6000000e+01   2.1210000e+02   0.0000000e+00   0.0000000e+00   1.0000000e+00
   1.1135932e+04  -1.9760000e+01   2.6000000e+01   2.1210000e+02   0.0000000e+00   0.0000000e+00   1.0000000e+00
   1.1254393e+04  -2.0800000e+01   2.6000000e+01   2.1210000e+02   0.0000000e+00   0.0000000e+00   1.0000000e+00
   1.1372854e+04  -2.1840000e+01   2.6000000e+01   2.1210000e+02   0.0000000e+00   0.0000000e+00   1.0000000e+00
   1.1491315e+04  -2.2880000e+01   2.6000000e+01   2.1210000e+02   0.0000000e+00   0.0000000e+00   1.0000000e+00
   1.1609776e+04  -2.3920000e+01   2.6000000e+01   2.1210000e+02   0.0000000e+00   0.0000000e+00   1.0000000e+00
   1.1728237e+04  -2.4960000e+01   2.6000000e+01   2.1210000e+02   0.0000000e+00   0.0000000e+00   1.0000000e+00
   1.1846698e+04  -2.6000000e+01   2.6000000e+01   2.1210000e+02   0.0000000e+00   0.0000000e+00   1.0000000e+00
   1.1965159e+04  -2.6000000e+01   2.4960000e+01   2.1210000e+02   0.0000000e+00   0.0000000e+00   1.0000000e+00
   1.2083620e+04  -2.6000000e+01   2.3920000e+01   2.1210000e+02   0.0000000e+00   0.0000000e+00   1.0000000e+00
   1.2202082e+04  -2.6000000e+01   2.2880000e+01   2.1210000e+02   0.0000000e+00   0.0000000e+00   1.0000000e+00
   1.2320543e+04  -2.6000000e+01   2.1840000e+01   2.1210000e+02   0.0000000e+00   0.0000000e+00   1.0000000e+00
   1.2439004e+04  -2.6000000e+01   2.0800000e+01   2.1210000e+02   0.0000000e+00   0.0000000e+00   1.0000000e+00
   1.2557464e+04  -2.6000000e+01   1.9760000e+01   2.1210000e+02   0.0000000e+00   0.0000000e+00   1.0000000e+00
   1.2675925e+04  -2.6000000e+01   1.8720000e+01   2.1210000e+02   0.0000000e+00   0.0000000e+00   1.0000000e+00
   1.2794387e+04  -2.6000000e+01   1.7680000e+01   2.1210000e+02   0.0000000e+00   0.0000000e+00   1.0000000e+00
   1.2912848e+04  -2.6000000e+01   1.6640000e+01   2.1210000e+02   0.0000000e+00   0.0000000e+00   1.0000000e+00
   1.3031309e+04  -2.6000000e+01   1.5600000e+01   2.1210000e+02   0.0000000e+00   0.0000000e+00   1.0000000e+00
   1.3149770e+04  -2.6000000e+01   1.4560000e+01   2.1210000e+02   0.0000000e+00   0.0000000e+00   1.0000000e+00
   1.3268231e+04  -2.6000000e+01   1.3520000e+01   2.1210000e+02   0.0000000e+00   0.0000000e+00   1.0000000e+00
   1.3386692e+04  -2.6000000e+01   1.2480000e+01   2.1210000e+02   0.0000000e+00   0.0000000e+00   1.0000000e+00
   1.3505153e+04  -2.6000000e+01   1.1440000e+01   2.1210000e+02   0.0000000e+00   0.0000000e+00   1.0000000e+00
   1.3623614e+04  -2.6000000e+01   1.0400000e+01   2.1210000e+02   0.0000000e+00   0.0000000e+00   1.0000000e+00
   1.3742075e+04  -2.6000000e+01   9.3600000e+00   2.1210000e+02   0.0000000e+00   0.0000000e+00   1.0000000e+00
   1.3860536e+04  -2.6000000e+01   8.3200000e+00   2.1210000e+02   0.0000000e+00   0.0000000e+00   1.0000000e+00
   1.3978998e+04  -2.6000000e+01   7.2800000e+00   2.1210000e+02   0.0000000e+00   0.0000000e+00   1.0000000e+00
   1.4097459e+04  -2.6000000e+01   6.2400000e+00   2.1210000e+02   0.0000000e+00   0.0000000e+00   1.0000000e+00
   1.4215920e+04  -2.6000000e+01   5.2000000e+00   2.1210000e+02   0.0000000e+00   0.0000000e+00   1.0000000e+00
   1.4334380e+04  -2.6000000e+01   4.1600000e+00   2.1210000e+02   0.0000000e+00   0.0000000e+00   1.0000000e+00
   1.4452841e+04  -2.6000000e+01   3.1200000e+00   2.1210000e+02   0.0000000e+00   0.0000000e+00   1.0000000e+00
   1.4571303e+04  -2.6000000e+01   2.0800000e+00   2.1210000e+02   0.0000000e+00   0.0000000e+00   1.0000000e+00
   1.4689764e+04  -2.6000000e+01   1.0400000e+00   2.1210000e+02   0.0000000e+00   0.0000000e+00   1.0000000e+00
   1.4808225e+04  -2.6000000e+01   0.0000000e+00   2.1210000e+02   0.0000000e+00   0.0000000e+00   1.0000000e+00
   1.4926686e+04  -2.6000000e+01  -1.0400000e+00   2.1210000e+02   0.0000000e+00   0.0000000e+00   1.0000000e+00
   1.5045147e+04  -2.6000000e+01  -2.0800000e+00   2.1210000e+02   0.0000000e+00   0.0000000e+00   1.0000000e+00
   1.5163608e+04  -2.6000000e+01  -3.1200000e+00   2.1210000e+02   0.0000000e+00   0.0000000e+00   1.0000000e+00
   1.5282069e+04  -2.6000000e+01  -4.1600000e+00   2.1210000e+02   0.0000000e+00   0.0000000e+00   1.0000000e+00
   1.5400530e+04  -2.6000000e+01  -5.2000000e+00   2.1210000e+02   0.0000000e+00   0.0000000e+00   1.0000000e+00
   1.5518991e+04  -2.6000000e+01  -6.2400000e+00   2.1210000e+02   0.0000000e+00   0.0000000e+00   1.0000000e+00
   1.5637452e+04  -2.6000000e+01  -7.2800000e+00   2.1210000e+02   0.0000000e+00   0.0000000e+00   1.0000000e+00
   1.5755913e+04  -2.6000000e+01  -8.3200000e+00   2.1210000e+02   0.0000000e+00   0.0000000e+00   1.0000000e+00
   1.5874375e+04  -2.6000000e+01  -9.3600000e+00   2.1210000e+02   0.0000000e+00   0.0000000e+00   1.0000000e+00
   1.5992836e+04  -2.6000000e+01  -1.0400000e+01   2.1210000e+02   0.0000000e+00   0.0000000e+00   1.0000000e+00
   1.6111296e+04  -2.6000000e+01  -1.1440000e+01   2.1210000e+02   0.0000000e+00   0.0000000e+00   1.0000000e+00
   1.6229757e+04  -2.6000000e+01  -1.2480000e+01   2.1210000e+02   0.0000000e+00   0.0000000e+00   1.0000000e+00
   1.6348218e+04  -2.6000000e+01  -1.3520000e+01   2.1210000e+02   0.0000000e+00   0.0000000e+00   1.0000000e+00
   1.6466680e+04  -2.6000000e+01  -1.4560000e+01   2.1210000e+02   0.0000000e+00   0.0000000e+00   1.0000000e+00
   1.6585141e+04  -2.6000000e+01  -1.5600000e+01   2.1210000e+02   0.0000000e+00   0.0000000e+00   1.0000000e+00
   1.6703602e+04  -2.6000000e+01  -1.6640000e+01   2.1210000e+02   0.0000000e+00   0.0000000e+00   1.0000000e+00
   1.6822063e+04  -2.6000000e+01  -1.7680000e+01   2.1210000e+02   0.0000000e+00   0.0000000e+00   1.0000000e+00
   1.6940524e+04  -2.6000000e+01  -1.8720000e+01   2.1210000e+02   0.0000000e+00   0.0000000e+00   1.0000000e+00
   1.7058985e+04  -2.6000000e+01  -1.9760000e+01   2.1210000e+02   0.0000000e+00   0.0000000e+00   1.0000000e+00
   1.7177446e+04  -2.6000000e+01  -2.0800000e+01   2.1210000e+02   0.0000000e+00   0.0000000e+00   1.0000000e+00
   1.7295907e+04  -2.6000000e+01  -2.1840000e+01   2.1210000e+02   0.0000000e+00   0.0000000e+00   1.0000000e+00
   1.7414368e+04  -2.6000000e+01  -2.2880000e+01   2.1210000e+02   0.0000000e+00   0.0000000e+00   1.0000000e+00
   1.7532829e+04  -2.6000000e+01  -2.3920000e+01   2.1210000e+02   0.0000000e+00   0.0000000e+00   1.0000000e+00
   1.7651291e+04  -2.6000000e+01  -2.4960000e+01   2.1210000e+02   0.0000000e+00   0.0000000e+00   1.0000000e+00
   1.7769751e+04  -2.6000000e+01  -2.6000000e+01   2.1210000e+02   0.0000000e+00   0.0000000e+00   1.0000000e+00
   1.7888212e+04  -2.4960000e+01  -2.6000000e+01   2.1210000e+02   0.0000000e+00   0.0000000e+00   1.0000000e+00
   1.8006673e+04  -2.3920000e+01  -2.6000000e+01   2.1210000e+02   0.0000000e+00   0.0000000e+00   1.0000000e+00
   1.8125134e+04  -2.2880000e+01  -2.6000000e+01   2.1210000e+02   0.0000000e+00   0.0000000e+00   1.0000000e+00
   1.8243596e+04  -2.1840000e+01  -2.6000000e+01   2.1210000e+02   0.0000000e+00   0.0000000e+00   1.0000000e+00
   1.8362057e+04  -2.0800000e+01  -2.6000000e+01   2.1210000e+02   0.0000000e+00   0.0000000e+00   1.0000000e+00
   1.8480518e+04  -1.9760000e+01  -2.6000000e+01   2.1210000e+02   0.0000000e+00   0.0000000e+00   1.0000000e+00
   1.8598979e+04  -1.8720000e+01  -2.6000000e+01   2.1210000e+02   0.0000000e+00   0.0000000e+00   1.0000000e+00
   1.8717440e+04  -1.7680000e+01  -2.6000000e+01   2.1210000e+02   0.0000000e+00   0.0000000e+00   1.0000000e+00
   1.8835901e+04  -1.6640000e+01  -2.6000000e+01   2.1210000e+02   0.0000000e+00   0.0000000e+00   1.0000000e+00
   1.8954362e+04  -1.5600000e+01  -2.6000000e+01   2.1210000e+02   0.0000000e+00   0.0000000e+00   1.0000000e+00
   1.9072823e+04  -1.4560000e+01  -2.6000000e+01   2.1210000e+02   0.0000000e+00   0.0000000e+00   1.0000000e+00
   1.9191284e+04  -1.3520000e+01  -2.6000000e+01   2.1210000e+02   0.0000000e+00   0.0000000e+00   1.0000000e+00
   1.9309745e+04  -1.2480000e+01  -2.6000000e+01   2.1210000e+02   0.0000000e+00   0.0000000e+00   1.0000000e+00
   1.9428207e+04  -1.1440000e+01  -2.6000000e+01   2.1210000e+02   0.0000000e+00   0.0000000e+00   1.0000000e+00
   1.9546667e+04  -1.0400000e+01  -2.6000000e+01   2.1210000e+02   0.0000000e+00   0.0000000e+00   1.0000000e+00
   1.9665128e+04  -9.3600000e+00  -2.6000000e+01   2.1210000e+02   0.0000000e+00   0.0000000e+00   1.0000000e+00
   1.9783589e+04  -8.3200000e+00  -2.6000000e+01   2.1210000e+02   0.0000000e+00   0.0000000e+00   1.0000000e+00
   1.9902050e+04  -7.2800000e+00  -2.6000000e+01   2.1210000e+02   0.0000000e+00   0.0000000e+00   1.0000000e+00
   2.0020512e+04  -6.2400000e+00  -2.6000000e+01   2.1210000e+02   0.0000000e+00   0.0000000e+00   1.0000000e+00
   2.0138973e+04  -5.2000000e+00  -2.6000000e+01   2.1210000e+02   0.0000000e+00   0.0000000e+00   1.0000000e+00
   2.0257434e+04  -4.1600000e+00  -2.6000000e+01   2.1210000e+02   0.0000000e+00   0.0000000e+00   1.0000000e+00
   2.0375895e+04  -3.1200000e+00  -2.6000000e+01   2.1210000e+02   0.0000000e+00   0.0000000e+00   1.0000000e+00
   2.0494356e+04  -2.0800000e+00  -2.6000000e+01   2.1210000e+02   0.0000000e+00   0.0000000e+00   1.0000000e+00
   2.0612817e+04  -1.0400000e+00  -2.6000000e+01   2.1210000e+02   0.0000000e+00   0.0000000e+00   1.0000000e+00
   2.0731278e+04   0.0000000e+00  -2.6000000e+01   2.1210000e+02   0.0000000e+00   0.0000000e+00   1.0000000e+00
   2.0849739e+04   1.0400000e+00  -2.6000000e+01   2.1210000e+02   0.0000000e+00   0.0000000e+00   1.0000000e+00
   2.0968200e+04   2.0800000e+00  -2.6000000e+01   2.1210000e+02   0.0000000e+00   0.0000000e+00   1.0000000e+00
   2.1086661e+04   3.1200000e+00  -2.6000000e+01   2.1210000e+02   0.0000000e+00   0.0000000e+00   1.0000000e+00
   2.1205122e+04   4.1600000e+00  -2.6000000e+01   2.1210000e+02   0.0000000e+00   0.0000000e+00   1.0000000e+00
   2.1323583e+04   5.2000000e+00  -2.6000000e+01   2.1210000e+02   0.0000000e+00   0.0000000e+00   1.0000000e+00
   2.1442044e+04   6.2400000e+00  -2.6000000e+01   2.1210000e+02   0.0000000e+00   0.0000000e+00   1.0000000e+00
   2.1560505e+04   7.2800000e+00  -2.6000000e+01   2.1210000e+02   0.0000000e+00   0.0000000e+00   1.0000000e+00
   2.1678966e+04   8.3200000e+00  -2.6000000e+01   2.1210000e+02   0.0000000e+00   0.0000000e+00   1.0000000e+00
   2.1797428e+04   9.3600000e+00  -2.6000000e+01   2.1210000e+02   0.0000000e+00   0.0000000e+00   1.0000000e+00
   2.1915889e+04   1.0400000e+01  -2.6000000e+01   2.1210000e+02   0.0000000e+00   0.0000000e+00   1.0000000e+00
   2.2034350e+04   1.1440000e+01  -2.6000000e+01   2.1210000e+02   0.0000000e+00   0.0000000e+00   1.0000000e+00
   2.2152811e+04   1.2480000e+01  -2.6000000e+01   2.1210000e+02   0.0000000e+00   0.0000000e+00   1.0000000e+00
   2.2271272e+04   1.3520000e+01  -2.6000000e+01   2.1210000e+02   0.0000000e+00   0.0000000e+00   1.0000000e+00
   2.2389733e+04   1.4560000e+01  -2.6000000e+01   2.1210000e+02   0.0000000e+00   0.0000000e+00   1.0000000e+00
   2.2508194e+04   1.5600000e+01  -2.6000000e+01   2.1210000e+02   0.0000000e+00   0.0000000e+00   1.0000000e+00
   2.2626655e+04   1.6640000e+01  -2.6000000e+01   2.1210000e+02   0.0000000e+00   0.0000000e+00   1.0000000e+00
   2.2745116e+04   1.7680000e+01  -2.6000000e+01   2.1210000e+02   0.0000000e+00   0.0000000e+00   1.0000000e+00
   2.2863577e+04   1.8720000e+01  -2.6000000e+01   2.1210000e+02   0.0000000e+00   0.0000000e+00   1.0000000e+00
   2.2982038e+04   1.9760000e+01  -2.6000000e+01   2.1210000e+02   0.0000000e+00   0.0000000e+00   1.0000000e+00
   2.3100499e+04   2.0800000e+01  -2.6000000e+01   2.1210000e+02   0.0000000e+00   0.0000000e+00   1.0000000e+00
   2.3218960e+04   2.1840000e+01  -2.6000000e+01   2.1210000e+02   0.0000000e+00   0.0000000e+00   1.0000000e+00
   2.3337421e+04   2.2880000e+01  -2.6000000e+01   2.1210000e+02   0.0000000e+00   0.0000000e+00   1.0000000e+00
   2.3455882e+04   2.3920000e+01  -2.6000000e+01   2.1210000e+02   0.0000000e+00   0.0000000e+00   1.0000000e+00
   2.3574344e+04   2.4960000e+01  -2.6000000e+01   2.1210000e+02   0.0000000e+00   0.0000000e+00   1.0000000e+00
   2.3692805e+04   2.6000000e+01  -2.6000000e+01   2.1210000e+02   0.0000000e+00   0.0000000e+00   1.0000000e+00
   2.3811266e+04   2.6000000e+01  -2.4960000e+01   2.1210000e+02   0.0000000e+00   0.0000000e+00   1.0000000e+00
   2.3929727e+04   2.6000000e+01  -2.3920000e+01   2.1210000e+02   0.0000000e+00   0.0000000e+00   1.0000000e+00
   2.4048188e+04   2.6000000e+01  -2.2880000e+01   2.1210000e+02   0.0000000e+00   0.0000000e+00   1.0000000e+00
   2.4166649e+04   2.6000000e+01  -2.1840000e+01   2.1210000e+02   0.0000000e+00   0.0000000e+00   1.0000000e+00
   2.4285110e+04   2.6000000e+01  -2.0800000e+01   2.1210000e+02   0.0000000e+00   0.0000000e+00   1.0000000e+00
   2.4403571e+04   2.6000000e+01  -1.9760000e+01   2.1210000e+02   0.0000000e+00   0.0000000e+00   1.0000000e+00
   2.4522032e+04   2.6000000e+01  -1.8720000e+01   2.1210000e+02   0.0000000e+00   0.0000000e+00   1.0000000e+00
   2.4640493e+04   2.6000000e+01  -1.7680000e+01   2.1210000e+02   0.0000000e+00   0.0000000e+00   1.0000000e+00
   2.4758954e+04   2.6000000e+01  -1.6640000e+01   2.1210000e+02   0.0000000e+00   0.0000000e+00   1.0000000e+00
   2.4877415e+04   2.6000000e+01  -1.5600000e+01   2.1210000e+02   0.0000000e+00   0.0000000e+00   1.0000000e+00
   2.4995876e+04   2.6000000e+01  -1.4560000e+01   2.1210000e+02   0.0000000e+00   0.0000000e+00   1.0000000e+00
   2.5114337e+04   2.6000000e+01  -1.3520000e+01   2.1210000e+02   0.0000000e+00   0.0000000e+00   1.0000000e+00
   2.5232798e+04   2.6000000e+01  -1.2480000e+01   2.1210000e+02   0.0000000e+00   0.0000000e+00   1.0000000e+00
   2.5351260e+04   2.6000000e+01  -1.1440000e+01   2.1210000e+02   0.0000000e+00   0.0000000e+00   1.0000000e+00
   2.5469721e+04   2.6000000e+01  -1.0400000e+01   2.1210000e+02   0.0000000e+00   0.0000000e+00   1.0000000e+00
   2.5588182e+04   2.6000000e+01  -9.3600000e+00   2.1210000e+02   0.0000000e+00   0.0000000e+00   1.0000000e+00
   2.5706643e+04   2.6000000e+01  -8.3200000e+00   2.1210000e+02   0.0000000e+00   0.0000000e+00   1.0000000e+00
   2.5825104e+04   2.6000000e+01  -7.2800000e+00   2.1210000e+02   0.0000000e+00   0.0000000e+00   1.0000000e+00
   2.5943565e+04   2.6000000e+01  -6.2400000e+00   2.1210000e+02   0.0000000e+00   0.0000000e+00   1.0000000e+00
   2.6062026e+04   2.6000000e+01  -5.2000000e+00   2.1210000e+02   0.0000000e+00   0.0000000e+00   1.0000000e+00
   2.6180487e+04   2.6000000e+01  -4.1600000e+00   2.1210000e+02   0.0000000e+00   0.0000000e+00   1.0000000e+00
   2.6298948e+04   2.6000000e+01  -3.1200000e+00   2.1210000e+02   0.0000000e+00   0.0000000e+00   1.0000000e+00
   2.6417409e+04   2.6000000e+01  -2.0800000e+00   2.1210000e+02   0.0000000e+00   0.0000000e+00   1.0000000e+00
   2.6535870e+04   2.6000000e+01  -1.0400000e+00   2.1210000e+02   0.0000000e+00   0.0000000e+00   1.0000000e+00
   2.6654331e+04   2.6000000e+01   0.0000000e+00   2.1210000e+02   0.0000000e+00   0.0000000e+00   1.0000000e+00
   2.6772792e+04   2.6000000e+01   1.0400000e+00   2.1210000e+02   0.0000000e+00   0.0000000e+00   1.0000000e+00
   2.6891253e+04   2.6000000e+01   2.0800000e+00   2.1210000e+02   0.0000000e+00   0.0000000e+00   1.0000000e+00
   2.7009714e+04   2.6000000e+01   3.1200000e+00   2.1210000e+02   0.0000000e+00   0.0000000e+00   1.0000000e+00
   2.7128176e+04   2.6000000e+01   4.1600000e+00   2.1210000e+02   0.0000000e+00   0.0000000e+00   1.0000000e+00
   2.7246637e+04   2.6000000e+01   5.2000000e+00   2.1210000e+02   0.0000000e+00   0.0000000e+00   1.0000000e+00
   2.7365098e+04   2.6000000e+01   6.2400000e+00   2.1210000e+02   0.0000000e+00   0.0000000e+00   1.0000000e+00
   2.7483559e+04   2.6000000e+01   7.2800000e+00   2.1210000e+02   0.0000000e+00   0.0000000e+00   1.0000000e+00
   2.7602020e+04   2.6000000e+01   8.3200000e+00   2.1210000e+02   0.0000000e+00   0.0000000e+00   1.0000000e+00
   2.7720481e+04   2.6000000e+01   9.3600000e+00   2.1210000e+02   0.0000000e+00   0.0000000e+00   1.0000000e+00
   2.7838942e+04   2.6000000e+01   1.0400000e+01   2.1210000e+02   0.0000000e+00   0.0000000e+00   1.0000000e+00
   2.7957403e+04   2.6000000e+01   1.1440000e+01   2.1210000e+02   0.0000000e+00   0.0000000e+00   1.0000000e+00
   2.8075864e+04   2.6000000e+01   1.2480000e+01   2.1210000e+02   0.0000000e+00   0.0000000e+00   1.0000000e+00
   2.8194325e+04   2.6000000e+01   1.3520000e+01   2.1210000e+02   0.0000000e+00   0.0000000e+00   1.0000000e+00
   2.8312786e+04   2.6000000e+01   1.4560000e+01   2.1210000e+02   0.0000000e+00   0.0000000e+00   1.0000000e+00
   2.8431247e+04   2.6000000e+01   1.5600000e+01   2.1210000e+02   0.0000000e+00   0.0000000e+00   1.0000000e+00
   2.8549708e+04   2.6000000e+01   1.6640000e+01   2.1210000e+02   0.0000000e+00   0.0000000e+00   1.0000000e+00
   2.8668169e+04   2.6000000e+01   1.7680000e+01   2.1210000e+02   0.0000000e+00   0.0000000e+00   1.0000000e+00
   2.8786630e+04   2.6000000e+01   1.8720000e+01   2.1210000e+02   0.0000000e+00   0.0000000e+00   1.0000000e+00
   2.8905092e+04   2.6000000e+01   1.9760000e+01   2.1210000e+02   0.0000000e+00   0.0000000e+00   1.0000000e+00
   2.9023553e+04   2.6000000e+01   2.0800000e+01   2.1210000e+02   0.0000000e+00   0.0000000e+00   1.0000000e+00
   2.9142014e+04   2.6000000e+01   2.1840000e+01   2.1210000e+02   0.0000000e+00   0.0000000e+00   1.0000000e+00
   2.9260475e+04   2.6000000e+01   2.2880000e+01   2.1210000e+02   0.0000000e+00   0.0000000e+00   1.0000000e+00
   2.9378936e+04   2.6000000e+01   2.3920000e+01   2.1210000e+02   0.0000000e+00   0.0000000e+00   1.0000000e+00
   2.9497397e+04   2.6000000e+01   2.4960000e+01   2.1210000e+02   0.0000000e+00   0.0000000e+00   1.0000000e+00
   2.9615858e+04   2.6000000e+01   2.6000000e+01   2.1210000e+02   0.0000000e+00   0.0000000e+00   1.0000000e+00
   2.9734319e+04   2.4960000e+01   2.6000000e+01   2.1210000e+02   0.0000000e+00   0.0000000e+00   1.0000000e+00
   2.9852780e+04   2.3920000e+01   2.6000000e+01   2.1210000e+02   0.0000000e+00   0.0000000e+00   1.0000000e+00
   2.9971241e+04   2.2880000e+01   2.6000000e+01   2.1210000e+02   0.0000000e+00   0.0000000e+00   1.0000000e+00
   3.0089702e+04   2.1840000e+01   2.6000000e+01   2.1210000e+02   0.0000000e+00   0.0000000e+00   1.0000000e+00
   3.0208163e+04   2.0800000e+01   2.6000000e+01   2.1210000e+02   0.0000000e+00   0.0000000e+00   1.0000000e+00
   3.0326624e+04   1.9760000e+01   2.6000000e+01   2.1210000e+02   0.0000000e+00   0.0000000e+00   1.0000000e+00
   3.0445085e+04   1.8720000e+01   2.6000000e+01   2.1210000e+02   0.0000000e+00   0.0000000e+00   1.0000000e+00
   3.0563546e+04   1.7680000e+01   2.6000000e+01   2.1210000e+02   0.0000000e+00   0.0000000e+00   1.0000000e+00
   3.0682008e+04   1.6640000e+01   2.6000000e+01   2.1210000e+02   0.0000000e+00   0.0000000e+00   1.0000000e+00
   3.0800469e+04   1.5600000e+01   2.6000000e+01   2.1210000e+02   0.0000000e+00   0.0000000e+00   1.0000000e+00
   3.0918930e+04   1.4560000e+01   2.6000000e+01   2.1210000e+02   0.0000000e+00   0.0000000e+00   1.0000000e+00
   3.1037391e+04   1.3520000e+01   2.6000000e+01   2.1210000e+02   0.0000000e+00   0.0000000e+00   1.0000000e+00
   3.1155851e+04   1.2480000e+01   2.6000000e+01   2.1210000e+02   0.0000000e+00   0.0000000e+00   1.0000000e+00
   3.1274313e+04   1.1440000e+01   2.6000000e+01   2.1210000e+02   0.0000000e+00   0.0000000e+00   1.0000000e+00
   3.1392774e+04   1.0400000e+01   2.6000000e+01   2.1210000e+02   0.0000000e+00   0.0000000e+00   1.0000000e+00
   3.1511235e+04   9.3600000e+00   2.6000000e+01   2.1210000e+02   0.0000000e+00   0.0000000e+00   1.0000000e+00
   3.1629696e+04   8.3200000e+00   2.6000000e+01   2.1210000e+02   0.0000000e+00   0.0000000e+00   1.0000000e+00
   3.1748157e+04   7.2800000e+00   2.6000000e+01   2.1210000e+02   0.0000000e+00   0.0000000e+00   1.0000000e+00
   3.1866618e+04   6.2400000e+00   2.6000000e+01   2.1210000e+02   0.0000000e+00   0.0000000e+00   1.0000000e+00
   3.1985079e+04   5.2000000e+00   2.6000000e+01   2.1210000e+02   0.0000000e+00   0.0000000e+00   1.0000000e+00
   3.2103540e+04   4.1600000e+00   2.6000000e+01   2.1210000e+02   0.0000000e+00   0.0000000e+00   1.0000000e+00
   3.2222001e+04   3.1200000e+00   2.6000000e+01   2.1210000e+02   0.0000000e+00   0.0000000e+00   1.0000000e+00
   3.2340462e+04   2.0800000e+00   2.6000000e+01   2.1210000e+02   0.0000000e+00   0.0000000e+00   1.0000000e+00
   3.2458924e+04   1.0400000e+00   2.6000000e+01   2.1210000e+02   0.0000000e+00   0.0000000e+00   1.0000000e+00
   3.2577385e+04   0.0000000e+00   2.6000000e+01   2.1210000e+02   0.0000000e+00   0.0000000e+00   1.0000000e+00
   3.2695846e+04  -1.0400000e+00   2.6000000e+01   2.1210000e+02   0.0000000e+00   0.0000000e+00   1.0000000e+00
   3.2814307e+04  -2.0800000e+00   2.6000000e+01   2.1210000e+02   0.0000000e+00   0.0000000e+00   1.0000000e+00
   3.2932767e+04  -3.1200000e+00   2.6000000e+01   2.1210000e+02   0.0000000e+00   0.0000000e+00   1.0000000e+00
   3.3051229e+04  -4.1600000e+00   2.6000000e+01   2.1210000e+02   0.0000000e+00   0.0000000e+00   1.0000000e+00
   3.3169690e+04  -5.2000000e+00   2.6000000e+01   2.1210000e+02   0.0000000e+00   0.0000000e+00   1.0000000e+00
   3.3288151e+04  -6.2400000e+00   2.6000000e+01   2.1210000e+02   0.0000000e+00   0.0000000e+00   1.0000000e+00
   3.3406612e+04  -7.2800000e+00   2.6000000e+01   2.1210000e+02   0.0000000e+00   0.0000000e+00   1.0000000e+00
   3.3525073e+04  -8.3200000e+00   2.6000000e+01   2.1210000e+02   0.0000000e+00   0.0000000e+00   1.0000000e+00
   3.3643534e+04  -9.3600000e+00   2.6000000e+01   2.1210000e+02   0.0000000e+00   0.0000000e+00   1.0000000e+00
   3.3761995e+04  -1.0400000e+01   2.6000000e+01   2.1210000e+02   0.0000000e+00   0.0000000e+00   1.0000000e+00
   3.3880456e+04  -1.1440000e+01   2.6000000e+01   2.1210000e+02   0.0000000e+00   0.0000000e+00   1.0000000e+00
   3.3998917e+04  -1.2480000e+01   2.6000000e+01   2.1210000e+02   0.0000000e+00   0.0000000e+00   1.0000000e+00
   3.4117378e+04  -1.3520000e+01   2.6000000e+01   2.1210000e+02   0.0000000e+00   0.0000000e+00   1.0000000e+00
   3.4235840e+04  -1.4560000e+01   2.6000000e+01   2.1210000e+02   0.0000000e+00   0.0000000e+00   1.0000000e+00
   3.4354301e+04  -1.5600000e+01   2.6000000e+01   2.1210000e+02   0.0000000e+00   0.0000000e+00   1.0000000e+00
   3.4472762e+04  -1.6640000e+01   2.6000000e+01   2.1210000e+02   0.0000000e+00   0.0000000e+00   1.0000000e+00
   3.4591222e+04  -1.7680000e+01   2.6000000e+01   2.1210000e+02   0.0000000e+00   0.0000000e+00   1.0000000e+00
   3.4709683e+04  -1.8720000e+01   2.6000000e+01   2.1210000e+02   0.0000000e+00   0.0000000e+00   1.0000000e+00
   3.4828145e+04  -1.9760000e+01   2.6000000e+01   2.1210000e+02   0.0000000e+00   0.0000000e+00   1.0000000e+00
   3.4946606e+04  -2.0800000e+01   2.6000000e+01   2.1210000e+02   0.0000000e+00   0.0000000e+00   1.0000000e+00
   3.5065067e+04  -2.1840000e+01   2.6000000e+01   2.1210000e+02   0.0000000e+00   0.0000000e+00   1.0000000e+00
   3.5183528e+04  -2.2880000e+01   2.6000000e+01   2.1210000e+02   0.0000000e+00   0.0000000e+00   1.0000000e+00
   3.5301989e+04  -2.3920000e+01   2.6000000e+01   2.1210000e+02   0.0000000e+00   0.0000000e+00   1.0000000e+00
   3.5420450e+04  -2.4960000e+01   2.6000000e+01   2.1210000e+02   0.0000000e+00   0.0000000e+00   1.0000000e+00
   3.5538911e+04  -2.6000000e+01   2.6000000e+01   2.1210000e+02   0.0000000e+00   0.0000000e+00   1.0000000e+00
   3.5657372e+04  -2.6000000e+01   2.4960000e+01   2.1210000e+02   0.0000000e+00   0.0000000e+00   1.0000000e+00
   3.5775833e+04  -2.6000000e+01   2.3920000e+01   2.1210000e+02   0.0000000e+00   0.0000000e+00   1.0000000e+00
   3.5894294e+04  -2.6000000e+01   2.2880000e+01   2.1210000e+02   0.0000000e+00   0.0000000e+00   1.0000000e+00
   3.6012756e+04  -2.6000000e+01   2.1840000e+01   2.1210000e+02   0.0000000e+00   0.0000000e+00   1.0000000e+00
   3.6131217e+04  -2.6000000e+01   2.0800000e+01   2.1210000e+02   0.0000000e+00   0.0000000e+00   1.0000000e+00
   3.6249678e+04  -2.6000000e+01   1.9760000e+01   2.1210000e+02   0.0000000e+00   0.0000000e+00   1.0000000e+00
   3.6368138e+04  -2.6000000e+01   1.8720000e+01   2.1210000e+02   0.0000000e+00   0.0000000e+00   1.0000000e+00
   3.6486599e+04  -2.6000000e+01   1.7680000e+01   2.1210000e+02   0.0000000e+00   0.0000000e+00   1.0000000e+00
   3.6605061e+04  -2.6000000e+01   1.6640000e+01   2.1210000e+02   0.0000000e+00   0.0000000e+00   1.0000000e+00
   3.6723522e+04  -2.6000000e+01   1.5600000e+01   2.1210000e+02   0.0000000e+00   0.0000000e+00   1.0000000e+00
   3.6841983e+04  -2.6000000e+01   1.4560000e+01   2.1210000e+02   0.0000000e+00   0.0000000e+00   1.0000000e+00
   3.6960444e+04  -2.6000000e+01   1.3520000e+01   2.1210000e+02   0.0000000e+00   0.0000000e+00   1.0000000e+00
   3.7078905e+04  -2.6000000e+01   1.2480000e+01   2.1210000e+02   0.0000000e+00   0.0000000e+00   1.0000000e+00
   3.7197366e+04  -2.6000000e+01   1.1440000e+01   2.1210000e+02   0.0000000e+00   0.0000000e+00   1.0000000e+00
   3.7315827e+04  -2.6000000e+01   1.0400000e+01   2.1210000e+02   0.0000000e+00   0.0000000e+00   1.0000000e+00
   3.7434288e+04  -2.6000000e+01   9.3600000e+00   2.1210000e+02   0.0000000e+00   0.0000000e+00   1.0000000e+00
   3.7552749e+04  -2.6000000e+01   8.3200000e+00   2.1210000e+02   0.0000000e+00   0.0000000e+00   1.0000000e+00
   3.7671210e+04  -2.6000000e+01   7.2800000e+00   2.1210000e+02   0.0000000e+00   0.0000000e+00   1.0000000e+00
   3.7789672e+04  -2.6000000e+01   6.2400000e+00   2.1210000e+02   0.0000000e+00   0.0000000e+00   1.0000000e+00
   3.7908133e+04  -2.6000000e+01   5.2000000e+00   2.1210000e+02   0.0000000e+00   0.0000000e+00   1.0000000e+00
   3.8026593e+04  -2.6000000e+01   4.1600000e+00   2.1210000e+02   0.0000000e+00   0.0000000e+00   1.0000000e+00
   3.8145054e+04  -2.6000000e+01   3.1200000e+00   2.1210000e+02   0.0000000e+00   0.0000000e+00   1.0000000e+00
   3.8263515e+04  -2.6000000e+01   2.0800000e+00   2.1210000e+02   0.0000000e+00   0.0000000e+00   1.0000000e+00
   3.8381977e+04  -2.6000000e+01   1.0400000e+00   2.1210000e+02   0.0000000e+00   0.0000000e+00   1.0000000e+00
   3.8500438e+04  -2.6000000e+01   0.0000000e+00   2.1210000e+02   0.0000000e+00   0.0000000e+00   1.0000000e+00
   3.8618899e+04  -2.6000000e+01  -1.0400000e+00   2.1210000e+02   0.0000000e+00   0.0000000e+00   1.0000000e+00
   3.8737360e+04  -2.6000000e+01  -2.0800000e+00   2.1210000e+02   0.0000000e+00   0.0000000e+00   1.0000000e+00
   3.8855821e+04  -2.6000000e+01  -3.1200000e+00   2.1210000e+02   0.0000000e+00   0.0000000e+00   1.0000000e+00
   3.8974282e+04  -2.6000000e+01  -4.1600000e+00   2.1210000e+02   0.0000000e+00   0.0000000e+00   1.0000000e+00
   3.9092743e+04  -2.6000000e+01  -5.2000000e+00   2.1210000e+02   0.0000000e+00   0.0000000e+00   1.0000000e+00
   3.9211204e+04  -2.6000000e+01  -6.2400000e+00   2.1210000e+02   0.0000000e+00   0.0000000e+00   1.0000000e+00
   3.9329665e+04  -2.6000000e+01  -7.2800000e+00   2.1210000e+02   0.0000000e+00   0.0000000e+00   1.0000000e+00
   3.9448126e+04  -2.6000000e+01  -8.3200000e+00   2.1210000e+02   0.0000000e+00   0.0000000e+00   1.0000000e+00
   3.9566588e+04  -2.6000000e+01  -9.3600000e+00   2.1210000e+02   0.0000000e+00   0.0000000e+00   1.0000000e+00
   3.9685049e+04  -2.6000000e+01  -1.0400000e+01   2.1210000e+02   0.0000000e+00   0.0000000e+00   1.0000000e+00
   3.9803509e+04  -2.6000000e+01  -1.1440000e+01   2.1210000e+02   0.0000000e+00   0.0000000e+00   1.0000000e+00
   3.9921970e+04  -2.6000000e+01  -1.2480000e+01   2.1210000e+02   0.0000000e+00   0.0000000e+00   1.0000000e+00
   4.0040431e+04  -2.6000000e+01  -1.3520000e+01   2.1210000e+02   0.0000000e+00   0.0000000e+00   1.0000000e+00
   4.0158893e+04  -2.6000000e+01  -1.4560000e+01   2.1210000e+02   0.0000000e+00   0.0000000e+00   1.0000000e+00
   4.0277354e+04  -2.6000000e+01  -1.5600000e+01   2.1210000e+02   0.0000000e+00   0.0000000e+00   1.0000000e+00
   4.0395815e+04  -2.6000000e+01  -1.6640000e+01   2.1210000e+02   0.0000000e+00   0.0000000e+00   1.0000000e+00
   4.0514276e+04  -2.6000000e+01  -1.7680000e+01   2.1210000e+02   0.0000000e+00   0.0000000e+00   1.0000000e+00
   4.0632737e+04  -2.6000000e+01  -1.8720000e+01   2.1210000e+02   0.0000000e+00   0.0000000e+00   1.0000000e+00
   4.0751198e+04  -2.6000000e+01  -1.9760000e+01   2.1210000e+02   0.0000000e+00   0.0000000e+00   1.0000000e+00
   4.0869659e+04  -2.6000000e+01  -2.0800000e+01   2.1210000e+02   0.0000000e+00   0.0000000e+00   1.0000000e+00
   4.0988120e+04  -2.6000000e+01  -2.1840000e+01   2.1210000e+02   0.0000000e+00   0.0000000e+00   1.0000000e+00
   4.1106581e+04  -2.6000000e+01  -2.2880000e+01   2.1210000e+02   0.0000000e+00   0.0000000e+00   1.0000000e+00
   4.1225042e+04  -2.6000000e+01  -2.3920000e+01   2.1210000e+02   0.0000000e+00   0.0000000e+00   1.0000000e+00
   4.1343504e+04  -2.6000000e+01  -2.4960000e+01   2.1210000e+02   0.0000000e+00   0.0000000e+00   1.0000000e+00
   4.1461964e+04  -2.6000000e+01  -2.6000000e+01   2.1210000e+02   0.0000000e+00   0.0000000e+00   1.0000000e+00
   4.1580425e+04  -2.4960000e+01  -2.6000000e+01   2.1210000e+02   0.0000000e+00   0.0000000e+00   1.0000000e+00
   4.1698886e+04  -2.3920000e+01  -2.6000000e+01   2.1210000e+02   0.0000000e+00   0.0000000e+00   1.0000000e+00
   4.1817347e+04  -2.2880000e+01  -2.6000000e+01   2.1210000e+02   0.0000000e+00   0.0000000e+00   1.0000000e+00
   4.1935809e+04  -2.1840000e+01  -2.6000000e+01   2.1210000e+02   0.0000000e+00   0.0000000e+00   1.0000000e+00
   4.2054270e+04  -2.0800000e+01  -2.6000000e+01   2.1210000e+02   0.0000000e+00   0.0000000e+00   1.0000000e+00
   4.2172731e+04  -1.9760000e+01  -2.6000000e+01   2.1210000e+02   0.0000000e+00   0.0000000e+00   1.0000000e+00
   4.2291192e+04  -1.8720000e+01  -2.6000000e+01   2.1210000e+02   0.0000000e+00   0.0000000e+00   1.0000000e+00
   4.2409653e+04  -1.7680000e+01  -2.6000000e+01   2.1210000e+02   0.0000000e+00   0.0000000e+00   1.0000000e+00
   4.2528114e+04  -1.6640000e+01  -2.6000000e+01   2.1210000e+02   0.0000000e+00   0.0000000e+00   1.0000000e+00
   4.2646575e+04  -1.5600000e+01  -2.6000000e+01   2.1210000e+02   0.0000000e+00   0.0000000e+00   1.0000000e+00
   4.2765036e+04  -1.4560000e+01  -2.6000000e+01   2.1210000e+02   0.0000000e+00   0.0000000e+00   1.0000000e+00
   4.2883497e+04  -1.3520000e+01  -2.6000000e+01   2.1210000e+02   0.0000000e+00   0.0000000e+00   1.0000000e+00
   4.3001958e+04  -1.2480000e+01  -2.6000000e+01   2.1210000e+02   0.0000000e+00   0.0000000e+00   1.0000000e+00
   4.3120420e+04  -1.1440000e+01  -2.6000000e+01   2.1210000e+02   0.0000000e+00   0.0000000e+00   1.0000000e+00
   4.3238880e+04  -1.0400000e+01  -2.6000000e+01   2.1210000e+02   0.0000000e+00   0.0000000e+00   1.0000000e+00
   4.3357341e+04  -9.3600000e+00  -2.6000000e+01   2.1210000e+02   0.0000000e+00   0.0000000e+00   1.0000000e+00
   4.3475802e+04  -8.3200000e+00  -2.6000000e+01   2.1210000e+02   0.0000000e+00   0.0000000e+00   1.0000000e+00
   4.3594263e+04  -7.2800000e+00  -2.6000000e+01   2.1210000e+02   0.0000000e+00   0.0000000e+00   1.0000000e+00
   4.3712725e+04  -6.2400000e+00  -2.6000000e+01   2.1210000e+02   0.0000000e+00   0.0000000e+00   1.0000000e+00
   4.3831186e+04  -5.2000000e+00  -2.6000000e+01   2.1210000e+02   0.0000000e+00   0.0000000e+00   1.0000000e+00
   4.3949647e+04  -4.1600000e+00  -2.6000000e+01   2.1210000e+02   0.0000000e+00   0.0000000e+00   1.0000000e+00
   4.4068108e+04  -3.1200000e+00  -2.6000000e+01   2.1210000e+02   0.0000000e+00   0.0000000e+00   1.0000000e+00
   4.4186569e+04  -2.0800000e+00  -2.6000000e+01   2.1210000e+02   0.0000000e+00   0.0000000e+00   1.0000000e+00
   4.4305030e+04  -1.0400000e+00  -2.6000000e+01   2.1210000e+02   0.0000000e+00   0.0000000e+00   1.0000000e+00
   4.4423491e+04   0.0000000e+00  -2.6000000e+01   2.1210000e+02   0.0000000e+00   0.0000000e+00   1.0000000e+00
   4.4541952e+04   1.0400000e+00  -2.6000000e+01   2.1210000e+02   0.0000000e+00   0.0000000e+00   1.0000000e+00
   4.4660413e+04   2.0800000e+00  -2.6000000e+01   2.1210000e+02   0.0000000e+00   0.0000000e+00   1.0000000e+00
   4.4778874e+04   3.1200000e+00  -2.6000000e+01   2.1210000e+02   0.0000000e+00   0.0000000e+00   1.0000000e+00
   4.4897335e+04   4.1600000e+00  -2.6000000e+01   2.1210000e+02   0.0000000e+00   0.0000000e+00   1.0000000e+00
   4.5015796e+04   5.2000000e+00  -2.6000000e+01   2.1210000e+02   0.0000000e+00   0.0000000e+00   1.0000000e+00
   4.5134257e+04   6.2400000e+00  -2.6000000e+01   2.1210000e+02   0.0000000e+00   0.0000000e+00   1.0000000e+00
   4.5252718e+04   7.2800000e+00  -2.6000000e+01   2.1210000e+02   0.0000000e+00   0.0000000e+00   1.0000000e+00
   4.5371179e+04   8.3200000e+00  -2.6000000e+01   2.1210000e+02   0.0000000e+00   0.0000000e+00   1.0000000e+00
   4.5489640e+04   9.3600000e+00  -2.6000000e+01   2.1210000e+02   0.0000000e+00   0.0000000e+00   1.0000000e+00
   4.5608102e+04   1.0400000e+01  -2.6000000e+01   2.1210000e+02   0.0000000e+00   0.0000000e+00   1.0000000e+00
   4.5726563e+04   1.1440000e+01  -2.6000000e+01   2.1210000e+02   0.0000000e+00   0.0000000e+00   1.0000000e+00
   4.5845024e+04   1.2480000e+01  -2.6000000e+01   2.1210000e+02   0.0000000e+00   0.0000000e+00   1.0000000e+00
   4.5963485e+04   1.3520000e+01  -2.6000000e+01   2.1210000e+02   0.0000000e+00   0.0000000e+00   1.0000000e+00
   4.6081946e+04   1.4560000e+01  -2.6000000e+01   2.1210000e+02   0.0000000e+00   0.0000000e+00   1.0000000e+00
   4.6200407e+04   1.5600000e+01  -2.6000000e+01   2.1210000e+02   0.0000000e+00   0.0000000e+00   1.0000000e+00
   4.6318868e+04   1.6640000e+01  -2.6000000e+01   2.1210000e+02   0.0000000e+00   0.0000000e+00   1.0000000e+00
   4.6437329e+04   1.7680000e+01  -2.6000000e+01   2.1210000e+02   0.0000000e+00   0.0000000e+00   1.0000000e+00
   4.6555790e+04   1.8720000e+01  -2.6000000e+01   2.1210000e+02   0.0000000e+00   0.0000000e+00   1.0000000e+00
   4.6674251e+04   1.9760000e+01  -2.6000000e+01   2.1210000e+02   0.0000000e+00   0.0000000e+00   1.0000000e+00
   4.6792712e+04   2.0800000e+01  -2.6000000e+01   2.1210000e+02   0.0000000e+00   0.0000000e+00   1.0000000e+00
   4.6911173e+04   2.1840000e+01  -2.6000000e+01   2.1210000e+02   0.0000000e+00   0.0000000e+00   1.0000000e+00
   4.7029634e+04   2.2880000e+01  -2.6000000e+01   2.1210000e+02   0.0000000e+00   0.0000000e+00   1.0000000e+00
   4.7148095e+04   2.3920000e+01  -2.6000000e+01   2.1210000e+02   0.0000000e+00   0.0000000e+00   1.0000000e+00
   4.7266556e+04   2.4960000e+01  -2.6000000e+01   2.1210000e+02   0.0000000e+00   0.0000000e+00   1.0000000e+00
   4.7385018e+04   2.6000000e+01  -2.6000000e+01   2.1210000e+02   0.0000000e+00   0.0000000e+00   1.0000000e+00
   4.7503479e+04   2.6000000e+01  -2.4960000e+01   2.1210000e+02   0.0000000e+00   0.0000000e+00   1.0000000e+00
   4.7621940e+04   2.6000000e+01  -2.3920000e+01   2.1210000e+02   0.0000000e+00   0.0000000e+00   1.0000000e+00
   4.7740401e+04   2.6000000e+01  -2.2880000e+01   2.1210000e+02   0.0000000e+00   0.0000000e+00   1.0000000e+00
   4.7858862e+04   2.6000000e+01  -2.1840000e+01   2.1210000e+02   0.0000000e+00   0.0000000e+00   1.0000000e+00
   4.7977323e+04   2.6000000e+01  -2.0800000e+01   2.1210000e+02   0.0000000e+00   0.0000000e+00   1.0000000e+00
   4.8095784e+04   2.6000000e+01  -1.9760000e+01   2.1210000e+02   0.0000000e+00   0.0000000e+00   1.0000000e+00
   4.8214245e+04   2.6000000e+01  -1.8720000e+01   2.1210000e+02   0.0000000e+00   0.0000000e+00   1.0000000e+00
   4.8332706e+04   2.6000000e+01  -1.7680000e+01   2.1210000e+02   0.0000000e+00   0.0000000e+00   1.0000000e+00
   4.8451167e+04   2.6000000e+01  -1.6640000e+01   2.1210000e+02   0.0000000e+00   0.0000000e+00   1.0000000e+00
   4.8569628e+04   2.6000000e+01  -1.5600000e+01   2.1210000e+02   0.0000000e+00   0.0000000e+00   1.0000000e+00
   4.8688089e+04   2.6000000e+01  -1.4560000e+01   2.1210000e+02   0.0000000e+00   0.0000000e+00   1.0000000e+00
   4.8806550e+04   2.6000000e+01  -1.3520000e+01   2.1210000e+02   0.0000000e+00   0.0000000e+00   1.0000000e+00
   4.8925011e+04   2.6000000e+01  -1.2480000e+01   2.1210000e+02   0.0000000e+00   0.0000000e+00   1.0000000e+00
   4.9043472e+04   2.6000000e+01  -1.1440000e+01   2.1210000e+02   0.0000000e+00   0.0000000e+00   1.0000000e+00
   4.9161934e+04   2.6000000e+01  -1.0400000e+01   2.1210000e+02   0.0000000e+00   0.0000000e+00   1.0000000e+00
   4.9280395e+04   2.6000000e+01  -9.3600000e+00   2.1210000e+02   0.0000000e+00   0.0000000e+00   1.0000000e+00
   4.9398856e+04   2.6000000e+01  -8.3200000e+00   2.1210000e+02   0.0000000e+00   0.0000000e+00   1.0000000e+00
   4.9517317e+04   2.6000000e+01  -7.2800000e+00   2.1210000e+02   0.0000000e+00   0.0000000e+00   1.0000000e+00
   4.9635778e+04   2.6000000e+01  -6.2400000e+00   2.1210000e+02   0.0000000e+00   0.0000000e+00   1.0000000e+00
   4.9754239e+04   2.6000000e+01  -5.2000000e+00   2.1210000e+02   0.0000000e+00   0.0000000e+00   1.0000000e+00
   4.9872700e+04   2.6000000e+01  -4.1600000e+00   2.1210000e+02   0.0000000e+00   0.0000000e+00   1.0000000e+00
   4.9991161e+04   2.6000000e+01  -3.1200000e+00   2.1210000e+02   0.0000000e+00   0.0000000e+00   1.0000000e+00
   5.0109622e+04   2.6000000e+01  -2.0800000e+00   2.1210000e+02   0.0000000e+00   0.0000000e+00   1.0000000e+00
   5.0228083e+04   2.6000000e+01  -1.0400000e+00   2.1210000e+02   0.0000000e+00   0.0000000e+00   1.0000000e+00
   5.0346544e+04   2.6000000e+01   0.0000000e+00   2.1210000e+02   0.0000000e+00   0.0000000e+00   1.0000000e+00
   5.0465005e+04   2.6000000e+01   1.0400000e+00   2.1210000e+02   0.0000000e+00   0.0000000e+00   1.0000000e+00
   5.0583466e+04   2.6000000e+01   2.0800000e+00   2.1210000e+02   0.0000000e+00   0.0000000e+00   1.0000000e+00
   5.0701927e+04   2.6000000e+01   3.1200000e+00   2.1210000e+02   0.0000000e+00   0.0000000e+00   1.0000000e+00
   5.0820388e+04   2.6000000e+01   4.1600000e+00   2.1210000e+02   0.0000000e+00   0.0000000e+00   1.0000000e+00
   5.0938850e+04   2.6000000e+01   5.2000000e+00   2.1210000e+02   0.0000000e+00   0.0000000e+00   1.0000000e+00
   5.1057311e+04   2.6000000e+01   6.2400000e+00   2.1210000e+02   0.0000000e+00   0.0000000e+00   1.0000000e+00
   5.1175772e+04   2.6000000e+01   7.2800000e+00   2.1210000e+02   0.0000000e+00   0.0000000e+00   1.0000000e+00
   5.1294233e+04   2.6000000e+01   8.3200000e+00   2.1210000e+02   0.0000000e+00   0.0000000e+00   1.0000000e+00
   5.1412693e+04   2.6000000e+01   9.3600000e+00   2.1210000e+02   0.0000000e+00   0.0000000e+00   1.0000000e+00
   5.1531155e+04   2.6000000e+01   1.0400000e+01   2.1210000e+02   0.0000000e+00   0.0000000e+00   1.0000000e+00
   5.1649616e+04   2.6000000e+01   1.1440000e+01   2.1210000e+02   0.0000000e+00   0.0000000e+00   1.0000000e+00
   5.1768077e+04   2.6000000e+01   1.2480000e+01   2.1210000e+02   0.0000000e+00   0.0000000e+00   1.0000000e+00
   5.1886538e+04   2.6000000e+01   1.3520000e+01   2.1210000e+02   0.0000000e+00   0.0000000e+00   1.0000000e+00
   5.2004999e+04   2.6000000e+01   1.4560000e+01   2.1210000e+02   0.0000000e+00   0.0000000e+00   1.0000000e+00
   5.2123460e+04   2.6000000e+01   1.5600000e+01   2.1210000e+02   0.0000000e+00   0.0000000e+00   1.0000000e+00
   5.2241921e+04   2.6000000e+01   1.6640000e+01   2.1210000e+02   0.0000000e+00   0.0000000e+00   1.0000000e+00
   5.2360382e+04   2.6000000e+01   1.7680000e+01   2.1210000e+02   0.0000000e+00   0.0000000e+00   1.0000000e+00
   5.2478843e+04   2.6000000e+01   1.8720000e+01   2.1210000e+02   0.0000000e+00   0.0000000e+00   1.0000000e+00
   5.2597304e+04   2.6000000e+01   1.9760000e+01   2.1210000e+02   0.0000000e+00   0.0000000e+00   1.0000000e+00
   5.2715766e+04   2.6000000e+01   2.0800000e+01   2.1210000e+02   0.0000000e+00   0.0000000e+00   1.0000000e+00
   5.2834227e+04   2.6000000e+01   2.1840000e+01   2.1210000e+02   0.0000000e+00   0.0000000e+00   1.0000000e+00
   5.2952688e+04   2.6000000e+01   2.2880000e+01   2.1210000e+02   0.0000000e+00   0.0000000e+00   1.0000000e+00
   5.3071149e+04   2.6000000e+01   2.3920000e+01   2.1210000e+02   0.0000000e+00   0.0000000e+00   1.0000000e+00
   5.3189609e+04   2.6000000e+01   2.4960000e+01   2.1210000e+02   0.0000000e+00   0.0000000e+00   1.0000000e+00
   5.3308071e+04   2.6000000e+01   2.6000000e+01   2.1210000e+02   0.0000000e+00   0.0000000e+00   1.0000000e+00
   5.3426532e+04   2.4960000e+01   2.6000000e+01   2.1210000e+02   0.0000000e+00   0.0000000e+00   1.0000000e+00
   5.3544993e+04   2.3920000e+01   2.6000000e+01   2.1210000e+02   0.0000000e+00   0.0000000e+00   1.0000000e+00
   5.3663454e+04   2.2880000e+01   2.6000000e+01   2.1210000e+02   0.0000000e+00   0.0000000e+00   1.0000000e+00
   5.3781915e+04   2.1840000e+01   2.6000000e+01   2.1210000e+02   0.0000000e+00   0.0000000e+00   1.0000000e+00
   5.3900376e+04   2.0800000e+01   2.6000000e+01   2.1210000e+02   0.0000000e+00   0.0000000e+00   1.0000000e+00
   5.4018837e+04   1.9760000e+01   2.6000000e+01   2.1210000e+02   0.0000000e+00   0.0000000e+00   1.0000000e+00
   5.4137298e+04   1.8720000e+01   2.6000000e+01   2.1210000e+02   0.0000000e+00   0.0000000e+00   1.0000000e+00
   5.4255759e+04   1.7680000e+01   2.6000000e+01   2.1210000e+02   0.0000000e+00   0.0000000e+00   1.0000000e+00
   5.4374220e+04   1.6640000e+01   2.6000000e+01   2.1210000e+02   0.0000000e+00   0.0000000e+00   1.0000000e+00
   5.4492682e+04   1.5600000e+01   2.6000000e+01   2.1210000e+02   0.0000000e+00   0.0000000e+00   1.0000000e+00
   5.4611143e+04   1.4560000e+01   2.6000000e+01   2.1210000e+02   0.0000000e+00   0.0000000e+00   1.0000000e+00
   5.4729604e+04   1.3520000e+01   2.6000000e+01   2.1210000e+02   0.0000000e+00   0.0000000e+00   1.0000000e+00
   5.4848064e+04   1.2480000e+01   2.6000000e+01   2.1210000e+02   0.0000000e+00   0.0000000e+00   1.0000000e+00
   5.4966525e+04   1.1440000e+01   2.6000000e+01   2.1210000e+02   0.0000000e+00   0.0000000e+00   1.0000000e+00
   5.5084987e+04   1.0400000e+01   2.6000000e+01   2.1210000e+02   0.0000000e+00   0.0000000e+00   1.0000000e+00
   5.5203448e+04   9.3600000e+00   2.6000000e+01   2.1210000e+02   0.0000000e+00   0.0000000e+00   1.0000000e+00
   5.5321909e+04   8.3200000e+00   2.6000000e+01   2.1210000e+02   0.0000000e+00   0.0000000e+00   1.0000000e+00
   5.5440370e+04   7.2800000e+00   2.6000000e+01   2.1210000e+02   0.0000000e+00   0.0000000e+00   1.0000000e+00
   5.5558831e+04   6.2400000e+00   2.6000000e+01   2.1210000e+02   0.0000000e+00   0.0000000e+00   1.0000000e+00
   5.5677292e+04   5.2000000e+00   2.6000000e+01   2.1210000e+02   0.0000000e+00   0.0000000e+00   1.0000000e+00
   5.5795753e+04   4.1600000e+00   2.6000000e+01   2.1210000e+02   0.0000000e+00   0.0000000e+00   1.0000000e+00
   5.5914214e+04   3.1200000e+00   2.6000000e+01   2.1210000e+02   0.0000000e+00   0.0000000e+00   1.0000000e+00
   5.6032675e+04   2.0800000e+00   2.6000000e+01   2.1210000e+02   0.0000000e+00   0.0000000e+00   1.0000000e+00
   5.6151136e+04   1.0400000e+00   2.6000000e+01   2.1210000e+02   0.0000000e+00   0.0000000e+00   1.0000000e+00
   5.6269598e+04   0.0000000e+00   2.6000000e+01   2.1210000e+02   0.0000000e+00   0.0000000e+00   1.0000000e+00
   5.6388059e+04  -1.0400000e+00   2.6000000e+01   2.1210000e+02   0.0000000e+00   0.0000000e+00   1.0000000e+00
   5.6506520e+04  -2.0800000e+00   2.6000000e+01   2.1210000e+02   0.0000000e+00   0.0000000e+00   1.0000000e+00
   5.6624980e+04  -3.1200000e+00   2.6000000e+01   2.1210000e+02   0.0000000e+00   0.0000000e+00   1.0000000e+00
   5.6743441e+04  -4.1600000e+00   2.6000000e+01   2.1210000e+02   0.0000000e+00   0.0000000e+00   1.0000000e+00
   5.6861903e+04  -5.2000000e+00   2.6000000e+01   2.1210000e+02   0.0000000e+00   0.0000000e+00   1.0000000e+00
   5.6980364e+04  -6.2400000e+00   2.6000000e+01   2.1210000e+02   0.0000000e+00   0.0000000e+00   1.0000000e+00
   5.7098825e+04  -7.2800000e+00   2.6000000e+01   2.1210000e+02   0.0000000e+00   0.0000000e+00   1.0000000e+00
   5.7217286e+04  -8.3200000e+00   2.6000000e+01   2.1210000e+02   0.0000000e+00   0.0000000e+00   1.0000000e+00
   5.7335747e+04  -9.3600000e+00   2.6000000e+01   2.1210000e+02   0.0000000e+00   0.0000000e+00   1.0000000e+00
   5.7454208e+04  -1.0400000e+01   2.6000000e+01   2.1210000e+02   0.0000000e+00   0.0000000e+00   1.0000000e+00
   5.7572669e+04  -1.1440000e+01   2.6000000e+01   2.1210000e+02   0.0000000e+00   0.0000000e+00   1.0000000e+00
   5.7691130e+04  -1.2480000e+01   2.6000000e+01   2.1210000e+02   0.0000000e+00   0.0000000e+00   1.0000000e+00
   5.7809591e+04  -1.3520000e+01   2.6000000e+01   2.1210000e+02   0.0000000e+00   0.0000000e+00   1.0000000e+00
   5.7928052e+04  -1.4560000e+01   2.6000000e+01   2.1210000e+02   0.0000000e+00   0.0000000e+00   1.0000000e+00
   5.8046514e+04  -1.5600000e+01   2.6000000e+01   2.1210000e+02   0.0000000e+00   0.0000000e+00   1.0000000e+00
   5.8164975e+04  -1.6640000e+01   2.6000000e+01   2.1210000e+02   0.0000000e+00   0.0000000e+00   1.0000000e+00
   5.8283436e+04  -1.7680000e+01   2.6000000e+01   2.1210000e+02   0.0000000e+00   0.0000000e+00   1.0000000e+00
   5.8401896e+04  -1.8720000e+01   2.6000000e+01   2.1210000e+02   0.0000000e+00   0.0000000e+00   1.0000000e+00
   5.8520357e+04  -1.9760000e+01   2.6000000e+01   2.1210000e+02   0.0000000e+00   0.0000000e+00   1.0000000e+00
   5.8638819e+04  -2.0800000e+01   2.6000000e+01   2.1210000e+02   0.0000000e+00   0.0000000e+00   1.0000000e+00
   5.8757280e+04  -2.1840000e+01   2.6000000e+01   2.1210000e+02   0.0000000e+00   0.0000000e+00   1.0000000e+00
   5.8875741e+04  -2.2880000e+01   2.6000000e+01   2.1210000e+02   0.0000000e+00   0.0000000e+00   1.0000000e+00
   5.8994202e+04  -2.3920000e+01   2.6000000e+01   2.1210000e+02   0.0000000e+00   0.0000000e+00   1.0000000e+00
   5.9112663e+04  -2.4960000e+01   2.6000000e+01   2.1210000e+02   0.0000000e+00   0.0000000e+00   1.0000000e+00
   5.9231124e+04  -2.6000000e+01   2.6000000e+01   2.1210000e+02   0.0000000e+00   0.0000000e+00   1.0000000e+00
   5.9349586e+04  -2.6000000e+01   2.4960000e+01   2.1210000e+02   0.0000000e+00   0.0000000e+00   1.0000000e+00
   5.9468047e+04  -2.6000000e+01   2.3920000e+01   2.1210000e+02   0.0000000e+00   0.0000000e+00   1.0000000e+00
   5.9586509e+04  -2.6000000e+01   2.2880000e+01   2.1210000e+02   0.0000000e+00   0.0000000e+00   1.0000000e+00
   5.9704970e+04  -2.6000000e+01   2.1840000e+01   2.1210000e+02   0.0000000e+00   0.0000000e+00   1.0000000e+00
   5.9823432e+04  -2.6000000e+01   2.0800000e+01   2.1210000e+02   0.0000000e+00   0.0000000e+00   1.0000000e+00
   5.9941888e+04  -2.6000000e+01   1.9760000e+01   2.1210000e+02   0.0000000e+00   0.0000000e+00   1.0000000e+00
   6.0060349e+04  -2.6000000e+01   1.8720000e+01   2.1210000e+02   0.0000000e+00   0.0000000e+00   1.0000000e+00
   6.0178811e+04  -2.6000000e+01   1.7680000e+01   2.1210000e+02   0.0000000e+00   0.0000000e+00   1.0000000e+00
   6.0297272e+04  -2.6000000e+01   1.6640000e+01   2.1210000e+02   0.0000000e+00   0.0000000e+00   1.0000000e+00
   6.0415734e+04  -2.6000000e+01   1.5600000e+01   2.1210000e+02   0.0000000e+00   0.0000000e+00   1.0000000e+00
   6.0534195e+04  -2.6000000e+01   1.4560000e+01   2.1210000e+02   0.0000000e+00   0.0000000e+00   1.0000000e+00
   6.0652657e+04  -2.6000000e+01   1.3520000e+01   2.1210000e+02   0.0000000e+00   0.0000000e+00   1.0000000e+00
   6.0771118e+04  -2.6000000e+01   1.2480000e+01   2.1210000e+02   0.0000000e+00   0.0000000e+00   1.0000000e+00
   6.0889580e+04  -2.6000000e+01   1.1440000e+01   2.1210000e+02   0.0000000e+00   0.0000000e+00   1.0000000e+00
   6.1008041e+04  -2.6000000e+01   1.0400000e+01   2.1210000e+02   0.0000000e+00   0.0000000e+00   1.0000000e+00
   6.1126503e+04  -2.6000000e+01   9.3600000e+00   2.1210000e+02   0.0000000e+00   0.0000000e+00   1.0000000e+00
   6.1244964e+04  -2.6000000e+01   8.3200000e+00   2.1210000e+02   0.0000000e+00   0.0000000e+00   1.0000000e+00
   6.1363426e+04  -2.6000000e+01   7.2800000e+00   2.1210000e+02   0.0000000e+00   0.0000000e+00   1.0000000e+00
   6.1481882e+04  -2.6000000e+01   6.2400000e+00   2.1210000e+02   0.0000000e+00   0.0000000e+00   1.0000000e+00
   6.1600343e+04  -2.6000000e+01   5.2000000e+00   2.1210000e+02   0.0000000e+00   0.0000000e+00   1.0000000e+00
   6.1718805e+04  -2.6000000e+01   4.1600000e+00   2.1210000e+02   0.0000000e+00   0.0000000e+00   1.0000000e+00
   6.1837266e+04  -2.6000000e+01   3.1200000e+00   2.1210000e+02   0.0000000e+00   0.0000000e+00   1.0000000e+00
   6.1955728e+04  -2.6000000e+01   2.0800000e+00   2.1210000e+02   0.0000000e+00   0.0000000e+00   1.0000000e+00
   6.2074189e+04  -2.6000000e+01   1.0400000e+00   2.1210000e+02   0.0000000e+00   0.0000000e+00   1.0000000e+00
   6.2192651e+04  -2.6000000e+01   0.0000000e+00   2.1210000e+02   0.0000000e+00   0.0000000e+00   1.0000000e+00
   6.2311112e+04  -2.6000000e+01  -1.0400000e+00   2.1210000e+02   0.0000000e+00   0.0000000e+00   1.0000000e+00
   6.2429574e+04  -2.6000000e+01  -2.0800000e+00   2.1210000e+02   0.0000000e+00   0.0000000e+00   1.0000000e+00
   6.2548036e+04  -2.6000000e+01  -3.1200000e+00   2.1210000e+02   0.0000000e+00   0.0000000e+00   1.0000000e+00
   6.2666497e+04  -2.6000000e+01  -4.1600000e+00   2.1210000e+02   0.0000000e+00   0.0000000e+00   1.0000000e+00
   6.2784959e+04  -2.6000000e+01  -5.2000000e+00   2.1210000e+02   0.0000000e+00   0.0000000e+00   1.0000000e+00
   6.2903414e+04  -2.6000000e+01  -6.2400000e+00   2.1210000e+02   0.0000000e+00   0.0000000e+00   1.0000000e+00
   6.3021876e+04  -2.6000000e+01  -7.2800000e+00   2.1210000e+02   0.0000000e+00   0.0000000e+00   1.0000000e+00
   6.3140337e+04  -2.6000000e+01  -8.3200000e+00   2.1210000e+02   0.0000000e+00   0.0000000e+00   1.0000000e+00
   6.3258799e+04  -2.6000000e+01  -9.3600000e+00   2.1210000e+02   0.0000000e+00   0.0000000e+00   1.0000000e+00
   6.3377260e+04  -2.6000000e+01  -1.0400000e+01   2.1210000e+02   0.0000000e+00   0.0000000e+00   1.0000000e+00
   6.3495722e+04  -2.6000000e+01  -1.1440000e+01   2.1210000e+02   0.0000000e+00   0.0000000e+00   1.0000000e+00
   6.3614183e+04  -2.6000000e+01  -1.2480000e+01   2.1210000e+02   0.0000000e+00   0.0000000e+00   1.0000000e+00
   6.3732645e+04  -2.6000000e+01  -1.3520000e+01   2.1210000e+02   0.0000000e+00   0.0000000e+00   1.0000000e+00
   6.3851107e+04  -2.6000000e+01  -1.4560000e+01   2.1210000e+02   0.0000000e+00   0.0000000e+00   1.0000000e+00
   6.3969568e+04  -2.6000000e+01  -1.5600000e+01   2.1210000e+02   0.0000000e+00   0.0000000e+00   1.0000000e+00
   6.4088030e+04  -2.6000000e+01  -1.6640000e+01   2.1210000e+02   0.0000000e+00   0.0000000e+00   1.0000000e+00
   6.4206491e+04  -2.6000000e+01  -1.7680000e+01   2.1210000e+02   0.0000000e+00   0.0000000e+00   1.0000000e+00
   6.4324953e+04  -2.6000000e+01  -1.8720000e+01   2.1210000e+02   0.0000000e+00   0.0000000e+00   1.0000000e+00
   6.4443408e+04  -2.6000000e+01  -1.9760000e+01   2.1210000e+02   0.0000000e+00   0.0000000e+00   1.0000000e+00
   6.4561870e+04  -2.6000000e+01  -2.0800000e+01   2.1210000e+02   0.0000000e+00   0.0000000e+00   1.0000000e+00
   6.4680331e+04  -2.6000000e+01  -2.1840000e+01   2.1210000e+02   0.0000000e+00   0.0000000e+00   1.0000000e+00
   6.4798793e+04  -2.6000000e+01  -2.2880000e+01   2.1210000e+02   0.0000000e+00   0.0000000e+00   1.0000000e+00
   6.4917254e+04  -2.6000000e+01  -2.3920000e+01   2.1210000e+02   0.0000000e+00   0.0000000e+00   1.0000000e+00
   6.5035716e+04  -2.6000000e+01  -2.4960000e+01   2.1210000e+02   0.0000000e+00   0.0000000e+00   1.0000000e+00
   6.5154178e+04  -2.6000000e+01  -2.6000000e+01   2.1210000e+02   0.0000000e+00   0.0000000e+00   1.0000000e+00
   6.5272639e+04  -2.4960000e+01  -2.6000000e+01   2.1210000e+02   0.0000000e+00   0.0000000e+00   1.0000000e+00
   6.5391101e+04  -2.3920000e+01  -2.6000000e+01   2.1210000e+02   0.0000000e+00   0.0000000e+00   1.0000000e+00
   6.5509562e+04  -2.2880000e+01  -2.6000000e+01   2.1210000e+02   0.0000000e+00   0.0000000e+00   1.0000000e+00
   6.5628024e+04  -2.1840000e+01  -2.6000000e+01   2.1210000e+02   0.0000000e+00   0.0000000e+00   1.0000000e+00
   6.5746485e+04  -2.0800000e+01  -2.6000000e+01   2.1210000e+02   0.0000000e+00   0.0000000e+00   1.0000000e+00
   6.5864941e+04  -1.9760000e+01  -2.6000000e+01   2.1210000e+02   0.0000000e+00   0.0000000e+00   1.0000000e+00
   6.5983402e+04  -1.8720000e+01  -2.6000000e+01   2.1210000e+02   0.0000000e+00   0.0000000e+00   1.0000000e+00
   6.6101864e+04  -1.7680000e+01  -2.6000000e+01   2.1210000e+02   0.0000000e+00   0.0000000e+00   1.0000000e+00
   6.6220325e+04  -1.6640000e+01  -2.6000000e+01   2.1210000e+02   0.0000000e+00   0.0000000e+00   1.0000000e+00
   6.6338787e+04  -1.5600000e+01  -2.6000000e+01   2.1210000e+02   0.0000000e+00   0.0000000e+00   1.0000000e+00
   6.6457249e+04  -1.4560000e+01  -2.6000000e+01   2.1210000e+02   0.0000000e+00   0.0000000e+00   1.0000000e+00
   6.6575710e+04  -1.3520000e+01  -2.6000000e+01   2.1210000e+02   0.0000000e+00   0.0000000e+00   1.0000000e+00
   6.6694172e+04  -1.2480000e+01  -2.6000000e+01   2.1210000e+02   0.0000000e+00   0.0000000e+00   1.0000000e+00
   6.6812633e+04  -1.1440000e+01  -2.6000000e+01   2.1210000e+02   0.0000000e+00   0.0000000e+00   1.0000000e+00
   6.6931095e+04  -1.0400000e+01  -2.6000000e+01   2.1210000e+02   0.0000000e+00   0.0000000e+00   1.0000000e+00
   6.7049556e+04  -9.3600000e+00  -2.6000000e+01   2.1210000e+02   0.0000000e+00   0.0000000e+00   1.0000000e+00
   6.7168018e+04  -8.3200000e+00  -2.6000000e+01   2.1210000e+02   0.0000000e+00   0.0000000e+00   1.0000000e+00
   6.7286479e+04  -7.2800000e+00  -2.6000000e+01   2.1210000e+02   0.0000000e+00   0.0000000e+00   1.0000000e+00
   6.7404935e+04  -6.2400000e+00  -2.6000000e+01   2.1210000e+02   0.0000000e+00   0.0000000e+00   1.0000000e+00
   6.7523396e+04  -5.2000000e+00  -2.6000000e+01   2.1210000e+02   0.0000000e+00   0.0000000e+00   1.0000000e+00
   6.7641858e+04  -4.1600000e+00  -2.6000000e+01   2.1210000e+02   0.0000000e+00   0.0000000e+00   1.0000000e+00
   6.7760320e+04  -3.1200000e+00  -2.6000000e+01   2.1210000e+02   0.0000000e+00   0.0000000e+00   1.0000000e+00
   6.7878781e+04  -2.0800000e+00  -2.6000000e+01   2.1210000e+02   0.0000000e+00   0.0000000e+00   1.0000000e+00
   6.7997243e+04  -1.0400000e+00  -2.6000000e+01   2.1210000e+02   0.0000000e+00   0.0000000e+00   1.0000000e+00
   6.8115704e+04   0.0000000e+00  -2.6000000e+01   2.1210000e+02   0.0000000e+00   0.0000000e+00   1.0000000e+00
   6.8234166e+04   1.0400000e+00  -2.6000000e+01   2.1210000e+02   0.0000000e+00   0.0000000e+00   1.0000000e+00
   6.8352627e+04   2.0800000e+00  -2.6000000e+01   2.1210000e+02   0.0000000e+00   0.0000000e+00   1.0000000e+00
   6.8471089e+04   3.1200000e+00  -2.6000000e+01   2.1210000e+02   0.0000000e+00   0.0000000e+00   1.0000000e+00
   6.8589550e+04   4.1600000e+00  -2.6000000e+01   2.1210000e+02   0.0000000e+00   0.0000000e+00   1.0000000e+00
   6.8708012e+04   5.2000000e+00  -2.6000000e+01   2.1210000e+02   0.0000000e+00   0.0000000e+00   1.0000000e+00
   6.8826467e+04   6.2400000e+00  -2.6000000e+01   2.1210000e+02   0.0000000e+00   0.0000000e+00   1.0000000e+00
   6.8944929e+04   7.2800000e+00  -2.6000000e+01   2.1210000e+02   0.0000000e+00   0.0000000e+00   1.0000000e+00
   6.9063391e+04   8.3200000e+00  -2.6000000e+01   2.1210000e+02   0.0000000e+00   0.0000000e+00   1.0000000e+00
   6.9181852e+04   9.3600000e+00  -2.6000000e+01   2.1210000e+02   0.0000000e+00   0.0000000e+00   1.0000000e+00
   6.9300314e+04   1.0400000e+01  -2.6000000e+01   2.1210000e+02   0.0000000e+00   0.0000000e+00   1.0000000e+00
   6.9418775e+04   1.1440000e+01  -2.6000000e+01   2.1210000e+02   0.0000000e+00   0.0000000e+00   1.0000000e+00
   6.9537237e+04   1.2480000e+01  -2.6000000e+01   2.1210000e+02   0.0000000e+00   0.0000000e+00   1.0000000e+00
   6.9655698e+04   1.3520000e+01  -2.6000000e+01   2.1210000e+02   0.0000000e+00   0.0000000e+00   1.0000000e+00
   6.9774160e+04   1.4560000e+01  -2.6000000e+01   2.1210000e+02   0.0000000e+00   0.0000000e+00   1.0000000e+00
   6.9892621e+04   1.5600000e+01  -2.6000000e+01   2.1210000e+02   0.0000000e+00   0.0000000e+00   1.0000000e+00
   7.0011083e+04   1.6640000e+01  -2.6000000e+01   2.1210000e+02   0.0000000e+00   0.0000000e+00   1.0000000e+00
   7.0129544e+04   1.7680000e+01  -2.6000000e+01   2.1210000e+02   0.0000000e+00   0.0000000e+00   1.0000000e+00
   7.0248006e+04   1.8720000e+01  -2.6000000e+01   2.1210000e+02   0.0000000e+00   0.0000000e+00   1.0000000e+00
   7.0366462e+04   1.9760000e+01  -2.6000000e+01   2.1210000e+02   0.0000000e+00   0.0000000e+00   1.0000000e+00
   7.0484923e+04   2.0800000e+01  -2.6000000e+01   2.1210000e+02   0.0000000e+00   0.0000000e+00   1.0000000e+00
   7.0603385e+04   2.1840000e+01  -2.6000000e+01   2.1210000e+02   0.0000000e+00   0.0000000e+00   1.0000000e+00
   7.0721846e+04   2.2880000e+01  -2.6000000e+01   2.1210000e+02   0.0000000e+00   0.0000000e+00   1.0000000e+00
   7.0840308e+04   2.3920000e+01  -2.6000000e+01   2.1210000e+02   0.0000000e+00   0.0000000e+00   1.0000000e+00
   7.0958769e+04   2.4960000e+01  -2.6000000e+01   2.1210000e+02   0.0000000e+00   0.0000000e+00   1.0000000e+00
