   1.0000000e+00   2.6000000e+01  -2.6000000e+01   2.1210000e+02   0.0000000e+00   0.0000000e+00   1.0000000e+00
   2.0119920e+02   2.6000000e+01  -2.4960000e+01   2.1210000e+02   0.0000000e+00   0.0000000e+00   1.0000000e+00
   4.0139840e+02   2.6000000e+01  -2.3920000e+01   2.1210000e+02   0.0000000e+00   0.0000000e+00   1.0000000e+00
   6.0159760e+02   2.6000000e+01  -2.2880000e+01   2.1210000e+02   0.0000000e+00   0.0000000e+00   1.0000000e+00
   8.0179680e+02   2.6000000e+01  -2.1840000e+01   2.1210000e+02   0.0000000e+00   0.0000000e+00   1.0000000e+00
   1.0019960e+03   2.6000000e+01  -2.0800000e+01   2.1210000e+02   0.0000000e+00   0.0000000e+00   1.0000000e+00
   1.2021952e+03   2.6000000e+01  -1.9760000e+01   2.1210000e+02   0.0000000e+00   0.0000000e+00   1.0000000e+00
   1.4023944e+03   2.6000000e+01  -1.8720000e+01   2.1210000e+02   0.0000000e+00   0.0000000e+00   1.0000000e+00
   1.6025936e+03   2.6000000e+01  -1.7680000e+01   2.1210000e+02   0.0000000e+00   0.0000000e+00   1.0000000e+00
   1.8027928e+03   2.6000000e+01  -1.6640000e+01   2.1210000e+02   0.0000000e+00   0.0000000e+00   1.0000000e+00
   2.0029920e+03   2.6000000e+01  -1.5600000e+01   2.1210000e+02   0.0000000e+00   0.0000000e+00   1.0000000e+00
   2.2031912e+03   2.6000000e+01  -1.4560000e+01   2.1210000e+02   0.0000000e+00   0.0000000e+00   1.0000000e+00
   2.4033904e+03   2.6000000e+01  -1.3520000e+01   2.1210000e+02   0.0000000e+00   0.0000000e+00   1.0000000e+00
   2.6035896e+03   2.6000000e+01  -1.2480000e+01   2.1210000e+02   0.0000000e+00   0.0000000e+00   1.0000000e+00
   2.8037888e+03   2.6000000e+01  -1.1440000e+01   2.1210000e+02   0.0000000e+00   0.0000000e+00   1.0000000e+00
   3.0039880e+03   2.6000000e+01  -1.0400000e+01   2.1210000e+02   0.0000000e+00   0.0000000e+00   1.0000000e+00
   3.2041872e+03   2.6000000e+01  -9.3600000e+00   2.1210000e+02   0.0000000e+00   0.0000000e+00   1.0000000e+00
   3.4043864e+03   2.6000000e+01  -8.3200000e+00   2.1210000e+02   0.0000000e+00   0.0000000e+00   1.0000000e+00
   3.6045856e+03   2.6000000e+01  -7.2800000e+00   2.1210000e+02   0.0000000e+00   0.0000000e+00   1.0000000e+00
   3.8047848e+03   2.6000000e+01  -6.2400000e+00   2.1210000e+02   0.0000000e+00   0.0000000e+00   1.0000000e+00
   4.0049840e+03   2.6000000e+01  -5.2000000e+00   2.1210000e+02   0.0000000e+00   0.0000000e+00   1.0000000e+00
   4.2051832e+03   2.6000000e+01  -4.1600000e+00   2.1210000e+02   0.0000000e+00   0.0000000e+00   1.0000000e+00
   4.4053824e+03   2.6000000e+01  -3.1200000e+00   2.1210000e+02   0.0000000e+00   0.0000000e+00   1.0000000e+00
   4.6055816e+03   2.6000000e+01  -2.0800000e+00   2.1210000e+02   0.0000000e+00   0.0000000e+00   1.0000000e+00
   4.8057808e+03   2.6000000e+01  -1.0400000e+00   2.1210000e+02   0.0000000e+00   0.0000000e+00   1.0000000e+00
   5.0059800e+03   2.6000000e+01   0.0000000e+00   2.1210000e+02   0.0000000e+00   0.0000000e+00   1.0000000e+00
   5.2061792e+03   2.6000000e+01   1.0400000e+00   2.1210000e+02   0.0000000e+00   0.0000000e+00   1.0000000e+00
   5.4063784e+03   2.6000000e+01   2.0800000e+00   2.1210000e+02   0.0000000e+00   0.0000000e+00   1.0000000e+00
   5.6065776e+03   2.6000000e+01   3.1200000e+00   2.1210000e+02   0.0000000e+00   0.0000000e+00   1.0000000e+00
   5.8067768e+03   2.6000000e+01   4.1600000e+00   2.1210000e+02   0.0000000e+00   0.0000000e+00   1.0000000e+00
   6.0069760e+03   2.6000000e+01   5.2000000e+00   2.1210000e+02   0.0000000e+00   0.0000000e+00   1.0000000e+00
   6.2071752e+03   2.6000000e+01   6.2400000e+00   2.1210000e+02   0.0000000e+00   0.0000000e+00   1.0000000e+00
   6.4073744e+03   2.6000000e+01   7.2800000e+00   2.1210000e+02   0.0000000e+00   0.0000000e+00   1.0000000e+00
   6.6075736e+03   2.6000000e+01   8.3200000e+00   2.1210000e+02   0.0000000e+00   0.0000000e+00   1.0000000e+00
   6.8077728e+03   2.6000000e+01   9.3600000e+00   2.1210000e+02   0.0000000e+00   0.0000000e+00   1.0000000e+00
   7.0079720e+03   2.6000000e+01   1.0400000e+01   2.1210000e+02   0.0000000e+00   0.0000000e+00   1.0000000e+00
   7.2081712e+03   2.6000000e+01   1.1440000e+01   2.1210000e+02   0.0000000e+00   0.0000000e+00   1.0000000e+00
   7.4083704e+03   2.6000000e+01   1.2480000e+01   2.1210000e+02   0.0000000e+00   0.0000000e+00   1.0000000e+00
   7.6085696e+03   2.6000000e+01   1.3520000e+01   2.1210000e+02   0.0000000e+00   0.0000000e+00   1.0000000e+00
   7.8087688e+03   2.6000000e+01   1.4560000e+01   2.1210000e+02   0.0000000e+00   0.0000000e+00   1.0000000e+00
   8.0089680e+03   2.6000000e+01   1.5600000e+01   2.1210000e+02   0.0000000e+00   0.0000000e+00   1.0000000e+00
   8.2091672e+03   2.6000000e+01   1.6640000e+01   2.1210000e+02   0.0000000e+00   0.0000000e+00   1.0000000e+00
   8.4093664e+03   2.6000000e+01   1.7680000e+01   2.1210000e+02   0.0000000e+00   0.0000000e+00   1.0000000e+00
   8.6095656e+03   2.6000000e+01   1.8720000e+01   2.1210000e+02   0.0000000e+00   0.0000000e+00   1.0000000e+00
   8.8097648e+03   2.6000000e+01   1.9760000e+01   2.1210000e+02   0.0000000e+00   0.0000000e+00   1.0000000e+00
   9.0099640e+03   2.6000000e+01   2.0800000e+01   2.1210000e+02   0.0000000e+00   0.0000000e+00   1.0000000e+00
   9.2101632e+03   2.6000000e+01   2.1840000e+01   2.1210000e+02   0.0000000e+00   0.0000000e+00   1.0000000e+00
   9.4103624e+03   2.6000000e+01   2.2880000e+01   2.1210000e+02   0.0000000e+00   0.0000000e+00   1.0000000e+00
   9.6105616e+03   2.6000000e+01   2.3920000e+01   2.1210000e+02   0.0000000e+00   0.0000000e+00   1.0000000e+00
   9.8107608e+03   2.6000000e+01   2.4960000e+01   2.1210000e+02   0.0000000e+00   0.0000000e+00   1.0000000e+00
   1.0010960e+04   2.6000000e+01   2.6000000e+01   2.1210000e+02   0.0000000e+00   0.0000000e+00   1.0000000e+00
   1.0211159e+04   2.4960000e+01   2.6000000e+01   2.1210000e+02   0.0000000e+00   0.0000000e+00   1.0000000e+00
   1.0411358e+04   2.3920000e+01   2.6000000e+01   2.1210000e+02   0.0000000e+00   0.0000000e+00   1.0000000e+00
   1.0611558e+04   2.2880000e+01   2.6000000e+01   2.1210000e+02   0.0000000e+00   0.0000000e+00   1.0000000e+00
   1.0811757e+04   2.1840000e+01   2.6000000e+01   2.1210000e+02   0.0000000e+00   0.0000000e+00   1.0000000e+00
   1.1011956e+04   2.0800000e+01   2.6000000e+01   2.1210000e+02   0.0000000e+00   0.0000000e+00   1.0000000e+00
   1.1212155e+04   1.9760000e+01   2.6000000e+01   2.1210000e+02   0.0000000e+00   0.0000000e+00   1.0000000e+00
   1.1412354e+04   1.8720000e+01   2.6000000e+01   2.1210000e+02   0.0000000e+00   0.0000000e+00   1.0000000e+00
   1.1612554e+04   1.7680000e+01   2.6000000e+01   2.1210000e+02   0.0000000e+00   0.0000000e+00   1.0000000e+00
   1.1812753e+04   1.6640000e+01   2.6000000e+01   2.1210000e+02   0.0000000e+00   0.0000000e+00   1.0000000e+00
   1.2012952e+04   1.5600000e+01   2.6000000e+01   2.1210000e+02   0.0000000e+00   0.0000000e+00   1.0000000e+00
   1.2213151e+04   1.4560000e+01   2.6000000e+01   2.1210000e+02   0.0000000e+00   0.0000000e+00   1.0000000e+00
   1.2413350e+04   1.3520000e+01   2.6000000e+01   2.1210000e+02   0.0000000e+00   0.0000000e+00   1.0000000e+00
   1.2613550e+04   1.2480000e+01   2.6000000e+01   2.1210000e+02   0.0000000e+00   0.0000000e+00   1.0000000e+00
   1.2813749e+04   1.1440000e+01   2.6000000e+01   2.1210000e+02   0.0000000e+00   0.0000000e+00   1.0000000e+00
   1.3013948e+04   1.0400000e+01   2.6000000e+01   2.1210000e+02   0.0000000e+00   0.0000000e+00   1.0000000e+00
   1.3214147e+04   9.3600000e+00   2.6000000e+01   2.1210000e+02   0.0000000e+00   0.0000000e+00   1.0000000e+00
   1.3414346e+04   8.3200000e+00   2.6000000e+01   2.1210000e+02   0.0000000e+00   0.0000000e+00   1.0000000e+00
   1.3614546e+04   7.2800000e+00   2.6000000e+01   2.1210000e+02   0.0000000e+00   0.0000000e+00   1.0000000e+00
   1.3814745e+04   6.2400000e+00   2.6000000e+01   2.1210000e+02   0.0000000e+00   0.0000000e+00   1.0000000e+00
   1.4014944e+04   5.2000000e+00   2.6000000e+01   2.1210000e+02   0.0000000e+00   0.0000000e+00   1.0000000e+00
   1.4215143e+04   4.1600000e+00   2.6000000e+01   2.1210000e+02   0.0000000e+00   0.0000000e+00   1.0000000e+00
   1.4415342e+04   3.1200000e+00   2.6000000e+01   2.1210000e+02   0.0000000e+00   0.0000000e+00   1.0000000e+00
   1.4615542e+04   2.0800000e+00   2.6000000e+01   2.1210000e+02   0.0000000e+00   0.0000000e+00   1.0000000e+00
   1.4815741e+04   1.0400000e+00   2.6000000e+01   2.1210000e+02   0.0000000e+00   0.0000000e+00   1.0000000e+00
   1.5015940e+04   0.0000000e+00   2.6000000e+01   2.1210000e+02   0.0000000e+00   0.0000000e+00   1.0000000e+00
   1.5216139e+04  -1.0400000e+00   2.6000000e+01   2.1210000e+02   0.0000000e+00   0.0000000e+00   1.0000000e+00
   1.5416338e+04  -2.0800000e+00   2.6000000e+01   2.1210000e+02   0.0000000e+00   0.0000000e+00   1.0000000e+00
   1.5616538e+04  -3.1200000e+00   2.6000000e+01   2.1210000e+02   0.0000000e+00   0.0000000e+00   1.0000000e+00
   1.5816737e+04  -4.1600000e+00   2.6000000e+01   2.1210000e+02   0.0000000e+00   0.0000000e+00   1.0000000e+00
   1.6016936e+04  -5.2000000e+00   2.6000000e+01   2.1210000e+02   0.0000000e+00   0.0000000e+00   1.0000000e+00
   1.6217135e+04  -6.2400000e+00   2.6000000e+01   2.1210000e+02   0.0000000e+00   0.0000000e+00   1.0000000e+00
   1.6417334e+04  -7.2800000e+00   2.6000000e+01   2.1210000e+02   0.0000000e+00   0.0000000e+00   1.0000000e+00
   1.6617534e+04  -8.3200000e+00   2.6000000e+01   2.1210000e+02   0.0000000e+00   0.0000000e+00   1.0000000e+00
   1.6817733e+04  -9.3600000e+00   2.6000000e+01   2.1210000e+02   0.0000000e+00   0.0000000e+00   1.0000000e+00
   1.7017932e+04  -1.0400000e+01   2.6000000e+01   2.1210000e+02   0.0000000e+00   0.0000000e+00   1.0000000e+00
   1.7218131e+04  -1.1440000e+01   2.6000000e+01   2.1210000e+02   0.0000000e+00   0.0000000e+00   1.0000000e+00
   1.7418330e+04  -1.2480000e+01   2.6000000e+01   2.1210000e+02   0.0000000e+00   0.0000000e+00   1.0000000e+00
   1.7618530e+04  -1.3520000e+01   2.6000000e+01   2.1210000e+02   0.0000000e+00   0.0000000e+00   1.0000000e+00
   1.7818729e+04  -1.4560000e+01   2.6000000e+01   2.1210000e+02   0.0000000e+00   0.0000000e+00   1.0000000e+00
   1.8018928e+04  -1.5600000e+01   2.6000000e+01   2.1210000e+02   0.0000000e+00   0.0000000e+00   1.0000000e+00
   1.8219127e+04  -1.6640000e+01   2.6000000e+01   2.1210000e+02   0.0000000e+00   0.0000000e+00   1.0000000e+00
   1.8419326e+04  -1.7680000e+01   2.6000000e+01   2.1210000e+02   0.0000000e+00   0.0000000e+00   1.0000000e+00
   1.8619526e+04  -1.8720000e+01   2.6000000e+01   2.1210000e+02   0.0000000e+00   0.0000000e+00   1.0000000e+00
   1.8819725e+04  -1.9760000e+01   2.6000000e+01   2.1210000e+02   0.0000000e+00   0.0000000e+00   1.0000000e+00
   1.9019924e+04  -2.0800000e+01   2.6000000e+01   2.1210000e+02   0.0000000e+00   0.0000000e+00   1.0000000e+00
   1.9220123e+04  -2.1840000e+01   2.6000000e+01   2.1210000e+02   0.0000000e+00   0.0000000e+00   1.0000000e+00
   1.9420322e+04  -2.2880000e+01   2.6000000e+01   2.1210000e+02   0.0000000e+00   0.0000000e+00   1.0000000e+00
   1.9620522e+04  -2.3920000e+01   2.6000000e+01   2.1210000e+02   0.0000000e+00   0.0000000e+00   1.0000000e+00
   1.9820721e+04  -2.4960000e+01   2.6000000e+01   2.1210000e+02   0.0000000e+00   0.0000000e+00   1.0000000e+00
   2.0020920e+04  -2.6000000e+01   2.6000000e+01   2.1210000e+02   0.0000000e+00   0.0000000e+00   1.0000000e+00
   2.0221119e+04  -2.6000000e+01   2.4960000e+01   2.1210000e+02   0.0000000e+00   0.0000000e+00   1.0000000e+00
   2.0421318e+04  -2.6000000e+01   2.3920000e+01   2.1210000e+02   0.0000000e+00   0.0000000e+00   1.0000000e+00
   2.0621518e+04  -2.6000000e+01   2.2880000e+01   2.1210000e+02   0.0000000e+00   0.0000000e+00   1.0000000e+00
   2.0821717e+04  -2.6000000e+01   2.1840000e+01   2.1210000e+02   0.0000000e+00   0.0000000e+00   1.0000000e+00
   2.1021916e+04  -2.6000000e+01   2.0800000e+01   2.1210000e+02   0.0000000e+00   0.0000000e+00   1.0000000e+00
   2.1222115e+04  -2.6000000e+01   1.9760000e+01   2.1210000e+02   0.0000000e+00   0.0000000e+00   1.0000000e+00
   2.1422314e+04  -2.6000000e+01   1.8720000e+01   2.1210000e+02   0.0000000e+00   0.0000000e+00   1.0000000e+00
   2.1622514e+04  -2.6000000e+01   1.7680000e+01   2.1210000e+02   0.0000000e+00   0.0000000e+00   1.0000000e+00
   2.1822713e+04  -2.6000000e+01   1.6640000e+01   2.1210000e+02   0.0000000e+00   0.0000000e+00   1.0000000e+00
   2.2022912e+04  -2.6000000e+01   1.5600000e+01   2.1210000e+02   0.0000000e+00   0.0000000e+00   1.0000000e+00
   2.2223111e+04  -2.6000000e+01   1.4560000e+01   2.1210000e+02   0.0000000e+00   0.0000000e+00   1.0000000e+00
   2.2423310e+04  -2.6000000e+01   1.3520000e+01   2.1210000e+02   0.0000000e+00   0.0000000e+00   1.0000000e+00
   2.2623510e+04  -2.6000000e+01   1.2480000e+01   2.1210000e+02   0.0000000e+00   0.0000000e+00   1.0000000e+00
   2.2823709e+04  -2.6000000e+01   1.1440000e+01   2.1210000e+02   0.0000000e+00   0.0000000e+00   1.0000000e+00
   2.3023908e+04  -2.6000000e+01   1.0400000e+01   2.1210000e+02   0.0000000e+00   0.0000000e+00   1.0000000e+00
   2.3224107e+04  -2.6000000e+01   9.3600000e+00   2.1210000e+02   0.0000000e+00   0.0000000e+00   1.0000000e+00
   2.3424306e+04  -2.6000000e+01   8.3200000e+00   2.1210000e+02   0.0000000e+00   0.0000000e+00   1.0000000e+00
   2.3624506e+04  -2.6000000e+01   7.2800000e+00   2.1210000e+02   0.0000000e+00   0.0000000e+00   1.0000000e+00
   2.3824705e+04  -2.6000000e+01   6.2400000e+00   2.1210000e+02   0.0000000e+00   0.0000000e+00   1.0000000e+00
   2.4024904e+04  -2.6000000e+01   5.2000000e+00   2.1210000e+02   0.0000000e+00   0.0000000e+00   1.0000000e+00
   2.4225103e+04  -2.6000000e+01   4.1600000e+00   2.1210000e+02   0.0000000e+00   0.0000000e+00   1.0000000e+00
   2.4425302e+04  -2.6000000e+01   3.1200000e+00   2.1210000e+02   0.0000000e+00   0.0000000e+00   1.0000000e+00
   2.4625502e+04  -2.6000000e+01   2.0800000e+00   2.1210000e+02   0.0000000e+00   0.0000000e+00   1.0000000e+00
   2.4825701e+04  -2.6000000e+01   1.0400000e+00   2.1210000e+02   0.0000000e+00   0.0000000e+00   1.0000000e+00
   2.5025900e+04  -2.6000000e+01   0.0000000e+00   2.1210000e+02   0.0000000e+00   0.0000000e+00   1.0000000e+00
   2.5226099e+04  -2.6000000e+01  -1.0400000e+00   2.1210000e+02   0.0000000e+00   0.0000000e+00   1.0000000e+00
   2.5426298e+04  -2.6000000e+01  -2.0800000e+00   2.1210000e+02   0.0000000e+00   0.0000000e+00   1.0000000e+00
   2.5626497e+04  -2.6000000e+01  -3.1200000e+00   2.1210000e+02   0.0000000e+00   0.0000000e+00   1.0000000e+00
   2.5826697e+04  -2.6000000e+01  -4.1600000e+00   2.1210000e+02   0.0000000e+00   0.0000000e+00   1.0000000e+00
   2.6026896e+04  -2.6000000e+01  -5.2000000e+00   2.1210000e+02   0.0000000e+00   0.0000000e+00   1.0000000e+00
   2.6227095e+04  -2.6000000e+01  -6.2400000e+00   2.1210000e+02   0.0000000e+00   0.0000000e+00   1.0000000e+00
   2.6427294e+04  -2.6000000e+01  -7.2800000e+00   2.1210000e+02   0.0000000e+00   0.0000000e+00   1.0000000e+00
   2.6627493e+04  -2.6000000e+01  -8.3200000e+00   2.1210000e+02   0.0000000e+00   0.0000000e+00   1.0000000e+00
   2.6827693e+04  -2.6000000e+01  -9.3600000e+00   2.1210000e+02   0.0000000e+00   0.0000000e+00   1.0000000e+00
   2.7027892e+04  -2.6000000e+01  -1.0400000e+01   2.1210000e+02   0.0000000e+00   0.0000000e+00   1.0000000e+00
   2.7228091e+04  -2.6000000e+01  -1.1440000e+01   2.1210000e+02   0.0000000e+00   0.0000000e+00   1.0000000e+00
   2.7428290e+04  -2.6000000e+01  -1.2480000e+01   2.1210000e+02   0.0000000e+00   0.0000000e+00   1.0000000e+00
   2.7628489e+04  -2.6000000e+01  -1.3520000e+01   2.1210000e+02   0.0000000e+00   0.0000000e+00   1.0000000e+00
   2.7828689e+04  -2.6000000e+01  -1.4560000e+01   2.1210000e+02   0.0000000e+00   0.0000000e+00   1.0000000e+00
   2.8028888e+04  -2.6000000e+01  -1.5600000e+01   2.1210000e+02   0.0000000e+00   0.0000000e+00   1.0000000e+00
   2.8229087e+04  -2.6000000e+01  -1.6640000e+01   2.1210000e+02   0.0000000e+00   0.0000000e+00   1.0000000e+00
   2.8429286e+04  -2.6000000e+01  -1.7680000e+01   2.1210000e+02   0.0000000e+00   0.0000000e+00   1.0000000e+00
   2.8629485e+04  -2.6000000e+01  -1.8720000e+01   2.1210000e+02   0.0000000e+00   0.0000000e+00   1.0000000e+00
   2.8829685e+04  -2.6000000e+01  -1.9760000e+01   2.1210000e+02   0.0000000e+00   0.0000000e+00   1.0000000e+00
   2.9029884e+04  -2.6000000e+01  -2.0800000e+01   2.1210000e+02   0.0000000e+00   0.0000000e+00   1.0000000e+00
   2.9230083e+04  -2.6000000e+01  -2.1840000e+01   2.1210000e+02   0.0000000e+00   0.0000000e+00   1.0000000e+00
   2.9430282e+04  -2.6000000e+01  -2.2880000e+01   2.1210000e+02   0.0000000e+00   0.0000000e+00   1.0000000e+00
   2.9630481e+04  -2.6000000e+01  -2.3920000e+01   2.1210000e+02   0.0000000e+00   0.0000000e+00   1.0000000e+00
   2.9830681e+04  -2.6000000e+01  -2.4960000e+01   2.1210000e+02   0.0000000e+00   0.0000000e+00   1.0000000e+00
   3.0030880e+04  -2.6000000e+01  -2.6000000e+01   2.1210000e+02   0.0000000e+00   0.0000000e+00   1.0000000e+00
   3.0231079e+04  -2.4960000e+01  -2.6000000e+01   2.1210000e+02   0.0000000e+00   0.0000000e+00   1.0000000e+00
   3.0431278e+04  -2.3920000e+01  -2.6000000e+01   2.1210000e+02   0.0000000e+00   0.0000000e+00   1.0000000e+00
   3.0631477e+04  -2.2880000e+01  -2.6000000e+01   2.1210000e+02   0.0000000e+00   0.0000000e+00   1.0000000e+00
   3.0831677e+04  -2.1840000e+01  -2.6000000e+01   2.1210000e+02   0.0000000e+00   0.0000000e+00   1.0000000e+00
   3.1031876e+04  -2.0800000e+01  -2.6000000e+01   2.1210000e+02   0.0000000e+00   0.0000000e+00   1.0000000e+00
   3.1232075e+04  -1.9760000e+01  -2.6000000e+01   2.1210000e+02   0.0000000e+00   0.0000000e+00   1.0000000e+00
   3.1432274e+04  -1.8720000e+01  -2.6000000e+01   2.1210000e+02   0.0000000e+00   0.0000000e+00   1.0000000e+00
   3.1632473e+04  -1.7680000e+01  -2.6000000e+01   2.1210000e+02   0.0000000e+00   0.0000000e+00   1.0000000e+00
   3.1832673e+04  -1.6640000e+01  -2.6000000e+01   2.1210000e+02   0.0000000e+00   0.0000000e+00   1.0000000e+00
   3.2032872e+04  -1.5600000e+01  -2.6000000e+01   2.1210000e+02   0.0000000e+00   0.0000000e+00   1.0000000e+00
   3.2233071e+04  -1.4560000e+01  -2.6000000e+01   2.1210000e+02   0.0000000e+00   0.0000000e+00   1.0000000e+00
   3.2433270e+04  -1.3520000e+01  -2.6000000e+01   2.1210000e+02   0.0000000e+00   0.0000000e+00   1.0000000e+00
   3.2633469e+04  -1.2480000e+01  -2.6000000e+01   2.1210000e+02   0.0000000e+00   0.0000000e+00   1.0000000e+00
   3.2833669e+04  -1.1440000e+01  -2.6000000e+01   2.1210000e+02   0.0000000e+00   0.0000000e+00   1.0000000e+00
   3.3033868e+04  -1.0400000e+01  -2.6000000e+01   2.1210000e+02   0.0000000e+00   0.0000000e+00   1.0000000e+00
   3.3234067e+04  -9.3600000e+00  -2.6000000e+01   2.1210000e+02   0.0000000e+00   0.0000000e+00   1.0000000e+00
   3.3434266e+04  -8.3200000e+00  -2.6000000e+01   2.1210000e+02   0.0000000e+00   0.0000000e+00   1.0000000e+00
   3.3634465e+04  -7.2800000e+00  -2.6000000e+01   2.1210000e+02   0.0000000e+00   0.0000000e+00   1.0000000e+00
   3.3834665e+04  -6.2400000e+00  -2.6000000e+01   2.1210000e+02   0.0000000e+00   0.0000000e+00   1.0000000e+00
   3.4034864e+04  -5.2000000e+00  -2.6000000e+01   2.1210000e+02   0.0000000e+00   0.0000000e+00   1.0000000e+00
   3.4235063e+04  -4.1600000e+00  -2.6000000e+01   2.1210000e+02   0.0000000e+00   0.0000000e+00   1.0000000e+00
   3.4435262e+04  -3.1200000e+00  -2.6000000e+01   2.1210000e+02   0.0000000e+00   0.0000000e+00   1.0000000e+00
   3.4635461e+04  -2.0800000e+00  -2.6000000e+01   2.1210000e+02   0.0000000e+00   0.0000000e+00   1.0000000e+00
   3.4835661e+04  -1.0400000e+00  -2.6000000e+01   2.1210000e+02   0.0000000e+00   0.0000000e+00   1.0000000e+00
   3.5035860e+04   0.0000000e+00  -2.6000000e+01   2.1210000e+02   0.0000000e+00   0.0000000e+00   1.0000000e+00
   3.5236059e+04   1.0400000e+00  -2.6000000e+01   2.1210000e+02   0.0000000e+00   0.0000000e+00   1.0000000e+00
   3.5436258e+04   2.0800000e+00  -2.6000000e+01   2.1210000e+02   0.0000000e+00   0.0000000e+00   1.0000000e+00
   3.5636457e+04   3.1200000e+00  -2.6000000e+01   2.1210000e+02   0.0000000e+00   0.0000000e+00   1.0000000e+00
   3.5836657e+04   4.1600000e+00  -2.6000000e+01   2.1210000e+02   0.0000000e+00   0.0000000e+00   1.0000000e+00
   3.6036856e+04   5.2000000e+00  -2.6000000e+01   2.1210000e+02   0.0000000e+00   0.0000000e+00   1.0000000e+00
   3.6237055e+04   6.2400000e+00  -2.6000000e+01   2.1210000e+02   0.0000000e+00   0.0000000e+00   1.0000000e+00
   3.6437254e+04   7.2800000e+00  -2.6000000e+01   2.1210000e+02   0.0000000e+00   0.0000000e+00   1.0000000e+00
   3.6637453e+04   8.3200000e+00  -2.6000000e+01   2.1210000e+02   0.0000000e+00   0.0000000e+00   1.0000000e+00
   3.6837653e+04   9.3600000e+00  -2.6000000e+01   2.1210000e+02   0.0000000e+00   0.0000000e+00   1.0000000e+00
   3.7037852e+04   1.0400000e+01  -2.6000000e+01   2.1210000e+02   0.0000000e+00   0.0000000e+00   1.0000000e+00
   3.7238051e+04   1.1440000e+01  -2.6000000e+01   2.1210000e+02   0.0000000e+00   0.0000000e+00   1.0000000e+00
   3.7438250e+04   1.2480000e+01  -2.6000000e+01   2.1210000e+02   0.0000000e+00   0.0000000e+00   1.0000000e+00
   3.7638449e+04   1.3520000e+01  -2.6000000e+01   2.1210000e+02   0.0000000e+00   0.0000000e+00   1.0000000e+00
   3.7838649e+04   1.4560000e+01  -2.6000000e+01   2.1210000e+02   0.0000000e+00   0.0000000e+00   1.0000000e+00
   3.8038848e+04   1.5600000e+01  -2.6000000e+01   2.1210000e+02   0.0000000e+00   0.0000000e+00   1.0000000e+00
   3.8239047e+04   1.6640000e+01  -2.6000000e+01   2.1210000e+02   0.0000000e+00   0.0000000e+00   1.0000000e+00
   3.8439246e+04   1.7680000e+01  -2.6000000e+01   2.1210000e+02   0.0000000e+00   0.0000000e+00   1.0000000e+00
   3.8639445e+04   1.8720000e+01  -2.6000000e+01   2.1210000e+02   0.0000000e+00   0.0000000e+00   1.0000000e+00
   3.8839645e+04   1.9760000e+01  -2.6000000e+01   2.1210000e+02   0.0000000e+00   0.0000000e+00   1.0000000e+00
   3.9039844e+04   2.0800000e+01  -2.6000000e+01   2.1210000e+02   0.0000000e+00   0.0000000e+00   1.0000000e+00
   3.9240043e+04   2.1840000e+01  -2.6000000e+01   2.1210000e+02   0.0000000e+00   0.0000000e+00   1.0000000e+00
   3.9440242e+04   2.2880000e+01  -2.6000000e+01   2.1210000e+02   0.0000000e+00   0.0000000e+00   1.0000000e+00
   3.9640441e+04   2.3920000e+01  -2.6000000e+01   2.1210000e+02   0.0000000e+00   0.0000000e+00   1.0000000e+00
   3.9840641e+04   2.4960000e+01  -2.6000000e+01   2.1210000e+02   0.0000000e+00   0.0000000e+00   1.0000000e+00
   4.0040840e+04   2.6000000e+01  -2.6000000e+01   2.1210000e+02   0.0000000e+00   0.0000000e+00   1.0000000e+00
   4.0241039e+04   2.6000000e+01  -2.4960000e+01   2.1210000e+02   0.0000000e+00   0.0000000e+00   1.0000000e+00
   4.0441238e+04   2.6000000e+01  -2.3920000e+01   2.1210000e+02   0.0000000e+00   0.0000000e+00   1.0000000e+00
   4.0641437e+04   2.6000000e+01  -2.2880000e+01   2.1210000e+02   0.0000000e+00   0.0000000e+00   1.0000000e+00
   4.0841637e+04   2.6000000e+01  -2.1840000e+01   2.1210000e+02   0.0000000e+00   0.0000000e+00   1.0000000e+00
   4.1041836e+04   2.6000000e+01  -2.0800000e+01   2.1210000e+02   0.0000000e+00   0.0000000e+00   1.0000000e+00
   4.1242035e+04   2.6000000e+01  -1.9760000e+01   2.1210000e+02   0.0000000e+00   0.0000000e+00   1.0000000e+00
   4.1442234e+04   2.6000000e+01  -1.8720000e+01   2.1210000e+02   0.0000000e+00   0.0000000e+00   1.0000000e+00
   4.1642433e+04   2.6000000e+01  -1.7680000e+01   2.1210000e+02   0.0000000e+00   0.0000000e+00   1.0000000e+00
   4.1842633e+04   2.6000000e+01  -1.6640000e+01   2.1210000e+02   0.0000000e+00   0.0000000e+00   1.0000000e+00
   4.2042832e+04   2.6000000e+01  -1.5600000e+01   2.1210000e+02   0.0000000e+00   0.0000000e+00   1.0000000e+00
   4.2243031e+04   2.6000000e+01  -1.4560000e+01   2.1210000e+02   0.0000000e+00   0.0000000e+00   1.0000000e+00
   4.2443230e+04   2.6000000e+01  -1.3520000e+01   2.1210000e+02   0.0000000e+00   0.0000000e+00   1.0000000e+00
   4.2643429e+04   2.6000000e+01  -1.2480000e+01   2.1210000e+02   0.0000000e+00   0.0000000e+00   1.0000000e+00
   4.2843629e+04   2.6000000e+01  -1.1440000e+01   2.1210000e+02   0.0000000e+00   0.0000000e+00   1.0000000e+00
   4.3043828e+04   2.6000000e+01  -1.0400000e+01   2.1210000e+02   0.0000000e+00   0.0000000e+00   1.0000000e+00
   4.3244027e+04   2.6000000e+01  -9.3600000e+00   2.1210000e+02   0.0000000e+00   0.0000000e+00   1.0000000e+00
   4.3444226e+04   2.6000000e+01  -8.3200000e+00   2.1210000e+02   0.0000000e+00   0.0000000e+00   1.0000000e+00
   4.3644425e+04   2.6000000e+01  -7.2800000e+00   2.1210000e+02   0.0000000e+00   0.0000000e+00   1.0000000e+00
   4.3844625e+04   2.6000000e+01  -6.2400000e+00   2.1210000e+02   0.0000000e+00   0.0000000e+00   1.0000000e+00
   4.4044824e+04   2.6000000e+01  -5.2000000e+00   2.1210000e+02   0.0000000e+00   0.0000000e+00   1.0000000e+00
   4.4245023e+04   2.6000000e+01  -4.1600000e+00   2.1210000e+02   0.0000000e+00   0.0000000e+00   1.0000000e+00
   4.4445222e+04   2.6000000e+01  -3.1200000e+00   2.1210000e+02   0.0000000e+00   0.0000000e+00   1.0000000e+00
   4.4645421e+04   2.6000000e+01  -2.0800000e+00   2.1210000e+02   0.0000000e+00   0.0000000e+00   1.0000000e+00
   4.4845621e+04   2.6000000e+01  -1.0400000e+00   2.1210000e+02   0.0000000e+00   0.0000000e+00   1.0000000e+00
   4.5045820e+04   2.6000000e+01   0.0000000e+00   2.1210000e+02   0.0000000e+00   0.0000000e+00   1.0000000e+00
   4.5246019e+04   2.6000000e+01   1.0400000e+00   2.1210000e+02   0.0000000e+00   0.0000000e+00   1.0000000e+00
   4.5446218e+04   2.6000000e+01   2.0800000e+00   2.1210000e+02   0.0000000e+00   0.0000000e+00   1.0000000e+00
   4.5646417e+04   2.6000000e+01   3.1200000e+00   2.1210000e+02   0.0000000e+00   0.0000000e+00   1.0000000e+00
   4.5846617e+04   2.6000000e+01   4.1600000e+00   2.1210000e+02   0.0000000e+00   0.0000000e+00   1.0000000e+00
   4.6046816e+04   2.6000000e+01   5.2000000e+00   2.1210000e+02   0.0000000e+00   0.0000000e+00   1.0000000e+00
   4.6247015e+04   2.6000000e+01   6.2400000e+00   2.1210000e+02   0.0000000e+00   0.0000000e+00   1.0000000e+00
   4.6447214e+04   2.6000000e+01   7.2800000e+00   2.1210000e+02   0.0000000e+00   0.0000000e+00   1.0000000e+00
   4.6647413e+04   2.6000000e+01   8.3200000e+00   2.1210000e+02   0.0000000e+00   0.0000000e+00   1.0000000e+00
   4.6847613e+04   2.6000000e+01   9.3600000e+00   2.1210000e+02   0.0000000e+00   0.0000000e+00   1.0000000e+00
   4.7047812e+04   2.6000000e+01   1.0400000e+01   2.1210000e+02   0.0000000e+00   0.0000000e+00   1.0000000e+00
   4.7248011e+04   2.6000000e+01   1.1440000e+01   2.1210000e+02   0.0000000e+00   0.0000000e+00   1.0000000e+00
   4.7448210e+04   2.6000000e+01   1.2480000e+01   2.1210000e+02   0.0000000e+00   0.0000000e+00   1.0000000e+00
   4.7648409e+04   2.6000000e+01   1.3520000e+01   2.1210000e+02   0.0000000e+00   0.0000000e+00   1.0000000e+00
   4.7848609e+04   2.6000000e+01   1.4560000e+01   2.1210000e+02   0.0000000e+00   0.0000000e+00   1.0000000e+00
   4.8048808e+04   2.6000000e+01   1.5600000e+01   2.1210000e+02   0.0000000e+00   0.0000000e+00   1.0000000e+00
   4.8249007e+04   2.6000000e+01   1.6640000e+01   2.1210000e+02   0.0000000e+00   0.0000000e+00   1.0000000e+00
   4.8449206e+04   2.6000000e+01   1.7680000e+01   2.1210000e+02   0.0000000e+00   0.0000000e+00   1.0000000e+00
   4.8649405e+04   2.6000000e+01   1.8720000e+01   2.1210000e+02   0.0000000e+00   0.0000000e+00   1.0000000e+00
   4.8849605e+04   2.6000000e+01   1.9760000e+01   2.1210000e+02   0.0000000e+00   0.0000000e+00   1.0000000e+00
   4.9049804e+04   2.6000000e+01   2.0800000e+01   2.1210000e+02   0.0000000e+00   0.0000000e+00   1.0000000e+00
   4.9250003e+04   2.6000000e+01   2.1840000e+01   2.1210000e+02   0.0000000e+00   0.0000000e+00   1.0000000e+00
   4.9450202e+04   2.6000000e+01   2.2880000e+01   2.1210000e+02   0.0000000e+00   0.0000000e+00   1.0000000e+00
   4.9650401e+04   2.6000000e+01   2.3920000e+01   2.1210000e+02   0.0000000e+00   0.0000000e+00   1.0000000e+00
   4.9850601e+04   2.6000000e+01   2.4960000e+01   2.1210000e+02   0.0000000e+00   0.0000000e+00   1.0000000e+00
   5.0050800e+04   2.6000000e+01   2.6000000e+01   2.1210000e+02   0.0000000e+00   0.0000000e+00   1.0000000e+00
   5.0250999e+04   2.4960000e+01   2.6000000e+01   2.1210000e+02   0.0000000e+00   0.0000000e+00   1.0000000e+00
   5.0451198e+04   2.3920000e+01   2.6000000e+01   2.1210000e+02   0.0000000e+00   0.0000000e+00   1.0000000e+00
   5.0651397e+04   2.2880000e+01   2.6000000e+01   2.1210000e+02   0.0000000e+00   0.0000000e+00   1.0000000e+00
   5.0851597e+04   2.1840000e+01   2.6000000e+01   2.1210000e+02   0.0000000e+00   0.0000000e+00   1.0000000e+00
   5.1051796e+04   2.0800000e+01   2.6000000e+01   2.1210000e+02   0.0000000e+00   0.0000000e+00   1.0000000e+00
   5.1251995e+04   1.9760000e+01   2.6000000e+01   2.1210000e+02   0.0000000e+00   0.0000000e+00   1.0000000e+00
   5.1452194e+04   1.8720000e+01   2.6000000e+01   2.1210000e+02   0.0000000e+00   0.0000000e+00   1.0000000e+00
   5.1652393e+04   1.7680000e+01   2.6000000e+01   2.1210000e+02   0.0000000e+00   0.0000000e+00   1.0000000e+00
   5.1852593e+04   1.6640000e+01   2.6000000e+01   2.1210000e+02   0.0000000e+00   0.0000000e+00   1.0000000e+00
   5.2052792e+04   1.5600000e+01   2.6000000e+01   2.1210000e+02   0.0000000e+00   0.0000000e+00   1.0000000e+00
   5.2252991e+04   1.4560000e+01   2.6000000e+01   2.1210000e+02   0.0000000e+00   0.0000000e+00   1.0000000e+00
   5.2453190e+04   1.3520000e+01   2.6000000e+01   2.1210000e+02   0.0000000e+00   0.0000000e+00   1.0000000e+00
   5.2653389e+04   1.2480000e+01   2.6000000e+01   2.1210000e+02   0.0000000e+00   0.0000000e+00   1.0000000e+00
   5.2853589e+04   1.1440000e+01   2.6000000e+01   2.1210000e+02   0.0000000e+00   0.0000000e+00   1.0000000e+00
   5.3053788e+04   1.0400000e+01   2.6000000e+01   2.1210000e+02   0.0000000e+00   0.0000000e+00   1.0000000e+00
   5.3253987e+04   9.3600000e+00   2.6000000e+01   2.1210000e+02   0.0000000e+00   0.0000000e+00   1.0000000e+00
   5.3454186e+04   8.3200000e+00   2.6000000e+01   2.1210000e+02   0.0000000e+00   0.0000000e+00   1.0000000e+00
   5.3654385e+04   7.2800000e+00   2.6000000e+01   2.1210000e+02   0.0000000e+00   0.0000000e+00   1.0000000e+00
   5.3854585e+04   6.2400000e+00   2.6000000e+01   2.1210000e+02   0.0000000e+00   0.0000000e+00   1.0000000e+00
   5.4054784e+04   5.2000000e+00   2.6000000e+01   2.1210000e+02   0.0000000e+00   0.0000000e+00   1.0000000e+00
   5.4254983e+04   4.1600000e+00   2.6000000e+01   2.1210000e+02   0.0000000e+00   0.0000000e+00   1.0000000e+00
   5.4455182e+04   3.1200000e+00   2.6000000e+01   2.1210000e+02   0.0000000e+00   0.0000000e+00   1.0000000e+00
   5.4655381e+04   2.0800000e+00   2.6000000e+01   2.1210000e+02   0.0000000e+00   0.0000000e+00   1.0000000e+00
   5.4855581e+04   1.0400000e+00   2.6000000e+01   2.1210000e+02   0.0000000e+00   0.0000000e+00   1.0000000e+00
   5.5055780e+04   0.0000000e+00   2.6000000e+01   2.1210000e+02   0.0000000e+00   0.0000000e+00   1.0000000e+00
   5.5255979e+04  -1.0400000e+00   2.6000000e+01   2.1210000e+02   0.0000000e+00   0.0000000e+00   1.0000000e+00
   5.5456178e+04  -2.0800000e+00   2.6000000e+01   2.1210000e+02   0.0000000e+00   0.0000000e+00   1.0000000e+00
   5.5656377e+04  -3.1200000e+00   2.6000000e+01   2.1210000e+02   0.0000000e+00   0.0000000e+00   1.0000000e+00
   5.5856577e+04  -4.1600000e+00   2.6000000e+01   2.1210000e+02   0.0000000e+00   0.0000000e+00   1.0000000e+00
   5.6056776e+04  -5.2000000e+00   2.6000000e+01   2.1210000e+02   0.0000000e+00   0.0000000e+00   1.0000000e+00
   5.6256975e+04  -6.2400000e+00   2.6000000e+01   2.1210000e+02   0.0000000e+00   0.0000000e+00   1.0000000e+00
   5.6457174e+04  -7.2800000e+00   2.6000000e+01   2.1210000e+02   0.0000000e+00   0.0000000e+00   1.0000000e+00
   5.6657373e+04  -8.3200000e+00   2.6000000e+01   2.1210000e+02   0.0000000e+00   0.0000000e+00   1.0000000e+00
   5.6857573e+04  -9.3600000e+00   2.6000000e+01   2.1210000e+02   0.0000000e+00   0.0000000e+00   1.0000000e+00
   5.7057772e+04  -1.0400000e+01   2.6000000e+01   2.1210000e+02   0.0000000e+00   0.0000000e+00   1.0000000e+00
   5.7257971e+04  -1.1440000e+01   2.6000000e+01   2.1210000e+02   0.0000000e+00   0.0000000e+00   1.0000000e+00
   5.7458170e+04  -1.2480000e+01   2.6000000e+01   2.1210000e+02   0.0000000e+00   0.0000000e+00   1.0000000e+00
   5.7658369e+04  -1.3520000e+01   2.6000000e+01   2.1210000e+02   0.0000000e+00   0.0000000e+00   1.0000000e+00
   5.7858569e+04  -1.4560000e+01   2.6000000e+01   2.1210000e+02   0.0000000e+00   0.0000000e+00   1.0000000e+00
   5.8058768e+04  -1.5600000e+01   2.6000000e+01   2.1210000e+02   0.0000000e+00   0.0000000e+00   1.0000000e+00
   5.8258967e+04  -1.6640000e+01   2.6000000e+01   2.1210000e+02   0.0000000e+00   0.0000000e+00   1.0000000e+00
   5.8459166e+04  -1.7680000e+01   2.6000000e+01   2.1210000e+02   0.0000000e+00   0.0000000e+00   1.0000000e+00
   5.8659365e+04  -1.8720000e+01   2.6000000e+01   2.1210000e+02   0.0000000e+00   0.0000000e+00   1.0000000e+00
   5.8859565e+04  -1.9760000e+01   2.6000000e+01   2.1210000e+02   0.0000000e+00   0.0000000e+00   1.0000000e+00
   5.9059764e+04  -2.0800000e+01   2.6000000e+01   2.1210000e+02   0.0000000e+00   0.0000000e+00   1.0000000e+00
   5.9259963e+04  -2.1840000e+01   2.6000000e+01   2.1210000e+02   0.0000000e+00   0.0000000e+00   1.0000000e+00
   5.9460162e+04  -2.2880000e+01   2.6000000e+01   2.1210000e+02   0.0000000e+00   0.0000000e+00   1.0000000e+00
   5.9660361e+04  -2.3920000e+01   2.6000000e+01   2.1210000e+02   0.0000000e+00   0.0000000e+00   1.0000000e+00
   5.9860561e+04  -2.4960000e+01   2.6000000e+01   2.1210000e+02   0.0000000e+00   0.0000000e+00   1.0000000e+00
   6.0060760e+04  -2.6000000e+01   2.6000000e+01   2.1210000e+02   0.0000000e+00   0.0000000e+00   1.0000000e+00
   6.0260959e+04  -2.6000000e+01   2.4960000e+01   2.1210000e+02   0.0000000e+00   0.0000000e+00   1.0000000e+00
   6.0461158e+04  -2.6000000e+01   2.3920000e+01   2.1210000e+02   0.0000000e+00   0.0000000e+00   1.0000000e+00
   6.0661357e+04  -2.6000000e+01   2.2880000e+01   2.1210000e+02   0.0000000e+00   0.0000000e+00   1.0000000e+00
   6.0861557e+04  -2.6000000e+01   2.1840000e+01   2.1210000e+02   0.0000000e+00   0.0000000e+00   1.0000000e+00
   6.1061756e+04  -2.6000000e+01   2.0800000e+01   2.1210000e+02   0.0000000e+00   0.0000000e+00   1.0000000e+00
   6.1261955e+04  -2.6000000e+01   1.9760000e+01   2.1210000e+02   0.0000000e+00   0.0000000e+00   1.0000000e+00
   6.1462154e+04  -2.6000000e+01   1.8720000e+01   2.1210000e+02   0.0000000e+00   0.0000000e+00   1.0000000e+00
   6.1662353e+04  -2.6000000e+01   1.7680000e+01   2.1210000e+02   0.0000000e+00   0.0000000e+00   1.0000000e+00
   6.1862553e+04  -2.6000000e+01   1.6640000e+01   2.1210000e+02   0.0000000e+00   0.0000000e+00   1.0000000e+00
   6.2062752e+04  -2.6000000e+01   1.5600000e+01   2.1210000e+02   0.0000000e+00   0.0000000e+00   1.0000000e+00
   6.2262951e+04  -2.6000000e+01   1.4560000e+01   2.1210000e+02   0.0000000e+00   0.0000000e+00   1.0000000e+00
   6.2463150e+04  -2.6000000e+01   1.3520000e+01   2.1210000e+02   0.0000000e+00   0.0000000e+00   1.0000000e+00
   6.2663349e+04  -2.6000000e+01   1.2480000e+01   2.1210000e+02   0.0000000e+00   0.0000000e+00   1.0000000e+00
   6.2863549e+04  -2.6000000e+01   1.1440000e+01   2.1210000e+02   0.0000000e+00   0.0000000e+00   1.0000000e+00
   6.3063748e+04  -2.6000000e+01   1.0400000e+01   2.1210000e+02   0.0000000e+00   0.0000000e+00   1.0000000e+00
   6.3263947e+04  -2.6000000e+01   9.3600000e+00   2.1210000e+02   0.0000000e+00   0.0000000e+00   1.0000000e+00
   6.3464146e+04  -2.6000000e+01   8.3200000e+00   2.1210000e+02   0.0000000e+00   0.0000000e+00   1.0000000e+00
   6.3664345e+04  -2.6000000e+01   7.2800000e+00   2.1210000e+02   0.0000000e+00   0.0000000e+00   1.0000000e+00
   6.3864545e+04  -2.6000000e+01   6.2400000e+00   2.1210000e+02   0.0000000e+00   0.0000000e+00   1.0000000e+00
   6.4064744e+04  -2.6000000e+01   5.2000000e+00   2.1210000e+02   0.0000000e+00   0.0000000e+00   1.0000000e+00
   6.4264943e+04  -2.6000000e+01   4.1600000e+00   2.1210000e+02   0.0000000e+00   0.0000000e+00   1.0000000e+00
   6.4465142e+04  -2.6000000e+01   3.1200000e+00   2.1210000e+02   0.0000000e+00   0.0000000e+00   1.0000000e+00
   6.4665341e+04  -2.6000000e+01   2.0800000e+00   2.1210000e+02   0.0000000e+00   0.0000000e+00   1.0000000e+00
   6.4865541e+04  -2.6000000e+01   1.0400000e+00   2.1210000e+02   0.0000000e+00   0.0000000e+00   1.0000000e+00
   6.5065740e+04  -2.6000000e+01   0.0000000e+00   2.1210000e+02   0.0000000e+00   0.0000000e+00   1.0000000e+00
   6.5265939e+04  -2.6000000e+01  -1.0400000e+00   2.1210000e+02   0.0000000e+00   0.0000000e+00   1.0000000e+00
   6.5466138e+04  -2.6000000e+01  -2.0800000e+00   2.1210000e+02   0.0000000e+00   0.0000000e+00   1.0000000e+00
   6.5666337e+04  -2.6000000e+01  -3.1200000e+00   2.1210000e+02   0.0000000e+00   0.0000000e+00   1.0000000e+00
   6.5866537e+04  -2.6000000e+01  -4.1600000e+00   2.1210000e+02   0.0000000e+00   0.0000000e+00   1.0000000e+00
   6.6066736e+04  -2.6000000e+01  -5.2000000e+00   2.1210000e+02   0.0000000e+00   0.0000000e+00   1.0000000e+00
   6.6266935e+04  -2.6000000e+01  -6.2400000e+00   2.1210000e+02   0.0000000e+00   0.0000000e+00   1.0000000e+00
   6.6467134e+04  -2.6000000e+01  -7.2800000e+00   2.1210000e+02   0.0000000e+00   0.0000000e+00   1.0000000e+00
   6.6667333e+04  -2.6000000e+01  -8.3200000e+00   2.1210000e+02   0.0000000e+00   0.0000000e+00   1.0000000e+00
   6.6867533e+04  -2.6000000e+01  -9.3600000e+00   2.1210000e+02   0.0000000e+00   0.0000000e+00   1.0000000e+00
   6.7067732e+04  -2.6000000e+01  -1.0400000e+01   2.1210000e+02   0.0000000e+00   0.0000000e+00   1.0000000e+00
   6.7267931e+04  -2.6000000e+01  -1.1440000e+01   2.1210000e+02   0.0000000e+00   0.0000000e+00   1.0000000e+00
   6.7468130e+04  -2.6000000e+01  -1.2480000e+01   2.1210000e+02   0.0000000e+00   0.0000000e+00   1.0000000e+00
   6.7668329e+04  -2.6000000e+01  -1.3520000e+01   2.1210000e+02   0.0000000e+00   0.0000000e+00   1.0000000e+00
   6.7868529e+04  -2.6000000e+01  -1.4560000e+01   2.1210000e+02   0.0000000e+00   0.0000000e+00   1.0000000e+00
   6.8068728e+04  -2.6000000e+01  -1.5600000e+01   2.1210000e+02   0.0000000e+00   0.0000000e+00   1.0000000e+00
   6.8268927e+04  -2.6000000e+01  -1.6640000e+01   2.1210000e+02   0.0000000e+00   0.0000000e+00   1.0000000e+00
   6.8469126e+04  -2.6000000e+01  -1.7680000e+01   2.1210000e+02   0.0000000e+00   0.0000000e+00   1.0000000e+00
   6.8669325e+04  -2.6000000e+01  -1.8720000e+01   2.1210000e+02   0.0000000e+00   0.0000000e+00   1.0000000e+00
   6.8869525e+04  -2.6000000e+01  -1.9760000e+01   2.1210000e+02   0.0000000e+00   0.0000000e+00   1.0000000e+00
   6.9069724e+04  -2.6000000e+01  -2.0800000e+01   2.1210000e+02   0.0000000e+00   0.0000000e+00   1.0000000e+00
   6.9269923e+04  -2.6000000e+01  -2.1840000e+01   2.1210000e+02   0.0000000e+00   0.0000000e+00   1.0000000e+00
   6.9470122e+04  -2.6000000e+01  -2.2880000e+01   2.1210000e+02   0.0000000e+00   0.0000000e+00   1.0000000e+00
   6.9670321e+04  -2.6000000e+01  -2.3920000e+01   2.1210000e+02   0.0000000e+00   0.0000000e+00   1.0000000e+00
   6.9870521e+04  -2.6000000e+01  -2.4960000e+01   2.1210000e+02   0.0000000e+00   0.0000000e+00   1.0000000e+00
   7.0070720e+04  -2.6000000e+01  -2.6000000e+01   2.1210000e+02   0.0000000e+00   0.0000000e+00   1.0000000e+00
   7.0270919e+04  -2.4960000e+01  -2.6000000e+01   2.1210000e+02   0.0000000e+00   0.0000000e+00   1.0000000e+00
   7.0471118e+04  -2.3920000e+01  -2.6000000e+01   2.1210000e+02   0.0000000e+00   0.0000000e+00   1.0000000e+00
   7.0671317e+04  -2.2880000e+01  -2.6000000e+01   2.1210000e+02   0.0000000e+00   0.0000000e+00   1.0000000e+00
   7.0871517e+04  -2.1840000e+01  -2.6000000e+01   2.1210000e+02   0.0000000e+00   0.0000000e+00   1.0000000e+00
   7.1071716e+04  -2.0800000e+01  -2.6000000e+01   2.1210000e+02   0.0000000e+00   0.0000000e+00   1.0000000e+00
   7.1271915e+04  -1.9760000e+01  -2.6000000e+01   2.1210000e+02   0.0000000e+00   0.0000000e+00   1.0000000e+00
   7.1472114e+04  -1.8720000e+01  -2.6000000e+01   2.1210000e+02   0.0000000e+00   0.0000000e+00   1.0000000e+00
   7.1672313e+04  -1.7680000e+01  -2.6000000e+01   2.1210000e+02   0.0000000e+00   0.0000000e+00   1.0000000e+00
   7.1872513e+04  -1.6640000e+01  -2.6000000e+01   2.1210000e+02   0.0000000e+00   0.0000000e+00   1.0000000e+00
   7.2072712e+04  -1.5600000e+01  -2.6000000e+01   2.1210000e+02   0.0000000e+00   0.0000000e+00   1.0000000e+00
   7.2272911e+04  -1.4560000e+01  -2.6000000e+01   2.1210000e+02   0.0000000e+00   0.0000000e+00   1.0000000e+00
   7.2473110e+04  -1.3520000e+01  -2.6000000e+01   2.1210000e+02   0.0000000e+00   0.0000000e+00   1.0000000e+00
   7.2673309e+04  -1.2480000e+01  -2.6000000e+01   2.1210000e+02   0.0000000e+00   0.0000000e+00   1.0000000e+00
   7.2873509e+04  -1.1440000e+01  -2.6000000e+01   2.1210000e+02   0.0000000e+00   0.0000000e+00   1.0000000e+00
   7.3073708e+04  -1.0400000e+01  -2.6000000e+01   2.1210000e+02   0.0000000e+00   0.0000000e+00   1.0000000e+00
   7.3273907e+04  -9.3600000e+00  -2.6000000e+01   2.1210000e+02   0.0000000e+00   0.0000000e+00   1.0000000e+00
   7.3474106e+04  -8.3200000e+00  -2.6000000e+01   2.1210000e+02   0.0000000e+00   0.0000000e+00   1.0000000e+00
   7.3674305e+04  -7.2800000e+00  -2.6000000e+01   2.1210000e+02   0.0000000e+00   0.0000000e+00   1.0000000e+00
   7.3874505e+04  -6.2400000e+00  -2.6000000e+01   2.1210000e+02   0.0000000e+00   0.0000000e+00   1.0000000e+00
   7.4074704e+04  -5.2000000e+00  -2.6000000e+01   2.1210000e+02   0.0000000e+00   0.0000000e+00   1.0000000e+00
   7.4274903e+04  -4.1600000e+00  -2.6000000e+01   2.1210000e+02   0.0000000e+00   0.0000000e+00   1.0000000e+00
   7.4475102e+04  -3.1200000e+00  -2.6000000e+01   2.1210000e+02   0.0000000e+00   0.0000000e+00   1.0000000e+00
   7.4675301e+04  -2.0800000e+00  -2.6000000e+01   2.1210000e+02   0.0000000e+00   0.0000000e+00   1.0000000e+00
   7.4875501e+04  -1.0400000e+00  -2.6000000e+01   2.1210000e+02   0.0000000e+00   0.0000000e+00   1.0000000e+00
   7.5075700e+04   0.0000000e+00  -2.6000000e+01   2.1210000e+02   0.0000000e+00   0.0000000e+00   1.0000000e+00
   7.5275899e+04   1.0400000e+00  -2.6000000e+01   2.1210000e+02   0.0000000e+00   0.0000000e+00   1.0000000e+00
   7.5476098e+04   2.0800000e+00  -2.6000000e+01   2.1210000e+02   0.0000000e+00   0.0000000e+00   1.0000000e+00
   7.5676297e+04   3.1200000e+00  -2.6000000e+01   2.1210000e+02   0.0000000e+00   0.0000000e+00   1.0000000e+00
   7.5876496e+04   4.1600000e+00  -2.6000000e+01   2.1210000e+02   0.0000000e+00   0.0000000e+00   1.0000000e+00
   7.6076696e+04   5.2000000e+00  -2.6000000e+01   2.1210000e+02   0.0000000e+00   0.0000000e+00   1.0000000e+00
   7.6276895e+04   6.2400000e+00  -2.6000000e+01   2.1210000e+02   0.0000000e+00   0.0000000e+00   1.0000000e+00
   7.6477094e+04   7.2800000e+00  -2.6000000e+01   2.1210000e+02   0.0000000e+00   0.0000000e+00   1.0000000e+00
   7.6677293e+04   8.3200000e+00  -2.6000000e+01   2.1210000e+02   0.0000000e+00   0.0000000e+00   1.0000000e+00
   7.6877492e+04   9.3600000e+00  -2.6000000e+01   2.1210000e+02   0.0000000e+00   0.0000000e+00   1.0000000e+00
   7.7077692e+04   1.0400000e+01  -2.6000000e+01   2.1210000e+02   0.0000000e+00   0.0000000e+00   1.0000000e+00
   7.7277891e+04   1.1440000e+01  -2.6000000e+01   2.1210000e+02   0.0000000e+00   0.0000000e+00   1.0000000e+00
   7.7478090e+04   1.2480000e+01  -2.6000000e+01   2.1210000e+02   0.0000000e+00   0.0000000e+00   1.0000000e+00
   7.7678289e+04   1.3520000e+01  -2.6000000e+01   2.1210000e+02   0.0000000e+00   0.0000000e+00   1.0000000e+00
   7.7878488e+04   1.4560000e+01  -2.6000000e+01   2.1210000e+02   0.0000000e+00   0.0000000e+00   1.0000000e+00
   7.8078688e+04   1.5600000e+01  -2.6000000e+01   2.1210000e+02   0.0000000e+00   0.0000000e+00   1.0000000e+00
   7.8278887e+04   1.6640000e+01  -2.6000000e+01   2.1210000e+02   0.0000000e+00   0.0000000e+00   1.0000000e+00
   7.8479086e+04   1.7680000e+01  -2.6000000e+01   2.1210000e+02   0.0000000e+00   0.0000000e+00   1.0000000e+00
   7.8679285e+04   1.8720000e+01  -2.6000000e+01   2.1210000e+02   0.0000000e+00   0.0000000e+00   1.0000000e+00
   7.8879484e+04   1.9760000e+01  -2.6000000e+01   2.1210000e+02   0.0000000e+00   0.0000000e+00   1.0000000e+00
   7.9079684e+04   2.0800000e+01  -2.6000000e+01   2.1210000e+02   0.0000000e+00   0.0000000e+00   1.0000000e+00
   7.9279883e+04   2.1840000e+01  -2.6000000e+01   2.1210000e+02   0.0000000e+00   0.0000000e+00   1.0000000e+00
   7.9480082e+04   2.2880000e+01  -2.6000000e+01   2.1210000e+02   0.0000000e+00   0.0000000e+00   1.0000000e+00
   7.9680281e+04   2.3920000e+01  -2.6000000e+01   2.1210000e+02   0.0000000e+00   0.0000000e+00   1.0000000e+00
   7.9880480e+04   2.4960000e+01  -2.6000000e+01   2.1210000e+02   0.0000000e+00   0.0000000e+00   1.0000000e+00
   8.0080680e+04   2.6000000e+01  -2.6000000e+01   2.1210000e+02   0.0000000e+00   0.0000000e+00   1.0000000e+00
   8.0280879e+04   2.6000000e+01  -2.4960000e+01   2.1210000e+02   0.0000000e+00   0.0000000e+00   1.0000000e+00
   8.0481078e+04   2.6000000e+01  -2.3920000e+01   2.1210000e+02   0.0000000e+00   0.0000000e+00   1.0000000e+00
   8.0681277e+04   2.6000000e+01  -2.2880000e+01   2.1210000e+02   0.0000000e+00   0.0000000e+00   1.0000000e+00
   8.0881476e+04   2.6000000e+01  -2.1840000e+01   2.1210000e+02   0.0000000e+00   0.0000000e+00   1.0000000e+00
   8.1081676e+04   2.6000000e+01  -2.0800000e+01   2.1210000e+02   0.0000000e+00   0.0000000e+00   1.0000000e+00
   8.1281875e+04   2.6000000e+01  -1.9760000e+01   2.1210000e+02   0.0000000e+00   0.0000000e+00   1.0000000e+00
   8.1482074e+04   2.6000000e+01  -1.8720000e+01   2.1210000e+02   0.0000000e+00   0.0000000e+00   1.0000000e+00
   8.1682273e+04   2.6000000e+01  -1.7680000e+01   2.1210000e+02   0.0000000e+00   0.0000000e+00   1.0000000e+00
   8.1882472e+04   2.6000000e+01  -1.6640000e+01   2.1210000e+02   0.0000000e+00   0.0000000e+00   1.0000000e+00
   8.2082672e+04   2.6000000e+01  -1.5600000e+01   2.1210000e+02   0.0000000e+00   0.0000000e+00   1.0000000e+00
   8.2282871e+04   2.6000000e+01  -1.4560000e+01   2.1210000e+02   0.0000000e+00   0.0000000e+00   1.0000000e+00
   8.2483070e+04   2.6000000e+01  -1.3520000e+01   2.1210000e+02   0.0000000e+00   0.0000000e+00   1.0000000e+00
   8.2683269e+04   2.6000000e+01  -1.2480000e+01   2.1210000e+02   0.0000000e+00   0.0000000e+00   1.0000000e+00
   8.2883468e+04   2.6000000e+01  -1.1440000e+01   2.1210000e+02   0.0000000e+00   0.0000000e+00   1.0000000e+00
   8.3083668e+04   2.6000000e+01  -1.0400000e+01   2.1210000e+02   0.0000000e+00   0.0000000e+00   1.0000000e+00
   8.3283867e+04   2.6000000e+01  -9.3600000e+00   2.1210000e+02   0.0000000e+00   0.0000000e+00   1.0000000e+00
   8.3484066e+04   2.6000000e+01  -8.3200000e+00   2.1210000e+02   0.0000000e+00   0.0000000e+00   1.0000000e+00
   8.3684265e+04   2.6000000e+01  -7.2800000e+00   2.1210000e+02   0.0000000e+00   0.0000000e+00   1.0000000e+00
   8.3884464e+04   2.6000000e+01  -6.2400000e+00   2.1210000e+02   0.0000000e+00   0.0000000e+00   1.0000000e+00
   8.4084664e+04   2.6000000e+01  -5.2000000e+00   2.1210000e+02   0.0000000e+00   0.0000000e+00   1.0000000e+00
   8.4284863e+04   2.6000000e+01  -4.1600000e+00   2.1210000e+02   0.0000000e+00   0.0000000e+00   1.0000000e+00
   8.4485062e+04   2.6000000e+01  -3.1200000e+00   2.1210000e+02   0.0000000e+00   0.0000000e+00   1.0000000e+00
   8.4685261e+04   2.6000000e+01  -2.0800000e+00   2.1210000e+02   0.0000000e+00   0.0000000e+00   1.0000000e+00
   8.4885460e+04   2.6000000e+01  -1.0400000e+00   2.1210000e+02   0.0000000e+00   0.0000000e+00   1.0000000e+00
   8.5085660e+04   2.6000000e+01   0.0000000e+00   2.1210000e+02   0.0000000e+00   0.0000000e+00   1.0000000e+00
   8.5285859e+04   2.6000000e+01   1.0400000e+00   2.1210000e+02   0.0000000e+00   0.0000000e+00   1.0000000e+00
   8.5486058e+04   2.6000000e+01   2.0800000e+00   2.1210000e+02   0.0000000e+00   0.0000000e+00   1.0000000e+00
   8.5686257e+04   2.6000000e+01   3.1200000e+00   2.1210000e+02   0.0000000e+00   0.0000000e+00   1.0000000e+00
   8.5886456e+04   2.6000000e+01   4.1600000e+00   2.1210000e+02   0.0000000e+00   0.0000000e+00   1.0000000e+00
   8.6086656e+04   2.6000000e+01   5.2000000e+00   2.1210000e+02   0.0000000e+00   0.0000000e+00   1.0000000e+00
   8.6286855e+04   2.6000000e+01   6.2400000e+00   2.1210000e+02   0.0000000e+00   0.0000000e+00   1.0000000e+00
   8.6487054e+04   2.6000000e+01   7.2800000e+00   2.1210000e+02   0.0000000e+00   0.0000000e+00   1.0000000e+00
   8.6687253e+04   2.6000000e+01   8.3200000e+00   2.1210000e+02   0.0000000e+00   0.0000000e+00   1.0000000e+00
   8.6887452e+04   2.6000000e+01   9.3600000e+00   2.1210000e+02   0.0000000e+00   0.0000000e+00   1.0000000e+00
   8.7087652e+04   2.6000000e+01   1.0400000e+01   2.1210000e+02   0.0000000e+00   0.0000000e+00   1.0000000e+00
   8.7287851e+04   2.6000000e+01   1.1440000e+01   2.1210000e+02   0.0000000e+00   0.0000000e+00   1.0000000e+00
   8.7488050e+04   2.6000000e+01   1.2480000e+01   2.1210000e+02   0.0000000e+00   0.0000000e+00   1.0000000e+00
   8.7688249e+04   2.6000000e+01   1.3520000e+01   2.1210000e+02   0.0000000e+00   0.0000000e+00   1.0000000e+00
   8.7888448e+04   2.6000000e+01   1.4560000e+01   2.1210000e+02   0.0000000e+00   0.0000000e+00   1.0000000e+00
   8.8088648e+04   2.6000000e+01   1.5600000e+01   2.1210000e+02   0.0000000e+00   0.0000000e+00   1.0000000e+00
   8.8288847e+04   2.6000000e+01   1.6640000e+01   2.1210000e+02   0.0000000e+00   0.0000000e+00   1.0000000e+00
   8.8489046e+04   2.6000000e+01   1.7680000e+01   2.1210000e+02   0.0000000e+00   0.0000000e+00   1.0000000e+00
   8.8689245e+04   2.6000000e+01   1.8720000e+01   2.1210000e+02   0.0000000e+00   0.0000000e+00   1.0000000e+00
   8.8889444e+04   2.6000000e+01   1.9760000e+01   2.1210000e+02   0.0000000e+00   0.0000000e+00   1.0000000e+00
   8.9089644e+04   2.6000000e+01   2.0800000e+01   2.1210000e+02   0.0000000e+00   0.0000000e+00   1.0000000e+00
   8.9289843e+04   2.6000000e+01   2.1840000e+01   2.1210000e+02   0.0000000e+00   0.0000000e+00   1.0000000e+00
   8.9490042e+04   2.6000000e+01   2.2880000e+01   2.1210000e+02   0.0000000e+00   0.0000000e+00   1.0000000e+00
   8.9690241e+04   2.6000000e+01   2.3920000e+01   2.1210000e+02   0.0000000e+00   0.0000000e+00   1.0000000e+00
   8.9890440e+04   2.6000000e+01   2.4960000e+01   2.1210000e+02   0.0000000e+00   0.0000000e+00   1.0000000e+00
   9.0090640e+04   2.6000000e+01   2.6000000e+01   2.1210000e+02   0.0000000e+00   0.0000000e+00   1.0000000e+00
   9.0290839e+04   2.4960000e+01   2.6000000e+01   2.1210000e+02   0.0000000e+00   0.0000000e+00   1.0000000e+00
   9.0491038e+04   2.3920000e+01   2.6000000e+01   2.1210000e+02   0.0000000e+00   0.0000000e+00   1.0000000e+00
   9.0691237e+04   2.2880000e+01   2.6000000e+01   2.1210000e+02   0.0000000e+00   0.0000000e+00   1.0000000e+00
   9.0891436e+04   2.1840000e+01   2.6000000e+01   2.1210000e+02   0.0000000e+00   0.0000000e+00   1.0000000e+00
   9.1091636e+04   2.0800000e+01   2.6000000e+01   2.1210000e+02   0.0000000e+00   0.0000000e+00   1.0000000e+00
   9.1291835e+04   1.9760000e+01   2.6000000e+01   2.1210000e+02   0.0000000e+00   0.0000000e+00   1.0000000e+00
   9.1492034e+04   1.8720000e+01   2.6000000e+01   2.1210000e+02   0.0000000e+00   0.0000000e+00   1.0000000e+00
   9.1692233e+04   1.7680000e+01   2.6000000e+01   2.1210000e+02   0.0000000e+00   0.0000000e+00   1.0000000e+00
   9.1892432e+04   1.6640000e+01   2.6000000e+01   2.1210000e+02   0.0000000e+00   0.0000000e+00   1.0000000e+00
   9.2092632e+04   1.5600000e+01   2.6000000e+01   2.1210000e+02   0.0000000e+00   0.0000000e+00   1.0000000e+00
   9.2292831e+04   1.4560000e+01   2.6000000e+01   2.1210000e+02   0.0000000e+00   0.0000000e+00   1.0000000e+00
   9.2493030e+04   1.3520000e+01   2.6000000e+01   2.1210000e+02   0.0000000e+00   0.0000000e+00   1.0000000e+00
   9.2693229e+04   1.2480000e+01   2.6000000e+01   2.1210000e+02   0.0000000e+00   0.0000000e+00   1.0000000e+00
   9.2893428e+04   1.1440000e+01   2.6000000e+01   2.1210000e+02   0.0000000e+00   0.0000000e+00   1.0000000e+00
   9.3093628e+04   1.0400000e+01   2.6000000e+01   2.1210000e+02   0.0000000e+00   0.0000000e+00   1.0000000e+00
   9.3293827e+04   9.3600000e+00   2.6000000e+01   2.1210000e+02   0.0000000e+00   0.0000000e+00   1.0000000e+00
   9.3494026e+04   8.3200000e+00   2.6000000e+01   2.1210000e+02   0.0000000e+00   0.0000000e+00   1.0000000e+00
   9.3694225e+04   7.2800000e+00   2.6000000e+01   2.1210000e+02   0.0000000e+00   0.0000000e+00   1.0000000e+00
   9.3894424e+04   6.2400000e+00   2.6000000e+01   2.1210000e+02   0.0000000e+00   0.0000000e+00   1.0000000e+00
   9.4094624e+04   5.2000000e+00   2.6000000e+01   2.1210000e+02   0.0000000e+00   0.0000000e+00   1.0000000e+00
   9.4294823e+04   4.1600000e+00   2.6000000e+01   2.1210000e+02   0.0000000e+00   0.0000000e+00   1.0000000e+00
   9.4495022e+04   3.1200000e+00   2.6000000e+01   2.1210000e+02   0.0000000e+00   0.0000000e+00   1.0000000e+00
   9.4695221e+04   2.0800000e+00   2.6000000e+01   2.1210000e+02   0.0000000e+00   0.0000000e+00   1.0000000e+00
   9.4895420e+04   1.0400000e+00   2.6000000e+01   2.1210000e+02   0.0000000e+00   0.0000000e+00   1.0000000e+00
   9.5095620e+04   0.0000000e+00   2.6000000e+01   2.1210000e+02   0.0000000e+00   0.0000000e+00   1.0000000e+00
   9.5295819e+04  -1.0400000e+00   2.6000000e+01   2.1210000e+02   0.0000000e+00   0.0000000e+00   1.0000000e+00
   9.5496018e+04  -2.0800000e+00   2.6000000e+01   2.1210000e+02   0.0000000e+00   0.0000000e+00   1.0000000e+00
   9.5696217e+04  -3.1200000e+00   2.6000000e+01   2.1210000e+02   0.0000000e+00   0.0000000e+00   1.0000000e+00
   9.5896416e+04  -4.1600000e+00   2.6000000e+01   2.1210000e+02   0.0000000e+00   0.0000000e+00   1.0000000e+00
   9.6096616e+04  -5.2000000e+00   2.6000000e+01   2.1210000e+02   0.0000000e+00   0.0000000e+00   1.0000000e+00
   9.6296815e+04  -6.2400000e+00   2.6000000e+01   2.1210000e+02   0.0000000e+00   0.0000000e+00   1.0000000e+00
   9.6497014e+04  -7.2800000e+00   2.6000000e+01   2.1210000e+02   0.0000000e+00   0.0000000e+00   1.0000000e+00
   9.6697213e+04  -8.3200000e+00   2.6000000e+01   2.1210000e+02   0.0000000e+00   0.0000000e+00   1.0000000e+00
   9.6897412e+04  -9.3600000e+00   2.6000000e+01   2.1210000e+02   0.0000000e+00   0.0000000e+00   1.0000000e+00
   9.7097612e+04  -1.0400000e+01   2.6000000e+01   2.1210000e+02   0.0000000e+00   0.0000000e+00   1.0000000e+00
   9.7297811e+04  -1.1440000e+01   2.6000000e+01   2.1210000e+02   0.0000000e+00   0.0000000e+00   1.0000000e+00
   9.7498010e+04  -1.2480000e+01   2.6000000e+01   2.1210000e+02   0.0000000e+00   0.0000000e+00   1.0000000e+00
   9.7698209e+04  -1.3520000e+01   2.6000000e+01   2.1210000e+02   0.0000000e+00   0.0000000e+00   1.0000000e+00
   9.7898408e+04  -1.4560000e+01   2.6000000e+01   2.1210000e+02   0.0000000e+00   0.0000000e+00   1.0000000e+00
   9.8098608e+04  -1.5600000e+01   2.6000000e+01   2.1210000e+02   0.0000000e+00   0.0000000e+00   1.0000000e+00
   9.8298807e+04  -1.6640000e+01   2.6000000e+01   2.1210000e+02   0.0000000e+00   0.0000000e+00   1.0000000e+00
   9.8499006e+04  -1.7680000e+01   2.6000000e+01   2.1210000e+02   0.0000000e+00   0.0000000e+00   1.0000000e+00
   9.8699205e+04  -1.8720000e+01   2.6000000e+01   2.1210000e+02   0.0000000e+00   0.0000000e+00   1.0000000e+00
   9.8899404e+04  -1.9760000e+01   2.6000000e+01   2.1210000e+02   0.0000000e+00   0.0000000e+00   1.0000000e+00
   9.9099604e+04  -2.0800000e+01   2.6000000e+01   2.1210000e+02   0.0000000e+00   0.0000000e+00   1.0000000e+00
   9.9299803e+04  -2.1840000e+01   2.6000000e+01   2.1210000e+02   0.0000000e+00   0.0000000e+00   1.0000000e+00
   9.9500002e+04  -2.2880000e+01   2.6000000e+01   2.1210000e+02   0.0000000e+00   0.0000000e+00   1.0000000e+00
   9.9700201e+04  -2.3920000e+01   2.6000000e+01   2.1210000e+02   0.0000000e+00   0.0000000e+00   1.0000000e+00
   9.9900400e+04  -2.4960000e+01   2.6000000e+01   2.1210000e+02   0.0000000e+00   0.0000000e+00   1.0000000e+00
   1.0010060e+05  -2.6000000e+01   2.6000000e+01   2.1210000e+02   0.0000000e+00   0.0000000e+00   1.0000000e+00
   1.0030080e+05  -2.6000000e+01   2.4960000e+01   2.1210000e+02   0.0000000e+00   0.0000000e+00   1.0000000e+00
   1.0050100e+05  -2.6000000e+01   2.3920000e+01   2.1210000e+02   0.0000000e+00   0.0000000e+00   1.0000000e+00
   1.0070120e+05  -2.6000000e+01   2.2880000e+01   2.1210000e+02   0.0000000e+00   0.0000000e+00   1.0000000e+00
   1.0090140e+05  -2.6000000e+01   2.1840000e+01   2.1210000e+02   0.0000000e+00   0.0000000e+00   1.0000000e+00
   1.0110160e+05  -2.6000000e+01   2.0800000e+01   2.1210000e+02   0.0000000e+00   0.0000000e+00   1.0000000e+00
   1.0130179e+05  -2.6000000e+01   1.9760000e+01   2.1210000e+02   0.0000000e+00   0.0000000e+00   1.0000000e+00
   1.0150199e+05  -2.6000000e+01   1.8720000e+01   2.1210000e+02   0.0000000e+00   0.0000000e+00   1.0000000e+00
   1.0170219e+05  -2.6000000e+01   1.7680000e+01   2.1210000e+02   0.0000000e+00   0.0000000e+00   1.0000000e+00
   1.0190239e+05  -2.6000000e+01   1.6640000e+01   2.1210000e+02   0.0000000e+00   0.0000000e+00   1.0000000e+00
   1.0210259e+05  -2.6000000e+01   1.5600000e+01   2.1210000e+02   0.0000000e+00   0.0000000e+00   1.0000000e+00
   1.0230279e+05  -2.6000000e+01   1.4560000e+01   2.1210000e+02   0.0000000e+00   0.0000000e+00   1.0000000e+00
   1.0250299e+05  -2.6000000e+01   1.3520000e+01   2.1210000e+02   0.0000000e+00   0.0000000e+00   1.0000000e+00
   1.0270319e+05  -2.6000000e+01   1.2480000e+01   2.1210000e+02   0.0000000e+00   0.0000000e+00   1.0000000e+00
   1.0290339e+05  -2.6000000e+01   1.1440000e+01   2.1210000e+02   0.0000000e+00   0.0000000e+00   1.0000000e+00
   1.0310359e+05  -2.6000000e+01   1.0400000e+01   2.1210000e+02   0.0000000e+00   0.0000000e+00   1.0000000e+00
   1.0330379e+05  -2.6000000e+01   9.3600000e+00   2.1210000e+02   0.0000000e+00   0.0000000e+00   1.0000000e+00
   1.0350399e+05  -2.6000000e+01   8.3200000e+00   2.1210000e+02   0.0000000e+00   0.0000000e+00   1.0000000e+00
   1.0370419e+05  -2.6000000e+01   7.2800000e+00   2.1210000e+02   0.0000000e+00   0.0000000e+00   1.0000000e+00
   1.0390438e+05  -2.6000000e+01   6.2400000e+00   2.1210000e+02   0.0000000e+00   0.0000000e+00   1.0000000e+00
   1.0410458e+05  -2.6000000e+01   5.2000000e+00   2.1210000e+02   0.0000000e+00   0.0000000e+00   1.0000000e+00
   1.0430478e+05  -2.6000000e+01   4.1600000e+00   2.1210000e+02   0.0000000e+00   0.0000000e+00   1.0000000e+00
   1.0450498e+05  -2.6000000e+01   3.1200000e+00   2.1210000e+02   0.0000000e+00   0.0000000e+00   1.0000000e+00
   1.0470518e+05  -2.6000000e+01   2.0800000e+00   2.1210000e+02   0.0000000e+00   0.0000000e+00   1.0000000e+00
   1.0490538e+05  -2.6000000e+01   1.0400000e+00   2.1210000e+02   0.0000000e+00   0.0000000e+00   1.0000000e+00
   1.0510558e+05  -2.6000000e+01   0.0000000e+00   2.1210000e+02   0.0000000e+00   0.0000000e+00   1.0000000e+00
   1.0530578e+05  -2.6000000e+01  -1.0400000e+00   2.1210000e+02   0.0000000e+00   0.0000000e+00   1.0000000e+00
   1.0550598e+05  -2.6000000e+01  -2.0800000e+00   2.1210000e+02   0.0000000e+00   0.0000000e+00   1.0000000e+00
   1.0570618e+05  -2.6000000e+01  -3.1200000e+00   2.1210000e+02   0.0000000e+00   0.0000000e+00   1.0000000e+00
   1.0590638e+05  -2.6000000e+01  -4.1600000e+00   2.1210000e+02   0.0000000e+00   0.0000000e+00   1.0000000e+00
   1.0610658e+05  -2.6000000e+01  -5.2000000e+00   2.1210000e+02   0.0000000e+00   0.0000000e+00   1.0000000e+00
   1.0630677e+05  -2.6000000e+01  -6.2400000e+00   2.1210000e+02   0.0000000e+00   0.0000000e+00   1.0000000e+00
   1.0650697e+05  -2.6000000e+01  -7.2800000e+00   2.1210000e+02   0.0000000e+00   0.0000000e+00   1.0000000e+00
   1.0670717e+05  -2.6000000e+01  -8.3200000e+00   2.1210000e+02   0.0000000e+00   0.0000000e+00   1.0000000e+00
   1.0690737e+05  -2.6000000e+01  -9.3600000e+00   2.1210000e+02   0.0000000e+00   0.0000000e+00   1.0000000e+00
   1.0710757e+05  -2.6000000e+01  -1.0400000e+01   2.1210000e+02   0.0000000e+00   0.0000000e+00   1.0000000e+00
   1.0730777e+05  -2.6000000e+01  -1.1440000e+01   2.1210000e+02   0.0000000e+00   0.0000000e+00   1.0000000e+00
   1.0750797e+05  -2.6000000e+01  -1.2480000e+01   2.1210000e+02   0.0000000e+00   0.0000000e+00   1.0000000e+00
   1.0770817e+05  -2.6000000e+01  -1.3520000e+01   2.1210000e+02   0.0000000e+00   0.0000000e+00   1.0000000e+00
   1.0790837e+05  -2.6000000e+01  -1.4560000e+01   2.1210000e+02   0.0000000e+00   0.0000000e+00   1.0000000e+00
   1.0810857e+05  -2.6000000e+01  -1.5600000e+01   2.1210000e+02   0.0000000e+00   0.0000000e+00   1.0000000e+00
   1.0830877e+05  -2.6000000e+01  -1.6640000e+01   2.1210000e+02   0.0000000e+00   0.0000000e+00   1.0000000e+00
   1.0850897e+05  -2.6000000e+01  -1.7680000e+01   2.1210000e+02   0.0000000e+00   0.0000000e+00   1.0000000e+00
   1.0870917e+05  -2.6000000e+01  -1.8720000e+01   2.1210000e+02   0.0000000e+00   0.0000000e+00   1.0000000e+00
   1.0890936e+05  -2.6000000e+01  -1.9760000e+01   2.1210000e+02   0.0000000e+00   0.0000000e+00   1.0000000e+00
   1.0910956e+05  -2.6000000e+01  -2.0800000e+01   2.1210000e+02   0.0000000e+00   0.0000000e+00   1.0000000e+00
   1.0930976e+05  -2.6000000e+01  -2.1840000e+01   2.1210000e+02   0.0000000e+00   0.0000000e+00   1.0000000e+00
   1.0950996e+05  -2.6000000e+01  -2.2880000e+01   2.1210000e+02   0.0000000e+00   0.0000000e+00   1.0000000e+00
   1.0971016e+05  -2.6000000e+01  -2.3920000e+01   2.1210000e+02   0.0000000e+00   0.0000000e+00   1.0000000e+00
   1.0991036e+05  -2.6000000e+01  -2.4960000e+01   2.1210000e+02   0.0000000e+00   0.0000000e+00   1.0000000e+00
   1.1011056e+05  -2.6000000e+01  -2.6000000e+01   2.1210000e+02   0.0000000e+00   0.0000000e+00   1.0000000e+00
   1.1031076e+05  -2.4960000e+01  -2.6000000e+01   2.1210000e+02   0.0000000e+00   0.0000000e+00   1.0000000e+00
   1.1051096e+05  -2.3920000e+01  -2.6000000e+01   2.1210000e+02   0.0000000e+00   0.0000000e+00   1.0000000e+00
   1.1071116e+05  -2.2880000e+01  -2.6000000e+01   2.1210000e+02   0.0000000e+00   0.0000000e+00   1.0000000e+00
   1.1091136e+05  -2.1840000e+01  -2.6000000e+01   2.1210000e+02   0.0000000e+00   0.0000000e+00   1.0000000e+00
   1.1111156e+05  -2.0800000e+01  -2.6000000e+01   2.1210000e+02   0.0000000e+00   0.0000000e+00   1.0000000e+00
   1.1131175e+05  -1.9760000e+01  -2.6000000e+01   2.1210000e+02   0.0000000e+00   0.0000000e+00   1.0000000e+00
   1.1151195e+05  -1.8720000e+01  -2.6000000e+01   2.1210000e+02   0.0000000e+00   0.0000000e+00   1.0000000e+00
   1.1171215e+05  -1.7680000e+01  -2.6000000e+01   2.1210000e+02   0.0000000e+00   0.0000000e+00   1.0000000e+00
   1.1191235e+05  -1.6640000e+01  -2.6000000e+01   2.1210000e+02   0.0000000e+00   0.0000000e+00   1.0000000e+00
   1.1211255e+05  -1.5600000e+01  -2.6000000e+01   2.1210000e+02   0.0000000e+00   0.0000000e+00   1.0000000e+00
   1.1231275e+05  -1.4560000e+01  -2.6000000e+01   2.1210000e+02   0.0000000e+00   0.0000000e+00   1.0000000e+00
   1.1251295e+05  -1.3520000e+01  -2.6000000e+01   2.1210000e+02   0.0000000e+00   0.0000000e+00   1.0000000e+00
   1.1271315e+05  -1.2480000e+01  -2.6000000e+01   2.1210000e+02   0.0000000e+00   0.0000000e+00   1.0000000e+00
   1.1291335e+05  -1.1440000e+01  -2.6000000e+01   2.1210000e+02   0.0000000e+00   0.0000000e+00   1.0000000e+00
   1.1311355e+05  -1.0400000e+01  -2.6000000e+01   2.1210000e+02   0.0000000e+00   0.0000000e+00   1.0000000e+00
   1.1331375e+05  -9.3600000e+00  -2.6000000e+01   2.1210000e+02   0.0000000e+00   0.0000000e+00   1.0000000e+00
   1.1351395e+05  -8.3200000e+00  -2.6000000e+01   2.1210000e+02   0.0000000e+00   0.0000000e+00   1.0000000e+00
   1.1371415e+05  -7.2800000e+00  -2.6000000e+01   2.1210000e+02   0.0000000e+00   0.0000000e+00   1.0000000e+00
   1.1391434e+05  -6.2400000e+00  -2.6000000e+01   2.1210000e+02   0.0000000e+00   0.0000000e+00   1.0000000e+00
   1.1411454e+05  -5.2000000e+00  -2.6000000e+01   2.1210000e+02   0.0000000e+00   0.0000000e+00   1.0000000e+00
   1.1431474e+05  -4.1600000e+00  -2.6000000e+01   2.1210000e+02   0.0000000e+00   0.0000000e+00   1.0000000e+00
   1.1451494e+05  -3.1200000e+00  -2.6000000e+01   2.1210000e+02   0.0000000e+00   0.0000000e+00   1.0000000e+00
   1.1471514e+05  -2.0800000e+00  -2.6000000e+01   2.1210000e+02   0.0000000e+00   0.0000000e+00   1.0000000e+00
   1.1491534e+05  -1.0400000e+00  -2.6000000e+01   2.1210000e+02   0.0000000e+00   0.0000000e+00   1.0000000e+00
   1.1511554e+05   0.0000000e+00  -2.6000000e+01   2.1210000e+02   0.0000000e+00   0.0000000e+00   1.0000000e+00
   1.1531574e+05   1.0400000e+00  -2.6000000e+01   2.1210000e+02   0.0000000e+00   0.0000000e+00   1.0000000e+00
   1.1551594e+05   2.0800000e+00  -2.6000000e+01   2.1210000e+02   0.0000000e+00   0.0000000e+00   1.0000000e+00
   1.1571614e+05   3.1200000e+00  -2.6000000e+01   2.1210000e+02   0.0000000e+00   0.0000000e+00   1.0000000e+00
   1.1591634e+05   4.1600000e+00  -2.6000000e+01   2.1210000e+02   0.0000000e+00   0.0000000e+00   1.0000000e+00
   1.1611654e+05   5.2000000e+00  -2.6000000e+01   2.1210000e+02   0.0000000e+00   0.0000000e+00   1.0000000e+00
   1.1631673e+05   6.2400000e+00  -2.6000000e+01   2.1210000e+02   0.0000000e+00   0.0000000e+00   1.0000000e+00
   1.1651693e+05   7.2800000e+00  -2.6000000e+01   2.1210000e+02   0.0000000e+00   0.0000000e+00   1.0000000e+00
   1.1671713e+05   8.3200000e+00  -2.6000000e+01   2.1210000e+02   0.0000000e+00   0.0000000e+00   1.0000000e+00
   1.1691733e+05   9.3600000e+00  -2.6000000e+01   2.1210000e+02   0.0000000e+00   0.0000000e+00   1.0000000e+00
   1.1711753e+05   1.0400000e+01  -2.6000000e+01   2.1210000e+02   0.0000000e+00   0.0000000e+00   1.0000000e+00
   1.1731773e+05   1.1440000e+01  -2.6000000e+01   2.1210000e+02   0.0000000e+00   0.0000000e+00   1.0000000e+00
   1.1751793e+05   1.2480000e+01  -2.6000000e+01   2.1210000e+02   0.0000000e+00   0.0000000e+00   1.0000000e+00
   1.1771813e+05   1.3520000e+01  -2.6000000e+01   2.1210000e+02   0.0000000e+00   0.0000000e+00   1.0000000e+00
   1.1791833e+05   1.4560000e+01  -2.6000000e+01   2.1210000e+02   0.0000000e+00   0.0000000e+00   1.0000000e+00
   1.1811853e+05   1.5600000e+01  -2.6000000e+01   2.1210000e+02   0.0000000e+00   0.0000000e+00   1.0000000e+00
   1.1831873e+05   1.6640000e+01  -2.6000000e+01   2.1210000e+02   0.0000000e+00   0.0000000e+00   1.0000000e+00
   1.1851893e+05   1.7680000e+01  -2.6000000e+01   2.1210000e+02   0.0000000e+00   0.0000000e+00   1.0000000e+00
   1.1871913e+05   1.8720000e+01  -2.6000000e+01   2.1210000e+02   0.0000000e+00   0.0000000e+00   1.0000000e+00
   1.1891932e+05   1.9760000e+01  -2.6000000e+01   2.1210000e+02   0.0000000e+00   0.0000000e+00   1.0000000e+00
   1.1911952e+05   2.0800000e+01  -2.6000000e+01   2.1210000e+02   0.0000000e+00   0.0000000e+00   1.0000000e+00
   1.1931972e+05   2.1840000e+01  -2.6000000e+01   2.1210000e+02   0.0000000e+00   0.0000000e+00   1.0000000e+00
   1.1951992e+05   2.2880000e+01  -2.6000000e+01   2.1210000e+02   0.0000000e+00   0.0000000e+00   1.0000000e+00
   1.1972012e+05   2.3920000e+01  -2.6000000e+01   2.1210000e+02   0.0000000e+00   0.0000000e+00   1.0000000e+00
   1.1992032e+05   2.4960000e+01  -2.6000000e+01   2.1210000e+02   0.0000000e+00   0.0000000e+00   1.0000000e+00
