117.57 60.00
117.57 62.00
117.57 64.00
117.57 66.00
117.57 68.00
117.57 70.00
117.57 72.00
117.57 74.00
117.57 76.00
117.57 78.00
117.57 80.00
117.57 82.00
117.57 84.00
117.57 86.00
117.57 88.00
117.57 90.00
117.57 92.00
117.57 94.00
117.57 96.00
117.57 98.00
117.57 100.00
117.57 102.00
117.57 104.00
117.57 106.00
117.57 108.00
117.57 110.00
117.57 112.00
117.57 114.00
117.57 116.00
117.57 118.00
117.57 120.00
117.57 122.00
117.57 124.00
117.57 126.00
117.57 128.00
117.57 130.00
117.57 132.00
117.57 134.00
117.57 136.00
117.57 138.00
117.57 140.00
117.57 142.00
117.57 144.00
117.57 146.00
117.57 148.00
117.57 150.00
117.57 152.00
117.57 154.00
117.57 156.00
117.57 158.00
117.57 160.00
117.57 162.00
117.57 164.00
117.57 166.00
117.57 168.00
117.57 170.00
117.57 172.00
117.57 174.00
117.57 176.00
117.57 178.00
117.57 180.00
117.57 182.00
117.57 184.00
117.57 186.00
117.57 188.00
117.57 190.00
117.57 192.00
117.57 194.00
117.57 196.00
117.57 198.00
117.57 200.00
117.57 202.00
117.57 204.00
117.57 206.00
117.57 208.00
117.57 210.00
117.57 212.00
117.57 214.00
117.57 216.00
117.57 218.00
117.57 220.00
117.57 222.00
117.57 224.00
117.57 226.00
117.57 228.00
117.57 230.00
117.57 232.00
117.57 234.00
117.57 236.00
117.57 238.00
117.57 240.00
117.57 242.00
117.57 244.00
117.57 246.00
117.57 248.00
117.57 250.00
117.57 252.00
117.57 254.00
117.57 256.00
117.57 258.00
117.01 260.00
115.84 262.00
114.39 264.00
112.70 266.00
110.82 268.00
108.99 270.00
107.15 272.00
105.30 274.00
103.36 276.00
101.33 278.00
99.34 280.00
97.22 282.00
94.98 284.00
92.73 286.00
90.37 288.00
87.77 290.00
85.07 292.00
82.26 294.00
79.34 296.00
76.32 298.00
72.97 300.00
69.70 302.00
65.93 304.00
62.00 306.00
57.61 308.00
52.62 310.00
47.15 312.00
41.25 314.00
34.10 316.00
25.22 318.00
